0.000000000000000000e+00 -1.228799926799999957e+04 1.266093380900000056e+03
1.000000000000000000e+00 -1.178799926799999957e+04 1.300215299279999954e+03
2.000000000000000000e+00 -1.128799926799999957e+04 1.358449609210000062e+03
3.000000000000000000e+00 -1.078799926799999957e+04 1.302035287389999894e+03
4.000000000000000000e+00 -1.028799926799999957e+04 1.462351082480000059e+03
5.000000000000000000e+00 -9.787999267600000167e+03 1.524455767720000040e+03
6.000000000000000000e+00 -9.287999267600000167e+03 1.559030566090000093e+03
7.000000000000000000e+00 -8.787999267600000167e+03 1.656824616860000106e+03
8.000000000000000000e+00 -8.287999267600000167e+03 1.768953896329999907e+03
9.000000000000000000e+00 -7.787999267600000167e+03 1.826660282130000041e+03
1.000000000000000000e+01 -7.287999267600000167e+03 1.934464519169999903e+03
1.100000000000000000e+01 -6.787999267600000167e+03 2.183493805290000182e+03
1.200000000000000000e+01 -6.287999267600000167e+03 2.254362825189999967e+03
1.300000000000000000e+01 -5.787999267600000167e+03 2.326678918489999887e+03
1.400000000000000000e+01 -5.287999267600000167e+03 2.458462184250000064e+03
1.500000000000000000e+01 -4.787999267600000167e+03 2.467173676819999855e+03
1.600000000000000000e+01 -4.287999267600000167e+03 2.499911617490000026e+03
1.700000000000000000e+01 -3.787999267600000167e+03 2.649514977069999986e+03
1.800000000000000000e+01 -3.287999267600000167e+03 2.690408437359999880e+03
1.900000000000000000e+01 -2.787999267600000167e+03 2.713678893329999937e+03
2.000000000000000000e+01 -2.287999267600000167e+03 2.755911474699999872e+03
2.100000000000000000e+01 -1.787999267599999939e+03 2.793670112220000192e+03
2.200000000000000000e+01 -1.287999267599999939e+03 2.816260539899999912e+03
2.300000000000000000e+01 -7.879992675800000370e+02 2.972959782939999968e+03
2.400000000000000000e+01 -2.879992675799999802e+02 2.867408559569999852e+03
2.500000000000000000e+01 2.120007324199999914e+02 2.964127458939999997e+03
2.600000000000000000e+01 7.120007324199999630e+02 2.949729130459999851e+03
2.700000000000000000e+01 1.212000732400000061e+03 2.917996580810000069e+03
2.800000000000000000e+01 1.712000732400000061e+03 2.853083934130000216e+03
2.900000000000000000e+01 2.212000732399999833e+03 2.868659405200000037e+03
3.000000000000000000e+01 2.712000732399999833e+03 2.887333381070000087e+03
3.100000000000000000e+01 3.212000732399999833e+03 2.909726635569999871e+03
3.200000000000000000e+01 3.712000732399999833e+03 3.088272157500000048e+03
3.300000000000000000e+01 4.212000732399999833e+03 3.110447590620000028e+03
3.400000000000000000e+01 4.712000732399999833e+03 3.153611862220000148e+03
3.500000000000000000e+01 5.212000732399999833e+03 3.130551687459999812e+03
3.600000000000000000e+01 5.712000732399999833e+03 3.169755380600000080e+03
3.700000000000000000e+01 6.212000732399999833e+03 3.157894872180000220e+03
3.800000000000000000e+01 6.712000732399999833e+03 3.184446686660000069e+03
3.900000000000000000e+01 7.212000732399999833e+03 3.149290656940000190e+03
4.000000000000000000e+01 7.712000732399999833e+03 3.087978688069999862e+03
4.100000000000000000e+01 8.212000732399999833e+03 3.004437350350000088e+03
4.200000000000000000e+01 8.712000732399999833e+03 2.900228086220000023e+03
4.300000000000000000e+01 9.212000732399999833e+03 2.864214009899999837e+03
4.400000000000000000e+01 9.712000732399999833e+03 2.307483794750000015e+03
4.500000000000000000e+01 1.021200073200000043e+04 2.139173044140000002e+03
4.600000000000000000e+01 1.071200073200000043e+04 2.656615644970000176e+03
4.700000000000000000e+01 1.121200073200000043e+04 3.735243297470000016e+03
4.800000000000000000e+01 1.171200073200000043e+04 4.013715445629999977e+03
4.900000000000000000e+01 1.221200073200000043e+04 4.124182665549999911e+03
5.000000000000000000e+01 1.271200073200000043e+04 4.112043267469999591e+03
5.100000000000000000e+01 1.321200073200000043e+04 3.979521539440000197e+03
5.200000000000000000e+01 1.371200073200000043e+04 3.174496113719999812e+03
5.300000000000000000e+01 1.421200073200000043e+04 2.346239659270000175e+03
5.400000000000000000e+01 1.471200073200000043e+04 2.564254186799999843e+03
5.500000000000000000e+01 1.521200073200000043e+04 3.261058302399999775e+03
5.600000000000000000e+01 1.571200073200000043e+04 3.370561565750000227e+03
5.700000000000000000e+01 1.621200073200000043e+04 3.548734472919999916e+03
5.800000000000000000e+01 1.671200073200000043e+04 3.737636335170000166e+03
5.900000000000000000e+01 1.721200073200000043e+04 3.921146480439999777e+03
6.000000000000000000e+01 1.771200073200000043e+04 4.043622200809999867e+03
6.100000000000000000e+01 1.821200073200000043e+04 4.089367399339999793e+03
6.200000000000000000e+01 1.871200073200000043e+04 4.250080304359999900e+03
6.300000000000000000e+01 1.921200073200000043e+04 4.288401421540000229e+03
6.400000000000000000e+01 1.971200073200000043e+04 4.358828499459999875e+03
6.500000000000000000e+01 2.021200073200000043e+04 4.441688495809999949e+03
6.600000000000000000e+01 2.071200073200000043e+04 4.506434180459999880e+03
6.700000000000000000e+01 2.121200073200000043e+04 4.397522198890000254e+03
6.800000000000000000e+01 2.171200073200000043e+04 4.407644488079999974e+03
6.900000000000000000e+01 2.221200073200000043e+04 4.469478829519999636e+03
7.000000000000000000e+01 2.271200073200000043e+04 4.549943286910000097e+03
7.100000000000000000e+01 2.321200073200000043e+04 4.739505326620000233e+03
7.200000000000000000e+01 2.371200073200000043e+04 4.913037042920000204e+03
7.300000000000000000e+01 2.421200073200000043e+04 5.064488115309999557e+03
7.400000000000000000e+01 2.471200073200000043e+04 5.043545932650000395e+03
7.500000000000000000e+01 2.521200073200000043e+04 5.291523030330000438e+03
7.600000000000000000e+01 2.571200073200000043e+04 5.215137731179999719e+03
7.700000000000000000e+01 2.621200073200000043e+04 5.248907384940000156e+03
7.800000000000000000e+01 2.671200073200000043e+04 5.296515134940000280e+03
7.900000000000000000e+01 2.721200073200000043e+04 5.347439284160000170e+03
8.000000000000000000e+01 2.771200073200000043e+04 5.418635399540000435e+03
8.100000000000000000e+01 2.821200073200000043e+04 5.464218848909999906e+03
8.200000000000000000e+01 2.871200073200000043e+04 5.372405671980000079e+03
8.300000000000000000e+01 2.921200073200000043e+04 5.342764030289999937e+03
8.400000000000000000e+01 2.971200073200000043e+04 5.465469290279999768e+03
8.500000000000000000e+01 3.021200073200000043e+04 5.252979638789999626e+03
8.600000000000000000e+01 3.071200073200000043e+04 5.160151426510000420e+03
8.700000000000000000e+01 3.121200073200000043e+04 5.175639026759999979e+03
8.800000000000000000e+01 3.171200073200000043e+04 4.768621264929999597e+03
8.900000000000000000e+01 3.221200073200000043e+04 4.642266601319999609e+03
9.000000000000000000e+01 3.271200073200000043e+04 4.563722982010000123e+03
9.100000000000000000e+01 3.321200073200000043e+04 4.390245456089999607e+03
9.200000000000000000e+01 3.371200073200000043e+04 4.263909094910000022e+03
9.300000000000000000e+01 3.421200073200000043e+04 4.293389110000000073e+03
9.400000000000000000e+01 3.471200073200000043e+04 4.176042934160000186e+03
9.500000000000000000e+01 3.521200073200000043e+04 3.846357543789999909e+03
9.600000000000000000e+01 3.571200073200000043e+04 4.195922676150000370e+03
9.700000000000000000e+01 3.621200073200000043e+04 4.104305416960000002e+03
