# Liste des scalaires : TEMPS pmat 
0.00000000000000e+00 1.00000000000000e+05 
1.58013544018059e-01 1.00000000000000e+05 
3.16027088036117e-01 1.00000000000000e+05 
4.74040632054176e-01 1.00000000000000e+05 
6.32054176072234e-01 1.00000000000000e+05 
7.90067720090293e-01 1.00000000000000e+05 
9.48081264108351e-01 1.00000000000000e+05 
1.10609480812641e+00 1.00000000000000e+05 
1.26410835214447e+00 1.00000000000000e+05 
1.42212189616253e+00 1.00000000000000e+05 
1.58013544018058e+00 1.00000000000000e+05 
1.73814898419864e+00 1.00000000000000e+05 
1.89616252821670e+00 1.00000000000000e+05 
2.05417607223476e+00 1.00000000000000e+05 
2.21218961625282e+00 1.00000000000000e+05 
2.37020316027088e+00 1.00000000000000e+05 
2.52821670428893e+00 1.00000000000000e+05 
2.68623024830699e+00 1.00000000000000e+05 
2.84424379232505e+00 1.00000000000000e+05 
3.00225733634311e+00 1.00000000000000e+05 
3.16027088036116e+00 1.00000000000000e+05 
3.31828442437922e+00 1.00000000000000e+05 
3.47629796839728e+00 1.00000000000000e+05 
3.63431151241534e+00 1.00000000000000e+05 
3.79232505643340e+00 1.00000000000000e+05 
3.95033860045145e+00 1.00000000000000e+05 
4.10835214446951e+00 1.00000000000000e+05 
4.26636568848757e+00 1.00000000000000e+05 
4.42437923250563e+00 1.00000000000000e+05 
4.58239277652368e+00 1.00000000000000e+05 
4.74040632054174e+00 1.00000000000000e+05 
4.89841986455980e+00 1.00000000000000e+05 
5.05643340857771e+00 1.00000000000000e+05 
5.21444695259555e+00 1.00000000000000e+05 
5.37246049661106e+00 1.00000000000000e+05 
5.53047404062163e+00 1.00000000000000e+05 
5.68848758460807e+00 1.00000000000000e+05 
5.84650112860433e+00 1.00000000000000e+05 
6.00451467131846e+00 1.00000000000000e+05 
6.16252820860419e+00 1.00000000000000e+05 
6.32054173855849e+00 1.00000000000000e+05 
6.47855526263600e+00 1.00000000000000e+05 
6.63656878322570e+00 1.00000000000000e+05 
6.79458230116958e+00 1.00000000000000e+05 
6.95259581572868e+00 1.00000000000000e+05 
7.11060926486710e+00 1.00000000000000e+05 
7.26862123211782e+00 1.00000000000000e+05 
7.42662869286748e+00 1.00000000000000e+05 
7.58462797993242e+00 1.00000000000000e+05 
7.74261562363004e+00 1.00000000000000e+05 
7.90058972087802e+00 1.00000000000000e+05 
8.05854876760864e+00 1.00000000000000e+05 
8.21649327583521e+00 1.00000000000000e+05 
8.37442375590179e+00 1.00000000000000e+05 
8.53234121474706e+00 1.00000000000000e+05 
8.69024692780629e+00 1.00000000000000e+05 
8.84814294511368e+00 1.00000000000000e+05 
9.00603027516490e+00 1.00000000000000e+05 
9.16391060602912e+00 1.00000000000000e+05 
9.32178516379403e+00 1.00000000000000e+05 
9.47965513838773e+00 1.00000000000000e+05 
9.63751817790166e+00 1.00000000000000e+05 
9.79537550224774e+00 1.00000000000000e+05 
9.95322697641788e+00 1.00000000000000e+05 
1.01110732028936e+01 1.00000000000000e+05 
1.02689146274544e+01 1.00000000000000e+05 
1.04267523201822e+01 1.00000000000000e+05 
1.05845878187241e+01 1.00000000000000e+05 
1.07424234235056e+01 1.00000000000000e+05 
1.09002605183067e+01 1.00000000000000e+05 
1.10581011989153e+01 1.00000000000000e+05 
1.12159469760981e+01 1.00000000000000e+05 
1.13737958277871e+01 1.00000000000000e+05 
1.15316485112955e+01 1.00000000000000e+05 
1.16895059234703e+01 1.00000000000000e+05 
1.18473678135275e+01 1.00000000000000e+05 
1.20052343190564e+01 1.00000000000001e+05 
1.21631037930394e+01 1.00000000000021e+05 
1.23209755736488e+01 1.00000000000431e+05 
1.24788506295067e+01 1.00000000007585e+05 
1.26367295773036e+01 1.00000000314928e+05 
1.27946116815903e+01 1.00000000790733e+05 
1.29524970895918e+01 1.00000001432550e+05 
1.31103853882209e+01 1.00000002494078e+05 
1.32682764852580e+01 1.00000004572366e+05 
1.34261706139616e+01 1.00000009497669e+05 
1.35840685957871e+01 1.00000017713409e+05 
1.37419698795382e+01 1.00000031744001e+05 
1.38998748238769e+01 1.00000050945598e+05 
1.40577825863761e+01 1.00000081762752e+05 
1.42156900780669e+01 1.00000131585964e+05 
1.43735971547495e+01 1.00000232138118e+05 
1.45315042337418e+01 1.00000381475928e+05 
1.46894115576050e+01 1.00000596682296e+05 
1.48473186395545e+01 1.00000849231323e+05 
1.50052256719272e+01 1.00001203164034e+05 
1.51631330578148e+01 1.00001703375435e+05 
1.53210408171837e+01 1.00002559909231e+05 
1.54789489338296e+01 1.00003670720213e+05 
1.56368576354914e+01 1.00005016401432e+05 
1.57947669611646e+01 1.00006349650296e+05 
1.59526770505537e+01 1.00007964242155e+05 
1.61105878565459e+01 1.00009943392956e+05 
1.62684993007154e+01 1.00012834960612e+05 
1.64264117696543e+01 1.00016064421140e+05 
1.65843252894251e+01 1.00019259138336e+05 
1.67422394503545e+01 1.00021766376693e+05 
1.69001543231263e+01 1.00024232779152e+05 
1.70580702178261e+01 1.00026726548390e+05 
1.72159869071440e+01 1.00029843702289e+05 
1.73739045484328e+01 1.00032775942266e+05 
1.75318230870977e+01 1.00034950092573e+05 
1.76897420386758e+01 1.00035837564200e+05 
1.78476617082648e+01 1.00036301977916e+05 
1.80055822852594e+01 1.00036355356423e+05 
1.81635032871374e+01 1.00036477538937e+05 
1.83214252006964e+01 1.00036353367783e+05 
1.84793480458620e+01 1.00035680176740e+05 
1.86372715456650e+01 1.00034189428867e+05 
1.87951957601081e+01 1.00032404891632e+05 
1.89531209484135e+01 1.00030172458765e+05 
1.91110441089809e+01 1.00027562287374e+05 
1.92689571504680e+01 1.00024839719933e+05 
1.94268607791625e+01 1.00021951342455e+05 
1.95847566159270e+01 1.00018875197354e+05 
1.97426455229279e+01 1.00015783390438e+05 
1.99005279081235e+01 1.00012436351434e+05 
2.00584049686281e+01 1.00008528628447e+05 
2.02162789927353e+01 1.00004763028831e+05 
2.03741510118332e+01 1.00001275365210e+05 
2.05320225312322e+01 9.99982602066478e+04 
2.06898943694514e+01 9.99954945679227e+04 
2.08477672335517e+01 9.99927854957511e+04 
2.10056381883608e+01 9.99895806333021e+04 
2.11635073392954e+01 9.99867250169984e+04 
2.13213744206154e+01 9.99844239699040e+04 
2.14792406064660e+01 9.99829035805123e+04 
2.16371055052497e+01 9.99818282151208e+04 
2.17949698598769e+01 9.99811352225844e+04 
2.19528346543289e+01 9.99803771718687e+04 
2.21107022379036e+01 9.99800945021498e+04 
2.22685735446671e+01 9.99802668662192e+04 
2.24264499128177e+01 9.99808609537680e+04 
2.25843313783613e+01 9.99817284079668e+04 
2.27422178371839e+01 9.99829028301224e+04 
2.29001082195325e+01 9.99840071428907e+04 
2.30580026165052e+01 9.99849423449754e+04 
2.32159006750456e+01 9.99855745743636e+04 
2.33738008250518e+01 9.99860488900912e+04 
2.35317021841015e+01 9.99862687800150e+04 
2.36896047805334e+01 9.99863585972357e+04 
2.38475089535193e+01 9.99859846866765e+04 
2.40054144059897e+01 9.99853296702879e+04 
2.41633212527943e+01 9.99846748379086e+04 
2.43212294708959e+01 9.99843694026403e+04 
2.44791391765311e+01 9.99840603916727e+04 
2.46370501927731e+01 9.99837148729255e+04 
2.47949629062368e+01 9.99829777466782e+04 
2.49528766385629e+01 9.99821661843035e+04 
2.51107912664912e+01 9.99816010114976e+04 
2.52687065421895e+01 9.99815693267111e+04 
2.54266227275827e+01 9.99816720554516e+04 
2.55845402635157e+01 9.99818810035243e+04 
2.57424589006128e+01 9.99818335474790e+04 
2.59003774090588e+01 9.99818234179891e+04 
2.60582956021659e+01 9.99820919706738e+04 
2.62162142568713e+01 9.99828547510440e+04 
2.63741334755089e+01 9.99836988829505e+04 
2.65320531896202e+01 9.99846824140634e+04 
2.66899728755107e+01 9.99855184572466e+04 
2.68478922917635e+01 9.99863383194508e+04 
2.70058116301977e+01 9.99872516298389e+04 
2.71637307927613e+01 9.99883603013169e+04 
2.73216502821697e+01 9.99895068209084e+04 
2.74795690311203e+01 9.99907420288819e+04 
2.76374879055499e+01 9.99920371143317e+04 
2.77954041756501e+01 9.99933519491927e+04 
2.79533191433170e+01 9.99946368760694e+04 
2.81112322788099e+01 9.99958472670595e+04 
2.82691420252821e+01 9.99970042251530e+04 
2.84270498359011e+01 9.99982364231511e+04 
2.85849551367456e+01 9.99997798949842e+04 
2.87428577035279e+01 1.00001345543929e+05 
2.89007576935424e+01 1.00002717020730e+05 
2.90586554385742e+01 1.00003688143718e+05 
2.92165508783833e+01 1.00004560781534e+05 
2.93744443359554e+01 1.00005477240858e+05 
2.95323353920958e+01 1.00006891481125e+05 
2.96902253081402e+01 1.00008350164384e+05 
2.98481142776169e+01 1.00009513668038e+05 
3.00059979647156e+01 1.00010054753489e+05 
3.01638770985754e+01 1.00010482718944e+05 
3.03217523516603e+01 1.00010877471100e+05 
3.04796254231717e+01 1.00011824642914e+05 
3.06374979890028e+01 1.00012734253619e+05 
3.07953682566008e+01 1.00013269208268e+05 
3.09532360866590e+01 1.00013115117020e+05 
3.11111009485845e+01 1.00012805217089e+05 
3.12689642148262e+01 1.00012369064796e+05 
3.14268269801884e+01 1.00012354049502e+05 
3.15846899752751e+01 1.00012253891154e+05 
3.17425539745552e+01 1.00011940688166e+05 
3.19004203627167e+01 1.00011149568488e+05 
3.20582896401381e+01 1.00010249845922e+05 
3.22161632234601e+01 1.00009203779126e+05 
3.23740425511432e+01 1.00008168904250e+05 
3.25319290751244e+01 1.00006962277227e+05 
3.26898202982419e+01 1.00005610066674e+05 
3.28477131228900e+01 1.00004173163862e+05 
3.30056072961437e+01 1.00002678634840e+05 
3.31635023672678e+01 1.00001019963462e+05 
3.33213991393358e+01 9.99990642074316e+04 
3.34792973573956e+01 9.99970318719212e+04 
3.36371967535133e+01 9.99951702501185e+04 
3.37950973023584e+01 9.99937304479247e+04 
3.39529995672097e+01 9.99923605453012e+04 
3.41109029852060e+01 9.99909556115301e+04 
3.42688076087386e+01 9.99891043643809e+04 
3.44267132713632e+01 9.99873334012492e+04 
3.45846196509400e+01 9.99859799319975e+04 
3.47425273496765e+01 9.99853408976491e+04 
3.49004361808860e+01 9.99848366902303e+04 
3.50583454950604e+01 9.99844566801538e+04 
3.52162538750963e+01 9.99836158275651e+04 
3.53741611804014e+01 9.99829107106805e+04 
3.55320682312856e+01 9.99825830659191e+04 
3.56899754216115e+01 9.99829142794214e+04 
3.58478829107651e+01 9.99834035833585e+04 
3.60057904151544e+01 9.99840588450544e+04 
3.61636981099972e+01 9.99844235066604e+04 
3.63216068904539e+01 9.99848298056064e+04 
3.64795154283054e+01 9.99853395666967e+04 
3.66374236436593e+01 9.99861343046232e+04 
3.67953327010769e+01 9.99869556721191e+04 
3.69532427717678e+01 9.99879261480447e+04 
3.71111532244148e+01 9.99887938827436e+04 
3.72690630548262e+01 9.99896651041229e+04 
3.74269718145581e+01 9.99905048554412e+04 
3.75848778454541e+01 9.99913730506997e+04 
3.77427791017932e+01 9.99922149964084e+04 
3.79006746564164e+01 9.99931973407414e+04 
3.80585658512143e+01 9.99943172553085e+04 
3.82164521350274e+01 9.99954216632251e+04 
3.83743339522929e+01 9.99964069724136e+04 
3.85322143263643e+01 9.99972055006115e+04 
3.86900941565614e+01 9.99979517767321e+04 
3.88479738779336e+01 9.99988363472993e+04 
3.90058528607593e+01 1.00000090175784e+05 
3.91637297505779e+01 1.00001325841711e+05 
3.93216059461941e+01 1.00002412524491e+05 
3.94794833120710e+01 1.00003142371824e+05 
3.96373600136444e+01 1.00003839092573e+05 
3.97952355988724e+01 1.00004636678652e+05 
3.99531105564116e+01 1.00006032517381e+05 
4.01109853768128e+01 1.00007416261165e+05 
4.02688608742397e+01 1.00008622166240e+05 
4.04267381798270e+01 1.00009332955578e+05 
4.05846137319020e+01 1.00009960832535e+05 
4.07424858509869e+01 1.00010620425254e+05 
4.09003545163728e+01 1.00011884730418e+05 
4.10582217788816e+01 1.00013104771499e+05 
4.12160877638797e+01 1.00014095169651e+05 
4.13739537347660e+01 1.00014525446245e+05 
4.15318203524083e+01 1.00014809824337e+05 
4.16896877430492e+01 1.00014923751713e+05 
4.18475567572815e+01 1.00015404353843e+05 
4.20054296452478e+01 1.00015751829210e+05 
4.21633067849416e+01 1.00015891747636e+05 
4.23211896909693e+01 1.00015568416158e+05 
4.24790781339048e+01 1.00015090536415e+05 
4.26369644682292e+01 1.00014300663574e+05 
4.27948546539027e+01 1.00013442359578e+05 
4.29527445839470e+01 1.00012434364490e+05 
4.31106359297670e+01 1.00011356190744e+05 
4.32685306520852e+01 1.00010211772184e+05 
4.34264288504664e+01 1.00009028829515e+05 
4.35843293098335e+01 1.00007545948459e+05 
4.37422323857132e+01 1.00005684636085e+05 
4.39001362271449e+01 1.00003814090014e+05 
4.40580408935821e+01 1.00002113521175e+05 
4.42159461004656e+01 1.00000798260318e+05 
4.43738520952394e+01 9.99996341775417e+04 
4.45317586334686e+01 9.99983184831050e+04 
4.46896655731558e+01 9.99964886776999e+04 
4.48475732386247e+01 9.99947990772990e+04 
4.50054818277984e+01 9.99934265170561e+04 
4.51633912296472e+01 9.99926551477675e+04 
4.53213012689940e+01 9.99921100874986e+04 
4.54792124514439e+01 9.99915987713589e+04 
4.56371248172869e+01 9.99905554642485e+04 
4.57950380337933e+01 9.99896847526983e+04 
4.59529529680012e+01 9.99890783973292e+04 
4.61108663642278e+01 9.99889969025963e+04 
4.62687784498702e+01 9.99890812440059e+04 
4.64266899654798e+01 9.99892885475844e+04 
4.65846018793389e+01 9.99890183669441e+04 
4.67425141840204e+01 9.99888284556687e+04 
4.69004273753813e+01 9.99887051121656e+04 
4.70583412575278e+01 9.99888990241182e+04 
4.72162558287896e+01 9.99891411906743e+04 
4.73741661075397e+01 9.99895249364045e+04 
4.75320700293228e+01 9.99896271558373e+04 
4.76899693645184e+01 9.99897758503890e+04 
4.78478625125830e+01 9.99899367885688e+04 
4.80057508638390e+01 9.99902427005453e+04 
4.81636362087960e+01 9.99906172689454e+04 
4.83215191917349e+01 9.99912276993895e+04 
4.84794017791262e+01 9.99918804577539e+04 
4.86372824178603e+01 9.99925753053012e+04 
4.87951610644304e+01 9.99932120429043e+04 
4.89530401011878e+01 9.99937638601921e+04 
4.91109183405868e+01 9.99943048814258e+04 
4.92687968866861e+01 9.99950874697857e+04 
4.94266754364972e+01 9.99962745594826e+04 
4.95845515595664e+01 9.99974828245388e+04 
4.97424261075137e+01 9.99985807970109e+04 
4.99003006335041e+01 9.99993332048305e+04 
5.00581763017773e+01 1.00000023860298e+05 
5.02160540122954e+01 1.00000863782142e+05 
5.03739320513093e+01 1.00002309621771e+05 
5.05318084517488e+01 1.00003660035089e+05 
5.06896830101217e+01 1.00004777784347e+05 
5.08475554530749e+01 1.00005380614059e+05 
5.10054253922244e+01 1.00005814324549e+05 
5.11632927122317e+01 1.00006219522084e+05 
5.13211591090027e+01 1.00007159157706e+05 
5.14790271138448e+01 1.00007940850707e+05 
5.16368950153983e+01 1.00008504153681e+05 
5.17947643683201e+01 1.00008557397310e+05 
5.19526361004011e+01 1.00008390899047e+05 
5.21105113953299e+01 1.00007983670579e+05 
5.22683913894592e+01 1.00007763728611e+05 
5.24262776968112e+01 1.00007316194708e+05 
5.25841708838473e+01 1.00006717090850e+05 
5.27420666524036e+01 1.00005901610806e+05 
5.28999618489546e+01 1.00004920530015e+05 
5.30578577998667e+01 1.00003643213227e+05 
5.32157572283380e+01 1.00002228672649e+05 
5.33736576041167e+01 1.00000707988827e+05 
5.35315607809438e+01 9.99993118331302e+04 
5.36894666299000e+01 9.99981994663581e+04 
5.38473734460421e+01 9.99971159374417e+04 
5.40052812691421e+01 9.99958165291005e+04 
5.41631892761518e+01 9.99941197288483e+04 
5.43210976391154e+01 9.99924866213165e+04 
5.44790065647947e+01 9.99912067123296e+04 
5.46369153234515e+01 9.99905743604653e+04 
5.47948247591204e+01 9.99901199539114e+04 
5.49527345816088e+01 9.99896640696730e+04 
5.51106448015583e+01 9.99887855365094e+04 
5.52685553466649e+01 9.99881132694915e+04 
5.54264665842849e+01 9.99878410471654e+04 
5.55843786559346e+01 9.99882138375300e+04 
5.57422916964500e+01 9.99888249364049e+04 
5.59002049245996e+01 9.99895503662460e+04 
5.60581165652534e+01 9.99899125648529e+04 
5.62160267790978e+01 9.99904123557235e+04 
5.63739360456862e+01 9.99910252834729e+04 
5.65318446490167e+01 9.99919406798005e+04 
5.66897535039061e+01 9.99929193581483e+04 
5.68476637724107e+01 9.99939784126435e+04 
5.70055749148130e+01 9.99948543592667e+04 
5.71634862686760e+01 9.99957472562137e+04 
5.73213958959964e+01 9.99965363969584e+04 
5.74793010243427e+01 9.99973739760424e+04 
5.76372006427965e+01 9.99981936443753e+04 
5.77950939663717e+01 9.99991192429135e+04 
5.79529832749989e+01 9.99999721723102e+04 
5.81108693165340e+01 1.00000793880806e+05 
5.82687509560842e+01 1.00001447875198e+05 
5.84266313769464e+01 1.00001909640761e+05 
5.85845125473362e+01 1.00002336358025e+05 
5.87423932111164e+01 1.00002925035124e+05 
5.89002729936823e+01 1.00003786228764e+05 
5.90581527151859e+01 1.00004670137963e+05 
5.92160322137457e+01 1.00005380936443e+05 
5.93739114996228e+01 1.00005722891179e+05 
5.95317886882425e+01 1.00006034303076e+05 
5.96896638636060e+01 1.00006505574873e+05 
5.98475378197668e+01 1.00007524978493e+05 
6.00054119865173e+01 1.00008544761333e+05 
6.01632862541559e+01 1.00009335856945e+05 
6.03211632133958e+01 1.00009603371234e+05 
6.04790393685606e+01 1.00009756241484e+05 
6.06369130750726e+01 1.00009958948910e+05 
6.07947845152142e+01 1.00010713173240e+05 
6.09526543879465e+01 1.00011371968695e+05 
6.11105223433906e+01 1.00011792036298e+05 
6.12683891572993e+01 1.00011687771509e+05 
6.14262556334736e+01 1.00011415982468e+05 
6.15841213812268e+01 1.00011026750919e+05 
6.17419872970758e+01 1.00011000799461e+05 
6.18998556369791e+01 1.00010810631573e+05 
6.20577270573682e+01 1.00010417936125e+05 
6.22156028064752e+01 1.00009694706938e+05 
6.23734839507439e+01 1.00008807218449e+05 
6.25313719458757e+01 1.00007656298284e+05 
6.26892653364233e+01 1.00006465379621e+05 
6.28471589494630e+01 1.00005114207887e+05 
6.30050539658638e+01 1.00003797381392e+05 
6.31629516032019e+01 1.00002607596109e+05 
6.33208526762621e+01 1.00001391306966e+05 
6.34787557016783e+01 9.99999251516019e+04 
6.36366621209855e+01 9.99981197670176e+04 
6.37945707388512e+01 9.99962895949210e+04 
6.39524799651022e+01 9.99947174137718e+04 
6.41103898945289e+01 9.99936596199598e+04 
6.42682996768123e+01 9.99927252289087e+04 
6.44262099946042e+01 9.99916650730644e+04 
6.45841203235132e+01 9.99900874705235e+04 
6.47420308141056e+01 9.99886275324753e+04 
6.48999413857551e+01 9.99875743445033e+04 
6.50578522130705e+01 9.99872243996730e+04 
6.52157621383260e+01 9.99870957438494e+04 
6.53736716684331e+01 9.99870092714960e+04 
6.55315818735089e+01 9.99864737324856e+04 
6.56894924466357e+01 9.99861085200089e+04 
6.58474019305714e+01 9.99860368423446e+04 
6.60053094171804e+01 9.99865172816910e+04 
6.61632151021049e+01 9.99871231540389e+04 
6.63211194929648e+01 9.99878332658991e+04 
6.64790238951629e+01 9.99881662499886e+04 
6.66369283078166e+01 9.99885846136570e+04 
6.67948331393927e+01 9.99890670860993e+04 
6.69527394440034e+01 9.99897919592909e+04 
6.71106470639483e+01 9.99905767110173e+04 
6.72685553183821e+01 9.99914973997921e+04 
6.74264597024061e+01 9.99922627693880e+04 
6.75843590419925e+01 9.99930625829960e+04 
6.77422535684911e+01 9.99937952457868e+04 
6.79001426201263e+01 9.99945401603802e+04 
6.80580282864847e+01 9.99952901128992e+04 
6.82159111158328e+01 9.99962237531061e+04 
6.83737930861987e+01 9.99972947441384e+04 
6.85316731580176e+01 9.99983931125909e+04 
6.86895517906449e+01 9.99993536001784e+04 
6.88474307150474e+01 1.00000093338304e+05 
6.90053081989569e+01 1.00000819122689e+05 
6.91631854542290e+01 1.00001750490301e+05 
6.93210605590817e+01 1.00003138310222e+05 
6.94789329603387e+01 1.00004550754316e+05 
6.96368026296308e+01 1.00005767622670e+05 
6.97946722052352e+01 1.00006538889094e+05 
6.99525422636531e+01 1.00007267810215e+05 
7.01104134175452e+01 1.00008089373701e+05 
7.02682863349460e+01 1.00009543218880e+05 
7.04261613776249e+01 1.00010935051117e+05 
7.05840389189998e+01 1.00012065900521e+05 
7.07419152096647e+01 1.00012632505876e+05 
7.08997875851045e+01 1.00013073542146e+05 
7.10576561988164e+01 1.00013482512441e+05 
7.12155224399363e+01 1.00014426736718e+05 
7.13733888211252e+01 1.00015259420090e+05 
7.15312552146323e+01 1.00015822569500e+05 
7.16891217538037e+01 1.00015810105760e+05 
7.18469894024299e+01 1.00015640874918e+05 
7.20048591249784e+01 1.00015235708673e+05 
7.21627323468697e+01 1.00015032288406e+05 
7.23206109024455e+01 1.00014629465904e+05 
7.24784954490941e+01 1.00014069174908e+05 
7.26363845290400e+01 1.00013214019204e+05 
7.27942734676224e+01 1.00012200088940e+05 
7.29521620226019e+01 1.00010864901807e+05 
7.31100537643340e+01 1.00009365399153e+05 
7.32679464204612e+01 1.00007746860446e+05 
7.34258410448585e+01 1.00006207056754e+05 
7.35837409539245e+01 1.00004845201051e+05 
7.37416437257822e+01 1.00003476686236e+05 
7.38995475254834e+01 1.00001841606666e+05 
7.40574552767677e+01 9.99997348327312e+04 
7.42153656889771e+01 9.99976381770406e+04 
7.43732764020060e+01 9.99958182653509e+04 
7.45311875013272e+01 9.99945604946298e+04 
7.46890982702211e+01 9.99934352855347e+04 
7.48470091952905e+01 9.99922575055866e+04 
7.50049203089887e+01 9.99905260560335e+04 
7.51628314776675e+01 9.99889746807957e+04 
7.53207423108823e+01 9.99878315593338e+04 
7.54786534052723e+01 9.99873678742425e+04 
7.56365652919325e+01 9.99871143794369e+04 
7.57944760696322e+01 9.99869522626449e+04 
7.59523842322763e+01 9.99863168357190e+04 
7.61102907052860e+01 9.99858018661085e+04 
7.62681956345978e+01 9.99855173514369e+04 
7.64260997846199e+01 9.99857296917342e+04 
7.65840035006254e+01 9.99860444068251e+04 
7.67419079524643e+01 9.99865127709380e+04 
7.68998130220342e+01 9.99866664814436e+04 
7.70577190529444e+01 9.99869451009494e+04 
7.72156246322281e+01 9.99873046525611e+04 
7.73735304351853e+01 9.99879011482561e+04 
7.75314321962536e+01 9.99885511014811e+04 
7.76893280918668e+01 9.99893972904906e+04 
7.78472194406838e+01 9.99901406009689e+04 
7.80051082848022e+01 9.99908966548556e+04 
7.81629925315635e+01 9.99915845269539e+04 
7.83208748693117e+01 9.99922802329411e+04 
7.84787573742400e+01 9.99929980941618e+04 
7.86366399901977e+01 9.99939468790112e+04 
7.87945213840157e+01 9.99951647435836e+04 
7.89524022580153e+01 9.99964313030479e+04 
7.91102822345851e+01 9.99975820832114e+04 
7.92681598504246e+01 9.99984999437556e+04 
7.94260346032737e+01 9.99993881407234e+04 
7.95839065415183e+01 1.00000481277701e+05 
7.97417762739281e+01 1.00002105315269e+05 
7.98996452426869e+01 1.00003720456347e+05 
8.00575144475735e+01 1.00005134842235e+05 
8.02153853484350e+01 1.00006070482594e+05 
8.03732595753060e+01 1.00006915333342e+05 
8.05311360044327e+01 1.00007800931451e+05 
8.06890123775687e+01 1.00009339616084e+05 
8.08468842047536e+01 1.00010766027500e+05 
8.10047525333100e+01 1.00011932015167e+05 
8.11626191499556e+01 1.00012540031318e+05 
8.13204847650461e+01 1.00012995914858e+05 
8.14783488435453e+01 1.00013344640720e+05 
8.16362118439805e+01 1.00014184021544e+05 
8.17940760681954e+01 1.00014869753832e+05 
8.19519420697887e+01 1.00015290606159e+05 
8.21098112939899e+01 1.00015208772005e+05 
8.22676847318654e+01 1.00014946366018e+05 
8.24255638214298e+01 1.00014423201519e+05 
8.25834499430324e+01 1.00013908075243e+05 
8.27413394366513e+01 1.00013232354319e+05 
8.28992294477559e+01 1.00012513786692e+05 
8.30571223195795e+01 1.00011570615761e+05 
8.32150170578953e+01 1.00010533940110e+05 
8.33729147817309e+01 1.00009182644711e+05 
8.35308144311052e+01 1.00007575080305e+05 
8.36887168341859e+01 1.00005851867711e+05 
8.38466229777523e+01 1.00004232018114e+05 
8.40045316549114e+01 1.00002894097120e+05 
8.41624411095586e+01 1.00001599402757e+05 
8.43203503968559e+01 1.00000062346864e+05 
8.44782605557664e+01 9.99980399982984e+04 
8.46361711006565e+01 9.99960921440175e+04 
8.47940815795453e+01 9.99944776664100e+04 
8.49519911103720e+01 9.99934840355499e+04 
8.51098990973984e+01 9.99926541997589e+04 
8.52678065112851e+01 9.99918368327583e+04 
8.54257138686154e+01 9.99904868041810e+04 
8.55836217801970e+01 9.99893245177974e+04 
8.57415292183254e+01 9.99884777978852e+04 
8.58994341398339e+01 9.99882048903998e+04 
8.60573367332196e+01 9.99880874683807e+04 
8.62152374038746e+01 9.99880653849855e+04 
8.63731375811182e+01 9.99875766131495e+04 
8.65310375987192e+01 9.99871996984119e+04 
8.66889375552248e+01 9.99870028765030e+04 
8.68468385039286e+01 9.99872124193666e+04 
8.70047412609430e+01 9.99875166586974e+04 
8.71626443614392e+01 9.99880085435720e+04 
8.73205479962068e+01 9.99882648204559e+04 
8.74784503206073e+01 9.99886205865951e+04 
8.76363495572885e+01 9.99890040183157e+04 
8.77942431849901e+01 9.99895364420568e+04 
8.79521325309210e+01 9.99901603149915e+04 
8.81100185611205e+01 9.99910378149825e+04 
8.82679028525337e+01 9.99919692823201e+04 
8.84257843073351e+01 9.99929725111703e+04 
8.85836638116007e+01 9.99939193792521e+04 
8.87415446242167e+01 9.99947778196400e+04 
8.88994240315965e+01 9.99956634083767e+04 
8.90573022819536e+01 9.99968147643512e+04 
8.92151767527825e+01 9.99984068323199e+04 
8.93730477224399e+01 1.00000054716062e+05 
8.95309156458027e+01 1.00001565071024e+05 
8.96887826912112e+01 1.00002701882274e+05 
8.98466499713213e+01 1.00003818594131e+05 
9.00045176380459e+01 1.00005105252657e+05 
9.01623865154936e+01 1.00007050305826e+05 
9.03202569356564e+01 1.00008936445406e+05 
9.04781297063303e+01 1.00010543993829e+05 
9.06360054524564e+01 1.00011547489768e+05 
9.07938823357972e+01 1.00012413063257e+05 
9.09517541470789e+01 1.00013234624807e+05 
9.11096225648372e+01 1.00014677922930e+05 
9.12674903529327e+01 1.00015980498132e+05 
9.14253570626701e+01 1.00016976611775e+05 
9.15832226822998e+01 1.00017348069742e+05 
9.17410881565195e+01 1.00017547255810e+05 
9.18989546135373e+01 1.00017504248322e+05 
9.20568232887804e+01 1.00017778026688e+05 
9.22146961573564e+01 1.00017826889559e+05 
9.23725738596910e+01 1.00017625036586e+05 
9.25304579588404e+01 1.00017000389744e+05 
9.26883440768282e+01 1.00016195364616e+05 
9.28462302163992e+01 1.00015019539795e+05 
9.30041188904351e+01 1.00013747579311e+05 
9.31620089406748e+01 1.00012301518058e+05 
9.33199003766930e+01 1.00010848929688e+05 
9.34777965434557e+01 1.00009424706768e+05 
9.36356962709857e+01 1.00007949036386e+05 
9.37935970223798e+01 1.00006146913789e+05 
9.39515016043418e+01 1.00003892332729e+05 
9.41094095639123e+01 1.00001596297349e+05 
9.42673176496791e+01 9.99995251808134e+04 
9.44252272261732e+01 9.99979209204406e+04 
9.45831367419679e+01 9.99964316562800e+04 
9.47410472060425e+01 9.99948186667070e+04 
9.48989573503301e+01 9.99926492711927e+04 
9.50568658739766e+01 9.99906541656456e+04 
9.52147728697819e+01 9.99890863811345e+04 
9.53726794597599e+01 9.99882116756027e+04 
9.55305867647987e+01 9.99875560020209e+04 
9.56884942753968e+01 9.99869907021239e+04 
9.58463997516093e+01 9.99859000419556e+04 
9.60043026249207e+01 9.99849525603846e+04 
9.61622035600294e+01 9.99842792743402e+04 
9.63201032160052e+01 9.99841619547410e+04 
9.64780023140949e+01 9.99841849822975e+04 
9.66359014564617e+01 9.99843931728806e+04 
9.67938016196219e+01 9.99842045413744e+04 
9.69517021660862e+01 9.99841605669304e+04 
9.71096039307884e+01 9.99842309874020e+04 
9.72675053659434e+01 9.99846909370422e+04 
9.74254084969254e+01 9.99852044769856e+04 
9.75833089937247e+01 9.99859430712525e+04 
9.77412039501997e+01 9.99865922008347e+04 
9.78990956464850e+01 9.99873143120812e+04 
9.80569824734498e+01 9.99879458212348e+04 
9.82148662686850e+01 9.99887517109524e+04 
9.83727491375352e+01 9.99896125778667e+04 
9.85306321990684e+01 9.99907457373802e+04 
9.86885141869873e+01 9.99920920434192e+04 
9.88463960415929e+01 9.99934992788584e+04 
9.90042760737878e+01 9.99948075294576e+04 
9.91621528526767e+01 9.99959239853481e+04 
9.93200261516929e+01 9.99970280862755e+04 
9.94778958586317e+01 9.99983886185437e+04 
9.96357631314534e+01 1.00000260499968e+05 
9.97936285106285e+01 1.00002148688062e+05 
9.99514940149456e+01 1.00003861516150e+05 
1.00109360548212e+02 1.00005110558087e+05 
