# Liste des scalaires : TEMPS pmat 
0.00000000000000e+00 1.00000000000000e+05 
1.58013544018059e-01 1.00000000000000e+05 
3.16027088036117e-01 1.00000000000000e+05 
4.74040632054176e-01 1.00000000000000e+05 
6.32054176072234e-01 1.00000000000000e+05 
7.90067720090293e-01 1.00000000000000e+05 
9.48081264108351e-01 1.00000000000000e+05 
1.10609480812641e+00 1.00000000000000e+05 
1.26410835214447e+00 1.00000000000000e+05 
1.42212189616253e+00 1.00000000000000e+05 
1.58013544018058e+00 1.00000000000000e+05 
1.73814898419864e+00 1.00000000000000e+05 
1.89616252821670e+00 1.00000000000000e+05 
2.05417607223476e+00 1.00000000000000e+05 
2.21218961625282e+00 1.00000000000000e+05 
2.37020316027088e+00 1.00000000000000e+05 
2.52821670428893e+00 1.00000000000000e+05 
2.68623024830699e+00 1.00000000000000e+05 
2.84424379232505e+00 1.00000000000000e+05 
3.00225733634311e+00 1.00000000000000e+05 
3.16027088036116e+00 1.00000000000000e+05 
3.31828442437922e+00 1.00000000000000e+05 
3.47629796839728e+00 1.00000000000000e+05 
3.63431151241534e+00 1.00000000000000e+05 
3.79232505643340e+00 1.00000000000000e+05 
3.95033860045145e+00 1.00000000000000e+05 
4.10835214446951e+00 1.00000000000000e+05 
4.26636568848757e+00 1.00000000000000e+05 
4.42437923250563e+00 1.00000000000000e+05 
4.58239277652368e+00 1.00000000000000e+05 
4.74040632054174e+00 1.00000000000000e+05 
4.89841986455980e+00 1.00000000000000e+05 
5.05643340857771e+00 1.00000000000000e+05 
5.21444695259555e+00 1.00000000000000e+05 
5.37246049661106e+00 1.00000000000000e+05 
5.53047404062163e+00 1.00000000000000e+05 
5.68848758460807e+00 1.00000000000000e+05 
5.84650112860433e+00 1.00000000000000e+05 
6.00451467131846e+00 1.00000000000000e+05 
6.16252820860419e+00 1.00000000000000e+05 
6.32054173855849e+00 1.00000000000000e+05 
6.47855526263600e+00 1.00000000000000e+05 
6.63656878322570e+00 1.00000000000000e+05 
6.79458230116958e+00 1.00000000000000e+05 
6.95259581572868e+00 1.00000000000000e+05 
7.11060926486710e+00 1.00000000000000e+05 
7.26862123211782e+00 1.00000000000000e+05 
7.42662869286748e+00 1.00000000000000e+05 
7.58462797993242e+00 1.00000000000000e+05 
7.74261562363004e+00 1.00000000000000e+05 
7.90058972087802e+00 1.00000000000000e+05 
8.05854876760864e+00 1.00000000000000e+05 
8.21649327583521e+00 1.00000000000000e+05 
8.37442375590179e+00 1.00000000000000e+05 
8.53234121474706e+00 1.00000000000000e+05 
8.69024692780629e+00 1.00000000000000e+05 
8.84814294511368e+00 1.00000000000000e+05 
9.00603027516490e+00 1.00000000000000e+05 
9.16391060602912e+00 1.00000000000000e+05 
9.32178516379403e+00 1.00000000000000e+05 
9.47965513838773e+00 1.00000000000000e+05 
9.63751817790166e+00 1.00000000000000e+05 
9.79537550224774e+00 1.00000000000000e+05 
9.95322697641788e+00 1.00000000000000e+05 
1.01110732028936e+01 1.00000000000000e+05 
1.02689146274544e+01 1.00000000000000e+05 
1.04267523201822e+01 1.00000000000000e+05 
1.05845878187241e+01 1.00000000000000e+05 
1.07424234235056e+01 1.00000000000000e+05 
1.09002605183067e+01 1.00000000000000e+05 
1.10581011989153e+01 1.00000000000000e+05 
1.12159469760981e+01 1.00000000000000e+05 
1.13737958277871e+01 1.00000000000000e+05 
1.15316485112955e+01 1.00000000000000e+05 
1.16895059234703e+01 1.00000000000000e+05 
1.18473678135275e+01 1.00000000000000e+05 
1.20052343190564e+01 1.00000000000000e+05 
1.21631037930394e+01 1.00000000000000e+05 
1.23209755736488e+01 1.00000000000000e+05 
1.24788506295067e+01 1.00000000000000e+05 
1.26367295773036e+01 1.00000000000000e+05 
1.27946116815903e+01 1.00000000000000e+05 
1.29524970895918e+01 1.00000000000000e+05 
1.31103853882209e+01 1.00000000000000e+05 
1.32682764852580e+01 1.00000000000000e+05 
1.34261706139616e+01 1.00000000000000e+05 
1.35840685957871e+01 1.00000000000000e+05 
1.37419698795382e+01 1.00000000000000e+05 
1.38998748238769e+01 1.00000000000000e+05 
1.40577825863761e+01 1.00000000000000e+05 
1.42156900780669e+01 1.00000000000000e+05 
1.43735971547495e+01 1.00000000000000e+05 
1.45315042337418e+01 1.00000000000000e+05 
1.46894115576050e+01 1.00000000000000e+05 
1.48473186395545e+01 1.00000000000000e+05 
1.50052256719272e+01 1.00000000000000e+05 
1.51631330578148e+01 1.00000000000000e+05 
1.53210408171837e+01 1.00000000000000e+05 
1.54789489338296e+01 1.00000000000000e+05 
1.56368576354914e+01 1.00000000000000e+05 
1.57947669611646e+01 1.00000000000000e+05 
1.59526770505537e+01 1.00000000000000e+05 
1.61105878565459e+01 1.00000000000000e+05 
1.62684993007154e+01 1.00000000000000e+05 
1.64264117696543e+01 1.00000000000000e+05 
1.65843252894251e+01 1.00000000000000e+05 
1.67422394503545e+01 1.00000000000000e+05 
1.69001543231263e+01 1.00000000000000e+05 
1.70580702178261e+01 1.00000000000000e+05 
1.72159869071440e+01 1.00000000000000e+05 
1.73739045484328e+01 1.00000000000000e+05 
1.75318230870977e+01 1.00000000000000e+05 
1.76897420386758e+01 1.00000000000000e+05 
1.78476617082648e+01 1.00000000000000e+05 
1.80055822852594e+01 1.00000000000000e+05 
1.81635032871374e+01 1.00000000000000e+05 
1.83214252006964e+01 1.00000000000000e+05 
1.84793480458620e+01 1.00000000000000e+05 
1.86372715456650e+01 1.00000000000000e+05 
1.87951957601081e+01 1.00000000000000e+05 
1.89531209484135e+01 1.00000000000000e+05 
1.91110441089809e+01 1.00000000000000e+05 
1.92689571504680e+01 1.00000000000000e+05 
1.94268607791625e+01 1.00000000000000e+05 
1.95847566159270e+01 1.00000000000000e+05 
1.97426455229279e+01 1.00000000000000e+05 
1.99005279081235e+01 1.00000000000000e+05 
2.00584049686281e+01 1.00000000000000e+05 
2.02162789927353e+01 1.00000000000000e+05 
2.03741510118332e+01 1.00000000000000e+05 
2.05320225312322e+01 1.00000000000000e+05 
2.06898943694514e+01 1.00000000000000e+05 
2.08477672335517e+01 1.00000000000000e+05 
2.10056381883608e+01 1.00000000000000e+05 
2.11635073392954e+01 1.00000000000000e+05 
2.13213744206154e+01 1.00000000000000e+05 
2.14792406064660e+01 1.00000000000000e+05 
2.16371055052497e+01 1.00000000000000e+05 
2.17949698598769e+01 1.00000000000000e+05 
2.19528346543289e+01 1.00000000000000e+05 
2.21107022379036e+01 1.00000000000000e+05 
2.22685735446671e+01 1.00000000000000e+05 
2.24264499128177e+01 1.00000000000000e+05 
2.25843313783613e+01 1.00000000000000e+05 
2.27422178371839e+01 1.00000000000000e+05 
2.29001082195325e+01 1.00000000000000e+05 
2.30580026165052e+01 1.00000000000000e+05 
2.32159006750456e+01 1.00000000000000e+05 
2.33738008250518e+01 1.00000000000000e+05 
2.35317021841015e+01 1.00000000000000e+05 
2.36896047805334e+01 1.00000000000000e+05 
2.38475089535193e+01 1.00000000000000e+05 
2.40054144059897e+01 1.00000000000000e+05 
2.41633212527943e+01 1.00000000000000e+05 
2.43212294708959e+01 1.00000000000000e+05 
2.44791391765311e+01 1.00000000000000e+05 
2.46370501927731e+01 1.00000000000000e+05 
2.47949629062368e+01 1.00000000000000e+05 
2.49528766385629e+01 1.00000000000000e+05 
2.51107912664912e+01 1.00000000000000e+05 
2.52687065421895e+01 1.00000000000000e+05 
2.54266227275827e+01 1.00000000000000e+05 
2.55845402635157e+01 1.00000000000000e+05 
2.57424589006128e+01 1.00000000000000e+05 
2.59003774090588e+01 1.00000000000000e+05 
2.60582956021659e+01 1.00000000000000e+05 
2.62162142568713e+01 1.00000000000000e+05 
2.63741334755089e+01 1.00000000000000e+05 
2.65320531896202e+01 1.00000000000000e+05 
2.66899728755107e+01 1.00000000000000e+05 
2.68478922917635e+01 1.00000000000000e+05 
2.70058116301977e+01 1.00000000000000e+05 
2.71637307927613e+01 1.00000000000000e+05 
2.73216502821697e+01 1.00000000000000e+05 
2.74795690311203e+01 1.00000000000000e+05 
2.76374879055499e+01 1.00000000000000e+05 
2.77954041756501e+01 1.00000000000000e+05 
2.79533191433170e+01 1.00000000000000e+05 
2.81112322788099e+01 1.00000000000000e+05 
2.82691420252821e+01 1.00000000000000e+05 
2.84270498359011e+01 1.00000000000000e+05 
2.85849551367456e+01 1.00000000000000e+05 
2.87428577035279e+01 1.00000000000000e+05 
2.89007576935424e+01 1.00000000000000e+05 
2.90586554385742e+01 1.00000000000000e+05 
2.92165508783833e+01 1.00000000000000e+05 
2.93744443359554e+01 1.00000000000000e+05 
2.95323353920958e+01 1.00000000000000e+05 
2.96902253081402e+01 1.00000000000000e+05 
2.98481142776169e+01 1.00000000000000e+05 
3.00059979647156e+01 1.00000000000000e+05 
3.01638770985754e+01 1.00000000000000e+05 
3.03217523516603e+01 1.00000000000000e+05 
3.04796254231717e+01 1.00000000000000e+05 
3.06374979890028e+01 1.00000000000000e+05 
3.07953682566008e+01 1.00000000000000e+05 
3.09532360866590e+01 1.00000000000000e+05 
3.11111009485845e+01 1.00000000000000e+05 
3.12689642148262e+01 1.00000000000000e+05 
3.14268269801884e+01 1.00000000000000e+05 
3.15846899752751e+01 1.00000000000000e+05 
3.17425539745552e+01 1.00000000000000e+05 
3.19004203627167e+01 1.00000000000000e+05 
3.20582896401381e+01 1.00000000000000e+05 
3.22161632234601e+01 1.00000000000000e+05 
3.23740425511432e+01 1.00000000000000e+05 
3.25319290751244e+01 1.00000000000000e+05 
3.26898202982419e+01 1.00000000000000e+05 
3.28477131228900e+01 1.00000000000000e+05 
3.30056072961437e+01 1.00000000000000e+05 
3.31635023672678e+01 1.00000000000000e+05 
3.33213991393358e+01 1.00000000000000e+05 
3.34792973573956e+01 1.00000000000000e+05 
3.36371967535133e+01 1.00000000000000e+05 
3.37950973023584e+01 1.00000000000000e+05 
3.39529995672097e+01 1.00000000000000e+05 
3.41109029852060e+01 1.00000000000000e+05 
3.42688076087386e+01 1.00000000000000e+05 
3.44267132713632e+01 1.00000000000000e+05 
3.45846196509400e+01 1.00000000000000e+05 
3.47425273496765e+01 1.00000000000000e+05 
3.49004361808860e+01 1.00000000000000e+05 
3.50583454950604e+01 1.00000000000000e+05 
3.52162538750963e+01 1.00000000000000e+05 
3.53741611804014e+01 1.00000000000000e+05 
3.55320682312856e+01 1.00000000000000e+05 
3.56899754216115e+01 1.00000000000000e+05 
3.58478829107651e+01 1.00000000000000e+05 
3.60057904151544e+01 1.00000000000000e+05 
3.61636981099972e+01 1.00000000000000e+05 
3.63216068904539e+01 1.00000000000000e+05 
3.64795154283054e+01 1.00000000000000e+05 
3.66374236436593e+01 1.00000000000000e+05 
3.67953327010769e+01 1.00000000000003e+05 
3.69532427717678e+01 1.00000000000018e+05 
3.71111532244148e+01 1.00000000001936e+05 
3.72690630548262e+01 1.00000000032184e+05 
3.74269718145581e+01 1.00000000484490e+05 
3.75848778454541e+01 1.00000000954802e+05 
3.77427791017932e+01 1.00000001541494e+05 
3.79006746564164e+01 1.00000002369956e+05 
3.80585658512143e+01 1.00000003640213e+05 
3.82164521350274e+01 1.00000005718812e+05 
3.83743339522929e+01 1.00000008720231e+05 
3.85322143263643e+01 1.00000013211715e+05 
3.86900941565614e+01 1.00000020014346e+05 
3.88479738779336e+01 1.00000030753054e+05 
3.90058528607593e+01 1.00000045901603e+05 
3.91637297505779e+01 1.00000065946020e+05 
3.93216059461941e+01 1.00000094459833e+05 
3.94794833120710e+01 1.00000133349724e+05 
3.96373600136444e+01 1.00000187633516e+05 
3.97952355988724e+01 1.00000265440459e+05 
3.99531105564116e+01 1.00000362629375e+05 
4.01109853768128e+01 1.00000479846658e+05 
4.02688608742397e+01 1.00000631442012e+05 
4.04267381798270e+01 1.00000821412641e+05 
4.05846137319020e+01 1.00001065798833e+05 
4.07424858509869e+01 1.00001382101191e+05 
4.09003545163728e+01 1.00001723273948e+05 
4.10582217788816e+01 1.00002088423195e+05 
4.12160877638797e+01 1.00002515252809e+05 
4.13739537347660e+01 1.00003002825262e+05 
4.15318203524083e+01 1.00003578591073e+05 
4.16896877430492e+01 1.00004239431168e+05 
4.18475567572815e+01 1.00004817049973e+05 
4.20054296452478e+01 1.00005328333532e+05 
4.21633067849416e+01 1.00005870796603e+05 
4.23211896909693e+01 1.00006428129161e+05 
4.24790781339048e+01 1.00007040288174e+05 
4.26369644682292e+01 1.00007657017204e+05 
4.27948546539027e+01 1.00007980760283e+05 
4.29527445839470e+01 1.00008105042576e+05 
4.31106359297670e+01 1.00008244628023e+05 
4.32685306520852e+01 1.00008372801889e+05 
4.34264288504664e+01 1.00008513649460e+05 
4.35843293098335e+01 1.00008578518187e+05 
4.37422323857132e+01 1.00008356709688e+05 
4.39001362271449e+01 1.00007943677737e+05 
4.40580408935821e+01 1.00007551097311e+05 
4.42159461004656e+01 1.00007206357949e+05 
4.43738520952394e+01 1.00006891725611e+05 
4.45317586334686e+01 1.00006498035774e+05 
4.46896655731558e+01 1.00005900265200e+05 
4.48475732386247e+01 1.00005199176482e+05 
4.50054818277984e+01 1.00004539810360e+05 
4.51633912296472e+01 1.00003981212700e+05 
4.53213012689940e+01 1.00003489121044e+05 
4.54792124514439e+01 1.00002976853474e+05 
4.56371248172869e+01 1.00002457376321e+05 
4.57950380337933e+01 1.00001920892518e+05 
4.59529529680012e+01 1.00001430978503e+05 
4.61108663642278e+01 1.00001060368842e+05 
4.62687784498702e+01 1.00000779079756e+05 
4.64266899654798e+01 1.00000544545629e+05 
4.65846018793389e+01 1.00000417740176e+05 
4.67425141840204e+01 1.00000288034314e+05 
4.69004273753813e+01 1.00000108744448e+05 
4.70583412575278e+01 1.00000008717174e+05 
4.72162558287896e+01 9.99998730304516e+04 
4.73741661075397e+01 9.99997541388884e+04 
4.75320700293228e+01 9.99996940559326e+04 
4.76899693645184e+01 9.99995668638894e+04 
4.78478625125830e+01 9.99992938444623e+04 
4.80057508638390e+01 9.99989749065214e+04 
4.81636362087960e+01 9.99985547762778e+04 
4.83215191917349e+01 9.99980511158640e+04 
4.84794017791262e+01 9.99976791288440e+04 
4.86372824178603e+01 9.99973320844966e+04 
4.87951610644304e+01 9.99968898386888e+04 
4.89530401011878e+01 9.99963986406565e+04 
4.91109183405868e+01 9.99958005761051e+04 
4.92687968866861e+01 9.99951793929098e+04 
4.94266754364972e+01 9.99948144783083e+04 
4.95845515595664e+01 9.99946225982201e+04 
4.97424261075137e+01 9.99944212556443e+04 
4.99003006335041e+01 9.99942018602132e+04 
5.00581763017773e+01 9.99938976805262e+04 
5.02160540122954e+01 9.99936306468750e+04 
5.03739320513093e+01 9.99936636406854e+04 
5.05318084517488e+01 9.99938966153950e+04 
5.06896830101217e+01 9.99941919578761e+04 
5.08475554530749e+01 9.99944697788309e+04 
5.10054253922244e+01 9.99946853661506e+04 
5.11632927122317e+01 9.99949424826534e+04 
5.13211591090027e+01 9.99953929082094e+04 
5.14790271138448e+01 9.99959357759355e+04 
5.16368950153983e+01 9.99965436171001e+04 
5.17947643683201e+01 9.99970619276049e+04 
5.19526361004011e+01 9.99974968333500e+04 
5.21105113953299e+01 9.99978980984376e+04 
5.22683913894592e+01 9.99982712043048e+04 
5.24262776968112e+01 9.99986295760490e+04 
5.25841708838473e+01 9.99989974639615e+04 
5.27420666524036e+01 9.99992802469781e+04 
5.28999618489546e+01 9.99994994006982e+04 
5.30578577998667e+01 9.99996714931513e+04 
5.32157572283380e+01 9.99997375217471e+04 
5.33736576041167e+01 9.99998276895732e+04 
5.35315607809438e+01 9.99999354756890e+04 
5.36894666299000e+01 1.00000027765126e+05 
5.38473734460421e+01 1.00000132264100e+05 
5.40052812691421e+01 1.00000214764441e+05 
5.41631892761518e+01 1.00000192278591e+05 
5.43210976391154e+01 1.00000207914173e+05 
5.44790065647947e+01 1.00000242966495e+05 
5.46369153234515e+01 1.00000302194333e+05 
5.47948247591204e+01 1.00000408403465e+05 
5.49527345816088e+01 1.00000526425094e+05 
5.51106448015583e+01 1.00000552286525e+05 
5.52685553466649e+01 1.00000608790913e+05 
5.54264665842849e+01 1.00000671904507e+05 
5.55843786559346e+01 1.00000762184538e+05 
5.57422916964500e+01 1.00000880295871e+05 
5.59002049245996e+01 1.00000977082134e+05 
5.60581165652534e+01 1.00000946657985e+05 
5.62160267790978e+01 1.00000886956675e+05 
5.63739360456862e+01 1.00000773487545e+05 
5.65318446490167e+01 1.00000642775057e+05 
5.66897535039061e+01 1.00000491950250e+05 
5.68476637724107e+01 1.00000257490229e+05 
5.70055749148130e+01 9.99999082114367e+04 
5.71634862686760e+01 9.99995328412237e+04 
5.73213958959964e+01 9.99990919105607e+04 
5.74793010243427e+01 9.99986239735154e+04 
5.76372006427965e+01 9.99981169501552e+04 
5.77950939663717e+01 9.99975447398101e+04 
5.79529832749989e+01 9.99970040571197e+04 
5.81108693165340e+01 9.99965318236783e+04 
5.82687509560842e+01 9.99960050541995e+04 
5.84266313769464e+01 9.99954846935198e+04 
5.85845125473362e+01 9.99949515304168e+04 
5.87423932111164e+01 9.99944402725970e+04 
5.89002729936823e+01 9.99941455490889e+04 
5.90581527151859e+01 9.99940021113633e+04 
5.92160322137457e+01 9.99937893128167e+04 
5.93739114996228e+01 9.99935733743893e+04 
5.95317886882425e+01 9.99933606846678e+04 
5.96896638636060e+01 9.99932095299686e+04 
5.98475378197668e+01 9.99933331125221e+04 
6.00054119865173e+01 9.99936168222545e+04 
6.01632862541559e+01 9.99938306609941e+04 
6.03211632133958e+01 9.99940050291198e+04 
6.04790393685606e+01 9.99941640932152e+04 
6.06369130750726e+01 9.99944435304967e+04 
6.07947845152142e+01 9.99950001943706e+04 
6.09526543879465e+01 9.99956225023645e+04 
6.11105223433906e+01 9.99962311312277e+04 
6.12683891572993e+01 9.99967583503452e+04 
6.14262556334736e+01 9.99972466730475e+04 
6.15841213812268e+01 9.99978386412478e+04 
6.17419872970758e+01 9.99985722876619e+04 
6.18998556369791e+01 9.99992974787139e+04 
6.20577270573682e+01 1.00000080331565e+05 
6.22156028064752e+01 1.00000785057595e+05 
6.23734839507439e+01 1.00001467897052e+05 
6.25313719458757e+01 1.00002207474437e+05 
6.26892653364233e+01 1.00002896907475e+05 
6.28471589494630e+01 1.00003497388606e+05 
6.30050539658638e+01 1.00004228195057e+05 
6.31629516032019e+01 1.00004900677014e+05 
6.33208526762621e+01 1.00005582968397e+05 
6.34787557016783e+01 1.00006285916001e+05 
6.36366621209855e+01 1.00006693090407e+05 
6.37945707388512e+01 1.00006900993047e+05 
6.39524799651022e+01 1.00007321485461e+05 
6.41103898945289e+01 1.00007737205859e+05 
6.42682996768123e+01 1.00008197399523e+05 
6.44262099946042e+01 1.00008604763884e+05 
6.45841203235132e+01 1.00008619293640e+05 
6.47420308141056e+01 1.00008421969686e+05 
6.48999413857551e+01 1.00008348890323e+05 
6.50578522130705e+01 1.00008345724162e+05 
6.52157621383260e+01 1.00008413210855e+05 
6.53736716684331e+01 1.00008367013337e+05 
6.55315818735089e+01 1.00007908378900e+05 
6.56894924466357e+01 1.00007236331063e+05 
6.58474019305714e+01 1.00006587833628e+05 
6.60053094171804e+01 1.00006036886281e+05 
6.61632151021049e+01 1.00005563543349e+05 
6.63211194929648e+01 1.00004992701878e+05 
6.64790238951629e+01 1.00004122128944e+05 
6.66369283078166e+01 1.00003160431194e+05 
6.67948331393927e+01 1.00002092861607e+05 
6.69527394440034e+01 1.00001103154776e+05 
6.71106470639483e+01 1.00000163748955e+05 
6.72685553183821e+01 9.99991371495558e+04 
6.74264597024061e+01 9.99981029705949e+04 
6.75843590419925e+01 9.99970964632585e+04 
6.77422535684911e+01 9.99959346420198e+04 
6.79001426201263e+01 9.99948735137469e+04 
6.80580282864847e+01 9.99937654352618e+04 
6.82159111158328e+01 9.99926710368049e+04 
6.83737930861987e+01 9.99919110161807e+04 
6.85316731580176e+01 9.99913646176598e+04 
6.86895517906449e+01 9.99906238231691e+04 
6.88474307150474e+01 9.99899350620978e+04 
6.90053081989569e+01 9.99891890439890e+04 
6.91631854542290e+01 9.99884806672440e+04 
6.93210605590817e+01 9.99883693021594e+04 
6.94789329603387e+01 9.99885716496345e+04 
6.96368026296308e+01 9.99885897074339e+04 
6.97946722052352e+01 9.99885305087328e+04 
6.99525422636531e+01 9.99884025984057e+04 
7.01104134175452e+01 9.99884248367832e+04 
7.02682863349460e+01 9.99889733147609e+04 
7.04261613776249e+01 9.99898003246036e+04 
7.05840389189998e+01 9.99905621657879e+04 
7.07419152096647e+01 9.99911847761712e+04 
7.08997875851045e+01 9.99916716542133e+04 
7.10576561988164e+01 9.99922818398817e+04 
7.12155224399363e+01 9.99932925962083e+04 
7.13733888211252e+01 9.99944109382496e+04 
7.15312552146323e+01 9.99956042259435e+04 
7.16891217538037e+01 9.99966153236033e+04 
7.18469894024299e+01 9.99975047834340e+04 
7.20048591249784e+01 9.99984462480401e+04 
7.21627323468697e+01 9.99994478913892e+04 
7.23206109024455e+01 1.00000456728727e+05 
7.24784954490941e+01 1.00001583494824e+05 
7.26363845290400e+01 1.00002572909434e+05 
7.27942734676224e+01 1.00003522062979e+05 
7.29521620226019e+01 1.00004455223845e+05 
7.31100537643340e+01 1.00005141397123e+05 
7.32679464204612e+01 1.00005699990488e+05 
7.34258410448585e+01 1.00006465155902e+05 
7.35837409539245e+01 1.00007159275518e+05 
7.37416437257822e+01 1.00007894361703e+05 
7.38995475254834e+01 1.00008643114211e+05 
7.40574552767677e+01 1.00008852928294e+05 
7.42153656889771e+01 1.00008830387755e+05 
7.43732764020060e+01 1.00009025506725e+05 
7.45311875013272e+01 1.00009291878405e+05 
7.46890982702211e+01 1.00009648526444e+05 
7.48470091952905e+01 1.00009876370056e+05 
7.50049203089887e+01 1.00009617106659e+05 
7.51628314776675e+01 1.00009100425928e+05 
7.53207423108823e+01 1.00008661075405e+05 
7.54786534052723e+01 1.00008335802780e+05 
7.56365652919325e+01 1.00008153386909e+05 
7.57944760696322e+01 1.00007856705778e+05 
7.59523842322763e+01 1.00007094568716e+05 
7.61102907052860e+01 1.00006174214486e+05 
7.62681956345978e+01 1.00005190607635e+05 
7.64260997846199e+01 1.00004327742837e+05 
7.65840035006254e+01 1.00003560779163e+05 
7.67419079524643e+01 1.00002712175836e+05 
7.68998130220342e+01 1.00001676583792e+05 
7.70577190529444e+01 1.00000573940521e+05 
7.72156246322281e+01 9.99993238281773e+04 
7.73735304351853e+01 9.99981885883219e+04 
7.75314321962536e+01 9.99970961911283e+04 
7.76893280918668e+01 9.99959668487095e+04 
7.78472194406838e+01 9.99950008931259e+04 
7.80051082848022e+01 9.99941638538435e+04 
7.81629925315635e+01 9.99931364250857e+04 
7.83208748693117e+01 9.99921916935298e+04 
7.84787573742400e+01 9.99912320392244e+04 
7.86366399901977e+01 9.99902433462553e+04 
7.87945213840157e+01 9.99898044084524e+04 
7.89524022580153e+01 9.99896844025357e+04 
7.91102822345851e+01 9.99892969621984e+04 
7.92681598504246e+01 9.99889131009723e+04 
7.94260346032737e+01 9.99884928591987e+04 
7.95839065415183e+01 9.99882137699166e+04 
7.97417762739281e+01 9.99884563557943e+04 
7.98996452426869e+01 9.99890195269292e+04 
8.00575144475735e+01 9.99894804892968e+04 
8.02153853484350e+01 9.99898437622899e+04 
8.03732595753060e+01 9.99900892348453e+04 
8.05311360044327e+01 9.99904778297978e+04 
8.06890123775687e+01 9.99913673353447e+04 
8.08468842047536e+01 9.99924377330387e+04 
8.10047525333100e+01 9.99935265811720e+04 
8.11626191499556e+01 9.99944599519791e+04 
8.13204847650461e+01 9.99952692669902e+04 
8.14783488435453e+01 9.99961512948866e+04 
8.16362118439805e+01 9.99972349114838e+04 
8.17940760681954e+01 9.99983630592844e+04 
8.19519420697887e+01 9.99995826888862e+04 
8.21098112939899e+01 1.00000665429580e+05 
8.22676847318654e+01 1.00001668572373e+05 
8.24255638214298e+01 1.00002680637446e+05 
8.25834499430324e+01 1.00003560684451e+05 
8.27413394366513e+01 1.00004347596906e+05 
8.28992294477559e+01 1.00005308231712e+05 
8.30571223195795e+01 1.00006177521832e+05 
8.32150170578953e+01 1.00007081358411e+05 
8.33729147817309e+01 1.00007979416852e+05 
8.35308144311052e+01 1.00008442837589e+05 
8.36887168341859e+01 1.00008633108836e+05 
8.38466229777523e+01 1.00009117820816e+05 
8.40045316549114e+01 1.00009609647607e+05 
8.41624411095586e+01 1.00010125495857e+05 
8.43203503968559e+01 1.00010600598889e+05 
8.44782605557664e+01 1.00010575505139e+05 
8.46361711006565e+01 1.00010249503437e+05 
8.47940815795453e+01 1.00010060579914e+05 
8.49519911103720e+01 1.00009984045074e+05 
8.51098990973984e+01 1.00010041833115e+05 
8.52678065112851e+01 1.00009983621169e+05 
8.54257138686154e+01 1.00009438828310e+05 
8.55836217801970e+01 1.00008638192481e+05 
8.57415292183254e+01 1.00007868148149e+05 
8.58994341398339e+01 1.00007244526427e+05 
8.60573367332196e+01 1.00006755841032e+05 
8.62152374038746e+01 1.00006192710464e+05 
8.63731375811182e+01 1.00005256255631e+05 
8.65310375987192e+01 1.00004208721664e+05 
8.66889375552248e+01 1.00003063090181e+05 
8.68468385039286e+01 1.00002031210367e+05 
8.70047412609430e+01 1.00001086119243e+05 
8.71626443614392e+01 1.00000084079175e+05 
8.73205479962068e+01 9.99990540482571e+04 
8.74784503206073e+01 9.99980265177946e+04 
8.76363495572885e+01 9.99968298134686e+04 
8.77942431849901e+01 9.99957576242622e+04 
8.79521325309210e+01 9.99946394769392e+04 
8.81100185611205e+01 9.99935433588593e+04 
8.82679028525337e+01 9.99927719296461e+04 
8.84257843073351e+01 9.99921989255106e+04 
8.85836638116007e+01 9.99914187130180e+04 
8.87415446242167e+01 9.99906986273226e+04 
8.88994240315965e+01 9.99899124141266e+04 
8.90573022819536e+01 9.99891622263486e+04 
8.92151767527825e+01 9.99890011292201e+04 
8.93730477224399e+01 9.99891621623007e+04 
8.95309156458027e+01 9.99891409631257e+04 
8.96887826912112e+01 9.99890493624456e+04 
8.98466499713213e+01 9.99888942749329e+04 
9.00045176380459e+01 9.99888779199669e+04 
9.01623865154936e+01 9.99893900805349e+04 
9.03202569356564e+01 9.99901962690056e+04 
9.04781297063303e+01 9.99909374647735e+04 
9.06360054524564e+01 9.99915671074769e+04 
9.07938823357972e+01 9.99920719529121e+04 
9.09517541470789e+01 9.99926778600878e+04 
9.11096225648372e+01 9.99936851956136e+04 
9.12674903529327e+01 9.99948053123311e+04 
9.14253570626701e+01 9.99959981663666e+04 
9.15832226822998e+01 9.99970184974062e+04 
9.17410881565195e+01 9.99979192018086e+04 
9.18989546135373e+01 9.99988612841651e+04 
9.20568232887804e+01 9.99998590587149e+04 
9.22146961573564e+01 1.00000860078019e+05 
9.23725738596910e+01 1.00001978021881e+05 
9.25304579588404e+01 1.00002963720152e+05 
9.26883440768282e+01 1.00003941408489e+05 
9.28462302163992e+01 1.00004883202959e+05 
9.30041188904351e+01 1.00005585825726e+05 
9.31620089406748e+01 1.00006147043478e+05 
9.33199003766930e+01 1.00006915829891e+05 
9.34777965434557e+01 1.00007614409073e+05 
9.36356962709857e+01 1.00008364766188e+05 
9.37935970223798e+01 1.00009137292990e+05 
9.39515016043418e+01 1.00009387000412e+05 
9.41094095639123e+01 1.00009377394152e+05 
9.42673176496791e+01 1.00009600538479e+05 
9.44252272261732e+01 1.00009889593781e+05 
9.45831367419679e+01 1.00010255059735e+05 
9.47410472060425e+01 1.00010495112314e+05 
9.48989573503301e+01 1.00010269422185e+05 
9.50568658739766e+01 1.00009749281793e+05 
9.52147728697819e+01 1.00009336933583e+05 
9.53726794597599e+01 1.00009028318910e+05 
9.55305867647987e+01 1.00008861685208e+05 
9.56884942753968e+01 1.00008581748272e+05 
9.58463997516093e+01 1.00007864090537e+05 
9.60043026249207e+01 1.00006941915106e+05 
9.61622035600294e+01 1.00005987687043e+05 
9.63201032160052e+01 1.00005162087391e+05 
9.64780023140949e+01 1.00004434152697e+05 
9.66359014564617e+01 1.00003624483811e+05 
9.67938016196219e+01 1.00002609941915e+05 
9.69517021660862e+01 1.00001491629722e+05 
9.71096039307884e+01 1.00000255419369e+05 
9.72675053659434e+01 9.99991279790492e+04 
9.74254084969254e+01 9.99980491234079e+04 
9.75833089937247e+01 9.99969310433746e+04 
9.77412039501997e+01 9.99959327063760e+04 
9.78990956464850e+01 9.99950235105161e+04 
9.80569824734498e+01 9.99939373813944e+04 
9.82148662686850e+01 9.99929505571420e+04 
9.83727491375352e+01 9.99919241649704e+04 
9.85306321990684e+01 9.99909141829110e+04 
9.86885141869873e+01 9.99903590494400e+04 
9.88463960415929e+01 9.99900973404218e+04 
9.90042760737878e+01 9.99896000743406e+04 
9.91621528526767e+01 9.99891055401409e+04 
9.93200261516929e+01 9.99886018115053e+04 
9.94778958586317e+01 9.99881664807083e+04 
9.96357631314534e+01 9.99882668716182e+04 
9.97936285106285e+01 9.99887395388255e+04 
9.99514940149456e+01 9.99890759709094e+04 
1.00109360548212e+02 9.99893288059216e+04 
