# Liste des scalaires : TEMPS pmat 
0.00000000000000e+00 1.00000000000000e+05 
1.58013544018059e-01 1.00000000000000e+05 
3.16027088036117e-01 1.00000000000000e+05 
4.74040632054176e-01 1.00000000000000e+05 
6.32054176072234e-01 1.00000000000000e+05 
7.90067720090293e-01 1.00000000000000e+05 
9.48081264108351e-01 1.00000000000000e+05 
1.10609480812641e+00 1.00000000000000e+05 
1.26410835214447e+00 1.00000000000000e+05 
1.42212189616253e+00 1.00000000000000e+05 
1.58013544018058e+00 1.00000000000000e+05 
1.73814898419864e+00 1.00000000000000e+05 
1.89616252821670e+00 1.00000000000000e+05 
2.05417607223476e+00 1.00000000000000e+05 
2.21218961625282e+00 1.00000000000000e+05 
2.37020316027088e+00 1.00000000000000e+05 
2.52821670428893e+00 1.00000000000000e+05 
2.68623024830699e+00 1.00000000000000e+05 
2.84424379232505e+00 1.00000000000000e+05 
3.00225733634311e+00 1.00000000000000e+05 
3.16027088036116e+00 1.00000000000000e+05 
3.31828442437922e+00 1.00000000000000e+05 
3.47629796839728e+00 1.00000000000000e+05 
3.63431151241534e+00 1.00000000000000e+05 
3.79232505643340e+00 1.00000000000000e+05 
3.95033860045145e+00 1.00000000000000e+05 
4.10835214446951e+00 1.00000000000000e+05 
4.26636568848757e+00 1.00000000000000e+05 
4.42437923250563e+00 1.00000000000000e+05 
4.58239277652368e+00 1.00000000000000e+05 
4.74040632054174e+00 1.00000000000000e+05 
4.89841986455980e+00 1.00000000000000e+05 
5.05643340857771e+00 1.00000000000000e+05 
5.21444695259555e+00 1.00000000000000e+05 
5.37246049661106e+00 1.00000000000000e+05 
5.53047404062163e+00 1.00000000000000e+05 
5.68848758460807e+00 1.00000000000000e+05 
5.84650112860433e+00 1.00000000000000e+05 
6.00451467131846e+00 1.00000000000000e+05 
6.16252820860419e+00 1.00000000000000e+05 
6.32054173855849e+00 1.00000000000000e+05 
6.47855526263600e+00 1.00000000000000e+05 
6.63656878322570e+00 1.00000000000000e+05 
6.79458230116958e+00 1.00000000000000e+05 
6.95259581572868e+00 1.00000000000000e+05 
7.11060926486710e+00 1.00000000000000e+05 
7.26862123211782e+00 1.00000000000000e+05 
7.42662869286748e+00 1.00000000000000e+05 
7.58462797993242e+00 1.00000000000000e+05 
7.74261562363004e+00 1.00000000000000e+05 
7.90058972087802e+00 1.00000000000000e+05 
8.05854876760864e+00 1.00000000000000e+05 
8.21649327583521e+00 1.00000000000000e+05 
8.37442375590179e+00 1.00000000000000e+05 
8.53234121474706e+00 1.00000000000000e+05 
8.69024692780629e+00 1.00000000000000e+05 
8.84814294511368e+00 1.00000000000000e+05 
9.00603027516490e+00 1.00000000000000e+05 
9.16391060602912e+00 1.00000000000000e+05 
9.32178516379403e+00 1.00000000000000e+05 
9.47965513838773e+00 1.00000000000000e+05 
9.63751817790166e+00 1.00000000000000e+05 
9.79537550224774e+00 1.00000000000000e+05 
9.95322697641788e+00 1.00000000000000e+05 
1.01110732028936e+01 1.00000000000000e+05 
1.02689146274544e+01 1.00000000000000e+05 
1.04267523201822e+01 1.00000000000000e+05 
1.05845878187241e+01 1.00000000000000e+05 
1.07424234235056e+01 1.00000000000000e+05 
1.09002605183067e+01 1.00000000000000e+05 
1.10581011989153e+01 1.00000000000000e+05 
1.12159469760981e+01 1.00000000000000e+05 
1.13737958277871e+01 1.00000000000000e+05 
1.15316485112955e+01 1.00000000000000e+05 
1.16895059234703e+01 1.00000000000000e+05 
1.18473678135275e+01 1.00000000000000e+05 
1.20052343190564e+01 1.00000000000000e+05 
1.21631037930394e+01 1.00000000000000e+05 
1.23209755736488e+01 1.00000000000000e+05 
1.24788506295067e+01 1.00000000000000e+05 
1.26367295773036e+01 1.00000000000000e+05 
1.27946116815903e+01 1.00000000000000e+05 
1.29524970895918e+01 1.00000000000000e+05 
1.31103853882209e+01 1.00000000000000e+05 
1.32682764852580e+01 1.00000000000000e+05 
1.34261706139616e+01 1.00000000000000e+05 
1.35840685957871e+01 1.00000000000000e+05 
1.37419698795382e+01 1.00000000000000e+05 
1.38998748238769e+01 1.00000000000000e+05 
1.40577825863761e+01 1.00000000000000e+05 
1.42156900780669e+01 1.00000000000000e+05 
1.43735971547495e+01 1.00000000000000e+05 
1.45315042337418e+01 1.00000000000000e+05 
1.46894115576050e+01 1.00000000000000e+05 
1.48473186395545e+01 1.00000000000000e+05 
1.50052256719272e+01 1.00000000000000e+05 
1.51631330578148e+01 1.00000000000000e+05 
1.53210408171837e+01 1.00000000000000e+05 
1.54789489338296e+01 1.00000000000000e+05 
1.56368576354914e+01 1.00000000000000e+05 
1.57947669611646e+01 1.00000000000000e+05 
1.59526770505537e+01 1.00000000000000e+05 
1.61105878565459e+01 1.00000000000000e+05 
1.62684993007154e+01 1.00000000000000e+05 
1.64264117696543e+01 1.00000000000000e+05 
1.65843252894251e+01 1.00000000000000e+05 
1.67422394503545e+01 1.00000000000000e+05 
1.69001543231263e+01 1.00000000000000e+05 
1.70580702178261e+01 1.00000000000000e+05 
1.72159869071440e+01 1.00000000000000e+05 
1.73739045484328e+01 1.00000000000000e+05 
1.75318230870977e+01 1.00000000000000e+05 
1.76897420386758e+01 1.00000000000000e+05 
1.78476617082648e+01 1.00000000000000e+05 
1.80055822852594e+01 1.00000000000000e+05 
1.81635032871374e+01 1.00000000000000e+05 
1.83214252006964e+01 1.00000000000000e+05 
1.84793480458620e+01 1.00000000000000e+05 
1.86372715456650e+01 1.00000000000000e+05 
1.87951957601081e+01 1.00000000000000e+05 
1.89531209484135e+01 1.00000000000000e+05 
1.91110441089809e+01 1.00000000000000e+05 
1.92689571504680e+01 1.00000000000000e+05 
1.94268607791625e+01 1.00000000000000e+05 
1.95847566159270e+01 1.00000000000000e+05 
1.97426455229279e+01 1.00000000000000e+05 
1.99005279081235e+01 1.00000000000000e+05 
2.00584049686281e+01 1.00000000000000e+05 
2.02162789927353e+01 1.00000000000000e+05 
2.03741510118332e+01 1.00000000000000e+05 
2.05320225312322e+01 1.00000000000000e+05 
2.06898943694514e+01 1.00000000000000e+05 
2.08477672335517e+01 1.00000000000000e+05 
2.10056381883608e+01 1.00000000000000e+05 
2.11635073392954e+01 1.00000000000000e+05 
2.13213744206154e+01 1.00000000000000e+05 
2.14792406064660e+01 1.00000000000000e+05 
2.16371055052497e+01 1.00000000000000e+05 
2.17949698598769e+01 1.00000000000000e+05 
2.19528346543289e+01 1.00000000000000e+05 
2.21107022379036e+01 1.00000000000000e+05 
2.22685735446671e+01 1.00000000000000e+05 
2.24264499128177e+01 1.00000000000000e+05 
2.25843313783613e+01 1.00000000000003e+05 
2.27422178371839e+01 1.00000000000006e+05 
2.29001082195325e+01 1.00000000014273e+05 
2.30580026165052e+01 1.00000000394198e+05 
2.32159006750456e+01 1.00000001200944e+05 
2.33738008250518e+01 1.00000002465146e+05 
2.35317021841015e+01 1.00000004746436e+05 
2.36896047805334e+01 1.00000009298530e+05 
2.38475089535193e+01 1.00000018502352e+05 
2.40054144059897e+01 1.00000034393327e+05 
2.41633212527943e+01 1.00000063568984e+05 
2.43212294708959e+01 1.00000111866545e+05 
2.44791391765311e+01 1.00000190245817e+05 
2.46370501927731e+01 1.00000319844678e+05 
2.47949629062368e+01 1.00000535383889e+05 
2.49528766385629e+01 1.00000848395914e+05 
2.51107912664912e+01 1.00001316279014e+05 
2.52687065421895e+01 1.00001949188201e+05 
2.54266227275827e+01 1.00002775266608e+05 
2.55845402635157e+01 1.00003871322614e+05 
2.57424589006128e+01 1.00005316982843e+05 
2.59003774090588e+01 1.00007037511252e+05 
2.60582956021659e+01 1.00009075319108e+05 
2.62162142568713e+01 1.00011330308618e+05 
2.63741334755089e+01 1.00013705852444e+05 
2.65320531896202e+01 1.00016296237255e+05 
2.66899728755107e+01 1.00019137951180e+05 
2.68478922917635e+01 1.00022082065966e+05 
2.70058116301977e+01 1.00024994752505e+05 
2.71637307927613e+01 1.00027809467561e+05 
2.73216502821697e+01 1.00030309022986e+05 
2.74795690311203e+01 1.00032641224118e+05 
2.76374879055499e+01 1.00034808380574e+05 
2.77954041756501e+01 1.00036816818174e+05 
2.79533191433170e+01 1.00038337483438e+05 
2.81112322788099e+01 1.00039441782775e+05 
2.82691420252821e+01 1.00039809209543e+05 
2.84270498359011e+01 1.00039628797706e+05 
2.85849551367456e+01 1.00038882572459e+05 
2.87428577035279e+01 1.00037859143418e+05 
2.89007576935424e+01 1.00036269221318e+05 
2.90586554385742e+01 1.00034270831699e+05 
2.92165508783833e+01 1.00031637409439e+05 
2.93744443359554e+01 1.00028507000230e+05 
2.95323353920958e+01 1.00024911258640e+05 
2.96902253081402e+01 1.00021064340956e+05 
2.98481142776169e+01 1.00016846111587e+05 
3.00059979647156e+01 1.00012411512263e+05 
3.01638770985754e+01 1.00007768347793e+05 
3.03217523516603e+01 1.00002934216202e+05 
3.04796254231717e+01 9.99979195267521e+04 
3.06374979890028e+01 9.99927842717295e+04 
3.07953682566008e+01 9.99876649161525e+04 
3.09532360866590e+01 9.99826031362340e+04 
3.11111009485845e+01 9.99778044993452e+04 
3.12689642148262e+01 9.99731749241139e+04 
3.14268269801884e+01 9.99686976027758e+04 
3.15846899752751e+01 9.99642833711117e+04 
3.17425539745552e+01 9.99602465006292e+04 
3.19004203627167e+01 9.99564881347706e+04 
3.20582896401381e+01 9.99533426526950e+04 
3.22161632234601e+01 9.99506610099237e+04 
3.23740425511432e+01 9.99484062428560e+04 
3.25319290751244e+01 9.99463917222664e+04 
3.26898202982419e+01 9.99449944764762e+04 
3.28477131228900e+01 9.99440158187043e+04 
3.30056072961437e+01 9.99437896571858e+04 
3.31635023672678e+01 9.99441478275402e+04 
3.33213991393358e+01 9.99450983084711e+04 
3.34792973573956e+01 9.99463762293899e+04 
3.36371967535133e+01 9.99482504241560e+04 
3.37950973023584e+01 9.99506228585750e+04 
3.39529995672097e+01 9.99536768534310e+04 
3.41109029852060e+01 9.99572266643430e+04 
3.42688076087386e+01 9.99612940661572e+04 
3.44267132713632e+01 9.99657202219183e+04 
3.45846196509400e+01 9.99706520892616e+04 
3.47425273496765e+01 9.99758840494496e+04 
3.49004361808860e+01 9.99814137527390e+04 
3.50583454950604e+01 9.99871665854638e+04 
3.52162538750963e+01 9.99932028038116e+04 
3.53741611804014e+01 9.99994651297206e+04 
3.55320682312856e+01 1.00005784571592e+05 
3.56899754216115e+01 1.00012086607466e+05 
3.58478829107651e+01 1.00018113647029e+05 
3.60057904151544e+01 1.00023893190754e+05 
3.61636981099972e+01 1.00029498613579e+05 
3.63216068904539e+01 1.00035073550525e+05 
3.64795154283054e+01 1.00040208530357e+05 
3.66374236436593e+01 1.00045020060874e+05 
3.67953327010769e+01 1.00049073523861e+05 
3.69532427717678e+01 1.00052487775854e+05 
3.71111532244148e+01 1.00055322890269e+05 
3.72690630548262e+01 1.00057896451202e+05 
3.74269718145581e+01 1.00059715188300e+05 
3.75848778454541e+01 1.00061019407813e+05 
3.77427791017932e+01 1.00061417268870e+05 
3.79006746564164e+01 1.00061058159223e+05 
3.80585658512143e+01 1.00059962099431e+05 
3.82164521350274e+01 1.00058504920811e+05 
3.83743339522929e+01 1.00056316404921e+05 
3.85322143263643e+01 1.00053631283373e+05 
3.86900941565614e+01 1.00050241149728e+05 
3.88479738779336e+01 1.00046295147862e+05 
3.90058528607593e+01 1.00041808348853e+05 
3.91637297505779e+01 1.00036937066164e+05 
3.93216059461941e+01 1.00031597760233e+05 
3.94794833120710e+01 1.00025921299723e+05 
3.96373600136444e+01 1.00020009610246e+05 
3.97952355988724e+01 1.00013895981128e+05 
3.99531105564116e+01 1.00007499416047e+05 
4.01109853768128e+01 1.00000768356043e+05 
4.02688608742397e+01 9.99939627336494e+04 
4.04267381798270e+01 9.99870132726763e+04 
4.05846137319020e+01 9.99803810657877e+04 
4.07424858509869e+01 9.99739578718884e+04 
4.09003545163728e+01 9.99676622931466e+04 
4.10582217788816e+01 9.99612878782195e+04 
4.12160877638797e+01 9.99553598752201e+04 
4.13739537347660e+01 9.99496779618445e+04 
4.15318203524083e+01 9.99447932775268e+04 
4.16896877430492e+01 9.99405668107779e+04 
4.18475567572815e+01 9.99368707370566e+04 
4.20054296452478e+01 9.99333982029282e+04 
4.21633067849416e+01 9.99306603289463e+04 
4.23211896909693e+01 9.99284135826137e+04 
4.24790781339048e+01 9.99271655143102e+04 
4.26369644682292e+01 9.99266707005091e+04 
4.27948546539027e+01 9.99268876478462e+04 
4.29527445839470e+01 9.99274396167817e+04 
4.31106359297670e+01 9.99286780819721e+04 
4.32685306520852e+01 9.99304739329911e+04 
4.34264288504664e+01 9.99332021058667e+04 
4.35843293098335e+01 9.99365782525941e+04 
4.37422323857132e+01 9.99405482027988e+04 
4.39001362271449e+01 9.99449091948803e+04 
4.40580408935821e+01 9.99498521127806e+04 
4.42159461004656e+01 9.99552463231730e+04 
4.43738520952394e+01 9.99610999207069e+04 
4.45317586334686e+01 9.99672658387090e+04 
4.46896655731558e+01 9.99737988015732e+04 
4.48475732386247e+01 9.99806471647401e+04 
4.50054818277984e+01 9.99876743026781e+04 
4.51633912296472e+01 9.99948811407615e+04 
4.53213012689940e+01 1.00001972707229e+05 
4.54792124514439e+01 1.00008869887327e+05 
4.56371248172869e+01 1.00015686835960e+05 
4.57950380337933e+01 1.00022556960927e+05 
4.59529529680012e+01 1.00029060432815e+05 
4.61108663642278e+01 1.00035365196949e+05 
4.62687784498702e+01 1.00040952621716e+05 
4.64266899654798e+01 1.00045917025519e+05 
4.65846018793389e+01 1.00050369286425e+05 
4.67425141840204e+01 1.00054591089572e+05 
4.69004273753813e+01 1.00058068932723e+05 
4.70583412575278e+01 1.00061116926931e+05 
4.72162558287896e+01 1.00063208404387e+05 
4.73741661075397e+01 1.00064571146502e+05 
4.75320700293228e+01 1.00065261126391e+05 
4.76899693645184e+01 1.00065600122250e+05 
4.78478625125830e+01 1.00065195720712e+05 
4.80057508638390e+01 1.00064354358880e+05 
4.81636362087960e+01 1.00062671719846e+05 
4.83215191917349e+01 1.00060386990511e+05 
4.84794017791262e+01 1.00057529828970e+05 
4.86372824178603e+01 1.00054331811987e+05 
4.87951610644304e+01 1.00050578082546e+05 
4.89530401011878e+01 1.00046465225538e+05 
4.91109183405868e+01 1.00041906761722e+05 
4.92687968866861e+01 1.00037074499817e+05 
4.94266754364972e+01 1.00031913966628e+05 
4.95845515595664e+01 1.00026510891992e+05 
4.97424261075137e+01 1.00020876146821e+05 
4.99003006335041e+01 1.00015055499629e+05 
5.00581763017773e+01 1.00009247848973e+05 
5.02160540122954e+01 1.00003499760073e+05 
5.03739320513093e+01 9.99977445592954e+04 
5.05318084517488e+01 9.99919178184211e+04 
5.06896830101217e+01 9.99862805746044e+04 
5.08475554530749e+01 9.99807196270373e+04 
5.10054253922244e+01 9.99756023078582e+04 
5.11632927122317e+01 9.99708594847544e+04 
5.13211591090027e+01 9.99663965644868e+04 
5.14790271138448e+01 9.99620115454570e+04 
5.16368950153983e+01 9.99580613253917e+04 
5.17947643683201e+01 9.99543770285404e+04 
5.19526361004011e+01 9.99513953280823e+04 
5.21105113953299e+01 9.99489180278192e+04 
5.22683913894592e+01 9.99468843403581e+04 
5.24262776968112e+01 9.99450750915214e+04 
5.25841708838473e+01 9.99438713405702e+04 
5.27420666524036e+01 9.99430072284320e+04 
5.28999618489546e+01 9.99429212533896e+04 
5.30578577998667e+01 9.99432991402637e+04 
5.32157572283380e+01 9.99442337271823e+04 
5.33736576041167e+01 9.99454811553164e+04 
5.35315607809438e+01 9.99473723735012e+04 
5.36894666299000e+01 9.99496512558513e+04 
5.38473734460421e+01 9.99524997868030e+04 
5.40052812691421e+01 9.99558010270472e+04 
5.41631892761518e+01 9.99595921331252e+04 
5.43210976391154e+01 9.99637123713453e+04 
5.44790065647947e+01 9.99683128472319e+04 
5.46369153234515e+01 9.99732480828522e+04 
5.47948247591204e+01 9.99784313357721e+04 
5.49527345816088e+01 9.99838256577878e+04 
5.51106448015583e+01 9.99895013438799e+04 
5.52685553466649e+01 9.99954235417953e+04 
5.54264665842849e+01 1.00001451097438e+05 
5.55843786559346e+01 1.00007565012390e+05 
5.57422916964500e+01 1.00013429237676e+05 
5.59002049245996e+01 1.00019088179426e+05 
5.60581165652534e+01 1.00024639092110e+05 
5.62160267790978e+01 1.00030207467388e+05 
5.63739360456862e+01 1.00035406285440e+05 
5.65318446490167e+01 1.00040350790209e+05 
5.66897535039061e+01 1.00044601867185e+05 
5.68476637724107e+01 1.00048266937209e+05 
5.70055749148130e+01 1.00051417493058e+05 
5.71634862686760e+01 1.00054323791353e+05 
5.73213958959964e+01 1.00056526860718e+05 
5.74793010243427e+01 1.00058238985215e+05 
5.76372006427965e+01 1.00059066217540e+05 
5.77950939663717e+01 1.00059209381105e+05 
5.79529832749989e+01 1.00058652468582e+05 
5.81108693165340e+01 1.00057800825730e+05 
5.82687509560842e+01 1.00056266674328e+05 
5.84266313769464e+01 1.00054235378549e+05 
5.85845125473362e+01 1.00051497607493e+05 
5.87423932111164e+01 1.00048200666829e+05 
5.89002729936823e+01 1.00044373354582e+05 
5.90581527151859e+01 1.00040223714751e+05 
5.92160322137457e+01 1.00035597177959e+05 
5.93739114996228e+01 1.00030660783993e+05 
5.95317886882425e+01 1.00025500921724e+05 
5.96896638636060e+01 1.00020157526210e+05 
5.98475378197668e+01 1.00014564838336e+05 
6.00054119865173e+01 1.00008729979541e+05 
6.01632862541559e+01 1.00002798301870e+05 
6.03211632133958e+01 9.99967589339551e+04 
6.04790393685606e+01 9.99909593262806e+04 
6.06369130750726e+01 9.99853696057807e+04 
6.07947845152142e+01 9.99799024437586e+04 
6.09526543879465e+01 9.99743716369548e+04 
6.11105223433906e+01 9.99691482661721e+04 
6.12683891572993e+01 9.99641092017989e+04 
6.14262556334736e+01 9.99596550590206e+04 
6.15841213812268e+01 9.99557092137897e+04 
6.17419872970758e+01 9.99521555156916e+04 
6.18998556369791e+01 9.99487247290156e+04 
6.20577270573682e+01 9.99458707488538e+04 
6.22156028064752e+01 9.99433653544643e+04 
6.23734839507439e+01 9.99416328736198e+04 
6.25313719458757e+01 9.99405022957088e+04 
6.26892653364233e+01 9.99399253043965e+04 
6.28471589494630e+01 9.99396151261457e+04 
6.30050539658638e+01 9.99399639732089e+04 
6.31629516032019e+01 9.99407241334871e+04 
6.33208526762621e+01 9.99422048448773e+04 
6.34787557016783e+01 9.99442463255264e+04 
6.36366621209855e+01 9.99468263371382e+04 
6.37945707388512e+01 9.99497391477659e+04 
6.39524799651022e+01 9.99532197008579e+04 
6.41103898945289e+01 9.99570731232703e+04 
6.42682996768123e+01 9.99613339746215e+04 
6.44262099946042e+01 9.99658954824037e+04 
6.45841203235132e+01 9.99707983625836e+04 
6.47420308141056e+01 9.99759768047383e+04 
6.48999413857551e+01 9.99814388199796e+04 
6.50578522130705e+01 9.99870995108836e+04 
6.52157621383260e+01 9.99927525508268e+04 
6.53736716684331e+01 9.99983740089930e+04 
6.55315818735089e+01 1.00004015296648e+05 
6.56894924466357e+01 1.00009774976580e+05 
6.58474019305714e+01 1.00015376068460e+05 
6.60053094171804e+01 1.00020892625696e+05 
6.61632151021049e+01 1.00025949982789e+05 
6.63211194929648e+01 1.00030599583294e+05 
6.64790238951629e+01 1.00034922189221e+05 
6.66369283078166e+01 1.00039171479609e+05 
6.67948331393927e+01 1.00042927706209e+05 
6.69527394440034e+01 1.00046371905941e+05 
6.71106470639483e+01 1.00049100229611e+05 
6.72685553183821e+01 1.00051260129779e+05 
6.74264597024061e+01 1.00052859473335e+05 
6.75843590419925e+01 1.00054201407903e+05 
6.77422535684911e+01 1.00054867144804e+05 
6.79001426201263e+01 1.00055161945509e+05 
6.80580282864847e+01 1.00054770430887e+05 
6.82159111158328e+01 1.00053804101059e+05 
6.83737930861987e+01 1.00052277130654e+05 
6.85316731580176e+01 1.00050468428794e+05 
6.86895517906449e+01 1.00048074051852e+05 
6.88474307150474e+01 1.00045351997926e+05 
6.90053081989569e+01 1.00042209017160e+05 
6.91631854542290e+01 1.00038722415808e+05 
6.93210605590817e+01 1.00034896844253e+05 
6.94789329603387e+01 1.00030823413037e+05 
6.96368026296308e+01 1.00026423963123e+05 
6.97946722052352e+01 1.00021854275254e+05 
6.99525422636531e+01 1.00017248433660e+05 
7.01104134175452e+01 1.00012595852501e+05 
7.02682863349460e+01 1.00007866556250e+05 
7.04261613776249e+01 1.00002973715268e+05 
7.05840389189998e+01 9.99980727185987e+04 
7.07419152096647e+01 9.99931809013853e+04 
7.08997875851045e+01 9.99885923768841e+04 
7.10576561988164e+01 9.99842468847912e+04 
7.12155224399363e+01 9.99800632904574e+04 
7.13733888211252e+01 9.99758311998526e+04 
7.15312552146323e+01 9.99718575495622e+04 
7.16891217538037e+01 9.99680149568998e+04 
7.18469894024299e+01 9.99646951067312e+04 
7.20048591249784e+01 9.99618101234543e+04 
7.21627323468697e+01 9.99592719238405e+04 
7.23206109024455e+01 9.99568491433348e+04 
7.24784954490941e+01 9.99549219337441e+04 
7.26363845290400e+01 9.99532868971312e+04 
7.27942734676224e+01 9.99522594114917e+04 
7.29521620226019e+01 9.99517384238629e+04 
7.31100537643340e+01 9.99517250367930e+04 
7.32679464204612e+01 9.99519231489687e+04 
7.34258410448585e+01 9.99526927582661e+04 
7.35837409539245e+01 9.99538778283237e+04 
7.37416437257822e+01 9.99556602920420e+04 
7.38995475254834e+01 9.99579221117493e+04 
7.40574552767677e+01 9.99606389742343e+04 
7.42153656889771e+01 9.99636753271487e+04 
7.43732764020060e+01 9.99672369310968e+04 
7.45311875013272e+01 9.99711105660528e+04 
7.46890982702211e+01 9.99752447725833e+04 
7.48470091952905e+01 9.99796371558416e+04 
7.50049203089887e+01 9.99843216120025e+04 
7.51628314776675e+01 9.99892726070453e+04 
7.53207423108823e+01 9.99944369797856e+04 
7.54786534052723e+01 9.99997089333407e+04 
7.56365652919325e+01 1.00004780108493e+05 
7.57944760696322e+01 1.00009742014385e+05 
7.59523842322763e+01 1.00014641514445e+05 
7.61102907052860e+01 1.00019608387168e+05 
7.62681956345978e+01 1.00024354563748e+05 
7.64260997846199e+01 1.00028950862992e+05 
7.65840035006254e+01 1.00032946861514e+05 
7.67419079524643e+01 1.00036478573367e+05 
7.68998130220342e+01 1.00039624047724e+05 
7.70577190529444e+01 1.00042614978352e+05 
7.72156246322281e+01 1.00045047879249e+05 
7.73735304351853e+01 1.00047098449547e+05 
7.75314321962536e+01 1.00048363812250e+05 
7.76893280918668e+01 1.00049041997510e+05 
7.78472194406838e+01 1.00049158629923e+05 
7.80051082848022e+01 1.00049041608527e+05 
7.81629925315635e+01 1.00048333004289e+05 
7.83208748693117e+01 1.00047262544284e+05 
7.84787573742400e+01 1.00045560853342e+05 
7.86366399901977e+01 1.00043335075906e+05 
7.87945213840157e+01 1.00040651834848e+05 
7.89524022580153e+01 1.00037683054815e+05 
7.91102822345851e+01 1.00034250474455e+05 
7.92681598504246e+01 1.00030569874110e+05 
7.94260346032737e+01 1.00026692381406e+05 
7.95839065415183e+01 1.00022603450829e+05 
7.97417762739281e+01 1.00018288659915e+05 
7.98996452426869e+01 1.00013753275798e+05 
8.00575144475735e+01 1.00009038184174e+05 
8.02153853484350e+01 1.00004240625652e+05 
8.03732595753060e+01 9.99996457687792e+04 
8.05311360044327e+01 9.99951553866249e+04 
8.06890123775687e+01 9.99907151066035e+04 
8.08468842047536e+01 9.99861816006935e+04 
8.10047525333100e+01 9.99817840383597e+04 
8.11626191499556e+01 9.99774736164948e+04 
8.13204847650461e+01 9.99736510078607e+04 
8.14783488435453e+01 9.99701830223469e+04 
8.16362118439805e+01 9.99669797604105e+04 
8.17940760681954e+01 9.99638231313987e+04 
8.19519420697887e+01 9.99610499464264e+04 
8.21098112939899e+01 9.99585093165667e+04 
8.22676847318654e+01 9.99565941147301e+04 
8.24255638214298e+01 9.99551440796838e+04 
8.25834499430324e+01 9.99541068744935e+04 
8.27413394366513e+01 9.99532668551634e+04 
8.28992294477559e+01 9.99529619322223e+04 
8.30571223195795e+01 9.99529736586975e+04 
8.32150170578953e+01 9.99535801571243e+04 
8.33729147817309e+01 9.99546687398943e+04 
8.35308144311052e+01 9.99562202935424e+04 
8.36887168341859e+01 9.99580437958816e+04 
8.38466229777523e+01 9.99603997603150e+04 
8.40045316549114e+01 9.99630703467993e+04 
8.41624411095586e+01 9.99661087317542e+04 
8.43203503968559e+01 9.99694620589757e+04 
8.44782605557664e+01 9.99731487052700e+04 
8.46361711006565e+01 9.99771038313950e+04 
8.47940815795453e+01 9.99814026789965e+04 
8.49519911103720e+01 9.99859037721008e+04 
8.51098990973984e+01 9.99904204215714e+04 
8.52678065112851e+01 9.99949993131903e+04 
8.54257138686154e+01 9.99996833544099e+04 
8.55836217801970e+01 1.00004533492539e+05 
8.57415292183254e+01 1.00009371066025e+05 
8.58994341398339e+01 1.00014180743853e+05 
8.60573367332196e+01 1.00018603210574e+05 
8.62152374038746e+01 1.00022759944811e+05 
8.63731375811182e+01 1.00026719781794e+05 
8.65310375987192e+01 1.00030685774084e+05 
8.66889375552248e+01 1.00034302472270e+05 
8.68468385039286e+01 1.00037709984099e+05 
8.70047412609430e+01 1.00040468356267e+05 
8.71626443614392e+01 1.00042751114962e+05 
8.73205479962068e+01 1.00044603786978e+05 
8.74784503206073e+01 1.00046241442777e+05 
8.76363495572885e+01 1.00047279538301e+05 
8.77942431849901e+01 1.00047975578613e+05 
8.79521325309210e+01 1.00047970205261e+05 
8.81100185611205e+01 1.00047513027229e+05 
8.82679028525337e+01 1.00046554389917e+05 
8.84257843073351e+01 1.00045329159109e+05 
8.85836638116007e+01 1.00043528866875e+05 
8.87415446242167e+01 1.00041403699500e+05 
8.88994240315965e+01 1.00038829398847e+05 
8.90573022819536e+01 1.00035878396486e+05 
8.92151767527825e+01 1.00032559975192e+05 
8.93730477224399e+01 1.00028968408757e+05 
8.95309156458027e+01 1.00025014128839e+05 
8.96887826912112e+01 1.00020865491358e+05 
8.98466499713213e+01 1.00016653775881e+05 
9.00045176380459e+01 1.00012351457252e+05 
9.01623865154936e+01 1.00007922731388e+05 
9.03202569356564e+01 1.00003290013675e+05 
9.04781297063303e+01 9.99985935788130e+04 
9.06360054524564e+01 9.99938728117659e+04 
9.07938823357972e+01 9.99894415730804e+04 
9.09517541470789e+01 9.99852130751437e+04 
9.11096225648372e+01 9.99811177340260e+04 
9.12674903529327e+01 9.99769678870187e+04 
9.14253570626701e+01 9.99730613271687e+04 
9.15832226822998e+01 9.99692942752054e+04 
9.17410881565195e+01 9.99660586437960e+04 
9.18989546135373e+01 9.99632205174606e+04 
9.20568232887804e+01 9.99606997166364e+04 
9.22146961573564e+01 9.99583006682993e+04 
9.23725738596910e+01 9.99563711317513e+04 
9.25304579588404e+01 9.99547342541446e+04 
9.26883440768282e+01 9.99537394839130e+04 
9.28462302163992e+01 9.99532287307795e+04 
9.30041188904351e+01 9.99532003912064e+04 
9.31620089406748e+01 9.99533806200005e+04 
9.33199003766930e+01 9.99540805860545e+04 
9.34777965434557e+01 9.99551542110355e+04 
9.36356962709857e+01 9.99568166658710e+04 
9.37935970223798e+01 9.99589338174383e+04 
9.39515016043418e+01 9.99614652158690e+04 
9.41094095639123e+01 9.99643056309999e+04 
9.42673176496791e+01 9.99676269230562e+04 
9.44252272261732e+01 9.99712314006654e+04 
9.45831367419679e+01 9.99750844435574e+04 
9.47410472060425e+01 9.99791664092340e+04 
9.48989573503301e+01 9.99835031942754e+04 
9.50568658739766e+01 9.99880943814892e+04 
9.52147728697819e+01 9.99928934184010e+04 
9.53726794597599e+01 9.99977996623131e+04 
9.55305867647987e+01 1.00002537231760e+05 
9.56884942753968e+01 1.00007183421231e+05 
9.58463997516093e+01 1.00011784667901e+05 
9.60043026249207e+01 1.00016474136157e+05 
9.61622035600294e+01 1.00020996940260e+05 
9.63201032160052e+01 1.00025409164485e+05 
9.64780023140949e+01 1.00029312846225e+05 
9.66359014564617e+01 1.00032834984855e+05 
9.67938016196219e+01 1.00036037494260e+05 
9.69517021660862e+01 1.00039141730820e+05 
9.71096039307884e+01 1.00041757021112e+05 
9.72675053659434e+01 1.00044066354720e+05 
9.74254084969254e+01 1.00045677714184e+05 
9.75833089937247e+01 1.00046762745318e+05 
9.77412039501997e+01 1.00047353394110e+05 
9.78990956464850e+01 1.00047713468464e+05 
9.80569824734498e+01 1.00047505652788e+05 
9.82148662686850e+01 1.00046964065393e+05 
9.83727491375352e+01 1.00045818259910e+05 
9.85306321990684e+01 1.00044177171261e+05 
9.86885141869873e+01 1.00042089973985e+05 
9.88463960415929e+01 1.00039712876035e+05 
9.90042760737878e+01 1.00036841469349e+05 
9.91621528526767e+01 1.00033690590196e+05 
9.93200261516929e+01 1.00030260674532e+05 
9.94778958586317e+01 1.00026581200714e+05 
9.96357631314534e+01 1.00022641697350e+05 
9.97936285106285e+01 1.00018446062320e+05 
9.99514940149456e+01 1.00013998884326e+05 
1.00109360548212e+02 1.00009415325077e+05 
