# Liste des scalaires : TEMPS pmat 
0.00000000000000e+00 1.00000000000000e+05 
1.58013544018059e-01 1.00000000000000e+05 
3.16027088036117e-01 1.00000000000000e+05 
4.74040632054176e-01 1.00000000000000e+05 
6.32054176072234e-01 1.00000000000000e+05 
7.90067720090293e-01 1.00000000000000e+05 
9.48081264108351e-01 1.00000000000000e+05 
1.10609480812641e+00 1.00000000000000e+05 
1.26410835214447e+00 1.00000000000000e+05 
1.42212189616253e+00 1.00000000000000e+05 
1.58013544018058e+00 1.00000000000000e+05 
1.73814898419864e+00 1.00000000000000e+05 
1.89616252821670e+00 1.00000000000000e+05 
2.05417607223476e+00 1.00000000000000e+05 
2.21218961625282e+00 1.00000000000000e+05 
2.37020316027088e+00 1.00000000000000e+05 
2.52821670428893e+00 1.00000000000000e+05 
2.68623024830699e+00 1.00000000000000e+05 
2.84424379232505e+00 1.00000000000000e+05 
3.00225733634311e+00 1.00000000000000e+05 
3.16027088036116e+00 1.00000000000000e+05 
3.31828442437922e+00 1.00000000000000e+05 
3.47629796839728e+00 1.00000000000000e+05 
3.63431151241534e+00 1.00000000000000e+05 
3.79232505643340e+00 1.00000000000000e+05 
3.95033860045145e+00 1.00000000000000e+05 
4.10835214446951e+00 1.00000000000000e+05 
4.26636568848757e+00 1.00000000000000e+05 
4.42437923250563e+00 1.00000000000000e+05 
4.58239277652368e+00 1.00000000000000e+05 
4.74040632054174e+00 1.00000000000000e+05 
4.89841986455980e+00 1.00000000000000e+05 
5.05643340857771e+00 1.00000000000000e+05 
5.21444695259555e+00 1.00000000000000e+05 
5.37246049661106e+00 1.00000000000000e+05 
5.53047404062163e+00 1.00000000000000e+05 
5.68848758460807e+00 1.00000000000000e+05 
5.84650112860433e+00 1.00000000000000e+05 
6.00451467131846e+00 1.00000000000000e+05 
6.16252820860419e+00 1.00000000000000e+05 
6.32054173855849e+00 1.00000000000000e+05 
6.47855526263600e+00 1.00000000000000e+05 
6.63656878322570e+00 1.00000000000000e+05 
6.79458230116958e+00 1.00000000000007e+05 
6.95259581572868e+00 1.00000000000057e+05 
7.11060926486710e+00 1.00000000000123e+05 
7.26862123211782e+00 1.00000000003163e+05 
7.42662869286748e+00 1.00000000170459e+05 
7.58462797993242e+00 1.00000000609014e+05 
7.74261562363004e+00 1.00000001423017e+05 
7.90058972087802e+00 1.00000003167427e+05 
8.05854876760864e+00 1.00000006507094e+05 
8.21649327583521e+00 1.00000012697241e+05 
8.37442375590179e+00 1.00000024757735e+05 
8.53234121474706e+00 1.00000046426709e+05 
8.69024692780629e+00 1.00000090046912e+05 
8.84814294511368e+00 1.00000164422570e+05 
9.00603027516490e+00 1.00000289259437e+05 
9.16391060602912e+00 1.00000483434936e+05 
9.32178516379403e+00 1.00000792736640e+05 
9.47965513838773e+00 1.00001254047268e+05 
9.63751817790166e+00 1.00002026044068e+05 
9.79537550224774e+00 1.00003114294055e+05 
9.95322697641788e+00 1.00004644924184e+05 
1.01110732028936e+01 1.00006601979611e+05 
1.02689146274544e+01 1.00009181638192e+05 
1.04267523201822e+01 1.00012344843302e+05 
1.05845878187241e+01 1.00016650039805e+05 
1.07424234235056e+01 1.00021577642423e+05 
1.09002605183067e+01 1.00027254572021e+05 
1.10581011989153e+01 1.00032930714493e+05 
1.12159469760981e+01 1.00038873498103e+05 
1.13737958277871e+01 1.00044765072913e+05 
1.15316485112955e+01 1.00051150426034e+05 
1.16895059234703e+01 1.00056990500366e+05 
1.18473678135275e+01 1.00062525633053e+05 
1.20052343190564e+01 1.00066680853783e+05 
1.21631037930394e+01 1.00069754656430e+05 
1.23209755736488e+01 1.00072144093514e+05 
1.24788506295067e+01 1.00074138973123e+05 
1.26367295773036e+01 1.00075382081850e+05 
1.27946116815903e+01 1.00076007292230e+05 
1.29524970895918e+01 1.00075370308538e+05 
1.31103853882209e+01 1.00073405149741e+05 
1.32682764852580e+01 1.00070854766920e+05 
1.34261706139616e+01 1.00067786890336e+05 
1.35840685957871e+01 1.00064398315760e+05 
1.37419698795382e+01 1.00060434565067e+05 
1.38998748238769e+01 1.00055688421148e+05 
1.40577825863761e+01 1.00049973327485e+05 
1.42156900780669e+01 1.00044200823918e+05 
1.43735971547495e+01 1.00038589257270e+05 
1.45315042337418e+01 1.00033367441858e+05 
1.46894115576050e+01 1.00028165838490e+05 
1.48473186395545e+01 1.00022758990481e+05 
1.50052256719272e+01 1.00017188896274e+05 
1.51631330578148e+01 1.00012268713571e+05 
1.53210408171837e+01 1.00008016845938e+05 
1.54789489338296e+01 1.00004454944859e+05 
1.56368576354914e+01 1.00001111963657e+05 
1.57947669611646e+01 9.99975193653216e+04 
1.59526770505537e+01 9.99939562294779e+04 
1.61105878565459e+01 9.99906921322518e+04 
1.62684993007154e+01 9.99877392745817e+04 
1.64264117696543e+01 9.99847613882483e+04 
1.65843252894251e+01 9.99812356697002e+04 
1.67422394503545e+01 9.99773537854707e+04 
1.69001543231263e+01 9.99731433643054e+04 
1.70580702178261e+01 9.99689604865203e+04 
1.72159869071440e+01 9.99640468638519e+04 
1.73739045484328e+01 9.99591105066072e+04 
1.75318230870977e+01 9.99534643926406e+04 
1.76897420386758e+01 9.99484590846249e+04 
1.78476617082648e+01 9.99435488582987e+04 
1.80055822852594e+01 9.99388373614048e+04 
1.81635032871374e+01 9.99333177513220e+04 
1.83214252006964e+01 9.99281782784897e+04 
1.84793480458620e+01 9.99226526958180e+04 
1.86372715456650e+01 9.99184947377308e+04 
1.87951957601081e+01 9.99152886690063e+04 
1.89531209484135e+01 9.99125502700444e+04 
1.91110441089809e+01 9.99096005218468e+04 
1.92689571504680e+01 9.99073403935856e+04 
1.94268607791625e+01 9.99052772274355e+04 
1.95847566159270e+01 9.99048982481463e+04 
1.97426455229279e+01 9.99057420611368e+04 
1.99005279081235e+01 9.99072388430264e+04 
2.00584049686281e+01 9.99090542180706e+04 
2.02162789927353e+01 9.99115007841313e+04 
2.03741510118332e+01 9.99146897453474e+04 
2.05320225312322e+01 9.99190790397531e+04 
2.06898943694514e+01 9.99247752753286e+04 
2.08477672335517e+01 9.99308871234123e+04 
2.10056381883608e+01 9.99373249081346e+04 
2.11635073392954e+01 9.99437839421613e+04 
2.13213744206154e+01 9.99510333842096e+04 
2.14792406064660e+01 9.99585413856508e+04 
2.16371055052497e+01 9.99668038458615e+04 
2.17949698598769e+01 9.99750591702509e+04 
2.19528346543289e+01 9.99835136941489e+04 
2.21107022379036e+01 9.99915026335359e+04 
2.22685735446671e+01 1.00000100671619e+05 
2.24264499128177e+01 1.00008109820950e+05 
2.25843313783613e+01 1.00016148723918e+05 
2.27422178371839e+01 1.00023760981233e+05 
2.29001082195325e+01 1.00031425798670e+05 
2.30580026165052e+01 1.00038296100991e+05 
2.32159006750456e+01 1.00045472532372e+05 
2.33738008250518e+01 1.00051476780378e+05 
2.35317021841015e+01 1.00056850022424e+05 
2.36896047805334e+01 1.00061491517166e+05 
2.38475089535193e+01 1.00066093768350e+05 
2.40054144059897e+01 1.00069802791975e+05 
2.41633212527943e+01 1.00073508962548e+05 
2.43212294708959e+01 1.00076029300114e+05 
2.44791391765311e+01 1.00077526497946e+05 
2.46370501927731e+01 1.00078179122295e+05 
2.47949629062368e+01 1.00078645406593e+05 
2.49528766385629e+01 1.00078507441994e+05 
2.51107912664912e+01 1.00078044810654e+05 
2.52687065421895e+01 1.00076609209074e+05 
2.54266227275827e+01 1.00073964898284e+05 
2.55845402635157e+01 1.00070586915676e+05 
2.57424589006128e+01 1.00066756989259e+05 
2.59003774090588e+01 1.00062607260396e+05 
2.60582956021659e+01 1.00057698738583e+05 
2.62162142568713e+01 1.00052311162049e+05 
2.63741334755089e+01 1.00045839251194e+05 
2.65320531896202e+01 1.00038939715731e+05 
2.66899728755107e+01 1.00031454435702e+05 
2.68478922917635e+01 1.00024112764405e+05 
2.70058116301977e+01 1.00016079976400e+05 
2.71637307927613e+01 1.00008479378823e+05 
2.73216502821697e+01 1.00000424848606e+05 
2.74795690311203e+01 9.99924665223176e+04 
2.76374879055499e+01 9.99840582604750e+04 
2.77954041756501e+01 9.99762742316192e+04 
2.79533191433170e+01 9.99681039402353e+04 
2.81112322788099e+01 9.99610620502557e+04 
2.82691420252821e+01 9.99544059913149e+04 
2.84270498359011e+01 9.99483692185190e+04 
2.85849551367456e+01 9.99423229345948e+04 
2.87428577035279e+01 9.99371049288644e+04 
2.89007576935424e+01 9.99320041491758e+04 
2.90586554385742e+01 9.99282519804262e+04 
2.92165508783833e+01 9.99256081698654e+04 
2.93744443359554e+01 9.99238984886146e+04 
2.95323353920958e+01 9.99226615539568e+04 
2.96902253081402e+01 9.99221391672133e+04 
2.98481142776169e+01 9.99221952495881e+04 
3.00059979647156e+01 9.99233875876727e+04 
3.01638770985754e+01 9.99259069150265e+04 
3.03217523516603e+01 9.99292153391628e+04 
3.04796254231717e+01 9.99331285001375e+04 
3.06374979890028e+01 9.99373356934290e+04 
3.07953682566008e+01 9.99422830097975e+04 
3.09532360866590e+01 9.99476355098024e+04 
3.11111009485845e+01 9.99539052020083e+04 
3.12689642148262e+01 9.99604844635156e+04 
3.14268269801884e+01 9.99673930066703e+04 
3.15846899752751e+01 9.99740433771983e+04 
3.17425539745552e+01 9.99812763906527e+04 
3.19004203627167e+01 9.99881247242318e+04 
3.20582896401381e+01 9.99952853005661e+04 
3.22161632234601e+01 1.00002267905494e+05 
3.23740425511432e+01 1.00009534810762e+05 
3.25319290751244e+01 1.00016314914629e+05 
3.26898202982419e+01 1.00023587908739e+05 
3.28477131228900e+01 1.00029987866638e+05 
3.30056072961437e+01 1.00036104886352e+05 
3.31635023672678e+01 1.00041702198629e+05 
3.33213991393358e+01 1.00047445073943e+05 
3.34792973573956e+01 1.00052547886036e+05 
3.36371967535133e+01 1.00057851144165e+05 
3.37950973023584e+01 1.00061970139968e+05 
3.39529995672097e+01 1.00065208399143e+05 
3.41109029852060e+01 1.00067748219805e+05 
3.42688076087386e+01 1.00070289782890e+05 
3.44267132713632e+01 1.00072231388678e+05 
3.45846196509400e+01 1.00074018462641e+05 
3.47425273496765e+01 1.00074536702652e+05 
3.49004361808860e+01 1.00074066870459e+05 
3.50583454950604e+01 1.00072845873653e+05 
3.52162538750963e+01 1.00071487107391e+05 
3.53741611804014e+01 1.00069607772576e+05 
3.55320682312856e+01 1.00067127961676e+05 
3.56899754216115e+01 1.00063721203973e+05 
3.58478829107651e+01 1.00059148764913e+05 
3.60057904151544e+01 1.00054020306111e+05 
3.61636981099972e+01 1.00048515719674e+05 
3.63216068904539e+01 1.00042890205855e+05 
3.64795154283054e+01 1.00036429486897e+05 
3.66374236436593e+01 1.00029830172370e+05 
3.67953327010769e+01 1.00022374271842e+05 
3.69532427717678e+01 1.00014759991705e+05 
3.71111532244148e+01 1.00006636855173e+05 
3.72690630548262e+01 9.99989007922976e+04 
3.74269718145581e+01 9.99904273144183e+04 
3.75848778454541e+01 9.99827880083369e+04 
3.77427791017932e+01 9.99750895964218e+04 
3.79006746564164e+01 9.99677667490102e+04 
3.80585658512143e+01 9.99601197770916e+04 
3.82164521350274e+01 9.99532038910664e+04 
3.83743339522929e+01 9.99459267497585e+04 
3.85322143263643e+01 9.99401064082281e+04 
3.86900941565614e+01 9.99350541247175e+04 
3.88479738779336e+01 9.99308576383832e+04 
3.90058528607593e+01 9.99267515272190e+04 
3.91637297505779e+01 9.99234610091456e+04 
3.93216059461941e+01 9.99203093985197e+04 
3.94794833120710e+01 9.99185959768040e+04 
3.96373600136444e+01 9.99180708234522e+04 
3.97952355988724e+01 9.99185133757657e+04 
3.99531105564116e+01 9.99192574350511e+04 
4.01109853768128e+01 9.99205903006481e+04 
4.02688608742397e+01 9.99224356970824e+04 
4.04267381798270e+01 9.99252506542457e+04 
4.05846137319020e+01 9.99292844058378e+04 
4.07424858509869e+01 9.99338404351723e+04 
4.09003545163728e+01 9.99385737441859e+04 
4.10582217788816e+01 9.99433090087033e+04 
4.12160877638797e+01 9.99486083937699e+04 
4.13739537347660e+01 9.99541420055156e+04 
4.15318203524083e+01 9.99604952677062e+04 
4.16896877430492e+01 9.99669947776483e+04 
4.18475567572815e+01 9.99737321126946e+04 
4.20054296452478e+01 9.99800974898792e+04 
4.21633067849416e+01 9.99871272810395e+04 
4.23211896909693e+01 9.99937111270271e+04 
4.24790781339048e+01 1.00000597247868e+05 
4.26369644682292e+01 1.00007305156614e+05 
4.27948546539027e+01 1.00014314040127e+05 
4.29527445839470e+01 1.00020795279290e+05 
4.31106359297670e+01 1.00027825418140e+05 
4.32685306520852e+01 1.00033842254939e+05 
4.34264288504664e+01 1.00039527246780e+05 
4.35843293098335e+01 1.00044702423777e+05 
4.37422323857132e+01 1.00050091519026e+05 
4.39001362271449e+01 1.00054798308945e+05 
4.40580408935821e+01 1.00059729165963e+05 
4.42159461004656e+01 1.00063420286514e+05 
4.43738520952394e+01 1.00066232360972e+05 
4.45317586334686e+01 1.00068214803180e+05 
4.46896655731558e+01 1.00070122948154e+05 
4.48475732386247e+01 1.00071434292840e+05 
4.50054818277984e+01 1.00072542339902e+05 
4.51633912296472e+01 1.00072419575800e+05 
4.53213012689940e+01 1.00071163250220e+05 
4.54792124514439e+01 1.00069073269268e+05 
4.56371248172869e+01 1.00066476037581e+05 
4.57950380337933e+01 1.00063543256158e+05 
4.59529529680012e+01 1.00059878089585e+05 
4.61108663642278e+01 1.00055570733734e+05 
4.62687784498702e+01 1.00050035820515e+05 
4.64266899654798e+01 1.00043965325092e+05 
4.65846018793389e+01 1.00037220453870e+05 
4.67425141840204e+01 1.00030487439284e+05 
4.69004273753813e+01 1.00022920936336e+05 
4.70583412575278e+01 1.00015650462742e+05 
4.72162558287896e+01 1.00007712479085e+05 
4.73741661075397e+01 9.99997577752591e+04 
4.75320700293228e+01 9.99911828282949e+04 
4.76899693645184e+01 9.99831434525851e+04 
4.78478625125830e+01 9.99745415434627e+04 
4.80057508638390e+01 9.99671230778290e+04 
4.81636362087960e+01 9.99600274547949e+04 
4.83215191917349e+01 9.99535382231261e+04 
4.84794017791262e+01 9.99469264043768e+04 
4.86372824178603e+01 9.99411541545848e+04 
4.87951610644304e+01 9.99352849094312e+04 
4.89530401011878e+01 9.99308452112038e+04 
4.91109183405868e+01 9.99274894545717e+04 
4.92687968866861e+01 9.99250268073872e+04 
4.94266754364972e+01 9.99228599499418e+04 
4.95845515595664e+01 9.99213727543973e+04 
4.97424261075137e+01 9.99202570474187e+04 
4.99003006335041e+01 9.99204619923280e+04 
5.00581763017773e+01 9.99220548422899e+04 
5.02160540122954e+01 9.99244288162650e+04 
5.03739320513093e+01 9.99273429307273e+04 
5.05318084517488e+01 9.99305556384180e+04 
5.06896830101217e+01 9.99343770242770e+04 
5.08475554530749e+01 9.99387747677489e+04 
5.10054253922244e+01 9.99442920026309e+04 
5.11632927122317e+01 9.99502321921916e+04 
5.13211591090027e+01 9.99565677774733e+04 
5.14790271138448e+01 9.99626756823386e+04 
5.16368950153983e+01 9.99694956129764e+04 
5.17947643683201e+01 9.99761192334248e+04 
5.19526361004011e+01 9.99833385087124e+04 
5.21105113953299e+01 9.99905143135718e+04 
5.22683913894592e+01 9.99980583608474e+04 
5.24262776968112e+01 1.00005175742314e+05 
5.25841708838473e+01 1.00012946210286e+05 
5.27420666524036e+01 1.00019921989751e+05 
5.28999618489546e+01 1.00026848489429e+05 
5.30578577998667e+01 1.00033303077460e+05 
5.32157572283380e+01 1.00040026610605e+05 
5.33736576041167e+01 1.00046116869934e+05 
5.35315607809438e+01 1.00052606026459e+05 
5.36894666299000e+01 1.00057916896310e+05 
5.38473734460421e+01 1.00062392227934e+05 
5.40052812691421e+01 1.00066147678279e+05 
5.41631892761518e+01 1.00069933168361e+05 
5.43210976391154e+01 1.00073091568937e+05 
5.44790065647947e+01 1.00076263501343e+05 
5.46369153234515e+01 1.00078166715049e+05 
5.47948247591204e+01 1.00079052740092e+05 
5.49527345816088e+01 1.00079017542556e+05 
5.51106448015583e+01 1.00078769804114e+05 
5.52685553466649e+01 1.00077958604149e+05 
5.54264665842849e+01 1.00076627846660e+05 
5.55843786559346e+01 1.00074403125140e+05 
5.57422916964500e+01 1.00070869528154e+05 
5.59002049245996e+01 1.00066572364961e+05 
5.60581165652534e+01 1.00061682000594e+05 
5.62160267790978e+01 1.00056561745487e+05 
5.63739360456862e+01 1.00050534614383e+05 
5.65318446490167e+01 1.00044256573933e+05 
5.66897535039061e+01 1.00036922692451e+05 
5.68476637724107e+01 1.00029236922387e+05 
5.70055749148130e+01 1.00020856226752e+05 
5.71634862686760e+01 1.00012655076252e+05 
5.73213958959964e+01 1.00003582584192e+05 
5.74793010243427e+01 9.99951789908968e+04 
5.76372006427965e+01 9.99865418164835e+04 
5.77950939663717e+01 9.99781909785866e+04 
5.79529832749989e+01 9.99693631928542e+04 
5.81108693165340e+01 9.99612535789296e+04 
5.82687509560842e+01 9.99526776462029e+04 
5.84266313769464e+01 9.99454356937849e+04 
5.85845125473362e+01 9.99390157212435e+04 
5.87423932111164e+01 9.99334796386801e+04 
5.89002729936823e+01 9.99281077497007e+04 
5.90581527151859e+01 9.99236357014692e+04 
5.92160322137457e+01 9.99192960157871e+04 
5.93739114996228e+01 9.99164141222850e+04 
5.95317886882425e+01 9.99148370393042e+04 
5.96896638636060e+01 9.99144099728457e+04 
5.98475378197668e+01 9.99146022719471e+04 
6.00054119865173e+01 9.99155564014571e+04 
6.01632862541559e+01 9.99171753535665e+04 
6.03211632133958e+01 9.99198882281788e+04 
6.04790393685606e+01 9.99240437470289e+04 
6.06369130750726e+01 9.99289593475092e+04 
6.07947845152142e+01 9.99343837659070e+04 
6.09526543879465e+01 9.99399375907622e+04 
6.11105223433906e+01 9.99461935412119e+04 
6.12683891572993e+01 9.99526738604444e+04 
6.14262556334736e+01 9.99600779137077e+04 
6.15841213812268e+01 9.99677096135206e+04 
6.17419872970758e+01 9.99756490238975e+04 
6.18998556369791e+01 9.99832280788242e+04 
6.20577270573682e+01 9.99914038049214e+04 
6.22156028064752e+01 9.99989875661037e+04 
6.23734839507439e+01 1.00006742669177e+05 
6.25313719458757e+01 1.00014159746842e+05 
6.26892653364233e+01 1.00021728814560e+05 
6.28471589494630e+01 1.00028719772871e+05 
6.30050539658638e+01 1.00036103114281e+05 
6.31629516032019e+01 1.00042375623893e+05 
6.33208526762621e+01 1.00048144933378e+05 
6.34787557016783e+01 1.00053182407327e+05 
6.36366621209855e+01 1.00058240753248e+05 
6.37945707388512e+01 1.00062540664870e+05 
6.39524799651022e+01 1.00066952629938e+05 
6.41103898945289e+01 1.00070108691269e+05 
6.42682996768123e+01 1.00072246853672e+05 
6.44262099946042e+01 1.00073479851350e+05 
6.45841203235132e+01 1.00074575676639e+05 
6.47420308141056e+01 1.00075100026970e+05 
6.48999413857551e+01 1.00075467054475e+05 
6.50578522130705e+01 1.00074671935505e+05 
6.52157621383260e+01 1.00072716795541e+05 
6.53736716684331e+01 1.00069962088263e+05 
6.55315818735089e+01 1.00066841595331e+05 
6.56894924466357e+01 1.00063468829921e+05 
6.58474019305714e+01 1.00059502967640e+05 
6.60053094171804e+01 1.00054929734430e+05 
6.61632151021049e+01 1.00049216625060e+05 
6.63211194929648e+01 1.00043045742422e+05 
6.64790238951629e+01 1.00036376915759e+05 
6.66369283078166e+01 1.00029783574641e+05 
6.67948331393927e+01 1.00022411695254e+05 
6.69527394440034e+01 1.00015295708347e+05 
6.71106470639483e+01 1.00007593089090e+05 
6.72685553183821e+01 9.99999527362130e+04 
6.74264597024061e+01 9.99918339113700e+04 
6.75843590419925e+01 9.99842376486482e+04 
6.77422535684911e+01 9.99760119193194e+04 
6.79001426201263e+01 9.99688499161716e+04 
6.80580282864847e+01 9.99619340608871e+04 
6.82159111158328e+01 9.99556145441010e+04 
6.83737930861987e+01 9.99491368168397e+04 
6.85316731580176e+01 9.99434496024559e+04 
6.86895517906449e+01 9.99375373679374e+04 
6.88474307150474e+01 9.99329796595336e+04 
6.90053081989569e+01 9.99295160987872e+04 
6.91631854542290e+01 9.99269019691422e+04 
6.93210605590817e+01 9.99245304454604e+04 
6.94789329603387e+01 9.99229292549552e+04 
6.96368026296308e+01 9.99216385081753e+04 
6.97946722052352e+01 9.99218033506759e+04 
6.99525422636531e+01 9.99232033959164e+04 
7.01104134175452e+01 9.99255617308641e+04 
7.02682863349460e+01 9.99284223843920e+04 
7.04261613776249e+01 9.99316719939500e+04 
7.05840389189998e+01 9.99355027284336e+04 
7.07419152096647e+01 9.99400302541311e+04 
7.08997875851045e+01 9.99456952931898e+04 
7.10576561988164e+01 9.99517988772899e+04 
7.12155224399363e+01 9.99581578809536e+04 
7.13733888211252e+01 9.99643119112820e+04 
7.15312552146323e+01 9.99710490744148e+04 
7.16891217538037e+01 9.99776800402999e+04 
7.18469894024299e+01 9.99848977894735e+04 
7.20048591249784e+01 9.99920470005030e+04 
7.21627323468697e+01 9.99993593717147e+04 
7.23206109024455e+01 1.00006171852428e+05 
7.24784954490941e+01 1.00013515049341e+05 
7.26363845290400e+01 1.00020041041437e+05 
7.27942734676224e+01 1.00026528788368e+05 
7.29521620226019e+01 1.00032513949948e+05 
7.31100537643340e+01 1.00038659711740e+05 
7.32679464204612e+01 1.00044123559129e+05 
7.34258410448585e+01 1.00049991085610e+05 
7.35837409539245e+01 1.00054617500786e+05 
7.37416437257822e+01 1.00058604032527e+05 
7.38995475254834e+01 1.00061791186665e+05 
7.40574552767677e+01 1.00065067099704e+05 
7.42153656889771e+01 1.00067728374957e+05 
7.43732764020060e+01 1.00070517576545e+05 
7.45311875013272e+01 1.00072112273228e+05 
7.46890982702211e+01 1.00072731862001e+05 
7.48470091952905e+01 1.00072496848715e+05 
7.50049203089887e+01 1.00072177285501e+05 
7.51628314776675e+01 1.00071394370953e+05 
7.53207423108823e+01 1.00070278860590e+05 
7.54786534052723e+01 1.00068132136631e+05 
7.56365652919325e+01 1.00064773105060e+05 
7.57944760696322e+01 1.00060823078879e+05 
7.59523842322763e+01 1.00056555218263e+05 
7.61102907052860e+01 1.00052070223733e+05 
7.62681956345978e+01 1.00046839835016e+05 
7.64260997846199e+01 1.00041222811292e+05 
7.65840035006254e+01 1.00034541993182e+05 
7.67419079524643e+01 1.00027557211790e+05 
7.68998130220342e+01 1.00020027526276e+05 
7.70577190529444e+01 1.00012707974067e+05 
7.72156246322281e+01 1.00004563610517e+05 
7.73735304351853e+01 9.99970093813400e+04 
7.75314321962536e+01 9.99890767823860e+04 
7.76893280918668e+01 9.99813863943920e+04 
7.78472194406838e+01 9.99732530800339e+04 
7.80051082848022e+01 9.99657737021229e+04 
7.81629925315635e+01 9.99577457053082e+04 
7.83208748693117e+01 9.99510224766770e+04 
7.84787573742400e+01 9.99448476805377e+04 
7.86366399901977e+01 9.99394658445699e+04 
7.87945213840157e+01 9.99340844078452e+04 
7.89524022580153e+01 9.99296314523239e+04 
7.91102822345851e+01 9.99251379448809e+04 
7.92681598504246e+01 9.99221107081899e+04 
7.94260346032737e+01 9.99202905330115e+04 
7.95839065415183e+01 9.99195528907593e+04 
7.97417762739281e+01 9.99192366533823e+04 
7.98996452426869e+01 9.99196350360303e+04 
8.00575144475735e+01 9.99205222517839e+04 
8.02153853484350e+01 9.99226840490077e+04 
8.03732595753060e+01 9.99262943644802e+04 
8.05311360044327e+01 9.99306623803677e+04 
8.06890123775687e+01 9.99354033694701e+04 
8.08468842047536e+01 9.99402867162500e+04 
8.10047525333100e+01 9.99457438631766e+04 
8.11626191499556e+01 9.99515825480638e+04 
8.13204847650461e+01 9.99584192662185e+04 
8.14783488435453e+01 9.99655319804734e+04 
8.16362118439805e+01 9.99729105854709e+04 
8.17940760681954e+01 9.99799791998620e+04 
8.19519420697887e+01 9.99876511417945e+04 
8.21098112939899e+01 9.99948615098179e+04 
8.22676847318654e+01 1.00002427618568e+05 
8.24255638214298e+01 1.00009750158965e+05 
8.25834499430324e+01 1.00017283689741e+05 
8.27413394366513e+01 1.00024225855124e+05 
8.28992294477559e+01 1.00031683521338e+05 
8.30571223195795e+01 1.00038066300029e+05 
8.32150170578953e+01 1.00044168969623e+05 
8.33729147817309e+01 1.00049625111169e+05 
8.35308144311052e+01 1.00055237782525e+05 
8.36887168341859e+01 1.00060041782676e+05 
8.38466229777523e+01 1.00065148665924e+05 
8.40045316549114e+01 1.00068989045610e+05 
8.41624411095586e+01 1.00071834619345e+05 
8.43203503968559e+01 1.00073894764509e+05 
8.44782605557664e+01 1.00075955601773e+05 
8.46361711006565e+01 1.00077415883471e+05 
8.47940815795453e+01 1.00078830189861e+05 
8.49519911103720e+01 1.00078959508053e+05 
8.51098990973984e+01 1.00078069983587e+05 
8.52678065112851e+01 1.00076303901935e+05 
8.54257138686154e+01 1.00074338351330e+05 
8.55836217801970e+01 1.00071879973418e+05 
8.57415292183254e+01 1.00068886479326e+05 
8.58994341398339e+01 1.00065108745468e+05 
8.60573367332196e+01 1.00060086979532e+05 
8.62152374038746e+01 1.00054453966278e+05 
8.63731375811182e+01 1.00048330098901e+05 
8.65310375987192e+01 1.00042148530541e+05 
8.66889375552248e+01 1.00035118945227e+05 
8.68468385039286e+01 1.00028123097306e+05 
8.70047412609430e+01 1.00020291961621e+05 
8.71626443614392e+01 1.00012320969466e+05 
8.73205479962068e+01 1.00003774760645e+05 
8.74784503206073e+01 9.99956147731352e+04 
8.76363495572885e+01 9.99866698023506e+04 
8.77942431849901e+01 9.99786996974436e+04 
8.79521325309210e+01 9.99707283294748e+04 
8.81100185611205e+01 9.99632474512184e+04 
8.82679028525337e+01 9.99555310747416e+04 
8.84257843073351e+01 9.99486331916105e+04 
8.85836638116007e+01 9.99413531236875e+04 
8.87415446242167e+01 9.99354782586216e+04 
8.88994240315965e+01 9.99306054729969e+04 
8.90573022819536e+01 9.99265942451872e+04 
8.92151767527825e+01 9.99227418038685e+04 
8.93730477224399e+01 9.99197846149917e+04 
8.95309156458027e+01 9.99170382364888e+04 
8.96887826912112e+01 9.99158210898893e+04 
8.98466499713213e+01 9.99159277337782e+04 
9.00045176380459e+01 9.99171295547645e+04 
9.01623865154936e+01 9.99187960953294e+04 
9.03202569356564e+01 9.99211266205824e+04 
9.04781297063303e+01 9.99240316189606e+04 
9.06360054524564e+01 9.99278538822806e+04 
9.07938823357972e+01 9.99329751036066e+04 
9.09517541470789e+01 9.99387143285030e+04 
9.11096225648372e+01 9.99447904065424e+04 
9.12674903529327e+01 9.99508206620758e+04 
9.14253570626701e+01 9.99574811074671e+04 
9.15832226822998e+01 9.99641964511519e+04 
9.17410881565195e+01 9.99717227198717e+04 
9.18989546135373e+01 9.99793623902570e+04 
9.20568232887804e+01 9.99872831111536e+04 
9.22146961573564e+01 9.99947641222973e+04 
9.23725738596910e+01 1.00002885887943e+05 
9.25304579588404e+01 1.00010235137075e+05 
9.26883440768282e+01 1.00017672016576e+05 
9.28462302163992e+01 1.00024711223068e+05 
9.30041188904351e+01 1.00031974413089e+05 
9.31620089406748e+01 1.00038515149380e+05 
9.33199003766930e+01 1.00045545340139e+05 
9.34777965434557e+01 1.00051274724053e+05 
9.36356962709857e+01 1.00056409638164e+05 
9.37935970223798e+01 1.00060773212911e+05 
9.39515016043418e+01 1.00065181483603e+05 
9.41094095639123e+01 1.00068842269102e+05 
9.42673176496791e+01 1.00072665216940e+05 
9.44252272261732e+01 1.00075145692217e+05 
9.45831367419679e+01 1.00076602491005e+05 
9.47410472060425e+01 1.00077136147366e+05 
9.48989573503301e+01 1.00077550564536e+05 
9.50568658739766e+01 1.00077423914885e+05 
9.52147728697819e+01 1.00077060191676e+05 
9.53726794597599e+01 1.00075566129884e+05 
9.55305867647987e+01 1.00072734463551e+05 
9.56884942753968e+01 1.00069174154664e+05 
9.58463997516093e+01 1.00065301904046e+05 
9.60043026249207e+01 1.00061181748660e+05 
9.61622035600294e+01 1.00056317055271e+05 
9.63201032160052e+01 1.00050937869111e+05 
9.64780023140949e+01 1.00044388926705e+05 
9.66359014564617e+01 1.00037398583580e+05 
9.67938016196219e+01 1.00029845990419e+05 
9.69517021660862e+01 1.00022441641731e+05 
9.71096039307884e+01 1.00014179283759e+05 
9.72675053659434e+01 1.00006398178360e+05 
9.74254084969254e+01 9.99981300041381e+04 
9.75833089937247e+01 9.99899917669393e+04 
9.77412039501997e+01 9.99813717796477e+04 
9.78990956464850e+01 9.99733904153595e+04 
9.80569824734498e+01 9.99647693231014e+04 
9.82148662686850e+01 9.99574115692052e+04 
9.83727491375352e+01 9.99504542057205e+04 
9.85306321990684e+01 9.99442148335005e+04 
9.86885141869873e+01 9.99378992794209e+04 
9.88463960415929e+01 9.99325716137135e+04 
9.90042760737878e+01 9.99270996892412e+04 
9.91621528526767e+01 9.99231027196304e+04 
9.93200261516929e+01 9.99202874192951e+04 
9.94778958586317e+01 9.99185410556417e+04 
9.96357631314534e+01 9.99171726401077e+04 
9.97936285106285e+01 9.99166559463914e+04 
9.99514940149456e+01 9.99165365488021e+04 
1.00109360548212e+02 9.99177696631037e+04 
