# Liste des scalaires : TEMPS pmat 
0.00000000000000e+00 1.00000000000000e+05 
1.58013544018059e-01 1.00000000000000e+05 
3.16027088036117e-01 1.00000000000000e+05 
4.74040632054176e-01 1.00000000000000e+05 
6.32054176072234e-01 1.00000000000000e+05 
7.90067720090293e-01 1.00000000000000e+05 
9.48081264108351e-01 1.00000000000000e+05 
1.10609480812641e+00 1.00000000000000e+05 
1.26410835214447e+00 1.00000000000000e+05 
1.42212189616253e+00 1.00000000000000e+05 
1.58013544018058e+00 1.00000000000000e+05 
1.73814898419864e+00 1.00000000000000e+05 
1.89616252821670e+00 1.00000000000000e+05 
2.05417607223476e+00 1.00000000000000e+05 
2.21218961625282e+00 1.00000000000000e+05 
2.37020316027088e+00 1.00000000000000e+05 
2.52821670428893e+00 1.00000000000000e+05 
2.68623024830699e+00 1.00000000000000e+05 
2.84424379232505e+00 1.00000000000000e+05 
3.00225733634311e+00 1.00000000000000e+05 
3.16027088036116e+00 1.00000000000000e+05 
3.31828442437922e+00 1.00000000000000e+05 
3.47629796839728e+00 1.00000000000000e+05 
3.63431151241534e+00 1.00000000000000e+05 
3.79232505643340e+00 1.00000000000000e+05 
3.95033860045145e+00 1.00000000000000e+05 
4.10835214446951e+00 1.00000000000000e+05 
4.26636568848757e+00 1.00000000000000e+05 
4.42437923250563e+00 1.00000000000000e+05 
4.58239277652368e+00 1.00000000000000e+05 
4.74040632054174e+00 1.00000000000000e+05 
4.89841986455980e+00 1.00000000000000e+05 
5.05643340857771e+00 1.00000000000000e+05 
5.21444695259555e+00 1.00000000000000e+05 
5.37246049661106e+00 1.00000000000000e+05 
5.53047404062163e+00 1.00000000000000e+05 
5.68848758460807e+00 1.00000000000000e+05 
5.84650112860433e+00 1.00000000000000e+05 
6.00451467131846e+00 1.00000000000000e+05 
6.16252820860419e+00 1.00000000000000e+05 
6.32054173855849e+00 1.00000000000000e+05 
6.47855526263600e+00 1.00000000000000e+05 
6.63656878322570e+00 1.00000000000000e+05 
6.79458230116958e+00 1.00000000000000e+05 
6.95259581572868e+00 1.00000000000000e+05 
7.11060926486710e+00 1.00000000000000e+05 
7.26862123211782e+00 1.00000000000000e+05 
7.42662869286748e+00 1.00000000000000e+05 
7.58462797993242e+00 1.00000000000000e+05 
7.74261562363004e+00 1.00000000000000e+05 
7.90058972087802e+00 1.00000000000000e+05 
8.05854876760864e+00 1.00000000000000e+05 
8.21649327583521e+00 1.00000000000000e+05 
8.37442375590179e+00 1.00000000000000e+05 
8.53234121474706e+00 1.00000000000000e+05 
8.69024692780629e+00 1.00000000000000e+05 
8.84814294511368e+00 1.00000000000000e+05 
9.00603027516490e+00 1.00000000000000e+05 
9.16391060602912e+00 1.00000000000000e+05 
9.32178516379403e+00 1.00000000000000e+05 
9.47965513838773e+00 1.00000000000000e+05 
9.63751817790166e+00 1.00000000000000e+05 
9.79537550224774e+00 1.00000000000000e+05 
9.95322697641788e+00 1.00000000000000e+05 
1.01110732028936e+01 1.00000000000000e+05 
1.02689146274544e+01 1.00000000000000e+05 
1.04267523201822e+01 1.00000000000000e+05 
1.05845878187241e+01 1.00000000000000e+05 
1.07424234235056e+01 1.00000000000000e+05 
1.09002605183067e+01 1.00000000000000e+05 
1.10581011989153e+01 1.00000000000000e+05 
1.12159469760981e+01 1.00000000000000e+05 
1.13737958277871e+01 1.00000000000000e+05 
1.15316485112955e+01 1.00000000000000e+05 
1.16895059234703e+01 1.00000000000000e+05 
1.18473678135275e+01 1.00000000000000e+05 
1.20052343190564e+01 1.00000000000000e+05 
1.21631037930394e+01 1.00000000000000e+05 
1.23209755736488e+01 1.00000000000000e+05 
1.24788506295067e+01 1.00000000000000e+05 
1.26367295773036e+01 1.00000000000000e+05 
1.27946116815903e+01 1.00000000000000e+05 
1.29524970895918e+01 1.00000000000000e+05 
1.31103853882209e+01 1.00000000000000e+05 
1.32682764852580e+01 1.00000000000000e+05 
1.34261706139616e+01 1.00000000000000e+05 
1.35840685957871e+01 1.00000000000000e+05 
1.37419698795382e+01 1.00000000000000e+05 
1.38998748238769e+01 1.00000000000000e+05 
1.40577825863761e+01 1.00000000000000e+05 
1.42156900780669e+01 1.00000000000000e+05 
1.43735971547495e+01 1.00000000000000e+05 
1.45315042337418e+01 1.00000000000000e+05 
1.46894115576050e+01 1.00000000000000e+05 
1.48473186395545e+01 1.00000000000000e+05 
1.50052256719272e+01 1.00000000000000e+05 
1.51631330578148e+01 1.00000000000000e+05 
1.53210408171837e+01 1.00000000000000e+05 
1.54789489338296e+01 1.00000000000000e+05 
1.56368576354914e+01 1.00000000000000e+05 
1.57947669611646e+01 1.00000000000000e+05 
1.59526770505537e+01 1.00000000000000e+05 
1.61105878565459e+01 1.00000000000000e+05 
1.62684993007154e+01 1.00000000000000e+05 
1.64264117696543e+01 1.00000000000000e+05 
1.65843252894251e+01 1.00000000000000e+05 
1.67422394503545e+01 1.00000000000000e+05 
1.69001543231263e+01 1.00000000000000e+05 
1.70580702178261e+01 1.00000000000000e+05 
1.72159869071440e+01 1.00000000000000e+05 
1.73739045484328e+01 1.00000000000000e+05 
1.75318230870977e+01 1.00000000000000e+05 
1.76897420386758e+01 1.00000000000000e+05 
1.78476617082648e+01 1.00000000000000e+05 
1.80055822852594e+01 1.00000000000000e+05 
1.81635032871374e+01 1.00000000000000e+05 
1.83214252006964e+01 1.00000000000000e+05 
1.84793480458620e+01 1.00000000000000e+05 
1.86372715456650e+01 1.00000000000000e+05 
1.87951957601081e+01 1.00000000000000e+05 
1.89531209484135e+01 1.00000000000000e+05 
1.91110441089809e+01 1.00000000000000e+05 
1.92689571504680e+01 1.00000000000000e+05 
1.94268607791625e+01 1.00000000000000e+05 
1.95847566159270e+01 1.00000000000000e+05 
1.97426455229279e+01 1.00000000000000e+05 
1.99005279081235e+01 1.00000000000000e+05 
2.00584049686281e+01 1.00000000000000e+05 
2.02162789927353e+01 1.00000000000000e+05 
2.03741510118332e+01 1.00000000000000e+05 
2.05320225312322e+01 1.00000000000000e+05 
2.06898943694514e+01 1.00000000000000e+05 
2.08477672335517e+01 1.00000000000000e+05 
2.10056381883608e+01 1.00000000000000e+05 
2.11635073392954e+01 1.00000000000000e+05 
2.13213744206154e+01 1.00000000000000e+05 
2.14792406064660e+01 1.00000000000000e+05 
2.16371055052497e+01 1.00000000000000e+05 
2.17949698598769e+01 1.00000000000000e+05 
2.19528346543289e+01 1.00000000000000e+05 
2.21107022379036e+01 1.00000000000000e+05 
2.22685735446671e+01 1.00000000000000e+05 
2.24264499128177e+01 1.00000000000000e+05 
2.25843313783613e+01 1.00000000000000e+05 
2.27422178371839e+01 1.00000000000000e+05 
2.29001082195325e+01 1.00000000000000e+05 
2.30580026165052e+01 1.00000000000000e+05 
2.32159006750456e+01 1.00000000000000e+05 
2.33738008250518e+01 1.00000000000000e+05 
2.35317021841015e+01 1.00000000000000e+05 
2.36896047805334e+01 1.00000000000000e+05 
2.38475089535193e+01 1.00000000000000e+05 
2.40054144059897e+01 1.00000000000000e+05 
2.41633212527943e+01 1.00000000000000e+05 
2.43212294708959e+01 1.00000000000000e+05 
2.44791391765311e+01 1.00000000000000e+05 
2.46370501927731e+01 1.00000000000000e+05 
2.47949629062368e+01 1.00000000000000e+05 
2.49528766385629e+01 1.00000000000000e+05 
2.51107912664912e+01 1.00000000000000e+05 
2.52687065421895e+01 1.00000000000000e+05 
2.54266227275827e+01 1.00000000000000e+05 
2.55845402635157e+01 1.00000000000000e+05 
2.57424589006128e+01 1.00000000000000e+05 
2.59003774090588e+01 1.00000000000000e+05 
2.60582956021659e+01 1.00000000000000e+05 
2.62162142568713e+01 1.00000000000000e+05 
2.63741334755089e+01 1.00000000000000e+05 
2.65320531896202e+01 1.00000000000000e+05 
2.66899728755107e+01 1.00000000000000e+05 
2.68478922917635e+01 1.00000000000000e+05 
2.70058116301977e+01 1.00000000000000e+05 
2.71637307927613e+01 1.00000000000000e+05 
2.73216502821697e+01 1.00000000000000e+05 
2.74795690311203e+01 1.00000000000000e+05 
2.76374879055499e+01 1.00000000000000e+05 
2.77954041756501e+01 1.00000000000000e+05 
2.79533191433170e+01 1.00000000000000e+05 
2.81112322788099e+01 1.00000000000000e+05 
2.82691420252821e+01 1.00000000000000e+05 
2.84270498359011e+01 1.00000000000000e+05 
2.85849551367456e+01 1.00000000000000e+05 
2.87428577035279e+01 1.00000000000000e+05 
2.89007576935424e+01 1.00000000000000e+05 
2.90586554385742e+01 1.00000000000000e+05 
2.92165508783833e+01 1.00000000000000e+05 
2.93744443359554e+01 1.00000000000000e+05 
2.95323353920958e+01 1.00000000000000e+05 
2.96902253081402e+01 1.00000000000000e+05 
2.98481142776169e+01 1.00000000000000e+05 
3.00059979647156e+01 1.00000000000000e+05 
3.01638770985754e+01 1.00000000000000e+05 
3.03217523516603e+01 1.00000000000000e+05 
3.04796254231717e+01 1.00000000000000e+05 
3.06374979890028e+01 1.00000000000000e+05 
3.07953682566008e+01 1.00000000000000e+05 
3.09532360866590e+01 1.00000000000000e+05 
3.11111009485845e+01 1.00000000000000e+05 
3.12689642148262e+01 1.00000000000000e+05 
3.14268269801884e+01 1.00000000000000e+05 
3.15846899752751e+01 1.00000000000000e+05 
3.17425539745552e+01 1.00000000000000e+05 
3.19004203627167e+01 1.00000000000000e+05 
3.20582896401381e+01 1.00000000000000e+05 
3.22161632234601e+01 1.00000000000000e+05 
3.23740425511432e+01 1.00000000000000e+05 
3.25319290751244e+01 1.00000000000000e+05 
3.26898202982419e+01 1.00000000000000e+05 
3.28477131228900e+01 1.00000000000000e+05 
3.30056072961437e+01 1.00000000000000e+05 
3.31635023672678e+01 1.00000000000000e+05 
3.33213991393358e+01 1.00000000000000e+05 
3.34792973573956e+01 1.00000000000000e+05 
3.36371967535133e+01 1.00000000000000e+05 
3.37950973023584e+01 1.00000000000000e+05 
3.39529995672097e+01 1.00000000000000e+05 
3.41109029852060e+01 1.00000000000000e+05 
3.42688076087386e+01 1.00000000000000e+05 
3.44267132713632e+01 1.00000000000000e+05 
3.45846196509400e+01 1.00000000000000e+05 
3.47425273496765e+01 1.00000000000000e+05 
3.49004361808860e+01 1.00000000000000e+05 
3.50583454950604e+01 1.00000000000000e+05 
3.52162538750963e+01 1.00000000000000e+05 
3.53741611804014e+01 1.00000000000000e+05 
3.55320682312856e+01 1.00000000000000e+05 
3.56899754216115e+01 1.00000000000000e+05 
3.58478829107651e+01 1.00000000000001e+05 
3.60057904151544e+01 1.00000000000004e+05 
3.61636981099972e+01 1.00000000000008e+05 
3.63216068904539e+01 1.00000000000041e+05 
3.64795154283054e+01 1.00000000022038e+05 
3.66374236436593e+01 1.00000000424161e+05 
3.67953327010769e+01 1.00000001006551e+05 
3.69532427717678e+01 1.00000002076641e+05 
3.71111532244148e+01 1.00000003820086e+05 
3.72690630548262e+01 1.00000006656464e+05 
3.74269718145581e+01 1.00000011632641e+05 
3.75848778454541e+01 1.00000020327599e+05 
3.77427791017932e+01 1.00000035536227e+05 
3.79006746564164e+01 1.00000062169316e+05 
3.80585658512143e+01 1.00000107903223e+05 
3.82164521350274e+01 1.00000183441245e+05 
3.83743339522929e+01 1.00000299154365e+05 
3.85322143263643e+01 1.00000465031181e+05 
3.86900941565614e+01 1.00000690297490e+05 
3.88479738779336e+01 1.00000992402700e+05 
3.90058528607593e+01 1.00001386589581e+05 
3.91637297505779e+01 1.00001885292742e+05 
3.93216059461941e+01 1.00002474714892e+05 
3.94794833120710e+01 1.00003141668404e+05 
3.96373600136444e+01 1.00003872009581e+05 
3.97952355988724e+01 1.00004676026832e+05 
3.99531105564116e+01 1.00005560662495e+05 
4.01109853768128e+01 1.00006508467505e+05 
4.02688608742397e+01 1.00007482171424e+05 
4.04267381798270e+01 1.00008460061969e+05 
4.05846137319020e+01 1.00009437801178e+05 
4.07424858509869e+01 1.00010414705393e+05 
4.09003545163728e+01 1.00011401301981e+05 
4.10582217788816e+01 1.00012367314023e+05 
4.12160877638797e+01 1.00013283006037e+05 
4.13739537347660e+01 1.00014130307298e+05 
4.15318203524083e+01 1.00014903550449e+05 
4.16896877430492e+01 1.00015594696114e+05 
4.18475567572815e+01 1.00016212207277e+05 
4.20054296452478e+01 1.00016730028237e+05 
4.21633067849416e+01 1.00017126206245e+05 
4.23211896909693e+01 1.00017378597734e+05 
4.24790781339048e+01 1.00017480452774e+05 
4.26369644682292e+01 1.00017411486114e+05 
4.27948546539027e+01 1.00017164188535e+05 
4.29527445839470e+01 1.00016721000837e+05 
4.31106359297670e+01 1.00016080717829e+05 
4.32685306520852e+01 1.00015230950935e+05 
4.34264288504664e+01 1.00014174782248e+05 
4.35843293098335e+01 1.00012891101950e+05 
4.37422323857132e+01 1.00011374055663e+05 
4.39001362271449e+01 1.00009643224751e+05 
4.40580408935821e+01 1.00007743802431e+05 
4.42159461004656e+01 1.00005684721736e+05 
4.43738520952394e+01 1.00003480046525e+05 
4.45317586334686e+01 1.00001128647163e+05 
4.46896655731558e+01 9.99986289002105e+04 
4.48475732386247e+01 9.99960572513404e+04 
4.50054818277984e+01 9.99934936664782e+04 
4.51633912296472e+01 9.99909593982564e+04 
4.53213012689940e+01 9.99884652547281e+04 
4.54792124514439e+01 9.99860273807299e+04 
4.56371248172869e+01 9.99836341330883e+04 
4.57950380337933e+01 9.99813774622326e+04 
4.59529529680012e+01 9.99793166350318e+04 
4.61108663642278e+01 9.99774684129992e+04 
4.62687784498702e+01 9.99758382525057e+04 
4.64266899654798e+01 9.99744514627045e+04 
4.65846018793389e+01 9.99732849484653e+04 
4.67425141840204e+01 9.99724005708017e+04 
4.69004273753813e+01 9.99718166381942e+04 
4.70583412575278e+01 9.99715407429209e+04 
4.72162558287896e+01 9.99715724006874e+04 
4.73741661075397e+01 9.99719295913610e+04 
4.75320700293228e+01 9.99725969451667e+04 
4.76899693645184e+01 9.99735754387928e+04 
4.78478625125830e+01 9.99748336556787e+04 
4.80057508638390e+01 9.99763652025073e+04 
4.81636362087960e+01 9.99781682068430e+04 
4.83215191917349e+01 9.99802487263408e+04 
4.84794017791262e+01 9.99826026279778e+04 
4.86372824178603e+01 9.99851575922906e+04 
4.87951610644304e+01 9.99878504809666e+04 
4.89530401011878e+01 9.99906755861234e+04 
4.91109183405868e+01 9.99936325526417e+04 
4.92687968866861e+01 9.99967055168529e+04 
4.94266754364972e+01 9.99999030084577e+04 
4.95845515595664e+01 1.00003094100477e+05 
4.97424261075137e+01 1.00006190863541e+05 
4.99003006335041e+01 1.00009191863412e+05 
5.00581763017773e+01 1.00012100097709e+05 
5.02160540122954e+01 1.00014894213040e+05 
5.03739320513093e+01 1.00017604139172e+05 
5.05318084517488e+01 1.00020114706140e+05 
5.06896830101217e+01 1.00022375070752e+05 
5.08475554530749e+01 1.00024387502535e+05 
5.10054253922244e+01 1.00026151098388e+05 
5.11632927122317e+01 1.00027642396969e+05 
5.13211591090027e+01 1.00028903665918e+05 
5.14790271138448e+01 1.00029878306629e+05 
5.16368950153983e+01 1.00030555066770e+05 
5.17947643683201e+01 1.00030936886011e+05 
5.19526361004011e+01 1.00031022289247e+05 
5.21105113953299e+01 1.00030784643927e+05 
5.22683913894592e+01 1.00030254539561e+05 
5.24262776968112e+01 1.00029439180330e+05 
5.25841708838473e+01 1.00028353993080e+05 
5.27420666524036e+01 1.00026998076573e+05 
5.28999618489546e+01 1.00025366136643e+05 
5.30578577998667e+01 1.00023446000030e+05 
5.32157572283380e+01 1.00021244439083e+05 
5.33736576041167e+01 1.00018822453029e+05 
5.35315607809438e+01 1.00016231723201e+05 
5.36894666299000e+01 1.00013471458895e+05 
5.38473734460421e+01 1.00010544989550e+05 
5.40052812691421e+01 1.00007451645714e+05 
5.41631892761518e+01 1.00004186560572e+05 
5.43210976391154e+01 1.00000877803235e+05 
5.44790065647947e+01 9.99976103906797e+04 
5.46369153234515e+01 9.99943978151286e+04 
5.47948247591204e+01 9.99912328375030e+04 
5.49527345816088e+01 9.99881288914604e+04 
5.51106448015583e+01 9.99850402158252e+04 
5.52685553466649e+01 9.99821033442499e+04 
5.54264665842849e+01 9.99793827954739e+04 
5.55843786559346e+01 9.99768861780245e+04 
5.57422916964500e+01 9.99746117141766e+04 
5.59002049245996e+01 9.99725893683163e+04 
5.60581165652534e+01 9.99707575711934e+04 
5.62160267790978e+01 9.99691964322233e+04 
5.63739360456862e+01 9.99679277970051e+04 
5.65318446490167e+01 9.99669465437726e+04 
5.66897535039061e+01 9.99662511548631e+04 
5.68476637724107e+01 9.99658681257261e+04 
5.70055749148130e+01 9.99657409839954e+04 
5.71634862686760e+01 9.99658809300342e+04 
5.73213958959964e+01 9.99662850786757e+04 
5.74793010243427e+01 9.99669529008953e+04 
5.76372006427965e+01 9.99678758325094e+04 
5.77950939663717e+01 9.99690694318452e+04 
5.79529832749989e+01 9.99705137863997e+04 
5.81108693165340e+01 9.99721505705771e+04 
5.82687509560842e+01 9.99739537556493e+04 
5.84266313769464e+01 9.99759362360346e+04 
5.85845125473362e+01 9.99781187005961e+04 
5.87423932111164e+01 9.99805125002967e+04 
5.89002729936823e+01 9.99831332563514e+04 
5.90581527151859e+01 9.99858717999676e+04 
5.92160322137457e+01 9.99886710537765e+04 
5.93739114996228e+01 9.99915341606094e+04 
5.95317886882425e+01 9.99944664637423e+04 
5.96896638636060e+01 9.99974607476705e+04 
5.98475378197668e+01 1.00000560114978e+05 
6.00054119865173e+01 1.00003642625457e+05 
6.01632862541559e+01 1.00006641407812e+05 
6.03211632133958e+01 1.00009554693015e+05 
6.04790393685606e+01 1.00012379580779e+05 
6.06369130750726e+01 1.00015083216148e+05 
6.07947845152142e+01 1.00017719034795e+05 
6.09526543879465e+01 1.00020181085468e+05 
6.11105223433906e+01 1.00022415597482e+05 
6.12683891572993e+01 1.00024410341318e+05 
6.14262556334736e+01 1.00026157325659e+05 
6.15841213812268e+01 1.00027616126710e+05 
6.17419872970758e+01 1.00028835882591e+05 
6.18998556369791e+01 1.00029752909511e+05 
6.20577270573682e+01 1.00030344443447e+05 
6.22156028064752e+01 1.00030597360942e+05 
6.23734839507439e+01 1.00030514832016e+05 
6.25313719458757e+01 1.00030076002968e+05 
6.26892653364233e+01 1.00029302862502e+05 
6.28471589494630e+01 1.00028202811280e+05 
6.30050539658638e+01 1.00026808928357e+05 
6.31629516032019e+01 1.00025138947230e+05 
6.33208526762621e+01 1.00023191792915e+05 
6.34787557016783e+01 1.00020951753733e+05 
6.36366621209855e+01 1.00018414199949e+05 
6.37945707388512e+01 1.00015680004714e+05 
6.39524799651022e+01 1.00012821980203e+05 
6.41103898945289e+01 1.00009859428974e+05 
6.42682996768123e+01 1.00006794532518e+05 
6.44262099946042e+01 1.00003637537438e+05 
6.45841203235132e+01 1.00000354434893e+05 
6.47420308141056e+01 9.99970897292640e+04 
6.48999413857551e+01 9.99939247871451e+04 
6.50578522130705e+01 9.99908644531053e+04 
6.52157621383260e+01 9.99879030990203e+04 
6.53736716684331e+01 9.99850717113352e+04 
6.55315818735089e+01 9.99823130060090e+04 
6.56894924466357e+01 9.99797589131179e+04 
6.58474019305714e+01 9.99774649108313e+04 
6.60053094171804e+01 9.99754248124754e+04 
6.61632151021049e+01 9.99736352309656e+04 
6.63211194929648e+01 9.99721370218081e+04 
6.64790238951629e+01 9.99708713206322e+04 
6.66369283078166e+01 9.99699000968149e+04 
6.67948331393927e+01 9.99692363749115e+04 
6.69527394440034e+01 9.99688818281139e+04 
6.71106470639483e+01 9.99688412662320e+04 
6.72685553183821e+01 9.99691329851719e+04 
6.74264597024061e+01 9.99697282204739e+04 
6.75843590419925e+01 9.99706203920485e+04 
6.77422535684911e+01 9.99717793378427e+04 
6.79001426201263e+01 9.99731851600308e+04 
6.80580282864847e+01 9.99748509491340e+04 
6.82159111158328e+01 9.99767973456611e+04 
6.83737930861987e+01 9.99790326429268e+04 
6.85316731580176e+01 9.99814700715589e+04 
6.86895517906449e+01 9.99840538756894e+04 
6.88474307150474e+01 9.99867804108720e+04 
6.90053081989569e+01 9.99896563740581e+04 
6.91631854542290e+01 9.99926821249833e+04 
6.93210605590817e+01 9.99958895771193e+04 
6.94789329603387e+01 9.99991442664391e+04 
6.96368026296308e+01 1.00002361031575e+05 
6.97946722052352e+01 1.00005535164104e+05 
6.99525422636531e+01 1.00008671276253e+05 
7.01104134175452e+01 1.00011749094598e+05 
7.02682863349460e+01 1.00014821500928e+05 
7.04261613776249e+01 1.00017754004791e+05 
7.05840389189998e+01 1.00020476089351e+05 
7.07419152096647e+01 1.00022983586779e+05 
7.08997875851045e+01 1.00025275619921e+05 
7.10576561988164e+01 1.00027312981545e+05 
7.12155224399363e+01 1.00029150725468e+05 
7.13733888211252e+01 1.00030708988865e+05 
7.15312552146323e+01 1.00031953523267e+05 
7.16891217538037e+01 1.00032879497601e+05 
7.18469894024299e+01 1.00033481070095e+05 
7.20048591249784e+01 1.00033705852011e+05 
7.21627323468697e+01 1.00033578338491e+05 
7.23206109024455e+01 1.00033100552246e+05 
7.24784954490941e+01 1.00032281575216e+05 
7.26363845290400e+01 1.00031136101957e+05 
7.27942734676224e+01 1.00029658030748e+05 
7.29521620226019e+01 1.00027833647204e+05 
7.31100537643340e+01 1.00025664276565e+05 
7.32679464204612e+01 1.00023227138915e+05 
7.34258410448585e+01 1.00020584395862e+05 
7.35837409539245e+01 1.00017740564686e+05 
7.37416437257822e+01 1.00014684099379e+05 
7.38995475254834e+01 1.00011416197661e+05 
7.40574552767677e+01 1.00007914276029e+05 
7.42153656889771e+01 1.00004333846112e+05 
7.43732764020060e+01 1.00000775603428e+05 
7.45311875013272e+01 9.99972451095769e+04 
7.46890982702211e+01 9.99937347760627e+04 
7.48470091952905e+01 9.99902753745158e+04 
7.50049203089887e+01 9.99868166124559e+04 
7.51628314776675e+01 9.99835134331701e+04 
7.53207423108823e+01 9.99804419037929e+04 
7.54786534052723e+01 9.99775981698430e+04 
7.56365652919325e+01 9.99749786826636e+04 
7.57944760696322e+01 9.99726277483628e+04 
7.59523842322763e+01 9.99704874632464e+04 
7.61102907052860e+01 9.99686479993574e+04 
7.62681956345978e+01 9.99671393215859e+04 
7.64260997846199e+01 9.99659501730368e+04 
7.65840035006254e+01 9.99650833143632e+04 
7.67419079524643e+01 9.99645793200730e+04 
7.68998130220342e+01 9.99643952205733e+04 
7.70577190529444e+01 9.99645392553327e+04 
7.72156246322281e+01 9.99649933662942e+04 
7.73735304351853e+01 9.99657480639675e+04 
7.75314321962536e+01 9.99668012939815e+04 
7.76893280918668e+01 9.99681777799527e+04 
7.78472194406838e+01 9.99698686440590e+04 
7.80051082848022e+01 9.99717994980007e+04 
7.81629925315635e+01 9.99739218981397e+04 
7.83208748693117e+01 9.99762453266181e+04 
7.84787573742400e+01 9.99787967509788e+04 
7.86366399901977e+01 9.99815847884733e+04 
7.87945213840157e+01 9.99846301931686e+04 
7.89524022580153e+01 9.99877988116934e+04 
7.91102822345851e+01 9.99910110890204e+04 
7.92681598504246e+01 9.99942676781842e+04 
7.94260346032737e+01 9.99975795444132e+04 
7.95839065415183e+01 1.00000930337879e+05 
7.97417762739281e+01 1.00004365428197e+05 
7.98996452426869e+01 1.00007738981685e+05 
8.00575144475735e+01 1.00010971941665e+05 
8.02153853484350e+01 1.00014067101385e+05 
8.03732595753060e+01 1.00017024428805e+05 
8.05311360044327e+01 1.00019802450040e+05 
8.06890123775687e+01 1.00022453851502e+05 
8.08468842047536e+01 1.00024873772158e+05 
8.10047525333100e+01 1.00027014574097e+05 
8.11626191499556e+01 1.00028874864747e+05 
8.13204847650461e+01 1.00030444536698e+05 
8.14783488435453e+01 1.00031681264292e+05 
8.16362118439805e+01 1.00032629315215e+05 
8.17940760681954e+01 1.00033245355522e+05 
8.19519420697887e+01 1.00033519206857e+05 
8.21098112939899e+01 1.00033457809648e+05 
8.22676847318654e+01 1.00033056555615e+05 
8.24255638214298e+01 1.00032286453140e+05 
8.25834499430324e+01 1.00031161384061e+05 
8.27413394366513e+01 1.00029729851904e+05 
8.28992294477559e+01 1.00028039827132e+05 
8.30571223195795e+01 1.00026098899045e+05 
8.32150170578953e+01 1.00023898717906e+05 
8.33729147817309e+01 1.00021430691491e+05 
8.35308144311052e+01 1.00018684686780e+05 
8.36887168341859e+01 1.00015783370171e+05 
8.38466229777523e+01 1.00012802713616e+05 
8.40045316549114e+01 1.00009748123026e+05 
8.41624411095586e+01 1.00006616791244e+05 
8.43203503968559e+01 1.00003431865181e+05 
8.44782605557664e+01 1.00000158247506e+05 
8.46361711006565e+01 9.99969471790641e+04 
8.47940815795453e+01 9.99938751671729e+04 
8.49519911103720e+01 9.99909356811175e+04 
8.51098990973984e+01 9.99881163909332e+04 
8.52678065112851e+01 9.99854545010601e+04 
8.54257138686154e+01 9.99828944212128e+04 
8.55836217801970e+01 9.99805505694749e+04 
8.57415292183254e+01 9.99784685727356e+04 
8.58994341398339e+01 9.99766374653150e+04 
8.60573367332196e+01 9.99750590277342e+04 
8.62152374038746e+01 9.99737698024453e+04 
8.63731375811182e+01 9.99727094764721e+04 
8.65310375987192e+01 9.99719176118929e+04 
8.66889375552248e+01 9.99714063599360e+04 
8.68468385039286e+01 9.99711589180379e+04 
8.70047412609430e+01 9.99711893307591e+04 
8.71626443614392e+01 9.99715196816949e+04 
8.73205479962068e+01 9.99721283502965e+04 
8.74784503206073e+01 9.99729803743067e+04 
8.76363495572885e+01 9.99740416600913e+04 
8.77942431849901e+01 9.99753107320987e+04 
8.79521325309210e+01 9.99768045159419e+04 
8.81100185611205e+01 9.99785371871242e+04 
8.82679028525337e+01 9.99805184088285e+04 
8.84257843073351e+01 9.99826610216572e+04 
8.85836638116007e+01 9.99849164894829e+04 
8.87415446242167e+01 9.99872904313288e+04 
8.88994240315965e+01 9.99897928994513e+04 
8.90573022819536e+01 9.99924161531076e+04 
8.92151767527825e+01 9.99951940582336e+04 
8.93730477224399e+01 9.99980088411503e+04 
8.95309156458027e+01 1.00000787398729e+05 
8.96887826912112e+01 1.00003535362792e+05 
8.98466499713213e+01 1.00006251602732e+05 
9.00045176380459e+01 1.00008916443407e+05 
9.01623865154936e+01 1.00011573659614e+05 
9.03202569356564e+01 1.00014116496253e+05 
9.04781297063303e+01 1.00016484927579e+05 
9.06360054524564e+01 1.00018677166768e+05 
9.07938823357972e+01 1.00020688055314e+05 
9.09517541470789e+01 1.00022485787445e+05 
9.11096225648372e+01 1.00024119669136e+05 
9.12674903529327e+01 1.00025533256034e+05 
9.14253570626701e+01 1.00026694775814e+05 
9.15832226822998e+01 1.00027598206194e+05 
9.17410881565195e+01 1.00028225603613e+05 
9.18989546135373e+01 1.00028543057902e+05 
9.20568232887804e+01 1.00028572594250e+05 
9.22146961573564e+01 1.00028320547898e+05 
9.23725738596910e+01 1.00027796696623e+05 
9.25304579588404e+01 1.00026998662333e+05 
9.26883440768282e+01 1.00025935546164e+05 
9.28462302163992e+01 1.00024591071667e+05 
9.30041188904351e+01 1.00022969807297e+05 
9.31620089406748e+01 1.00021137083452e+05 
9.33199003766930e+01 1.00019141735177e+05 
9.34777965434557e+01 1.00016979109543e+05 
9.36356962709857e+01 1.00014636248470e+05 
9.37935970223798e+01 1.00012110028528e+05 
9.39515016043418e+01 1.00009382992902e+05 
9.41094095639123e+01 1.00006575195831e+05 
9.42673176496791e+01 1.00003766185115e+05 
9.44252272261732e+01 1.00000958487476e+05 
9.45831367419679e+01 9.99981492216977e+04 
9.47410472060425e+01 9.99953550628901e+04 
9.48989573503301e+01 9.99925312272007e+04 
9.50568658739766e+01 9.99897970220476e+04 
9.52147728697819e+01 9.99872152797849e+04 
9.53726794597599e+01 9.99847835477090e+04 
9.55305867647987e+01 9.99825022417899e+04 
9.56884942753968e+01 9.99804028669474e+04 
9.58463997516093e+01 9.99784355636325e+04 
9.60043026249207e+01 9.99766756721722e+04 
9.61622035600294e+01 9.99751557181820e+04 
9.63201032160052e+01 9.99738731223871e+04 
9.64780023140949e+01 9.99728434753989e+04 
9.66359014564617e+01 9.99720998799252e+04 
9.67938016196219e+01 9.99716025070939e+04 
9.69517021660862e+01 9.99713644191271e+04 
9.71096039307884e+01 9.99713789433920e+04 
9.72675053659434e+01 9.99716570544968e+04 
9.74254084969254e+01 9.99722002899631e+04 
9.75833089937247e+01 9.99730303711196e+04 
9.77412039501997e+01 9.99741360141443e+04 
9.78990956464850e+01 9.99754672187956e+04 
9.80569824734498e+01 9.99769909216263e+04 
9.82148662686850e+01 9.99787204975496e+04 
9.83727491375352e+01 9.99806788049035e+04 
9.85306321990684e+01 9.99828777199166e+04 
9.86885141869873e+01 9.99853273615423e+04 
9.88463960415929e+01 9.99879241921839e+04 
9.90042760737878e+01 9.99905954107653e+04 
9.91621528526767e+01 9.99933396437448e+04 
9.93200261516929e+01 9.99961640365900e+04 
9.94778958586317e+01 9.99990604032104e+04 
9.96357631314534e+01 1.00002066383724e+05 
9.97936285106285e+01 1.00005058283160e+05 
9.99514940149456e+01 1.00007956096700e+05 
1.00109360548212e+02 1.00010754304337e+05 
