# Liste des scalaires : TEMPS pmat 
0.00000000000000e+00 1.00000000000000e+05 
1.58013544018059e-01 1.00000000000000e+05 
3.16027088036117e-01 1.00000000000000e+05 
4.74040632054176e-01 1.00000000000000e+05 
6.32054176072234e-01 1.00000000000000e+05 
7.90067720090293e-01 1.00000000000000e+05 
9.48081264108351e-01 1.00000000000000e+05 
1.10609480812641e+00 1.00000000000000e+05 
1.26410835214447e+00 1.00000000000000e+05 
1.42212189616253e+00 1.00000000000000e+05 
1.58013544018058e+00 1.00000000000000e+05 
1.73814898419864e+00 1.00000000000000e+05 
1.89616252821670e+00 1.00000000000000e+05 
2.05417607223476e+00 1.00000000000000e+05 
2.21218961625282e+00 1.00000000000000e+05 
2.37020316027088e+00 1.00000000000000e+05 
2.52821670428893e+00 1.00000000000000e+05 
2.68623024830699e+00 1.00000000000000e+05 
2.84424379232505e+00 1.00000000000000e+05 
3.00225733634311e+00 1.00000000000000e+05 
3.16027088036116e+00 1.00000000000000e+05 
3.31828442437922e+00 1.00000000000000e+05 
3.47629796839728e+00 1.00000000000000e+05 
3.63431151241534e+00 1.00000000000000e+05 
3.79232505643340e+00 1.00000000000000e+05 
3.95033860045145e+00 1.00000000000000e+05 
4.10835214446951e+00 1.00000000000000e+05 
4.26636568848757e+00 1.00000000000000e+05 
4.42437923250563e+00 1.00000000000000e+05 
4.58239277652368e+00 1.00000000000000e+05 
4.74040632054174e+00 1.00000000000000e+05 
4.89841986455980e+00 1.00000000000000e+05 
5.05643340857771e+00 1.00000000000000e+05 
5.21444695259555e+00 1.00000000000000e+05 
5.37246049661106e+00 1.00000000000000e+05 
5.53047404062163e+00 1.00000000000000e+05 
5.68848758460807e+00 1.00000000000000e+05 
5.84650112860433e+00 1.00000000000000e+05 
6.00451467131846e+00 1.00000000000000e+05 
6.16252820860419e+00 1.00000000000000e+05 
6.32054173855849e+00 1.00000000000000e+05 
6.47855526263600e+00 1.00000000000000e+05 
6.63656878322570e+00 1.00000000000000e+05 
6.79458230116958e+00 1.00000000000000e+05 
6.95259581572868e+00 1.00000000000000e+05 
7.11060926486710e+00 1.00000000000000e+05 
7.26862123211782e+00 1.00000000000000e+05 
7.42662869286748e+00 1.00000000000000e+05 
7.58462797993242e+00 1.00000000000000e+05 
7.74261562363004e+00 1.00000000000000e+05 
7.90058972087802e+00 1.00000000000000e+05 
8.05854876760864e+00 1.00000000000000e+05 
8.21649327583521e+00 1.00000000000000e+05 
8.37442375590179e+00 1.00000000000000e+05 
8.53234121474706e+00 1.00000000000000e+05 
8.69024692780629e+00 1.00000000000000e+05 
8.84814294511368e+00 1.00000000000000e+05 
9.00603027516490e+00 1.00000000000000e+05 
9.16391060602912e+00 1.00000000000000e+05 
9.32178516379403e+00 1.00000000000000e+05 
9.47965513838773e+00 1.00000000000000e+05 
9.63751817790166e+00 1.00000000000000e+05 
9.79537550224774e+00 1.00000000000000e+05 
9.95322697641788e+00 1.00000000000000e+05 
1.01110732028936e+01 1.00000000000000e+05 
1.02689146274544e+01 1.00000000000000e+05 
1.04267523201822e+01 1.00000000000000e+05 
1.05845878187241e+01 1.00000000000000e+05 
1.07424234235056e+01 1.00000000000000e+05 
1.09002605183067e+01 1.00000000000000e+05 
1.10581011989153e+01 1.00000000000000e+05 
1.12159469760981e+01 1.00000000000000e+05 
1.13737958277871e+01 1.00000000000000e+05 
1.15316485112955e+01 1.00000000000000e+05 
1.16895059234703e+01 1.00000000000000e+05 
1.18473678135275e+01 1.00000000000000e+05 
1.20052343190564e+01 1.00000000000000e+05 
1.21631037930394e+01 1.00000000000000e+05 
1.23209755736488e+01 1.00000000000000e+05 
1.24788506295067e+01 1.00000000000000e+05 
1.26367295773036e+01 1.00000000000000e+05 
1.27946116815903e+01 1.00000000000000e+05 
1.29524970895918e+01 1.00000000000000e+05 
1.31103853882209e+01 1.00000000000000e+05 
1.32682764852580e+01 1.00000000000000e+05 
1.34261706139616e+01 1.00000000000000e+05 
1.35840685957871e+01 1.00000000000000e+05 
1.37419698795382e+01 1.00000000000000e+05 
1.38998748238769e+01 1.00000000000000e+05 
1.40577825863761e+01 1.00000000000000e+05 
1.42156900780669e+01 1.00000000000000e+05 
1.43735971547495e+01 1.00000000000000e+05 
1.45315042337418e+01 1.00000000000000e+05 
1.46894115576050e+01 1.00000000000000e+05 
1.48473186395545e+01 1.00000000000000e+05 
1.50052256719272e+01 1.00000000000000e+05 
1.51631330578148e+01 1.00000000000000e+05 
1.53210408171837e+01 1.00000000000000e+05 
1.54789489338296e+01 1.00000000000000e+05 
1.56368576354914e+01 1.00000000000000e+05 
1.57947669611646e+01 1.00000000000000e+05 
1.59526770505537e+01 1.00000000000000e+05 
1.61105878565459e+01 1.00000000000000e+05 
1.62684993007154e+01 1.00000000000000e+05 
1.64264117696543e+01 1.00000000000000e+05 
1.65843252894251e+01 1.00000000000000e+05 
1.67422394503545e+01 1.00000000000000e+05 
1.69001543231263e+01 1.00000000000000e+05 
1.70580702178261e+01 1.00000000000000e+05 
1.72159869071440e+01 1.00000000000000e+05 
1.73739045484328e+01 1.00000000000000e+05 
1.75318230870977e+01 1.00000000000000e+05 
1.76897420386758e+01 1.00000000000000e+05 
1.78476617082648e+01 1.00000000000000e+05 
1.80055822852594e+01 1.00000000000000e+05 
1.81635032871374e+01 1.00000000000000e+05 
1.83214252006964e+01 1.00000000000000e+05 
1.84793480458620e+01 1.00000000000000e+05 
1.86372715456650e+01 1.00000000000000e+05 
1.87951957601081e+01 1.00000000000000e+05 
1.89531209484135e+01 1.00000000000000e+05 
1.91110441089809e+01 1.00000000000000e+05 
1.92689571504680e+01 1.00000000000000e+05 
1.94268607791625e+01 1.00000000000000e+05 
1.95847566159270e+01 1.00000000000000e+05 
1.97426455229279e+01 1.00000000000000e+05 
1.99005279081235e+01 1.00000000000000e+05 
2.00584049686281e+01 1.00000000000000e+05 
2.02162789927353e+01 1.00000000000000e+05 
2.03741510118332e+01 1.00000000000000e+05 
2.05320225312322e+01 1.00000000000000e+05 
2.06898943694514e+01 1.00000000000000e+05 
2.08477672335517e+01 1.00000000000000e+05 
2.10056381883608e+01 1.00000000000000e+05 
2.11635073392954e+01 1.00000000000000e+05 
2.13213744206154e+01 1.00000000000000e+05 
2.14792406064660e+01 1.00000000000000e+05 
2.16371055052497e+01 1.00000000000000e+05 
2.17949698598769e+01 1.00000000000000e+05 
2.19528346543289e+01 1.00000000000000e+05 
2.21107022379036e+01 1.00000000000000e+05 
2.22685735446671e+01 1.00000000000000e+05 
2.24264499128177e+01 1.00000000000000e+05 
2.25843313783613e+01 1.00000000000000e+05 
2.27422178371839e+01 1.00000000000000e+05 
2.29001082195325e+01 1.00000000000000e+05 
2.30580026165052e+01 1.00000000000000e+05 
2.32159006750456e+01 1.00000000000000e+05 
2.33738008250518e+01 1.00000000000000e+05 
2.35317021841015e+01 1.00000000000000e+05 
2.36896047805334e+01 1.00000000000000e+05 
2.38475089535193e+01 1.00000000000018e+05 
2.40054144059897e+01 1.00000000000039e+05 
2.41633212527943e+01 1.00000000004845e+05 
2.43212294708959e+01 1.00000000097214e+05 
2.44791391765311e+01 1.00000000648210e+05 
2.46370501927731e+01 1.00000001171458e+05 
2.47949629062368e+01 1.00000002011199e+05 
2.49528766385629e+01 1.00000003369214e+05 
2.51107912664912e+01 1.00000005917939e+05 
2.52687065421895e+01 1.00000009973867e+05 
2.54266227275827e+01 1.00000016088743e+05 
2.55845402635157e+01 1.00000026226394e+05 
2.57424589006128e+01 1.00000043133251e+05 
2.59003774090588e+01 1.00000068305163e+05 
2.60582956021659e+01 1.00000107197053e+05 
2.62162142568713e+01 1.00000162366546e+05 
2.63741334755089e+01 1.00000236446350e+05 
2.65320531896202e+01 1.00000347182945e+05 
2.66899728755107e+01 1.00000511790573e+05 
2.68478922917635e+01 1.00000730173519e+05 
2.70058116301977e+01 1.00001027722181e+05 
2.71637307927613e+01 1.00001393187749e+05 
2.73216502821697e+01 1.00001822076301e+05 
2.74795690311203e+01 1.00002391464695e+05 
2.76374879055499e+01 1.00003139753944e+05 
2.77954041756501e+01 1.00004014250168e+05 
2.79533191433170e+01 1.00005038638467e+05 
2.81112322788099e+01 1.00006076990696e+05 
2.82691420252821e+01 1.00007087657365e+05 
2.84270498359011e+01 1.00008256753632e+05 
2.85849551367456e+01 1.00009621044878e+05 
2.87428577035279e+01 1.00011021450119e+05 
2.89007576935424e+01 1.00012346952971e+05 
2.90586554385742e+01 1.00013299449101e+05 
2.92165508783833e+01 1.00013887753334e+05 
2.93744443359554e+01 1.00014492022386e+05 
2.95323353920958e+01 1.00015232226855e+05 
2.96902253081402e+01 1.00016009542660e+05 
2.98481142776169e+01 1.00016426145352e+05 
3.00059979647156e+01 1.00016269728019e+05 
3.01638770985754e+01 1.00015682432483e+05 
3.03217523516603e+01 1.00015074488228e+05 
3.04796254231717e+01 1.00014721939914e+05 
3.06374979890028e+01 1.00014562729130e+05 
3.07953682566008e+01 1.00014062804902e+05 
3.09532360866590e+01 1.00013082293030e+05 
3.11111009485845e+01 1.00011806516413e+05 
3.12689642148262e+01 1.00010473164639e+05 
3.14268269801884e+01 1.00009370753528e+05 
3.15846899752751e+01 1.00008589168846e+05 
3.17425539745552e+01 1.00007667941838e+05 
3.19004203627167e+01 1.00006609936789e+05 
3.20582896401381e+01 1.00005489031592e+05 
3.22161632234601e+01 1.00004355081144e+05 
3.23740425511432e+01 1.00003450483984e+05 
3.25319290751244e+01 1.00002848662229e+05 
3.26898202982419e+01 1.00002331598672e+05 
3.28477131228900e+01 1.00001926922654e+05 
3.30056072961437e+01 1.00001544361109e+05 
3.31635023672678e+01 1.00001076134334e+05 
3.33213991393358e+01 1.00000663684093e+05 
3.34792973573956e+01 1.00000323277485e+05 
3.36371967535133e+01 9.99999699767654e+04 
3.37950973023584e+01 9.99996234917592e+04 
3.39529995672097e+01 9.99991483385337e+04 
3.41109029852060e+01 9.99984298633404e+04 
3.42688076087386e+01 9.99975869365746e+04 
3.44267132713632e+01 9.99966985980896e+04 
3.45846196509400e+01 9.99957272542971e+04 
3.47425273496765e+01 9.99948281876302e+04 
3.49004361808860e+01 9.99939548714097e+04 
3.50583454950604e+01 9.99929465187875e+04 
3.52162538750963e+01 9.99918563537957e+04 
3.53741611804014e+01 9.99907668555425e+04 
3.55320682312856e+01 9.99897125649040e+04 
3.56899754216115e+01 9.99889435929588e+04 
3.58478829107651e+01 9.99884185743218e+04 
3.60057904151544e+01 9.99878515429200e+04 
3.61636981099972e+01 9.99871375698691e+04 
3.63216068904539e+01 9.99862807231837e+04 
3.64795154283054e+01 9.99856055055747e+04 
3.66374236436593e+01 9.99853436178743e+04 
3.67953327010769e+01 9.99854198871323e+04 
3.69532427717678e+01 9.99855246549623e+04 
3.71111532244148e+01 9.99853765141349e+04 
3.72690630548262e+01 9.99849517204452e+04 
3.74269718145581e+01 9.99847648195733e+04 
3.75848778454541e+01 9.99850320580877e+04 
3.77427791017932e+01 9.99855495052693e+04 
3.79006746564164e+01 9.99861121400233e+04 
3.80585658512143e+01 9.99864223182034e+04 
3.82164521350274e+01 9.99863567276683e+04 
3.83743339522929e+01 9.99865669373974e+04 
3.85322143263643e+01 9.99871498285511e+04 
3.86900941565614e+01 9.99879747660130e+04 
3.88479738779336e+01 9.99889353777149e+04 
3.90058528607593e+01 9.99895045664025e+04 
3.91637297505779e+01 9.99898113254972e+04 
3.93216059461941e+01 9.99904023930758e+04 
3.94794833120710e+01 9.99912169820453e+04 
3.96373600136444e+01 9.99923271766501e+04 
3.97952355988724e+01 9.99935946483166e+04 
3.99531105564116e+01 9.99946066638465e+04 
4.01109853768128e+01 9.99953242528599e+04 
4.02688608742397e+01 9.99962326787442e+04 
4.04267381798270e+01 9.99972586235472e+04 
4.05846137319020e+01 9.99983707543097e+04 
4.07424858509869e+01 9.99996344675708e+04 
4.09003545163728e+01 1.00000686132281e+05 
4.10582217788816e+01 1.00001502565937e+05 
4.12160877638797e+01 1.00002327919674e+05 
4.13739537347660e+01 1.00003038800349e+05 
4.15318203524083e+01 1.00003652530739e+05 
4.16896877430492e+01 1.00004358359166e+05 
4.18475567572815e+01 1.00004968722812e+05 
4.20054296452478e+01 1.00005517602583e+05 
4.21633067849416e+01 1.00005960695167e+05 
4.23211896909693e+01 1.00006170519175e+05 
4.24790781339048e+01 1.00006181910344e+05 
4.26369644682292e+01 1.00006231775551e+05 
4.27948546539027e+01 1.00006291231369e+05 
4.29527445839470e+01 1.00006473110083e+05 
4.31106359297670e+01 1.00006467957207e+05 
4.32685306520852e+01 1.00006233575613e+05 
4.34264288504664e+01 1.00005810607715e+05 
4.35843293098335e+01 1.00005328925828e+05 
4.37422323857132e+01 1.00004898385795e+05 
4.39001362271449e+01 1.00004728973461e+05 
4.40580408935821e+01 1.00004396517180e+05 
4.42159461004656e+01 1.00003930060722e+05 
4.43738520952394e+01 1.00003348639453e+05 
4.45317586334686e+01 1.00002691561315e+05 
4.46896655731558e+01 1.00002157067834e+05 
4.48475732386247e+01 1.00001973658970e+05 
4.50054818277984e+01 1.00001675435834e+05 
4.51633912296472e+01 1.00001360048594e+05 
4.53213012689940e+01 1.00000969172641e+05 
4.54792124514439e+01 1.00000518908758e+05 
4.56371248172869e+01 1.00000285502950e+05 
4.57950380337933e+01 1.00000333532825e+05 
4.59529529680012e+01 1.00000296276792e+05 
4.61108663642278e+01 1.00000282341231e+05 
4.62687784498702e+01 1.00000196135812e+05 
4.64266899654798e+01 1.00000091393142e+05 
4.65846018793389e+01 1.00000237575690e+05 
4.67425141840204e+01 1.00000589631922e+05 
4.69004273753813e+01 1.00000812576640e+05 
4.70583412575278e+01 1.00000941468149e+05 
4.72162558287896e+01 1.00000968588411e+05 
4.73741661075397e+01 1.00001004530998e+05 
4.75320700293228e+01 1.00001274197418e+05 
4.76899693645184e+01 1.00001620117381e+05 
4.78478625125830e+01 1.00001854368325e+05 
4.80057508638390e+01 1.00001864303547e+05 
4.81636362087960e+01 1.00001761665190e+05 
4.83215191917349e+01 1.00001715433584e+05 
4.84794017791262e+01 1.00001870560369e+05 
4.86372824178603e+01 1.00002008255125e+05 
4.87951610644304e+01 1.00002075224601e+05 
4.89530401011878e+01 1.00001889182334e+05 
4.91109183405868e+01 1.00001662277778e+05 
4.92687968866861e+01 1.00001536027351e+05 
4.94266754364972e+01 1.00001554759297e+05 
4.95845515595664e+01 1.00001568388582e+05 
4.97424261075137e+01 1.00001648847288e+05 
4.99003006335041e+01 1.00001543906537e+05 
5.00581763017773e+01 1.00001445225213e+05 
5.02160540122954e+01 1.00001418399524e+05 
5.03739320513093e+01 1.00001416708758e+05 
5.05318084517488e+01 1.00001365065585e+05 
5.06896830101217e+01 1.00001448386889e+05 
5.08475554530749e+01 1.00001434755681e+05 
5.10054253922244e+01 1.00001423959177e+05 
5.11632927122317e+01 1.00001401664796e+05 
5.13211591090027e+01 1.00001273481519e+05 
5.14790271138448e+01 1.00001077903152e+05 
5.16368950153983e+01 1.00001022065924e+05 
5.17947643683201e+01 1.00000967583684e+05 
5.19526361004011e+01 1.00000916230482e+05 
5.21105113953299e+01 1.00000778041068e+05 
5.22683913894592e+01 1.00000435562188e+05 
5.24262776968112e+01 1.00000007203016e+05 
5.25841708838473e+01 9.99996500328466e+04 
5.27420666524036e+01 9.99993990465937e+04 
5.28999618489546e+01 9.99991994970701e+04 
5.30578577998667e+01 9.99988855293174e+04 
5.32157572283380e+01 9.99983177225012e+04 
5.33736576041167e+01 9.99976592494842e+04 
5.35315607809438e+01 9.99970384030101e+04 
5.36894666299000e+01 9.99966522371328e+04 
5.38473734460421e+01 9.99964016191279e+04 
5.40052812691421e+01 9.99960289553927e+04 
5.41631892761518e+01 9.99954090531398e+04 
5.43210976391154e+01 9.99947146715547e+04 
5.44790065647947e+01 9.99940576143413e+04 
5.46369153234515e+01 9.99937699563784e+04 
5.47948247591204e+01 9.99936262765049e+04 
5.49527345816088e+01 9.99933938354096e+04 
5.51106448015583e+01 9.99929728719630e+04 
5.52685553466649e+01 9.99924678515307e+04 
5.54264665842849e+01 9.99919657778807e+04 
5.55843786559346e+01 9.99919002769365e+04 
5.57422916964500e+01 9.99920465795043e+04 
5.59002049245996e+01 9.99921423324954e+04 
5.60581165652534e+01 9.99921206496284e+04 
5.62160267790978e+01 9.99920211071361e+04 
5.63739360456862e+01 9.99919383177245e+04 
5.65318446490167e+01 9.99921798528607e+04 
5.66897535039061e+01 9.99925890842170e+04 
5.68476637724107e+01 9.99930359351365e+04 
5.70055749148130e+01 9.99934469503390e+04 
5.71634862686760e+01 9.99938013783003e+04 
5.73213958959964e+01 9.99941741632821e+04 
5.74793010243427e+01 9.99946792145989e+04 
5.76372006427965e+01 9.99952540262639e+04 
5.77950939663717e+01 9.99959434071325e+04 
5.79529832749989e+01 9.99966872229421e+04 
5.81108693165340e+01 9.99973324032236e+04 
5.82687509560842e+01 9.99979687884915e+04 
5.84266313769464e+01 9.99984896017437e+04 
5.85845125473362e+01 9.99989655161643e+04 
5.87423932111164e+01 9.99995755121379e+04 
5.89002729936823e+01 1.00000281896753e+05 
5.90581527151859e+01 1.00000916470855e+05 
5.92160322137457e+01 1.00001547833037e+05 
5.93739114996228e+01 1.00001919063739e+05 
5.95317886882425e+01 1.00002177033086e+05 
5.96896638636060e+01 1.00002589566358e+05 
5.98475378197668e+01 1.00003138011259e+05 
6.00054119865173e+01 1.00003710832837e+05 
6.01632862541559e+01 1.00004268813613e+05 
6.03211632133958e+01 1.00004508845150e+05 
6.04790393685606e+01 1.00004576669949e+05 
6.06369130750726e+01 1.00004729179233e+05 
6.07947845152142e+01 1.00004966247193e+05 
6.09526543879465e+01 1.00005256349360e+05 
6.11105223433906e+01 1.00005513077828e+05 
6.12683891572993e+01 1.00005454551649e+05 
6.14262556334736e+01 1.00005215378370e+05 
6.15841213812268e+01 1.00004964666230e+05 
6.17419872970758e+01 1.00004740042103e+05 
6.18998556369791e+01 1.00004584299942e+05 
6.20577270573682e+01 1.00004449066671e+05 
6.22156028064752e+01 1.00004152639125e+05 
6.23734839507439e+01 1.00003756559189e+05 
6.25313719458757e+01 1.00003276051070e+05 
6.26892653364233e+01 1.00002741543915e+05 
6.28471589494630e+01 1.00002292369859e+05 
6.30050539658638e+01 1.00001888563250e+05 
6.31629516032019e+01 1.00001512180475e+05 
6.33208526762621e+01 1.00001132117057e+05 
6.34787557016783e+01 1.00000607474334e+05 
6.36366621209855e+01 9.99999471437632e+04 
6.37945707388512e+01 9.99993292227353e+04 
6.39524799651022e+01 9.99987108492429e+04 
6.41103898945289e+01 9.99982774852955e+04 
6.42682996768123e+01 9.99979181599593e+04 
6.44262099946042e+01 9.99973873380952e+04 
6.45841203235132e+01 9.99966883192210e+04 
6.47420308141056e+01 9.99959957299294e+04 
6.48999413857551e+01 9.99953222549718e+04 
6.50578522130705e+01 9.99949908999995e+04 
6.52157621383260e+01 9.99948330243408e+04 
6.53736716684331e+01 9.99945796327723e+04 
6.55315818735089e+01 9.99942055229044e+04 
6.56894924466357e+01 9.99937870074384e+04 
6.58474019305714e+01 9.99934158874854e+04 
6.60053094171804e+01 9.99934192089324e+04 
6.61632151021049e+01 9.99936381878850e+04 
6.63211194929648e+01 9.99938373644201e+04 
6.64790238951629e+01 9.99940092229527e+04 
6.66369283078166e+01 9.99941208491047e+04 
6.67948331393927e+01 9.99942695329440e+04 
6.69527394440034e+01 9.99946821588969e+04 
6.71106470639483e+01 9.99952374335882e+04 
6.72685553183821e+01 9.99958921703181e+04 
6.74264597024061e+01 9.99966107080618e+04 
6.75843590419925e+01 9.99972727936737e+04 
6.77422535684911e+01 9.99979429913394e+04 
6.79001426201263e+01 9.99986154220888e+04 
6.80580282864847e+01 9.99992747271059e+04 
6.82159111158328e+01 1.00000051996878e+05 
6.83737930861987e+01 1.00000967090370e+05 
6.85316731580176e+01 1.00001829168203e+05 
6.86895517906449e+01 1.00002620367789e+05 
6.88474307150474e+01 1.00003140949085e+05 
6.90053081989569e+01 1.00003502284750e+05 
6.91631854542290e+01 1.00004010193546e+05 
6.93210605590817e+01 1.00004727414559e+05 
6.94789329603387e+01 1.00005491926305e+05 
6.96368026296308e+01 1.00006129148796e+05 
6.97946722052352e+01 1.00006348270963e+05 
6.99525422636531e+01 1.00006339587355e+05 
7.01104134175452e+01 1.00006458632440e+05 
7.02682863349460e+01 1.00006764986261e+05 
7.04261613776249e+01 1.00007167645984e+05 
7.05840389189998e+01 1.00007478092593e+05 
7.07419152096647e+01 1.00007337490727e+05 
7.08997875851045e+01 1.00006957951111e+05 
7.10576561988164e+01 1.00006620738062e+05 
7.12155224399363e+01 1.00006415608058e+05 
7.13733888211252e+01 1.00006314699944e+05 
7.15312552146323e+01 1.00006169457411e+05 
7.16891217538037e+01 1.00005729402740e+05 
7.18469894024299e+01 1.00005145916399e+05 
7.20048591249784e+01 1.00004515178872e+05 
7.21627323468697e+01 1.00003906740838e+05 
7.23206109024455e+01 1.00003399689425e+05 
7.24784954490941e+01 1.00002920049612e+05 
7.26363845290400e+01 1.00002385581880e+05 
7.27942734676224e+01 1.00001839604868e+05 
7.29521620226019e+01 1.00001151484164e+05 
7.31100537643340e+01 1.00000360949102e+05 
7.32679464204612e+01 9.99995971547730e+04 
7.34258410448585e+01 9.99988962222955e+04 
7.35837409539245e+01 9.99983785176021e+04 
7.37416437257822e+01 9.99979603323331e+04 
7.38995475254834e+01 9.99973491877229e+04 
7.40574552767677e+01 9.99965176384702e+04 
7.42153656889771e+01 9.99956437142525e+04 
7.43732764020060e+01 9.99948469400887e+04 
7.45311875013272e+01 9.99944230892669e+04 
7.46890982702211e+01 9.99942115372181e+04 
7.48470091952905e+01 9.99938342685864e+04 
7.50049203089887e+01 9.99932374267272e+04 
7.51628314776675e+01 9.99925741830342e+04 
7.53207423108823e+01 9.99920139478916e+04 
7.54786534052723e+01 9.99919152446524e+04 
7.56365652919325e+01 9.99920949544836e+04 
7.57944760696322e+01 9.99922075567005e+04 
7.59523842322763e+01 9.99921737553501e+04 
7.61102907052860e+01 9.99920294439001e+04 
7.62681956345978e+01 9.99919552408643e+04 
7.64260997846199e+01 9.99922735615183e+04 
7.65840035006254e+01 9.99928412867761e+04 
7.67419079524643e+01 9.99934561616532e+04 
7.68998130220342e+01 9.99940162584820e+04 
7.70577190529444e+01 9.99944843644202e+04 
7.72156246322281e+01 9.99949901357966e+04 
7.73735304351853e+01 9.99956754559693e+04 
7.75314321962536e+01 9.99964557142339e+04 
7.76893280918668e+01 9.99973680321545e+04 
7.78472194406838e+01 9.99983445761437e+04 
7.80051082848022e+01 9.99992373375138e+04 
7.81629925315635e+01 1.00000078058586e+05 
7.83208748693117e+01 1.00000766049981e+05 
7.84787573742400e+01 1.00001351816171e+05 
7.86366399901977e+01 1.00002081665490e+05 
7.87945213840157e+01 1.00002967564710e+05 
7.89524022580153e+01 1.00003837765940e+05 
7.91102822345851e+01 1.00004607941195e+05 
7.92681598504246e+01 1.00005004341765e+05 
7.94260346032737e+01 1.00005181279069e+05 
7.95839065415183e+01 1.00005516244967e+05 
7.97417762739281e+01 1.00006062606162e+05 
7.98996452426869e+01 1.00006674960710e+05 
8.00575144475735e+01 1.00007163205695e+05 
8.02153853484350e+01 1.00007210104564e+05 
8.03732595753060e+01 1.00007013051555e+05 
8.05311360044327e+01 1.00006888596810e+05 
8.06890123775687e+01 1.00006926488413e+05 
8.08468842047536e+01 1.00007065583622e+05 
8.10047525333100e+01 1.00007122809758e+05 
8.11626191499556e+01 1.00006787051754e+05 
8.13204847650461e+01 1.00006244087479e+05 
8.14783488435453e+01 1.00005675329688e+05 
8.16362118439805e+01 1.00005198441151e+05 
8.17940760681954e+01 1.00004834758926e+05 
8.19519420697887e+01 1.00004491669389e+05 
8.21098112939899e+01 1.00003977731696e+05 
8.22676847318654e+01 1.00003393981475e+05 
8.24255638214298e+01 1.00002685222539e+05 
8.25834499430324e+01 1.00001930628971e+05 
8.27413394366513e+01 1.00001237407208e+05 
8.28992294477559e+01 1.00000631305984e+05 
8.30571223195795e+01 1.00000113998853e+05 
8.32150170578953e+01 9.99996377292608e+04 
8.33729147817309e+01 9.99989813872024e+04 
8.35308144311052e+01 9.99981215118370e+04 
8.36887168341859e+01 9.99972439179382e+04 
8.38466229777523e+01 9.99964537650494e+04 
8.40045316549114e+01 9.99959642969090e+04 
8.41624411095586e+01 9.99956426098690e+04 
8.43203503968559e+01 9.99951301997880e+04 
8.44782605557664e+01 9.99943654533447e+04 
8.46361711006565e+01 9.99935259195540e+04 
8.47940815795453e+01 9.99928105103215e+04 
8.49519911103720e+01 9.99925715143571e+04 
8.51098990973984e+01 9.99925925772258e+04 
8.52678065112851e+01 9.99924925195037e+04 
8.54257138686154e+01 9.99921912311377e+04 
8.55836217801970e+01 9.99917791798273e+04 
8.57415292183254e+01 9.99914539723497e+04 
8.58994341398339e+01 9.99916204354828e+04 
8.60573367332196e+01 9.99920770268923e+04 
8.62152374038746e+01 9.99925211230104e+04 
8.63731375811182e+01 9.99928535806498e+04 
8.65310375987192e+01 9.99930640851594e+04 
8.66889375552248e+01 9.99933247438136e+04 
8.68468385039286e+01 9.99938998313625e+04 
8.70047412609430e+01 9.99946445674513e+04 
8.71626443614392e+01 9.99955152373512e+04 
8.73205479962068e+01 9.99964107666865e+04 
8.74784503206073e+01 9.99972223841229e+04 
8.76363495572885e+01 9.99980198810642e+04 
8.77942431849901e+01 9.99988169464827e+04 
8.79521325309210e+01 9.99996031250833e+04 
8.81100185611205e+01 1.00000550929006e+05 
8.82679028525337e+01 1.00001649995374e+05 
8.84257843073351e+01 1.00002704325857e+05 
8.85836638116007e+01 1.00003637308896e+05 
8.87415446242167e+01 1.00004255872461e+05 
8.88994240315965e+01 1.00004680559438e+05 
8.90573022819536e+01 1.00005290056350e+05 
8.92151767527825e+01 1.00006164376340e+05 
8.93730477224399e+01 1.00007111890136e+05 
8.95309156458027e+01 1.00007883147257e+05 
8.96887826912112e+01 1.00008160820699e+05 
8.98466499713213e+01 1.00008148017129e+05 
9.00045176380459e+01 1.00008282139247e+05 
9.01623865154936e+01 1.00008685077597e+05 
9.03202569356564e+01 1.00009226772633e+05 
9.04781297063303e+01 1.00009615740132e+05 
9.06360054524564e+01 1.00009460940006e+05 
9.07938823357972e+01 1.00009008565834e+05 
9.09517541470789e+01 1.00008600015568e+05 
9.11096225648372e+01 1.00008401243320e+05 
9.12674903529327e+01 1.00008352007773e+05 
9.14253570626701e+01 1.00008215690674e+05 
9.15832226822998e+01 1.00007695625211e+05 
9.17410881565195e+01 1.00006956109575e+05 
9.18989546135373e+01 1.00006119664170e+05 
9.20568232887804e+01 1.00005410513256e+05 
9.22146961573564e+01 1.00004806153853e+05 
9.23725738596910e+01 1.00004222518299e+05 
9.25304579588404e+01 1.00003514651230e+05 
9.26883440768282e+01 1.00002749483609e+05 
9.28462302163992e+01 1.00001808941002e+05 
9.30041188904351e+01 1.00000784606208e+05 
9.31620089406748e+01 9.99997979940612e+04 
9.33199003766930e+01 9.99988950395559e+04 
9.34777965434557e+01 9.99981799604563e+04 
9.36356962709857e+01 9.99975717314696e+04 
9.37935970223798e+01 9.99967439322481e+04 
9.39515016043418e+01 9.99956649857477e+04 
9.41094095639123e+01 9.99945375264732e+04 
9.42673176496791e+01 9.99935577321221e+04 
9.44252272261732e+01 9.99930002759773e+04 
9.45831367419679e+01 9.99927133021153e+04 
9.47410472060425e+01 9.99922354178881e+04 
9.48989573503301e+01 9.99914681011359e+04 
9.50568658739766e+01 9.99905923033546e+04 
9.52147728697819e+01 9.99899129975757e+04 
9.53726794597599e+01 9.99898136553591e+04 
9.55305867647987e+01 9.99900462877073e+04 
9.56884942753968e+01 9.99901888666735e+04 
9.58463997516093e+01 9.99900985438356e+04 
9.60043026249207e+01 9.99898512579945e+04 
9.61622035600294e+01 9.99897399828096e+04 
9.63201032160052e+01 9.99901394551732e+04 
9.64780023140949e+01 9.99908783630145e+04 
9.66359014564617e+01 9.99916631306292e+04 
9.67938016196219e+01 9.99923201691619e+04 
9.69517021660862e+01 9.99928275385742e+04 
9.71096039307884e+01 9.99934096909547e+04 
9.72675053659434e+01 9.99942741808099e+04 
9.74254084969254e+01 9.99952753051297e+04 
9.75833089937247e+01 9.99964424208298e+04 
9.77412039501997e+01 9.99976386182440e+04 
9.78990956464850e+01 9.99987367994235e+04 
9.80569824734498e+01 9.99997762711272e+04 
9.82148662686850e+01 1.00000688953438e+05 
9.83727491375352e+01 1.00001523923335e+05 
9.85306321990684e+01 1.00002557336779e+05 
9.86885141869873e+01 1.00003776156943e+05 
9.88463960415929e+01 1.00004986200286e+05 
9.90042760737878e+01 1.00006043912812e+05 
9.91621528526767e+01 1.00006691905591e+05 
9.93200261516929e+01 1.00007076001379e+05 
9.94778958586317e+01 1.00007671498223e+05 
9.96357631314534e+01 1.00008566798180e+05 
9.97936285106285e+01 1.00009584588727e+05 
9.99514940149456e+01 1.00010370968845e+05 
1.00109360548212e+02 1.00010566981515e+05 
