# Liste des scalaires : TEMPS pmat 
0.00000000000000e+00 1.00000000000000e+05 
1.58013544018059e-01 1.00000000000000e+05 
3.16027088036117e-01 1.00000000000000e+05 
4.74040632054176e-01 1.00000000000000e+05 
6.32054176072234e-01 1.00000000000000e+05 
7.90067720090293e-01 1.00000000000000e+05 
9.48081264108351e-01 1.00000000000000e+05 
1.10609480812641e+00 1.00000000000000e+05 
1.26410835214447e+00 1.00000000000000e+05 
1.42212189616253e+00 1.00000000000000e+05 
1.58013544018058e+00 1.00000000000000e+05 
1.73814898419864e+00 1.00000000000000e+05 
1.89616252821670e+00 1.00000000000000e+05 
2.05417607223476e+00 1.00000000000000e+05 
2.21218961625282e+00 1.00000000000000e+05 
2.37020316027088e+00 1.00000000000000e+05 
2.52821670428893e+00 1.00000000000000e+05 
2.68623024830699e+00 1.00000000000000e+05 
2.84424379232505e+00 1.00000000000000e+05 
3.00225733634311e+00 1.00000000000000e+05 
3.16027088036116e+00 1.00000000000000e+05 
3.31828442437922e+00 1.00000000000000e+05 
3.47629796839728e+00 1.00000000000000e+05 
3.63431151241534e+00 1.00000000000000e+05 
3.79232505643340e+00 1.00000000000000e+05 
3.95033860045145e+00 1.00000000000000e+05 
4.10835214446951e+00 1.00000000000000e+05 
4.26636568848757e+00 1.00000000000000e+05 
4.42437923250563e+00 1.00000000000000e+05 
4.58239277652368e+00 1.00000000000000e+05 
4.74040632054174e+00 1.00000000000000e+05 
4.89841986455980e+00 1.00000000000000e+05 
5.05643340857771e+00 1.00000000000000e+05 
5.21444695259555e+00 1.00000000000000e+05 
5.37246049661106e+00 1.00000000000000e+05 
5.53047404062163e+00 1.00000000000000e+05 
5.68848758460807e+00 1.00000000000000e+05 
5.84650112860433e+00 1.00000000000000e+05 
6.00451467131846e+00 1.00000000000000e+05 
6.16252820860419e+00 1.00000000000000e+05 
6.32054173855849e+00 1.00000000000000e+05 
6.47855526263600e+00 1.00000000000000e+05 
6.63656878322570e+00 1.00000000000000e+05 
6.79458230116958e+00 1.00000000000000e+05 
6.95259581572868e+00 1.00000000000000e+05 
7.11060926486710e+00 1.00000000000000e+05 
7.26862123211782e+00 1.00000000000000e+05 
7.42662869286748e+00 1.00000000000000e+05 
7.58462797993242e+00 1.00000000000000e+05 
7.74261562363004e+00 1.00000000000000e+05 
7.90058972087802e+00 1.00000000000000e+05 
8.05854876760864e+00 1.00000000000000e+05 
8.21649327583521e+00 1.00000000000000e+05 
8.37442375590179e+00 1.00000000000000e+05 
8.53234121474706e+00 1.00000000000000e+05 
8.69024692780629e+00 1.00000000000000e+05 
8.84814294511368e+00 1.00000000000000e+05 
9.00603027516490e+00 1.00000000000000e+05 
9.16391060602912e+00 1.00000000000000e+05 
9.32178516379403e+00 1.00000000000000e+05 
9.47965513838773e+00 1.00000000000000e+05 
9.63751817790166e+00 1.00000000000000e+05 
9.79537550224774e+00 1.00000000000000e+05 
9.95322697641788e+00 1.00000000000000e+05 
1.01110732028936e+01 1.00000000000000e+05 
1.02689146274544e+01 1.00000000000000e+05 
1.04267523201822e+01 1.00000000000000e+05 
1.05845878187241e+01 1.00000000000000e+05 
1.07424234235056e+01 1.00000000000000e+05 
1.09002605183067e+01 1.00000000000000e+05 
1.10581011989153e+01 1.00000000000000e+05 
1.12159469760981e+01 1.00000000000000e+05 
1.13737958277871e+01 1.00000000000000e+05 
1.15316485112955e+01 1.00000000000000e+05 
1.16895059234703e+01 1.00000000000000e+05 
1.18473678135275e+01 1.00000000000000e+05 
1.20052343190564e+01 1.00000000000000e+05 
1.21631037930394e+01 1.00000000000000e+05 
1.23209755736488e+01 1.00000000000000e+05 
1.24788506295067e+01 1.00000000000000e+05 
1.26367295773036e+01 1.00000000000000e+05 
1.27946116815903e+01 1.00000000000000e+05 
1.29524970895918e+01 1.00000000000000e+05 
1.31103853882209e+01 1.00000000000000e+05 
1.32682764852580e+01 1.00000000000000e+05 
1.34261706139616e+01 1.00000000000000e+05 
1.35840685957871e+01 1.00000000000000e+05 
1.37419698795382e+01 1.00000000000000e+05 
1.38998748238769e+01 1.00000000000000e+05 
1.40577825863761e+01 1.00000000000000e+05 
1.42156900780669e+01 1.00000000000000e+05 
1.43735971547495e+01 1.00000000000000e+05 
1.45315042337418e+01 1.00000000000000e+05 
1.46894115576050e+01 1.00000000000000e+05 
1.48473186395545e+01 1.00000000000000e+05 
1.50052256719272e+01 1.00000000000000e+05 
1.51631330578148e+01 1.00000000000000e+05 
1.53210408171837e+01 1.00000000000000e+05 
1.54789489338296e+01 1.00000000000000e+05 
1.56368576354914e+01 1.00000000000000e+05 
1.57947669611646e+01 1.00000000000000e+05 
1.59526770505537e+01 1.00000000000000e+05 
1.61105878565459e+01 1.00000000000000e+05 
1.62684993007154e+01 1.00000000000000e+05 
1.64264117696543e+01 1.00000000000000e+05 
1.65843252894251e+01 1.00000000000000e+05 
1.67422394503545e+01 1.00000000000000e+05 
1.69001543231263e+01 1.00000000000000e+05 
1.70580702178261e+01 1.00000000000000e+05 
1.72159869071440e+01 1.00000000000000e+05 
1.73739045484328e+01 1.00000000000000e+05 
1.75318230870977e+01 1.00000000000000e+05 
1.76897420386758e+01 1.00000000000000e+05 
1.78476617082648e+01 1.00000000000000e+05 
1.80055822852594e+01 1.00000000000000e+05 
1.81635032871374e+01 1.00000000000000e+05 
1.83214252006964e+01 1.00000000000000e+05 
1.84793480458620e+01 1.00000000000000e+05 
1.86372715456650e+01 1.00000000000000e+05 
1.87951957601081e+01 1.00000000000000e+05 
1.89531209484135e+01 1.00000000000000e+05 
1.91110441089809e+01 1.00000000000000e+05 
1.92689571504680e+01 1.00000000000000e+05 
1.94268607791625e+01 1.00000000000000e+05 
1.95847566159270e+01 1.00000000000000e+05 
1.97426455229279e+01 1.00000000000000e+05 
1.99005279081235e+01 1.00000000000000e+05 
2.00584049686281e+01 1.00000000000000e+05 
2.02162789927353e+01 1.00000000000000e+05 
2.03741510118332e+01 1.00000000000000e+05 
2.05320225312322e+01 1.00000000000000e+05 
2.06898943694514e+01 1.00000000000000e+05 
2.08477672335517e+01 1.00000000000000e+05 
2.10056381883608e+01 1.00000000000000e+05 
2.11635073392954e+01 1.00000000000000e+05 
2.13213744206154e+01 1.00000000000000e+05 
2.14792406064660e+01 1.00000000000000e+05 
2.16371055052497e+01 1.00000000000000e+05 
2.17949698598769e+01 1.00000000000000e+05 
2.19528346543289e+01 1.00000000000000e+05 
2.21107022379036e+01 1.00000000000000e+05 
2.22685735446671e+01 1.00000000000000e+05 
2.24264499128177e+01 1.00000000000000e+05 
2.25843313783613e+01 1.00000000000000e+05 
2.27422178371839e+01 1.00000000000000e+05 
2.29001082195325e+01 1.00000000000000e+05 
2.30580026165052e+01 1.00000000000000e+05 
2.32159006750456e+01 1.00000000000000e+05 
2.33738008250518e+01 1.00000000000000e+05 
2.35317021841015e+01 1.00000000000000e+05 
2.36896047805334e+01 1.00000000000000e+05 
2.38475089535193e+01 1.00000000000000e+05 
2.40054144059897e+01 1.00000000000000e+05 
2.41633212527943e+01 1.00000000000000e+05 
2.43212294708959e+01 1.00000000000001e+05 
2.44791391765311e+01 1.00000000000004e+05 
2.46370501927731e+01 1.00000000000052e+05 
2.47949629062368e+01 1.00000000000287e+05 
2.49528766385629e+01 1.00000000004949e+05 
2.51107912664912e+01 1.00000000164035e+05 
2.52687065421895e+01 1.00000000631634e+05 
2.54266227275827e+01 1.00000001029202e+05 
2.55845402635157e+01 1.00000001545409e+05 
2.57424589006128e+01 1.00000002749058e+05 
2.59003774090588e+01 1.00000004747030e+05 
2.60582956021659e+01 1.00000007678171e+05 
2.62162142568713e+01 1.00000011960426e+05 
2.63741334755089e+01 1.00000018634257e+05 
2.65320531896202e+01 1.00000029631249e+05 
2.66899728755107e+01 1.00000047762459e+05 
2.68478922917635e+01 1.00000074393554e+05 
2.70058116301977e+01 1.00000111678255e+05 
2.71637307927613e+01 1.00000161889109e+05 
2.73216502821697e+01 1.00000231730624e+05 
2.74795690311203e+01 1.00000335224318e+05 
2.76374879055499e+01 1.00000485901859e+05 
2.77954041756501e+01 1.00000687667712e+05 
2.79533191433170e+01 1.00000941637386e+05 
2.81112322788099e+01 1.00001253559270e+05 
2.82691420252821e+01 1.00001634757995e+05 
2.84270498359011e+01 1.00002130616163e+05 
2.85849551367456e+01 1.00002758516336e+05 
2.87428577035279e+01 1.00003514493009e+05 
2.89007576935424e+01 1.00004351869399e+05 
2.90586554385742e+01 1.00005268145476e+05 
2.92165508783833e+01 1.00006205999151e+05 
2.93744443359554e+01 1.00007245797126e+05 
2.95323353920958e+01 1.00008360852558e+05 
2.96902253081402e+01 1.00009553146650e+05 
2.98481142776169e+01 1.00010678704322e+05 
3.00059979647156e+01 1.00011754313019e+05 
3.01638770985754e+01 1.00012569169453e+05 
3.03217523516603e+01 1.00013282560300e+05 
3.04796254231717e+01 1.00013894115543e+05 
3.06374979890028e+01 1.00014465593273e+05 
3.07953682566008e+01 1.00014850946646e+05 
3.09532360866590e+01 1.00015124510789e+05 
3.11111009485845e+01 1.00014998574190e+05 
3.12689642148262e+01 1.00014720365031e+05 
3.14268269801884e+01 1.00014371270599e+05 
3.15846899752751e+01 1.00013935628358e+05 
3.17425539745552e+01 1.00013354793226e+05 
3.19004203627167e+01 1.00012694176506e+05 
3.20582896401381e+01 1.00011752805078e+05 
3.22161632234601e+01 1.00010711453440e+05 
3.23740425511432e+01 1.00009685634420e+05 
3.25319290751244e+01 1.00008605317722e+05 
3.26898202982419e+01 1.00007473094087e+05 
3.28477131228900e+01 1.00006340758986e+05 
3.30056072961437e+01 1.00005158894119e+05 
3.31635023672678e+01 1.00004005430765e+05 
3.33213991393358e+01 1.00002944728296e+05 
3.34792973573956e+01 1.00001827022859e+05 
3.36371967535133e+01 1.00000661678589e+05 
3.37950973023584e+01 9.99995144713128e+04 
3.39529995672097e+01 9.99984331397053e+04 
3.41109029852060e+01 9.99974109621290e+04 
3.42688076087386e+01 9.99964325486428e+04 
3.44267132713632e+01 9.99953560969661e+04 
3.45846196509400e+01 9.99942678141675e+04 
3.47425273496765e+01 9.99931802642761e+04 
3.49004361808860e+01 9.99923081817947e+04 
3.50583454950604e+01 9.99915857227545e+04 
3.52162538750963e+01 9.99909903411220e+04 
3.53741611804014e+01 9.99903731344122e+04 
3.55320682312856e+01 9.99898282302542e+04 
3.56899754216115e+01 9.99893740058681e+04 
3.58478829107651e+01 9.99892659538882e+04 
3.60057904151544e+01 9.99893553365459e+04 
3.61636981099972e+01 9.99895821519535e+04 
3.63216068904539e+01 9.99898352547839e+04 
3.64795154283054e+01 9.99901155668144e+04 
3.66374236436593e+01 9.99903845274486e+04 
3.67953327010769e+01 9.99907939254010e+04 
3.69532427717678e+01 9.99912092799120e+04 
3.71111532244148e+01 9.99915894562221e+04 
3.72690630548262e+01 9.99919713587089e+04 
3.74269718145581e+01 9.99923329100126e+04 
3.75848778454541e+01 9.99926310957859e+04 
3.77427791017932e+01 9.99929292043973e+04 
3.79006746564164e+01 9.99931221350593e+04 
3.80585658512143e+01 9.99932342749459e+04 
3.82164521350274e+01 9.99934026205881e+04 
3.83743339522929e+01 9.99936787268298e+04 
3.85322143263643e+01 9.99939809143078e+04 
3.86900941565614e+01 9.99943469297933e+04 
3.88479738779336e+01 9.99946385639684e+04 
3.90058528607593e+01 9.99948655137861e+04 
3.91637297505779e+01 9.99951603213058e+04 
3.93216059461941e+01 9.99955930499712e+04 
3.94794833120710e+01 9.99960802634139e+04 
3.96373600136444e+01 9.99966277775793e+04 
3.97952355988724e+01 9.99971338070815e+04 
3.99531105564116e+01 9.99975756138645e+04 
4.01109853768128e+01 9.99980556042661e+04 
4.02688608742397e+01 9.99986197261688e+04 
4.04267381798270e+01 9.99992226556255e+04 
4.05846137319020e+01 9.99998739335526e+04 
4.07424858509869e+01 1.00000485631555e+05 
4.09003545163728e+01 1.00001007716562e+05 
4.10582217788816e+01 1.00001521628057e+05 
4.12160877638797e+01 1.00002060922797e+05 
4.13739537347660e+01 1.00002615404908e+05 
4.15318203524083e+01 1.00003181933652e+05 
4.16896877430492e+01 1.00003693199579e+05 
4.18475567572815e+01 1.00004073662602e+05 
4.20054296452478e+01 1.00004352560829e+05 
4.21633067849416e+01 1.00004555710824e+05 
4.23211896909693e+01 1.00004711459289e+05 
4.24790781339048e+01 1.00004840061268e+05 
4.26369644682292e+01 1.00004917232697e+05 
4.27948546539027e+01 1.00004924296720e+05 
4.29527445839470e+01 1.00004838950350e+05 
4.31106359297670e+01 1.00004671160668e+05 
4.32685306520852e+01 1.00004455861302e+05 
4.34264288504664e+01 1.00004202667657e+05 
4.35843293098335e+01 1.00003928445303e+05 
4.37422323857132e+01 1.00003645593192e+05 
4.39001362271449e+01 1.00003305603805e+05 
4.40580408935821e+01 1.00002887716790e+05 
4.42159461004656e+01 1.00002440670033e+05 
4.43738520952394e+01 1.00001938149000e+05 
4.45317586334686e+01 1.00001421446428e+05 
4.46896655731558e+01 1.00000940103785e+05 
4.48475732386247e+01 1.00000432174530e+05 
4.50054818277984e+01 9.99998875079520e+04 
4.51633912296472e+01 9.99993304319034e+04 
4.53213012689940e+01 9.99987285041674e+04 
4.54792124514439e+01 9.99981037556480e+04 
4.56371248172869e+01 9.99975246587916e+04 
4.57950380337933e+01 9.99969528534617e+04 
4.59529529680012e+01 9.99963959138287e+04 
4.61108663642278e+01 9.99958676221019e+04 
4.62687784498702e+01 9.99953511322079e+04 
4.64266899654798e+01 9.99948559409999e+04 
4.65846018793389e+01 9.99944353182604e+04 
4.67425141840204e+01 9.99940772783463e+04 
4.69004273753813e+01 9.99937926314119e+04 
4.70583412575278e+01 9.99935547694214e+04 
4.72162558287896e+01 9.99933440433713e+04 
4.73741661075397e+01 9.99931522455403e+04 
4.75320700293228e+01 9.99930146639573e+04 
4.76899693645184e+01 9.99929578951893e+04 
4.78478625125830e+01 9.99929988753811e+04 
4.80057508638390e+01 9.99930801350609e+04 
4.81636362087960e+01 9.99931990331670e+04 
4.83215191917349e+01 9.99933151939208e+04 
4.84794017791262e+01 9.99934431656064e+04 
4.86372824178603e+01 9.99936390252453e+04 
4.87951610644304e+01 9.99939214736949e+04 
4.89530401011878e+01 9.99942043822027e+04 
4.91109183405868e+01 9.99945194285284e+04 
4.92687968866861e+01 9.99948133470610e+04 
4.94266754364972e+01 9.99950732824584e+04 
4.95845515595664e+01 9.99953518833916e+04 
4.97424261075137e+01 9.99956635633724e+04 
4.99003006335041e+01 9.99959650062581e+04 
5.00581763017773e+01 9.99963205699785e+04 
5.02160540122954e+01 9.99966647809086e+04 
5.03739320513093e+01 9.99969727048083e+04 
5.05318084517488e+01 9.99972793931643e+04 
5.06896830101217e+01 9.99975892354589e+04 
5.08475554530749e+01 9.99978710778686e+04 
5.10054253922244e+01 9.99981780671344e+04 
5.11632927122317e+01 9.99984647155519e+04 
5.13211591090027e+01 9.99987127013828e+04 
5.14790271138448e+01 9.99989284945749e+04 
5.16368950153983e+01 9.99991092247210e+04 
5.17947643683201e+01 9.99992639595190e+04 
5.19526361004011e+01 9.99994540260180e+04 
5.21105113953299e+01 9.99996502049406e+04 
5.22683913894592e+01 9.99998472388205e+04 
5.24262776968112e+01 1.00000024263077e+05 
5.25841708838473e+01 1.00000163147102e+05 
5.27420666524036e+01 1.00000296988213e+05 
5.28999618489546e+01 1.00000466156638e+05 
5.30578577998667e+01 1.00000665818366e+05 
5.32157572283380e+01 1.00000897729660e+05 
5.33736576041167e+01 1.00001138856040e+05 
5.35315607809438e+01 1.00001341980280e+05 
5.36894666299000e+01 1.00001550223783e+05 
5.38473734460421e+01 1.00001742280427e+05 
5.40052812691421e+01 1.00001965153867e+05 
5.41631892761518e+01 1.00002228282087e+05 
5.43210976391154e+01 1.00002526382653e+05 
5.44790065647947e+01 1.00002787852183e+05 
5.46369153234515e+01 1.00003048877363e+05 
5.47948247591204e+01 1.00003230546232e+05 
5.49527345816088e+01 1.00003418171226e+05 
5.51106448015583e+01 1.00003635695528e+05 
5.52685553466649e+01 1.00003905162001e+05 
5.54264665842849e+01 1.00004154131416e+05 
5.55843786559346e+01 1.00004404461673e+05 
5.57422916964500e+01 1.00004506539861e+05 
5.59002049245996e+01 1.00004576818344e+05 
5.60581165652534e+01 1.00004640238285e+05 
5.62160267790978e+01 1.00004740638712e+05 
5.63739360456862e+01 1.00004839025345e+05 
5.65318446490167e+01 1.00004938339855e+05 
5.66897535039061e+01 1.00004872412179e+05 
5.68476637724107e+01 1.00004745626924e+05 
5.70055749148130e+01 1.00004580515600e+05 
5.71634862686760e+01 1.00004420034972e+05 
5.73213958959964e+01 1.00004267406235e+05 
5.74793010243427e+01 1.00004112019812e+05 
5.76372006427965e+01 1.00003839638465e+05 
5.77950939663717e+01 1.00003513310194e+05 
5.79529832749989e+01 1.00003156668809e+05 
5.81108693165340e+01 1.00002792268798e+05 
5.82687509560842e+01 1.00002458416595e+05 
5.84266313769464e+01 1.00002136096859e+05 
5.85845125473362e+01 1.00001778664786e+05 
5.87423932111164e+01 1.00001401052765e+05 
5.89002729936823e+01 1.00000996342020e+05 
5.90581527151859e+01 1.00000533245976e+05 
5.92160322137457e+01 1.00000065797803e+05 
5.93739114996228e+01 9.99995950758305e+04 
5.95317886882425e+01 9.99991641814307e+04 
5.96896638636060e+01 9.99987476371230e+04 
5.98475378197668e+01 9.99983217447289e+04 
6.00054119865173e+01 9.99978182676088e+04 
6.01632862541559e+01 9.99972949086353e+04 
6.03211632133958e+01 9.99967593041825e+04 
6.04790393685606e+01 9.99963227033667e+04 
6.06369130750726e+01 9.99959248309025e+04 
6.07947845152142e+01 9.99955428141577e+04 
6.09526543879465e+01 9.99950959536505e+04 
6.11105223433906e+01 9.99946248543340e+04 
6.12683891572993e+01 9.99941364151473e+04 
6.14262556334736e+01 9.99938023534967e+04 
6.15841213812268e+01 9.99935472398212e+04 
6.17419872970758e+01 9.99933504093706e+04 
6.18998556369791e+01 9.99931404975741e+04 
6.20577270573682e+01 9.99929379616549e+04 
6.22156028064752e+01 9.99927375893628e+04 
6.23734839507439e+01 9.99927128859569e+04 
6.25313719458757e+01 9.99927934122431e+04 
6.26892653364233e+01 9.99929745203057e+04 
6.28471589494630e+01 9.99932144743356e+04 
6.30050539658638e+01 9.99934752967744e+04 
6.31629516032019e+01 9.99937457974089e+04 
6.33208526762621e+01 9.99941410346963e+04 
6.34787557016783e+01 9.99945973111776e+04 
6.36366621209855e+01 9.99951158712839e+04 
6.37945707388512e+01 9.99957093941335e+04 
6.39524799651022e+01 9.99963122937175e+04 
6.41103898945289e+01 9.99969202162979e+04 
6.42682996768123e+01 9.99975427234988e+04 
6.44262099946042e+01 9.99981637125751e+04 
6.45841203235132e+01 9.99987879265603e+04 
6.47420308141056e+01 9.99994904945489e+04 
6.48999413857551e+01 1.00000189603787e+05 
6.50578522130705e+01 1.00000895183475e+05 
6.52157621383260e+01 1.00001508300822e+05 
6.53736716684331e+01 1.00002057735573e+05 
6.55315818735089e+01 1.00002541393844e+05 
6.56894924466357e+01 1.00003078337856e+05 
6.58474019305714e+01 1.00003612202064e+05 
6.60053094171804e+01 1.00004151241417e+05 
6.61632151021049e+01 1.00004551867565e+05 
6.63211194929648e+01 1.00004852720006e+05 
6.64790238951629e+01 1.00005047788489e+05 
6.66369283078166e+01 1.00005244492938e+05 
6.67948331393927e+01 1.00005438470473e+05 
6.69527394440034e+01 1.00005635558638e+05 
6.71106470639483e+01 1.00005694941242e+05 
6.72685553183821e+01 1.00005662467966e+05 
6.74264597024061e+01 1.00005515450277e+05 
6.75843590419925e+01 1.00005325512002e+05 
6.77422535684911e+01 1.00005145320993e+05 
6.79001426201263e+01 1.00004982341078e+05 
6.80580282864847e+01 1.00004756127887e+05 
6.82159111158328e+01 1.00004487835131e+05 
6.83737930861987e+01 1.00004148438536e+05 
6.85316731580176e+01 1.00003734807798e+05 
6.86895517906449e+01 1.00003318887681e+05 
6.88474307150474e+01 1.00002909419401e+05 
6.90053081989569e+01 1.00002503004490e+05 
6.91631854542290e+01 1.00002093303806e+05 
6.93210605590817e+01 1.00001645596139e+05 
6.94789329603387e+01 1.00001106957685e+05 
6.96368026296308e+01 1.00000547145053e+05 
6.97946722052352e+01 9.99999744287991e+04 
6.99525422636531e+01 9.99994765954329e+04 
7.01104134175452e+01 9.99990159128660e+04 
7.02682863349460e+01 9.99985774164880e+04 
7.04261613776249e+01 9.99980615496745e+04 
7.05840389189998e+01 9.99975224663756e+04 
7.07419152096647e+01 9.99969636466543e+04 
7.08997875851045e+01 9.99964885293949e+04 
7.10576561988164e+01 9.99960574194466e+04 
7.12155224399363e+01 9.99956859680373e+04 
7.13733888211252e+01 9.99952963077889e+04 
7.15312552146323e+01 9.99949124008499e+04 
7.16891217538037e+01 9.99945242208504e+04 
7.18469894024299e+01 9.99942541361180e+04 
7.20048591249784e+01 9.99940561159250e+04 
7.21627323468697e+01 9.99939607112004e+04 
7.23206109024455e+01 9.99939352233240e+04 
7.24784954490941e+01 9.99939593554041e+04 
7.26363845290400e+01 9.99940109826709e+04 
7.27942734676224e+01 9.99941745419905e+04 
7.29521620226019e+01 9.99944205986590e+04 
7.31100537643340e+01 9.99947644949296e+04 
7.32679464204612e+01 9.99952181094499e+04 
7.34258410448585e+01 9.99957067658706e+04 
7.35837409539245e+01 9.99962040407071e+04 
7.37416437257822e+01 9.99967172877672e+04 
7.38995475254834e+01 9.99972346822426e+04 
7.40574552767677e+01 9.99977688318971e+04 
7.42153656889771e+01 9.99983953836988e+04 
7.43732764020060e+01 9.99990257269825e+04 
7.45311875013272e+01 9.99996534010166e+04 
7.46890982702211e+01 1.00000198914991e+05 
7.48470091952905e+01 1.00000681650344e+05 
7.50049203089887e+01 1.00001113076008e+05 
7.51628314776675e+01 1.00001599950545e+05 
7.53207423108823e+01 1.00002077166873e+05 
7.54786534052723e+01 1.00002546090137e+05 
7.56365652919325e+01 1.00002898117459e+05 
7.57944760696322e+01 1.00003172620192e+05 
7.59523842322763e+01 1.00003370610239e+05 
7.61102907052860e+01 1.00003572691948e+05 
7.62681956345978e+01 1.00003755563414e+05 
7.64260997846199e+01 1.00003937612606e+05 
7.65840035006254e+01 1.00004000230361e+05 
7.67419079524643e+01 1.00003979456503e+05 
7.68998130220342e+01 1.00003870975873e+05 
7.70577190529444e+01 1.00003712501445e+05 
7.72156246322281e+01 1.00003535991551e+05 
7.73735304351853e+01 1.00003365515156e+05 
7.75314321962536e+01 1.00003141187042e+05 
7.76893280918668e+01 1.00002894410812e+05 
7.78472194406838e+01 1.00002612773273e+05 
7.80051082848022e+01 1.00002263636584e+05 
7.81629925315635e+01 1.00001918880280e+05 
7.83208748693117e+01 1.00001594604399e+05 
7.84787573742400e+01 1.00001302637285e+05 
7.86366399901977e+01 1.00001050517059e+05 
7.87945213840157e+01 1.00000790630358e+05 
7.89524022580153e+01 1.00000462250782e+05 
7.91102822345851e+01 1.00000111818985e+05 
7.92681598504246e+01 9.99997659565451e+04 
7.94260346032737e+01 9.99994862332342e+04 
7.95839065415183e+01 9.99992630502016e+04 
7.97417762739281e+01 9.99990617621526e+04 
7.98996452426869e+01 9.99988014414328e+04 
8.00575144475735e+01 9.99985191301803e+04 
8.02153853484350e+01 9.99982289829806e+04 
8.03732595753060e+01 9.99980191665410e+04 
8.05311360044327e+01 9.99978531739439e+04 
8.06890123775687e+01 9.99977220269595e+04 
8.08468842047536e+01 9.99975636106018e+04 
8.10047525333100e+01 9.99973959696532e+04 
8.11626191499556e+01 9.99971987138920e+04 
8.13204847650461e+01 9.99970716250970e+04 
8.14783488435453e+01 9.99969813648258e+04 
8.16362118439805e+01 9.99969320340410e+04 
8.17940760681954e+01 9.99969089520029e+04 
8.19519420697887e+01 9.99969065138128e+04 
8.21098112939899e+01 9.99968989313585e+04 
8.22676847318654e+01 9.99969477524191e+04 
8.24255638214298e+01 9.99970220064677e+04 
8.25834499430324e+01 9.99971431016576e+04 
8.27413394366513e+01 9.99973472854168e+04 
8.28992294477559e+01 9.99976030083873e+04 
8.30571223195795e+01 9.99978759408295e+04 
8.32150170578953e+01 9.99981651203822e+04 
8.33729147817309e+01 9.99984553427466e+04 
8.35308144311052e+01 9.99987649776440e+04 
8.36887168341859e+01 9.99991605421451e+04 
8.38466229777523e+01 9.99995847739179e+04 
8.40045316549114e+01 1.00000018697332e+05 
8.41624411095586e+01 1.00000399958158e+05 
8.43203503968559e+01 1.00000745344923e+05 
8.44782605557664e+01 1.00001055496407e+05 
8.46361711006565e+01 1.00001427533125e+05 
8.47940815795453e+01 1.00001801956918e+05 
8.49519911103720e+01 1.00002181137332e+05 
8.51098990973984e+01 1.00002463631590e+05 
8.52678065112851e+01 1.00002704302836e+05 
8.54257138686154e+01 1.00002894811481e+05 
8.55836217801970e+01 1.00003112917361e+05 
8.57415292183254e+01 1.00003322063591e+05 
8.58994341398339e+01 1.00003529806877e+05 
8.60573367332196e+01 1.00003632535843e+05 
8.62152374038746e+01 1.00003685792895e+05 
8.63731375811182e+01 1.00003682486341e+05 
8.65310375987192e+01 1.00003659148858e+05 
8.66889375552248e+01 1.00003612044206e+05 
8.68468385039286e+01 1.00003555935704e+05 
8.70047412609430e+01 1.00003415835237e+05 
8.71626443614392e+01 1.00003242726018e+05 
8.73205479962068e+01 1.00003027224102e+05 
8.74784503206073e+01 1.00002756593994e+05 
8.76363495572885e+01 1.00002468996671e+05 
8.77942431849901e+01 1.00002185933955e+05 
8.79521325309210e+01 1.00001899559779e+05 
8.81100185611205e+01 1.00001641397118e+05 
8.82679028525337e+01 1.00001378750157e+05 
8.84257843073351e+01 1.00001058859499e+05 
8.85836638116007e+01 1.00000720135375e+05 
8.87415446242167e+01 1.00000381327410e+05 
8.88994240315965e+01 1.00000089790701e+05 
8.90573022819536e+01 9.99998410390800e+04 
8.92151767527825e+01 9.99996111239281e+04 
8.93730477224399e+01 9.99993090271185e+04 
8.95309156458027e+01 9.99989800994844e+04 
8.96887826912112e+01 9.99986418641910e+04 
8.98466499713213e+01 9.99983891741321e+04 
9.00045176380459e+01 9.99981863680773e+04 
9.01623865154936e+01 9.99980194823110e+04 
9.03202569356564e+01 9.99978040287212e+04 
9.04781297063303e+01 9.99975674305839e+04 
9.06360054524564e+01 9.99973117272500e+04 
9.07938823357972e+01 9.99971508082348e+04 
9.09517541470789e+01 9.99970304536882e+04 
9.11096225648372e+01 9.99969305143277e+04 
9.12674903529327e+01 9.99968102607401e+04 
9.14253570626701e+01 9.99966865413144e+04 
9.15832226822998e+01 9.99965436571674e+04 
9.17410881565195e+01 9.99964825497518e+04 
9.18989546135373e+01 9.99964513933634e+04 
9.20568232887804e+01 9.99964608717853e+04 
9.22146961573564e+01 9.99965233984737e+04 
9.23725738596910e+01 9.99966252704496e+04 
9.25304579588404e+01 9.99967364732469e+04 
9.26883440768282e+01 9.99969164431610e+04 
9.28462302163992e+01 9.99971144192057e+04 
9.30041188904351e+01 9.99973403992658e+04 
9.31620089406748e+01 9.99976470625258e+04 
9.33199003766930e+01 9.99979883092118e+04 
9.34777965434557e+01 9.99983405892520e+04 
9.36356962709857e+01 9.99986981105081e+04 
9.37935970223798e+01 9.99990319447649e+04 
9.39515016043418e+01 9.99993498035891e+04 
9.41094095639123e+01 9.99997413866372e+04 
9.42673176496791e+01 1.00000156504611e+05 
9.44252272261732e+01 1.00000578468336e+05 
9.45831367419679e+01 1.00000941229992e+05 
9.47410472060425e+01 1.00001258712687e+05 
9.48989573503301e+01 1.00001532946352e+05 
9.50568658739766e+01 1.00001864466990e+05 
9.52147728697819e+01 1.00002208157240e+05 
9.53726794597599e+01 1.00002560486918e+05 
9.55305867647987e+01 1.00002816854212e+05 
9.56884942753968e+01 1.00003029163432e+05 
9.58463997516093e+01 1.00003193283350e+05 
9.60043026249207e+01 1.00003373994360e+05 
9.61622035600294e+01 1.00003552532177e+05 
9.63201032160052e+01 1.00003733903717e+05 
9.64780023140949e+01 1.00003803384136e+05 
9.66359014564617e+01 1.00003819362021e+05 
9.67938016196219e+01 1.00003768835640e+05 
9.69517021660862e+01 1.00003690601140e+05 
9.71096039307884e+01 1.00003604236705e+05 
9.72675053659434e+01 1.00003518869995e+05 
9.74254084969254e+01 1.00003372486533e+05 
9.75833089937247e+01 1.00003214378728e+05 
9.77412039501997e+01 1.00003032307296e+05 
9.78990956464850e+01 1.00002801533563e+05 
9.80569824734498e+01 1.00002560294142e+05 
9.82148662686850e+01 1.00002320785227e+05 
9.83727491375352e+01 1.00002082393474e+05 
9.85306321990684e+01 1.00001869596465e+05 
9.86885141869873e+01 1.00001652694000e+05 
9.88463960415929e+01 1.00001364839728e+05 
9.90042760737878e+01 1.00001043260338e+05 
9.91621528526767e+01 1.00000710282454e+05 
9.93200261516929e+01 1.00000408664159e+05 
9.94778958586317e+01 1.00000140403842e+05 
9.96357631314534e+01 9.99998864298966e+04 
9.97936285106285e+01 9.99995625736741e+04 
9.99514940149456e+01 9.99992110080594e+04 
1.00109360548212e+02 9.99988482962703e+04 
