# Liste des scalaires : TEMPS pmat 
0.00000000000000e+00 1.00000000000000e+05 
1.58013544018059e-01 1.00000000000000e+05 
3.16027088036117e-01 1.00000000000000e+05 
4.74040632054176e-01 1.00000000000000e+05 
6.32054176072234e-01 1.00000000000000e+05 
7.90067720090293e-01 1.00000000000000e+05 
9.48081264108351e-01 1.00000000000000e+05 
1.10609480812641e+00 1.00000000000000e+05 
1.26410835214447e+00 1.00000000000000e+05 
1.42212189616253e+00 1.00000000000000e+05 
1.58013544018058e+00 1.00000000000000e+05 
1.73814898419864e+00 1.00000000000000e+05 
1.89616252821670e+00 1.00000000000000e+05 
2.05417607223476e+00 1.00000000000000e+05 
2.21218961625282e+00 1.00000000000000e+05 
2.37020316027088e+00 1.00000000000000e+05 
2.52821670428893e+00 1.00000000000000e+05 
2.68623024830699e+00 1.00000000000000e+05 
2.84424379232505e+00 1.00000000000000e+05 
3.00225733634311e+00 1.00000000000000e+05 
3.16027088036116e+00 1.00000000000000e+05 
3.31828442437922e+00 1.00000000000000e+05 
3.47629796839728e+00 1.00000000000000e+05 
3.63431151241534e+00 1.00000000000000e+05 
3.79232505643340e+00 1.00000000000000e+05 
3.95033860045145e+00 1.00000000000000e+05 
4.10835214446951e+00 1.00000000000000e+05 
4.26636568848757e+00 1.00000000000000e+05 
4.42437923250563e+00 1.00000000000000e+05 
4.58239277652368e+00 1.00000000000000e+05 
4.74040632054174e+00 1.00000000000000e+05 
4.89841986455980e+00 1.00000000000000e+05 
5.05643340857771e+00 1.00000000000000e+05 
5.21444695259555e+00 1.00000000000000e+05 
5.37246049661106e+00 1.00000000000000e+05 
5.53047404062163e+00 1.00000000000000e+05 
5.68848758460807e+00 1.00000000000000e+05 
5.84650112860433e+00 1.00000000000000e+05 
6.00451467131846e+00 1.00000000000000e+05 
6.16252820860419e+00 1.00000000000000e+05 
6.32054173855849e+00 1.00000000000000e+05 
6.47855526263600e+00 1.00000000000000e+05 
6.63656878322570e+00 1.00000000000000e+05 
6.79458230116958e+00 1.00000000000000e+05 
6.95259581572868e+00 1.00000000000000e+05 
7.11060926486710e+00 1.00000000000000e+05 
7.26862123211782e+00 1.00000000000000e+05 
7.42662869286748e+00 1.00000000000000e+05 
7.58462797993242e+00 1.00000000000000e+05 
7.74261562363004e+00 1.00000000000000e+05 
7.90058972087802e+00 1.00000000000000e+05 
8.05854876760864e+00 1.00000000000000e+05 
8.21649327583521e+00 1.00000000000000e+05 
8.37442375590179e+00 1.00000000000000e+05 
8.53234121474706e+00 1.00000000000000e+05 
8.69024692780629e+00 1.00000000000000e+05 
8.84814294511368e+00 1.00000000000000e+05 
9.00603027516490e+00 1.00000000000000e+05 
9.16391060602912e+00 1.00000000000000e+05 
9.32178516379403e+00 1.00000000000000e+05 
9.47965513838773e+00 1.00000000000000e+05 
9.63751817790166e+00 1.00000000000000e+05 
9.79537550224774e+00 1.00000000000000e+05 
9.95322697641788e+00 1.00000000000000e+05 
1.01110732028936e+01 1.00000000000000e+05 
1.02689146274544e+01 1.00000000000000e+05 
1.04267523201822e+01 1.00000000000000e+05 
1.05845878187241e+01 1.00000000000001e+05 
1.07424234235056e+01 1.00000000000018e+05 
1.09002605183067e+01 1.00000000000096e+05 
1.10581011989153e+01 1.00000000000322e+05 
1.12159469760981e+01 1.00000000000979e+05 
1.13737958277871e+01 1.00000000015593e+05 
1.15316485112955e+01 1.00000000242191e+05 
1.16895059234703e+01 1.00000000846918e+05 
1.18473678135275e+01 1.00000001668949e+05 
1.20052343190564e+01 1.00000003068253e+05 
1.21631037930394e+01 1.00000005573435e+05 
1.23209755736488e+01 1.00000010051711e+05 
1.24788506295067e+01 1.00000018766713e+05 
1.26367295773036e+01 1.00000033198187e+05 
1.27946116815903e+01 1.00000058554303e+05 
1.29524970895918e+01 1.00000099866692e+05 
1.31103853882209e+01 1.00000167101706e+05 
1.32682764852580e+01 1.00000271378016e+05 
1.34261706139616e+01 1.00000439116188e+05 
1.35840685957871e+01 1.00000687789279e+05 
1.37419698795382e+01 1.00001045586959e+05 
1.38998748238769e+01 1.00001556077441e+05 
1.40577825863761e+01 1.00002286447885e+05 
1.42156900780669e+01 1.00003252804282e+05 
1.43735971547495e+01 1.00004523365895e+05 
1.45315042337418e+01 1.00006172150207e+05 
1.46894115576050e+01 1.00008112528291e+05 
1.48473186395545e+01 1.00010521650941e+05 
1.50052256719272e+01 1.00013541132987e+05 
1.51631330578148e+01 1.00016946124160e+05 
1.53210408171837e+01 1.00020609823073e+05 
1.54789489338296e+01 1.00024748105327e+05 
1.56368576354914e+01 1.00028773593478e+05 
1.57947669611646e+01 1.00033148641714e+05 
1.59526770505537e+01 1.00037934708976e+05 
1.61105878565459e+01 1.00042524546048e+05 
1.62684993007154e+01 1.00046407415629e+05 
1.64264117696543e+01 1.00050097977233e+05 
1.65843252894251e+01 1.00052934401895e+05 
1.67422394503545e+01 1.00055635276931e+05 
1.69001543231263e+01 1.00058118266301e+05 
1.70580702178261e+01 1.00060013688969e+05 
1.72159869071440e+01 1.00060735159895e+05 
1.73739045484328e+01 1.00060770823148e+05 
1.75318230870977e+01 1.00059956086969e+05 
1.76897420386758e+01 1.00058726729742e+05 
1.78476617082648e+01 1.00056787810495e+05 
1.80055822852594e+01 1.00054395527156e+05 
1.81635032871374e+01 1.00051049190367e+05 
1.83214252006964e+01 1.00046959749988e+05 
1.84793480458620e+01 1.00042416008389e+05 
1.86372715456650e+01 1.00037313099041e+05 
1.87951957601081e+01 1.00031292485998e+05 
1.89531209484135e+01 1.00025068688133e+05 
1.91110441089809e+01 1.00018475846588e+05 
1.92689571504680e+01 1.00011322183220e+05 
1.94268607791625e+01 1.00004253404690e+05 
1.95847566159270e+01 9.99966482397065e+04 
1.97426455229279e+01 9.99881730581014e+04 
1.99005279081235e+01 9.99799093685847e+04 
2.00584049686281e+01 9.99722081717705e+04 
2.02162789927353e+01 9.99642848653666e+04 
2.03741510118332e+01 9.99571292343310e+04 
2.05320225312322e+01 9.99497299613503e+04 
2.06898943694514e+01 9.99419116036616e+04 
2.08477672335517e+01 9.99347554783367e+04 
2.10056381883608e+01 9.99289707207960e+04 
2.11635073392954e+01 9.99235840409760e+04 
2.13213744206154e+01 9.99193949223912e+04 
2.14792406064660e+01 9.99153463969955e+04 
2.16371055052497e+01 9.99114515706242e+04 
2.17949698598769e+01 9.99083891448066e+04 
2.19528346543289e+01 9.99070365336347e+04 
2.21107022379036e+01 9.99063975072162e+04 
2.22685735446671e+01 9.99069599729418e+04 
2.24264499128177e+01 9.99080204781092e+04 
2.25843313783613e+01 9.99097267966871e+04 
2.27422178371839e+01 9.99120281762533e+04 
2.29001082195325e+01 9.99156623334870e+04 
2.30580026165052e+01 9.99200710777228e+04 
2.32159006750456e+01 9.99252517676700e+04 
2.33738008250518e+01 9.99311042160019e+04 
2.35317021841015e+01 9.99378916928054e+04 
2.36896047805334e+01 9.99449590413561e+04 
2.38475089535193e+01 9.99525634096713e+04 
2.40054144059897e+01 9.99607909655583e+04 
2.41633212527943e+01 9.99690481146409e+04 
2.43212294708959e+01 9.99779326947355e+04 
2.44791391765311e+01 9.99877479077479e+04 
2.46370501927731e+01 9.99971910406946e+04 
2.47949629062368e+01 1.00006068540083e+05 
2.49528766385629e+01 1.00015158921546e+05 
2.51107912664912e+01 1.00023442656820e+05 
2.52687065421895e+01 1.00031986007294e+05 
2.54266227275827e+01 1.00040953461397e+05 
2.55845402635157e+01 1.00049037329193e+05 
2.57424589006128e+01 1.00055627867126e+05 
2.59003774090588e+01 1.00061741011825e+05 
2.60582956021659e+01 1.00066601113260e+05 
2.62162142568713e+01 1.00071270398484e+05 
2.63741334755089e+01 1.00075794407656e+05 
2.65320531896202e+01 1.00079290046966e+05 
2.66899728755107e+01 1.00081124772467e+05 
2.68478922917635e+01 1.00082245871657e+05 
2.70058116301977e+01 1.00082171917315e+05 
2.71637307927613e+01 1.00081624355364e+05 
2.73216502821697e+01 1.00080536615462e+05 
2.74795690311203e+01 1.00078702658575e+05 
2.76374879055499e+01 1.00075692918419e+05 
2.77954041756501e+01 1.00071991173441e+05 
2.79533191433170e+01 1.00067598571515e+05 
2.81112322788099e+01 1.00062564868385e+05 
2.82691420252821e+01 1.00056774457336e+05 
2.84270498359011e+01 1.00050628270082e+05 
2.85849551367456e+01 1.00044169787981e+05 
2.87428577035279e+01 1.00037337569588e+05 
2.89007576935424e+01 1.00030423692497e+05 
2.90586554385742e+01 1.00022949531172e+05 
2.92165508783833e+01 1.00014759336995e+05 
2.93744443359554e+01 1.00006704573141e+05 
2.95323353920958e+01 9.99992566914101e+04 
2.96902253081402e+01 9.99917350321535e+04 
2.98481142776169e+01 9.99847770263374e+04 
3.00059979647156e+01 9.99774740367088e+04 
3.01638770985754e+01 9.99696624155155e+04 
3.03217523516603e+01 9.99623075701552e+04 
3.04796254231717e+01 9.99561840107973e+04 
3.06374979890028e+01 9.99503687734226e+04 
3.07953682566008e+01 9.99454482473369e+04 
3.09532360866590e+01 9.99405039962006e+04 
3.11111009485845e+01 9.99354101584599e+04 
3.12689642148262e+01 9.99309715999965e+04 
3.14268269801884e+01 9.99279877833847e+04 
3.15846899752751e+01 9.99255414933800e+04 
3.17425539745552e+01 9.99241746616426e+04 
3.19004203627167e+01 9.99231219654535e+04 
3.20582896401381e+01 9.99223558650106e+04 
3.22161632234601e+01 9.99222340639607e+04 
3.23740425511432e+01 9.99233929725689e+04 
3.25319290751244e+01 9.99251841911516e+04 
3.26898202982419e+01 9.99279219490244e+04 
3.28477131228900e+01 9.99312917140877e+04 
3.30056072961437e+01 9.99353057128906e+04 
3.31635023672678e+01 9.99398172412223e+04 
3.33213991393358e+01 9.99449573321353e+04 
3.34792973573956e+01 9.99506062559042e+04 
3.36371967535133e+01 9.99567120376544e+04 
3.37950973023584e+01 9.99635083308147e+04 
3.39529995672097e+01 9.99710884575477e+04 
3.41109029852060e+01 9.99788306318966e+04 
3.42688076087386e+01 9.99863193374769e+04 
3.44267132713632e+01 9.99940311622100e+04 
3.45846196509400e+01 1.00001410490545e+05 
3.47425273496765e+01 1.00009206844426e+05 
3.49004361808860e+01 1.00017524646235e+05 
3.50583454950604e+01 1.00025426588222e+05 
3.52162538750963e+01 1.00032126281392e+05 
3.53741611804014e+01 1.00038582359945e+05 
3.55320682312856e+01 1.00044100038868e+05 
3.56899754216115e+01 1.00049610324241e+05 
3.58478829107651e+01 1.00055202765762e+05 
3.60057904151544e+01 1.00060048960221e+05 
3.61636981099972e+01 1.00063349888535e+05 
3.63216068904539e+01 1.00066099177279e+05 
3.64795154283054e+01 1.00067764426505e+05 
3.66374236436593e+01 1.00069122519114e+05 
3.67953327010769e+01 1.00070298671154e+05 
3.69532427717678e+01 1.00070791565719e+05 
3.71111532244148e+01 1.00070052103491e+05 
3.72690630548262e+01 1.00068729361214e+05 
3.74269718145581e+01 1.00066515913273e+05 
3.75848778454541e+01 1.00063717269810e+05 
3.77427791017932e+01 1.00060478842941e+05 
3.79006746564164e+01 1.00056741441572e+05 
3.80585658512143e+01 1.00052362626589e+05 
3.82164521350274e+01 1.00047571084617e+05 
3.83743339522929e+01 1.00042303981295e+05 
3.85322143263643e+01 1.00036393749294e+05 
3.86900941565614e+01 1.00029944289034e+05 
3.88479738779336e+01 1.00023361875272e+05 
3.90058528607593e+01 1.00016973249316e+05 
3.91637297505779e+01 1.00010400692091e+05 
3.93216059461941e+01 1.00003965917212e+05 
3.94794833120710e+01 9.99970900603484e+04 
3.96373600136444e+01 9.99898164515736e+04 
3.97952355988724e+01 9.99828325978430e+04 
3.99531105564116e+01 9.99768015389430e+04 
4.01109853768128e+01 9.99708235006466e+04 
4.02688608742397e+01 9.99655062086252e+04 
4.04267381798270e+01 9.99600578347217e+04 
4.05846137319020e+01 9.99543998909200e+04 
4.07424858509869e+01 9.99492954378229e+04 
4.09003545163728e+01 9.99454345312833e+04 
4.10582217788816e+01 9.99419397681585e+04 
4.12160877638797e+01 9.99393973426034e+04 
4.13739537347660e+01 9.99370820881095e+04 
4.15318203524083e+01 9.99348386903888e+04 
4.16896877430492e+01 9.99332312488558e+04 
4.18475567572815e+01 9.99327881585573e+04 
4.20054296452478e+01 9.99328110176244e+04 
4.21633067849416e+01 9.99337878206447e+04 
4.23211896909693e+01 9.99353273873671e+04 
4.24790781339048e+01 9.99371995167326e+04 
4.26369644682292e+01 9.99395740764392e+04 
4.27948546539027e+01 9.99427739191029e+04 
4.29527445839470e+01 9.99464264887474e+04 
4.31106359297670e+01 9.99507861961662e+04 
4.32685306520852e+01 9.99558810137969e+04 
4.34264288504664e+01 9.99615016227287e+04 
4.35843293098335e+01 9.99673319813848e+04 
4.37422323857132e+01 9.99732383377682e+04 
4.39001362271449e+01 9.99794115602130e+04 
4.40580408935821e+01 9.99856821899608e+04 
4.42159461004656e+01 9.99924621383880e+04 
4.43738520952394e+01 9.99996393651631e+04 
4.45317586334686e+01 1.00006553119367e+05 
4.46896655731558e+01 1.00012605623823e+05 
4.48475732386247e+01 1.00018612566001e+05 
4.50054818277984e+01 1.00023973774933e+05 
4.51633912296472e+01 1.00029432289436e+05 
4.53213012689940e+01 1.00035044763493e+05 
4.54792124514439e+01 1.00040076464263e+05 
4.56371248172869e+01 1.00043790939598e+05 
4.57950380337933e+01 1.00047090156071e+05 
4.59529529680012e+01 1.00049387509535e+05 
4.61108663642278e+01 1.00051419017295e+05 
4.62687784498702e+01 1.00053388868894e+05 
4.64266899654798e+01 1.00054807769029e+05 
4.65846018793389e+01 1.00055060363803e+05 
4.67425141840204e+01 1.00054864968593e+05 
4.69004273753813e+01 1.00053789461112e+05 
4.70583412575278e+01 1.00052236054829e+05 
4.72162558287896e+01 1.00050633222148e+05 
4.73741661075397e+01 1.00048796644037e+05 
4.75320700293228e+01 1.00046403622404e+05 
4.76899693645184e+01 1.00043698177522e+05 
4.78478625125830e+01 1.00040494903694e+05 
4.80057508638390e+01 1.00036714151115e+05 
4.81636362087960e+01 1.00032743099942e+05 
4.83215191917349e+01 1.00028726993108e+05 
4.84794017791262e+01 1.00024761600285e+05 
4.86372824178603e+01 1.00020629197860e+05 
4.87951610644304e+01 1.00016288653971e+05 
4.89530401011878e+01 1.00011523953100e+05 
4.91109183405868e+01 1.00006522912522e+05 
4.92687968866861e+01 1.00001520090202e+05 
4.94266754364972e+01 9.99970575483545e+04 
4.95845515595664e+01 9.99925446720488e+04 
4.97424261075137e+01 9.99883261150968e+04 
4.99003006335041e+01 9.99838914160924e+04 
5.00581763017773e+01 9.99791487034352e+04 
5.02160540122954e+01 9.99745822260126e+04 
5.03739320513093e+01 9.99708612969176e+04 
5.05318084517488e+01 9.99672335297044e+04 
5.06896830101217e+01 9.99643225611121e+04 
5.08475554530749e+01 9.99615094425395e+04 
5.10054253922244e+01 9.99584776959520e+04 
5.11632927122317e+01 9.99557802586224e+04 
5.13211591090027e+01 9.99540565026988e+04 
5.14790271138448e+01 9.99525747638392e+04 
5.16368950153983e+01 9.99519717369678e+04 
5.17947643683201e+01 9.99517344603196e+04 
5.19526361004011e+01 9.99513959316284e+04 
5.21105113953299e+01 9.99514312782713e+04 
5.22683913894592e+01 9.99522251509364e+04 
5.24262776968112e+01 9.99533632098468e+04 
5.25841708838473e+01 9.99552521726565e+04 
5.27420666524036e+01 9.99577143508295e+04 
5.28999618489546e+01 9.99602373366505e+04 
5.30578577998667e+01 9.99630150129531e+04 
5.32157572283380e+01 9.99660903078565e+04 
5.33736576041167e+01 9.99694170540950e+04 
5.35315607809438e+01 9.99731877647980e+04 
5.36894666299000e+01 9.99774716919481e+04 
5.38473734460421e+01 9.99820163560126e+04 
5.40052812691421e+01 9.99866435517257e+04 
5.41631892761518e+01 9.99910559946814e+04 
5.43210976391154e+01 9.99956164876047e+04 
5.44790065647947e+01 1.00000120667867e+05 
5.46369153234515e+01 1.00004934925310e+05 
5.47948247591204e+01 1.00010055337679e+05 
5.49527345816088e+01 1.00015043098176e+05 
5.51106448015583e+01 1.00019271916912e+05 
5.52685553466649e+01 1.00023487178108e+05 
5.54264665842849e+01 1.00027063795716e+05 
5.55843786559346e+01 1.00030612804956e+05 
5.57422916964500e+01 1.00034389602910e+05 
5.59002049245996e+01 1.00037820924339e+05 
5.60581165652534e+01 1.00040288124022e+05 
5.62160267790978e+01 1.00042474528485e+05 
5.63739360456862e+01 1.00043818830865e+05 
5.65318446490167e+01 1.00044845939606e+05 
5.66897535039061e+01 1.00045992004695e+05 
5.68476637724107e+01 1.00046769152951e+05 
5.70055749148130e+01 1.00046723158859e+05 
5.71634862686760e+01 1.00046321456260e+05 
5.73213958959964e+01 1.00045133971315e+05 
5.74793010243427e+01 1.00043424548193e+05 
5.76372006427965e+01 1.00041644591132e+05 
5.77950939663717e+01 1.00039598187680e+05 
5.79529832749989e+01 1.00037097535521e+05 
5.81108693165340e+01 1.00034287140860e+05 
5.82687509560842e+01 1.00031044592010e+05 
5.84266313769464e+01 1.00027274560351e+05 
5.85845125473362e+01 1.00023312811313e+05 
5.87423932111164e+01 1.00019278113054e+05 
5.89002729936823e+01 1.00015371991107e+05 
5.90581527151859e+01 1.00011348265235e+05 
5.92160322137457e+01 1.00007294764164e+05 
5.93739114996228e+01 1.00002950223812e+05 
5.95317886882425e+01 9.99983542391868e+04 
5.96896638636060e+01 9.99938310756513e+04 
5.98475378197668e+01 9.99898776633960e+04 
6.00054119865173e+01 9.99858798992938e+04 
6.01632862541559e+01 9.99823335684222e+04 
6.03211632133958e+01 9.99786965389833e+04 
6.04790393685606e+01 9.99747533071891e+04 
6.06369130750726e+01 9.99710208097113e+04 
6.07947845152142e+01 9.99680820644050e+04 
6.09526543879465e+01 9.99653053474260e+04 
6.11105223433906e+01 9.99632665438580e+04 
6.12683891572993e+01 9.99614208534492e+04 
6.14262556334736e+01 9.99593920891117e+04 
6.15841213812268e+01 9.99577070833972e+04 
6.17419872970758e+01 9.99568190046759e+04 
6.18998556369791e+01 9.99562639290245e+04 
6.20577270573682e+01 9.99565513241343e+04 
6.22156028064752e+01 9.99572813289436e+04 
6.23734839507439e+01 9.99580183273162e+04 
6.25313719458757e+01 9.99590389104528e+04 
6.26892653364233e+01 9.99606770803889e+04 
6.28471589494630e+01 9.99626694839616e+04 
6.30050539658638e+01 9.99652474799448e+04 
6.31629516032019e+01 9.99683944361072e+04 
6.33208526762621e+01 9.99717903394231e+04 
6.34787557016783e+01 9.99752908115448e+04 
6.36366621209855e+01 9.99789274331412e+04 
6.37945707388512e+01 9.99828235567083e+04 
6.39524799651022e+01 9.99869000441219e+04 
6.41103898945289e+01 9.99913868742414e+04 
6.42682996768123e+01 9.99961893028067e+04 
6.44262099946042e+01 1.00000965204527e+05 
6.45841203235132e+01 1.00005297280170e+05 
6.47420308141056e+01 1.00009697505927e+05 
6.48999413857551e+01 1.00013722115637e+05 
6.50578522130705e+01 1.00017858088345e+05 
6.52157621383260e+01 1.00022269960585e+05 
6.53736716684331e+01 1.00026419018207e+05 
6.55315818735089e+01 1.00029678611340e+05 
6.56894924466357e+01 1.00032763273512e+05 
6.58474019305714e+01 1.00035058154645e+05 
6.60053094171804e+01 1.00037152265618e+05 
6.61632151021049e+01 1.00039422670433e+05 
6.63211194929648e+01 1.00041359477010e+05 
6.64790238951629e+01 1.00042342181574e+05 
6.66369283078166e+01 1.00043007922784e+05 
6.67948331393927e+01 1.00042780525369e+05 
6.69527394440034e+01 1.00042128729916e+05 
6.71106470639483e+01 1.00041552980307e+05 
6.72685553183821e+01 1.00040726707120e+05 
6.74264597024061e+01 1.00039291894494e+05 
6.75843590419925e+01 1.00037492328838e+05 
6.77422535684911e+01 1.00035109455435e+05 
6.79001426201263e+01 1.00032182921754e+05 
6.80580282864847e+01 1.00029116998867e+05 
6.82159111158328e+01 1.00025949817680e+05 
6.83737930861987e+01 1.00022667454614e+05 
6.85316731580176e+01 1.00019193596422e+05 
6.86895517906449e+01 1.00015463647301e+05 
6.88474307150474e+01 1.00011374894162e+05 
6.90053081989569e+01 1.00007103499500e+05 
6.91631854542290e+01 1.00002853820041e+05 
6.93210605590817e+01 9.99990099962222e+04 
6.94789329603387e+01 9.99951176651290e+04 
6.96368026296308e+01 9.99914668250956e+04 
6.97946722052352e+01 9.99876492853564e+04 
6.99525422636531e+01 9.99835479663811e+04 
7.01104134175452e+01 9.99795899593271e+04 
7.02682863349460e+01 9.99763514050812e+04 
7.04261613776249e+01 9.99731601263226e+04 
7.05840389189998e+01 9.99706086124003e+04 
7.07419152096647e+01 9.99681131974526e+04 
7.08997875851045e+01 9.99653321940066e+04 
7.10576561988164e+01 9.99627271695506e+04 
7.12155224399363e+01 9.99609182000950e+04 
7.13733888211252e+01 9.99593412310860e+04 
7.15312552146323e+01 9.99585728289618e+04 
7.16891217538037e+01 9.99581174253137e+04 
7.18469894024299e+01 9.99575055795769e+04 
7.20048591249784e+01 9.99571274435402e+04 
7.21627323468697e+01 9.99574555155501e+04 
7.23206109024455e+01 9.99581197685670e+04 
7.24784954490941e+01 9.99595371332889e+04 
7.26363845290400e+01 9.99614877053035e+04 
7.27942734676224e+01 9.99635039300942e+04 
7.29521620226019e+01 9.99657394557300e+04 
7.31100537643340e+01 9.99683639074071e+04 
7.32679464204612e+01 9.99712985777940e+04 
7.34258410448585e+01 9.99746940420440e+04 
7.35837409539245e+01 9.99785886030198e+04 
7.37416437257822e+01 9.99827528174216e+04 
7.38995475254834e+01 9.99870113847629e+04 
7.40574552767677e+01 9.99911381156144e+04 
7.42153656889771e+01 9.99954359591731e+04 
7.43732764020060e+01 9.99996973597759e+04 
7.45311875013272e+01 1.00004236280048e+05 
7.46890982702211e+01 1.00009094347208e+05 
7.48470091952905e+01 1.00013875930579e+05 
7.50049203089887e+01 1.00017935696639e+05 
7.51628314776675e+01 1.00021966622462e+05 
7.53207423108823e+01 1.00025370616762e+05 
7.54786534052723e+01 1.00028736978212e+05 
7.56365652919325e+01 1.00032358062784e+05 
7.57944760696322e+01 1.00035711965341e+05 
7.59523842322763e+01 1.00038107147361e+05 
7.61102907052860e+01 1.00040209179698e+05 
7.62681956345978e+01 1.00041459570358e+05 
7.64260997846199e+01 1.00042421051931e+05 
7.65840035006254e+01 1.00043524903038e+05 
7.67419079524643e+01 1.00044369126064e+05 
7.68998130220342e+01 1.00044412621159e+05 
7.70577190529444e+01 1.00044093746579e+05 
7.72156246322281e+01 1.00043023086772e+05 
7.73735304351853e+01 1.00041487283589e+05 
7.75314321962536e+01 1.00039952712300e+05 
7.76893280918668e+01 1.00038250557917e+05 
7.78472194406838e+01 1.00036125273978e+05 
7.80051082848022e+01 1.00033728445000e+05 
7.81629925315635e+01 1.00030890847125e+05 
7.83208748693117e+01 1.00027570298312e+05 
7.84787573742400e+01 1.00024078030018e+05 
7.86366399901977e+01 1.00020490774354e+05 
7.87945213840157e+01 1.00016988146760e+05 
7.89524022580153e+01 1.00013355327122e+05 
7.91102822345851e+01 1.00009675555788e+05 
7.92681598504246e+01 1.00005708130608e+05 
7.94260346032737e+01 1.00001454519833e+05 
7.95839065415183e+01 9.99971851139717e+04 
7.97417762739281e+01 9.99934426434131e+04 
7.98996452426869e+01 9.99896585336596e+04 
8.00575144475735e+01 9.99862765159457e+04 
8.02153853484350e+01 9.99827937884109e+04 
8.03732595753060e+01 9.99789437637699e+04 
8.05311360044327e+01 9.99752116958502e+04 
8.06890123775687e+01 9.99722299944966e+04 
8.08468842047536e+01 9.99693915365665e+04 
8.10047525333100e+01 9.99672455030118e+04 
8.11626191499556e+01 9.99652362401133e+04 
8.13204847650461e+01 9.99629528789716e+04 
8.14783488435453e+01 9.99608968720101e+04 
8.16362118439805e+01 9.99596706091485e+04 
8.17940760681954e+01 9.99587086415762e+04 
8.19519420697887e+01 9.99585727452502e+04 
8.21098112939899e+01 9.99588043213465e+04 
8.22676847318654e+01 9.99589446067649e+04 
8.24255638214298e+01 9.99593599522342e+04 
8.25834499430324e+01 9.99603850010136e+04 
8.27413394366513e+01 9.99617674119524e+04 
8.28992294477559e+01 9.99637770930777e+04 
8.30571223195795e+01 9.99663114399233e+04 
8.32150170578953e+01 9.99690365048247e+04 
8.33729147817309e+01 9.99719711566032e+04 
8.35308144311052e+01 9.99751246822288e+04 
8.36887168341859e+01 9.99785316406051e+04 
8.38466229777523e+01 9.99822195305447e+04 
8.40045316549114e+01 9.99863287931275e+04 
8.41624411095586e+01 9.99907978499710e+04 
8.43203503968559e+01 9.99953671880676e+04 
8.44782605557664e+01 9.99996141709166e+04 
8.46361711006565e+01 1.00003953246761e+05 
8.47940815795453e+01 1.00008022018368e+05 
8.49519911103720e+01 1.00012264823419e+05 
8.51098990973984e+01 1.00016850762892e+05 
8.52678065112851e+01 1.00021270560454e+05 
8.54257138686154e+01 1.00024849701874e+05 
8.55836217801970e+01 1.00028267670572e+05 
8.57415292183254e+01 1.00030920110478e+05 
8.58994341398339e+01 1.00033435266051e+05 
8.60573367332196e+01 1.00036170884917e+05 
8.62152374038746e+01 1.00038692074859e+05 
8.63731375811182e+01 1.00040135748718e+05 
8.65310375987192e+01 1.00041228868570e+05 
8.66889375552248e+01 1.00041508872511e+05 
8.68468385039286e+01 1.00041391471586e+05 
8.70047412609430e+01 1.00041366435669e+05 
8.71626443614392e+01 1.00041091545922e+05 
8.73205479962068e+01 1.00040138002829e+05 
8.74784503206073e+01 1.00038814057724e+05 
8.76363495572885e+01 1.00036879925099e+05 
8.77942431849901e+01 1.00034455130239e+05 
8.79521325309210e+01 1.00031946223863e+05 
8.81100185611205e+01 1.00029242572264e+05 
8.82679028525337e+01 1.00026371740614e+05 
8.84257843073351e+01 1.00023302568205e+05 
8.85836638116007e+01 1.00019999281552e+05 
8.87415446242167e+01 1.00016323675853e+05 
8.88994240315965e+01 1.00012444891630e+05 
8.90573022819536e+01 1.00008537507818e+05 
8.92151767527825e+01 1.00004956523895e+05 
8.93730477224399e+01 1.00001354104915e+05 
8.95309156458027e+01 9.99979374991826e+04 
8.96887826912112e+01 9.99943437857155e+04 
8.98466499713213e+01 9.99904580063897e+04 
9.00045176380459e+01 9.99866213616901e+04 
9.01623865154936e+01 9.99834582303937e+04 
9.03202569356564e+01 9.99803829927276e+04 
9.04781297063303e+01 9.99778743270290e+04 
9.06360054524564e+01 9.99753834706382e+04 
9.07938823357972e+01 9.99726013195829e+04 
9.09517541470789e+01 9.99699189599992e+04 
9.11096225648372e+01 9.99680164672145e+04 
9.12674903529327e+01 9.99663817634817e+04 
9.14253570626701e+01 9.99654711770600e+04 
9.15832226822998e+01 9.99648025603871e+04 
9.17410881565195e+01 9.99639279145721e+04 
9.18989546135373e+01 9.99632161810440e+04 
9.20568232887804e+01 9.99631960620026e+04 
9.22146961573564e+01 9.99634869989374e+04 
9.23725738596910e+01 9.99644308051737e+04 
9.25304579588404e+01 9.99657781071015e+04 
9.26883440768282e+01 9.99671277331649e+04 
9.28462302163992e+01 9.99686441045302e+04 
9.30041188904351e+01 9.99705544968131e+04 
9.31620089406748e+01 9.99727426607159e+04 
9.33199003766930e+01 9.99752837854400e+04 
9.34777965434557e+01 9.99782444011221e+04 
9.36356962709857e+01 9.99814041129645e+04 
9.37935970223798e+01 9.99847020268612e+04 
9.39515016043418e+01 9.99879469212055e+04 
9.41094095639123e+01 9.99913291147683e+04 
9.42673176496791e+01 9.99947260892701e+04 
9.44252272261732e+01 9.99983881805295e+04 
9.45831367419679e+01 1.00002377605889e+05 
9.47410472060425e+01 1.00006438875881e+05 
9.48989573503301e+01 1.00009945660486e+05 
9.50568658739766e+01 1.00013403909369e+05 
9.52147728697819e+01 1.00016397610737e+05 
9.53726794597599e+01 1.00019404257487e+05 
9.55305867647987e+01 1.00022692344447e+05 
9.56884942753968e+01 1.00025856942285e+05 
9.58463997516093e+01 1.00028197117000e+05 
9.60043026249207e+01 1.00030268255398e+05 
9.61622035600294e+01 1.00031644690639e+05 
9.63201032160052e+01 1.00032819440278e+05 
9.64780023140949e+01 1.00034185358951e+05 
9.66359014564617e+01 1.00035363387899e+05 
9.67938016196219e+01 1.00035817227760e+05 
9.69517021660862e+01 1.00035907350695e+05 
9.71096039307884e+01 1.00035320388307e+05 
9.72675053659434e+01 1.00034354000450e+05 
9.74254084969254e+01 1.00033442068868e+05 
9.75833089937247e+01 1.00032398940235e+05 
9.77412039501997e+01 1.00030899857054e+05 
9.78990956464850e+01 1.00029160557060e+05 
9.80569824734498e+01 1.00027000860735e+05 
9.82148662686850e+01 1.00024422307571e+05 
9.83727491375352e+01 1.00021713831546e+05 
9.85306321990684e+01 1.00018871954491e+05 
9.86885141869873e+01 1.00016036813248e+05 
9.88463960415929e+01 1.00013097884442e+05 
9.90042760737878e+01 1.00010070956766e+05 
9.91621528526767e+01 1.00006786962025e+05 
9.93200261516929e+01 1.00003255244810e+05 
9.94778958586317e+01 9.99996515748132e+04 
9.96357631314534e+01 9.99964695424293e+04 
9.97936285106285e+01 9.99933006753738e+04 
9.99514940149456e+01 9.99904293456995e+04 
1.00109360548212e+02 9.99874569188219e+04 
