# Liste des scalaires : TEMPS pmat 
0.00000000000000e+00 1.00000000000000e+05 
1.58013544018059e-01 1.00000000000000e+05 
3.16027088036117e-01 1.00000000000000e+05 
4.74040632054176e-01 1.00000000000000e+05 
6.32054176072234e-01 1.00000000000000e+05 
7.90067720090293e-01 1.00000000000000e+05 
9.48081264108351e-01 1.00000000000000e+05 
1.10609480812641e+00 1.00000000000000e+05 
1.26410835214447e+00 1.00000000000000e+05 
1.42212189616253e+00 1.00000000000000e+05 
1.58013544018058e+00 1.00000000000000e+05 
1.73814898419864e+00 1.00000000000000e+05 
1.89616252821670e+00 1.00000000000000e+05 
2.05417607223476e+00 1.00000000000000e+05 
2.21218961625282e+00 1.00000000000000e+05 
2.37020316027088e+00 1.00000000000000e+05 
2.52821670428893e+00 1.00000000000000e+05 
2.68623024830699e+00 1.00000000000000e+05 
2.84424379232505e+00 1.00000000000000e+05 
3.00225733634311e+00 1.00000000000000e+05 
3.16027088036116e+00 1.00000000000000e+05 
3.31828442437922e+00 1.00000000000000e+05 
3.47629796839728e+00 1.00000000000000e+05 
3.63431151241534e+00 1.00000000000000e+05 
3.79232505643340e+00 1.00000000000000e+05 
3.95033860045145e+00 1.00000000000000e+05 
4.10835214446951e+00 1.00000000000000e+05 
4.26636568848757e+00 1.00000000000000e+05 
4.42437923250563e+00 1.00000000000000e+05 
4.58239277652368e+00 1.00000000000000e+05 
4.74040632054174e+00 1.00000000000000e+05 
4.89841986455980e+00 1.00000000000000e+05 
5.05643340857771e+00 1.00000000000000e+05 
5.21444695259555e+00 1.00000000000000e+05 
5.37246049661106e+00 1.00000000000000e+05 
5.53047404062163e+00 1.00000000000000e+05 
5.68848758460807e+00 1.00000000000000e+05 
5.84650112860433e+00 1.00000000000000e+05 
6.00451467131846e+00 1.00000000000000e+05 
6.16252820860419e+00 1.00000000000000e+05 
6.32054173855849e+00 1.00000000000000e+05 
6.47855526263600e+00 1.00000000000000e+05 
6.63656878322570e+00 1.00000000000000e+05 
6.79458230116958e+00 1.00000000000000e+05 
6.95259581572868e+00 1.00000000000000e+05 
7.11060926486710e+00 1.00000000000000e+05 
7.26862123211782e+00 1.00000000000000e+05 
7.42662869286748e+00 1.00000000000000e+05 
7.58462797993242e+00 1.00000000000000e+05 
7.74261562363004e+00 1.00000000000000e+05 
7.90058972087802e+00 1.00000000000000e+05 
8.05854876760864e+00 1.00000000000000e+05 
8.21649327583521e+00 1.00000000000000e+05 
8.37442375590179e+00 1.00000000000000e+05 
8.53234121474706e+00 1.00000000000000e+05 
8.69024692780629e+00 1.00000000000000e+05 
8.84814294511368e+00 1.00000000000000e+05 
9.00603027516490e+00 1.00000000000000e+05 
9.16391060602912e+00 1.00000000000000e+05 
9.32178516379403e+00 1.00000000000000e+05 
9.47965513838773e+00 1.00000000000000e+05 
9.63751817790166e+00 1.00000000000000e+05 
9.79537550224774e+00 1.00000000000000e+05 
9.95322697641788e+00 1.00000000000000e+05 
1.01110732028936e+01 1.00000000000000e+05 
1.02689146274544e+01 1.00000000000000e+05 
1.04267523201822e+01 1.00000000000000e+05 
1.05845878187241e+01 1.00000000000000e+05 
1.07424234235056e+01 1.00000000000000e+05 
1.09002605183067e+01 1.00000000000000e+05 
1.10581011989153e+01 1.00000000000000e+05 
1.12159469760981e+01 1.00000000000000e+05 
1.13737958277871e+01 1.00000000000000e+05 
1.15316485112955e+01 1.00000000000001e+05 
1.16895059234703e+01 1.00000000000004e+05 
1.18473678135275e+01 1.00000000000017e+05 
1.20052343190564e+01 1.00000000001524e+05 
1.21631037930394e+01 1.00000000063017e+05 
1.23209755736488e+01 1.00000000730011e+05 
1.24788506295067e+01 1.00000001603974e+05 
1.26367295773036e+01 1.00000002890406e+05 
1.27946116815903e+01 1.00000005312765e+05 
1.29524970895918e+01 1.00000010057272e+05 
1.31103853882209e+01 1.00000017562831e+05 
1.32682764852580e+01 1.00000030012110e+05 
1.34261706139616e+01 1.00000048426570e+05 
1.35840685957871e+01 1.00000077814377e+05 
1.37419698795382e+01 1.00000124378768e+05 
1.38998748238769e+01 1.00000198458206e+05 
1.40577825863761e+01 1.00000298337643e+05 
1.42156900780669e+01 1.00000440554316e+05 
1.43735971547495e+01 1.00000625927124e+05 
1.45315042337418e+01 1.00000884448517e+05 
1.46894115576050e+01 1.00001245179529e+05 
1.48473186395545e+01 1.00001744666118e+05 
1.50052256719272e+01 1.00002349944213e+05 
1.51631330578148e+01 1.00003111806357e+05 
1.53210408171837e+01 1.00004005695443e+05 
1.54789489338296e+01 1.00005114710783e+05 
1.56368576354914e+01 1.00006520803205e+05 
1.57947669611646e+01 1.00008252571004e+05 
1.59526770505537e+01 1.00010188616531e+05 
1.61105878565459e+01 1.00012392859847e+05 
1.62684993007154e+01 1.00014757629472e+05 
1.64264117696543e+01 1.00017399235006e+05 
1.65843252894251e+01 1.00020490770650e+05 
1.67422394503545e+01 1.00023899628346e+05 
1.69001543231263e+01 1.00027458294584e+05 
1.70580702178261e+01 1.00031131698289e+05 
1.72159869071440e+01 1.00034743483343e+05 
1.73739045484328e+01 1.00038366098439e+05 
1.75318230870977e+01 1.00042285412959e+05 
1.76897420386758e+01 1.00046120077720e+05 
1.78476617082648e+01 1.00049881790062e+05 
1.80055822852594e+01 1.00053328388721e+05 
1.81635032871374e+01 1.00056361665404e+05 
1.83214252006964e+01 1.00058949614360e+05 
1.84793480458620e+01 1.00061383983263e+05 
1.86372715456650e+01 1.00063205771115e+05 
1.87951957601081e+01 1.00064750164017e+05 
1.89531209484135e+01 1.00065630186836e+05 
1.91110441089809e+01 1.00065949928892e+05 
1.92689571504680e+01 1.00065560318792e+05 
1.94268607791625e+01 1.00064553444226e+05 
1.95847566159270e+01 1.00062622211961e+05 
1.97426455229279e+01 1.00060346416065e+05 
1.99005279081235e+01 1.00057357980786e+05 
2.00584049686281e+01 1.00053989609231e+05 
2.02162789927353e+01 1.00050029375728e+05 
2.03741510118332e+01 1.00045176234999e+05 
2.05320225312322e+01 1.00039495356766e+05 
2.06898943694514e+01 1.00033515358929e+05 
2.08477672335517e+01 1.00027118920383e+05 
2.10056381883608e+01 1.00020732793791e+05 
2.11635073392954e+01 1.00014118656064e+05 
2.13213744206154e+01 1.00006679864684e+05 
2.14792406064660e+01 9.99988656819064e+04 
2.16371055052497e+01 9.99908687209080e+04 
2.17949698598769e+01 9.99828868219504e+04 
2.19528346543289e+01 9.99753191685915e+04 
2.21107022379036e+01 9.99680243950166e+04 
2.22685735446671e+01 9.99603189689031e+04 
2.24264499128177e+01 9.99529160998978e+04 
2.25843313783613e+01 9.99454741354305e+04 
2.27422178371839e+01 9.99384521367503e+04 
2.29001082195325e+01 9.99321099843442e+04 
2.30580026165052e+01 9.99264471195238e+04 
2.32159006750456e+01 9.99209878013340e+04 
2.33738008250518e+01 9.99164977727640e+04 
2.35317021841015e+01 9.99121581357939e+04 
2.36896047805334e+01 9.99085471704949e+04 
2.38475089535193e+01 9.99056466808396e+04 
2.40054144059897e+01 9.99036247068974e+04 
2.41633212527943e+01 9.99023902537471e+04 
2.43212294708959e+01 9.99025531019806e+04 
2.44791391765311e+01 9.99030838014553e+04 
2.46370501927731e+01 9.99044257060737e+04 
2.47949629062368e+01 9.99063357007964e+04 
2.49528766385629e+01 9.99090946129881e+04 
2.51107912664912e+01 9.99130208067682e+04 
2.52687065421895e+01 9.99183126214285e+04 
2.54266227275827e+01 9.99241038403014e+04 
2.55845402635157e+01 9.99305464243273e+04 
2.57424589006128e+01 9.99372208434997e+04 
2.59003774090588e+01 9.99443896370995e+04 
2.60582956021659e+01 9.99527165889529e+04 
2.62162142568713e+01 9.99618765038120e+04 
2.63741334755089e+01 9.99714691014870e+04 
2.65320531896202e+01 9.99812791837264e+04 
2.66899728755107e+01 9.99908103726601e+04 
2.68478922917635e+01 1.00000203645200e+05 
2.70058116301977e+01 1.00010244591843e+05 
2.71637307927613e+01 1.00020091685067e+05 
2.73216502821697e+01 1.00030095134732e+05 
2.74795690311203e+01 1.00039761169256e+05 
2.76374879055499e+01 1.00048626443016e+05 
2.77954041756501e+01 1.00056702904451e+05 
2.79533191433170e+01 1.00064618147290e+05 
2.81112322788099e+01 1.00071309732579e+05 
2.82691420252821e+01 1.00077802483877e+05 
2.84270498359011e+01 1.00083523827526e+05 
2.85849551367456e+01 1.00088192944478e+05 
2.87428577035279e+01 1.00091732525615e+05 
2.89007576935424e+01 1.00094332354835e+05 
2.90586554385742e+01 1.00095069004173e+05 
2.92165508783833e+01 1.00095327447759e+05 
2.93744443359554e+01 1.00094744417436e+05 
2.95323353920958e+01 1.00093284338980e+05 
2.96902253081402e+01 1.00090794493207e+05 
2.98481142776169e+01 1.00086924127156e+05 
3.00059979647156e+01 1.00081302214951e+05 
3.01638770985754e+01 1.00075123630842e+05 
3.03217523516603e+01 1.00068367142323e+05 
3.04796254231717e+01 1.00061227411424e+05 
3.06374979890028e+01 1.00053602607471e+05 
3.07953682566008e+01 1.00044716240576e+05 
3.09532360866590e+01 1.00034829758915e+05 
3.11111009485845e+01 1.00024476358547e+05 
3.12689642148262e+01 1.00014011932510e+05 
3.14268269801884e+01 1.00003798244581e+05 
3.15846899752751e+01 9.99938101829720e+04 
3.17425539745552e+01 9.99832251782222e+04 
3.19004203627167e+01 9.99727760842298e+04 
3.20582896401381e+01 9.99621047137103e+04 
3.22161632234601e+01 9.99518150759840e+04 
3.23740425511432e+01 9.99423086496361e+04 
3.25319290751244e+01 9.99336104669294e+04 
3.26898202982419e+01 9.99251028554463e+04 
3.28477131228900e+01 9.99177827532008e+04 
3.30056072961437e+01 9.99105694579587e+04 
3.31635023672678e+01 9.99040828252994e+04 
3.33213991393358e+01 9.98986382501958e+04 
3.34792973573956e+01 9.98942651638666e+04 
3.36371967535133e+01 9.98907632743753e+04 
3.37950973023584e+01 9.98890551050004e+04 
3.39529995672097e+01 9.98877410940105e+04 
3.41109029852060e+01 9.98872267036614e+04 
3.42688076087386e+01 9.98877063385512e+04 
3.44267132713632e+01 9.98891801596701e+04 
3.45846196509400e+01 9.98919683946920e+04 
3.47425273496765e+01 9.98965857496739e+04 
3.49004361808860e+01 9.99018217769302e+04 
3.50583454950604e+01 9.99076972127121e+04 
3.52162538750963e+01 9.99142817076866e+04 
3.53741611804014e+01 9.99214991618338e+04 
3.55320682312856e+01 9.99299996759868e+04 
3.56899754216115e+01 9.99397458373200e+04 
3.58478829107651e+01 9.99501367651173e+04 
3.60057904151544e+01 9.99607879449892e+04 
3.61636981099972e+01 9.99715606903656e+04 
3.63216068904539e+01 9.99823167739254e+04 
3.64795154283054e+01 9.99937946256128e+04 
3.66374236436593e+01 1.00005336214826e+05 
3.67953327010769e+01 1.00017215962546e+05 
3.69532427717678e+01 1.00028743215500e+05 
3.71111532244148e+01 1.00039624316752e+05 
3.72690630548262e+01 1.00049749586017e+05 
3.74269718145581e+01 1.00059743916320e+05 
3.75848778454541e+01 1.00068582120206e+05 
3.77427791017932e+01 1.00077339000581e+05 
3.79006746564164e+01 1.00085258830790e+05 
3.80585658512143e+01 1.00092073380326e+05 
3.82164521350274e+01 1.00097730027407e+05 
3.83743339522929e+01 1.00102442365624e+05 
3.85322143263643e+01 1.00105270135629e+05 
3.86900941565614e+01 1.00107720950138e+05 
3.88479738779336e+01 1.00109182512094e+05 
3.90058528607593e+01 1.00109589443874e+05 
3.91637297505779e+01 1.00108923715542e+05 
3.93216059461941e+01 1.00106927382834e+05 
3.94794833120710e+01 1.00103072663204e+05 
3.96373600136444e+01 1.00098658849163e+05 
3.97952355988724e+01 1.00093574577183e+05 
3.99531105564116e+01 1.00087816695733e+05 
4.01109853768128e+01 1.00081478742590e+05 
4.02688608742397e+01 1.00073917244103e+05 
4.04267381798270e+01 1.00065152061881e+05 
4.05846137319020e+01 1.00055826101871e+05 
4.07424858509869e+01 1.00046241156093e+05 
4.09003545163728e+01 1.00036552557412e+05 
4.10582217788816e+01 1.00026857591671e+05 
4.12160877638797e+01 1.00016453994892e+05 
4.13739537347660e+01 1.00005833887568e+05 
4.15318203524083e+01 9.99948087886331e+04 
4.16896877430492e+01 9.99839629419292e+04 
4.18475567572815e+01 9.99736026385670e+04 
4.20054296452478e+01 9.99637986028239e+04 
4.21633067849416e+01 9.99539620234359e+04 
4.23211896909693e+01 9.99449843234278e+04 
4.24790781339048e+01 9.99359305629534e+04 
4.26369644682292e+01 9.99275093384925e+04 
4.27948546539027e+01 9.99200043986255e+04 
4.29527445839470e+01 9.99134071630780e+04 
4.31106359297670e+01 9.99075028457232e+04 
4.32685306520852e+01 9.99032342109393e+04 
4.34264288504664e+01 9.98992710050455e+04 
4.35843293098335e+01 9.98961558916428e+04 
4.37422323857132e+01 9.98940829169588e+04 
4.39001362271449e+01 9.98930170360630e+04 
4.40580408935821e+01 9.98931341607969e+04 
4.42159461004656e+01 9.98950717039185e+04 
4.43738520952394e+01 9.98975328453019e+04 
4.45317586334686e+01 9.99008713989988e+04 
4.46896655731558e+01 9.99050259263955e+04 
4.48475732386247e+01 9.99099359782297e+04 
4.50054818277984e+01 9.99161710657402e+04 
4.51633912296472e+01 9.99238283957781e+04 
4.53213012689940e+01 9.99320496200610e+04 
4.54792124514439e+01 9.99408029829734e+04 
4.56371248172869e+01 9.99498297542329e+04 
4.57950380337933e+01 9.99591078439776e+04 
4.59529529680012e+01 9.99694080230198e+04 
4.61108663642278e+01 9.99802438146676e+04 
4.62687784498702e+01 9.99914843790542e+04 
4.64266899654798e+01 1.00002748518767e+05 
4.65846018793389e+01 1.00013592144582e+05 
4.67425141840204e+01 1.00024014759942e+05 
4.69004273753813e+01 1.00034720347301e+05 
4.70583412575278e+01 1.00044864679268e+05 
4.72162558287896e+01 1.00055095073279e+05 
4.73741661075397e+01 1.00064813398986e+05 
4.75320700293228e+01 1.00073615240210e+05 
4.76899693645184e+01 1.00081493783491e+05 
4.78478625125830e+01 1.00088926470621e+05 
4.80057508638390e+01 1.00094849258018e+05 
4.81636362087960e+01 1.00100477303581e+05 
4.83215191917349e+01 1.00105254635573e+05 
4.84794017791262e+01 1.00108920537365e+05 
4.86372824178603e+01 1.00111523694673e+05 
4.87951610644304e+01 1.00113084465165e+05 
4.89530401011878e+01 1.00112790539904e+05 
4.91109183405868e+01 1.00111946699504e+05 
4.92687968866861e+01 1.00110275566410e+05 
4.94266754364972e+01 1.00107659619104e+05 
4.95845515595664e+01 1.00104173748406e+05 
4.97424261075137e+01 1.00099367789125e+05 
4.99003006335041e+01 1.00092974911043e+05 
5.00581763017773e+01 1.00085994958262e+05 
5.02160540122954e+01 1.00078442251550e+05 
5.03739320513093e+01 1.00070451190611e+05 
5.05318084517488e+01 1.00062064563210e+05 
5.06896830101217e+01 1.00052567587593e+05 
5.08475554530749e+01 1.00042265193240e+05 
5.10054253922244e+01 1.00031461674036e+05 
5.11632927122317e+01 1.00020479394422e+05 
5.13211591090027e+01 1.00009673451905e+05 
5.14790271138448e+01 9.99990905376018e+04 
5.16368950153983e+01 9.99879806306783e+04 
5.17947643683201e+01 9.99771125745216e+04 
5.19526361004011e+01 9.99660163682685e+04 
5.21105113953299e+01 9.99551923157346e+04 
5.22683913894592e+01 9.99451148509590e+04 
5.24262776968112e+01 9.99357926461197e+04 
5.25841708838473e+01 9.99266193466555e+04 
5.27420666524036e+01 9.99186407803020e+04 
5.28999618489546e+01 9.99108207216608e+04 
5.30578577998667e+01 9.99036755147348e+04 
5.32157572283380e+01 9.98976027631098e+04 
5.33736576041167e+01 9.98925874596839e+04 
5.35315607809438e+01 9.98883850384126e+04 
5.36894666299000e+01 9.98859729945300e+04 
5.38473734460421e+01 9.98840576941851e+04 
5.40052812691421e+01 9.98830394776293e+04 
5.41631892761518e+01 9.98830601705978e+04 
5.43210976391154e+01 9.98841288777766e+04 
5.44790065647947e+01 9.98864391425062e+04 
5.46369153234515e+01 9.98905017808719e+04 
5.47948247591204e+01 9.98952066754455e+04 
5.49527345816088e+01 9.99006598626062e+04 
5.51106448015583e+01 9.99067714120246e+04 
5.52685553466649e+01 9.99135108843046e+04 
5.54264665842849e+01 9.99214262075189e+04 
5.55843786559346e+01 9.99304191087240e+04 
5.57422916964500e+01 9.99399438443460e+04 
5.59002049245996e+01 9.99497304468158e+04 
5.60581165652534e+01 9.99595414620968e+04 
5.62160267790978e+01 9.99693137247274e+04 
5.63739360456862e+01 9.99797592799324e+04 
5.65318446490167e+01 9.99903175480873e+04 
5.66897535039061e+01 1.00001203889846e+05 
5.68476637724107e+01 1.00011820759051e+05 
5.70055749148130e+01 1.00021918998175e+05 
5.71634862686760e+01 1.00031479241589e+05 
5.73213958959964e+01 1.00041090805025e+05 
5.74793010243427e+01 1.00049940775481e+05 
5.76372006427965e+01 1.00058865289856e+05 
5.77950939663717e+01 1.00067114765154e+05 
5.79529832749989e+01 1.00074522582111e+05 
5.81108693165340e+01 1.00081044167901e+05 
5.82687509560842e+01 1.00086960678911e+05 
5.84266313769464e+01 1.00091302775935e+05 
5.85845125473362e+01 1.00095359118205e+05 
5.87423932111164e+01 1.00098616315495e+05 
5.89002729936823e+01 1.00100903559122e+05 
5.90581527151859e+01 1.00102188893682e+05 
5.92160322137457e+01 1.00102396069387e+05 
5.93739114996228e+01 1.00100834169998e+05 
5.95317886882425e+01 1.00098749738757e+05 
5.96896638636060e+01 1.00095997433981e+05 
5.98475378197668e+01 1.00092518765202e+05 
6.00054119865173e+01 1.00088354416599e+05 
6.01632862541559e+01 1.00083068044449e+05 
6.03211632133958e+01 1.00076439941061e+05 
6.04790393685606e+01 1.00069253705989e+05 
6.06369130750726e+01 1.00061819171460e+05 
6.07947845152142e+01 1.00054118919974e+05 
6.09526543879465e+01 1.00046214044866e+05 
6.11105223433906e+01 1.00037480634435e+05 
6.12683891572993e+01 1.00028164322551e+05 
6.14262556334736e+01 1.00018349645414e+05 
6.15841213812268e+01 1.00008691014327e+05 
6.17419872970758e+01 9.99992763046993e+04 
6.18998556369791e+01 9.99901507896640e+04 
6.20577270573682e+01 9.99808012427633e+04 
6.22156028064752e+01 9.99718192114125e+04 
6.23734839507439e+01 9.99625641120144e+04 
6.25313719458757e+01 9.99538251143426e+04 
6.26892653364233e+01 9.99457130268509e+04 
6.28471589494630e+01 9.99383053917324e+04 
6.30050539658638e+01 9.99312602118629e+04 
6.31629516032019e+01 9.99254671318773e+04 
6.33208526762621e+01 9.99197728803883e+04 
6.34787557016783e+01 9.99148397392481e+04 
6.36366621209855e+01 9.99107660094059e+04 
6.37945707388512e+01 9.99076043467538e+04 
6.39524799651022e+01 9.99053467554051e+04 
6.41103898945289e+01 9.99047780302279e+04 
6.42682996768123e+01 9.99046819216342e+04 
6.44262099946042e+01 9.99053614492327e+04 
6.45841203235132e+01 9.99068662843997e+04 
6.47420308141056e+01 9.99092403752446e+04 
6.48999413857551e+01 9.99128528356794e+04 
6.50578522130705e+01 9.99180520696517e+04 
6.52157621383260e+01 9.99238542620267e+04 
6.53736716684331e+01 9.99301578642756e+04 
6.55315818735089e+01 9.99369454678180e+04 
6.56894924466357e+01 9.99441788518837e+04 
6.58474019305714e+01 9.99524407095026e+04 
6.60053094171804e+01 9.99616068256056e+04 
6.61632151021049e+01 9.99713086175049e+04 
6.63211194929648e+01 9.99810104729675e+04 
6.64790238951629e+01 9.99906354395582e+04 
6.66369283078166e+01 1.00000054135014e+05 
6.67948331393927e+01 1.00009857412005e+05 
6.69527394440034e+01 1.00019490272463e+05 
6.71106470639483e+01 1.00029372461162e+05 
6.72685553183821e+01 1.00038634576799e+05 
6.74264597024061e+01 1.00047264459961e+05 
6.75843590419925e+01 1.00055125439502e+05 
6.77422535684911e+01 1.00062630313197e+05 
6.79001426201263e+01 1.00069006259550e+05 
6.80580282864847e+01 1.00075301997334e+05 
6.82159111158328e+01 1.00080586363132e+05 
6.83737930861987e+01 1.00085000473514e+05 
6.85316731580176e+01 1.00088440916974e+05 
6.86895517906449e+01 1.00090945792711e+05 
6.88474307150474e+01 1.00091861610767e+05 
6.90053081989569e+01 1.00092491994768e+05 
6.91631854542290e+01 1.00092204066759e+05 
6.93210605590817e+01 1.00091199627160e+05 
6.94789329603387e+01 1.00089443299113e+05 
6.96368026296308e+01 1.00086594974998e+05 
6.97946722052352e+01 1.00082265928282e+05 
6.99525422636531e+01 1.00077543091608e+05 
7.01104134175452e+01 1.00072383215042e+05 
7.02682863349460e+01 1.00066861996021e+05 
7.04261613776249e+01 1.00061026204142e+05 
7.05840389189998e+01 1.00054284589392e+05 
7.07419152096647e+01 1.00046614154345e+05 
7.08997875851045e+01 1.00038489812544e+05 
7.10576561988164e+01 1.00030442528614e+05 
7.12155224399363e+01 1.00022370225045e+05 
7.13733888211252e+01 1.00014387145633e+05 
7.15312552146323e+01 1.00006002962603e+05 
7.16891217538037e+01 9.99974668928771e+04 
7.18469894024299e+01 9.99885214339259e+04 
7.20048591249784e+01 9.99801343169885e+04 
7.21627323468697e+01 9.99720292162651e+04 
7.23206109024455e+01 9.99644126143609e+04 
7.24784954490941e+01 9.99569813019920e+04 
7.26363845290400e+01 9.99502397715052e+04 
7.27942734676224e+01 9.99433050439044e+04 
7.29521620226019e+01 9.99372478141704e+04 
7.31100537643340e+01 9.99317280777932e+04 
7.32679464204612e+01 9.99269122584116e+04 
7.34258410448585e+01 9.99228627749806e+04 
7.35837409539245e+01 9.99201487704328e+04 
7.37416437257822e+01 9.99175466504362e+04 
7.38995475254834e+01 9.99158452015664e+04 
7.40574552767677e+01 9.99147874811824e+04 
7.42153656889771e+01 9.99144484282547e+04 
7.43732764020060e+01 9.99151167547678e+04 
7.45311875013272e+01 9.99172932774349e+04 
7.46890982702211e+01 9.99198982093933e+04 
7.48470091952905e+01 9.99231588509062e+04 
7.50049203089887e+01 9.99269654524135e+04 
7.51628314776675e+01 9.99312456784734e+04 
7.53207423108823e+01 9.99365254172697e+04 
7.54786534052723e+01 9.99429692124987e+04 
7.56365652919325e+01 9.99499380399602e+04 
7.57944760696322e+01 9.99570435975344e+04 
7.59523842322763e+01 9.99644265101382e+04 
7.61102907052860e+01 9.99719093072193e+04 
7.62681956345978e+01 9.99799775700836e+04 
7.64260997846199e+01 9.99884851718707e+04 
7.65840035006254e+01 9.99974524380067e+04 
7.67419079524643e+01 1.00005966025896e+05 
7.68998130220342e+01 1.00014324267375e+05 
7.70577190529444e+01 1.00022314336142e+05 
7.72156246322281e+01 1.00030219015491e+05 
7.73735304351853e+01 1.00037655553332e+05 
7.75314321962536e+01 1.00045337885620e+05 
7.76893280918668e+01 1.00052124685644e+05 
7.78472194406838e+01 1.00058408856025e+05 
7.80051082848022e+01 1.00063977902644e+05 
7.81629925315635e+01 1.00068849434914e+05 
7.83208748693117e+01 1.00072462315801e+05 
7.84787573742400e+01 1.00076014594862e+05 
7.86366399901977e+01 1.00078557656415e+05 
7.87945213840157e+01 1.00080468059826e+05 
7.89524022580153e+01 1.00081604866775e+05 
7.91102822345851e+01 1.00081675229105e+05 
7.92681598504246e+01 1.00080254638816e+05 
7.94260346032737e+01 1.00078637063767e+05 
7.95839065415183e+01 1.00076150248063e+05 
7.97417762739281e+01 1.00073153857652e+05 
7.98996452426869e+01 1.00069653768797e+05 
8.00575144475735e+01 1.00065109806129e+05 
8.02153853484350e+01 1.00059343091642e+05 
8.03732595753060e+01 1.00053159505041e+05 
8.05311360044327e+01 1.00046765801732e+05 
8.06890123775687e+01 1.00040146557004e+05 
8.08468842047536e+01 1.00033410329518e+05 
8.10047525333100e+01 1.00025979326477e+05 
8.11626191499556e+01 1.00017973610834e+05 
8.13204847650461e+01 1.00009542760290e+05 
8.14783488435453e+01 1.00001454607985e+05 
8.16362118439805e+01 9.99934803081695e+04 
8.17940760681954e+01 9.99858258797039e+04 
8.19519420697887e+01 9.99781318856283e+04 
8.21098112939899e+01 9.99707207971316e+04 
8.22676847318654e+01 9.99630221846828e+04 
8.24255638214298e+01 9.99561336414622e+04 
8.25834499430324e+01 9.99496103200388e+04 
8.27413394366513e+01 9.99437123810040e+04 
8.28992294477559e+01 9.99383863448960e+04 
8.30571223195795e+01 9.99340984235164e+04 
8.32150170578953e+01 9.99297708920476e+04 
8.33729147817309e+01 9.99264690051872e+04 
8.35308144311052e+01 9.99236801868514e+04 
8.36887168341859e+01 9.99215930300702e+04 
8.38466229777523e+01 9.99205127869153e+04 
8.40045316549114e+01 9.99208081741788e+04 
8.41624411095586e+01 9.99213078365346e+04 
8.43203503968559e+01 9.99226890635268e+04 
8.44782605557664e+01 9.99245606862158e+04 
8.46361711006565e+01 9.99269153376225e+04 
8.47940815795453e+01 9.99304436762189e+04 
8.49519911103720e+01 9.99352494061997e+04 
8.51098990973984e+01 9.99404143022132e+04 
8.52678065112851e+01 9.99459820355740e+04 
8.54257138686154e+01 9.99518336100300e+04 
8.55836217801970e+01 9.99578964437360e+04 
8.57415292183254e+01 9.99647365431475e+04 
8.58994341398339e+01 9.99723290540003e+04 
8.60573367332196e+01 9.99803436869046e+04 
8.62152374038746e+01 9.99881812973704e+04 
8.63731375811182e+01 9.99960087271100e+04 
8.65310375987192e+01 1.00003626226170e+05 
8.66889375552248e+01 1.00011440464873e+05 
8.68468385039286e+01 1.00019199006754e+05 
8.70047412609430e+01 1.00027281468781e+05 
8.71626443614392e+01 1.00034603774187e+05 
8.73205479962068e+01 1.00041649927508e+05 
8.74784503206073e+01 1.00048122918999e+05 
8.76363495572885e+01 1.00054156332399e+05 
8.77942431849901e+01 1.00059364353230e+05 
8.79521325309210e+01 1.00064692636872e+05 
8.81100185611205e+01 1.00068980497459e+05 
8.82679028525337e+01 1.00072784246209e+05 
8.84257843073351e+01 1.00075864901751e+05 
8.85836638116007e+01 1.00078009163388e+05 
8.87415446242167e+01 1.00078847101315e+05 
8.88994240315965e+01 1.00079594670843e+05 
8.90573022819536e+01 1.00079411657018e+05 
8.92151767527825e+01 1.00078735629892e+05 
8.93730477224399e+01 1.00077477766954e+05 
8.95309156458027e+01 1.00075147222527e+05 
8.96887826912112e+01 1.00071482804231e+05 
8.98466499713213e+01 1.00067493320331e+05 
9.00045176380459e+01 1.00062997838940e+05 
9.01623865154936e+01 1.00058187781978e+05 
9.03202569356564e+01 1.00053121184045e+05 
9.04781297063303e+01 1.00047169201126e+05 
9.06360054524564e+01 1.00040309167177e+05 
9.07938823357972e+01 1.00033040903758e+05 
9.09517541470789e+01 1.00025815649028e+05 
9.11096225648372e+01 1.00018503268910e+05 
9.12674903529327e+01 1.00011299742840e+05 
9.14253570626701e+01 1.00003719106061e+05 
9.15832226822998e+01 9.99959749821752e+04 
9.17410881565195e+01 9.99878580193680e+04 
9.18989546135373e+01 9.99803335405861e+04 
9.20568232887804e+01 9.99729834336154e+04 
9.22146961573564e+01 9.99661199858274e+04 
9.23725738596910e+01 9.99595284094153e+04 
9.25304579588404e+01 9.99535737478222e+04 
9.26883440768282e+01 9.99474060467518e+04 
9.28462302163992e+01 9.99421650919390e+04 
9.30041188904351e+01 9.99373006397454e+04 
9.31620089406748e+01 9.99330839088029e+04 
9.33199003766930e+01 9.99296823530888e+04 
9.34777965434557e+01 9.99274910092666e+04 
9.36356962709857e+01 9.99253428594565e+04 
9.37935970223798e+01 9.99241309550984e+04 
9.39515016043418e+01 9.99233672320738e+04 
9.41094095639123e+01 9.99232279827370e+04 
9.42673176496791e+01 9.99241576719787e+04 
9.44252272261732e+01 9.99264360319622e+04 
9.45831367419679e+01 9.99289534647883e+04 
9.47410472060425e+01 9.99321176863857e+04 
9.48989573503301e+01 9.99357261887388e+04 
9.50568658739766e+01 9.99397262691031e+04 
9.52147728697819e+01 9.99446858737357e+04 
9.53726794597599e+01 9.99506943666789e+04 
9.55305867647987e+01 9.99570899432090e+04 
9.56884942753968e+01 9.99635931804027e+04 
9.58463997516093e+01 9.99702847208702e+04 
9.60043026249207e+01 9.99769829723626e+04 
9.61622035600294e+01 9.99842366120326e+04 
9.63201032160052e+01 9.99919006892921e+04 
9.64780023140949e+01 9.99999483523411e+04 
9.66359014564617e+01 1.00007511888637e+05 
9.67938016196219e+01 1.00014974665563e+05 
9.69517021660862e+01 1.00022050713615e+05 
9.71096039307884e+01 1.00029032107283e+05 
9.72675053659434e+01 1.00035618645702e+05 
9.74254084969254e+01 1.00042451616053e+05 
9.75833089937247e+01 1.00048351531522e+05 
9.77412039501997e+01 1.00053917154861e+05 
9.78990956464850e+01 1.00058857810322e+05 
9.80569824734498e+01 1.00063107194562e+05 
9.82148662686850e+01 1.00066262501204e+05 
9.83727491375352e+01 1.00069434789750e+05 
9.85306321990684e+01 1.00071559663717e+05 
9.86885141869873e+01 1.00073251675399e+05 
9.88463960415929e+01 1.00074304739711e+05 
9.90042760737878e+01 1.00074301774916e+05 
9.91621528526767e+01 1.00072973764783e+05 
9.93200261516929e+01 1.00071476249873e+05 
9.94778958586317e+01 1.00069244903536e+05 
9.96357631314534e+01 1.00066659947672e+05 
9.97936285106285e+01 1.00063630515497e+05 
9.99514940149456e+01 1.00059561248238e+05 
1.00109360548212e+02 1.00054357833790e+05 
