# Liste des scalaires : TEMPS pmat 
0.00000000000000e+00 1.00000000000000e+05 
1.58013544018059e-01 1.00000000000000e+05 
3.16027088036117e-01 1.00000000000000e+05 
4.74040632054176e-01 1.00000000000000e+05 
6.32054176072234e-01 1.00000000000000e+05 
7.90067720090293e-01 1.00000000000000e+05 
9.48081264108351e-01 1.00000000000000e+05 
1.10609480812641e+00 1.00000000000000e+05 
1.26410835214447e+00 1.00000000000000e+05 
1.42212189616253e+00 1.00000000000000e+05 
1.58013544018058e+00 1.00000000000000e+05 
1.73814898419864e+00 1.00000000000000e+05 
1.89616252821670e+00 1.00000000000000e+05 
2.05417607223476e+00 1.00000000000000e+05 
2.21218961625282e+00 1.00000000000000e+05 
2.37020316027088e+00 1.00000000000000e+05 
2.52821670428893e+00 1.00000000000000e+05 
2.68623024830699e+00 1.00000000000000e+05 
2.84424379232505e+00 1.00000000000000e+05 
3.00225733634311e+00 1.00000000000000e+05 
3.16027088036116e+00 1.00000000000000e+05 
3.31828442437922e+00 1.00000000000000e+05 
3.47629796839728e+00 1.00000000000000e+05 
3.63431151241534e+00 1.00000000000000e+05 
3.79232505643340e+00 1.00000000000000e+05 
3.95033860045145e+00 1.00000000000000e+05 
4.10835214446951e+00 1.00000000000000e+05 
4.26636568848757e+00 1.00000000000000e+05 
4.42437923250563e+00 1.00000000000000e+05 
4.58239277652368e+00 1.00000000000000e+05 
4.74040632054174e+00 1.00000000000000e+05 
4.89841986455980e+00 1.00000000000000e+05 
5.05643340857771e+00 1.00000000000000e+05 
5.21444695259555e+00 1.00000000000000e+05 
5.37246049661106e+00 1.00000000000000e+05 
5.53047404062163e+00 1.00000000000000e+05 
5.68848758460807e+00 1.00000000000000e+05 
5.84650112860433e+00 1.00000000000000e+05 
6.00451467131846e+00 1.00000000000000e+05 
6.16252820860419e+00 1.00000000000000e+05 
6.32054173855849e+00 1.00000000000000e+05 
6.47855526263600e+00 1.00000000000000e+05 
6.63656878322570e+00 1.00000000000000e+05 
6.79458230116958e+00 1.00000000000000e+05 
6.95259581572868e+00 1.00000000000000e+05 
7.11060926486710e+00 1.00000000000000e+05 
7.26862123211782e+00 1.00000000000000e+05 
7.42662869286748e+00 1.00000000000000e+05 
7.58462797993242e+00 1.00000000000000e+05 
7.74261562363004e+00 1.00000000000000e+05 
7.90058972087802e+00 1.00000000000000e+05 
8.05854876760864e+00 1.00000000000000e+05 
8.21649327583521e+00 1.00000000000000e+05 
8.37442375590179e+00 1.00000000000000e+05 
8.53234121474706e+00 1.00000000000000e+05 
8.69024692780629e+00 1.00000000000000e+05 
8.84814294511368e+00 1.00000000000000e+05 
9.00603027516490e+00 1.00000000000000e+05 
9.16391060602912e+00 1.00000000000000e+05 
9.32178516379403e+00 1.00000000000000e+05 
9.47965513838773e+00 1.00000000000000e+05 
9.63751817790166e+00 1.00000000000000e+05 
9.79537550224774e+00 1.00000000000000e+05 
9.95322697641788e+00 1.00000000000000e+05 
1.01110732028936e+01 1.00000000000000e+05 
1.02689146274544e+01 1.00000000000000e+05 
1.04267523201822e+01 1.00000000000000e+05 
1.05845878187241e+01 1.00000000000000e+05 
1.07424234235056e+01 1.00000000000000e+05 
1.09002605183067e+01 1.00000000000000e+05 
1.10581011989153e+01 1.00000000000000e+05 
1.12159469760981e+01 1.00000000000000e+05 
1.13737958277871e+01 1.00000000000000e+05 
1.15316485112955e+01 1.00000000000000e+05 
1.16895059234703e+01 1.00000000000000e+05 
1.18473678135275e+01 1.00000000000000e+05 
1.20052343190564e+01 1.00000000000000e+05 
1.21631037930394e+01 1.00000000000000e+05 
1.23209755736488e+01 1.00000000000000e+05 
1.24788506295067e+01 1.00000000000000e+05 
1.26367295773036e+01 1.00000000000000e+05 
1.27946116815903e+01 1.00000000000000e+05 
1.29524970895918e+01 1.00000000000000e+05 
1.31103853882209e+01 1.00000000000000e+05 
1.32682764852580e+01 1.00000000000000e+05 
1.34261706139616e+01 1.00000000000000e+05 
1.35840685957871e+01 1.00000000000000e+05 
1.37419698795382e+01 1.00000000000000e+05 
1.38998748238769e+01 1.00000000000000e+05 
1.40577825863761e+01 1.00000000000000e+05 
1.42156900780669e+01 1.00000000000000e+05 
1.43735971547495e+01 1.00000000000000e+05 
1.45315042337418e+01 1.00000000000000e+05 
1.46894115576050e+01 1.00000000000000e+05 
1.48473186395545e+01 1.00000000000000e+05 
1.50052256719272e+01 1.00000000000000e+05 
1.51631330578148e+01 1.00000000000000e+05 
1.53210408171837e+01 1.00000000000000e+05 
1.54789489338296e+01 1.00000000000000e+05 
1.56368576354914e+01 1.00000000000000e+05 
1.57947669611646e+01 1.00000000000000e+05 
1.59526770505537e+01 1.00000000000000e+05 
1.61105878565459e+01 1.00000000000000e+05 
1.62684993007154e+01 1.00000000000000e+05 
1.64264117696543e+01 1.00000000000000e+05 
1.65843252894251e+01 1.00000000000000e+05 
1.67422394503545e+01 1.00000000000000e+05 
1.69001543231263e+01 1.00000000000000e+05 
1.70580702178261e+01 1.00000000000000e+05 
1.72159869071440e+01 1.00000000000000e+05 
1.73739045484328e+01 1.00000000000000e+05 
1.75318230870977e+01 1.00000000000000e+05 
1.76897420386758e+01 1.00000000000000e+05 
1.78476617082648e+01 1.00000000000000e+05 
1.80055822852594e+01 1.00000000000000e+05 
1.81635032871374e+01 1.00000000000000e+05 
1.83214252006964e+01 1.00000000000000e+05 
1.84793480458620e+01 1.00000000000000e+05 
1.86372715456650e+01 1.00000000000000e+05 
1.87951957601081e+01 1.00000000000000e+05 
1.89531209484135e+01 1.00000000000000e+05 
1.91110441089809e+01 1.00000000000000e+05 
1.92689571504680e+01 1.00000000000000e+05 
1.94268607791625e+01 1.00000000000000e+05 
1.95847566159270e+01 1.00000000000000e+05 
1.97426455229279e+01 1.00000000000000e+05 
1.99005279081235e+01 1.00000000000000e+05 
2.00584049686281e+01 1.00000000000000e+05 
2.02162789927353e+01 1.00000000000000e+05 
2.03741510118332e+01 1.00000000000000e+05 
2.05320225312322e+01 1.00000000000000e+05 
2.06898943694514e+01 1.00000000000000e+05 
2.08477672335517e+01 1.00000000000000e+05 
2.10056381883608e+01 1.00000000000000e+05 
2.11635073392954e+01 1.00000000000000e+05 
2.13213744206154e+01 1.00000000000000e+05 
2.14792406064660e+01 1.00000000000000e+05 
2.16371055052497e+01 1.00000000000000e+05 
2.17949698598769e+01 1.00000000000000e+05 
2.19528346543289e+01 1.00000000000000e+05 
2.21107022379036e+01 1.00000000000000e+05 
2.22685735446671e+01 1.00000000000000e+05 
2.24264499128177e+01 1.00000000000000e+05 
2.25843313783613e+01 1.00000000000000e+05 
2.27422178371839e+01 1.00000000000000e+05 
2.29001082195325e+01 1.00000000000000e+05 
2.30580026165052e+01 1.00000000000000e+05 
2.32159006750456e+01 1.00000000000000e+05 
2.33738008250518e+01 1.00000000000000e+05 
2.35317021841015e+01 1.00000000000000e+05 
2.36896047805334e+01 1.00000000000000e+05 
2.38475089535193e+01 1.00000000000000e+05 
2.40054144059897e+01 1.00000000000000e+05 
2.41633212527943e+01 1.00000000000000e+05 
2.43212294708959e+01 1.00000000000000e+05 
2.44791391765311e+01 1.00000000000000e+05 
2.46370501927731e+01 1.00000000000000e+05 
2.47949629062368e+01 1.00000000000000e+05 
2.49528766385629e+01 1.00000000000001e+05 
2.51107912664912e+01 1.00000000000095e+05 
2.52687065421895e+01 1.00000000016428e+05 
2.54266227275827e+01 1.00000000316083e+05 
2.55845402635157e+01 1.00000001317967e+05 
2.57424589006128e+01 1.00000003205176e+05 
2.59003774090588e+01 1.00000006406536e+05 
2.60582956021659e+01 1.00000011823346e+05 
2.62162142568713e+01 1.00000020401463e+05 
2.63741334755089e+01 1.00000034257910e+05 
2.65320531896202e+01 1.00000059444761e+05 
2.66899728755107e+01 1.00000109638327e+05 
2.68478922917635e+01 1.00000200664130e+05 
2.70058116301977e+01 1.00000371868038e+05 
2.71637307927613e+01 1.00000664276897e+05 
2.73216502821697e+01 1.00001111863669e+05 
2.74795690311203e+01 1.00001772340121e+05 
2.76374879055499e+01 1.00002685585193e+05 
2.77954041756501e+01 1.00003842079685e+05 
2.79533191433170e+01 1.00005283326629e+05 
2.81112322788099e+01 1.00006978192068e+05 
2.82691420252821e+01 1.00008919640392e+05 
2.84270498359011e+01 1.00011008187719e+05 
2.85849551367456e+01 1.00013171307584e+05 
2.87428577035279e+01 1.00015388566666e+05 
2.89007576935424e+01 1.00017779803156e+05 
2.90586554385742e+01 1.00020217725477e+05 
2.92165508783833e+01 1.00022704446498e+05 
2.93744443359554e+01 1.00024949982904e+05 
2.95323353920958e+01 1.00027061306458e+05 
2.96902253081402e+01 1.00029057165452e+05 
2.98481142776169e+01 1.00031061507612e+05 
3.00059979647156e+01 1.00032837368389e+05 
3.01638770985754e+01 1.00034355947937e+05 
3.03217523516603e+01 1.00035526437820e+05 
3.04796254231717e+01 1.00036366322268e+05 
3.06374979890028e+01 1.00037096920263e+05 
3.07953682566008e+01 1.00037498684145e+05 
3.09532360866590e+01 1.00037970343504e+05 
3.11111009485845e+01 1.00038289552733e+05 
3.12689642148262e+01 1.00038367157179e+05 
3.14268269801884e+01 1.00037168646816e+05 
3.15846899752751e+01 1.00035534063879e+05 
3.17425539745552e+01 1.00033182343151e+05 
3.19004203627167e+01 1.00030763678989e+05 
3.20582896401381e+01 1.00028537396586e+05 
3.22161632234601e+01 1.00025853514028e+05 
3.23740425511432e+01 1.00021611496630e+05 
3.25319290751244e+01 1.00016994629811e+05 
3.26898202982419e+01 1.00011585363370e+05 
3.28477131228900e+01 1.00006367691353e+05 
3.30056072961437e+01 1.00001913320638e+05 
3.31635023672678e+01 9.99976053644094e+04 
3.33213991393358e+01 9.99923464935455e+04 
3.34792973573956e+01 9.99870938240846e+04 
3.36371967535133e+01 9.99816428711507e+04 
3.37950973023584e+01 9.99763670677490e+04 
3.39529995672097e+01 9.99717230065950e+04 
3.41109029852060e+01 9.99674875218667e+04 
3.42688076087386e+01 9.99634889826542e+04 
3.44267132713632e+01 9.99597074083378e+04 
3.45846196509400e+01 9.99561953549737e+04 
3.47425273496765e+01 9.99528195615640e+04 
3.49004361808860e+01 9.99497742842401e+04 
3.50583454950604e+01 9.99471516930760e+04 
3.52162538750963e+01 9.99455354390878e+04 
3.53741611804014e+01 9.99445435523491e+04 
3.55320682312856e+01 9.99440546963836e+04 
3.56899754216115e+01 9.99433775336388e+04 
3.58478829107651e+01 9.99427669612139e+04 
3.60057904151544e+01 9.99420782038063e+04 
3.61636981099972e+01 9.99429799222981e+04 
3.63216068904539e+01 9.99442452397892e+04 
3.64795154283054e+01 9.99459300554839e+04 
3.66374236436593e+01 9.99477210328073e+04 
3.67953327010769e+01 9.99488553355286e+04 
3.69532427717678e+01 9.99500068707432e+04 
3.71111532244148e+01 9.99531451150549e+04 
3.72690630548262e+01 9.99568190781472e+04 
3.74269718145581e+01 9.99613168841309e+04 
3.75848778454541e+01 9.99655328974987e+04 
3.77427791017932e+01 9.99687695538756e+04 
3.79006746564164e+01 9.99719591867424e+04 
3.80585658512143e+01 9.99772266817284e+04 
3.82164521350274e+01 9.99824272275007e+04 
3.83743339522929e+01 9.99880934136380e+04 
3.85322143263643e+01 9.99934167202657e+04 
3.86900941565614e+01 9.99978298565996e+04 
3.88479738779336e+01 1.00002095288725e+05 
3.90058528607593e+01 1.00007543386414e+05 
3.91637297505779e+01 1.00012814869199e+05 
3.93216059461941e+01 1.00018023557494e+05 
3.94794833120710e+01 1.00023000021493e+05 
3.96373600136444e+01 1.00027319244765e+05 
3.97952355988724e+01 1.00031434708085e+05 
3.99531105564116e+01 1.00035383592585e+05 
4.01109853768128e+01 1.00038966605818e+05 
4.02688608742397e+01 1.00042057123824e+05 
4.04267381798270e+01 1.00044981874352e+05 
4.05846137319020e+01 1.00047603215193e+05 
4.07424858509869e+01 1.00050006618136e+05 
4.09003545163728e+01 1.00050761286323e+05 
4.10582217788816e+01 1.00051503131247e+05 
4.12160877638797e+01 1.00051109436300e+05 
4.13739537347660e+01 1.00050872080006e+05 
4.15318203524083e+01 1.00050854053500e+05 
4.16896877430492e+01 1.00050796729649e+05 
4.18475567572815e+01 1.00048781626927e+05 
4.20054296452478e+01 1.00046326636908e+05 
4.21633067849416e+01 1.00043233107968e+05 
4.23211896909693e+01 1.00040506731157e+05 
4.24790781339048e+01 1.00038547573002e+05 
4.26369644682292e+01 1.00036708767747e+05 
4.27948546539027e+01 1.00032710357970e+05 
4.29527445839470e+01 1.00028581898525e+05 
4.31106359297670e+01 1.00024021809275e+05 
4.32685306520852e+01 1.00019791379250e+05 
4.34264288504664e+01 1.00016547967462e+05 
4.35843293098335e+01 1.00013151011005e+05 
4.37422323857132e+01 1.00007985095913e+05 
4.39001362271449e+01 1.00002991212880e+05 
4.40580408935821e+01 9.99976825837979e+04 
4.42159461004656e+01 9.99925706244272e+04 
4.43738520952394e+01 9.99882054059944e+04 
4.45317586334686e+01 9.99838935850081e+04 
4.46896655731558e+01 9.99788244215053e+04 
4.48475732386247e+01 9.99739819617894e+04 
4.50054818277984e+01 9.99694458460013e+04 
4.51633912296472e+01 9.99652073949469e+04 
4.53213012689940e+01 9.99614782512390e+04 
4.54792124514439e+01 9.99579529359174e+04 
4.56371248172869e+01 9.99550371371480e+04 
4.57950380337933e+01 9.99524676320619e+04 
4.59529529680012e+01 9.99505807039845e+04 
4.61108663642278e+01 9.99486779831571e+04 
4.62687784498702e+01 9.99468505962227e+04 
4.64266899654798e+01 9.99454567326712e+04 
4.65846018793389e+01 9.99462114914703e+04 
4.67425141840204e+01 9.99468096045024e+04 
4.69004273753813e+01 9.99481212902314e+04 
4.70583412575278e+01 9.99491729727784e+04 
4.72162558287896e+01 9.99500981562060e+04 
4.73741661075397e+01 9.99511726554737e+04 
4.75320700293228e+01 9.99550473914562e+04 
4.76899693645184e+01 9.99591512556828e+04 
4.78478625125830e+01 9.99635207775086e+04 
4.80057508638390e+01 9.99671623006960e+04 
4.81636362087960e+01 9.99700116975276e+04 
4.83215191917349e+01 9.99736028983836e+04 
4.84794017791262e+01 9.99798479240890e+04 
4.86372824178603e+01 9.99859245422128e+04 
4.87951610644304e+01 9.99919667613973e+04 
4.89530401011878e+01 9.99970628252513e+04 
4.91109183405868e+01 1.00001355230083e+05 
4.92687968866861e+01 1.00006041532558e+05 
4.94266754364972e+01 1.00012563070579e+05 
4.95845515595664e+01 1.00018756922378e+05 
4.97424261075137e+01 1.00024475950787e+05 
4.99003006335041e+01 1.00029413090456e+05 
5.00581763017773e+01 1.00033274108454e+05 
5.02160540122954e+01 1.00037097976639e+05 
5.03739320513093e+01 1.00041349970340e+05 
5.05318084517488e+01 1.00045463376338e+05 
5.06896830101217e+01 1.00048741666720e+05 
5.08475554530749e+01 1.00051655056884e+05 
5.10054253922244e+01 1.00053865404672e+05 
5.11632927122317e+01 1.00055632651246e+05 
5.13211591090027e+01 1.00055929995223e+05 
5.14790271138448e+01 1.00056628051477e+05 
5.16368950153983e+01 1.00056069520055e+05 
5.17947643683201e+01 1.00056037793292e+05 
5.19526361004011e+01 1.00055776792753e+05 
5.21105113953299e+01 1.00055023864997e+05 
5.22683913894592e+01 1.00051569443552e+05 
5.24262776968112e+01 1.00048192973600e+05 
5.25841708838473e+01 1.00044326696195e+05 
5.27420666524036e+01 1.00041699116560e+05 
5.28999618489546e+01 1.00039501856248e+05 
5.30578577998667e+01 1.00036543325776e+05 
5.32157572283380e+01 1.00030184077184e+05 
5.33736576041167e+01 1.00024283332819e+05 
5.35315607809438e+01 1.00018392926896e+05 
5.36894666299000e+01 1.00013701520185e+05 
5.38473734460421e+01 1.00010441749140e+05 
5.40052812691421e+01 1.00006121860787e+05 
5.41631892761518e+01 9.99988866120784e+04 
5.43210976391154e+01 9.99921039148924e+04 
5.44790065647947e+01 9.99856997948621e+04 
5.46369153234515e+01 9.99805598265201e+04 
5.47948247591204e+01 9.99769030863956e+04 
5.49527345816088e+01 9.99726763357041e+04 
5.51106448015583e+01 9.99667955898086e+04 
5.52685553466649e+01 9.99609518828043e+04 
5.54264665842849e+01 9.99560612053134e+04 
5.55843786559346e+01 9.99519843848194e+04 
5.57422916964500e+01 9.99490809396043e+04 
5.59002049245996e+01 9.99462617045270e+04 
5.60581165652534e+01 9.99436867232666e+04 
5.62160267790978e+01 9.99408528616182e+04 
5.63739360456862e+01 9.99388706202278e+04 
5.65318446490167e+01 9.99370178712859e+04 
5.66897535039061e+01 9.99359810804585e+04 
5.68476637724107e+01 9.99355352445985e+04 
5.70055749148130e+01 9.99373862881639e+04 
5.71634862686760e+01 9.99388135409459e+04 
5.73213958959964e+01 9.99406785821584e+04 
5.74793010243427e+01 9.99420216048852e+04 
5.76372006427965e+01 9.99432631390206e+04 
5.77950939663717e+01 9.99454766246438e+04 
5.79529832749989e+01 9.99512739290219e+04 
5.81108693165340e+01 9.99566599772484e+04 
5.82687509560842e+01 9.99620873549722e+04 
5.84266313769464e+01 9.99663147509490e+04 
5.85845125473362e+01 9.99694657650712e+04 
5.87423932111164e+01 9.99738894501488e+04 
5.89002729936823e+01 9.99818999127650e+04 
5.90581527151859e+01 9.99892377029370e+04 
5.92160322137457e+01 9.99964251909653e+04 
5.93739114996228e+01 1.00002196032384e+05 
5.95317886882425e+01 1.00006088995119e+05 
5.96896638636060e+01 1.00011105956872e+05 
5.98475378197668e+01 1.00018503213437e+05 
6.00054119865173e+01 1.00025554860921e+05 
6.01632862541559e+01 1.00031877844607e+05 
6.03211632133958e+01 1.00037068127314e+05 
6.04790393685606e+01 1.00040784189127e+05 
6.06369130750726e+01 1.00044387313682e+05 
6.07947845152142e+01 1.00048574588679e+05 
6.09526543879465e+01 1.00052993960904e+05 
6.11105223433906e+01 1.00056453722227e+05 
6.12683891572993e+01 1.00059401098813e+05 
6.14262556334736e+01 1.00061244387089e+05 
6.15841213812268e+01 1.00062460388285e+05 
6.17419872970758e+01 1.00062154766607e+05 
6.18998556369791e+01 1.00062200316139e+05 
6.20577270573682e+01 1.00061548373225e+05 
6.22156028064752e+01 1.00061214692011e+05 
6.23734839507439e+01 1.00060654579683e+05 
6.25313719458757e+01 1.00059323126842e+05 
6.26892653364233e+01 1.00054780980201e+05 
6.28471589494630e+01 1.00050585940331e+05 
6.30050539658638e+01 1.00046057413987e+05 
6.31629516032019e+01 1.00042712104313e+05 
6.33208526762621e+01 1.00039944012653e+05 
6.34787557016783e+01 1.00036334636272e+05 
6.36366621209855e+01 1.00029002465747e+05 
6.37945707388512e+01 1.00022256629297e+05 
6.39524799651022e+01 1.00015672824324e+05 
6.41103898945289e+01 1.00010177102554e+05 
6.42682996768123e+01 1.00006482431625e+05 
6.44262099946042e+01 1.00001596278648e+05 
6.45841203235132e+01 9.99939456084458e+04 
6.47420308141056e+01 9.99867305567330e+04 
6.48999413857551e+01 9.99802372927231e+04 
6.50578522130705e+01 9.99749141417546e+04 
6.52157621383260e+01 9.99710510681980e+04 
6.53736716684331e+01 9.99668987052343e+04 
6.55315818735089e+01 9.99616000065879e+04 
6.56894924466357e+01 9.99563202208844e+04 
6.58474019305714e+01 9.99520247850443e+04 
6.60053094171804e+01 9.99483805068801e+04 
6.61632151021049e+01 9.99458596058222e+04 
6.63211194929648e+01 9.99435362558891e+04 
6.64790238951629e+01 9.99422036101697e+04 
6.66369283078166e+01 9.99406674749225e+04 
6.67948331393927e+01 9.99401720057462e+04 
6.69527394440034e+01 9.99395373252028e+04 
6.71106470639483e+01 9.99393063989559e+04 
6.72685553183821e+01 9.99396124494224e+04 
6.74264597024061e+01 9.99428226300108e+04 
6.75843590419925e+01 9.99459186073594e+04 
6.77422535684911e+01 9.99492740097271e+04 
6.79001426201263e+01 9.99517847684639e+04 
6.80580282864847e+01 9.99539863299636e+04 
6.82159111158328e+01 9.99571473755251e+04 
6.83737930861987e+01 9.99637252436331e+04 
6.85316731580176e+01 9.99700170285847e+04 
6.86895517906449e+01 9.99762750453685e+04 
6.88474307150474e+01 9.99814526053951e+04 
6.90053081989569e+01 9.99849897507283e+04 
6.91631854542290e+01 9.99896023539394e+04 
6.93210605590817e+01 9.99972152782379e+04 
6.94789329603387e+01 1.00004406457330e+05 
6.96368026296308e+01 1.00011188869801e+05 
6.97946722052352e+01 1.00016903136761e+05 
6.99525422636531e+01 1.00020880439206e+05 
7.01104134175452e+01 1.00025359296565e+05 
7.02682863349460e+01 1.00031210319435e+05 
7.04261613776249e+01 1.00036877485866e+05 
7.05840389189998e+01 1.00041759693657e+05 
7.07419152096647e+01 1.00046025266522e+05 
7.08997875851045e+01 1.00049012039469e+05 
7.10576561988164e+01 1.00051721227965e+05 
7.12155224399363e+01 1.00053944373591e+05 
7.13733888211252e+01 1.00056091766919e+05 
7.15312552146323e+01 1.00057401141805e+05 
7.16891217538037e+01 1.00058665386133e+05 
7.18469894024299e+01 1.00059497677655e+05 
7.20048591249784e+01 1.00059757999938e+05 
7.21627323468697e+01 1.00057507824224e+05 
7.23206109024455e+01 1.00055236495006e+05 
7.24784954490941e+01 1.00052744495927e+05 
7.26363845290400e+01 1.00050811500513e+05 
7.27942734676224e+01 1.00049300776407e+05 
7.29521620226019e+01 1.00047001035984e+05 
7.31100537643340e+01 1.00041395943624e+05 
7.32679464204612e+01 1.00035935790969e+05 
7.34258410448585e+01 1.00030382656420e+05 
7.35837409539245e+01 1.00025849753967e+05 
7.37416437257822e+01 1.00022655532038e+05 
7.38995475254834e+01 1.00018530497070e+05 
7.40574552767677e+01 1.00011251419496e+05 
7.42153656889771e+01 1.00004353037611e+05 
7.43732764020060e+01 9.99977724504535e+04 
7.45311875013272e+01 9.99921730529414e+04 
7.46890982702211e+01 9.99881422878525e+04 
7.48470091952905e+01 9.99835964574408e+04 
7.50049203089887e+01 9.99772294065176e+04 
7.51628314776675e+01 9.99710426217704e+04 
7.53207423108823e+01 9.99655492576176e+04 
7.54786534052723e+01 9.99608421123360e+04 
7.56365652919325e+01 9.99574085803651e+04 
7.57944760696322e+01 9.99539357423704e+04 
7.59523842322763e+01 9.99504360065409e+04 
7.61102907052860e+01 9.99469271733731e+04 
7.62681956345978e+01 9.99444175740577e+04 
7.64260997846199e+01 9.99420077414977e+04 
7.65840035006254e+01 9.99400608461385e+04 
7.67419079524643e+01 9.99389308912115e+04 
7.68998130220342e+01 9.99397735175127e+04 
7.70577190529444e+01 9.99405039487622e+04 
7.72156246322281e+01 9.99418028057275e+04 
7.73735304351853e+01 9.99426567318255e+04 
7.75314321962536e+01 9.99436258603878e+04 
7.76893280918668e+01 9.99450153340897e+04 
7.78472194406838e+01 9.99497270066711e+04 
7.80051082848022e+01 9.99544623073606e+04 
7.81629925315635e+01 9.99596135391624e+04 
7.83208748693117e+01 9.99636787939731e+04 
7.84787573742400e+01 9.99666820286137e+04 
7.86366399901977e+01 9.99706200318862e+04 
7.87945213840157e+01 9.99780477822561e+04 
7.89524022580153e+01 9.99850035918430e+04 
7.91102822345851e+01 9.99918152708654e+04 
7.92681598504246e+01 9.99975214301376e+04 
7.94260346032737e+01 1.00001647498824e+05 
7.95839065415183e+01 1.00006469253799e+05 
7.97417762739281e+01 1.00013700843916e+05 
7.98996452426869e+01 1.00020502766836e+05 
8.00575144475735e+01 1.00026730619563e+05 
8.02153853484350e+01 1.00032094550416e+05 
8.03732595753060e+01 1.00035890265198e+05 
8.05311360044327e+01 1.00039740439499e+05 
8.06890123775687e+01 1.00044078519655e+05 
8.08468842047536e+01 1.00048435146656e+05 
8.10047525333100e+01 1.00051892636838e+05 
8.11626191499556e+01 1.00054947614050e+05 
8.13204847650461e+01 1.00057166066640e+05 
8.14783488435453e+01 1.00058770795803e+05 
8.16362118439805e+01 1.00058916292404e+05 
8.17940760681954e+01 1.00059298071937e+05 
8.19519420697887e+01 1.00058854617456e+05 
8.21098112939899e+01 1.00058798930617e+05 
8.22676847318654e+01 1.00058548313421e+05 
8.24255638214298e+01 1.00057690368647e+05 
8.25834499430324e+01 1.00053959593049e+05 
8.27413394366513e+01 1.00050359062866e+05 
8.28992294477559e+01 1.00046185772413e+05 
8.30571223195795e+01 1.00043011393984e+05 
8.32150170578953e+01 1.00040710768214e+05 
8.33729147817309e+01 1.00037541232825e+05 
8.35308144311052e+01 1.00030874197032e+05 
8.36887168341859e+01 1.00024625491166e+05 
8.38466229777523e+01 1.00018537847297e+05 
8.40045316549114e+01 1.00013519159976e+05 
8.41624411095586e+01 1.00009755220444e+05 
8.43203503968559e+01 1.00005234095305e+05 
8.44782605557664e+01 9.99978830011267e+04 
8.46361711006565e+01 9.99910337386434e+04 
8.47940815795453e+01 9.99847181003627e+04 
8.49519911103720e+01 9.99794430606384e+04 
8.51098990973984e+01 9.99755105596301e+04 
8.52678065112851e+01 9.99712677502302e+04 
8.54257138686154e+01 9.99658453184452e+04 
8.55836217801970e+01 9.99605340703710e+04 
8.57415292183254e+01 9.99560512042198e+04 
8.58994341398339e+01 9.99522412624153e+04 
8.60573367332196e+01 9.99494119514148e+04 
8.62152374038746e+01 9.99468369548253e+04 
8.63731375811182e+01 9.99448928478696e+04 
8.65310375987192e+01 9.99429127479223e+04 
8.66889375552248e+01 9.99419744669225e+04 
8.68468385039286e+01 9.99409899046102e+04 
8.70047412609430e+01 9.99403472697580e+04 
8.71626443614392e+01 9.99403567988521e+04 
8.73205479962068e+01 9.99428436605445e+04 
8.74784503206073e+01 9.99452060694889e+04 
8.76363495572885e+01 9.99482517138872e+04 
8.77942431849901e+01 9.99506204428711e+04 
8.79521325309210e+01 9.99524655235729e+04 
8.81100185611205e+01 9.99553024899646e+04 
8.82679028525337e+01 9.99614483760164e+04 
8.84257843073351e+01 9.99672486824926e+04 
8.85836638116007e+01 9.99730591076677e+04 
8.87415446242167e+01 9.99779262893245e+04 
8.88994240315965e+01 9.99816630817559e+04 
8.90573022819536e+01 9.99861712848571e+04 
8.92151767527825e+01 9.99937523271114e+04 
8.93730477224399e+01 1.00000740552106e+05 
8.95309156458027e+01 1.00007309447348e+05 
8.96887826912112e+01 1.00012847018805e+05 
8.98466499713213e+01 1.00017083963657e+05 
9.00045176380459e+01 1.00021630484715e+05 
9.01623865154936e+01 1.00027713650770e+05 
9.03202569356564e+01 1.00033491646312e+05 
9.04781297063303e+01 1.00038529931782e+05 
9.06360054524564e+01 1.00042770135396e+05 
9.07938823357972e+01 1.00045790067689e+05 
9.09517541470789e+01 1.00048784104814e+05 
9.11096225648372e+01 1.00051533237227e+05 
9.12674903529327e+01 1.00054048548407e+05 
9.14253570626701e+01 1.00055629916732e+05 
9.15832226822998e+01 1.00056968006462e+05 
9.17410881565195e+01 1.00057944456573e+05 
9.18989546135373e+01 1.00058412779334e+05 
9.20568232887804e+01 1.00056908472934e+05 
9.22146961573564e+01 1.00055411576771e+05 
9.23725738596910e+01 1.00053172589534e+05 
9.25304579588404e+01 1.00051395737080e+05 
9.26883440768282e+01 1.00050121686008e+05 
9.28462302163992e+01 1.00048009776199e+05 
9.30041188904351e+01 1.00042935976311e+05 
9.31620089406748e+01 1.00037988861990e+05 
9.33199003766930e+01 1.00033026235894e+05 
9.34777965434557e+01 1.00028860320817e+05 
9.36356962709857e+01 1.00025606058859e+05 
9.37935970223798e+01 1.00021661032498e+05 
9.39515016043418e+01 1.00014669489140e+05 
9.41094095639123e+01 1.00008103708325e+05 
9.42673176496791e+01 1.00001925987420e+05 
9.44252272261732e+01 9.99967029747631e+04 
9.45831367419679e+01 9.99926349469140e+04 
9.47410472060425e+01 9.99881246576641e+04 
9.48989573503301e+01 9.99816937055585e+04 
9.50568658739766e+01 9.99756609660575e+04 
9.52147728697819e+01 9.99702643671850e+04 
9.53726794597599e+01 9.99657082211797e+04 
9.55305867647987e+01 9.99622628702677e+04 
9.56884942753968e+01 9.99586948784757e+04 
9.58463997516093e+01 9.99548981718864e+04 
9.60043026249207e+01 9.99511476990700e+04 
9.61622035600294e+01 9.99483843689901e+04 
9.63201032160052e+01 9.99459578624714e+04 
9.64780023140949e+01 9.99440868993363e+04 
9.66359014564617e+01 9.99428403406055e+04 
9.67938016196219e+01 9.99430824176097e+04 
9.69517021660862e+01 9.99432283675348e+04 
9.71096039307884e+01 9.99441087984512e+04 
9.72675053659434e+01 9.99447299489636e+04 
9.74254084969254e+01 9.99454125943829e+04 
9.75833089937247e+01 9.99467191475271e+04 
9.77412039501997e+01 9.99507837179336e+04 
9.78990956464850e+01 9.99547924383154e+04 
9.80569824734498e+01 9.99595158970225e+04 
9.82148662686850e+01 9.99632540599756e+04 
9.83727491375352e+01 9.99660688473199e+04 
9.85306321990684e+01 9.99696657609004e+04 
9.86885141869873e+01 9.99765803193697e+04 
9.88463960415929e+01 9.99830735076834e+04 
9.90042760737878e+01 9.99893754786174e+04 
9.91621528526767e+01 9.99947216247037e+04 
9.93200261516929e+01 9.99988008200708e+04 
9.94778958586317e+01 1.00003422571654e+05 
9.96357631314534e+01 1.00010406902497e+05 
9.97936285106285e+01 1.00016964363834e+05 
9.99514940149456e+01 1.00022991089661e+05 
1.00109360548212e+02 1.00028087168715e+05 
