# Liste des scalaires : TEMPS pmat 
0.00000000000000e+00 1.00000000000000e+05 
1.58013544018059e-01 1.00000000000000e+05 
3.16027088036117e-01 1.00000000000000e+05 
4.74040632054176e-01 1.00000000000000e+05 
6.32054176072234e-01 1.00000000000000e+05 
7.90067720090293e-01 1.00000000000000e+05 
9.48081264108351e-01 1.00000000000000e+05 
1.10609480812641e+00 1.00000000000000e+05 
1.26410835214447e+00 1.00000000000000e+05 
1.42212189616253e+00 1.00000000000000e+05 
1.58013544018058e+00 1.00000000000000e+05 
1.73814898419864e+00 1.00000000000000e+05 
1.89616252821670e+00 1.00000000000000e+05 
2.05417607223476e+00 1.00000000000000e+05 
2.21218961625282e+00 1.00000000000000e+05 
2.37020316027088e+00 1.00000000000000e+05 
2.52821670428893e+00 1.00000000000000e+05 
2.68623024830699e+00 1.00000000000000e+05 
2.84424379232505e+00 1.00000000000000e+05 
3.00225733634311e+00 1.00000000000000e+05 
3.16027088036116e+00 1.00000000000000e+05 
3.31828442437922e+00 1.00000000000000e+05 
3.47629796839728e+00 1.00000000000000e+05 
3.63431151241534e+00 1.00000000000000e+05 
3.79232505643340e+00 1.00000000000000e+05 
3.95033860045145e+00 1.00000000000000e+05 
4.10835214446951e+00 1.00000000000000e+05 
4.26636568848757e+00 1.00000000000000e+05 
4.42437923250563e+00 1.00000000000000e+05 
4.58239277652368e+00 1.00000000000000e+05 
4.74040632054174e+00 1.00000000000000e+05 
4.89841986455980e+00 1.00000000000000e+05 
5.05643340857771e+00 1.00000000000000e+05 
5.21444695259555e+00 1.00000000000000e+05 
5.37246049661106e+00 1.00000000000000e+05 
5.53047404062163e+00 1.00000000000000e+05 
5.68848758460807e+00 1.00000000000000e+05 
5.84650112860433e+00 1.00000000000000e+05 
6.00451467131846e+00 1.00000000000000e+05 
6.16252820860419e+00 1.00000000000000e+05 
6.32054173855849e+00 1.00000000000000e+05 
6.47855526263600e+00 1.00000000000000e+05 
6.63656878322570e+00 1.00000000000000e+05 
6.79458230116958e+00 1.00000000000000e+05 
6.95259581572868e+00 1.00000000000000e+05 
7.11060926486710e+00 1.00000000000000e+05 
7.26862123211782e+00 1.00000000000000e+05 
7.42662869286748e+00 1.00000000000000e+05 
7.58462797993242e+00 1.00000000000000e+05 
7.74261562363004e+00 1.00000000000000e+05 
7.90058972087802e+00 1.00000000000000e+05 
8.05854876760864e+00 1.00000000000000e+05 
8.21649327583521e+00 1.00000000000000e+05 
8.37442375590179e+00 1.00000000000000e+05 
8.53234121474706e+00 1.00000000000000e+05 
8.69024692780629e+00 1.00000000000000e+05 
8.84814294511368e+00 1.00000000000000e+05 
9.00603027516490e+00 1.00000000000000e+05 
9.16391060602912e+00 1.00000000000000e+05 
9.32178516379403e+00 1.00000000000000e+05 
9.47965513838773e+00 1.00000000000000e+05 
9.63751817790166e+00 1.00000000000000e+05 
9.79537550224774e+00 1.00000000000000e+05 
9.95322697641788e+00 1.00000000000000e+05 
1.01110732028936e+01 1.00000000000000e+05 
1.02689146274544e+01 1.00000000000000e+05 
1.04267523201822e+01 1.00000000000000e+05 
1.05845878187241e+01 1.00000000000000e+05 
1.07424234235056e+01 1.00000000000000e+05 
1.09002605183067e+01 1.00000000000000e+05 
1.10581011989153e+01 1.00000000000000e+05 
1.12159469760981e+01 1.00000000000000e+05 
1.13737958277871e+01 1.00000000000000e+05 
1.15316485112955e+01 1.00000000000000e+05 
1.16895059234703e+01 1.00000000000000e+05 
1.18473678135275e+01 1.00000000000000e+05 
1.20052343190564e+01 1.00000000000000e+05 
1.21631037930394e+01 1.00000000000000e+05 
1.23209755736488e+01 1.00000000000000e+05 
1.24788506295067e+01 1.00000000000000e+05 
1.26367295773036e+01 1.00000000000000e+05 
1.27946116815903e+01 1.00000000000000e+05 
1.29524970895918e+01 1.00000000000000e+05 
1.31103853882209e+01 1.00000000000000e+05 
1.32682764852580e+01 1.00000000000000e+05 
1.34261706139616e+01 1.00000000000000e+05 
1.35840685957871e+01 1.00000000000000e+05 
1.37419698795382e+01 1.00000000000000e+05 
1.38998748238769e+01 1.00000000000000e+05 
1.40577825863761e+01 1.00000000000000e+05 
1.42156900780669e+01 1.00000000000000e+05 
1.43735971547495e+01 1.00000000000000e+05 
1.45315042337418e+01 1.00000000000000e+05 
1.46894115576050e+01 1.00000000000000e+05 
1.48473186395545e+01 1.00000000000000e+05 
1.50052256719272e+01 1.00000000000000e+05 
1.51631330578148e+01 1.00000000000000e+05 
1.53210408171837e+01 1.00000000000000e+05 
1.54789489338296e+01 1.00000000000000e+05 
1.56368576354914e+01 1.00000000000000e+05 
1.57947669611646e+01 1.00000000000000e+05 
1.59526770505537e+01 1.00000000000000e+05 
1.61105878565459e+01 1.00000000000000e+05 
1.62684993007154e+01 1.00000000000000e+05 
1.64264117696543e+01 1.00000000000000e+05 
1.65843252894251e+01 1.00000000000000e+05 
1.67422394503545e+01 1.00000000000000e+05 
1.69001543231263e+01 1.00000000000000e+05 
1.70580702178261e+01 1.00000000000000e+05 
1.72159869071440e+01 1.00000000000000e+05 
1.73739045484328e+01 1.00000000000000e+05 
1.75318230870977e+01 1.00000000000000e+05 
1.76897420386758e+01 1.00000000000000e+05 
1.78476617082648e+01 1.00000000000000e+05 
1.80055822852594e+01 1.00000000000000e+05 
1.81635032871374e+01 1.00000000000000e+05 
1.83214252006964e+01 1.00000000000000e+05 
1.84793480458620e+01 1.00000000000000e+05 
1.86372715456650e+01 1.00000000000000e+05 
1.87951957601081e+01 1.00000000000000e+05 
1.89531209484135e+01 1.00000000000000e+05 
1.91110441089809e+01 1.00000000000000e+05 
1.92689571504680e+01 1.00000000000000e+05 
1.94268607791625e+01 1.00000000000000e+05 
1.95847566159270e+01 1.00000000000000e+05 
1.97426455229279e+01 1.00000000000000e+05 
1.99005279081235e+01 1.00000000000000e+05 
2.00584049686281e+01 1.00000000000000e+05 
2.02162789927353e+01 1.00000000000000e+05 
2.03741510118332e+01 1.00000000000000e+05 
2.05320225312322e+01 1.00000000000000e+05 
2.06898943694514e+01 1.00000000000000e+05 
2.08477672335517e+01 1.00000000000000e+05 
2.10056381883608e+01 1.00000000000000e+05 
2.11635073392954e+01 1.00000000000000e+05 
2.13213744206154e+01 1.00000000000000e+05 
2.14792406064660e+01 1.00000000000000e+05 
2.16371055052497e+01 1.00000000000000e+05 
2.17949698598769e+01 1.00000000000000e+05 
2.19528346543289e+01 1.00000000000000e+05 
2.21107022379036e+01 1.00000000000000e+05 
2.22685735446671e+01 1.00000000000000e+05 
2.24264499128177e+01 1.00000000000000e+05 
2.25843313783613e+01 1.00000000000000e+05 
2.27422178371839e+01 1.00000000000000e+05 
2.29001082195325e+01 1.00000000000000e+05 
2.30580026165052e+01 1.00000000000000e+05 
2.32159006750456e+01 1.00000000000000e+05 
2.33738008250518e+01 1.00000000000000e+05 
2.35317021841015e+01 1.00000000000000e+05 
2.36896047805334e+01 1.00000000000000e+05 
2.38475089535193e+01 1.00000000000000e+05 
2.40054144059897e+01 1.00000000000000e+05 
2.41633212527943e+01 1.00000000000000e+05 
2.43212294708959e+01 1.00000000000000e+05 
2.44791391765311e+01 1.00000000000000e+05 
2.46370501927731e+01 1.00000000000000e+05 
2.47949629062368e+01 1.00000000000000e+05 
2.49528766385629e+01 1.00000000000000e+05 
2.51107912664912e+01 1.00000000000000e+05 
2.52687065421895e+01 1.00000000000000e+05 
2.54266227275827e+01 1.00000000000000e+05 
2.55845402635157e+01 1.00000000000000e+05 
2.57424589006128e+01 1.00000000000000e+05 
2.59003774090588e+01 1.00000000000000e+05 
2.60582956021659e+01 1.00000000000000e+05 
2.62162142568713e+01 1.00000000000000e+05 
2.63741334755089e+01 1.00000000000000e+05 
2.65320531896202e+01 1.00000000000000e+05 
2.66899728755107e+01 1.00000000000000e+05 
2.68478922917635e+01 1.00000000000000e+05 
2.70058116301977e+01 1.00000000000000e+05 
2.71637307927613e+01 1.00000000000000e+05 
2.73216502821697e+01 1.00000000000000e+05 
2.74795690311203e+01 1.00000000000000e+05 
2.76374879055499e+01 1.00000000000000e+05 
2.77954041756501e+01 1.00000000000000e+05 
2.79533191433170e+01 1.00000000000000e+05 
2.81112322788099e+01 1.00000000000000e+05 
2.82691420252821e+01 1.00000000000000e+05 
2.84270498359011e+01 1.00000000000000e+05 
2.85849551367456e+01 1.00000000000000e+05 
2.87428577035279e+01 1.00000000000000e+05 
2.89007576935424e+01 1.00000000000000e+05 
2.90586554385742e+01 1.00000000000000e+05 
2.92165508783833e+01 1.00000000000000e+05 
2.93744443359554e+01 1.00000000000000e+05 
2.95323353920958e+01 1.00000000000000e+05 
2.96902253081402e+01 1.00000000000000e+05 
2.98481142776169e+01 1.00000000000000e+05 
3.00059979647156e+01 1.00000000000000e+05 
3.01638770985754e+01 1.00000000000000e+05 
3.03217523516603e+01 1.00000000000000e+05 
3.04796254231717e+01 1.00000000000000e+05 
3.06374979890028e+01 1.00000000000000e+05 
3.07953682566008e+01 1.00000000000000e+05 
3.09532360866590e+01 1.00000000000000e+05 
3.11111009485845e+01 1.00000000000000e+05 
3.12689642148262e+01 1.00000000000000e+05 
3.14268269801884e+01 1.00000000000000e+05 
3.15846899752751e+01 1.00000000000000e+05 
3.17425539745552e+01 1.00000000000000e+05 
3.19004203627167e+01 1.00000000000000e+05 
3.20582896401381e+01 1.00000000000000e+05 
3.22161632234601e+01 1.00000000000000e+05 
3.23740425511432e+01 1.00000000000000e+05 
3.25319290751244e+01 1.00000000000000e+05 
3.26898202982419e+01 1.00000000000000e+05 
3.28477131228900e+01 1.00000000000000e+05 
3.30056072961437e+01 1.00000000000000e+05 
3.31635023672678e+01 1.00000000000000e+05 
3.33213991393358e+01 1.00000000000000e+05 
3.34792973573956e+01 1.00000000000000e+05 
3.36371967535133e+01 1.00000000000000e+05 
3.37950973023584e+01 1.00000000000000e+05 
3.39529995672097e+01 1.00000000000000e+05 
3.41109029852060e+01 1.00000000000000e+05 
3.42688076087386e+01 1.00000000000000e+05 
3.44267132713632e+01 1.00000000000000e+05 
3.45846196509400e+01 1.00000000000000e+05 
3.47425273496765e+01 1.00000000000000e+05 
3.49004361808860e+01 1.00000000000000e+05 
3.50583454950604e+01 1.00000000000000e+05 
3.52162538750963e+01 1.00000000000000e+05 
3.53741611804014e+01 1.00000000000000e+05 
3.55320682312856e+01 1.00000000000000e+05 
3.56899754216115e+01 1.00000000000000e+05 
3.58478829107651e+01 1.00000000000000e+05 
3.60057904151544e+01 1.00000000000000e+05 
3.61636981099972e+01 1.00000000000000e+05 
3.63216068904539e+01 1.00000000000000e+05 
3.64795154283054e+01 1.00000000000000e+05 
3.66374236436593e+01 1.00000000000000e+05 
3.67953327010769e+01 1.00000000000000e+05 
3.69532427717678e+01 1.00000000000000e+05 
3.71111532244148e+01 1.00000000000000e+05 
3.72690630548262e+01 1.00000000000000e+05 
3.74269718145581e+01 1.00000000000000e+05 
3.75848778454541e+01 1.00000000000000e+05 
3.77427791017932e+01 1.00000000000000e+05 
3.79006746564164e+01 1.00000000000000e+05 
3.80585658512143e+01 1.00000000000000e+05 
3.82164521350274e+01 1.00000000000000e+05 
3.83743339522929e+01 1.00000000000000e+05 
3.85322143263643e+01 1.00000000000000e+05 
3.86900941565614e+01 1.00000000000000e+05 
3.88479738779336e+01 1.00000000000000e+05 
3.90058528607593e+01 1.00000000000000e+05 
3.91637297505779e+01 1.00000000000000e+05 
3.93216059461941e+01 1.00000000000000e+05 
3.94794833120710e+01 1.00000000000000e+05 
3.96373600136444e+01 1.00000000000000e+05 
3.97952355988724e+01 1.00000000000000e+05 
3.99531105564116e+01 1.00000000000000e+05 
4.01109853768128e+01 1.00000000000000e+05 
4.02688608742397e+01 1.00000000000000e+05 
4.04267381798270e+01 1.00000000000000e+05 
4.05846137319020e+01 1.00000000000000e+05 
4.07424858509869e+01 1.00000000000000e+05 
4.09003545163728e+01 1.00000000000000e+05 
4.10582217788816e+01 1.00000000000000e+05 
4.12160877638797e+01 1.00000000000000e+05 
4.13739537347660e+01 1.00000000000000e+05 
4.15318203524083e+01 1.00000000000000e+05 
4.16896877430492e+01 1.00000000000000e+05 
4.18475567572815e+01 1.00000000000000e+05 
4.20054296452478e+01 1.00000000000000e+05 
4.21633067849416e+01 1.00000000000000e+05 
4.23211896909693e+01 1.00000000000000e+05 
4.24790781339048e+01 1.00000000000000e+05 
4.26369644682292e+01 1.00000000000000e+05 
4.27948546539027e+01 1.00000000000000e+05 
4.29527445839470e+01 1.00000000000000e+05 
4.31106359297670e+01 1.00000000000000e+05 
4.32685306520852e+01 1.00000000000000e+05 
4.34264288504664e+01 1.00000000000000e+05 
4.35843293098335e+01 1.00000000000000e+05 
4.37422323857132e+01 1.00000000000000e+05 
4.39001362271449e+01 1.00000000000000e+05 
4.40580408935821e+01 1.00000000000000e+05 
4.42159461004656e+01 1.00000000000000e+05 
4.43738520952394e+01 1.00000000000000e+05 
4.45317586334686e+01 1.00000000000000e+05 
4.46896655731558e+01 1.00000000000000e+05 
4.48475732386247e+01 1.00000000000000e+05 
4.50054818277984e+01 1.00000000000000e+05 
4.51633912296472e+01 1.00000000000000e+05 
4.53213012689940e+01 1.00000000000000e+05 
4.54792124514439e+01 1.00000000000000e+05 
4.56371248172869e+01 1.00000000000000e+05 
4.57950380337933e+01 1.00000000000000e+05 
4.59529529680012e+01 1.00000000000000e+05 
4.61108663642278e+01 1.00000000000000e+05 
4.62687784498702e+01 1.00000000000000e+05 
4.64266899654798e+01 1.00000000000000e+05 
4.65846018793389e+01 1.00000000000000e+05 
4.67425141840204e+01 1.00000000000000e+05 
4.69004273753813e+01 1.00000000000000e+05 
4.70583412575278e+01 1.00000000000000e+05 
4.72162558287896e+01 1.00000000000000e+05 
4.73741661075397e+01 1.00000000000000e+05 
4.75320700293228e+01 1.00000000000000e+05 
4.76899693645184e+01 1.00000000000000e+05 
4.78478625125830e+01 1.00000000000000e+05 
4.80057508638390e+01 1.00000000000000e+05 
4.81636362087960e+01 1.00000000000000e+05 
4.83215191917349e+01 1.00000000000000e+05 
4.84794017791262e+01 1.00000000000000e+05 
4.86372824178603e+01 1.00000000000000e+05 
4.87951610644304e+01 1.00000000000000e+05 
4.89530401011878e+01 1.00000000000000e+05 
4.91109183405868e+01 1.00000000000000e+05 
4.92687968866861e+01 1.00000000000000e+05 
4.94266754364972e+01 1.00000000000000e+05 
4.95845515595664e+01 1.00000000000000e+05 
4.97424261075137e+01 1.00000000000000e+05 
4.99003006335041e+01 1.00000000000000e+05 
5.00581763017773e+01 1.00000000000000e+05 
5.02160540122954e+01 1.00000000000000e+05 
5.03739320513093e+01 1.00000000000000e+05 
5.05318084517488e+01 1.00000000000000e+05 
5.06896830101217e+01 1.00000000000000e+05 
5.08475554530749e+01 1.00000000000000e+05 
5.10054253922244e+01 1.00000000000000e+05 
5.11632927122317e+01 1.00000000000000e+05 
5.13211591090027e+01 1.00000000000000e+05 
5.14790271138448e+01 1.00000000000000e+05 
5.16368950153983e+01 1.00000000000000e+05 
5.17947643683201e+01 1.00000000000000e+05 
5.19526361004011e+01 1.00000000000000e+05 
5.21105113953299e+01 1.00000000000000e+05 
5.22683913894592e+01 1.00000000000000e+05 
5.24262776968112e+01 1.00000000000000e+05 
5.25841708838473e+01 1.00000000000000e+05 
5.27420666524036e+01 1.00000000000000e+05 
5.28999618489546e+01 1.00000000000000e+05 
5.30578577998667e+01 1.00000000000000e+05 
5.32157572283380e+01 1.00000000000000e+05 
5.33736576041167e+01 1.00000000000000e+05 
5.35315607809438e+01 1.00000000000000e+05 
5.36894666299000e+01 1.00000000000000e+05 
5.38473734460421e+01 1.00000000000001e+05 
5.40052812691421e+01 1.00000000000010e+05 
5.41631892761518e+01 1.00000000000211e+05 
5.43210976391154e+01 1.00000000028003e+05 
5.44790065647947e+01 1.00000000465723e+05 
5.46369153234515e+01 1.00000001120291e+05 
5.47948247591204e+01 1.00000001812676e+05 
5.49527345816088e+01 1.00000002855864e+05 
5.51106448015583e+01 1.00000004764461e+05 
5.52685553466649e+01 1.00000007648710e+05 
5.54264665842849e+01 1.00000012617491e+05 
5.55843786559346e+01 1.00000020420615e+05 
5.57422916964500e+01 1.00000031648934e+05 
5.59002049245996e+01 1.00000048953866e+05 
5.60581165652534e+01 1.00000077440658e+05 
5.62160267790978e+01 1.00000115288678e+05 
5.63739360456862e+01 1.00000172576593e+05 
5.65318446490167e+01 1.00000253519129e+05 
5.66897535039061e+01 1.00000356919506e+05 
5.68476637724107e+01 1.00000496884031e+05 
5.70055749148130e+01 1.00000694039778e+05 
5.71634862686760e+01 1.00000924244504e+05 
5.73213958959964e+01 1.00001223144786e+05 
5.74793010243427e+01 1.00001587323967e+05 
5.76372006427965e+01 1.00001991824268e+05 
5.77950939663717e+01 1.00002466958229e+05 
5.79529832749989e+01 1.00003023462043e+05 
5.81108693165340e+01 1.00003594495296e+05 
5.82687509560842e+01 1.00004238805735e+05 
5.84266313769464e+01 1.00004927991598e+05 
5.85845125473362e+01 1.00005597578671e+05 
5.87423932111164e+01 1.00006290569621e+05 
5.89002729936823e+01 1.00006980362050e+05 
5.90581527151859e+01 1.00007628549025e+05 
5.92160322137457e+01 1.00008273553975e+05 
5.93739114996228e+01 1.00008887666514e+05 
5.95317886882425e+01 1.00009415614491e+05 
5.96896638636060e+01 1.00009875103032e+05 
5.98475378197668e+01 1.00010223969993e+05 
6.00054119865173e+01 1.00010514569113e+05 
6.01632862541559e+01 1.00010714107182e+05 
6.03211632133958e+01 1.00010827730683e+05 
6.04790393685606e+01 1.00010853586610e+05 
6.06369130750726e+01 1.00010739715659e+05 
6.07947845152142e+01 1.00010504733981e+05 
6.09526543879465e+01 1.00010251907501e+05 
6.11105223433906e+01 1.00009866832737e+05 
6.12683891572993e+01 1.00009409405046e+05 
6.14262556334736e+01 1.00008926925733e+05 
6.15841213812268e+01 1.00008305145450e+05 
6.17419872970758e+01 1.00007575942917e+05 
6.18998556369791e+01 1.00006851794420e+05 
6.20577270573682e+01 1.00006001743626e+05 
6.22156028064752e+01 1.00005099193747e+05 
6.23734839507439e+01 1.00004231472401e+05 
6.25313719458757e+01 1.00003255672486e+05 
6.26892653364233e+01 1.00002196319331e+05 
6.28471589494630e+01 1.00001133733707e+05 
6.30050539658638e+01 9.99999703536520e+04 
6.31629516032019e+01 9.99987815757694e+04 
6.33208526762621e+01 9.99976780571338e+04 
6.34787557016783e+01 9.99965193736452e+04 
6.36366621209855e+01 9.99953219059070e+04 
6.37945707388512e+01 9.99941078410776e+04 
6.39524799651022e+01 9.99928363697976e+04 
6.41103898945289e+01 9.99915740255990e+04 
6.42682996768123e+01 9.99904318515998e+04 
6.44262099946042e+01 9.99893017881105e+04 
6.45841203235132e+01 9.99882117546081e+04 
6.47420308141056e+01 9.99871099985572e+04 
6.48999413857551e+01 9.99860238309480e+04 
6.50578522130705e+01 9.99850109991238e+04 
6.52157621383260e+01 9.99841596629050e+04 
6.53736716684331e+01 9.99834357279942e+04 
6.55315818735089e+01 9.99828827772690e+04 
6.56894924466357e+01 9.99823614047812e+04 
6.58474019305714e+01 9.99819838575723e+04 
6.60053094171804e+01 9.99817681671102e+04 
6.61632151021049e+01 9.99817310807501e+04 
6.63211194929648e+01 9.99819516953166e+04 
6.64790238951629e+01 9.99824298825105e+04 
6.66369283078166e+01 9.99829528143057e+04 
6.67948331393927e+01 9.99837175623302e+04 
6.69527394440034e+01 9.99846717439144e+04 
6.71106470639483e+01 9.99856968881902e+04 
6.72685553183821e+01 9.99869830248534e+04 
6.74264597024061e+01 9.99884754409564e+04 
6.75843590419925e+01 9.99899506858611e+04 
6.77422535684911e+01 9.99916442081923e+04 
6.79001426201263e+01 9.99934535548914e+04 
6.80580282864847e+01 9.99951654850880e+04 
6.82159111158328e+01 9.99970233520728e+04 
6.83737930861987e+01 9.99989664658201e+04 
6.85316731580176e+01 1.00000870813856e+05 
6.86895517906449e+01 1.00002905404650e+05 
6.88474307150474e+01 1.00004949857975e+05 
6.90053081989569e+01 1.00006777842806e+05 
6.91631854542290e+01 1.00008594033646e+05 
6.93210605590817e+01 1.00010342844300e+05 
6.94789329603387e+01 1.00012038782918e+05 
6.96368026296308e+01 1.00013705103256e+05 
6.97946722052352e+01 1.00015246853670e+05 
6.99525422636531e+01 1.00016509911947e+05 
7.01104134175452e+01 1.00017603572963e+05 
7.02682863349460e+01 1.00018464940889e+05 
7.04261613776249e+01 1.00019300868170e+05 
7.05840389189998e+01 1.00019976805273e+05 
7.07419152096647e+01 1.00020450165384e+05 
7.08997875851045e+01 1.00020686558684e+05 
7.10576561988164e+01 1.00020642247759e+05 
7.12155224399363e+01 1.00020316620422e+05 
7.13733888211252e+01 1.00019994313047e+05 
7.15312552146323e+01 1.00019424124068e+05 
7.16891217538037e+01 1.00018637979005e+05 
7.18469894024299e+01 1.00017756689384e+05 
7.20048591249784e+01 1.00016608231242e+05 
7.21627323468697e+01 1.00015210788829e+05 
7.23206109024455e+01 1.00013817990461e+05 
7.24784954490941e+01 1.00012186332006e+05 
7.26363845290400e+01 1.00010392563783e+05 
7.27942734676224e+01 1.00008669971758e+05 
7.29521620226019e+01 1.00006765837253e+05 
7.31100537643340e+01 1.00004717466882e+05 
7.32679464204612e+01 1.00002683349310e+05 
7.34258410448585e+01 1.00000478745644e+05 
7.35837409539245e+01 9.99982137423437e+04 
7.37416437257822e+01 9.99961645122543e+04 
7.38995475254834e+01 9.99940920039829e+04 
7.40574552767677e+01 9.99920318300010e+04 
7.42153656889771e+01 9.99899841069554e+04 
7.43732764020060e+01 9.99878969924062e+04 
7.45311875013272e+01 9.99858832408941e+04 
7.46890982702211e+01 9.99841691464318e+04 
7.48470091952905e+01 9.99826104951219e+04 
7.50049203089887e+01 9.99812503541440e+04 
7.51628314776675e+01 9.99799235472048e+04 
7.53207423108823e+01 9.99787177435745e+04 
7.54786534052723e+01 9.99777004417423e+04 
7.56365652919325e+01 9.99769733943793e+04 
7.57944760696322e+01 9.99765752679672e+04 
7.59523842322763e+01 9.99764772725498e+04 
7.61102907052860e+01 9.99764150991253e+04 
7.62681956345978e+01 9.99765699978391e+04 
7.64260997846199e+01 9.99769477219048e+04 
7.65840035006254e+01 9.99774933249590e+04 
7.67419079524643e+01 9.99783799489079e+04 
7.68998130220342e+01 9.99795405286060e+04 
7.70577190529444e+01 9.99807087308252e+04 
7.72156246322281e+01 9.99821279932248e+04 
7.73735304351853e+01 9.99837193889947e+04 
7.75314321962536e+01 9.99852962674005e+04 
7.76893280918668e+01 9.99871196453193e+04 
7.78472194406838e+01 9.99891373903535e+04 
7.80051082848022e+01 9.99911455807236e+04 
7.81629925315635e+01 9.99933320260583e+04 
7.83208748693117e+01 9.99955921369486e+04 
7.84787573742400e+01 9.99976618319283e+04 
7.86366399901977e+01 9.99997969327693e+04 
7.87945213840157e+01 1.00001949785845e+05 
7.89524022580153e+01 1.00004100022601e+05 
7.91102822345851e+01 1.00006299397901e+05 
7.92681598504246e+01 1.00008454085904e+05 
7.94260346032737e+01 1.00010315554002e+05 
7.95839065415183e+01 1.00012056362345e+05 
7.97417762739281e+01 1.00013646017246e+05 
7.98996452426869e+01 1.00015228425592e+05 
8.00575144475735e+01 1.00016742865679e+05 
8.02153853484350e+01 1.00018117931107e+05 
8.03732595753060e+01 1.00019210996295e+05 
8.05311360044327e+01 1.00020036814636e+05 
8.06890123775687e+01 1.00020576699542e+05 
8.08468842047536e+01 1.00021122216493e+05 
8.10047525333100e+01 1.00021498077246e+05 
8.11626191499556e+01 1.00021690821010e+05 
8.13204847650461e+01 1.00021665631779e+05 
8.14783488435453e+01 1.00021311493864e+05 
8.16362118439805e+01 1.00020653838938e+05 
8.17940760681954e+01 1.00020003397508e+05 
8.19519420697887e+01 1.00019131357600e+05 
8.21098112939899e+01 1.00018079426969e+05 
8.22676847318654e+01 1.00016979589161e+05 
8.24255638214298e+01 1.00015604750739e+05 
8.25834499430324e+01 1.00013988057325e+05 
8.27413394366513e+01 1.00012357453453e+05 
8.28992294477559e+01 1.00010542530836e+05 
8.30571223195795e+01 1.00008610699356e+05 
8.32150170578953e+01 1.00006783354865e+05 
8.33729147817309e+01 1.00004809759422e+05 
8.35308144311052e+01 1.00002727858643e+05 
8.36887168341859e+01 1.00000635002991e+05 
8.38466229777523e+01 9.99984361554611e+04 
8.40045316549114e+01 9.99962064877810e+04 
8.41624411095586e+01 9.99942091277973e+04 
8.43203503968559e+01 9.99922462303288e+04 
8.44782605557664e+01 9.99903535983616e+04 
8.46361711006565e+01 9.99884655402301e+04 
8.47940815795453e+01 9.99865831957285e+04 
8.49519911103720e+01 9.99847817754050e+04 
8.51098990973984e+01 9.99832769130232e+04 
8.52678065112851e+01 9.99819931147915e+04 
8.54257138686154e+01 9.99809635877078e+04 
8.55836217801970e+01 9.99799501213328e+04 
8.57415292183254e+01 9.99790616337559e+04 
8.58994341398339e+01 9.99783350246636e+04 
8.60573367332196e+01 9.99778645326332e+04 
8.62152374038746e+01 9.99777372725058e+04 
8.63731375811182e+01 9.99779244604372e+04 
8.65310375987192e+01 9.99781439976139e+04 
8.66889375552248e+01 9.99785534853579e+04 
8.68468385039286e+01 9.99791438026296e+04 
8.70047412609430e+01 9.99798671849011e+04 
8.71626443614392e+01 9.99809069666947e+04 
8.73205479962068e+01 9.99822290342276e+04 
8.74784503206073e+01 9.99835631026278e+04 
8.76363495572885e+01 9.99851068418307e+04 
8.77942431849901e+01 9.99867828463635e+04 
8.79521325309210e+01 9.99884004881915e+04 
8.81100185611205e+01 9.99902381893652e+04 
8.82679028525337e+01 9.99922301025851e+04 
8.84257843073351e+01 9.99942172144400e+04 
8.85836638116007e+01 9.99963344532081e+04 
8.87415446242167e+01 9.99984868039929e+04 
8.88994240315965e+01 1.00000420832519e+05 
8.90573022819536e+01 1.00002390130633e+05 
8.92151767527825e+01 1.00004334592199e+05 
8.93730477224399e+01 1.00006278762018e+05 
8.95309156458027e+01 1.00008244893093e+05 
8.96887826912112e+01 1.00010151037193e+05 
8.98466499713213e+01 1.00011767457912e+05 
9.00045176380459e+01 1.00013248282361e+05 
9.01623865154936e+01 1.00014548290529e+05 
9.03202569356564e+01 1.00015873203240e+05 
9.04781297063303e+01 1.00017112720875e+05 
9.06360054524564e+01 1.00018220801342e+05 
9.07938823357972e+01 1.00019054101405e+05 
9.09517541470789e+01 1.00019614854906e+05 
9.11096225648372e+01 1.00019914509818e+05 
9.12674903529327e+01 1.00020249467339e+05 
9.14253570626701e+01 1.00020406934309e+05 
9.15832226822998e+01 1.00020396367812e+05 
9.17410881565195e+01 1.00020205845934e+05 
9.18989546135373e+01 1.00019683716646e+05 
9.20568232887804e+01 1.00018892300747e+05 
9.22146961573564e+01 1.00018130798541e+05 
9.23725738596910e+01 1.00017158039699e+05 
9.25304579588404e+01 1.00016031122595e+05 
9.26883440768282e+01 1.00014870175754e+05 
9.28462302163992e+01 1.00013435722814e+05 
9.30041188904351e+01 1.00011790622706e+05 
9.31620089406748e+01 1.00010149444435e+05 
9.33199003766930e+01 1.00008325712378e+05 
9.34777965434557e+01 1.00006399754997e+05 
9.36356962709857e+01 1.00004612183570e+05 
9.37935970223798e+01 1.00002659970911e+05 
9.39515016043418e+01 1.00000639602393e+05 
9.41094095639123e+01 9.99986061298527e+04 
9.42673176496791e+01 9.99964959366557e+04 
9.44252272261732e+01 9.99943797882327e+04 
9.45831367419679e+01 9.99925228457156e+04 
9.47410472060425e+01 9.99906944558435e+04 
9.48989573503301e+01 9.99889703829503e+04 
9.50568658739766e+01 9.99872325420852e+04 
9.52147728697819e+01 9.99855526716992e+04 
9.53726794597599e+01 9.99839825140372e+04 
9.55305867647987e+01 9.99827134974133e+04 
9.56884942753968e+01 9.99816675192064e+04 
9.58463997516093e+01 9.99808924990798e+04 
9.60043026249207e+01 9.99800848268594e+04 
9.61622035600294e+01 9.99794736596643e+04 
9.63201032160052e+01 9.99790394599203e+04 
9.64780023140949e+01 9.99788379295390e+04 
9.66359014564617e+01 9.99789983616641e+04 
9.67938016196219e+01 9.99794601663458e+04 
9.69517021660862e+01 9.99798932523592e+04 
9.71096039307884e+01 9.99805628242359e+04 
9.72675053659434e+01 9.99814013191936e+04 
9.74254084969254e+01 9.99823358420909e+04 
9.75833089937247e+01 9.99836128846947e+04 
9.77412039501997e+01 9.99851231191801e+04 
9.78990956464850e+01 9.99866084695724e+04 
9.80569824734498e+01 9.99883088880078e+04 
9.82148662686850e+01 9.99901210172266e+04 
9.83727491375352e+01 9.99918395202969e+04 
9.85306321990684e+01 9.99937604916403e+04 
9.86885141869873e+01 9.99957835130508e+04 
9.88463960415929e+01 9.99978033768262e+04 
9.90042760737878e+01 9.99999254291270e+04 
9.91621528526767e+01 1.00002056615911e+05 
9.93200261516929e+01 1.00003942079207e+05 
9.94778958586317e+01 1.00005851976433e+05 
9.96357631314534e+01 1.00007701009953e+05 
9.97936285106285e+01 1.00009576066688e+05 
9.99514940149456e+01 1.00011409961181e+05 
1.00109360548212e+02 1.00013157312409e+05 
