# Liste des scalaires : TEMPS pmat 
0.00000000000000e+00 1.00000000000000e+05 
1.58013544018059e-01 1.00000000000000e+05 
3.16027088036117e-01 1.00000000000000e+05 
4.74040632054176e-01 1.00000000000000e+05 
6.32054176072234e-01 1.00000000000000e+05 
7.90067720090293e-01 1.00000000000000e+05 
9.48081264108351e-01 1.00000000000000e+05 
1.10609480812641e+00 1.00000000000000e+05 
1.26410835214447e+00 1.00000000000000e+05 
1.42212189616253e+00 1.00000000000000e+05 
1.58013544018058e+00 1.00000000000000e+05 
1.73814898419864e+00 1.00000000000000e+05 
1.89616252821670e+00 1.00000000000000e+05 
2.05417607223476e+00 1.00000000000000e+05 
2.21218961625282e+00 1.00000000000000e+05 
2.37020316027088e+00 1.00000000000000e+05 
2.52821670428893e+00 1.00000000000000e+05 
2.68623024830699e+00 1.00000000000000e+05 
2.84424379232505e+00 1.00000000000000e+05 
3.00225733634311e+00 1.00000000000000e+05 
3.16027088036116e+00 1.00000000000000e+05 
3.31828442437922e+00 1.00000000000000e+05 
3.47629796839728e+00 1.00000000000000e+05 
3.63431151241534e+00 1.00000000000000e+05 
3.79232505643340e+00 1.00000000000000e+05 
3.95033860045145e+00 1.00000000000000e+05 
4.10835214446951e+00 1.00000000000000e+05 
4.26636568848757e+00 1.00000000000000e+05 
4.42437923250563e+00 1.00000000000000e+05 
4.58239277652368e+00 1.00000000000000e+05 
4.74040632054174e+00 1.00000000000000e+05 
4.89841986455980e+00 1.00000000000000e+05 
5.05643340857771e+00 1.00000000000000e+05 
5.21444695259555e+00 1.00000000000000e+05 
5.37246049661106e+00 1.00000000000000e+05 
5.53047404062163e+00 1.00000000000000e+05 
5.68848758460807e+00 1.00000000000000e+05 
5.84650112860433e+00 1.00000000000000e+05 
6.00451467131846e+00 1.00000000000000e+05 
6.16252820860419e+00 1.00000000000000e+05 
6.32054173855849e+00 1.00000000000000e+05 
6.47855526263600e+00 1.00000000000000e+05 
6.63656878322570e+00 1.00000000000000e+05 
6.79458230116958e+00 1.00000000000000e+05 
6.95259581572868e+00 1.00000000000000e+05 
7.11060926486710e+00 1.00000000000000e+05 
7.26862123211782e+00 1.00000000000000e+05 
7.42662869286748e+00 1.00000000000000e+05 
7.58462797993242e+00 1.00000000000000e+05 
7.74261562363004e+00 1.00000000000000e+05 
7.90058972087802e+00 1.00000000000000e+05 
8.05854876760864e+00 1.00000000000000e+05 
8.21649327583521e+00 1.00000000000000e+05 
8.37442375590179e+00 1.00000000000000e+05 
8.53234121474706e+00 1.00000000000000e+05 
8.69024692780629e+00 1.00000000000000e+05 
8.84814294511368e+00 1.00000000000000e+05 
9.00603027516490e+00 1.00000000000000e+05 
9.16391060602912e+00 1.00000000000000e+05 
9.32178516379403e+00 1.00000000000000e+05 
9.47965513838773e+00 1.00000000000000e+05 
9.63751817790166e+00 1.00000000000000e+05 
9.79537550224774e+00 1.00000000000000e+05 
9.95322697641788e+00 1.00000000000000e+05 
1.01110732028936e+01 1.00000000000000e+05 
1.02689146274544e+01 1.00000000000000e+05 
1.04267523201822e+01 1.00000000000000e+05 
1.05845878187241e+01 1.00000000000000e+05 
1.07424234235056e+01 1.00000000000000e+05 
1.09002605183067e+01 1.00000000000000e+05 
1.10581011989153e+01 1.00000000000000e+05 
1.12159469760981e+01 1.00000000000000e+05 
1.13737958277871e+01 1.00000000000000e+05 
1.15316485112955e+01 1.00000000000000e+05 
1.16895059234703e+01 1.00000000000000e+05 
1.18473678135275e+01 1.00000000000000e+05 
1.20052343190564e+01 1.00000000000000e+05 
1.21631037930394e+01 1.00000000000000e+05 
1.23209755736488e+01 1.00000000000000e+05 
1.24788506295067e+01 1.00000000000000e+05 
1.26367295773036e+01 1.00000000000000e+05 
1.27946116815903e+01 1.00000000000000e+05 
1.29524970895918e+01 1.00000000000000e+05 
1.31103853882209e+01 1.00000000000000e+05 
1.32682764852580e+01 1.00000000000000e+05 
1.34261706139616e+01 1.00000000000000e+05 
1.35840685957871e+01 1.00000000000000e+05 
1.37419698795382e+01 1.00000000000000e+05 
1.38998748238769e+01 1.00000000000000e+05 
1.40577825863761e+01 1.00000000000000e+05 
1.42156900780669e+01 1.00000000000000e+05 
1.43735971547495e+01 1.00000000000000e+05 
1.45315042337418e+01 1.00000000000000e+05 
1.46894115576050e+01 1.00000000000000e+05 
1.48473186395545e+01 1.00000000000000e+05 
1.50052256719272e+01 1.00000000000000e+05 
1.51631330578148e+01 1.00000000000000e+05 
1.53210408171837e+01 1.00000000000000e+05 
1.54789489338296e+01 1.00000000000000e+05 
1.56368576354914e+01 1.00000000000000e+05 
1.57947669611646e+01 1.00000000000000e+05 
1.59526770505537e+01 1.00000000000000e+05 
1.61105878565459e+01 1.00000000000000e+05 
1.62684993007154e+01 1.00000000000000e+05 
1.64264117696543e+01 1.00000000000000e+05 
1.65843252894251e+01 1.00000000000000e+05 
1.67422394503545e+01 1.00000000000000e+05 
1.69001543231263e+01 1.00000000000000e+05 
1.70580702178261e+01 1.00000000000000e+05 
1.72159869071440e+01 1.00000000000000e+05 
1.73739045484328e+01 1.00000000000000e+05 
1.75318230870977e+01 1.00000000000000e+05 
1.76897420386758e+01 1.00000000000000e+05 
1.78476617082648e+01 1.00000000000000e+05 
1.80055822852594e+01 1.00000000000000e+05 
1.81635032871374e+01 1.00000000000000e+05 
1.83214252006964e+01 1.00000000000000e+05 
1.84793480458620e+01 1.00000000000000e+05 
1.86372715456650e+01 1.00000000000000e+05 
1.87951957601081e+01 1.00000000000000e+05 
1.89531209484135e+01 1.00000000000000e+05 
1.91110441089809e+01 1.00000000000000e+05 
1.92689571504680e+01 1.00000000000000e+05 
1.94268607791625e+01 1.00000000000000e+05 
1.95847566159270e+01 1.00000000000000e+05 
1.97426455229279e+01 1.00000000000000e+05 
1.99005279081235e+01 1.00000000000000e+05 
2.00584049686281e+01 1.00000000000000e+05 
2.02162789927353e+01 1.00000000000000e+05 
2.03741510118332e+01 1.00000000000000e+05 
2.05320225312322e+01 1.00000000000000e+05 
2.06898943694514e+01 1.00000000000000e+05 
2.08477672335517e+01 1.00000000000000e+05 
2.10056381883608e+01 1.00000000000000e+05 
2.11635073392954e+01 1.00000000000000e+05 
2.13213744206154e+01 1.00000000000000e+05 
2.14792406064660e+01 1.00000000000000e+05 
2.16371055052497e+01 1.00000000000000e+05 
2.17949698598769e+01 1.00000000000000e+05 
2.19528346543289e+01 1.00000000000000e+05 
2.21107022379036e+01 1.00000000000000e+05 
2.22685735446671e+01 1.00000000000000e+05 
2.24264499128177e+01 1.00000000000000e+05 
2.25843313783613e+01 1.00000000000000e+05 
2.27422178371839e+01 1.00000000000000e+05 
2.29001082195325e+01 1.00000000000000e+05 
2.30580026165052e+01 1.00000000000000e+05 
2.32159006750456e+01 1.00000000000000e+05 
2.33738008250518e+01 1.00000000000000e+05 
2.35317021841015e+01 1.00000000000000e+05 
2.36896047805334e+01 1.00000000000000e+05 
2.38475089535193e+01 1.00000000000000e+05 
2.40054144059897e+01 1.00000000000000e+05 
2.41633212527943e+01 1.00000000000000e+05 
2.43212294708959e+01 1.00000000000000e+05 
2.44791391765311e+01 1.00000000000000e+05 
2.46370501927731e+01 1.00000000000000e+05 
2.47949629062368e+01 1.00000000000000e+05 
2.49528766385629e+01 1.00000000000000e+05 
2.51107912664912e+01 1.00000000000000e+05 
2.52687065421895e+01 1.00000000000000e+05 
2.54266227275827e+01 1.00000000000000e+05 
2.55845402635157e+01 1.00000000000000e+05 
2.57424589006128e+01 1.00000000000000e+05 
2.59003774090588e+01 1.00000000000000e+05 
2.60582956021659e+01 1.00000000000000e+05 
2.62162142568713e+01 1.00000000000000e+05 
2.63741334755089e+01 1.00000000000000e+05 
2.65320531896202e+01 1.00000000000000e+05 
2.66899728755107e+01 1.00000000000000e+05 
2.68478922917635e+01 1.00000000000000e+05 
2.70058116301977e+01 1.00000000000000e+05 
2.71637307927613e+01 1.00000000000000e+05 
2.73216502821697e+01 1.00000000000000e+05 
2.74795690311203e+01 1.00000000000000e+05 
2.76374879055499e+01 1.00000000000000e+05 
2.77954041756501e+01 1.00000000000000e+05 
2.79533191433170e+01 1.00000000000000e+05 
2.81112322788099e+01 1.00000000000000e+05 
2.82691420252821e+01 1.00000000000000e+05 
2.84270498359011e+01 1.00000000000000e+05 
2.85849551367456e+01 1.00000000000000e+05 
2.87428577035279e+01 1.00000000000000e+05 
2.89007576935424e+01 1.00000000000000e+05 
2.90586554385742e+01 1.00000000000000e+05 
2.92165508783833e+01 1.00000000000000e+05 
2.93744443359554e+01 1.00000000000000e+05 
2.95323353920958e+01 1.00000000000000e+05 
2.96902253081402e+01 1.00000000000000e+05 
2.98481142776169e+01 1.00000000000000e+05 
3.00059979647156e+01 1.00000000000000e+05 
3.01638770985754e+01 1.00000000000000e+05 
3.03217523516603e+01 1.00000000000000e+05 
3.04796254231717e+01 1.00000000000000e+05 
3.06374979890028e+01 1.00000000000000e+05 
3.07953682566008e+01 1.00000000000000e+05 
3.09532360866590e+01 1.00000000000000e+05 
3.11111009485845e+01 1.00000000000000e+05 
3.12689642148262e+01 1.00000000000000e+05 
3.14268269801884e+01 1.00000000000000e+05 
3.15846899752751e+01 1.00000000000000e+05 
3.17425539745552e+01 1.00000000000000e+05 
3.19004203627167e+01 1.00000000000000e+05 
3.20582896401381e+01 1.00000000000000e+05 
3.22161632234601e+01 1.00000000000000e+05 
3.23740425511432e+01 1.00000000000000e+05 
3.25319290751244e+01 1.00000000000000e+05 
3.26898202982419e+01 1.00000000000000e+05 
3.28477131228900e+01 1.00000000000000e+05 
3.30056072961437e+01 1.00000000000000e+05 
3.31635023672678e+01 1.00000000000000e+05 
3.33213991393358e+01 1.00000000000000e+05 
3.34792973573956e+01 1.00000000000000e+05 
3.36371967535133e+01 1.00000000000000e+05 
3.37950973023584e+01 1.00000000000000e+05 
3.39529995672097e+01 1.00000000000000e+05 
3.41109029852060e+01 1.00000000000000e+05 
3.42688076087386e+01 1.00000000000000e+05 
3.44267132713632e+01 1.00000000000000e+05 
3.45846196509400e+01 1.00000000000000e+05 
3.47425273496765e+01 1.00000000000000e+05 
3.49004361808860e+01 1.00000000000000e+05 
3.50583454950604e+01 1.00000000000000e+05 
3.52162538750963e+01 1.00000000000000e+05 
3.53741611804014e+01 1.00000000000000e+05 
3.55320682312856e+01 1.00000000000000e+05 
3.56899754216115e+01 1.00000000000000e+05 
3.58478829107651e+01 1.00000000000000e+05 
3.60057904151544e+01 1.00000000000000e+05 
3.61636981099972e+01 1.00000000000000e+05 
3.63216068904539e+01 1.00000000000000e+05 
3.64795154283054e+01 1.00000000000000e+05 
3.66374236436593e+01 1.00000000000000e+05 
3.67953327010769e+01 1.00000000000000e+05 
3.69532427717678e+01 1.00000000000001e+05 
3.71111532244148e+01 1.00000000000026e+05 
3.72690630548262e+01 1.00000000000055e+05 
3.74269718145581e+01 1.00000000000116e+05 
3.75848778454541e+01 1.00000000005915e+05 
3.77427791017932e+01 1.00000000195886e+05 
3.79006746564164e+01 1.00000000516115e+05 
3.80585658512143e+01 1.00000000709498e+05 
3.82164521350274e+01 1.00000001209535e+05 
3.83743339522929e+01 1.00000001976124e+05 
3.85322143263643e+01 1.00000002865401e+05 
3.86900941565614e+01 1.00000004365685e+05 
3.88479738779336e+01 1.00000007221940e+05 
3.90058528607593e+01 1.00000011419044e+05 
3.91637297505779e+01 1.00000017877011e+05 
3.93216059461941e+01 1.00000027303978e+05 
3.94794833120710e+01 1.00000040178266e+05 
3.96373600136444e+01 1.00000058328366e+05 
3.97952355988724e+01 1.00000086482505e+05 
3.99531105564116e+01 1.00000126505936e+05 
4.01109853768128e+01 1.00000182680821e+05 
4.02688608742397e+01 1.00000258362338e+05 
4.04267381798270e+01 1.00000354407319e+05 
4.05846137319020e+01 1.00000479850106e+05 
4.07424858509869e+01 1.00000653539927e+05 
4.09003545163728e+01 1.00000873861938e+05 
4.10582217788816e+01 1.00001145832129e+05 
4.12160877638797e+01 1.00001475007047e+05 
4.13739537347660e+01 1.00001851145552e+05 
4.15318203524083e+01 1.00002297612483e+05 
4.16896877430492e+01 1.00002828428956e+05 
4.18475567572815e+01 1.00003406561420e+05 
4.20054296452478e+01 1.00004001997590e+05 
4.21633067849416e+01 1.00004627883827e+05 
4.23211896909693e+01 1.00005260665735e+05 
4.24790781339048e+01 1.00005951580453e+05 
4.26369644682292e+01 1.00006663097833e+05 
4.27948546539027e+01 1.00007308043486e+05 
4.29527445839470e+01 1.00007850236238e+05 
4.31106359297670e+01 1.00008348584460e+05 
4.32685306520852e+01 1.00008826581970e+05 
4.34264288504664e+01 1.00009364324704e+05 
4.35843293098335e+01 1.00009874457191e+05 
4.37422323857132e+01 1.00010264466824e+05 
4.39001362271449e+01 1.00010529954627e+05 
4.40580408935821e+01 1.00010726527456e+05 
4.42159461004656e+01 1.00010917516795e+05 
4.43738520952394e+01 1.00011181610026e+05 
4.45317586334686e+01 1.00011419221039e+05 
4.46896655731558e+01 1.00011532042107e+05 
4.48475732386247e+01 1.00011497739265e+05 
4.50054818277984e+01 1.00011341026936e+05 
4.51633912296472e+01 1.00011163066488e+05 
4.53213012689940e+01 1.00011022803406e+05 
4.54792124514439e+01 1.00010822890953e+05 
4.56371248172869e+01 1.00010487806752e+05 
4.57950380337933e+01 1.00009989514406e+05 
4.59529529680012e+01 1.00009314236207e+05 
4.61108663642278e+01 1.00008570744294e+05 
4.62687784498702e+01 1.00007808788961e+05 
4.64266899654798e+01 1.00006967235324e+05 
4.65846018793389e+01 1.00006041484755e+05 
4.67425141840204e+01 1.00005040896649e+05 
4.69004273753813e+01 1.00003869364043e+05 
4.70583412575278e+01 1.00002640035726e+05 
4.72162558287896e+01 1.00001340934559e+05 
4.73741661075397e+01 9.99999935427906e+04 
4.75320700293228e+01 9.99986813057289e+04 
4.76899693645184e+01 9.99974464498579e+04 
4.78478625125830e+01 9.99961156876767e+04 
4.80057508638390e+01 9.99947490511407e+04 
4.81636362087960e+01 9.99933024973456e+04 
4.83215191917349e+01 9.99918704865234e+04 
4.84794017791262e+01 9.99906649338831e+04 
4.86372824178603e+01 9.99897117860325e+04 
4.87951610644304e+01 9.99887989499146e+04 
4.89530401011878e+01 9.99879349808061e+04 
4.91109183405868e+01 9.99870151919335e+04 
4.92687968866861e+01 9.99862215961483e+04 
4.94266754364972e+01 9.99857981672423e+04 
4.95845515595664e+01 9.99857360348584e+04 
4.97424261075137e+01 9.99858489735173e+04 
4.99003006335041e+01 9.99860403162281e+04 
5.00581763017773e+01 9.99861906497189e+04 
5.02160540122954e+01 9.99864508225387e+04 
5.03739320513093e+01 9.99870273418702e+04 
5.05318084517488e+01 9.99878651081572e+04 
5.06896830101217e+01 9.99888719588538e+04 
5.08475554530749e+01 9.99899045062949e+04 
5.10054253922244e+01 9.99908722964288e+04 
5.11632927122317e+01 9.99918198680400e+04 
5.13211591090027e+01 9.99929155399101e+04 
5.14790271138448e+01 9.99940846322944e+04 
5.16368950153983e+01 9.99953898311547e+04 
5.17947643683201e+01 9.99967305845024e+04 
5.19526361004011e+01 9.99980403642818e+04 
5.21105113953299e+01 9.99992541539821e+04 
5.22683913894592e+01 1.00000451617393e+05 
5.24262776968112e+01 1.00001555112382e+05 
5.25841708838473e+01 1.00002721809419e+05 
5.27420666524036e+01 1.00003911108138e+05 
5.28999618489546e+01 1.00005073881044e+05 
5.30578577998667e+01 1.00006101080150e+05 
5.32157572283380e+01 1.00006969775451e+05 
5.33736576041167e+01 1.00007636605719e+05 
5.35315607809438e+01 1.00008309983611e+05 
5.36894666299000e+01 1.00008973809949e+05 
5.38473734460421e+01 1.00009622584981e+05 
5.40052812691421e+01 1.00010118017594e+05 
5.41631892761518e+01 1.00010375291044e+05 
5.43210976391154e+01 1.00010379974224e+05 
5.44790065647947e+01 1.00010303391170e+05 
5.46369153234515e+01 1.00010154781304e+05 
5.47948247591204e+01 1.00009965524569e+05 
5.49527345816088e+01 1.00009631179599e+05 
5.51106448015583e+01 1.00009063536960e+05 
5.52685553466649e+01 1.00008300700283e+05 
5.54264665842849e+01 1.00007415568040e+05 
5.55843786559346e+01 1.00006450127770e+05 
5.57422916964500e+01 1.00005448842208e+05 
5.59002049245996e+01 1.00004362606596e+05 
5.60581165652534e+01 1.00003137643151e+05 
5.62160267790978e+01 1.00001859908613e+05 
5.63739360456862e+01 1.00000476273434e+05 
5.65318446490167e+01 9.99990357490909e+04 
5.66897535039061e+01 9.99975774218000e+04 
5.68476637724107e+01 9.99961501345179e+04 
5.70055749148130e+01 9.99947622392333e+04 
5.71634862686760e+01 9.99935217632977e+04 
5.73213958959964e+01 9.99922516918610e+04 
5.74793010243427e+01 9.99909556772574e+04 
5.76372006427965e+01 9.99896486260098e+04 
5.77950939663717e+01 9.99884576402875e+04 
5.79529832749989e+01 9.99874308957655e+04 
5.81108693165340e+01 9.99866485656341e+04 
5.82687509560842e+01 9.99859066411685e+04 
5.84266313769464e+01 9.99851720211671e+04 
5.85845125473362e+01 9.99844242126879e+04 
5.87423932111164e+01 9.99838156419178e+04 
5.89002729936823e+01 9.99834355151014e+04 
5.90581527151859e+01 9.99833214811963e+04 
5.92160322137457e+01 9.99833293521371e+04 
5.93739114996228e+01 9.99833968015899e+04 
5.95317886882425e+01 9.99834692861392e+04 
5.96896638636060e+01 9.99836973569909e+04 
5.98475378197668e+01 9.99840943865552e+04 
6.00054119865173e+01 9.99847140388659e+04 
6.01632862541559e+01 9.99854822236046e+04 
6.03211632133958e+01 9.99863219686637e+04 
6.04790393685606e+01 9.99871634952192e+04 
6.06369130750726e+01 9.99880765153032e+04 
6.07947845152142e+01 9.99891300388179e+04 
6.09526543879465e+01 9.99902504275987e+04 
6.11105223433906e+01 9.99915382781573e+04 
6.12683891572993e+01 9.99929096406778e+04 
6.14262556334736e+01 9.99943141017360e+04 
6.15841213812268e+01 9.99957219134446e+04 
6.17419872970758e+01 9.99971315144812e+04 
6.18998556369791e+01 9.99984520129545e+04 
6.20577270573682e+01 9.99998797830287e+04 
6.22156028064752e+01 1.00001368587507e+05 
6.23734839507439e+01 1.00002893803728e+05 
6.25313719458757e+01 1.00004371292778e+05 
6.26892653364233e+01 1.00005690820865e+05 
6.28471589494630e+01 1.00006799762663e+05 
6.30050539658638e+01 1.00007944096478e+05 
6.31629516032019e+01 1.00009115585553e+05 
6.33208526762621e+01 1.00010324028750e+05 
6.34787557016783e+01 1.00011427870811e+05 
6.36366621209855e+01 1.00012263017563e+05 
6.37945707388512e+01 1.00012812380837e+05 
6.39524799651022e+01 1.00013306532952e+05 
6.41103898945289e+01 1.00013755186212e+05 
6.42682996768123e+01 1.00014232193124e+05 
6.44262099946042e+01 1.00014588891449e+05 
6.45841203235132e+01 1.00014626560212e+05 
6.47420308141056e+01 1.00014385596354e+05 
6.48999413857551e+01 1.00014008638765e+05 
6.50578522130705e+01 1.00013565000695e+05 
6.52157621383260e+01 1.00013156659167e+05 
6.53736716684331e+01 1.00012651765511e+05 
6.55315818735089e+01 1.00011898199117e+05 
6.56894924466357e+01 1.00010950923461e+05 
6.58474019305714e+01 1.00009856404022e+05 
6.60053094171804e+01 1.00008668341624e+05 
6.61632151021049e+01 1.00007488690677e+05 
6.63211194929648e+01 1.00006284052287e+05 
6.64790238951629e+01 1.00004952454951e+05 
6.66369283078166e+01 1.00003614374301e+05 
6.67948331393927e+01 1.00002154317974e+05 
6.69527394440034e+01 1.00000633125405e+05 
6.71106470639483e+01 9.99991160718014e+04 
6.72685553183821e+01 9.99976580325148e+04 
6.74264597024061e+01 9.99962523483407e+04 
6.75843590419925e+01 9.99949994582594e+04 
6.77422535684911e+01 9.99936877996363e+04 
6.79001426201263e+01 9.99923608268031e+04 
6.80580282864847e+01 9.99910284859287e+04 
6.82159111158328e+01 9.99898332459452e+04 
6.83737930861987e+01 9.99888395484792e+04 
6.85316731580176e+01 9.99881006150481e+04 
6.86895517906449e+01 9.99874059356463e+04 
6.88474307150474e+01 9.99867569923049e+04 
6.90053081989569e+01 9.99861032688710e+04 
6.91631854542290e+01 9.99856117030508e+04 
6.93210605590817e+01 9.99853989897360e+04 
6.94789329603387e+01 9.99854521684247e+04 
6.96368026296308e+01 9.99856231783640e+04 
6.97946722052352e+01 9.99858577907436e+04 
6.99525422636531e+01 9.99860879828504e+04 
7.01104134175452e+01 9.99864524883211e+04 
7.02682863349460e+01 9.99870617407223e+04 
7.04261613776249e+01 9.99878593947578e+04 
7.05840389189998e+01 9.99888067965496e+04 
7.07419152096647e+01 9.99898359027953e+04 
7.08997875851045e+01 9.99908686020580e+04 
7.10576561988164e+01 9.99919746994821e+04 
7.12155224399363e+01 9.99932308850698e+04 
7.13733888211252e+01 9.99945410769398e+04 
7.15312552146323e+01 9.99959929475261e+04 
7.16891217538037e+01 9.99975003629931e+04 
7.18469894024299e+01 9.99990227449242e+04 
7.20048591249784e+01 1.00000508310399e+05 
7.21627323468697e+01 1.00001970469795e+05 
7.23206109024455e+01 1.00003309296438e+05 
7.24784954490941e+01 1.00004713191662e+05 
7.26363845290400e+01 1.00006154805906e+05 
7.27942734676224e+01 1.00007597525642e+05 
7.29521620226019e+01 1.00008947057252e+05 
7.31100537643340e+01 1.00010101228754e+05 
7.32679464204612e+01 1.00011025665812e+05 
7.34258410448585e+01 1.00011938910129e+05 
7.35837409539245e+01 1.00012834630727e+05 
7.37416437257822e+01 1.00013752164043e+05 
7.38995475254834e+01 1.00014536508835e+05 
7.40574552767677e+01 1.00015036850639e+05 
7.42153656889771e+01 1.00015264111685e+05 
7.43732764020060e+01 1.00015391895233e+05 
7.45311875013272e+01 1.00015460280996e+05 
7.46890982702211e+01 1.00015535185544e+05 
7.48470091952905e+01 1.00015457992488e+05 
7.50049203089887e+01 1.00015091631058e+05 
7.51628314776675e+01 1.00014480009360e+05 
7.53207423108823e+01 1.00013722985178e+05 
7.54786534052723e+01 1.00012894258495e+05 
7.56365652919325e+01 1.00012079653201e+05 
7.57944760696322e+01 1.00011164511197e+05 
7.59523842322763e+01 1.00010041386571e+05 
7.61102907052860e+01 1.00008798938496e+05 
7.62681956345978e+01 1.00007414193200e+05 
7.64260997846199e+01 1.00005962237274e+05 
7.65840035006254e+01 1.00004518592352e+05 
7.67419079524643e+01 1.00003072274981e+05 
7.68998130220342e+01 1.00001596057390e+05 
7.70577190529444e+01 1.00000185924868e+05 
7.72156246322281e+01 9.99986739912788e+04 
7.73735304351853e+01 9.99971245229623e+04 
7.75314321962536e+01 9.99955681549683e+04 
7.76893280918668e+01 9.99940787557232e+04 
7.78472194406838e+01 9.99927390290687e+04 
7.80051082848022e+01 9.99915931761983e+04 
7.81629925315635e+01 9.99904133304364e+04 
7.83208748693117e+01 9.99892414194959e+04 
7.84787573742400e+01 9.99880491480380e+04 
7.86366399901977e+01 9.99869988678982e+04 
7.87945213840157e+01 9.99862263882902e+04 
7.89524022580153e+01 9.99857315696832e+04 
7.91102822345851e+01 9.99852899092976e+04 
7.92681598504246e+01 9.99848963911219e+04 
7.94260346032737e+01 9.99844875385893e+04 
7.95839065415183e+01 9.99842253222214e+04 
7.97417762739281e+01 9.99842843162759e+04 
7.98996452426869e+01 9.99846035423539e+04 
8.00575144475735e+01 9.99850440925319e+04 
8.02153853484350e+01 9.99855366182828e+04 
8.03732595753060e+01 9.99859957102656e+04 
8.05311360044327e+01 9.99865536306534e+04 
8.06890123775687e+01 9.99873644001187e+04 
8.08468842047536e+01 9.99883486625878e+04 
8.10047525333100e+01 9.99894710896228e+04 
8.11626191499556e+01 9.99906749981295e+04 
8.13204847650461e+01 9.99918613629332e+04 
8.14783488435453e+01 9.99930755787161e+04 
8.16362118439805e+01 9.99944146544692e+04 
8.17940760681954e+01 9.99957683488723e+04 
8.19519420697887e+01 9.99972537727563e+04 
8.21098112939899e+01 9.99987892439270e+04 
8.22676847318654e+01 1.00000316716582e+05 
8.24255638214298e+01 1.00001785622410e+05 
8.25834499430324e+01 1.00003191430085e+05 
8.27413394366513e+01 1.00004459295936e+05 
8.28992294477559e+01 1.00005782878754e+05 
8.30571223195795e+01 1.00007123507988e+05 
8.32150170578953e+01 1.00008461342214e+05 
8.33729147817309e+01 1.00009663077499e+05 
8.35308144311052e+01 1.00010657818843e+05 
8.36887168341859e+01 1.00011417365936e+05 
8.38466229777523e+01 1.00012157231508e+05 
8.40045316549114e+01 1.00012858055057e+05 
8.41624411095586e+01 1.00013566278367e+05 
8.43203503968559e+01 1.00014125297840e+05 
8.44782605557664e+01 1.00014395298554e+05 
8.46361711006565e+01 1.00014404217553e+05 
8.47940815795453e+01 1.00014301310621e+05 
8.49519911103720e+01 1.00014120417339e+05 
8.51098990973984e+01 1.00013936956672e+05 
8.52678065112851e+01 1.00013612557481e+05 
8.54257138686154e+01 1.00013011944451e+05 
8.55836217801970e+01 1.00012210256678e+05 
8.57415292183254e+01 1.00011252374348e+05 
8.58994341398339e+01 1.00010203827846e+05 
8.60573367332196e+01 1.00009155305066e+05 
8.62152374038746e+01 1.00008039091687e+05 
8.63731375811182e+01 1.00006745768054e+05 
8.65310375987192e+01 1.00005379107078e+05 
8.66889375552248e+01 1.00003866930392e+05 
8.68468385039286e+01 1.00002305960377e+05 
8.70047412609430e+01 1.00000745741403e+05 
8.71626443614392e+01 9.99992158580245e+04 
8.73205479962068e+01 9.99976819779321e+04 
8.74784503206073e+01 9.99962587412433e+04 
8.76363495572885e+01 9.99947544054758e+04 
8.77942431849901e+01 9.99932220064955e+04 
8.79521325309210e+01 9.99916927096192e+04 
8.81100185611205e+01 9.99902765337204e+04 
8.82679028525337e+01 9.99890505629309e+04 
8.84257843073351e+01 9.99880627096218e+04 
8.85836638116007e+01 9.99870974009209e+04 
8.87415446242167e+01 9.99861811777087e+04 
8.88994240315965e+01 9.99852659021837e+04 
8.90573022819536e+01 9.99845313512476e+04 
8.92151767527825e+01 9.99841058225747e+04 
8.93730477224399e+01 9.99839664548303e+04 
8.95309156458027e+01 9.99839329136404e+04 
8.96887826912112e+01 9.99839699507266e+04 
8.98466499713213e+01 9.99840060352038e+04 
9.00045176380459e+01 9.99842065440786e+04 
9.01623865154936e+01 9.99846968764503e+04 
9.03202569356564e+01 9.99854003277585e+04 
9.04781297063303e+01 9.99862427474742e+04 
9.06360054524564e+01 9.99871649945862e+04 
9.07938823357972e+01 9.99880688528777e+04 
9.09517541470789e+01 9.99890631128644e+04 
9.11096225648372e+01 9.99902478743095e+04 
9.12674903529327e+01 9.99915354065700e+04 
9.14253570626701e+01 9.99929653201376e+04 
9.15832226822998e+01 9.99944620893732e+04 
9.17410881565195e+01 9.99959572579969e+04 
9.18989546135373e+01 9.99974430444614e+04 
9.20568232887804e+01 9.99989529089280e+04 
9.22146961573564e+01 1.00000377068138e+05 
9.23725738596910e+01 1.00001895377562e+05 
9.25304579588404e+01 1.00003458807507e+05 
9.26883440768282e+01 1.00005018514437e+05 
9.28462302163992e+01 1.00006508483361e+05 
9.30041188904351e+01 1.00007838940351e+05 
9.31620089406748e+01 1.00008963097466e+05 
9.33199003766930e+01 1.00010116323340e+05 
9.34777965434557e+01 1.00011266654172e+05 
9.36356962709857e+01 1.00012427072200e+05 
9.37935970223798e+01 1.00013439546482e+05 
9.39515016043418e+01 1.00014177835179e+05 
9.41094095639123e+01 1.00014636695084e+05 
9.42673176496791e+01 1.00015031085470e+05 
9.44252272261732e+01 1.00015366038724e+05 
9.45831367419679e+01 1.00015698930588e+05 
9.47410472060425e+01 1.00015863785138e+05 
9.48989573503301e+01 1.00015703187356e+05 
9.50568658739766e+01 1.00015284395385e+05 
9.52147728697819e+01 1.00014732431059e+05 
9.53726794597599e+01 1.00014111382291e+05 
9.55305867647987e+01 1.00013506013588e+05 
9.56884942753968e+01 1.00012783612528e+05 
9.58463997516093e+01 1.00011806020025e+05 
9.60043026249207e+01 1.00010675375804e+05 
9.61622035600294e+01 1.00009403338658e+05 
9.63201032160052e+01 1.00008046619156e+05 
9.64780023140949e+01 1.00006701041252e+05 
9.66359014564617e+01 1.00005326448540e+05 
9.67938016196219e+01 1.00003855663263e+05 
9.69517021660862e+01 1.00002408901626e+05 
9.71096039307884e+01 1.00000837952242e+05 
9.72675053659434e+01 9.99992137506724e+04 
9.74254084969254e+01 9.99975976851395e+04 
9.75833089937247e+01 9.99960508130729e+04 
9.77412039501997e+01 9.99946049354481e+04 
9.78990956464850e+01 9.99933439216884e+04 
9.80569824734498e+01 9.99920360090199e+04 
9.82148662686850e+01 9.99907309692345e+04 
9.83727491375352e+01 9.99894349946603e+04 
9.85306321990684e+01 9.99883004926385e+04 
9.86885141869873e+01 9.99874195934407e+04 
9.88463960415929e+01 9.99868104709327e+04 
9.90042760737878e+01 9.99862460216181e+04 
9.91621528526767e+01 9.99857286960423e+04 
9.93200261516929e+01 9.99852102287538e+04 
9.94778958586317e+01 9.99848631819596e+04 
9.96357631314534e+01 9.99848264286012e+04 
9.97936285106285e+01 9.99850513409688e+04 
9.99514940149456e+01 9.99853920314468e+04 
1.00109360548212e+02 9.99857920663505e+04 
