# Liste des scalaires : TEMPS pmat 
0.00000000000000e+00 1.00000000000000e+05 
1.58013544018059e-01 1.00000000000000e+05 
3.16027088036117e-01 1.00000000000000e+05 
4.74040632054176e-01 1.00000000000000e+05 
6.32054176072234e-01 1.00000000000000e+05 
7.90067720090293e-01 1.00000000000000e+05 
9.48081264108351e-01 1.00000000000000e+05 
1.10609480812641e+00 1.00000000000000e+05 
1.26410835214447e+00 1.00000000000000e+05 
1.42212189616253e+00 1.00000000000000e+05 
1.58013544018058e+00 1.00000000000000e+05 
1.73814898419864e+00 1.00000000000000e+05 
1.89616252821670e+00 1.00000000000000e+05 
2.05417607223476e+00 1.00000000000000e+05 
2.21218961625282e+00 1.00000000000000e+05 
2.37020316027088e+00 1.00000000000000e+05 
2.52821670428893e+00 1.00000000000000e+05 
2.68623024830699e+00 1.00000000000000e+05 
2.84424379232505e+00 1.00000000000000e+05 
3.00225733634311e+00 1.00000000000000e+05 
3.16027088036116e+00 1.00000000000000e+05 
3.31828442437922e+00 1.00000000000000e+05 
3.47629796839728e+00 1.00000000000000e+05 
3.63431151241534e+00 1.00000000000000e+05 
3.79232505643340e+00 1.00000000000000e+05 
3.95033860045145e+00 1.00000000000000e+05 
4.10835214446951e+00 1.00000000000000e+05 
4.26636568848757e+00 1.00000000000000e+05 
4.42437923250563e+00 1.00000000000000e+05 
4.58239277652368e+00 1.00000000000000e+05 
4.74040632054174e+00 1.00000000000000e+05 
4.89841986455980e+00 1.00000000000000e+05 
5.05643340857771e+00 1.00000000000000e+05 
5.21444695259555e+00 1.00000000000000e+05 
5.37246049661106e+00 1.00000000000000e+05 
5.53047404062163e+00 1.00000000000000e+05 
5.68848758460807e+00 1.00000000000000e+05 
5.84650112860433e+00 1.00000000000000e+05 
6.00451467131846e+00 1.00000000000000e+05 
6.16252820860419e+00 1.00000000000000e+05 
6.32054173855849e+00 1.00000000000000e+05 
6.47855526263600e+00 1.00000000000000e+05 
6.63656878322570e+00 1.00000000000000e+05 
6.79458230116958e+00 1.00000000000000e+05 
6.95259581572868e+00 1.00000000000000e+05 
7.11060926486710e+00 1.00000000000000e+05 
7.26862123211782e+00 1.00000000000000e+05 
7.42662869286748e+00 1.00000000000000e+05 
7.58462797993242e+00 1.00000000000000e+05 
7.74261562363004e+00 1.00000000000000e+05 
7.90058972087802e+00 1.00000000000000e+05 
8.05854876760864e+00 1.00000000000000e+05 
8.21649327583521e+00 1.00000000000000e+05 
8.37442375590179e+00 1.00000000000000e+05 
8.53234121474706e+00 1.00000000000000e+05 
8.69024692780629e+00 1.00000000000000e+05 
8.84814294511368e+00 1.00000000000000e+05 
9.00603027516490e+00 1.00000000000000e+05 
9.16391060602912e+00 1.00000000000000e+05 
9.32178516379403e+00 1.00000000000000e+05 
9.47965513838773e+00 1.00000000000000e+05 
9.63751817790166e+00 1.00000000000000e+05 
9.79537550224774e+00 1.00000000000000e+05 
9.95322697641788e+00 1.00000000000000e+05 
1.01110732028936e+01 1.00000000000000e+05 
1.02689146274544e+01 1.00000000000000e+05 
1.04267523201822e+01 1.00000000000000e+05 
1.05845878187241e+01 1.00000000000000e+05 
1.07424234235056e+01 1.00000000000000e+05 
1.09002605183067e+01 1.00000000000000e+05 
1.10581011989153e+01 1.00000000000000e+05 
1.12159469760981e+01 1.00000000000000e+05 
1.13737958277871e+01 1.00000000000000e+05 
1.15316485112955e+01 1.00000000000000e+05 
1.16895059234703e+01 1.00000000000000e+05 
1.18473678135275e+01 1.00000000000000e+05 
1.20052343190564e+01 1.00000000000000e+05 
1.21631037930394e+01 1.00000000000000e+05 
1.23209755736488e+01 1.00000000000000e+05 
1.24788506295067e+01 1.00000000000000e+05 
1.26367295773036e+01 1.00000000000000e+05 
1.27946116815903e+01 1.00000000000000e+05 
1.29524970895918e+01 1.00000000000000e+05 
1.31103853882209e+01 1.00000000000000e+05 
1.32682764852580e+01 1.00000000000000e+05 
1.34261706139616e+01 1.00000000000000e+05 
1.35840685957871e+01 1.00000000000000e+05 
1.37419698795382e+01 1.00000000000000e+05 
1.38998748238769e+01 1.00000000000000e+05 
1.40577825863761e+01 1.00000000000000e+05 
1.42156900780669e+01 1.00000000000000e+05 
1.43735971547495e+01 1.00000000000000e+05 
1.45315042337418e+01 1.00000000000000e+05 
1.46894115576050e+01 1.00000000000000e+05 
1.48473186395545e+01 1.00000000000000e+05 
1.50052256719272e+01 1.00000000000002e+05 
1.51631330578148e+01 1.00000000000021e+05 
1.53210408171837e+01 1.00000000000127e+05 
1.54789489338296e+01 1.00000000011865e+05 
1.56368576354914e+01 1.00000000392020e+05 
1.57947669611646e+01 1.00000000646985e+05 
1.59526770505537e+01 1.00000001125767e+05 
1.61105878565459e+01 1.00000002193440e+05 
1.62684993007154e+01 1.00000003910892e+05 
1.64264117696543e+01 1.00000006994751e+05 
1.65843252894251e+01 1.00000012602210e+05 
1.67422394503545e+01 1.00000021169009e+05 
1.69001543231263e+01 1.00000033800886e+05 
1.70580702178261e+01 1.00000055945795e+05 
1.72159869071440e+01 1.00000088405728e+05 
1.73739045484328e+01 1.00000143005334e+05 
1.75318230870977e+01 1.00000231888500e+05 
1.76897420386758e+01 1.00000352300604e+05 
1.78476617082648e+01 1.00000514557582e+05 
1.80055822852594e+01 1.00000766853659e+05 
1.81635032871374e+01 1.00001091538868e+05 
1.83214252006964e+01 1.00001563375155e+05 
1.84793480458620e+01 1.00002253064826e+05 
1.86372715456650e+01 1.00003076509475e+05 
1.87951957601081e+01 1.00004086259417e+05 
1.89531209484135e+01 1.00005435395705e+05 
1.91110441089809e+01 1.00006915160483e+05 
1.92689571504680e+01 1.00008677120887e+05 
1.94268607791625e+01 1.00010958648662e+05 
1.95847566159270e+01 1.00013275909071e+05 
1.97426455229279e+01 1.00015856815262e+05 
1.99005279081235e+01 1.00018700303909e+05 
2.00584049686281e+01 1.00021156156430e+05 
2.02162789927353e+01 1.00023172432874e+05 
2.03741510118332e+01 1.00025573486819e+05 
2.05320225312322e+01 1.00027605598539e+05 
2.06898943694514e+01 1.00029971762918e+05 
2.08477672335517e+01 1.00032177845711e+05 
2.10056381883608e+01 1.00033329393910e+05 
2.11635073392954e+01 1.00032815673761e+05 
2.13213744206154e+01 1.00032374612032e+05 
2.14792406064660e+01 1.00031715559331e+05 
2.16371055052497e+01 1.00031778502195e+05 
2.17949698598769e+01 1.00031967352292e+05 
2.19528346543289e+01 1.00031261439299e+05 
2.21107022379036e+01 1.00028268063263e+05 
2.22685735446671e+01 1.00025050416714e+05 
2.24264499128177e+01 1.00021705985948e+05 
2.25843313783613e+01 1.00019490045208e+05 
2.27422178371839e+01 1.00018058051809e+05 
2.29001082195325e+01 1.00016583689540e+05 
2.30580026165052e+01 1.00013249440513e+05 
2.32159006750456e+01 1.00009519208200e+05 
2.33738008250518e+01 1.00005680073690e+05 
2.35317021841015e+01 1.00002823214869e+05 
2.36896047805334e+01 1.00001103190099e+05 
2.38475089535193e+01 1.00000056914420e+05 
2.40054144059897e+01 9.99977986464035e+04 
2.41633212527943e+01 9.99950011305185e+04 
2.43212294708959e+01 9.99919632263586e+04 
2.44791391765311e+01 9.99892371806359e+04 
2.46370501927731e+01 9.99871492364126e+04 
2.47949629062368e+01 9.99860507288313e+04 
2.49528766385629e+01 9.99846247320550e+04 
2.51107912664912e+01 9.99823357523570e+04 
2.52687065421895e+01 9.99798626748499e+04 
2.54266227275827e+01 9.99772009549476e+04 
2.55845402635157e+01 9.99749301487872e+04 
2.57424589006128e+01 9.99739007638117e+04 
2.59003774090588e+01 9.99736702469957e+04 
2.60582956021659e+01 9.99727584974277e+04 
2.62162142568713e+01 9.99718407474660e+04 
2.63741334755089e+01 9.99704193108242e+04 
2.65320531896202e+01 9.99692959152477e+04 
2.66899728755107e+01 9.99694025427491e+04 
2.68478922917635e+01 9.99711771305954e+04 
2.70058116301977e+01 9.99729105354565e+04 
2.71637307927613e+01 9.99745608445055e+04 
2.73216502821697e+01 9.99754819224635e+04 
2.74795690311203e+01 9.99762018197445e+04 
2.76374879055499e+01 9.99773630344124e+04 
2.77954041756501e+01 9.99801666370629e+04 
2.79533191433170e+01 9.99832527926389e+04 
2.81112322788099e+01 9.99861494983790e+04 
2.82691420252821e+01 9.99882192659377e+04 
2.84270498359011e+01 9.99893178909012e+04 
2.85849551367456e+01 9.99900029043159e+04 
2.87428577035279e+01 9.99916753059299e+04 
2.89007576935424e+01 9.99938912355346e+04 
2.90586554385742e+01 9.99961808884380e+04 
2.92165508783833e+01 9.99980429980138e+04 
2.93744443359554e+01 9.99987881663852e+04 
2.95323353920958e+01 9.99988115121421e+04 
2.96902253081402e+01 9.99994031924993e+04 
2.98481142776169e+01 1.00000551973066e+05 
3.00059979647156e+01 1.00001927997227e+05 
3.01638770985754e+01 1.00003201559047e+05 
3.03217523516603e+01 1.00003707520735e+05 
3.04796254231717e+01 1.00003627033878e+05 
3.06374979890028e+01 1.00003809854743e+05 
3.07953682566008e+01 1.00004403939531e+05 
3.09532360866590e+01 1.00005192259070e+05 
3.11111009485845e+01 1.00005872320503e+05 
3.12689642148262e+01 1.00006137777649e+05 
3.14268269801884e+01 1.00006069039903e+05 
3.15846899752751e+01 1.00005862079778e+05 
3.17425539745552e+01 1.00005678824964e+05 
3.19004203627167e+01 1.00005633148291e+05 
3.20582896401381e+01 1.00005516043604e+05 
3.22161632234601e+01 1.00005425967808e+05 
3.23740425511432e+01 1.00005313898203e+05 
3.25319290751244e+01 1.00004814910680e+05 
3.26898202982419e+01 1.00004004905488e+05 
3.28477131228900e+01 1.00003254278672e+05 
3.30056072961437e+01 1.00002468218368e+05 
3.31635023672678e+01 1.00002002526869e+05 
3.33213991393358e+01 1.00001777794715e+05 
3.34792973573956e+01 1.00001135871001e+05 
3.36371967535133e+01 1.00000035521272e+05 
3.37950973023584e+01 9.99989182022403e+04 
3.39529995672097e+01 9.99977463524344e+04 
3.41109029852060e+01 9.99970034282372e+04 
3.42688076087386e+01 9.99966438996426e+04 
3.44267132713632e+01 9.99959648618895e+04 
3.45846196509400e+01 9.99949010394012e+04 
3.47425273496765e+01 9.99938684501465e+04 
3.49004361808860e+01 9.99928252643615e+04 
3.50583454950604e+01 9.99921772972661e+04 
3.52162538750963e+01 9.99918922630119e+04 
3.53741611804014e+01 9.99915465980224e+04 
3.55320682312856e+01 9.99910585548230e+04 
3.56899754216115e+01 9.99906098045633e+04 
3.58478829107651e+01 9.99901537298930e+04 
3.60057904151544e+01 9.99898719160959e+04 
3.61636981099972e+01 9.99897880755945e+04 
3.63216068904539e+01 9.99899804600241e+04 
3.64795154283054e+01 9.99903511822439e+04 
3.66374236436593e+01 9.99907616134695e+04 
3.67953327010769e+01 9.99911464717630e+04 
3.69532427717678e+01 9.99913939684139e+04 
3.71111532244148e+01 9.99915715841106e+04 
3.72690630548262e+01 9.99921798157508e+04 
3.74269718145581e+01 9.99931929199736e+04 
3.75848778454541e+01 9.99942403413589e+04 
3.77427791017932e+01 9.99952354344107e+04 
3.79006746564164e+01 9.99958147847841e+04 
3.80585658512143e+01 9.99960889496043e+04 
3.82164521350274e+01 9.99968231147540e+04 
3.83743339522929e+01 9.99979941759028e+04 
3.85322143263643e+01 9.99992062202217e+04 
3.86900941565614e+01 1.00000373463864e+05 
3.88479738779336e+01 1.00001037044997e+05 
3.90058528607593e+01 1.00001296196500e+05 
3.91637297505779e+01 1.00001956479025e+05 
3.93216059461941e+01 1.00002952714531e+05 
3.94794833120710e+01 1.00003918663135e+05 
3.96373600136444e+01 1.00004837944786e+05 
3.97952355988724e+01 1.00005333625232e+05 
3.99531105564116e+01 1.00005432655785e+05 
4.01109853768128e+01 1.00005715967140e+05 
4.02688608742397e+01 1.00006209142303e+05 
4.04267381798270e+01 1.00006707610237e+05 
4.05846137319020e+01 1.00007191250689e+05 
4.07424858509869e+01 1.00007468717109e+05 
4.09003545163728e+01 1.00007470567792e+05 
4.10582217788816e+01 1.00007405826151e+05 
4.12160877638797e+01 1.00007365850678e+05 
4.13739537347660e+01 1.00007329223810e+05 
4.15318203524083e+01 1.00007304482337e+05 
4.16896877430492e+01 1.00007324151792e+05 
4.18475567572815e+01 1.00007261745972e+05 
4.20054296452478e+01 1.00006929609189e+05 
4.21633067849416e+01 1.00006469375453e+05 
4.23211896909693e+01 1.00005983392980e+05 
4.24790781339048e+01 1.00005548625006e+05 
4.26369644682292e+01 1.00005326259353e+05 
4.27948546539027e+01 1.00005191065719e+05 
4.29527445839470e+01 1.00004745984277e+05 
4.31106359297670e+01 1.00004034030055e+05 
4.32685306520852e+01 1.00003284709815e+05 
4.34264288504664e+01 1.00002561350239e+05 
4.35843293098335e+01 1.00002159018382e+05 
4.37422323857132e+01 1.00001903103874e+05 
4.39001362271449e+01 1.00001321782981e+05 
4.40580408935821e+01 1.00000440080119e+05 
4.42159461004656e+01 9.99995531817197e+04 
4.43738520952394e+01 9.99986707164158e+04 
4.45317586334686e+01 9.99980569898086e+04 
4.46896655731558e+01 9.99976650205657e+04 
4.48475732386247e+01 9.99969950854387e+04 
4.50054818277984e+01 9.99960067230023e+04 
4.51633912296472e+01 9.99950787204669e+04 
4.53213012689940e+01 9.99941374862784e+04 
4.54792124514439e+01 9.99934243799103e+04 
4.56371248172869e+01 9.99929821810439e+04 
4.57950380337933e+01 9.99925248266859e+04 
4.59529529680012e+01 9.99919332284387e+04 
4.61108663642278e+01 9.99914080145961e+04 
4.62687784498702e+01 9.99908634075827e+04 
4.64266899654798e+01 9.99904319276215e+04 
4.65846018793389e+01 9.99902237030468e+04 
4.67425141840204e+01 9.99901908427057e+04 
4.69004273753813e+01 9.99902176327474e+04 
4.70583412575278e+01 9.99903389268768e+04 
4.72162558287896e+01 9.99904168585522e+04 
4.73741661075397e+01 9.99904668369089e+04 
4.75320700293228e+01 9.99906003545987e+04 
4.76899693645184e+01 9.99910545243737e+04 
4.78478625125830e+01 9.99917344398359e+04 
4.80057508638390e+01 9.99924621126955e+04 
4.81636362087960e+01 9.99931301653743e+04 
4.83215191917349e+01 9.99936290695686e+04 
4.84794017791262e+01 9.99940869516795e+04 
4.86372824178603e+01 9.99948889272208e+04 
4.87951610644304e+01 9.99960458400387e+04 
4.89530401011878e+01 9.99971933310195e+04 
4.91109183405868e+01 9.99983026254806e+04 
4.92687968866861e+01 9.99991622644860e+04 
4.94266754364972e+01 9.99997995047306e+04 
4.95845515595664e+01 1.00000655969278e+05 
4.97424261075137e+01 1.00001861349927e+05 
4.99003006335041e+01 1.00002951313029e+05 
5.00581763017773e+01 1.00004021158865e+05 
5.02160540122954e+01 1.00004825556274e+05 
5.03739320513093e+01 1.00005308670983e+05 
5.05318084517488e+01 1.00005778709170e+05 
5.06896830101217e+01 1.00006509490191e+05 
5.08475554530749e+01 1.00007110619014e+05 
5.10054253922244e+01 1.00007782246003e+05 
5.11632927122317e+01 1.00008338607529e+05 
5.13211591090027e+01 1.00008614824070e+05 
5.14790271138448e+01 1.00008660423106e+05 
5.16368950153983e+01 1.00008813337093e+05 
5.17947643683201e+01 1.00008810625876e+05 
5.19526361004011e+01 1.00008936393194e+05 
5.21105113953299e+01 1.00009104277872e+05 
5.22683913894592e+01 1.00009119876240e+05 
5.24262776968112e+01 1.00008824874820e+05 
5.25841708838473e+01 1.00008473078280e+05 
5.27420666524036e+01 1.00008014586946e+05 
5.28999618489546e+01 1.00007660780039e+05 
5.30578577998667e+01 1.00007427713922e+05 
5.32157572283380e+01 1.00007145620700e+05 
5.33736576041167e+01 1.00006596305901e+05 
5.35315607809438e+01 1.00005834925400e+05 
5.36894666299000e+01 1.00005002848612e+05 
5.38473734460421e+01 1.00004234071821e+05 
5.40052812691421e+01 1.00003608856926e+05 
5.41631892761518e+01 1.00003038531528e+05 
5.43210976391154e+01 1.00002292378393e+05 
5.44790065647947e+01 1.00001285304888e+05 
5.46369153234515e+01 1.00000314744788e+05 
5.47948247591204e+01 9.99993568361429e+04 
5.49527345816088e+01 9.99985716913567e+04 
5.51106448015583e+01 9.99979673377601e+04 
5.52685553466649e+01 9.99973038214448e+04 
5.54264665842849e+01 9.99963470491464e+04 
5.55843786559346e+01 9.99954628659739e+04 
5.57422916964500e+01 9.99945340043104e+04 
5.59002049245996e+01 9.99937357502604e+04 
5.60581165652534e+01 9.99931610406584e+04 
5.62160267790978e+01 9.99927105826768e+04 
5.63739360456862e+01 9.99920886522060e+04 
5.65318446490167e+01 9.99916202311834e+04 
5.66897535039061e+01 9.99910748645330e+04 
5.68476637724107e+01 9.99905928622330e+04 
5.70055749148130e+01 9.99902990084609e+04 
5.71634862686760e+01 9.99902631603581e+04 
5.73213958959964e+01 9.99901839895787e+04 
5.74793010243427e+01 9.99902249368229e+04 
5.76372006427965e+01 9.99901440978388e+04 
5.77950939663717e+01 9.99899765228238e+04 
5.79529832749989e+01 9.99898994847375e+04 
5.81108693165340e+01 9.99901708057179e+04 
5.82687509560842e+01 9.99905148401044e+04 
5.84266313769464e+01 9.99909678125973e+04 
5.85845125473362e+01 9.99912867290768e+04 
5.87423932111164e+01 9.99914496768842e+04 
5.89002729936823e+01 9.99916703908288e+04 
5.90581527151859e+01 9.99922645221488e+04 
5.92160322137457e+01 9.99929959625524e+04 
5.93739114996228e+01 9.99937897405845e+04 
5.95317886882425e+01 9.99944326922890e+04 
5.96896638636060e+01 9.99948413573958e+04 
5.98475378197668e+01 9.99952398194586e+04 
6.00054119865173e+01 9.99960003674735e+04 
6.01632862541559e+01 9.99969004767213e+04 
6.03211632133958e+01 9.99978106875487e+04 
6.04790393685606e+01 9.99985395275255e+04 
6.06369130750726e+01 9.99990919634981e+04 
6.07947845152142e+01 9.99995620908519e+04 
6.09526543879465e+01 1.00000241956529e+05 
6.11105223433906e+01 1.00001060748348e+05 
6.12683891572993e+01 1.00001856508149e+05 
6.14262556334736e+01 1.00002540256211e+05 
6.15841213812268e+01 1.00003161148094e+05 
6.17419872970758e+01 1.00003689288764e+05 
6.18998556369791e+01 1.00004246379135e+05 
6.20577270573682e+01 1.00004929864237e+05 
6.22156028064752e+01 1.00005545026530e+05 
6.23734839507439e+01 1.00006122588405e+05 
6.25313719458757e+01 1.00006711890045e+05 
6.26892653364233e+01 1.00007176169021e+05 
6.28471589494630e+01 1.00007513286961e+05 
6.30050539658638e+01 1.00007942678142e+05 
6.31629516032019e+01 1.00008259911570e+05 
6.33208526762621e+01 1.00008597229152e+05 
6.34787557016783e+01 1.00008933853196e+05 
6.36366621209855e+01 1.00009073954371e+05 
6.37945707388512e+01 1.00008908836192e+05 
6.39524799651022e+01 1.00008734288132e+05 
6.41103898945289e+01 1.00008508854340e+05 
6.42682996768123e+01 1.00008344935920e+05 
6.44262099946042e+01 1.00008206890663e+05 
6.45841203235132e+01 1.00007856344318e+05 
6.47420308141056e+01 1.00007097417480e+05 
6.48999413857551e+01 1.00006225697268e+05 
6.50578522130705e+01 1.00005352544098e+05 
6.52157621383260e+01 1.00004635570875e+05 
6.53736716684331e+01 1.00003987605426e+05 
6.55315818735089e+01 1.00003247797693e+05 
6.56894924466357e+01 1.00002176862770e+05 
6.58474019305714e+01 1.00001000885631e+05 
6.60053094171804e+01 9.99998954288299e+04 
6.61632151021049e+01 9.99989806081606e+04 
6.63211194929648e+01 9.99982346487911e+04 
6.64790238951629e+01 9.99975614885939e+04 
6.66369283078166e+01 9.99967675177551e+04 
6.67948331393927e+01 9.99959049496543e+04 
6.69527394440034e+01 9.99950969612478e+04 
6.71106470639483e+01 9.99943945435098e+04 
6.72685553183821e+01 9.99937796065097e+04 
6.74264597024061e+01 9.99932892556916e+04 
6.75843590419925e+01 9.99929227696004e+04 
6.77422535684911e+01 9.99925263931448e+04 
6.79001426201263e+01 9.99921993455982e+04 
6.80580282864847e+01 9.99918772004670e+04 
6.82159111158328e+01 9.99915439082389e+04 
6.83737930861987e+01 9.99913566913744e+04 
6.85316731580176e+01 9.99915407116656e+04 
6.86895517906449e+01 9.99917693297612e+04 
6.88474307150474e+01 9.99920417139751e+04 
6.90053081989569e+01 9.99922192581939e+04 
6.91631854542290e+01 9.99923029606227e+04 
6.93210605590817e+01 9.99925003931416e+04 
6.94789329603387e+01 9.99931754816841e+04 
6.96368026296308e+01 9.99939359412581e+04 
6.97946722052352e+01 9.99946916106589e+04 
6.99525422636531e+01 9.99952630677039e+04 
7.01104134175452e+01 9.99956687003997e+04 
7.02682863349460e+01 9.99961008769066e+04 
7.04261613776249e+01 9.99969735825770e+04 
7.05840389189998e+01 9.99979502969104e+04 
7.07419152096647e+01 9.99988823817766e+04 
7.08997875851045e+01 9.99996127816061e+04 
7.10576561988164e+01 1.00000194523672e+05 
7.12155224399363e+01 1.00000688242763e+05 
7.13733888211252e+01 1.00001435931182e+05 
7.15312552146323e+01 1.00002284906402e+05 
7.16891217538037e+01 1.00003041015435e+05 
7.18469894024299e+01 1.00003654872569e+05 
7.20048591249784e+01 1.00004169921587e+05 
7.21627323468697e+01 1.00004536496128e+05 
7.23206109024455e+01 1.00004920113484e+05 
7.24784954490941e+01 1.00005368725773e+05 
7.26363845290400e+01 1.00005764182138e+05 
7.27942734676224e+01 1.00006100629166e+05 
7.29521620226019e+01 1.00006406220476e+05 
7.31100537643340e+01 1.00006559675686e+05 
7.32679464204612e+01 1.00006554878541e+05 
7.34258410448585e+01 1.00006545817167e+05 
7.35837409539245e+01 1.00006526485660e+05 
7.37416437257822e+01 1.00006530091402e+05 
7.38995475254834e+01 1.00006557708293e+05 
7.40574552767677e+01 1.00006467791236e+05 
7.42153656889771e+01 1.00006078181235e+05 
7.43732764020060e+01 1.00005563864714e+05 
7.45311875013272e+01 1.00005096724984e+05 
7.46890982702211e+01 1.00004701768837e+05 
7.48470091952905e+01 1.00004420796976e+05 
7.50049203089887e+01 1.00004072062716e+05 
7.51628314776675e+01 1.00003330989645e+05 
7.53207423108823e+01 1.00002446627028e+05 
7.54786534052723e+01 1.00001623953551e+05 
7.56365652919325e+01 1.00000942584876e+05 
7.57944760696322e+01 1.00000441925394e+05 
7.59523842322763e+01 1.00000012673001e+05 
7.61102907052860e+01 9.99992962126892e+04 
7.62681956345978e+01 9.99985072667272e+04 
7.64260997846199e+01 9.99977970195142e+04 
7.65840035006254e+01 9.99972363134984e+04 
7.67419079524643e+01 9.99968642000272e+04 
7.68998130220342e+01 9.99966105124328e+04 
7.70577190529444e+01 9.99962701033636e+04 
7.72156246322281e+01 9.99959192865676e+04 
7.73735304351853e+01 9.99955819977165e+04 
7.75314321962536e+01 9.99953394354123e+04 
7.76893280918668e+01 9.99951600344075e+04 
7.78472194406838e+01 9.99950483342111e+04 
7.80051082848022e+01 9.99950428004461e+04 
7.81629925315635e+01 9.99951282722257e+04 
7.83208748693117e+01 9.99952058249146e+04 
7.84787573742400e+01 9.99953428908399e+04 
7.86366399901977e+01 9.99954449602971e+04 
7.87945213840157e+01 9.99955710966786e+04 
7.89524022580153e+01 9.99959314101957e+04 
7.91102822345851e+01 9.99964372215640e+04 
7.92681598504246e+01 9.99968826114941e+04 
7.94260346032737e+01 9.99973146313363e+04 
7.95839065415183e+01 9.99975952641392e+04 
7.97417762739281e+01 9.99978176743119e+04 
7.98996452426869e+01 9.99983649002699e+04 
8.00575144475735e+01 9.99990438587469e+04 
8.02153853484350e+01 9.99996243665682e+04 
8.03732595753060e+01 1.00000121546301e+05 
8.05311360044327e+01 1.00000461256939e+05 
8.06890123775687e+01 1.00000681973029e+05 
8.08468842047536e+01 1.00001125557099e+05 
8.10047525333100e+01 1.00001683801640e+05 
8.11626191499556e+01 1.00002167291536e+05 
8.13204847650461e+01 1.00002583462374e+05 
8.14783488435453e+01 1.00002902630991e+05 
8.16362118439805e+01 1.00003108767577e+05 
8.17940760681954e+01 1.00003404810245e+05 
8.19519420697887e+01 1.00003737730232e+05 
8.21098112939899e+01 1.00003995248974e+05 
8.22676847318654e+01 1.00004208623191e+05 
8.24255638214298e+01 1.00004399899576e+05 
8.25834499430324e+01 1.00004526810994e+05 
8.27413394366513e+01 1.00004630404308e+05 
8.28992294477559e+01 1.00004684422263e+05 
8.30571223195795e+01 1.00004717331977e+05 
8.32150170578953e+01 1.00004703633108e+05 
8.33729147817309e+01 1.00004710511438e+05 
8.35308144311052e+01 1.00004683486011e+05 
8.36887168341859e+01 1.00004523483558e+05 
8.38466229777523e+01 1.00004210793905e+05 
8.40045316549114e+01 1.00003929975947e+05 
8.41624411095586e+01 1.00003628585501e+05 
8.43203503968559e+01 1.00003391660949e+05 
8.44782605557664e+01 1.00003158337101e+05 
8.46361711006565e+01 1.00002708887020e+05 
8.47940815795453e+01 1.00002031427400e+05 
8.49519911103720e+01 1.00001429736672e+05 
8.51098990973984e+01 1.00000831741074e+05 
8.52678065112851e+01 1.00000349674222e+05 
8.54257138686154e+01 9.99999580165619e+04 
8.55836217801970e+01 9.99993386402644e+04 
8.57415292183254e+01 9.99985334718251e+04 
8.58994341398339e+01 9.99978622030683e+04 
8.60573367332196e+01 9.99972376478085e+04 
8.62152374038746e+01 9.99967757912418e+04 
8.63731375811182e+01 9.99964698937753e+04 
8.65310375987192e+01 9.99960803969914e+04 
8.66889375552248e+01 9.99955945233565e+04 
8.68468385039286e+01 9.99951848271400e+04 
8.70047412609430e+01 9.99948123326501e+04 
8.71626443614392e+01 9.99945333554215e+04 
8.73205479962068e+01 9.99943716536465e+04 
8.74784503206073e+01 9.99942671803692e+04 
8.76363495572885e+01 9.99942036899969e+04 
8.77942431849901e+01 9.99941976725024e+04 
8.79521325309210e+01 9.99942194192902e+04 
8.81100185611205e+01 9.99942340474682e+04 
8.82679028525337e+01 9.99942933753923e+04 
8.84257843073351e+01 9.99945463906910e+04 
8.85836638116007e+01 9.99949596446060e+04 
8.87415446242167e+01 9.99953685980978e+04 
8.88994240315965e+01 9.99957791491055e+04 
8.90573022819536e+01 9.99960786725997e+04 
8.92151767527825e+01 9.99963522051039e+04 
8.93730477224399e+01 9.99968948421238e+04 
8.95309156458027e+01 9.99976391780965e+04 
8.96887826912112e+01 9.99983248886240e+04 
8.98466499713213e+01 9.99989650327234e+04 
9.00045176380459e+01 9.99994392345499e+04 
9.01623865154936e+01 9.99997890535458e+04 
9.03202569356564e+01 1.00000376685732e+05 
9.04781297063303e+01 1.00001160413738e+05 
9.06360054524564e+01 1.00001829027151e+05 
9.07938823357972e+01 1.00002438143490e+05 
9.09517541470789e+01 1.00002892115736e+05 
9.11096225648372e+01 1.00003182895732e+05 
9.12674903529327e+01 1.00003571716737e+05 
9.14253570626701e+01 1.00004077159306e+05 
9.15832226822998e+01 1.00004492420996e+05 
9.17410881565195e+01 1.00004878008236e+05 
9.18989546135373e+01 1.00005188370820e+05 
9.20568232887804e+01 1.00005350864627e+05 
9.22146961573564e+01 1.00005469012340e+05 
9.23725738596910e+01 1.00005595974105e+05 
9.25304579588404e+01 1.00005670042591e+05 
9.26883440768282e+01 1.00005747675672e+05 
9.28462302163992e+01 1.00005834442727e+05 
9.30041188904351e+01 1.00005854274143e+05 
9.31620089406748e+01 1.00005748766657e+05 
9.33199003766930e+01 1.00005537475871e+05 
9.34777965434557e+01 1.00005317683659e+05 
9.36356962709857e+01 1.00005096284883e+05 
9.37935970223798e+01 1.00004927581621e+05 
9.39515016043418e+01 1.00004750828563e+05 
9.41094095639123e+01 1.00004384347331e+05 
9.42673176496791e+01 1.00003817826491e+05 
9.44252272261732e+01 1.00003297838371e+05 
9.45831367419679e+01 1.00002781712412e+05 
9.47410472060425e+01 1.00002368468381e+05 
9.48989573503301e+01 1.00002016185288e+05 
9.50568658739766e+01 1.00001435656486e+05 
9.52147728697819e+01 1.00000631372624e+05 
9.53726794597599e+01 9.99999266038323e+04 
9.55305867647987e+01 9.99992521030341e+04 
9.56884942753968e+01 9.99987385137904e+04 
9.58463997516093e+01 9.99983736431664e+04 
9.60043026249207e+01 9.99978678765090e+04 
9.61622035600294e+01 9.99972483194713e+04 
9.63201032160052e+01 9.99967251442315e+04 
9.64780023140949e+01 9.99962598414550e+04 
9.66359014564617e+01 9.99959532877344e+04 
9.67938016196219e+01 9.99957948351494e+04 
9.69517021660862e+01 9.99956080301777e+04 
9.71096039307884e+01 9.99954193830238e+04 
9.72675053659434e+01 9.99952617497967e+04 
9.74254084969254e+01 9.99951450601850e+04 
9.75833089937247e+01 9.99950540936594e+04 
9.77412039501997e+01 9.99950204062784e+04 
9.78990956464850e+01 9.99951102900751e+04 
9.80569824734498e+01 9.99953511423082e+04 
9.82148662686850e+01 9.99955981206424e+04 
9.83727491375352e+01 9.99958928767015e+04 
9.85306321990684e+01 9.99961313689920e+04 
9.86885141869873e+01 9.99963392768764e+04 
9.88463960415929e+01 9.99967314033021e+04 
9.90042760737878e+01 9.99973511387882e+04 
9.91621528526767e+01 9.99979134169962e+04 
9.93200261516929e+01 9.99984982093336e+04 
9.94778958586317e+01 9.99989328154895e+04 
9.96357631314534e+01 9.99992418142937e+04 
9.97936285106285e+01 9.99997809758990e+04 
9.99514940149456e+01 1.00000535067287e+05 
1.00109360548212e+02 1.00001181494826e+05 
