# Liste des scalaires : TEMPS pmat 
0.00000000000000e+00 1.00000000000000e+05 
1.58013544018059e-01 1.00000000000000e+05 
3.16027088036117e-01 1.00000000000000e+05 
4.74040632054176e-01 1.00000000000000e+05 
6.32054176072234e-01 1.00000000000000e+05 
7.90067720090293e-01 1.00000000000000e+05 
9.48081264108351e-01 1.00000000000000e+05 
1.10609480812641e+00 1.00000000000000e+05 
1.26410835214447e+00 1.00000000000000e+05 
1.42212189616253e+00 1.00000000000000e+05 
1.58013544018058e+00 1.00000000000000e+05 
1.73814898419864e+00 1.00000000000000e+05 
1.89616252821670e+00 1.00000000000000e+05 
2.05417607223476e+00 1.00000000000000e+05 
2.21218961625282e+00 1.00000000000000e+05 
2.37020316027088e+00 1.00000000000000e+05 
2.52821670428893e+00 1.00000000000000e+05 
2.68623024830699e+00 1.00000000000000e+05 
2.84424379232505e+00 1.00000000000000e+05 
3.00225733634311e+00 1.00000000000000e+05 
3.16027088036116e+00 1.00000000000000e+05 
3.31828442437922e+00 1.00000000000000e+05 
3.47629796839728e+00 1.00000000000000e+05 
3.63431151241534e+00 1.00000000000000e+05 
3.79232505643340e+00 1.00000000000000e+05 
3.95033860045145e+00 1.00000000000000e+05 
4.10835214446951e+00 1.00000000000000e+05 
4.26636568848757e+00 1.00000000000000e+05 
4.42437923250563e+00 1.00000000000000e+05 
4.58239277652368e+00 1.00000000000000e+05 
4.74040632054174e+00 1.00000000000000e+05 
4.89841986455980e+00 1.00000000000000e+05 
5.05643340857771e+00 1.00000000000000e+05 
5.21444695259555e+00 1.00000000000000e+05 
5.37246049661106e+00 1.00000000000000e+05 
5.53047404062163e+00 1.00000000000000e+05 
5.68848758460807e+00 1.00000000000000e+05 
5.84650112860433e+00 1.00000000000000e+05 
6.00451467131846e+00 1.00000000000000e+05 
6.16252820860419e+00 1.00000000000000e+05 
6.32054173855849e+00 1.00000000000000e+05 
6.47855526263600e+00 1.00000000000000e+05 
6.63656878322570e+00 1.00000000000000e+05 
6.79458230116958e+00 1.00000000000000e+05 
6.95259581572868e+00 1.00000000000000e+05 
7.11060926486710e+00 1.00000000000000e+05 
7.26862123211782e+00 1.00000000000000e+05 
7.42662869286748e+00 1.00000000000000e+05 
7.58462797993242e+00 1.00000000000000e+05 
7.74261562363004e+00 1.00000000000000e+05 
7.90058972087802e+00 1.00000000000000e+05 
8.05854876760864e+00 1.00000000000000e+05 
8.21649327583521e+00 1.00000000000000e+05 
8.37442375590179e+00 1.00000000000000e+05 
8.53234121474706e+00 1.00000000000000e+05 
8.69024692780629e+00 1.00000000000000e+05 
8.84814294511368e+00 1.00000000000000e+05 
9.00603027516490e+00 1.00000000000000e+05 
9.16391060602912e+00 1.00000000000000e+05 
9.32178516379403e+00 1.00000000000003e+05 
9.47965513838773e+00 1.00000000000016e+05 
9.63751817790166e+00 1.00000000000124e+05 
9.79537550224774e+00 1.00000000000563e+05 
9.95322697641788e+00 1.00000000004438e+05 
1.01110732028936e+01 1.00000000034519e+05 
1.02689146274544e+01 1.00000000235834e+05 
1.04267523201822e+01 1.00000000826513e+05 
1.05845878187241e+01 1.00000001468695e+05 
1.07424234235056e+01 1.00000002564905e+05 
1.09002605183067e+01 1.00000004842204e+05 
1.10581011989153e+01 1.00000008516733e+05 
1.12159469760981e+01 1.00000014658986e+05 
1.13737958277871e+01 1.00000025298671e+05 
1.15316485112955e+01 1.00000045059580e+05 
1.16895059234703e+01 1.00000073072967e+05 
1.18473678135275e+01 1.00000121349378e+05 
1.20052343190564e+01 1.00000190240529e+05 
1.21631037930394e+01 1.00000289188510e+05 
1.23209755736488e+01 1.00000437764952e+05 
1.24788506295067e+01 1.00000668843661e+05 
1.26367295773036e+01 1.00000966509897e+05 
1.27946116815903e+01 1.00001399832884e+05 
1.29524970895918e+01 1.00001955512543e+05 
1.31103853882209e+01 1.00002660341433e+05 
1.32682764852580e+01 1.00003583868871e+05 
1.34261706139616e+01 1.00004805327159e+05 
1.35840685957871e+01 1.00006231804166e+05 
1.37419698795382e+01 1.00008014607089e+05 
1.38998748238769e+01 1.00010067855675e+05 
1.40577825863761e+01 1.00012370800306e+05 
1.42156900780669e+01 1.00014998664257e+05 
1.43735971547495e+01 1.00017943683585e+05 
1.45315042337418e+01 1.00021034716506e+05 
1.46894115576050e+01 1.00024340674360e+05 
1.48473186395545e+01 1.00027725560660e+05 
1.50052256719272e+01 1.00031040518943e+05 
1.51631330578148e+01 1.00034267733007e+05 
1.53210408171837e+01 1.00037255889682e+05 
1.54789489338296e+01 1.00040039890771e+05 
1.56368576354914e+01 1.00042522755013e+05 
1.57947669611646e+01 1.00044730530423e+05 
1.59526770505537e+01 1.00046487704930e+05 
1.61105878565459e+01 1.00047750153787e+05 
1.62684993007154e+01 1.00048428812576e+05 
1.64264117696543e+01 1.00048804577776e+05 
1.65843252894251e+01 1.00048661963777e+05 
1.67422394503545e+01 1.00048140206174e+05 
1.69001543231263e+01 1.00047045801865e+05 
1.70580702178261e+01 1.00045303641865e+05 
1.72159869071440e+01 1.00042899522082e+05 
1.73739045484328e+01 1.00040270609068e+05 
1.75318230870977e+01 1.00037104170637e+05 
1.76897420386758e+01 1.00033586174854e+05 
1.78476617082648e+01 1.00029604692665e+05 
1.80055822852594e+01 1.00025008423508e+05 
1.81635032871374e+01 1.00019844144519e+05 
1.83214252006964e+01 1.00014658168323e+05 
1.84793480458620e+01 1.00009208909716e+05 
1.86372715456650e+01 1.00003693821484e+05 
1.87951957601081e+01 9.99980640347329e+04 
1.89531209484135e+01 9.99921077636181e+04 
1.91110441089809e+01 9.99858358378359e+04 
1.92689571504680e+01 9.99796805993098e+04 
1.94268607791625e+01 9.99736387481299e+04 
1.95847566159270e+01 9.99678340631022e+04 
1.97426455229279e+01 9.99623473693211e+04 
1.99005279081235e+01 9.99569725891852e+04 
2.00584049686281e+01 9.99517304071085e+04 
2.02162789927353e+01 9.99467931833932e+04 
2.03741510118332e+01 9.99423773774752e+04 
2.05320225312322e+01 9.99385302269350e+04 
2.06898943694514e+01 9.99354821469002e+04 
2.08477672335517e+01 9.99330565690860e+04 
2.10056381883608e+01 9.99312148952449e+04 
2.11635073392954e+01 9.99297356630149e+04 
2.13213744206154e+01 9.99289367735093e+04 
2.14792406064660e+01 9.99287777397539e+04 
2.16371055052497e+01 9.99296095564045e+04 
2.17949698598769e+01 9.99313120592821e+04 
2.19528346543289e+01 9.99337323975811e+04 
2.21107022379036e+01 9.99363238730832e+04 
2.22685735446671e+01 9.99394893654886e+04 
2.24264499128177e+01 9.99430772655645e+04 
2.25843313783613e+01 9.99474368723352e+04 
2.27422178371839e+01 9.99526943877500e+04 
2.29001082195325e+01 9.99585731498332e+04 
2.30580026165052e+01 9.99644044985029e+04 
2.32159006750456e+01 9.99705075989090e+04 
2.33738008250518e+01 9.99766744519565e+04 
2.35317021841015e+01 9.99830691390120e+04 
2.36896047805334e+01 9.99899756289632e+04 
2.38475089535193e+01 9.99973035559839e+04 
2.40054144059897e+01 1.00004353678165e+05 
2.41633212527943e+01 1.00011231637665e+05 
2.43212294708959e+01 1.00017712309851e+05 
2.44791391765311e+01 1.00023773499318e+05 
2.46370501927731e+01 1.00029766645205e+05 
2.47949629062368e+01 1.00035823998429e+05 
2.49528766385629e+01 1.00041470112300e+05 
2.51107912664912e+01 1.00046639042662e+05 
2.52687065421895e+01 1.00051246313624e+05 
2.54266227275827e+01 1.00055032383519e+05 
2.55845402635157e+01 1.00058388430118e+05 
2.57424589006128e+01 1.00061283075073e+05 
2.59003774090588e+01 1.00063883984822e+05 
2.60582956021659e+01 1.00065829301264e+05 
2.62162142568713e+01 1.00067096402812e+05 
2.63741334755089e+01 1.00067382437613e+05 
2.65320531896202e+01 1.00066963023889e+05 
2.66899728755107e+01 1.00065947485826e+05 
2.68478922917635e+01 1.00064767050679e+05 
2.70058116301977e+01 1.00063049519455e+05 
2.71637307927613e+01 1.00060829987187e+05 
2.73216502821697e+01 1.00057591379629e+05 
2.74795690311203e+01 1.00053611917547e+05 
2.76374879055499e+01 1.00048977673781e+05 
2.77954041756501e+01 1.00044326801144e+05 
2.79533191433170e+01 1.00039294155890e+05 
2.81112322788099e+01 1.00033998063119e+05 
2.82691420252821e+01 1.00028252561397e+05 
2.84270498359011e+01 1.00021814143601e+05 
2.85849551367456e+01 1.00014879951072e+05 
2.87428577035279e+01 1.00008095119719e+05 
2.89007576935424e+01 1.00001234879453e+05 
2.90586554385742e+01 9.99944791863475e+04 
2.92165508783833e+01 9.99877808836011e+04 
2.93744443359554e+01 9.99807069094840e+04 
2.95323353920958e+01 9.99734944535281e+04 
2.96902253081402e+01 9.99665708694927e+04 
2.98481142776169e+01 9.99599313980183e+04 
3.00059979647156e+01 9.99537211355374e+04 
3.01638770985754e+01 9.99481105558243e+04 
3.03217523516603e+01 9.99427142444504e+04 
3.04796254231717e+01 9.99374933122276e+04 
3.06374979890028e+01 9.99326848560433e+04 
3.07953682566008e+01 9.99285268509529e+04 
3.09532360866590e+01 9.99250311664192e+04 
3.11111009485845e+01 9.99226017740105e+04 
3.12689642148262e+01 9.99208742410049e+04 
3.14268269801884e+01 9.99197942040597e+04 
3.15846899752751e+01 9.99191405183583e+04 
3.17425539745552e+01 9.99192884355527e+04 
3.19004203627167e+01 9.99202155701112e+04 
3.20582896401381e+01 9.99222896559087e+04 
3.22161632234601e+01 9.99253238198617e+04 
3.23740425511432e+01 9.99291921193199e+04 
3.25319290751244e+01 9.99333391963782e+04 
3.26898202982419e+01 9.99381627712810e+04 
3.28477131228900e+01 9.99435721668040e+04 
3.30056072961437e+01 9.99498049323972e+04 
3.31635023672678e+01 9.99567967323674e+04 
3.33213991393358e+01 9.99643842090322e+04 
3.34792973573956e+01 9.99719280779848e+04 
3.36371967535133e+01 9.99796731428727e+04 
3.37950973023584e+01 9.99874970821727e+04 
3.39529995672097e+01 9.99954488689490e+04 
3.41109029852060e+01 1.00003690204293e+05 
3.42688076087386e+01 1.00012086749400e+05 
3.44267132713632e+01 1.00020129576587e+05 
3.45846196509400e+01 1.00027828816142e+05 
3.47425273496765e+01 1.00035066216291e+05 
3.49004361808860e+01 1.00041653762526e+05 
3.50583454950604e+01 1.00047947534507e+05 
3.52162538750963e+01 1.00053963259739e+05 
3.53741611804014e+01 1.00059533671672e+05 
3.55320682312856e+01 1.00064394483864e+05 
3.56899754216115e+01 1.00068476980859e+05 
3.58478829107651e+01 1.00071406559062e+05 
3.60057904151544e+01 1.00073614112061e+05 
3.61636981099972e+01 1.00075314134279e+05 
3.63216068904539e+01 1.00076644588823e+05 
3.64795154283054e+01 1.00077208472498e+05 
3.66374236436593e+01 1.00076978472454e+05 
3.67953327010769e+01 1.00075580733513e+05 
3.69532427717678e+01 1.00073186424334e+05 
3.71111532244148e+01 1.00070071208848e+05 
3.72690630548262e+01 1.00066714095295e+05 
3.74269718145581e+01 1.00062815775258e+05 
3.75848778454541e+01 1.00058388514125e+05 
3.77427791017932e+01 1.00052938887631e+05 
3.79006746564164e+01 1.00046676115613e+05 
3.80585658512143e+01 1.00039745082811e+05 
3.82164521350274e+01 1.00032828506109e+05 
3.83743339522929e+01 1.00025712016642e+05 
3.85322143263643e+01 1.00018469682826e+05 
3.86900941565614e+01 1.00010911392148e+05 
3.88479738779336e+01 1.00002877272404e+05 
3.90058528607593e+01 9.99944813484037e+04 
3.91637297505779e+01 9.99863466667963e+04 
3.93216059461941e+01 9.99784396742682e+04 
3.94794833120710e+01 9.99708599792625e+04 
3.96373600136444e+01 9.99637176661784e+04 
3.97952355988724e+01 9.99566584389086e+04 
3.99531105564116e+01 9.99496502268476e+04 
4.01109853768128e+01 9.99430532893277e+04 
4.02688608742397e+01 9.99370676960002e+04 
4.04267381798270e+01 9.99318438671955e+04 
4.05846137319020e+01 9.99276584773197e+04 
4.07424858509869e+01 9.99241372428344e+04 
4.09003545163728e+01 9.99210681075725e+04 
4.10582217788816e+01 9.99184476616334e+04 
4.12160877638797e+01 9.99166711339758e+04 
4.13739537347660e+01 9.99156525222546e+04 
4.15318203524083e+01 9.99160751460793e+04 
4.16896877430492e+01 9.99174191263720e+04 
4.18475567572815e+01 9.99195297914592e+04 
4.20054296452478e+01 9.99219347478364e+04 
4.21633067849416e+01 9.99250256083409e+04 
4.23211896909693e+01 9.99289016407152e+04 
4.24790781339048e+01 9.99337904276510e+04 
4.26369644682292e+01 9.99396630010899e+04 
4.27948546539027e+01 9.99462458393278e+04 
4.29527445839470e+01 9.99528455463860e+04 
4.31106359297670e+01 9.99597917856110e+04 
4.32685306520852e+01 9.99670887398223e+04 
4.34264288504664e+01 9.99748035035086e+04 
4.35843293098335e+01 9.99830908244726e+04 
4.37422323857132e+01 9.99917727768592e+04 
4.39001362271449e+01 1.00000194857482e+05 
4.40580408935821e+01 1.00008485344682e+05 
4.42159461004656e+01 1.00016562390499e+05 
4.43738520952394e+01 1.00024370236167e+05 
4.45317586334686e+01 1.00032219157539e+05 
4.46896655731558e+01 1.00040089436921e+05 
4.48475732386247e+01 1.00047509571752e+05 
4.50054818277984e+01 1.00054351218529e+05 
4.51633912296472e+01 1.00060495841688e+05 
4.53213012689940e+01 1.00065656109312e+05 
4.54792124514439e+01 1.00070254467572e+05 
4.56371248172869e+01 1.00074413419227e+05 
4.57950380337933e+01 1.00077999416645e+05 
4.59529529680012e+01 1.00080773669478e+05 
4.61108663642278e+01 1.00082713919623e+05 
4.62687784498702e+01 1.00083034056147e+05 
4.64266899654798e+01 1.00082460297320e+05 
4.65846018793389e+01 1.00081118440125e+05 
4.67425141840204e+01 1.00079404347110e+05 
4.69004273753813e+01 1.00076948521838e+05 
4.70583412575278e+01 1.00073648224206e+05 
4.72162558287896e+01 1.00069273376371e+05 
4.73741661075397e+01 1.00063919273524e+05 
4.75320700293228e+01 1.00057855710801e+05 
4.76899693645184e+01 1.00051730390241e+05 
4.78478625125830e+01 1.00045227449993e+05 
4.80057508638390e+01 1.00038289024926e+05 
4.81636362087960e+01 1.00030846864865e+05 
4.83215191917349e+01 1.00022816305585e+05 
4.84794017791262e+01 1.00014403812661e+05 
4.86372824178603e+01 1.00006249677003e+05 
4.87951610644304e+01 9.99982172361745e+04 
4.89530401011878e+01 9.99903234150517e+04 
4.91109183405868e+01 9.99826226617005e+04 
4.92687968866861e+01 9.99748237668931e+04 
4.94266754364972e+01 9.99669677679907e+04 
4.95845515595664e+01 9.99595348780814e+04 
4.97424261075137e+01 9.99526081747404e+04 
4.99003006335041e+01 9.99462754192687e+04 
5.00581763017773e+01 9.99408075111243e+04 
5.02160540122954e+01 9.99358291094056e+04 
5.03739320513093e+01 9.99311799044441e+04 
5.05318084517488e+01 9.99269872834933e+04 
5.06896830101217e+01 9.99234603369312e+04 
5.08475554530749e+01 9.99207650202150e+04 
5.10054253922244e+01 9.99193069549180e+04 
5.11632927122317e+01 9.99187916007540e+04 
5.13211591090027e+01 9.99188663298586e+04 
5.14790271138448e+01 9.99193528953102e+04 
5.16368950153983e+01 9.99204824802186e+04 
5.17947643683201e+01 9.99223842056727e+04 
5.19526361004011e+01 9.99254060823458e+04 
5.21105113953299e+01 9.99294490936122e+04 
5.22683913894592e+01 9.99342349492823e+04 
5.24262776968112e+01 9.99392012629278e+04 
5.25841708838473e+01 9.99445928110198e+04 
5.27420666524036e+01 9.99505154038584e+04 
5.28999618489546e+01 9.99571227634824e+04 
5.30578577998667e+01 9.99644694003328e+04 
5.32157572283380e+01 9.99723670526685e+04 
5.33736576041167e+01 9.99801869797551e+04 
5.35315607809438e+01 9.99880494511450e+04 
5.36894666299000e+01 9.99959636292960e+04 
5.38473734460421e+01 1.00003897584354e+05 
5.40052812691421e+01 1.00012081590339e+05 
5.41631892761518e+01 1.00020433576547e+05 
5.43210976391154e+01 1.00028422387145e+05 
5.44790065647947e+01 1.00035973099355e+05 
5.46369153234515e+01 1.00042959814137e+05 
5.47948247591204e+01 1.00049197961808e+05 
5.49527345816088e+01 1.00055008636372e+05 
5.51106448015583e+01 1.00060513376817e+05 
5.52685553466649e+01 1.00065546295510e+05 
5.54264665842849e+01 1.00069885256296e+05 
5.55843786559346e+01 1.00073384437687e+05 
5.57422916964500e+01 1.00075640984919e+05 
5.59002049245996e+01 1.00076980877248e+05 
5.60581165652534e+01 1.00077864817969e+05 
5.62160267790978e+01 1.00078295552728e+05 
5.63739360456862e+01 1.00078062195714e+05 
5.65318446490167e+01 1.00077083890895e+05 
5.66897535039061e+01 1.00074855495101e+05 
5.68476637724107e+01 1.00071679626083e+05 
5.70055749148130e+01 1.00067818866610e+05 
5.71634862686760e+01 1.00063822593720e+05 
5.73213958959964e+01 1.00059452029383e+05 
5.74793010243427e+01 1.00054534152493e+05 
5.76372006427965e+01 1.00048883725880e+05 
5.77950939663717e+01 1.00042455365799e+05 
5.79529832749989e+01 1.00035480664827e+05 
5.81108693165340e+01 1.00028613486769e+05 
5.82687509560842e+01 1.00021722729256e+05 
5.84266313769464e+01 1.00014753749471e+05 
5.85845125473362e+01 1.00007679872915e+05 
5.87423932111164e+01 1.00000259901401e+05 
5.89002729936823e+01 9.99925441353322e+04 
5.90581527151859e+01 9.99851033929050e+04 
5.92160322137457e+01 9.99779624161348e+04 
5.93739114996228e+01 9.99712388101203e+04 
5.95317886882425e+01 9.99650665533661e+04 
5.96896638636060e+01 9.99591060955957e+04 
5.98475378197668e+01 9.99532043293082e+04 
6.00054119865173e+01 9.99476718078911e+04 
6.01632862541559e+01 9.99426671210159e+04 
6.03211632133958e+01 9.99383808297024e+04 
6.04790393685606e+01 9.99351700474713e+04 
6.06369130750726e+01 9.99327268201960e+04 
6.07947845152142e+01 9.99305159595259e+04 
6.09526543879465e+01 9.99286770587880e+04 
6.11105223433906e+01 9.99275361108775e+04 
6.12683891572993e+01 9.99270950818293e+04 
6.14262556334736e+01 9.99278413810521e+04 
6.15841213812268e+01 9.99294836435860e+04 
6.17419872970758e+01 9.99318194466001e+04 
6.18998556369791e+01 9.99343805517936e+04 
6.20577270573682e+01 9.99373475214209e+04 
6.22156028064752e+01 9.99409031263184e+04 
6.23734839507439e+01 9.99453245680039e+04 
6.25313719458757e+01 9.99505960600159e+04 
6.26892653364233e+01 9.99564857954313e+04 
6.28471589494630e+01 9.99623822350528e+04 
6.30050539658638e+01 9.99685282016303e+04 
6.31629516032019e+01 9.99749277484358e+04 
6.33208526762621e+01 9.99816603422637e+04 
6.34787557016783e+01 9.99888848481988e+04 
6.36366621209855e+01 9.99965192814457e+04 
6.37945707388512e+01 1.00003949018907e+05 
6.39524799651022e+01 1.00011208755367e+05 
6.41103898945289e+01 1.00018220868378e+05 
6.42682996768123e+01 1.00024846429224e+05 
6.44262099946042e+01 1.00031363946362e+05 
6.45841203235132e+01 1.00037869633942e+05 
6.47420308141056e+01 1.00044003087906e+05 
6.48999413857551e+01 1.00049640387240e+05 
6.50578522130705e+01 1.00054613697806e+05 
6.52157621383260e+01 1.00058597093211e+05 
6.53736716684331e+01 1.00061950043591e+05 
6.55315818735089e+01 1.00064928056177e+05 
6.56894924466357e+01 1.00067541291530e+05 
6.58474019305714e+01 1.00069532913205e+05 
6.60053094171804e+01 1.00070800592593e+05 
6.61632151021049e+01 1.00070883445586e+05 
6.63211194929648e+01 1.00070045595658e+05 
6.64790238951629e+01 1.00068571456684e+05 
6.66369283078166e+01 1.00066879585537e+05 
6.67948331393927e+01 1.00064761835681e+05 
6.69527394440034e+01 1.00062002468271e+05 
6.71106470639483e+01 1.00058324103868e+05 
6.72685553183821e+01 1.00053763530220e+05 
6.74264597024061e+01 1.00048594112899e+05 
6.75843590419925e+01 1.00043416024103e+05 
6.77422535684911e+01 1.00037972182837e+05 
6.79001426201263e+01 1.00032223892315e+05 
6.80580282864847e+01 1.00026024994039e+05 
6.82159111158328e+01 1.00019265167424e+05 
6.83737930861987e+01 1.00012078155906e+05 
6.85316731580176e+01 1.00005086052607e+05 
6.86895517906449e+01 9.99981910013934e+04 
6.88474307150474e+01 9.99914244428222e+04 
6.90053081989569e+01 9.99848706570795e+04 
6.91631854542290e+01 9.99782439133681e+04 
6.93210605590817e+01 9.99714611021585e+04 
6.94789329603387e+01 9.99649852906516e+04 
6.96368026296308e+01 9.99588540928593e+04 
6.97946722052352e+01 9.99532332858736e+04 
6.99525422636531e+01 9.99484182685784e+04 
7.01104134175452e+01 9.99440287625572e+04 
7.02682863349460e+01 9.99398378290163e+04 
7.04261613776249e+01 9.99359982492126e+04 
7.05840389189998e+01 9.99326548218185e+04 
7.07419152096647e+01 9.99300171240932e+04 
7.08997875851045e+01 9.99284917023767e+04 
7.10576561988164e+01 9.99278257810370e+04 
7.12155224399363e+01 9.99277335614079e+04 
7.13733888211252e+01 9.99279367874277e+04 
7.15312552146323e+01 9.99285726693751e+04 
7.16891217538037e+01 9.99299335331285e+04 
7.18469894024299e+01 9.99323039138311e+04 
7.20048591249784e+01 9.99356125605401e+04 
7.21627323468697e+01 9.99395630103398e+04 
7.23206109024455e+01 9.99436436907919e+04 
7.24784954490941e+01 9.99481115792665e+04 
7.26363845290400e+01 9.99530263261742e+04 
7.27942734676224e+01 9.99586243000531e+04 
7.29521620226019e+01 9.99649674526124e+04 
7.31100537643340e+01 9.99719035992084e+04 
7.32679464204612e+01 9.99787978622004e+04 
7.34258410448585e+01 9.99858332521749e+04 
7.35837409539245e+01 9.99929708870276e+04 
7.37416437257822e+01 1.00000167903432e+05 
7.38995475254834e+01 1.00007656402345e+05 
7.40574552767677e+01 1.00015452270916e+05 
7.42153656889771e+01 1.00023003026369e+05 
7.43732764020060e+01 1.00030300379466e+05 
7.45311875013272e+01 1.00037173026712e+05 
7.46890982702211e+01 1.00043407056407e+05 
7.48470091952905e+01 1.00049295963510e+05 
7.50049203089887e+01 1.00055002912152e+05 
7.51628314776675e+01 1.00060306691147e+05 
7.53207423108823e+01 1.00065072661046e+05 
7.54786534052723e+01 1.00069104301196e+05 
7.56365652919325e+01 1.00072011272002e+05 
7.57944760696322e+01 1.00074082169976e+05 
7.59523842322763e+01 1.00075627586281e+05 
7.61102907052860e+01 1.00076774242653e+05 
7.62681956345978e+01 1.00077322256620e+05 
7.64260997846199e+01 1.00077072766945e+05 
7.65840035006254e+01 1.00075698070499e+05 
7.67419079524643e+01 1.00073309311883e+05 
7.68998130220342e+01 1.00070203744871e+05 
7.70577190529444e+01 1.00066904346441e+05 
7.72156246322281e+01 1.00063175841823e+05 
7.73735304351853e+01 1.00058904775400e+05 
7.75314321962536e+01 1.00053825644866e+05 
7.76893280918668e+01 1.00047953162635e+05 
7.78472194406838e+01 1.00041481163748e+05 
7.80051082848022e+01 1.00035042247747e+05 
7.81629925315635e+01 1.00028420733504e+05 
7.83208748693117e+01 1.00021623074595e+05 
7.84787573742400e+01 1.00014619199009e+05 
7.86366399901977e+01 1.00007241005075e+05 
7.87945213840157e+01 9.99995091269975e+04 
7.89524022580153e+01 9.99920057647921e+04 
7.91102822345851e+01 9.99846754675001e+04 
7.92681598504246e+01 9.99776302374705e+04 
7.94260346032737e+01 9.99710392482489e+04 
7.95839065415183e+01 9.99646083147138e+04 
7.97417762739281e+01 9.99581872433240e+04 
7.98996452426869e+01 9.99521298292691e+04 
8.00575144475735e+01 9.99464961737344e+04 
8.02153853484350e+01 9.99414883968338e+04 
8.03732595753060e+01 9.99374734534537e+04 
8.05311360044327e+01 9.99341566718108e+04 
8.06890123775687e+01 9.99311049329260e+04 
8.08468842047536e+01 9.99284603584724e+04 
8.10047525333100e+01 9.99263929477614e+04 
8.11626191499556e+01 9.99250621669861e+04 
8.13204847650461e+01 9.99248976545704e+04 
8.14783488435453e+01 9.99256656562861e+04 
8.16362118439805e+01 9.99271086814671e+04 
8.17940760681954e+01 9.99288363192753e+04 
8.19519420697887e+01 9.99310644197449e+04 
8.21098112939899e+01 9.99339398991889e+04 
8.22676847318654e+01 9.99377610100634e+04 
8.24255638214298e+01 9.99424467602613e+04 
8.25834499430324e+01 9.99477939862375e+04 
8.27413394366513e+01 9.99532320847913e+04 
8.28992294477559e+01 9.99590262832287e+04 
8.30571223195795e+01 9.99651784832276e+04 
8.32150170578953e+01 9.99717821589053e+04 
8.33729147817309e+01 9.99789471427551e+04 
8.35308144311052e+01 9.99865955174483e+04 
8.36887168341859e+01 9.99941041379521e+04 
8.38466229777523e+01 1.00001595232491e+05 
8.40045316549114e+01 1.00008977631029e+05 
8.41624411095586e+01 1.00016108787288e+05 
8.43203503968559e+01 1.00023225555432e+05 
8.44782605557664e+01 1.00030384608143e+05 
8.46361711006565e+01 1.00037190201423e+05 
8.47940815795453e+01 1.00043606981190e+05 
8.49519911103720e+01 1.00049465885997e+05 
8.51098990973984e+01 1.00054431707851e+05 
8.52678065112851e+01 1.00058854206208e+05 
8.54257138686154e+01 1.00062917533065e+05 
8.55836217801970e+01 1.00066593016624e+05 
8.57415292183254e+01 1.00069689421060e+05 
8.58994341398339e+01 1.00072143497842e+05 
8.60573367332196e+01 1.00073273781371e+05 
8.62152374038746e+01 1.00073588944407e+05 
8.63731375811182e+01 1.00073256439698e+05 
8.65310375987192e+01 1.00072624367804e+05 
8.66889375552248e+01 1.00071517878626e+05 
8.68468385039286e+01 1.00069742385380e+05 
8.70047412609430e+01 1.00066991595198e+05 
8.71626443614392e+01 1.00063358171875e+05 
8.73205479962068e+01 1.00059081768456e+05 
8.74784503206073e+01 1.00054716880049e+05 
8.76363495572885e+01 1.00050017948625e+05 
8.77942431849901e+01 1.00044939015029e+05 
8.79521325309210e+01 1.00039306714778e+05 
8.81100185611205e+01 1.00033069622319e+05 
8.82679028525337e+01 1.00026335830740e+05 
8.84257843073351e+01 1.00019699016796e+05 
8.85836638116007e+01 1.00013010778142e+05 
8.87415446242167e+01 1.00006308415099e+05 
8.88994240315965e+01 9.99996662330102e+04 
8.90573022819536e+01 9.99928490055003e+04 
8.92151767527825e+01 9.99858058506146e+04 
8.93730477224399e+01 9.99790006212697e+04 
8.95309156458027e+01 9.99724196137035e+04 
8.96887826912112e+01 9.99662062882543e+04 
8.98466499713213e+01 9.99606255982160e+04 
9.00045176380459e+01 9.99553555265404e+04 
9.01623865154936e+01 9.99502172522380e+04 
9.03202569356564e+01 9.99454056953152e+04 
9.04781297063303e+01 9.99409864588811e+04 
9.06360054524564e+01 9.99371895428415e+04 
9.07938823357972e+01 9.99344032710875e+04 
9.09517541470789e+01 9.99323299772054e+04 
9.11096225648372e+01 9.99308494980084e+04 
9.12674903529327e+01 9.99296794865143e+04 
9.14253570626701e+01 9.99289564482549e+04 
9.15832226822998e+01 9.99289410181224e+04 
9.17410881565195e+01 9.99299546651643e+04 
9.18989546135373e+01 9.99318802587974e+04 
9.20568232887804e+01 9.99345027890699e+04 
9.22146961573564e+01 9.99373497895360e+04 
9.23725738596910e+01 9.99406460972554e+04 
9.25304579588404e+01 9.99444594266861e+04 
9.26883440768282e+01 9.99490258567303e+04 
9.28462302163992e+01 9.99543409860292e+04 
9.30041188904351e+01 9.99602951674283e+04 
9.31620089406748e+01 9.99663140760575e+04 
9.33199003766930e+01 9.99725966518456e+04 
9.34777965434557e+01 9.99790989374799e+04 
9.36356962709857e+01 9.99857929039096e+04 
9.37935970223798e+01 9.99928391721242e+04 
9.39515016043418e+01 1.00000248908080e+05 
9.41094095639123e+01 1.00007499867807e+05 
9.42673176496791e+01 1.00014648846027e+05 
9.44252272261732e+01 1.00021540657189e+05 
9.45831367419679e+01 1.00027967733880e+05 
9.47410472060425e+01 1.00034175650953e+05 
9.48989573503301e+01 1.00040280471720e+05 
9.50568658739766e+01 1.00046037965032e+05 
9.52147728697819e+01 1.00051380095743e+05 
9.53726794597599e+01 1.00056121131461e+05 
9.55305867647987e+01 1.00059883831109e+05 
9.56884942753968e+01 1.00062949263798e+05 
9.58463997516093e+01 1.00065582223828e+05 
9.60043026249207e+01 1.00067824776067e+05 
9.61622035600294e+01 1.00069531438976e+05 
9.63201032160052e+01 1.00070531327905e+05 
9.64780023140949e+01 1.00070452732849e+05 
9.66359014564617e+01 1.00069452485354e+05 
9.67938016196219e+01 1.00067750577546e+05 
9.69517021660862e+01 1.00065809971259e+05 
9.71096039307884e+01 1.00063427595488e+05 
9.72675053659434e+01 1.00060463346102e+05 
9.74254084969254e+01 1.00056667912418e+05 
9.75833089937247e+01 1.00052097207655e+05 
9.77412039501997e+01 1.00046883662241e+05 
9.78990956464850e+01 1.00041621829948e+05 
9.80569824734498e+01 1.00036096491329e+05 
9.82148662686850e+01 1.00030313688091e+05 
9.83727491375352e+01 1.00024227460255e+05 
9.85306321990684e+01 1.00017708963662e+05 
9.86885141869873e+01 1.00010767400030e+05 
9.88463960415929e+01 1.00003956361453e+05 
9.90042760737878e+01 9.99971941193078e+04 
9.91621528526767e+01 9.99905724243370e+04 
9.93200261516929e+01 9.99842455847318e+04 
9.94778958586317e+01 9.99779601447860e+04 
9.96357631314534e+01 9.99716004365050e+04 
9.97936285106285e+01 9.99655189738461e+04 
9.99514940149456e+01 9.99597546270636e+04 
1.00109360548212e+02 9.99544953246014e+04 
