# Liste des scalaires : TEMPS pmat 
0.00000000000000e+00 1.00000000000000e+05 
1.58013544018059e-01 1.00000000000000e+05 
3.16027088036117e-01 1.00000000000000e+05 
4.74040632054176e-01 1.00000000000000e+05 
6.32054176072234e-01 1.00000000000000e+05 
7.90067720090293e-01 1.00000000000000e+05 
9.48081264108351e-01 1.00000000000000e+05 
1.10609480812641e+00 1.00000000000831e+05 
1.26410835214447e+00 1.00000000665850e+05 
1.42212189616253e+00 1.00000005677779e+05 
1.58013544018058e+00 1.00000031850602e+05 
1.73814898419864e+00 1.00000156324230e+05 
1.89616252821670e+00 1.00000482291772e+05 
2.05417607223476e+00 1.00001395847027e+05 
2.21218961625282e+00 1.00003480167063e+05 
2.37020316027088e+00 1.00007123286190e+05 
2.52821670428893e+00 1.00013890767364e+05 
2.68623024830699e+00 1.00025078743486e+05 
2.84424379232505e+00 1.00039848731876e+05 
3.00225733634311e+00 1.00059155869049e+05 
3.16027088036116e+00 1.00083327244696e+05 
3.31828442437922e+00 1.00109321456630e+05 
3.47629796839728e+00 1.00137050986160e+05 
3.63431151241534e+00 1.00162311388029e+05 
3.79232505643340e+00 1.00189311646418e+05 
3.95033860045145e+00 1.00208241066923e+05 
4.10835214446951e+00 1.00226246089450e+05 
4.26636568848757e+00 1.00245110491365e+05 
4.42437923250563e+00 1.00264000935746e+05 
4.58239277652368e+00 1.00270510982085e+05 
4.74040632054174e+00 1.00283103067242e+05 
4.89841986455980e+00 1.00280496162468e+05 
5.05643340857771e+00 1.00278215882546e+05 
5.21444695259555e+00 1.00281432557686e+05 
5.37246049661106e+00 1.00285815927313e+05 
5.53047404062163e+00 1.00271533154779e+05 
5.68848758460807e+00 1.00266094077373e+05 
5.84650112860433e+00 1.00244224022317e+05 
6.00451467131846e+00 1.00223757631401e+05 
6.16252820860419e+00 1.00212513276778e+05 
6.32054173855849e+00 1.00203202194146e+05 
6.47855526263600e+00 1.00174371568251e+05 
6.63656878322570e+00 1.00154239233055e+05 
6.79458230116958e+00 1.00121588729799e+05 
6.95259581572868e+00 1.00090691643394e+05 
7.11060926486710e+00 1.00070081084534e+05 
7.26862123211782e+00 1.00051439981241e+05 
7.42662869286748e+00 1.00017817161616e+05 
7.58462797993242e+00 9.99900076736162e+04 
7.74261562363004e+00 9.99567821474145e+04 
7.90058972087802e+00 9.99249718663325e+04 
8.05854876760864e+00 9.99018919767130e+04 
8.21649327583521e+00 9.98807815369236e+04 
8.37442375590179e+00 9.98536488304378e+04 
8.53234121474706e+00 9.98286281453318e+04 
8.69024692780629e+00 9.98072289434631e+04 
8.84814294511368e+00 9.97871270908012e+04 
9.00603027516490e+00 9.97722466539174e+04 
9.16391060602912e+00 9.97587224679389e+04 
9.32178516379403e+00 9.97500202056763e+04 
9.47965513838773e+00 9.97406404559841e+04 
9.63751817790166e+00 9.97437622445323e+04 
9.79537550224774e+00 9.97485145360995e+04 
9.95322697641788e+00 9.97531058948024e+04 
1.01110732028936e+01 9.97553983787201e+04 
1.02689146274544e+01 9.97707926341086e+04 
1.04267523201822e+01 9.97813397962264e+04 
1.05845878187241e+01 9.98060140052527e+04 
1.07424234235056e+01 9.98290406107129e+04 
1.09002605183067e+01 9.98448763574508e+04 
1.10581011989153e+01 9.98556014862252e+04 
1.12159469760981e+01 9.98817111834907e+04 
1.13737958277871e+01 9.99005243780074e+04 
1.15316485112955e+01 9.99292757591905e+04 
1.16895059234703e+01 9.99545739508918e+04 
1.18473678135275e+01 9.99702745281336e+04 
1.20052343190564e+01 9.99822050446815e+04 
1.21631037930394e+01 1.00006441201469e+05 
1.23209755736488e+01 1.00024536809819e+05 
1.24788506295067e+01 1.00046879098902e+05 
1.26367295773036e+01 1.00066428379259e+05 
1.27946116815903e+01 1.00077834839975e+05 
1.29524970895918e+01 1.00088018572417e+05 
1.31103853882209e+01 1.00102214816613e+05 
1.32682764852580e+01 1.00113171245074e+05 
1.34261706139616e+01 1.00120412900904e+05 
1.35840685957871e+01 1.00126036201520e+05 
1.37419698795382e+01 1.00127845209781e+05 
1.38998748238769e+01 1.00131557736097e+05 
1.40577825863761e+01 1.00128967747880e+05 
1.42156900780669e+01 1.00127736091853e+05 
1.43735971547495e+01 1.00116344113042e+05 
1.45315042337418e+01 1.00106050694616e+05 
1.46894115576050e+01 1.00098819581404e+05 
1.48473186395545e+01 1.00096809895413e+05 
1.50052256719272e+01 1.00080455331192e+05 
1.51631330578148e+01 1.00070084049167e+05 
1.53210408171837e+01 1.00046531128109e+05 
1.54789489338296e+01 1.00025878304074e+05 
1.56368576354914e+01 1.00013895352144e+05 
1.57947669611646e+01 1.00008152478691e+05 
1.59526770505537e+01 9.99841894101608e+04 
1.61105878565459e+01 9.99690737603695e+04 
1.62684993007154e+01 9.99422423519914e+04 
1.64264117696543e+01 9.99195736674666e+04 
1.65843252894251e+01 9.99088676945283e+04 
1.67422394503545e+01 9.99035863203017e+04 
1.69001543231263e+01 9.98821718136613e+04 
1.70580702178261e+01 9.98697197089470e+04 
1.72159869071440e+01 9.98509244527750e+04 
1.73739045484328e+01 9.98361099388665e+04 
1.75318230870977e+01 9.98323957679476e+04 
1.76897420386758e+01 9.98314374069240e+04 
1.78476617082648e+01 9.98212887060645e+04 
1.80055822852594e+01 9.98173655643170e+04 
1.81635032871374e+01 9.98136005005162e+04 
1.83214252006964e+01 9.98116661211717e+04 
1.84793480458620e+01 9.98160497722596e+04 
1.86372715456650e+01 9.98190381146192e+04 
1.87951957601081e+01 9.98221307429934e+04 
1.89531209484135e+01 9.98274044482805e+04 
1.91110441089809e+01 9.98394315975543e+04 
1.92689571504680e+01 9.98510699386336e+04 
1.94268607791625e+01 9.98623160993844e+04 
1.95847566159270e+01 9.98683080006853e+04 
1.97426455229279e+01 9.98829563871650e+04 
1.99005279081235e+01 9.98949887570301e+04 
2.00584049686281e+01 9.99174852241845e+04 
2.02162789927353e+01 9.99373850835334e+04 
2.03741510118332e+01 9.99504777545254e+04 
2.05320225312322e+01 9.99565244514991e+04 
2.06898943694514e+01 9.99760559585881e+04 
2.08477672335517e+01 9.99892421182376e+04 
2.10056381883608e+01 1.00012914486312e+05 
2.11635073392954e+01 1.00033315991950e+05 
2.13213744206154e+01 1.00043692689958e+05 
2.14792406064660e+01 1.00048653068010e+05 
2.16371055052497e+01 1.00067235517235e+05 
2.17949698598769e+01 1.00078523389657e+05 
2.19528346543289e+01 1.00096971103691e+05 
2.21107022379036e+01 1.00112651933014e+05 
2.22685735446671e+01 1.00118620545457e+05 
2.24264499128177e+01 1.00122346700569e+05 
2.25843313783613e+01 1.00134818915769e+05 
2.27422178371839e+01 1.00142067781201e+05 
2.29001082195325e+01 1.00150440096803e+05 
2.30580026165052e+01 1.00157680166416e+05 
2.32159006750456e+01 1.00158725577977e+05 
2.33738008250518e+01 1.00160766940698e+05 
2.35317021841015e+01 1.00162066119421e+05 
2.36896047805334e+01 1.00161812660864e+05 
2.38475089535193e+01 1.00154890345583e+05 
2.40054144059897e+01 1.00148544771460e+05 
2.41633212527943e+01 1.00142089285385e+05 
2.43212294708959e+01 1.00139924336152e+05 
2.44791391765311e+01 1.00128194121455e+05 
2.46370501927731e+01 1.00119894769047e+05 
2.47949629062368e+01 1.00100490608932e+05 
2.49528766385629e+01 1.00083622373524e+05 
2.51107912664912e+01 1.00072794997153e+05 
2.52687065421895e+01 1.00068112990507e+05 
2.54266227275827e+01 1.00048297988002e+05 
2.55845402635157e+01 1.00035839662440e+05 
2.57424589006128e+01 1.00011576492694e+05 
2.59003774090588e+01 9.99907254025833e+04 
2.60582956021659e+01 9.99796530632768e+04 
2.62162142568713e+01 9.99740057079949e+04 
2.63741334755089e+01 9.99524439969732e+04 
2.65320531896202e+01 9.99395123284421e+04 
2.66899728755107e+01 9.99183126107657e+04 
2.68478922917635e+01 9.99010917820040e+04 
2.70058116301977e+01 9.98946635226218e+04 
2.71637307927613e+01 9.98917210265225e+04 
2.73216502821697e+01 9.98776334429702e+04 
2.74795690311203e+01 9.98705724452095e+04 
2.76374879055499e+01 9.98611914942163e+04 
2.77954041756501e+01 9.98540760503292e+04 
2.79533191433170e+01 9.98542635060722e+04 
2.81112322788099e+01 9.98541839755893e+04 
2.82691420252821e+01 9.98510035247124e+04 
2.84270498359011e+01 9.98511882015900e+04 
2.85849551367456e+01 9.98555879430734e+04 
2.87428577035279e+01 9.98600746848328e+04 
2.89007576935424e+01 9.98659328757834e+04 
2.90586554385742e+01 9.98675529097843e+04 
2.92165508783833e+01 9.98748887020992e+04 
2.93744443359554e+01 9.98810284234261e+04 
2.95323353920958e+01 9.98968017984920e+04 
2.96902253081402e+01 9.99108361648681e+04 
2.98481142776169e+01 9.99198991304684e+04 
3.00059979647156e+01 9.99221923376598e+04 
3.01638770985754e+01 9.99370031910061e+04 
3.03217523516603e+01 9.99461540253892e+04 
3.04796254231717e+01 9.99669550096634e+04 
3.06374979890028e+01 9.99847713079782e+04 
3.07953682566008e+01 9.99930307307573e+04 
3.09532360866590e+01 9.99949960590109e+04 
3.11111009485845e+01 1.00012448972282e+05 
3.12689642148262e+01 1.00021968278896e+05 
3.14268269801884e+01 1.00041522239470e+05 
3.15846899752751e+01 1.00057781362751e+05 
3.17425539745552e+01 1.00063004811460e+05 
3.19004203627167e+01 1.00064518955530e+05 
3.20582896401381e+01 1.00079481558713e+05 
3.22161632234601e+01 1.00087349550329e+05 
3.23740425511432e+01 1.00101191466434e+05 
3.25319290751244e+01 1.00113440971466e+05 
3.26898202982419e+01 1.00116778256615e+05 
3.28477131228900e+01 1.00119486261258e+05 
3.30056072961437e+01 1.00128018054360e+05 
3.31635023672678e+01 1.00132150877906e+05 
3.33213991393358e+01 1.00134486666348e+05 
3.34792973573956e+01 1.00136613292278e+05 
3.36371967535133e+01 1.00134662430318e+05 
3.37950973023584e+01 1.00135410745251e+05 
3.39529995672097e+01 1.00132157302109e+05 
3.41109029852060e+01 1.00129168716033e+05 
3.42688076087386e+01 1.00117273263273e+05 
3.44267132713632e+01 1.00106706378416e+05 
3.45846196509400e+01 1.00098445251816e+05 
3.47425273496765e+01 1.00095394558581e+05 
3.49004361808860e+01 1.00080599404680e+05 
3.50583454950604e+01 1.00070990709600e+05 
3.52162538750963e+01 1.00049741215373e+05 
3.53741611804014e+01 1.00031546773243e+05 
3.55320682312856e+01 1.00021127219428e+05 
3.56899754216115e+01 1.00016788630760e+05 
3.58478829107651e+01 9.99968458348616e+04 
3.60057904151544e+01 9.99848241766802e+04 
3.61636981099972e+01 9.99622927730656e+04 
3.63216068904539e+01 9.99434030708160e+04 
3.64795154283054e+01 9.99348990218645e+04 
3.66374236436593e+01 9.99311175585814e+04 
3.67953327010769e+01 9.99133091379888e+04 
3.69532427717678e+01 9.99034841015156e+04 
3.71111532244148e+01 9.98879010955058e+04 
3.72690630548262e+01 9.98754738554701e+04 
3.74269718145581e+01 9.98724807986447e+04 
3.75848778454541e+01 9.98713713568447e+04 
3.77427791017932e+01 9.98624730521258e+04 
3.79006746564164e+01 9.98588381949532e+04 
3.80585658512143e+01 9.98555667733665e+04 
3.82164521350274e+01 9.98533107183024e+04 
3.83743339522929e+01 9.98557348518382e+04 
3.85322143263643e+01 9.98560856779972e+04 
3.86900941565614e+01 9.98572886989492e+04 
3.88479738779336e+01 9.98597900987868e+04 
3.90058528607593e+01 9.98691417049605e+04 
3.91637297505779e+01 9.98777314457118e+04 
3.93216059461941e+01 9.98847509696529e+04 
3.94794833120710e+01 9.98862645812539e+04 
3.96373600136444e+01 9.98967139602650e+04 
3.97952355988724e+01 9.99037286759240e+04 
3.99531105564116e+01 9.99215199906845e+04 
4.01109853768128e+01 9.99369635589292e+04 
4.02688608742397e+01 9.99452014055585e+04 
4.04267381798270e+01 9.99468081940166e+04 
4.05846137319020e+01 9.99629545055487e+04 
4.07424858509869e+01 9.99722663246522e+04 
4.09003545163728e+01 9.99930398752589e+04 
4.10582217788816e+01 1.00010728166062e+05 
4.12160877638797e+01 1.00017766622969e+05 
4.13739537347660e+01 1.00019368932091e+05 
4.15318203524083e+01 1.00035780906501e+05 
4.16896877430492e+01 1.00044265224585e+05 
4.18475567572815e+01 1.00060935499046e+05 
4.20054296452478e+01 1.00075236552940e+05 
4.21633067849416e+01 1.00079508529771e+05 
4.23211896909693e+01 1.00081918504289e+05 
4.24790781339048e+01 1.00095247000549e+05 
4.26369644682292e+01 1.00102855053093e+05 
4.27948546539027e+01 1.00113069244421e+05 
4.29527445839470e+01 1.00122254076023e+05 
4.31106359297670e+01 1.00124353769957e+05 
4.32685306520852e+01 1.00127319638012e+05 
4.34264288504664e+01 1.00131743813846e+05 
4.35843293098335e+01 1.00134132223207e+05 
4.37422323857132e+01 1.00131248342409e+05 
4.39001362271449e+01 1.00129097494789e+05 
4.40580408935821e+01 1.00125754709445e+05 
4.42159461004656e+01 1.00126060945155e+05 
4.43738520952394e+01 1.00118195375651e+05 
4.45317586334686e+01 1.00113088575612e+05 
4.46896655731558e+01 1.00097298430746e+05 
4.48475732386247e+01 1.00083939730817e+05 
4.50054818277984e+01 1.00075814270083e+05 
4.51633912296472e+01 1.00073295926129e+05 
4.53213012689940e+01 1.00056528326909e+05 
4.54792124514439e+01 1.00046563219112e+05 
4.56371248172869e+01 1.00024671739929e+05 
4.57950380337933e+01 1.00006052754067e+05 
4.59529529680012e+01 9.99968408868091e+04 
4.61108663642278e+01 9.99930383773948e+04 
4.62687784498702e+01 9.99735369069114e+04 
4.64266899654798e+01 9.99622896638599e+04 
4.65846018793389e+01 9.99420294113542e+04 
4.67425141840204e+01 9.99250380972631e+04 
4.69004273753813e+01 9.99183620834691e+04 
4.70583412575278e+01 9.99151262360416e+04 
4.72162558287896e+01 9.99002591456703e+04 
4.73741661075397e+01 9.98924703996252e+04 
4.75320700293228e+01 9.98816116883464e+04 
4.76899693645184e+01 9.98728530065635e+04 
4.78478625125830e+01 9.98715580253699e+04 
4.80057508638390e+01 9.98702008842049e+04 
4.81636362087960e+01 9.98645974348309e+04 
4.83215191917349e+01 9.98624297254730e+04 
4.84794017791262e+01 9.98634762933285e+04 
4.86372824178603e+01 9.98646222123505e+04 
4.87951610644304e+01 9.98677991199356e+04 
4.89530401011878e+01 9.98673867827130e+04 
4.91109183405868e+01 9.98717629883589e+04 
4.92687968866861e+01 9.98754388809434e+04 
4.94266754364972e+01 9.98883781672555e+04 
4.95845515595664e+01 9.98999165152838e+04 
4.97424261075137e+01 9.99073257950404e+04 
4.99003006335041e+01 9.99084375516882e+04 
5.00581763017773e+01 9.99215201177191e+04 
5.02160540122954e+01 9.99294599681397e+04 
5.03739320513093e+01 9.99492083488149e+04 
5.05318084517488e+01 9.99664374187485e+04 
5.06896830101217e+01 9.99747278068083e+04 
5.08475554530749e+01 9.99768233104838e+04 
5.10054253922244e+01 9.99944082272000e+04 
5.11632927122317e+01 1.00004217914228e+05 
5.13211591090027e+01 1.00024352031209e+05 
5.14790271138448e+01 1.00041140378186e+05 
5.16368950153983e+01 1.00046990824857e+05 
5.17947643683201e+01 1.00048765340719e+05 
5.19526361004011e+01 1.00064626452820e+05 
5.21105113953299e+01 1.00073342250499e+05 
5.22683913894592e+01 1.00088790083954e+05 
5.24262776968112e+01 1.00102667314622e+05 
5.25841708838473e+01 1.00107375556744e+05 
5.27420666524036e+01 1.00111143255081e+05 
5.28999618489546e+01 1.00121857279058e+05 
5.30578577998667e+01 1.00127931293714e+05 
5.32157572283380e+01 1.00132979485860e+05 
5.33736576041167e+01 1.00137682987951e+05 
5.35315607809438e+01 1.00137772806609e+05 
5.36894666299000e+01 1.00140176362063e+05 
5.38473734460421e+01 1.00139951437831e+05 
5.40052812691421e+01 1.00139728558422e+05 
5.41631892761518e+01 1.00131256550901e+05 
5.43210976391154e+01 1.00123974104753e+05 
5.44790065647947e+01 1.00118307869633e+05 
5.46369153234515e+01 1.00117205105716e+05 
5.47948247591204e+01 1.00104864850555e+05 
5.49527345816088e+01 1.00097286894667e+05 
5.51106448015583e+01 1.00077907279665e+05 
5.52685553466649e+01 1.00061355095259e+05 
5.54264665842849e+01 1.00052195140769e+05 
5.55843786559346e+01 1.00048664316657e+05 
5.57422916964500e+01 1.00029564185650e+05 
5.59002049245996e+01 1.00018180542836e+05 
5.60581165652534e+01 9.99954759548263e+04 
5.62160267790978e+01 9.99759591269230e+04 
5.63739360456862e+01 9.99666490052954e+04 
5.65318446490167e+01 9.99618222427315e+04 
5.66897535039061e+01 9.99426541019812e+04 
5.68476637724107e+01 9.99316587305438e+04 
5.70055749148130e+01 9.99142902495269e+04 
5.71634862686760e+01 9.99000195597872e+04 
5.73213958959964e+01 9.98954138753843e+04 
5.74793010243427e+01 9.98926737776467e+04 
5.76372006427965e+01 9.98812644762024e+04 
5.77950939663717e+01 9.98752884223859e+04 
5.79529832749989e+01 9.98691207171195e+04 
5.81108693165340e+01 9.98642400519887e+04 
5.82687509560842e+01 9.98647706154862e+04 
5.84266313769464e+01 9.98637225167532e+04 
5.85845125473362e+01 9.98626399005480e+04 
5.87423932111164e+01 9.98629467422054e+04 
5.89002729936823e+01 9.98695827740109e+04 
5.90581527151859e+01 9.98754774635231e+04 
5.92160322137457e+01 9.98805529807472e+04 
5.93739114996228e+01 9.98805870998730e+04 
5.95317886882425e+01 9.98892933646799e+04 
5.96896638636060e+01 9.98948787586834e+04 
5.98475378197668e+01 9.99115974415904e+04 
6.00054119865173e+01 9.99261870759945e+04 
6.01632862541559e+01 9.99339193667075e+04 
6.03211632133958e+01 9.99351374957285e+04 
6.04790393685606e+01 9.99509048610356e+04 
6.06369130750726e+01 9.99598264134278e+04 
6.07947845152142e+01 9.99807259078573e+04 
6.09526543879465e+01 9.99986941443993e+04 
6.11105223433906e+01 1.00006023362420e+05 
6.12683891572993e+01 1.00007634455481e+05 
6.14262556334736e+01 1.00024440940731e+05 
6.15841213812268e+01 1.00033151137138e+05 
6.17419872970758e+01 1.00050771022559e+05 
6.18998556369791e+01 1.00066084294787e+05 
6.20577270573682e+01 1.00071125628288e+05 
6.22156028064752e+01 1.00073931379587e+05 
6.23734839507439e+01 1.00088488546078e+05 
6.25313719458757e+01 1.00096968153299e+05 
6.26892653364233e+01 1.00108856233626e+05 
6.28471589494630e+01 1.00119554064661e+05 
6.30050539658638e+01 1.00122647149388e+05 
6.31629516032019e+01 1.00126152476395e+05 
6.33208526762621e+01 1.00132235283047e+05 
6.34787557016783e+01 1.00135790835206e+05 
6.36366621209855e+01 1.00134825854656e+05 
6.37945707388512e+01 1.00134406896721e+05 
6.39524799651022e+01 1.00132184921829e+05 
6.41103898945289e+01 1.00133320741146e+05 
6.42682996768123e+01 1.00127299939033e+05 
6.44262099946042e+01 1.00123516179650e+05 
6.45841203235132e+01 1.00109395587204e+05 
6.47420308141056e+01 1.00097294760599e+05 
6.48999413857551e+01 1.00089789671842e+05 
6.50578522130705e+01 1.00087719755188e+05 
6.52157621383260e+01 1.00072004950761e+05 
6.53736716684331e+01 1.00062879069527e+05 
6.55315818735089e+01 1.00041696074262e+05 
6.56894924466357e+01 1.00023493746210e+05 
6.58474019305714e+01 1.00014274396042e+05 
6.60053094171804e+01 1.00010217183153e+05 
6.61632151021049e+01 9.99901182849928e+04 
6.63211194929648e+01 9.99783551157749e+04 
6.64790238951629e+01 9.99572982905822e+04 
6.66369283078166e+01 9.99397422295310e+04 
6.67948331393927e+01 9.99328146962551e+04 
6.69527394440034e+01 9.99294498351993e+04 
6.71106470639483e+01 9.99134998964985e+04 
6.72685553183821e+01 9.99046021580217e+04 
6.74264597024061e+01 9.98919223959684e+04 
6.75843590419925e+01 9.98815104360962e+04 
6.77422535684911e+01 9.98792622806263e+04 
6.79001426201263e+01 9.98773147600454e+04 
6.80580282864847e+01 9.98702986285656e+04 
6.82159111158328e+01 9.98668614729295e+04 
6.83737930861987e+01 9.98662256982970e+04 
6.85316731580176e+01 9.98657355569728e+04 
6.86895517906449e+01 9.98679353742311e+04 
6.88474307150474e+01 9.98668273540697e+04 
6.90053081989569e+01 9.98698173875253e+04 
6.91631854542290e+01 9.98721116868114e+04 
6.93210605590817e+01 9.98835294936850e+04 
6.94789329603387e+01 9.98935204629841e+04 
6.96368026296308e+01 9.98997911446841e+04 
6.97946722052352e+01 9.99000213217770e+04 
6.99525422636531e+01 9.99119017751949e+04 
7.01104134175452e+01 9.99186362331752e+04 
7.02682863349460e+01 9.99373159579890e+04 
7.04261613776249e+01 9.99534086693166e+04 
7.05840389189998e+01 9.99605927466765e+04 
7.07419152096647e+01 9.99616060741942e+04 
7.08997875851045e+01 9.99779783465208e+04 
7.10576561988164e+01 9.99867195068181e+04 
7.12155224399363e+01 1.00006108531573e+05 
7.13733888211252e+01 1.00022378386151e+05 
7.15312552146323e+01 1.00027601686568e+05 
7.16891217538037e+01 1.00028714025665e+05 
7.18469894024299e+01 1.00043887269239e+05 
7.20048591249784e+01 1.00052103791223e+05 
7.21627323468697e+01 1.00067416947344e+05 
7.23206109024455e+01 1.00081570296133e+05 
7.24784954490941e+01 1.00086662492899e+05 
7.26363845290400e+01 1.00091083972851e+05 
7.27942734676224e+01 1.00103098700890e+05 
7.29521620226019e+01 1.00110750154371e+05 
7.31100537643340e+01 1.00117950092651e+05 
7.32679464204612e+01 1.00124846162154e+05 
7.34258410448585e+01 1.00126914728356e+05 
7.35837409539245e+01 1.00131070618757e+05 
7.37416437257822e+01 1.00133378516909e+05 
7.38995475254834e+01 1.00135744813248e+05 
7.40574552767677e+01 1.00130541657415e+05 
7.42153656889771e+01 1.00126560129512e+05 
7.43732764020060e+01 1.00123919147020e+05 
7.45311875013272e+01 1.00125381301973e+05 
7.46890982702211e+01 1.00116237836322e+05 
7.48470091952905e+01 1.00111615576291e+05 
7.50049203089887e+01 1.00095500779102e+05 
7.51628314776675e+01 1.00082000338305e+05 
7.53207423108823e+01 1.00075554279317e+05 
7.54786534052723e+01 1.00074323894702e+05 
7.56365652919325e+01 1.00057706891434e+05 
7.57944760696322e+01 1.00048345760954e+05 
7.59523842322763e+01 1.00027426252437e+05 
7.61102907052860e+01 1.00009239781928e+05 
7.62681956345978e+01 1.00001021492086e+05 
7.64260997846199e+01 9.99970592930821e+04 
7.65840035006254e+01 9.99784935078093e+04 
7.67419079524643e+01 9.99676149436093e+04 
7.68998130220342e+01 9.99496747542581e+04 
7.70577190529444e+01 9.99342188315538e+04 
7.72156246322281e+01 9.99283234214635e+04 
7.73735304351853e+01 9.99242419436327e+04 
7.75314321962536e+01 9.99109059830062e+04 
7.76893280918668e+01 9.99028458347823e+04 
7.78472194406838e+01 9.98941473462394e+04 
7.80051082848022e+01 9.98864875760156e+04 
7.81629925315635e+01 9.98842811956246e+04 
7.83208748693117e+01 9.98806057009734e+04 
7.84787573742400e+01 9.98759497113545e+04 
7.86366399901977e+01 9.98725777335403e+04 
7.87945213840157e+01 9.98751074658348e+04 
7.89524022580153e+01 9.98771257890284e+04 
7.91102822345851e+01 9.98788279278061e+04 
7.92681598504246e+01 9.98762389069844e+04 
7.94260346032737e+01 9.98815325506439e+04 
7.95839065415183e+01 9.98838520498860e+04 
7.97417762739281e+01 9.98973190918192e+04 
7.98996452426869e+01 9.99089039161136e+04 
8.00575144475735e+01 9.99140858640004e+04 
8.02153853484350e+01 9.99133117635988e+04 
8.03732595753060e+01 9.99265303778100e+04 
8.05311360044327e+01 9.99333276582619e+04 
8.06890123775687e+01 9.99522290234328e+04 
8.08468842047536e+01 9.99687425877380e+04 
8.10047525333100e+01 9.99751608851457e+04 
8.11626191499556e+01 9.99763064521461e+04 
8.13204847650461e+01 9.99926457735516e+04 
8.14783488435453e+01 1.00001243987271e+05 
8.16362118439805e+01 1.00019012884803e+05 
8.17940760681954e+01 1.00034598251334e+05 
8.19519420697887e+01 1.00039926930280e+05 
8.21098112939899e+01 1.00043056822115e+05 
8.22676847318654e+01 1.00058327972696e+05 
8.24255638214298e+01 1.00067841574174e+05 
8.25834499430324e+01 1.00081588508694e+05 
8.27413394366513e+01 1.00094574479363e+05 
8.28992294477559e+01 1.00099914669916e+05 
8.30571223195795e+01 1.00105512079105e+05 
8.32150170578953e+01 1.00114470779314e+05 
8.33729147817309e+01 1.00120900555838e+05 
8.35308144311052e+01 1.00123431882729e+05 
8.36887168341859e+01 1.00126513595717e+05 
8.38466229777523e+01 1.00127484540212e+05 
8.40045316549114e+01 1.00131616380579e+05 
8.41624411095586e+01 1.00129542467560e+05 
8.43203503968559e+01 1.00129542886029e+05 
8.44782605557664e+01 1.00119350718903e+05 
8.46361711006565e+01 1.00110811735148e+05 
8.47940815795453e+01 1.00106343299738e+05 
8.49519911103720e+01 1.00106913473147e+05 
8.51098990973984e+01 1.00094308621748e+05 
8.52678065112851e+01 1.00087897291847e+05 
8.54257138686154e+01 1.00069364229727e+05 
8.55836217801970e+01 1.00053493389806e+05 
8.57415292183254e+01 1.00046346132621e+05 
8.58994341398339e+01 1.00044120926738e+05 
8.60573367332196e+01 1.00025830925416e+05 
8.62152374038746e+01 1.00015323880707e+05 
8.63731375811182e+01 9.99947398346795e+04 
8.65310375987192e+01 9.99768398687924e+04 
8.66889375552248e+01 9.99692744835663e+04 
8.68468385039286e+01 9.99649979396098e+04 
8.70047412609430e+01 9.99477575252472e+04 
8.71626443614392e+01 9.99373198224301e+04 
8.73205479962068e+01 9.99226112229625e+04 
8.74784503206073e+01 9.99099201901786e+04 
8.76363495572885e+01 9.99055139888221e+04 
8.77942431849901e+01 9.99015860835571e+04 
8.79521325309210e+01 9.98918685611341e+04 
8.81100185611205e+01 9.98855163603913e+04 
8.82679028525337e+01 9.98815326188256e+04 
8.84257843073351e+01 9.98776601867390e+04 
8.85836638116007e+01 9.98767732593452e+04 
8.87415446242167e+01 9.98730717659638e+04 
8.88994240315965e+01 9.98725826866414e+04 
8.90573022819536e+01 9.98714185794375e+04 
8.92151767527825e+01 9.98790829219855e+04 
8.93730477224399e+01 9.98856988491697e+04 
8.95309156458027e+01 9.98892040397808e+04 
8.96887826912112e+01 9.98874979760412e+04 
8.98466499713213e+01 9.98969271995395e+04 
9.00045176380459e+01 9.99015524930068e+04 
9.01623865154936e+01 9.99182897862928e+04 
9.03202569356564e+01 9.99328469382553e+04 
9.04781297063303e+01 9.99390094909054e+04 
9.06360054524564e+01 9.99393883260103e+04 
9.07938823357972e+01 9.99551016781559e+04 
9.09517541470789e+01 9.99635261885024e+04 
9.11096225648372e+01 9.99832150632194e+04 
9.12674903529327e+01 1.00000193659024e+05 
9.14253570626701e+01 1.00006327167755e+05 
9.15832226822998e+01 1.00008218285773e+05 
9.17410881565195e+01 1.00024423414567e+05 
9.18989546135373e+01 1.00033612107553e+05 
9.20568232887804e+01 1.00050403268358e+05 
9.22146961573564e+01 1.00065927170833e+05 
9.23725738596910e+01 1.00072125409644e+05 
9.25304579588404e+01 1.00077296083602e+05 
9.26883440768282e+01 1.00091061915391e+05 
9.28462302163992e+01 1.00100234988208e+05 
9.30041188904351e+01 1.00109780750904e+05 
9.31620089406748e+01 1.00118825931920e+05 
9.33199003766930e+01 1.00122341404726e+05 
9.34777965434557e+01 1.00127423078233e+05 
9.36356962709857e+01 1.00131710176429e+05 
9.37935970223798e+01 1.00135595287938e+05 
9.39515016043418e+01 1.00132501752474e+05 
9.41094095639123e+01 1.00130402760941e+05 
9.42673176496791e+01 1.00128853255659e+05 
9.44252272261732e+01 1.00131157175028e+05 
9.45831367419679e+01 1.00123504753824e+05 
9.47410472060425e+01 1.00119881220677e+05 
9.48989573503301e+01 1.00104721090919e+05 
9.50568658739766e+01 1.00091917833044e+05 
9.52147728697819e+01 1.00085671759881e+05 
9.53726794597599e+01 1.00084707113005e+05 
9.55305867647987e+01 1.00068607319454e+05 
9.56884942753968e+01 1.00059638731915e+05 
9.58463997516093e+01 1.00038801025310e+05 
9.60043026249207e+01 1.00020654632286e+05 
9.61622035600294e+01 1.00012383578613e+05 
9.63201032160052e+01 1.00008633093320e+05 
9.64780023140949e+01 9.99896200932176e+04 
9.66359014564617e+01 9.99783225830192e+04 
9.67938016196219e+01 9.99590513665007e+04 
9.69517021660862e+01 9.99422115775783e+04 
9.71096039307884e+01 9.99353208258064e+04 
9.72675053659434e+01 9.99307380312348e+04 
9.74254084969254e+01 9.99159631388276e+04 
9.75833089937247e+01 9.99067543823728e+04 
9.77412039501997e+01 9.98962389704968e+04 
9.78990956464850e+01 9.98868730214924e+04 
9.80569824734498e+01 9.98836629709323e+04 
9.82148662686850e+01 9.98795036892073e+04 
9.83727491375352e+01 9.98733385864548e+04 
9.85306321990684e+01 9.98687894850355e+04 
9.86885141869873e+01 9.98697401570020e+04 
9.88463960415929e+01 9.98704042592645e+04 
9.90042760737878e+01 9.98716038743864e+04 
9.91621528526767e+01 9.98689572863017e+04 
9.93200261516929e+01 9.98735510359833e+04 
9.94778958586317e+01 9.98754939157069e+04 
9.96357631314534e+01 9.98883300442223e+04 
9.97936285106285e+01 9.98993298987436e+04 
9.99514940149456e+01 9.99045103801296e+04 
1.00109360548212e+02 9.99039765955944e+04 
