# Liste des scalaires : TEMPS pmat 
0.00000000000000e+00 1.00000000000000e+05 
1.58013544018059e-01 1.00000000000000e+05 
3.16027088036117e-01 1.00000000000000e+05 
4.74040632054176e-01 1.00000000000000e+05 
6.32054176072234e-01 1.00000000000000e+05 
7.90067720090293e-01 1.00000000000000e+05 
9.48081264108351e-01 1.00000000000000e+05 
1.10609480812641e+00 1.00000000000000e+05 
1.26410835214447e+00 1.00000000000000e+05 
1.42212189616253e+00 1.00000000000000e+05 
1.58013544018058e+00 1.00000000000000e+05 
1.73814898419864e+00 1.00000000000000e+05 
1.89616252821670e+00 1.00000000000000e+05 
2.05417607223476e+00 1.00000000000000e+05 
2.21218961625282e+00 1.00000000000000e+05 
2.37020316027088e+00 1.00000000000000e+05 
2.52821670428893e+00 1.00000000000000e+05 
2.68623024830699e+00 1.00000000000000e+05 
2.84424379232505e+00 1.00000000000000e+05 
3.00225733634311e+00 1.00000000000000e+05 
3.16027088036116e+00 1.00000000000000e+05 
3.31828442437922e+00 1.00000000000000e+05 
3.47629796839728e+00 1.00000000000000e+05 
3.63431151241534e+00 1.00000000000000e+05 
3.79232505643340e+00 1.00000000000000e+05 
3.95033860045145e+00 1.00000000000000e+05 
4.10835214446951e+00 1.00000000000000e+05 
4.26636568848757e+00 1.00000000000000e+05 
4.42437923250563e+00 1.00000000000000e+05 
4.58239277652368e+00 1.00000000000000e+05 
4.74040632054174e+00 1.00000000000000e+05 
4.89841986455980e+00 1.00000000000000e+05 
5.05643340857771e+00 1.00000000000000e+05 
5.21444695259555e+00 1.00000000000000e+05 
5.37246049661106e+00 1.00000000000000e+05 
5.53047404062163e+00 1.00000000000000e+05 
5.68848758460807e+00 1.00000000000000e+05 
5.84650112860433e+00 1.00000000000000e+05 
6.00451467131846e+00 1.00000000000000e+05 
6.16252820860419e+00 1.00000000000000e+05 
6.32054173855849e+00 1.00000000000000e+05 
6.47855526263600e+00 1.00000000000000e+05 
6.63656878322570e+00 1.00000000000000e+05 
6.79458230116958e+00 1.00000000000000e+05 
6.95259581572868e+00 1.00000000000000e+05 
7.11060926486710e+00 1.00000000000000e+05 
7.26862123211782e+00 1.00000000000000e+05 
7.42662869286748e+00 1.00000000000000e+05 
7.58462797993242e+00 1.00000000000000e+05 
7.74261562363004e+00 1.00000000000000e+05 
7.90058972087802e+00 1.00000000000000e+05 
8.05854876760864e+00 1.00000000000000e+05 
8.21649327583521e+00 1.00000000000000e+05 
8.37442375590179e+00 1.00000000000000e+05 
8.53234121474706e+00 1.00000000000000e+05 
8.69024692780629e+00 1.00000000000000e+05 
8.84814294511368e+00 1.00000000000000e+05 
9.00603027516490e+00 1.00000000000000e+05 
9.16391060602912e+00 1.00000000000000e+05 
9.32178516379403e+00 1.00000000000000e+05 
9.47965513838773e+00 1.00000000000000e+05 
9.63751817790166e+00 1.00000000000000e+05 
9.79537550224774e+00 1.00000000000000e+05 
9.95322697641788e+00 1.00000000000000e+05 
1.01110732028936e+01 1.00000000000000e+05 
1.02689146274544e+01 1.00000000000000e+05 
1.04267523201822e+01 1.00000000000000e+05 
1.05845878187241e+01 1.00000000000000e+05 
1.07424234235056e+01 1.00000000000000e+05 
1.09002605183067e+01 1.00000000000000e+05 
1.10581011989153e+01 1.00000000000000e+05 
1.12159469760981e+01 1.00000000000000e+05 
1.13737958277871e+01 1.00000000000000e+05 
1.15316485112955e+01 1.00000000000000e+05 
1.16895059234703e+01 1.00000000000000e+05 
1.18473678135275e+01 1.00000000000000e+05 
1.20052343190564e+01 1.00000000000000e+05 
1.21631037930394e+01 1.00000000000000e+05 
1.23209755736488e+01 1.00000000000000e+05 
1.24788506295067e+01 1.00000000000000e+05 
1.26367295773036e+01 1.00000000000000e+05 
1.27946116815903e+01 1.00000000000000e+05 
1.29524970895918e+01 1.00000000000000e+05 
1.31103853882209e+01 1.00000000000000e+05 
1.32682764852580e+01 1.00000000000000e+05 
1.34261706139616e+01 1.00000000000000e+05 
1.35840685957871e+01 1.00000000000000e+05 
1.37419698795382e+01 1.00000000000000e+05 
1.38998748238769e+01 1.00000000000000e+05 
1.40577825863761e+01 1.00000000000000e+05 
1.42156900780669e+01 1.00000000000000e+05 
1.43735971547495e+01 1.00000000000000e+05 
1.45315042337418e+01 1.00000000000000e+05 
1.46894115576050e+01 1.00000000000000e+05 
1.48473186395545e+01 1.00000000000000e+05 
1.50052256719272e+01 1.00000000000000e+05 
1.51631330578148e+01 1.00000000000000e+05 
1.53210408171837e+01 1.00000000000000e+05 
1.54789489338296e+01 1.00000000000000e+05 
1.56368576354914e+01 1.00000000000000e+05 
1.57947669611646e+01 1.00000000000000e+05 
1.59526770505537e+01 1.00000000000000e+05 
1.61105878565459e+01 1.00000000000000e+05 
1.62684993007154e+01 1.00000000000000e+05 
1.64264117696543e+01 1.00000000000000e+05 
1.65843252894251e+01 1.00000000000000e+05 
1.67422394503545e+01 1.00000000000002e+05 
1.69001543231263e+01 1.00000000000012e+05 
1.70580702178261e+01 1.00000000000121e+05 
1.72159869071440e+01 1.00000000000301e+05 
1.73739045484328e+01 1.00000000005524e+05 
1.75318230870977e+01 1.00000000035713e+05 
1.76897420386758e+01 1.00000000337919e+05 
1.78476617082648e+01 1.00000000728474e+05 
1.80055822852594e+01 1.00000001283600e+05 
1.81635032871374e+01 1.00000002246053e+05 
1.83214252006964e+01 1.00000003958441e+05 
1.84793480458620e+01 1.00000006375699e+05 
1.86372715456650e+01 1.00000010228209e+05 
1.87951957601081e+01 1.00000015589429e+05 
1.89531209484135e+01 1.00000025076468e+05 
1.91110441089809e+01 1.00000041560201e+05 
1.92689571504680e+01 1.00000069195305e+05 
1.94268607791625e+01 1.00000108368679e+05 
1.95847566159270e+01 1.00000168268113e+05 
1.97426455229279e+01 1.00000247071223e+05 
1.99005279081235e+01 1.00000369463390e+05 
2.00584049686281e+01 1.00000545450173e+05 
2.02162789927353e+01 1.00000801756728e+05 
2.03741510118332e+01 1.00001130148137e+05 
2.05320225312322e+01 1.00001587394310e+05 
2.06898943694514e+01 1.00002134625714e+05 
2.08477672335517e+01 1.00002879026111e+05 
2.10056381883608e+01 1.00003783508064e+05 
2.11635073392954e+01 1.00004923374580e+05 
2.13213744206154e+01 1.00006236118331e+05 
2.14792406064660e+01 1.00007868563038e+05 
2.16371055052497e+01 1.00009627042187e+05 
2.17949698598769e+01 1.00011731138445e+05 
2.19528346543289e+01 1.00013928510212e+05 
2.21107022379036e+01 1.00016360428044e+05 
2.22685735446671e+01 1.00018979499489e+05 
2.24264499128177e+01 1.00021988942911e+05 
2.25843313783613e+01 1.00025023817467e+05 
2.27422178371839e+01 1.00028303635783e+05 
2.29001082195325e+01 1.00031241979116e+05 
2.30580026165052e+01 1.00033850002529e+05 
2.32159006750456e+01 1.00036331159877e+05 
2.33738008250518e+01 1.00038786975335e+05 
2.35317021841015e+01 1.00040837969377e+05 
2.36896047805334e+01 1.00042571429302e+05 
2.38475089535193e+01 1.00043287714942e+05 
2.40054144059897e+01 1.00042942832264e+05 
2.41633212527943e+01 1.00042134047366e+05 
2.43212294708959e+01 1.00041090220568e+05 
2.44791391765311e+01 1.00039913163253e+05 
2.46370501927731e+01 1.00038463277342e+05 
2.47949629062368e+01 1.00036296765186e+05 
2.49528766385629e+01 1.00033137115382e+05 
2.51107912664912e+01 1.00029536953739e+05 
2.52687065421895e+01 1.00025698257866e+05 
2.54266227275827e+01 1.00021992063983e+05 
2.55845402635157e+01 1.00018183525308e+05 
2.57424589006128e+01 1.00014119068941e+05 
2.59003774090588e+01 1.00009432478407e+05 
2.60582956021659e+01 1.00004542703314e+05 
2.62162142568713e+01 9.99994532400383e+04 
2.63741334755089e+01 9.99946540716910e+04 
2.65320531896202e+01 9.99899019219980e+04 
2.66899728755107e+01 9.99855212712529e+04 
2.68478922917635e+01 9.99811210116563e+04 
2.70058116301977e+01 9.99767004790334e+04 
2.71637307927613e+01 9.99719988481940e+04 
2.73216502821697e+01 9.99676629844577e+04 
2.74795690311203e+01 9.99634603668286e+04 
2.76374879055499e+01 9.99601424189329e+04 
2.77954041756501e+01 9.99574830851513e+04 
2.79533191433170e+01 9.99550235917481e+04 
2.81112322788099e+01 9.99523816899567e+04 
2.82691420252821e+01 9.99500356196633e+04 
2.84270498359011e+01 9.99477957919159e+04 
2.85849551367456e+01 9.99467705499784e+04 
2.87428577035279e+01 9.99469602004304e+04 
2.89007576935424e+01 9.99475133960605e+04 
2.90586554385742e+01 9.99480425206657e+04 
2.92165508783833e+01 9.99489010305093e+04 
2.93744443359554e+01 9.99495857232419e+04 
2.95323353920958e+01 9.99513189337572e+04 
2.96902253081402e+01 9.99544354267270e+04 
2.98481142776169e+01 9.99579478529116e+04 
3.00059979647156e+01 9.99615587277951e+04 
3.01638770985754e+01 9.99652088036635e+04 
3.03217523516603e+01 9.99687133591286e+04 
3.04796254231717e+01 9.99728636720033e+04 
3.06374979890028e+01 9.99780718295354e+04 
3.07953682566008e+01 9.99834638656404e+04 
3.09532360866590e+01 9.99890868517738e+04 
3.11111009485845e+01 9.99944537148908e+04 
3.12689642148262e+01 9.99996398944232e+04 
3.14268269801884e+01 1.00004679574609e+05 
3.15846899752751e+01 1.00010078330410e+05 
3.17425539745552e+01 1.00015570828204e+05 
3.19004203627167e+01 1.00021261425679e+05 
3.20582896401381e+01 1.00026454856880e+05 
3.22161632234601e+01 1.00031491613041e+05 
3.23740425511432e+01 1.00035601683115e+05 
3.25319290751244e+01 1.00039148841384e+05 
3.26898202982419e+01 1.00042608469159e+05 
3.28477131228900e+01 1.00046104486614e+05 
3.30056072961437e+01 1.00049017028177e+05 
3.31635023672678e+01 1.00051841697548e+05 
3.33213991393358e+01 1.00053352552337e+05 
3.34792973573956e+01 1.00053549366512e+05 
3.36371967535133e+01 1.00053604125256e+05 
3.37950973023584e+01 1.00053633473548e+05 
3.39529995672097e+01 1.00053102257695e+05 
3.41109029852060e+01 1.00052520232318e+05 
3.42688076087386e+01 1.00050991782257e+05 
3.44267132713632e+01 1.00047799329443e+05 
3.45846196509400e+01 1.00044369309129e+05 
3.47425273496765e+01 1.00040753787816e+05 
3.49004361808860e+01 1.00036827069809e+05 
3.50583454950604e+01 1.00033040847716e+05 
3.52162538750963e+01 1.00028424702373e+05 
3.53741611804014e+01 1.00022530057661e+05 
3.55320682312856e+01 1.00016456015510e+05 
3.56899754216115e+01 1.00010181527584e+05 
3.58478829107651e+01 1.00003790863339e+05 
3.60057904151544e+01 9.99976252937023e+04 
3.61636981099972e+01 9.99914928500440e+04 
3.63216068904539e+01 9.99848255390256e+04 
3.64795154283054e+01 9.99782819921791e+04 
3.66374236436593e+01 9.99715374570499e+04 
3.67953327010769e+01 9.99650177090955e+04 
3.69532427717678e+01 9.99587425393789e+04 
3.71111532244148e+01 9.99533441570949e+04 
3.72690630548262e+01 9.99483487164629e+04 
3.74269718145581e+01 9.99437509043452e+04 
3.75848778454541e+01 9.99390722716836e+04 
3.77427791017932e+01 9.99348201814998e+04 
3.79006746564164e+01 9.99307566112217e+04 
3.80585658512143e+01 9.99281823566713e+04 
3.82164521350274e+01 9.99268224930280e+04 
3.83743339522929e+01 9.99259275211712e+04 
3.85322143263643e+01 9.99251040199006e+04 
3.86900941565614e+01 9.99248468681508e+04 
3.88479738779336e+01 9.99246508178420e+04 
3.90058528607593e+01 9.99259563419883e+04 
3.91637297505779e+01 9.99289466870249e+04 
3.93216059461941e+01 9.99323081543985e+04 
3.94794833120710e+01 9.99358463313971e+04 
3.96373600136444e+01 9.99396983945342e+04 
3.97952355988724e+01 9.99433344967049e+04 
3.99531105564116e+01 9.99480835645526e+04 
4.01109853768128e+01 9.99543513635296e+04 
4.02688608742397e+01 9.99608498309892e+04 
4.04267381798270e+01 9.99676008893940e+04 
4.05846137319020e+01 9.99744547692022e+04 
4.07424858509869e+01 9.99809299159924e+04 
4.09003545163728e+01 9.99876023926524e+04 
4.10582217788816e+01 9.99951425567638e+04 
4.12160877638797e+01 1.00002720971950e+05 
4.13739537347660e+01 1.00010501737814e+05 
4.15318203524083e+01 1.00018058162132e+05 
4.16896877430492e+01 1.00025298128882e+05 
4.18475567572815e+01 1.00031796267334e+05 
4.20054296452478e+01 1.00038225808024e+05 
4.21633067849416e+01 1.00044262126451e+05 
4.23211896909693e+01 1.00050363235539e+05 
4.24790781339048e+01 1.00056007672031e+05 
4.26369644682292e+01 1.00061328025307e+05 
4.27948546539027e+01 1.00065116093213e+05 
4.29527445839470e+01 1.00067877048211e+05 
4.31106359297670e+01 1.00070129184075e+05 
4.32685306520852e+01 1.00072301016621e+05 
4.34264288504664e+01 1.00073948754933e+05 
4.35843293098335e+01 1.00075379501876e+05 
4.37422323857132e+01 1.00075126481952e+05 
4.39001362271449e+01 1.00073278874435e+05 
4.40580408935821e+01 1.00071010707277e+05 
4.42159461004656e+01 1.00068619192060e+05 
4.43738520952394e+01 1.00065925287461e+05 
4.45317586334686e+01 1.00063306522718e+05 
4.46896655731558e+01 1.00059572531474e+05 
4.48475732386247e+01 1.00054200137503e+05 
4.50054818277984e+01 1.00048654705081e+05 
4.51633912296472e+01 1.00042915146195e+05 
4.53213012689940e+01 1.00037002144192e+05 
4.54792124514439e+01 1.00031462791145e+05 
4.56371248172869e+01 1.00025339988221e+05 
4.57950380337933e+01 1.00018102183488e+05 
4.59529529680012e+01 1.00010910069090e+05 
4.61108663642278e+01 1.00003580443253e+05 
4.62687784498702e+01 9.99963149262430e+04 
4.64266899654798e+01 9.99894141995908e+04 
4.65846018793389e+01 9.99829090015212e+04 
4.67425141840204e+01 9.99761018433157e+04 
4.69004273753813e+01 9.99695491269394e+04 
4.70583412575278e+01 9.99628942509909e+04 
4.72162558287896e+01 9.99565454981483e+04 
4.73741661075397e+01 9.99505023949192e+04 
4.75320700293228e+01 9.99456707326148e+04 
4.76899693645184e+01 9.99414114781039e+04 
4.78478625125830e+01 9.99375945232948e+04 
4.80057508638390e+01 9.99338108869854e+04 
4.81636362087960e+01 9.99305348362349e+04 
4.83215191917349e+01 9.99274190900988e+04 
4.84794017791262e+01 9.99259647485773e+04 
4.86372824178603e+01 9.99258387281672e+04 
4.87951610644304e+01 9.99261191292227e+04 
4.89530401011878e+01 9.99265320542249e+04 
4.91109183405868e+01 9.99274676608751e+04 
4.92687968866861e+01 9.99284434715037e+04 
4.94266754364972e+01 9.99307783029746e+04 
4.95845515595664e+01 9.99348455309065e+04 
4.97424261075137e+01 9.99391745090074e+04 
4.99003006335041e+01 9.99436849809648e+04 
5.00581763017773e+01 9.99484667314851e+04 
5.02160540122954e+01 9.99530224161842e+04 
5.03739320513093e+01 9.99583779267730e+04 
5.05318084517488e+01 9.99651034129077e+04 
5.06896830101217e+01 9.99718893155344e+04 
5.08475554530749e+01 9.99788687548204e+04 
5.10054253922244e+01 9.99857294392917e+04 
5.11632927122317e+01 9.99923551977022e+04 
5.13211591090027e+01 9.99988957751420e+04 
5.14790271138448e+01 1.00006141903354e+05 
5.16368950153983e+01 1.00013288654431e+05 
5.17947643683201e+01 1.00020575105657e+05 
5.19526361004011e+01 1.00027543076162e+05 
5.21105113953299e+01 1.00034261439498e+05 
5.22683913894592e+01 1.00040096749593e+05 
5.24262776968112e+01 1.00045656154985e+05 
5.25841708838473e+01 1.00050901233830e+05 
5.27420666524036e+01 1.00056106335679e+05 
5.28999618489546e+01 1.00060777118040e+05 
5.30578577998667e+01 1.00065265579613e+05 
5.32157572283380e+01 1.00068185047385e+05 
5.33736576041167e+01 1.00069997763725e+05 
5.35315607809438e+01 1.00071408261566e+05 
5.36894666299000e+01 1.00072677118765e+05 
5.38473734460421e+01 1.00073393818692e+05 
5.40052812691421e+01 1.00074030004656e+05 
5.41631892761518e+01 1.00072948145348e+05 
5.43210976391154e+01 1.00070322817859e+05 
5.44790065647947e+01 1.00067321326467e+05 
5.46369153234515e+01 1.00064125618335e+05 
5.47948247591204e+01 1.00060592187498e+05 
5.49527345816088e+01 1.00057260149894e+05 
5.51106448015583e+01 1.00052708235048e+05 
5.52685553466649e+01 1.00046655060122e+05 
5.54264665842849e+01 1.00040466869708e+05 
5.55843786559346e+01 1.00034065014050e+05 
5.57422916964500e+01 1.00027525784836e+05 
5.59002049245996e+01 1.00021300919840e+05 
5.60581165652534e+01 1.00014679060192e+05 
5.62160267790978e+01 1.00007142063353e+05 
5.63739360456862e+01 9.99996459184486e+04 
5.65318446490167e+01 9.99920126170737e+04 
5.66897535039061e+01 9.99846558786084e+04 
5.68476637724107e+01 9.99776684394878e+04 
5.70055749148130e+01 9.99712938020778e+04 
5.71634862686760e+01 9.99648289938065e+04 
5.73213958959964e+01 9.99586868146434e+04 
5.74793010243427e+01 9.99525857531218e+04 
5.76372006427965e+01 9.99469624388614e+04 
5.77950939663717e+01 9.99416295709521e+04 
5.79529832749989e+01 9.99376679152094e+04 
5.81108693165340e+01 9.99345048547192e+04 
5.82687509560842e+01 9.99317437986199e+04 
5.84266313769464e+01 9.99290992640412e+04 
5.85845125473362e+01 9.99271116722701e+04 
5.87423932111164e+01 9.99252147156086e+04 
5.89002729936823e+01 9.99250430969104e+04 
5.90581527151859e+01 9.99263497960380e+04 
5.92160322137457e+01 9.99279132597118e+04 
5.93739114996228e+01 9.99296429656891e+04 
5.95317886882425e+01 9.99320469779050e+04 
5.96896638636060e+01 9.99340543969244e+04 
5.98475378197668e+01 9.99376361343529e+04 
6.00054119865173e+01 9.99429506599228e+04 
6.01632862541559e+01 9.99483878593498e+04 
6.03211632133958e+01 9.99540001718257e+04 
6.04790393685606e+01 9.99598764597659e+04 
6.06369130750726e+01 9.99654854242297e+04 
6.07947845152142e+01 9.99718138155407e+04 
6.09526543879465e+01 9.99794126177656e+04 
6.11105223433906e+01 9.99869076953247e+04 
6.12683891572993e+01 9.99945677549357e+04 
6.14262556334736e+01 1.00002068278048e+05 
6.15841213812268e+01 1.00009327525070e+05 
6.17419872970758e+01 1.00016267459458e+05 
6.18998556369791e+01 1.00023656477536e+05 
6.20577270573682e+01 1.00030835130083e+05 
6.22156028064752e+01 1.00037975551725e+05 
6.23734839507439e+01 1.00044593792151e+05 
6.25313719458757e+01 1.00050914602335e+05 
6.26892653364233e+01 1.00055993737714e+05 
6.28471589494630e+01 1.00060362316863e+05 
6.30050539658638e+01 1.00064339341123e+05 
6.31629516032019e+01 1.00068130799411e+05 
6.33208526762621e+01 1.00071160542716e+05 
6.34787557016783e+01 1.00074013520819e+05 
6.36366621209855e+01 1.00075128990377e+05 
6.37945707388512e+01 1.00074762331821e+05 
6.39524799651022e+01 1.00074059578062e+05 
6.41103898945289e+01 1.00073210627279e+05 
6.42682996768123e+01 1.00071741921398e+05 
6.44262099946042e+01 1.00070226821938e+05 
6.45841203235132e+01 1.00067435232978e+05 
6.47420308141056e+01 1.00062861297399e+05 
6.48999413857551e+01 1.00058056531387e+05 
6.50578522130705e+01 1.00053132448181e+05 
6.52157621383260e+01 1.00047855475806e+05 
6.53736716684331e+01 1.00042964276670e+05 
6.55315818735089e+01 1.00037154183583e+05 
6.56894924466357e+01 1.00030009184627e+05 
6.58474019305714e+01 1.00022919213064e+05 
6.60053094171804e+01 1.00015745450487e+05 
6.61632151021049e+01 1.00008643542980e+05 
6.63211194929648e+01 1.00001810512134e+05 
6.64790238951629e+01 9.99950977610087e+04 
6.66369283078166e+01 9.99878105036776e+04 
6.67948331393927e+01 9.99807719389766e+04 
6.69527394440034e+01 9.99737176808617e+04 
6.71106470639483e+01 9.99670214943663e+04 
6.72685553183821e+01 9.99606239452834e+04 
6.74264597024061e+01 9.99551604621596e+04 
6.75843590419925e+01 9.99500809403537e+04 
6.77422535684911e+01 9.99453516582575e+04 
6.79001426201263e+01 9.99406859460116e+04 
6.80580282864847e+01 9.99366968886556e+04 
6.82159111158328e+01 9.99328324763977e+04 
6.83737930861987e+01 9.99305073199920e+04 
6.85316731580176e+01 9.99293616910866e+04 
6.86895517906449e+01 9.99284462750447e+04 
6.88474307150474e+01 9.99276042433531e+04 
6.90053081989569e+01 9.99275224390851e+04 
6.91631854542290e+01 9.99273576490739e+04 
6.93210605590817e+01 9.99287838448824e+04 
6.94789329603387e+01 9.99318415179461e+04 
6.96368026296308e+01 9.99350040292105e+04 
6.97946722052352e+01 9.99382689184174e+04 
6.99525422636531e+01 9.99420356114288e+04 
7.01104134175452e+01 9.99455371079227e+04 
7.02682863349460e+01 9.99501791539341e+04 
7.04261613776249e+01 9.99563760235543e+04 
7.05840389189998e+01 9.99625911331946e+04 
7.07419152096647e+01 9.99689253716906e+04 
7.08997875851045e+01 9.99754072074783e+04 
7.10576561988164e+01 9.99815932872044e+04 
7.12155224399363e+01 9.99881109513938e+04 
7.13733888211252e+01 9.99955836586740e+04 
7.15312552146323e+01 1.00003042241179e+05 
7.16891217538037e+01 1.00010652161876e+05 
7.18469894024299e+01 1.00017955202079e+05 
7.20048591249784e+01 1.00025036263258e+05 
7.21627323468697e+01 1.00031526322371e+05 
7.23206109024455e+01 1.00037983314050e+05 
7.24784954490941e+01 1.00044207076074e+05 
7.26363845290400e+01 1.00050347044766e+05 
7.27942734676224e+01 1.00055771146799e+05 
7.29521620226019e+01 1.00060958213097e+05 
7.31100537643340e+01 1.00064670513963e+05 
7.32679464204612e+01 1.00067394710031e+05 
7.34258410448585e+01 1.00069803187006e+05 
7.35837409539245e+01 1.00072075421994e+05 
7.37416437257822e+01 1.00073582993135e+05 
7.38995475254834e+01 1.00074971064665e+05 
7.40574552767677e+01 1.00074570601478e+05 
7.42153656889771e+01 1.00072552637527e+05 
7.43732764020060e+01 1.00070216903496e+05 
7.45311875013272e+01 1.00067704120650e+05 
7.46890982702211e+01 1.00064636882925e+05 
7.48470091952905e+01 1.00061697437660e+05 
7.50049203089887e+01 1.00057402132950e+05 
7.51628314776675e+01 1.00051518615840e+05 
7.53207423108823e+01 1.00045477945850e+05 
7.54786534052723e+01 1.00039347359177e+05 
7.56365652919325e+01 1.00032975110357e+05 
7.57944760696322e+01 1.00026933497545e+05 
7.59523842322763e+01 1.00020395478148e+05 
7.61102907052860e+01 1.00012750695085e+05 
7.62681956345978e+01 1.00005212659371e+05 
7.64260997846199e+01 9.99976627089196e+04 
7.65840035006254e+01 9.99903937690502e+04 
7.67419079524643e+01 9.99835428008279e+04 
7.68998130220342e+01 9.99772385519951e+04 
7.70577190529444e+01 9.99707118815120e+04 
7.72156246322281e+01 9.99645224100482e+04 
7.73735304351853e+01 9.99584426834151e+04 
7.75314321962536e+01 9.99528545677595e+04 
7.76893280918668e+01 9.99475622260596e+04 
7.78472194406838e+01 9.99435138242805e+04 
7.80051082848022e+01 9.99401773578823e+04 
7.81629925315635e+01 9.99371491052503e+04 
7.83208748693117e+01 9.99342097898266e+04 
7.84787573742400e+01 9.99319763375794e+04 
7.86366399901977e+01 9.99297874857206e+04 
7.87945213840157e+01 9.99291895183650e+04 
7.89524022580153e+01 9.99300217015668e+04 
7.91102822345851e+01 9.99310320665400e+04 
7.92681598504246e+01 9.99321357679153e+04 
7.94260346032737e+01 9.99338975158554e+04 
7.95839065415183e+01 9.99355675520251e+04 
7.97417762739281e+01 9.99383738269788e+04 
7.98996452426869e+01 9.99429170687797e+04 
8.00575144475735e+01 9.99475529585963e+04 
8.02153853484350e+01 9.99523215758206e+04 
8.03732595753060e+01 9.99574981920342e+04 
8.05311360044327e+01 9.99623632507847e+04 
8.06890123775687e+01 9.99680581628384e+04 
8.08468842047536e+01 9.99751270668774e+04 
8.10047525333100e+01 9.99820490814294e+04 
8.11626191499556e+01 9.99891622290635e+04 
8.13204847650461e+01 9.99962715064725e+04 
8.14783488435453e+01 1.00003153999206e+05 
8.16362118439805e+01 1.00009905125786e+05 
8.17940760681954e+01 1.00017275944496e+05 
8.19519420697887e+01 1.00024543333860e+05 
8.21098112939899e+01 1.00031840917779e+05 
8.22676847318654e+01 1.00038751212206e+05 
8.24255638214298e+01 1.00045390447807e+05 
8.25834499430324e+01 1.00050963009535e+05 
8.27413394366513e+01 1.00056054424246e+05 
8.28992294477559e+01 1.00060776503172e+05 
8.30571223195795e+01 1.00065323347926e+05 
8.32150170578953e+01 1.00069186105890e+05 
8.33729147817309e+01 1.00072812732713e+05 
8.35308144311052e+01 1.00074758592706e+05 
8.36887168341859e+01 1.00075420881904e+05 
8.38466229777523e+01 1.00075688756771e+05 
8.40045316549114e+01 1.00075752639279e+05 
8.41624411095586e+01 1.00075172017158e+05 
8.43203503968559e+01 1.00074533069848e+05 
8.44782605557664e+01 1.00072278287980e+05 
8.46361711006565e+01 1.00068347461050e+05 
8.47940815795453e+01 1.00064104705798e+05 
8.49519911103720e+01 1.00059662063994e+05 
8.51098990973984e+01 1.00054818364287e+05 
8.52678065112851e+01 1.00050196555679e+05 
8.54257138686154e+01 1.00044546758575e+05 
8.55836217801970e+01 1.00037453672966e+05 
8.57415292183254e+01 1.00030326660525e+05 
8.58994341398339e+01 1.00023062092665e+05 
8.60573367332196e+01 1.00015721018236e+05 
8.62152374038746e+01 1.00008686419946e+05 
8.63731375811182e+01 1.00001647649191e+05 
8.65310375987192e+01 9.99938847232427e+04 
8.66889375552248e+01 9.99863329311344e+04 
8.68468385039286e+01 9.99788071558695e+04 
8.70047412609430e+01 9.99715155992159e+04 
8.71626443614392e+01 9.99646234684600e+04 
8.73205479962068e+01 9.99586091313305e+04 
8.74784503206073e+01 9.99527878529197e+04 
8.76363495572885e+01 9.99473794198468e+04 
8.77942431849901e+01 9.99420349785024e+04 
8.79521325309210e+01 9.99371805123815e+04 
8.81100185611205e+01 9.99325740562430e+04 
8.82679028525337e+01 9.99295224535619e+04 
8.84257843073351e+01 9.99274883833583e+04 
8.85836638116007e+01 9.99258597018452e+04 
8.87415446242167e+01 9.99243395584619e+04 
8.88994240315965e+01 9.99234280209059e+04 
8.90573022819536e+01 9.99225783565246e+04 
8.92151767527825e+01 9.99234049069754e+04 
8.93730477224399e+01 9.99257792845256e+04 
8.95309156458027e+01 9.99284310971302e+04 
8.96887826912112e+01 9.99312483473721e+04 
8.98466499713213e+01 9.99345483426285e+04 
9.00045176380459e+01 9.99376883860122e+04 
9.01623865154936e+01 9.99421200924184e+04 
9.03202569356564e+01 9.99481011506824e+04 
9.04781297063303e+01 9.99543006046135e+04 
9.06360054524564e+01 9.99606892246031e+04 
9.07938823357972e+01 9.99673054905586e+04 
9.09517541470789e+01 9.99736243422443e+04 
9.11096225648372e+01 9.99804359240760e+04 
9.12674903529327e+01 9.99882911963305e+04 
9.14253570626701e+01 9.99963485040756e+04 
9.15832226822998e+01 1.00004564673449e+05 
9.17410881565195e+01 1.00012598660915e+05 
9.18989546135373e+01 1.00020353308160e+05 
9.20568232887804e+01 1.00027564081576e+05 
9.22146961573564e+01 1.00034941760539e+05 
9.23725738596910e+01 1.00042027363786e+05 
9.25304579588404e+01 1.00049067107881e+05 
9.26883440768282e+01 1.00055609840460e+05 
9.28462302163992e+01 1.00061776291601e+05 
9.30041188904351e+01 1.00066403455985e+05 
9.31620089406748e+01 1.00070195293766e+05 
9.33199003766930e+01 1.00073496634598e+05 
9.34777965434557e+01 1.00076636342244e+05 
9.36356962709857e+01 1.00079222902939e+05 
9.37935970223798e+01 1.00081485525348e+05 
9.39515016043418e+01 1.00081855239836e+05 
9.41094095639123e+01 1.00080657559132e+05 
9.42673176496791e+01 1.00078927135910e+05 
9.44252272261732e+01 1.00076981158386e+05 
9.45831367419679e+01 1.00074660504740e+05 
9.47410472060425e+01 1.00072254721117e+05 
9.48989573503301e+01 1.00068312947623e+05 
9.50568658739766e+01 1.00062691846750e+05 
9.52147728697819e+01 1.00056876842017e+05 
9.53726794597599e+01 1.00050856762783e+05 
9.55305867647987e+01 1.00044590021621e+05 
9.56884942753968e+01 1.00038543668281e+05 
9.58463997516093e+01 1.00031820067995e+05 
9.60043026249207e+01 1.00023858100906e+05 
9.61622035600294e+01 1.00016000449320e+05 
9.63201032160052e+01 1.00008002203271e+05 
9.64780023140949e+01 1.00000135272629e+05 
9.66359014564617e+01 9.99926440598554e+04 
9.67938016196219e+01 9.99855939802542e+04 
9.69517021660862e+01 9.99780940398836e+04 
9.71096039307884e+01 9.99709315726483e+04 
9.72675053659434e+01 9.99637889994374e+04 
9.74254084969254e+01 9.99569309269911e+04 
9.75833089937247e+01 9.99504486910936e+04 
9.77412039501997e+01 9.99452354648840e+04 
9.78990956464850e+01 9.99405475217118e+04 
9.80569824734498e+01 9.99363200616915e+04 
9.82148662686850e+01 9.99321690339898e+04 
9.83727491375352e+01 9.99284992672377e+04 
9.85306321990684e+01 9.99250398351402e+04 
9.86885141869873e+01 9.99233145783562e+04 
9.88463960415929e+01 9.99228684265838e+04 
9.90042760737878e+01 9.99228632997398e+04 
9.91621528526767e+01 9.99230071218342e+04 
9.93200261516929e+01 9.99236535649407e+04 
9.94778958586317e+01 9.99243917489639e+04 
9.96357631314534e+01 9.99265776092897e+04 
9.97936285106285e+01 9.99304520612442e+04 
9.99514940149456e+01 9.99346568542315e+04 
1.00109360548212e+02 9.99390728114099e+04 
