# Liste des scalaires : TEMPS pmat 
0.00000000000000e+00 1.00000000000000e+05 
1.58013544018059e-01 1.00000000000000e+05 
3.16027088036117e-01 1.00000000000000e+05 
4.74040632054176e-01 1.00000000000000e+05 
6.32054176072234e-01 1.00000000000000e+05 
7.90067720090293e-01 1.00000000000000e+05 
9.48081264108351e-01 1.00000000000000e+05 
1.10609480812641e+00 1.00000000000000e+05 
1.26410835214447e+00 1.00000000000000e+05 
1.42212189616253e+00 1.00000000000000e+05 
1.58013544018058e+00 1.00000000000000e+05 
1.73814898419864e+00 1.00000000000000e+05 
1.89616252821670e+00 1.00000000000000e+05 
2.05417607223476e+00 1.00000000000000e+05 
2.21218961625282e+00 1.00000000000000e+05 
2.37020316027088e+00 1.00000000000000e+05 
2.52821670428893e+00 1.00000000000000e+05 
2.68623024830699e+00 1.00000000000000e+05 
2.84424379232505e+00 1.00000000000000e+05 
3.00225733634311e+00 1.00000000000000e+05 
3.16027088036116e+00 1.00000000000000e+05 
3.31828442437922e+00 1.00000000000000e+05 
3.47629796839728e+00 1.00000000000000e+05 
3.63431151241534e+00 1.00000000000000e+05 
3.79232505643340e+00 1.00000000000000e+05 
3.95033860045145e+00 1.00000000000000e+05 
4.10835214446951e+00 1.00000000000000e+05 
4.26636568848757e+00 1.00000000000000e+05 
4.42437923250563e+00 1.00000000000000e+05 
4.58239277652368e+00 1.00000000000000e+05 
4.74040632054174e+00 1.00000000000000e+05 
4.89841986455980e+00 1.00000000000000e+05 
5.05643340857771e+00 1.00000000000000e+05 
5.21444695259555e+00 1.00000000000000e+05 
5.37246049661106e+00 1.00000000000000e+05 
5.53047404062163e+00 1.00000000000000e+05 
5.68848758460807e+00 1.00000000000000e+05 
5.84650112860433e+00 1.00000000000000e+05 
6.00451467131846e+00 1.00000000000000e+05 
6.16252820860419e+00 1.00000000000000e+05 
6.32054173855849e+00 1.00000000000000e+05 
6.47855526263600e+00 1.00000000000000e+05 
6.63656878322570e+00 1.00000000000000e+05 
6.79458230116958e+00 1.00000000000000e+05 
6.95259581572868e+00 1.00000000000000e+05 
7.11060926486710e+00 1.00000000000000e+05 
7.26862123211782e+00 1.00000000000000e+05 
7.42662869286748e+00 1.00000000000000e+05 
7.58462797993242e+00 1.00000000000000e+05 
7.74261562363004e+00 1.00000000000000e+05 
7.90058972087802e+00 1.00000000000000e+05 
8.05854876760864e+00 1.00000000000000e+05 
8.21649327583521e+00 1.00000000000000e+05 
8.37442375590179e+00 1.00000000000000e+05 
8.53234121474706e+00 1.00000000000000e+05 
8.69024692780629e+00 1.00000000000000e+05 
8.84814294511368e+00 1.00000000000000e+05 
9.00603027516490e+00 1.00000000000000e+05 
9.16391060602912e+00 1.00000000000000e+05 
9.32178516379403e+00 1.00000000000000e+05 
9.47965513838773e+00 1.00000000000000e+05 
9.63751817790166e+00 1.00000000000000e+05 
9.79537550224774e+00 1.00000000000000e+05 
9.95322697641788e+00 1.00000000000000e+05 
1.01110732028936e+01 1.00000000000000e+05 
1.02689146274544e+01 1.00000000000000e+05 
1.04267523201822e+01 1.00000000000000e+05 
1.05845878187241e+01 1.00000000000000e+05 
1.07424234235056e+01 1.00000000000000e+05 
1.09002605183067e+01 1.00000000000000e+05 
1.10581011989153e+01 1.00000000000000e+05 
1.12159469760981e+01 1.00000000000000e+05 
1.13737958277871e+01 1.00000000000000e+05 
1.15316485112955e+01 1.00000000000000e+05 
1.16895059234703e+01 1.00000000000000e+05 
1.18473678135275e+01 1.00000000000000e+05 
1.20052343190564e+01 1.00000000000000e+05 
1.21631037930394e+01 1.00000000000000e+05 
1.23209755736488e+01 1.00000000000000e+05 
1.24788506295067e+01 1.00000000000000e+05 
1.26367295773036e+01 1.00000000000000e+05 
1.27946116815903e+01 1.00000000000000e+05 
1.29524970895918e+01 1.00000000000000e+05 
1.31103853882209e+01 1.00000000000000e+05 
1.32682764852580e+01 1.00000000000000e+05 
1.34261706139616e+01 1.00000000000000e+05 
1.35840685957871e+01 1.00000000000000e+05 
1.37419698795382e+01 1.00000000000000e+05 
1.38998748238769e+01 1.00000000000000e+05 
1.40577825863761e+01 1.00000000000000e+05 
1.42156900780669e+01 1.00000000000000e+05 
1.43735971547495e+01 1.00000000000000e+05 
1.45315042337418e+01 1.00000000000000e+05 
1.46894115576050e+01 1.00000000000000e+05 
1.48473186395545e+01 1.00000000000000e+05 
1.50052256719272e+01 1.00000000000000e+05 
1.51631330578148e+01 1.00000000000000e+05 
1.53210408171837e+01 1.00000000000000e+05 
1.54789489338296e+01 1.00000000000000e+05 
1.56368576354914e+01 1.00000000000000e+05 
1.57947669611646e+01 1.00000000000000e+05 
1.59526770505537e+01 1.00000000000000e+05 
1.61105878565459e+01 1.00000000000000e+05 
1.62684993007154e+01 1.00000000000000e+05 
1.64264117696543e+01 1.00000000000000e+05 
1.65843252894251e+01 1.00000000000000e+05 
1.67422394503545e+01 1.00000000000000e+05 
1.69001543231263e+01 1.00000000000000e+05 
1.70580702178261e+01 1.00000000000000e+05 
1.72159869071440e+01 1.00000000000000e+05 
1.73739045484328e+01 1.00000000000000e+05 
1.75318230870977e+01 1.00000000000000e+05 
1.76897420386758e+01 1.00000000000000e+05 
1.78476617082648e+01 1.00000000000000e+05 
1.80055822852594e+01 1.00000000000000e+05 
1.81635032871374e+01 1.00000000000000e+05 
1.83214252006964e+01 1.00000000000000e+05 
1.84793480458620e+01 1.00000000000000e+05 
1.86372715456650e+01 1.00000000000000e+05 
1.87951957601081e+01 1.00000000000000e+05 
1.89531209484135e+01 1.00000000000000e+05 
1.91110441089809e+01 1.00000000000000e+05 
1.92689571504680e+01 1.00000000000000e+05 
1.94268607791625e+01 1.00000000000000e+05 
1.95847566159270e+01 1.00000000000000e+05 
1.97426455229279e+01 1.00000000000000e+05 
1.99005279081235e+01 1.00000000000000e+05 
2.00584049686281e+01 1.00000000000000e+05 
2.02162789927353e+01 1.00000000000000e+05 
2.03741510118332e+01 1.00000000000000e+05 
2.05320225312322e+01 1.00000000000001e+05 
2.06898943694514e+01 1.00000000000005e+05 
2.08477672335517e+01 1.00000000000032e+05 
2.10056381883608e+01 1.00000000000194e+05 
2.11635073392954e+01 1.00000000000557e+05 
2.13213744206154e+01 1.00000000003766e+05 
2.14792406064660e+01 1.00000000028404e+05 
2.16371055052497e+01 1.00000000096095e+05 
2.17949698598769e+01 1.00000000488903e+05 
2.19528346543289e+01 1.00000001053485e+05 
2.21107022379036e+01 1.00000001571443e+05 
2.22685735446671e+01 1.00000002703987e+05 
2.24264499128177e+01 1.00000004533819e+05 
2.25843313783613e+01 1.00000006886020e+05 
2.27422178371839e+01 1.00000010788863e+05 
2.29001082195325e+01 1.00000017606067e+05 
2.30580026165052e+01 1.00000027059037e+05 
2.32159006750456e+01 1.00000043659160e+05 
2.33738008250518e+01 1.00000067797266e+05 
2.35317021841015e+01 1.00000097917138e+05 
2.36896047805334e+01 1.00000142950762e+05 
2.38475089535193e+01 1.00000213614533e+05 
2.40054144059897e+01 1.00000307746554e+05 
2.41633212527943e+01 1.00000456636025e+05 
2.43212294708959e+01 1.00000658742422e+05 
2.44791391765311e+01 1.00000904989729e+05 
2.46370501927731e+01 1.00001238887172e+05 
2.47949629062368e+01 1.00001708306469e+05 
2.49528766385629e+01 1.00002313036517e+05 
2.51107912664912e+01 1.00003187554365e+05 
2.52687065421895e+01 1.00004309831276e+05 
2.54266227275827e+01 1.00005662226292e+05 
2.55845402635157e+01 1.00007393693353e+05 
2.57424589006128e+01 1.00009618789862e+05 
2.59003774090588e+01 1.00012414819077e+05 
2.60582956021659e+01 1.00016126459734e+05 
2.62162142568713e+01 1.00020536475854e+05 
2.63741334755089e+01 1.00025561391632e+05 
2.65320531896202e+01 1.00031228016370e+05 
2.66899728755107e+01 1.00037152318394e+05 
2.68478922917635e+01 1.00043584008669e+05 
2.70058116301977e+01 1.00050118708334e+05 
2.71637307927613e+01 1.00056112538526e+05 
2.73216502821697e+01 1.00061457837274e+05 
2.74795690311203e+01 1.00065280491448e+05 
2.76374879055499e+01 1.00066911807136e+05 
2.77954041756501e+01 1.00067784451179e+05 
2.79533191433170e+01 1.00067282086080e+05 
2.81112322788099e+01 1.00065697105997e+05 
2.82691420252821e+01 1.00063260482164e+05 
2.84270498359011e+01 1.00059537171952e+05 
2.85849551367456e+01 1.00054304842266e+05 
2.87428577035279e+01 1.00048963092767e+05 
2.89007576935424e+01 1.00043238137509e+05 
2.90586554385742e+01 1.00037204425277e+05 
2.92165508783833e+01 1.00030575882240e+05 
2.93744443359554e+01 1.00023561670517e+05 
2.95323353920958e+01 1.00015890233243e+05 
2.96902253081402e+01 1.00008142915570e+05 
2.98481142776169e+01 1.00000786423300e+05 
3.00059979647156e+01 9.99938354910646e+04 
3.01638770985754e+01 9.99865432676638e+04 
3.03217523516603e+01 9.99799114395868e+04 
3.04796254231717e+01 9.99737009736102e+04 
3.06374979890028e+01 9.99672575569756e+04 
3.07953682566008e+01 9.99615789537880e+04 
3.09532360866590e+01 9.99564657909307e+04 
3.11111009485845e+01 9.99509960993653e+04 
3.12689642148262e+01 9.99466279910867e+04 
3.14268269801884e+01 9.99433387090571e+04 
3.15846899752751e+01 9.99396378266247e+04 
3.17425539745552e+01 9.99366795816043e+04 
3.19004203627167e+01 9.99341205314815e+04 
3.20582896401381e+01 9.99312784689312e+04 
3.22161632234601e+01 9.99295961635738e+04 
3.23740425511432e+01 9.99292663882722e+04 
3.25319290751244e+01 9.99285312181793e+04 
3.26898202982419e+01 9.99283327589678e+04 
3.28477131228900e+01 9.99284465530581e+04 
3.30056072961437e+01 9.99284810738068e+04 
3.31635023672678e+01 9.99294938648720e+04 
3.33213991393358e+01 9.99319225487079e+04 
3.34792973573956e+01 9.99341863095004e+04 
3.36371967535133e+01 9.99367734092909e+04 
3.37950973023584e+01 9.99395658451974e+04 
3.39529995672097e+01 9.99426843928932e+04 
3.41109029852060e+01 9.99465688277552e+04 
3.42688076087386e+01 9.99516086265414e+04 
3.44267132713632e+01 9.99567833366571e+04 
3.45846196509400e+01 9.99621274732445e+04 
3.47425273496765e+01 9.99675919834579e+04 
3.49004361808860e+01 9.99736551280190e+04 
3.50583454950604e+01 9.99799607614274e+04 
3.52162538750963e+01 9.99869213371850e+04 
3.53741611804014e+01 9.99942205958109e+04 
3.55320682312856e+01 1.00001241498923e+05 
3.56899754216115e+01 1.00008017343467e+05 
3.58478829107651e+01 1.00015435664328e+05 
3.60057904151544e+01 1.00022336733387e+05 
3.61636981099972e+01 1.00028842254445e+05 
3.63216068904539e+01 1.00035540380465e+05 
3.64795154283054e+01 1.00041231927179e+05 
3.66374236436593e+01 1.00046109747909e+05 
3.67953327010769e+01 1.00051175647677e+05 
3.69532427717678e+01 1.00054897570700e+05 
3.71111532244148e+01 1.00057264524871e+05 
3.72690630548262e+01 1.00059624160381e+05 
3.74269718145581e+01 1.00060812261850e+05 
3.75848778454541e+01 1.00061193795946e+05 
3.77427791017932e+01 1.00061508617485e+05 
3.79006746564164e+01 1.00060551946437e+05 
3.80585658512143e+01 1.00058365405128e+05 
3.82164521350274e+01 1.00056379668580e+05 
3.83743339522929e+01 1.00053854428441e+05 
3.85322143263643e+01 1.00051006741297e+05 
3.86900941565614e+01 1.00047821487252e+05 
3.88479738779336e+01 1.00043705709379e+05 
3.90058528607593e+01 1.00038546206578e+05 
3.91637297505779e+01 1.00033541567289e+05 
3.93216059461941e+01 1.00028548971457e+05 
3.94794833120710e+01 1.00023596966433e+05 
3.96373600136444e+01 1.00018101213849e+05 
3.97952355988724e+01 1.00012110617737e+05 
3.99531105564116e+01 1.00005753717078e+05 
4.01109853768128e+01 9.99994655461214e+04 
4.02688608742397e+01 9.99937908167864e+04 
4.04267381798270e+01 9.99886081449712e+04 
4.05846137319020e+01 9.99830382834314e+04 
4.07424858509869e+01 9.99777599238058e+04 
4.09003545163728e+01 9.99728589398896e+04 
4.10582217788816e+01 9.99680339898108e+04 
4.12160877638797e+01 9.99641253556237e+04 
4.13739537347660e+01 9.99610253185746e+04 
4.15318203524083e+01 9.99576351136882e+04 
4.16896877430492e+01 9.99549131307388e+04 
4.18475567572815e+01 9.99530703929395e+04 
4.20054296452478e+01 9.99512674460042e+04 
4.21633067849416e+01 9.99503115036607e+04 
4.23211896909693e+01 9.99500517564029e+04 
4.24790781339048e+01 9.99497143721767e+04 
4.26369644682292e+01 9.99500645932716e+04 
4.27948546539027e+01 9.99513497771637e+04 
4.29527445839470e+01 9.99525137575327e+04 
4.31106359297670e+01 9.99541140001711e+04 
4.32685306520852e+01 9.99561164586473e+04 
4.34264288504664e+01 9.99583522626684e+04 
4.35843293098335e+01 9.99612097446459e+04 
4.37422323857132e+01 9.99649205476369e+04 
4.39001362271449e+01 9.99684969646200e+04 
4.40580408935821e+01 9.99720732754824e+04 
4.42159461004656e+01 9.99757729159201e+04 
4.43738520952394e+01 9.99800352514330e+04 
4.45317586334686e+01 9.99847792612752e+04 
4.46896655731558e+01 9.99900452445250e+04 
4.48475732386247e+01 9.99952857543232e+04 
4.50054818277984e+01 1.00000123859362e+05 
4.51633912296472e+01 1.00004650214475e+05 
4.53213012689940e+01 1.00010020332799e+05 
4.54792124514439e+01 1.00015454672213e+05 
4.56371248172869e+01 1.00020848525476e+05 
4.57950380337933e+01 1.00026321329101e+05 
4.59529529680012e+01 1.00031037393093e+05 
4.61108663642278e+01 1.00035091312260e+05 
4.62687784498702e+01 1.00039755151659e+05 
4.64266899654798e+01 1.00043963742130e+05 
4.65846018793389e+01 1.00047455649205e+05 
4.67425141840204e+01 1.00050921655749e+05 
4.69004273753813e+01 1.00053194493767e+05 
4.70583412575278e+01 1.00054440728544e+05 
4.72162558287896e+01 1.00055806281320e+05 
4.73741661075397e+01 1.00056176374361e+05 
4.75320700293228e+01 1.00055369206236e+05 
4.76899693645184e+01 1.00054498826762e+05 
4.78478625125830e+01 1.00052679585538e+05 
4.80057508638390e+01 1.00050120915718e+05 
4.81636362087960e+01 1.00047371436966e+05 
4.83215191917349e+01 1.00043778344920e+05 
4.84794017791262e+01 1.00039229452623e+05 
4.86372824178603e+01 1.00034691707899e+05 
4.87951610644304e+01 1.00029912011509e+05 
4.89530401011878e+01 1.00024915360718e+05 
4.91109183405868e+01 1.00019412642861e+05 
4.92687968866861e+01 1.00013463604695e+05 
4.94266754364972e+01 1.00007091975610e+05 
4.95845515595664e+01 1.00000778034023e+05 
4.97424261075137e+01 9.99950813382619e+04 
4.99003006335041e+01 9.99897709847935e+04 
5.00581763017773e+01 9.99839150611199e+04 
5.02160540122954e+01 9.99781691901021e+04 
5.03739320513093e+01 9.99726529331537e+04 
5.05318084517488e+01 9.99672209717791e+04 
5.06896830101217e+01 9.99628381291959e+04 
5.08475554530749e+01 9.99591845380344e+04 
5.10054253922244e+01 9.99550388244192e+04 
5.11632927122317e+01 9.99514240126887e+04 
5.13211591090027e+01 9.99482794075270e+04 
5.14790271138448e+01 9.99450968225959e+04 
5.16368950153983e+01 9.99430461655744e+04 
5.17947643683201e+01 9.99418761079985e+04 
5.19526361004011e+01 9.99403429210805e+04 
5.21105113953299e+01 9.99395220849736e+04 
5.22683913894592e+01 9.99394589233756e+04 
5.24262776968112e+01 9.99393986070183e+04 
5.25841708838473e+01 9.99402730518981e+04 
5.27420666524036e+01 9.99418979296154e+04 
5.28999618489546e+01 9.99435770113768e+04 
5.30578577998667e+01 9.99460482767495e+04 
5.32157572283380e+01 9.99493977396137e+04 
5.33736576041167e+01 9.99528987706582e+04 
5.35315607809438e+01 9.99568875573764e+04 
5.36894666299000e+01 9.99613959815619e+04 
5.38473734460421e+01 9.99664360405097e+04 
5.40052812691421e+01 9.99721678763667e+04 
5.41631892761518e+01 9.99785626264608e+04 
5.43210976391154e+01 9.99850900923464e+04 
5.44790065647947e+01 9.99913285044152e+04 
5.46369153234515e+01 9.99975356344744e+04 
5.47948247591204e+01 1.00004455743648e+05 
5.49527345816088e+01 1.00011672218474e+05 
5.51106448015583e+01 1.00019044017362e+05 
5.52685553466649e+01 1.00026439113434e+05 
5.54264665842849e+01 1.00032919603623e+05 
5.55843786559346e+01 1.00038608624845e+05 
5.57422916964500e+01 1.00044920857930e+05 
5.59002049245996e+01 1.00050817612942e+05 
5.60581165652534e+01 1.00056358194160e+05 
5.62160267790978e+01 1.00061874587619e+05 
5.63739360456862e+01 1.00065961779402e+05 
5.65318446490167e+01 1.00068799459221e+05 
5.66897535039061e+01 1.00071817167360e+05 
5.68476637724107e+01 1.00073856629546e+05 
5.70055749148130e+01 1.00074926712173e+05 
5.71634862686760e+01 1.00075763756802e+05 
5.73213958959964e+01 1.00075140993323e+05 
5.74793010243427e+01 1.00073290872405e+05 
5.76372006427965e+01 1.00071306972760e+05 
5.77950939663717e+01 1.00068319568068e+05 
5.79529832749989e+01 1.00064359230718e+05 
5.81108693165340e+01 1.00060212780608e+05 
5.82687509560842e+01 1.00055316853217e+05 
5.84266313769464e+01 1.00049759848113e+05 
5.85845125473362e+01 1.00043925858572e+05 
5.87423932111164e+01 1.00037462493299e+05 
5.89002729936823e+01 1.00030525352601e+05 
5.90581527151859e+01 1.00023552666276e+05 
5.92160322137457e+01 1.00016798084208e+05 
5.93739114996228e+01 1.00010128964657e+05 
5.95317886882425e+01 1.00002913623990e+05 
5.96896638636060e+01 9.99955286814415e+04 
5.98475378197668e+01 9.99880545086608e+04 
6.00054119865173e+01 9.99806106993107e+04 
6.01632862541559e+01 9.99741497460049e+04 
6.03211632133958e+01 9.99683475948557e+04 
6.04790393685606e+01 9.99620097034380e+04 
6.06369130750726e+01 9.99559999049990e+04 
6.07947845152142e+01 9.99504053645761e+04 
6.09526543879465e+01 9.99448086472918e+04 
6.11105223433906e+01 9.99405611716869e+04 
6.12683891572993e+01 9.99373299278823e+04 
6.14262556334736e+01 9.99336633044818e+04 
6.15841213812268e+01 9.99305215206694e+04 
6.17419872970758e+01 9.99280807991586e+04 
6.18998556369791e+01 9.99255828303860e+04 
6.20577270573682e+01 9.99243160412822e+04 
6.22156028064752e+01 9.99241131412118e+04 
6.23734839507439e+01 9.99238062088409e+04 
6.25313719458757e+01 9.99242336509122e+04 
6.26892653364233e+01 9.99255084199602e+04 
6.28471589494630e+01 9.99269164562422e+04 
6.30050539658638e+01 9.99291972506753e+04 
6.31629516032019e+01 9.99323356549514e+04 
6.33208526762621e+01 9.99357853166520e+04 
6.34787557016783e+01 9.99399626783187e+04 
6.36366621209855e+01 9.99450131330212e+04 
6.37945707388512e+01 9.99503358527914e+04 
6.39524799651022e+01 9.99560001839625e+04 
6.41103898945289e+01 9.99621037898886e+04 
6.42682996768123e+01 9.99689413897207e+04 
6.44262099946042e+01 9.99762730224230e+04 
6.45841203235132e+01 9.99840835890390e+04 
6.47420308141056e+01 9.99920916038377e+04 
6.48999413857551e+01 9.99995212972962e+04 
6.50578522130705e+01 1.00006724920725e+05 
6.52157621383260e+01 1.00014682943027e+05 
6.53736716684331e+01 1.00022742417630e+05 
6.55315818735089e+01 1.00030700364193e+05 
6.56894924466357e+01 1.00038703085745e+05 
6.58474019305714e+01 1.00045557961379e+05 
6.60053094171804e+01 1.00051465564084e+05 
6.61632151021049e+01 1.00057942144397e+05 
6.63211194929648e+01 1.00063734738388e+05 
6.64790238951629e+01 1.00068800930856e+05 
6.66369283078166e+01 1.00073790543592e+05 
6.67948331393927e+01 1.00077191425578e+05 
6.69527394440034e+01 1.00079127642212e+05 
6.71106470639483e+01 1.00081094331916e+05 
6.72685553183821e+01 1.00081923266107e+05 
6.74264597024061e+01 1.00081519076401e+05 
6.75843590419925e+01 1.00080850680858e+05 
6.77422535684911e+01 1.00078862142900e+05 
6.79001426201263e+01 1.00075735751574e+05 
6.80580282864847e+01 1.00072361459678e+05 
6.82159111158328e+01 1.00068055578238e+05 
6.83737930861987e+01 1.00062770345870e+05 
6.85316731580176e+01 1.00057256515316e+05 
6.86895517906449e+01 1.00051279003967e+05 
6.88474307150474e+01 1.00044851117108e+05 
6.90053081989569e+01 1.00037959262990e+05 
6.91631854542290e+01 1.00030682153418e+05 
6.93210605590817e+01 1.00022995927864e+05 
6.94789329603387e+01 1.00015213262464e+05 
6.96368026296308e+01 1.00007995112719e+05 
6.97946722052352e+01 1.00001011356609e+05 
6.99525422636531e+01 9.99933941883528e+04 
7.01104134175452e+01 9.99859288472802e+04 
7.02682863349460e+01 9.99786209811694e+04 
7.04261613776249e+01 9.99713871152930e+04 
7.05840389189998e+01 9.99654229810742e+04 
7.07419152096647e+01 9.99602834623869e+04 
7.08997875851045e+01 9.99546415663088e+04 
7.10576561988164e+01 9.99494744065945e+04 
7.12155224399363e+01 9.99448508123866e+04 
7.13733888211252e+01 9.99402591778163e+04 
7.15312552146323e+01 9.99370226075516e+04 
7.16891217538037e+01 9.99347967379755e+04 
7.18469894024299e+01 9.99324016668683e+04 
7.20048591249784e+01 9.99307169826930e+04 
7.21627323468697e+01 9.99297471239982e+04 
7.23206109024455e+01 9.99288107530209e+04 
7.24784954490941e+01 9.99290319269958e+04 
7.26363845290400e+01 9.99302993175414e+04 
7.27942734676224e+01 9.99316135938287e+04 
7.29521620226019e+01 9.99336595668997e+04 
7.31100537643340e+01 9.99366039436652e+04 
7.32679464204612e+01 9.99397547932665e+04 
7.34258410448585e+01 9.99436071406514e+04 
7.35837409539245e+01 9.99482155596559e+04 
7.37416437257822e+01 9.99532883807661e+04 
7.38995475254834e+01 9.99589560818145e+04 
7.40574552767677e+01 9.99653270586281e+04 
7.42153656889771e+01 9.99719022461059e+04 
7.43732764020060e+01 9.99784492674199e+04 
7.45311875013272e+01 9.99851708103679e+04 
7.46890982702211e+01 9.99926213726180e+04 
7.48470091952905e+01 1.00000293400955e+05 
7.50049203089887e+01 1.00008204208320e+05 
7.51628314776675e+01 1.00016179383839e+05 
7.53207423108823e+01 1.00023296858175e+05 
7.54786534052723e+01 1.00029826784279e+05 
7.56365652919325e+01 1.00037194482965e+05 
7.57944760696322e+01 1.00044208246953e+05 
7.59523842322763e+01 1.00050840589983e+05 
7.61102907052860e+01 1.00057494528172e+05 
7.62681956345978e+01 1.00062675693834e+05 
7.64260997846199e+01 1.00066754548483e+05 
7.65840035006254e+01 1.00070996237360e+05 
7.67419079524643e+01 1.00074304891247e+05 
7.68998130220342e+01 1.00076590806306e+05 
7.70577190529444e+01 1.00078658466066e+05 
7.72156246322281e+01 1.00079125551057e+05 
7.73735304351853e+01 1.00078226188601e+05 
7.75314321962536e+01 1.00077233971107e+05 
7.76893280918668e+01 1.00075242163450e+05 
7.78472194406838e+01 1.00072110425023e+05 
7.80051082848022e+01 1.00068713915630e+05 
7.81629925315635e+01 1.00064357723699e+05 
7.83208748693117e+01 1.00059099732168e+05 
7.84787573742400e+01 1.00053507552371e+05 
7.86366399901977e+01 1.00047297036381e+05 
7.87945213840157e+01 1.00040374996258e+05 
7.89524022580153e+01 1.00033362035648e+05 
7.91102822345851e+01 1.00026375545577e+05 
7.92681598504246e+01 1.00019261477689e+05 
7.94260346032737e+01 1.00011651681094e+05 
7.95839065415183e+01 1.00003990127786e+05 
7.97417762739281e+01 9.99961838765626e+04 
7.98996452426869e+01 9.99883449523522e+04 
8.00575144475735e+01 9.99814193535720e+04 
8.02153853484350e+01 9.99750145930757e+04 
8.03732595753060e+01 9.99680611669899e+04 
8.05311360044327e+01 9.99615453049061e+04 
8.06890123775687e+01 9.99554573004723e+04 
8.08468842047536e+01 9.99494454026899e+04 
8.10047525333100e+01 9.99448531935404e+04 
8.11626191499556e+01 9.99412182460401e+04 
8.13204847650461e+01 9.99371255088638e+04 
8.14783488435453e+01 9.99336647395339e+04 
8.16362118439805e+01 9.99308557094322e+04 
8.17940760681954e+01 9.99281078513109e+04 
8.19519420697887e+01 9.99266158371826e+04 
8.21098112939899e+01 9.99262676234035e+04 
8.22676847318654e+01 9.99256799625916e+04 
8.24255638214298e+01 9.99258102059694e+04 
8.25834499430324e+01 9.99268161896268e+04 
8.27413394366513e+01 9.99279660588679e+04 
8.28992294477559e+01 9.99300861549113e+04 
8.30571223195795e+01 9.99331653192648e+04 
8.32150170578953e+01 9.99364452674511e+04 
8.33729147817309e+01 9.99404030840245e+04 
8.35308144311052e+01 9.99452140015415e+04 
8.36887168341859e+01 9.99502720666258e+04 
8.38466229777523e+01 9.99557658727005e+04 
8.40045316549114e+01 9.99618345306753e+04 
8.41624411095586e+01 9.99684231663886e+04 
8.43203503968559e+01 9.99754678794719e+04 
8.44782605557664e+01 9.99830138649304e+04 
8.46361711006565e+01 9.99907594334361e+04 
8.47940815795453e+01 9.99980475981085e+04 
8.49519911103720e+01 1.00005240460885e+05 
8.51098990973984e+01 1.00013164131535e+05 
8.52678065112851e+01 1.00021063541739e+05 
8.54257138686154e+01 1.00028930677516e+05 
8.55836217801970e+01 1.00036940497735e+05 
8.57415292183254e+01 1.00043800333896e+05 
8.58994341398339e+01 1.00049777172382e+05 
8.60573367332196e+01 1.00056406582103e+05 
8.62152374038746e+01 1.00062405804567e+05 
8.63731375811182e+01 1.00067680203614e+05 
8.65310375987192e+01 1.00072880138073e+05 
8.66889375552248e+01 1.00076517582520e+05 
8.68468385039286e+01 1.00078742475818e+05 
8.70047412609430e+01 1.00080986938201e+05 
8.71626443614392e+01 1.00082109233845e+05 
8.73205479962068e+01 1.00082093054738e+05 
8.74784503206073e+01 1.00081835076295e+05 
8.76363495572885e+01 1.00080161985262e+05 
8.77942431849901e+01 1.00077263874281e+05 
8.79521325309210e+01 1.00074170039823e+05 
8.81100185611205e+01 1.00070234958611e+05 
8.82679028525337e+01 1.00065227057584e+05 
8.84257843073351e+01 1.00059955302348e+05 
8.85836638116007e+01 1.00054064845697e+05 
8.87415446242167e+01 1.00047567797126e+05 
8.88994240315965e+01 1.00040664976786e+05 
8.90573022819536e+01 1.00033433221892e+05 
8.92151767527825e+01 1.00025730874961e+05 
8.93730477224399e+01 1.00017937256289e+05 
8.95309156458027e+01 1.00010510144820e+05 
8.96887826912112e+01 1.00003156670972e+05 
8.98466499713213e+01 9.99952328856215e+04 
9.00045176380459e+01 9.99874799388344e+04 
9.01623865154936e+01 9.99798277087603e+04 
9.03202569356564e+01 9.99721785614153e+04 
9.04781297063303e+01 9.99657022709029e+04 
9.06360054524564e+01 9.99599673266249e+04 
9.07938823357972e+01 9.99537879606172e+04 
9.09517541470789e+01 9.99481126437612e+04 
9.11096225648372e+01 9.99430057572313e+04 
9.12674903529327e+01 9.99378926526431e+04 
9.14253570626701e+01 9.99341171773318e+04 
9.15832226822998e+01 9.99313974617664e+04 
9.17410881565195e+01 9.99283994957084e+04 
9.18989546135373e+01 9.99261283619870e+04 
9.20568232887804e+01 9.99247491944169e+04 
9.22146961573564e+01 9.99233208931371e+04 
9.23725738596910e+01 9.99230711896032e+04 
9.25304579588404e+01 9.99239339164932e+04 
9.26883440768282e+01 9.99248418231226e+04 
9.28462302163992e+01 9.99265282856907e+04 
9.30041188904351e+01 9.99291754540260e+04 
9.31620089406748e+01 9.99320522238295e+04 
9.33199003766930e+01 9.99357248415743e+04 
9.34777965434557e+01 9.99402802212947e+04 
9.36356962709857e+01 9.99452487369153e+04 
9.37935970223798e+01 9.99507805589894e+04 
9.39515016043418e+01 9.99571536480745e+04 
9.41094095639123e+01 9.99637564349664e+04 
9.42673176496791e+01 9.99704781395747e+04 
9.44252272261732e+01 9.99775415720734e+04 
9.45831367419679e+01 9.99852794865418e+04 
9.47410472060425e+01 9.99932254275319e+04 
9.48989573503301e+01 1.00001457179068e+05 
9.50568658739766e+01 1.00009841227480e+05 
9.52147728697819e+01 1.00017551178770e+05 
9.53726794597599e+01 1.00024746815204e+05 
9.55305867647987e+01 1.00032831838846e+05 
9.56884942753968e+01 1.00040544113208e+05 
9.58463997516093e+01 1.00047892785490e+05 
9.60043026249207e+01 1.00055337044382e+05 
9.61622035600294e+01 1.00061455456858e+05 
9.63201032160052e+01 1.00066588440768e+05 
9.64780023140949e+01 1.00071925318752e+05 
9.66359014564617e+01 1.00076318274371e+05 
9.67938016196219e+01 1.00079665156392e+05 
9.69517021660862e+01 1.00082822616154e+05 
9.71096039307884e+01 1.00084343364483e+05 
9.72675053659434e+01 1.00084491664366e+05 
9.74254084969254e+01 1.00084562352849e+05 
9.75833089937247e+01 1.00083550569342e+05 
9.77412039501997e+01 1.00081231423394e+05 
9.78990956464850e+01 1.00078688096362e+05 
9.80569824734498e+01 1.00075033304773e+05 
9.82148662686850e+01 1.00070336376284e+05 
9.83727491375352e+01 1.00065275138606e+05 
9.85306321990684e+01 1.00059520153136e+05 
9.86885141869873e+01 1.00052820952860e+05 
9.88463960415929e+01 1.00045971679215e+05 
9.90042760737878e+01 1.00038931078199e+05 
9.91621528526767e+01 1.00031593350073e+05 
9.93200261516929e+01 1.00023735252752e+05 
9.94778958586317e+01 1.00015735541777e+05 
9.96357631314534e+01 1.00007479904298e+05 
9.97936285106285e+01 9.99990956696102e+04 
9.99514940149456e+01 9.99914486530657e+04 
1.00109360548212e+02 9.99841920505119e+04 
