# Liste des scalaires : TEMPS pmat 
0.00000000000000e+00 1.00000000000000e+05 
1.58013544018059e-01 1.00000000000000e+05 
3.16027088036117e-01 1.00000000000000e+05 
4.74040632054176e-01 1.00000000000000e+05 
6.32054176072234e-01 1.00000000000000e+05 
7.90067720090293e-01 1.00000000000000e+05 
9.48081264108351e-01 1.00000000000000e+05 
1.10609480812641e+00 1.00000000000000e+05 
1.26410835214447e+00 1.00000000000000e+05 
1.42212189616253e+00 1.00000000000000e+05 
1.58013544018058e+00 1.00000000000000e+05 
1.73814898419864e+00 1.00000000000000e+05 
1.89616252821670e+00 1.00000000000000e+05 
2.05417607223476e+00 1.00000000000000e+05 
2.21218961625282e+00 1.00000000000000e+05 
2.37020316027088e+00 1.00000000000000e+05 
2.52821670428893e+00 1.00000000000000e+05 
2.68623024830699e+00 1.00000000000000e+05 
2.84424379232505e+00 1.00000000000000e+05 
3.00225733634311e+00 1.00000000000000e+05 
3.16027088036116e+00 1.00000000000000e+05 
3.31828442437922e+00 1.00000000000000e+05 
3.47629796839728e+00 1.00000000000000e+05 
3.63431151241534e+00 1.00000000000000e+05 
3.79232505643340e+00 1.00000000000000e+05 
3.95033860045145e+00 1.00000000000000e+05 
4.10835214446951e+00 1.00000000000000e+05 
4.26636568848757e+00 1.00000000000000e+05 
4.42437923250563e+00 1.00000000000000e+05 
4.58239277652368e+00 1.00000000000000e+05 
4.74040632054174e+00 1.00000000000000e+05 
4.89841986455980e+00 1.00000000000000e+05 
5.05643340857771e+00 1.00000000000000e+05 
5.21444695259555e+00 1.00000000000000e+05 
5.37246049661106e+00 1.00000000000000e+05 
5.53047404062163e+00 1.00000000000000e+05 
5.68848758460807e+00 1.00000000000000e+05 
5.84650112860433e+00 1.00000000000000e+05 
6.00451467131846e+00 1.00000000000000e+05 
6.16252820860419e+00 1.00000000000000e+05 
6.32054173855849e+00 1.00000000000000e+05 
6.47855526263600e+00 1.00000000000000e+05 
6.63656878322570e+00 1.00000000000000e+05 
6.79458230116958e+00 1.00000000000000e+05 
6.95259581572868e+00 1.00000000000000e+05 
7.11060926486710e+00 1.00000000000000e+05 
7.26862123211782e+00 1.00000000000000e+05 
7.42662869286748e+00 1.00000000000000e+05 
7.58462797993242e+00 1.00000000000000e+05 
7.74261562363004e+00 1.00000000000000e+05 
7.90058972087802e+00 1.00000000000000e+05 
8.05854876760864e+00 1.00000000000000e+05 
8.21649327583521e+00 1.00000000000000e+05 
8.37442375590179e+00 1.00000000000000e+05 
8.53234121474706e+00 1.00000000000000e+05 
8.69024692780629e+00 1.00000000000000e+05 
8.84814294511368e+00 1.00000000000000e+05 
9.00603027516490e+00 1.00000000000000e+05 
9.16391060602912e+00 1.00000000000000e+05 
9.32178516379403e+00 1.00000000000000e+05 
9.47965513838773e+00 1.00000000000000e+05 
9.63751817790166e+00 1.00000000000000e+05 
9.79537550224774e+00 1.00000000000000e+05 
9.95322697641788e+00 1.00000000000000e+05 
1.01110732028936e+01 1.00000000000000e+05 
1.02689146274544e+01 1.00000000000000e+05 
1.04267523201822e+01 1.00000000000000e+05 
1.05845878187241e+01 1.00000000000000e+05 
1.07424234235056e+01 1.00000000000000e+05 
1.09002605183067e+01 1.00000000000000e+05 
1.10581011989153e+01 1.00000000000000e+05 
1.12159469760981e+01 1.00000000000000e+05 
1.13737958277871e+01 1.00000000000000e+05 
1.15316485112955e+01 1.00000000000000e+05 
1.16895059234703e+01 1.00000000000000e+05 
1.18473678135275e+01 1.00000000000000e+05 
1.20052343190564e+01 1.00000000000000e+05 
1.21631037930394e+01 1.00000000000000e+05 
1.23209755736488e+01 1.00000000000000e+05 
1.24788506295067e+01 1.00000000000000e+05 
1.26367295773036e+01 1.00000000000000e+05 
1.27946116815903e+01 1.00000000000000e+05 
1.29524970895918e+01 1.00000000000000e+05 
1.31103853882209e+01 1.00000000000000e+05 
1.32682764852580e+01 1.00000000000000e+05 
1.34261706139616e+01 1.00000000000000e+05 
1.35840685957871e+01 1.00000000000000e+05 
1.37419698795382e+01 1.00000000000000e+05 
1.38998748238769e+01 1.00000000000000e+05 
1.40577825863761e+01 1.00000000000000e+05 
1.42156900780669e+01 1.00000000000000e+05 
1.43735971547495e+01 1.00000000000000e+05 
1.45315042337418e+01 1.00000000000000e+05 
1.46894115576050e+01 1.00000000000000e+05 
1.48473186395545e+01 1.00000000000000e+05 
1.50052256719272e+01 1.00000000000000e+05 
1.51631330578148e+01 1.00000000000000e+05 
1.53210408171837e+01 1.00000000000000e+05 
1.54789489338296e+01 1.00000000000000e+05 
1.56368576354914e+01 1.00000000000000e+05 
1.57947669611646e+01 1.00000000000000e+05 
1.59526770505537e+01 1.00000000000000e+05 
1.61105878565459e+01 1.00000000000000e+05 
1.62684993007154e+01 1.00000000000000e+05 
1.64264117696543e+01 1.00000000000000e+05 
1.65843252894251e+01 1.00000000000000e+05 
1.67422394503545e+01 1.00000000000000e+05 
1.69001543231263e+01 1.00000000000000e+05 
1.70580702178261e+01 1.00000000000000e+05 
1.72159869071440e+01 1.00000000000000e+05 
1.73739045484328e+01 1.00000000000000e+05 
1.75318230870977e+01 1.00000000000000e+05 
1.76897420386758e+01 1.00000000000000e+05 
1.78476617082648e+01 1.00000000000000e+05 
1.80055822852594e+01 1.00000000000000e+05 
1.81635032871374e+01 1.00000000000000e+05 
1.83214252006964e+01 1.00000000000000e+05 
1.84793480458620e+01 1.00000000000000e+05 
1.86372715456650e+01 1.00000000000000e+05 
1.87951957601081e+01 1.00000000000000e+05 
1.89531209484135e+01 1.00000000000000e+05 
1.91110441089809e+01 1.00000000000000e+05 
1.92689571504680e+01 1.00000000000000e+05 
1.94268607791625e+01 1.00000000000000e+05 
1.95847566159270e+01 1.00000000000000e+05 
1.97426455229279e+01 1.00000000000000e+05 
1.99005279081235e+01 1.00000000000000e+05 
2.00584049686281e+01 1.00000000000000e+05 
2.02162789927353e+01 1.00000000000000e+05 
2.03741510118332e+01 1.00000000000000e+05 
2.05320225312322e+01 1.00000000000000e+05 
2.06898943694514e+01 1.00000000000000e+05 
2.08477672335517e+01 1.00000000000000e+05 
2.10056381883608e+01 1.00000000000000e+05 
2.11635073392954e+01 1.00000000000000e+05 
2.13213744206154e+01 1.00000000000000e+05 
2.14792406064660e+01 1.00000000000000e+05 
2.16371055052497e+01 1.00000000000000e+05 
2.17949698598769e+01 1.00000000000000e+05 
2.19528346543289e+01 1.00000000000000e+05 
2.21107022379036e+01 1.00000000000000e+05 
2.22685735446671e+01 1.00000000000000e+05 
2.24264499128177e+01 1.00000000000000e+05 
2.25843313783613e+01 1.00000000000000e+05 
2.27422178371839e+01 1.00000000000000e+05 
2.29001082195325e+01 1.00000000000000e+05 
2.30580026165052e+01 1.00000000000000e+05 
2.32159006750456e+01 1.00000000000000e+05 
2.33738008250518e+01 1.00000000000000e+05 
2.35317021841015e+01 1.00000000000000e+05 
2.36896047805334e+01 1.00000000000000e+05 
2.38475089535193e+01 1.00000000000000e+05 
2.40054144059897e+01 1.00000000000000e+05 
2.41633212527943e+01 1.00000000000000e+05 
2.43212294708959e+01 1.00000000000000e+05 
2.44791391765311e+01 1.00000000000002e+05 
2.46370501927731e+01 1.00000000000012e+05 
2.47949629062368e+01 1.00000000000084e+05 
2.49528766385629e+01 1.00000000000518e+05 
2.51107912664912e+01 1.00000000002773e+05 
2.52687065421895e+01 1.00000000017520e+05 
2.54266227275827e+01 1.00000000229590e+05 
2.55845402635157e+01 1.00000000497927e+05 
2.57424589006128e+01 1.00000000902621e+05 
2.59003774090588e+01 1.00000001629461e+05 
2.60582956021659e+01 1.00000002516860e+05 
2.62162142568713e+01 1.00000004187235e+05 
2.63741334755089e+01 1.00000007820003e+05 
2.65320531896202e+01 1.00000012039770e+05 
2.66899728755107e+01 1.00000020149587e+05 
2.68478922917635e+01 1.00000035261505e+05 
2.70058116301977e+01 1.00000053052139e+05 
2.71637307927613e+01 1.00000085213555e+05 
2.73216502821697e+01 1.00000150395590e+05 
2.74795690311203e+01 1.00000227035030e+05 
2.76374879055499e+01 1.00000363763689e+05 
2.77954041756501e+01 1.00000599337804e+05 
2.79533191433170e+01 1.00000864591237e+05 
2.81112322788099e+01 1.00001295848654e+05 
2.82691420252821e+01 1.00002060045263e+05 
2.84270498359011e+01 1.00002870247593e+05 
2.85849551367456e+01 1.00004106243707e+05 
2.87428577035279e+01 1.00005929531977e+05 
2.89007576935424e+01 1.00007674481302e+05 
2.90586554385742e+01 1.00010080600612e+05 
2.92165508783833e+01 1.00013636450357e+05 
2.93744443359554e+01 1.00016785244111e+05 
2.95323353920958e+01 1.00020799684457e+05 
2.96902253081402e+01 1.00025837212115e+05 
2.98481142776169e+01 1.00029756962608e+05 
3.00059979647156e+01 1.00034341521361e+05 
3.01638770985754e+01 1.00040176967381e+05 
3.03217523516603e+01 1.00044145301680e+05 
3.04796254231717e+01 1.00048352379491e+05 
3.06374979890028e+01 1.00053009642644e+05 
3.07953682566008e+01 1.00055522395410e+05 
3.09532360866590e+01 1.00057817643785e+05 
3.11111009485845e+01 1.00059804873576e+05 
3.12689642148262e+01 1.00059863650303e+05 
3.14268269801884e+01 1.00058829673179e+05 
3.15846899752751e+01 1.00057038311869e+05 
3.17425539745552e+01 1.00054746657265e+05 
3.19004203627167e+01 1.00051294322086e+05 
3.20582896401381e+01 1.00046126821650e+05 
3.22161632234601e+01 1.00041550355442e+05 
3.23740425511432e+01 1.00035549202441e+05 
3.25319290751244e+01 1.00028444469277e+05 
3.26898202982419e+01 1.00023007184728e+05 
3.28477131228900e+01 1.00016560312899e+05 
3.30056072961437e+01 1.00008341820588e+05 
3.31635023672678e+01 1.00002235102097e+05 
3.33213991393358e+01 9.99952744051102e+04 
3.34792973573956e+01 9.99876520951600e+04 
3.36371967535133e+01 9.99821401066168e+04 
3.37950973023584e+01 9.99763821512415e+04 
3.39529995672097e+01 9.99696882576626e+04 
3.41109029852060e+01 9.99652970780683e+04 
3.42688076087386e+01 9.99606723464650e+04 
3.44267132713632e+01 9.99560367894625e+04 
3.45846196509400e+01 9.99528332433462e+04 
3.47425273496765e+01 9.99499704583129e+04 
3.49004361808860e+01 9.99469715022167e+04 
3.50583454950604e+01 9.99455793927029e+04 
3.52162538750963e+01 9.99444956058151e+04 
3.53741611804014e+01 9.99436884312487e+04 
3.55320682312856e+01 9.99435010246477e+04 
3.56899754216115e+01 9.99437149139767e+04 
3.58478829107651e+01 9.99441488378707e+04 
3.60057904151544e+01 9.99454571729046e+04 
3.61636981099972e+01 9.99474246412101e+04 
3.63216068904539e+01 9.99493858596102e+04 
3.64795154283054e+01 9.99515240243013e+04 
3.66374236436593e+01 9.99536658261340e+04 
3.67953327010769e+01 9.99561482332062e+04 
3.69532427717678e+01 9.99587676800441e+04 
3.71111532244148e+01 9.99622437428186e+04 
3.72690630548262e+01 9.99653780456439e+04 
3.74269718145581e+01 9.99683579094539e+04 
3.75848778454541e+01 9.99711005398296e+04 
3.77427791017932e+01 9.99742029830611e+04 
3.79006746564164e+01 9.99771557332617e+04 
3.80585658512143e+01 9.99808311480111e+04 
3.82164521350274e+01 9.99841976231827e+04 
3.83743339522929e+01 9.99872225850798e+04 
3.85322143263643e+01 9.99900538558917e+04 
3.86900941565614e+01 9.99933817665941e+04 
3.88479738779336e+01 9.99961414232590e+04 
3.90058528607593e+01 9.99994078397114e+04 
3.91637297505779e+01 1.00002620498464e+05 
3.93216059461941e+01 1.00005051495938e+05 
3.94794833120710e+01 1.00007406107389e+05 
3.96373600136444e+01 1.00010268213149e+05 
3.97952355988724e+01 1.00011967015543e+05 
3.99531105564116e+01 1.00013606925040e+05 
4.01109853768128e+01 1.00015376534333e+05 
4.02688608742397e+01 1.00016045944612e+05 
4.04267381798270e+01 1.00016722866584e+05 
4.05846137319020e+01 1.00017581447720e+05 
4.07424858509869e+01 1.00017153988317e+05 
4.09003545163728e+01 1.00016003181159e+05 
4.10582217788816e+01 1.00015188962003e+05 
4.12160877638797e+01 1.00013631798038e+05 
4.13739537347660e+01 1.00012248793925e+05 
4.15318203524083e+01 1.00010698098072e+05 
4.16896877430492e+01 1.00008498804684e+05 
4.18475567572815e+01 1.00005334404370e+05 
4.20054296452478e+01 1.00002843818663e+05 
4.21633067849416e+01 1.00000325128862e+05 
4.23211896909693e+01 9.99982590103120e+04 
4.24790781339048e+01 9.99958991155402e+04 
4.26369644682292e+01 9.99937843162790e+04 
4.27948546539027e+01 9.99910160183816e+04 
4.29527445839470e+01 9.99889027634158e+04 
4.31106359297670e+01 9.99875711963034e+04 
4.32685306520852e+01 9.99867373736524e+04 
4.34264288504664e+01 9.99856974859017e+04 
4.35843293098335e+01 9.99853564708495e+04 
4.37422323857132e+01 9.99847905763385e+04 
4.39001362271449e+01 9.99847856992835e+04 
4.40580408935821e+01 9.99855097036625e+04 
4.42159461004656e+01 9.99865281066532e+04 
4.43738520952394e+01 9.99875670686458e+04 
4.45317586334686e+01 9.99890484266287e+04 
4.46896655731558e+01 9.99907531881158e+04 
4.48475732386247e+01 9.99924637251931e+04 
4.50054818277984e+01 9.99944917352898e+04 
4.51633912296472e+01 9.99965056852550e+04 
4.53213012689940e+01 9.99986880670901e+04 
4.54792124514439e+01 1.00000862232395e+05 
4.56371248172869e+01 1.00003532486024e+05 
4.57950380337933e+01 1.00005714231737e+05 
4.59529529680012e+01 1.00007732767236e+05 
4.61108663642278e+01 1.00009492541186e+05 
4.62687784498702e+01 1.00011596017857e+05 
4.64266899654798e+01 1.00013340959605e+05 
4.65846018793389e+01 1.00015816980263e+05 
4.67425141840204e+01 1.00017644072824e+05 
4.69004273753813e+01 1.00019142159004e+05 
4.70583412575278e+01 1.00020296745814e+05 
4.72162558287896e+01 1.00021732830435e+05 
4.73741661075397e+01 1.00022879260520e+05 
4.75320700293228e+01 1.00024695307058e+05 
4.76899693645184e+01 1.00025936514031e+05 
4.78478625125830e+01 1.00026771033127e+05 
4.80057508638390e+01 1.00027271783653e+05 
4.81636362087960e+01 1.00028003719202e+05 
4.83215191917349e+01 1.00028330074931e+05 
4.84794017791262e+01 1.00029080301137e+05 
4.86372824178603e+01 1.00029376105522e+05 
4.87951610644304e+01 1.00029132622949e+05 
4.89530401011878e+01 1.00028685120428e+05 
4.91109183405868e+01 1.00028309452050e+05 
4.92687968866861e+01 1.00027416609328e+05 
4.94266754364972e+01 1.00026377279080e+05 
4.95845515595664e+01 1.00025249195990e+05 
4.97424261075137e+01 1.00023586307886e+05 
4.99003006335041e+01 1.00021810011475e+05 
5.00581763017773e+01 1.00019715230724e+05 
5.02160540122954e+01 1.00017361676557e+05 
5.03739320513093e+01 1.00014291556946e+05 
5.05318084517488e+01 1.00011409663571e+05 
5.06896830101217e+01 1.00008523515661e+05 
5.08475554530749e+01 1.00005642394112e+05 
5.10054253922244e+01 1.00002092273725e+05 
5.11632927122317e+01 9.99989910457541e+04 
5.13211591090027e+01 9.99948738556643e+04 
5.14790271138448e+01 9.99911612643800e+04 
5.16368950153983e+01 9.99880546833268e+04 
5.17947643683201e+01 9.99850971903296e+04 
5.19526361004011e+01 9.99815979191795e+04 
5.21105113953299e+01 9.99788768955241e+04 
5.22683913894592e+01 9.99755064507162e+04 
5.24262776968112e+01 9.99725859228521e+04 
5.25841708838473e+01 9.99705079070480e+04 
5.27420666524036e+01 9.99687936412081e+04 
5.28999618489546e+01 9.99669587162379e+04 
5.30578577998667e+01 9.99657099949707e+04 
5.32157572283380e+01 9.99642573795221e+04 
5.33736576041167e+01 9.99633352368127e+04 
5.35315607809438e+01 9.99629506612361e+04 
5.36894666299000e+01 9.99629738140090e+04 
5.38473734460421e+01 9.99632230404388e+04 
5.40052812691421e+01 9.99637158661929e+04 
5.41631892761518e+01 9.99645286440084e+04 
5.43210976391154e+01 9.99657378546218e+04 
5.44790065647947e+01 9.99670257749197e+04 
5.46369153234515e+01 9.99686492767587e+04 
5.47948247591204e+01 9.99706810595365e+04 
5.49527345816088e+01 9.99726381905015e+04 
5.51106448015583e+01 9.99753060875306e+04 
5.52685553466649e+01 9.99780323859012e+04 
5.54264665842849e+01 9.99806414410832e+04 
5.55843786559346e+01 9.99832803197572e+04 
5.57422916964500e+01 9.99861859124635e+04 
5.59002049245996e+01 9.99889707996224e+04 
5.60581165652534e+01 9.99926782936240e+04 
5.62160267790978e+01 9.99958784407370e+04 
5.63739360456862e+01 9.99988975879500e+04 
5.65318446490167e+01 1.00001658444658e+05 
5.66897535039061e+01 1.00004587689522e+05 
5.68476637724107e+01 1.00007373672864e+05 
5.70055749148130e+01 1.00010951888790e+05 
5.71634862686760e+01 1.00013782910508e+05 
5.73213958959964e+01 1.00016467818016e+05 
5.74793010243427e+01 1.00018698253990e+05 
5.76372006427965e+01 1.00021009510759e+05 
5.77950939663717e+01 1.00023191278539e+05 
5.79529832749989e+01 1.00025891612312e+05 
5.81108693165340e+01 1.00027812068869e+05 
5.82687509560842e+01 1.00029496004041e+05 
5.84266313769464e+01 1.00030749526029e+05 
5.85845125473362e+01 1.00032025137261e+05 
5.87423932111164e+01 1.00033098314969e+05 
5.89002729936823e+01 1.00034085645583e+05 
5.90581527151859e+01 1.00034598697891e+05 
5.92160322137457e+01 1.00034730742941e+05 
5.93739114996228e+01 1.00034502661581e+05 
5.95317886882425e+01 1.00034166610932e+05 
5.96896638636060e+01 1.00033424813927e+05 
5.98475378197668e+01 1.00031987684566e+05 
6.00054119865173e+01 1.00030299268698e+05 
6.01632862541559e+01 1.00028332444150e+05 
6.03211632133958e+01 1.00026041942831e+05 
6.04790393685606e+01 1.00023297718861e+05 
6.06369130750726e+01 1.00020470168998e+05 
6.07947845152142e+01 1.00016449078183e+05 
6.09526543879465e+01 1.00012443912707e+05 
6.11105223433906e+01 1.00008658820425e+05 
6.12683891572993e+01 1.00004815656318e+05 
6.14262556334736e+01 1.00000485115929e+05 
6.15841213812268e+01 9.99965174288642e+04 
6.17419872970758e+01 9.99914201349797e+04 
6.18998556369791e+01 9.99868680825821e+04 
6.20577270573682e+01 9.99828972093647e+04 
6.22156028064752e+01 9.99792286572504e+04 
6.23734839507439e+01 9.99753660297790e+04 
6.25313719458757e+01 9.99720511372783e+04 
6.26892653364233e+01 9.99681280210509e+04 
6.28471589494630e+01 9.99651691346940e+04 
6.30050539658638e+01 9.99627807515029e+04 
6.31629516032019e+01 9.99610194503833e+04 
6.33208526762621e+01 9.99595157151009e+04 
6.34787557016783e+01 9.99582732151509e+04 
6.36366621209855e+01 9.99571612236727e+04 
6.37945707388512e+01 9.99569875475837e+04 
6.39524799651022e+01 9.99570000797537e+04 
6.41103898945289e+01 9.99577429812199e+04 
6.42682996768123e+01 9.99589657189202e+04 
6.44262099946042e+01 9.99600225912972e+04 
6.45841203235132e+01 9.99617613985522e+04 
6.47420308141056e+01 9.99641074482491e+04 
6.48999413857551e+01 9.99662990608671e+04 
6.50578522130705e+01 9.99689302412776e+04 
6.52157621383260e+01 9.99720183670698e+04 
6.53736716684331e+01 9.99747081277630e+04 
6.55315818735089e+01 9.99784217776315e+04 
6.56894924466357e+01 9.99820860776898e+04 
6.58474019305714e+01 9.99855225669969e+04 
6.60053094171804e+01 9.99889619167963e+04 
6.61632151021049e+01 9.99926308956344e+04 
6.63211194929648e+01 9.99959857530444e+04 
6.64790238951629e+01 1.00000444363671e+05 
6.66369283078166e+01 1.00004211677527e+05 
6.67948331393927e+01 1.00007793495616e+05 
6.69527394440034e+01 1.00011040612494e+05 
6.71106470639483e+01 1.00014373236454e+05 
6.72685553183821e+01 1.00017440836900e+05 
6.74264597024061e+01 1.00021371933767e+05 
6.75843590419925e+01 1.00024380178798e+05 
6.77422535684911e+01 1.00027224806384e+05 
6.79001426201263e+01 1.00029490592720e+05 
6.80580282864847e+01 1.00031789354572e+05 
6.82159111158328e+01 1.00033874024105e+05 
6.83737930861987e+01 1.00036313335118e+05 
6.85316731580176e+01 1.00037923228329e+05 
6.86895517906449e+01 1.00039193674214e+05 
6.88474307150474e+01 1.00040004853992e+05 
6.90053081989569e+01 1.00040816770855e+05 
6.91631854542290e+01 1.00041232389220e+05 
6.93210605590817e+01 1.00041392022783e+05 
6.94789329603387e+01 1.00041061710265e+05 
6.96368026296308e+01 1.00040268914757e+05 
6.97946722052352e+01 1.00039105676022e+05 
6.99525422636531e+01 1.00037710929849e+05 
7.01104134175452e+01 1.00035970060388e+05 
7.02682863349460e+01 1.00033278425211e+05 
7.04261613776249e+01 1.00030362331118e+05 
7.05840389189998e+01 1.00027275906422e+05 
7.07419152096647e+01 1.00023922712160e+05 
7.08997875851045e+01 1.00020043454422e+05 
7.10576561988164e+01 1.00016336966549e+05 
7.12155224399363e+01 1.00011353443794e+05 
7.13733888211252e+01 1.00006628777124e+05 
7.15312552146323e+01 1.00002259117724e+05 
7.16891217538037e+01 9.99979551055165e+04 
7.18469894024299e+01 9.99931911780983e+04 
7.20048591249784e+01 9.99890642597247e+04 
7.21627323468697e+01 9.99839444868790e+04 
7.23206109024455e+01 9.99795554699596e+04 
7.24784954490941e+01 9.99758196572367e+04 
7.26363845290400e+01 9.99725518939885e+04 
7.27942734676224e+01 9.99692196025097e+04 
7.29521620226019e+01 9.99665456914562e+04 
7.31100537643340e+01 9.99634798058411e+04 
7.32679464204612e+01 9.99614425955520e+04 
7.34258410448585e+01 9.99599179328351e+04 
7.35837409539245e+01 9.99590866887543e+04 
7.37416437257822e+01 9.99585482583650e+04 
7.38995475254834e+01 9.99582877155602e+04 
7.40574552767677e+01 9.99583278817523e+04 
7.42153656889771e+01 9.99592221505461e+04 
7.43732764020060e+01 9.99602380518722e+04 
7.45311875013272e+01 9.99618801923966e+04 
7.46890982702211e+01 9.99639792437549e+04 
7.48470091952905e+01 9.99659357407133e+04 
7.50049203089887e+01 9.99687000342096e+04 
7.51628314776675e+01 9.99718492693106e+04 
7.53207423108823e+01 9.99747848639839e+04 
7.54786534052723e+01 9.99779758276515e+04 
7.56365652919325e+01 9.99816093317923e+04 
7.57944760696322e+01 9.99848755490369e+04 
7.59523842322763e+01 9.99892238560111e+04 
7.61102907052860e+01 9.99932547968388e+04 
7.62681956345978e+01 9.99970277286215e+04 
7.64260997846199e+01 1.00000664898963e+05 
7.65840035006254e+01 1.00004572888305e+05 
7.67419079524643e+01 1.00008103681018e+05 
7.68998130220342e+01 1.00012738088248e+05 
7.70577190529444e+01 1.00016535504048e+05 
7.72156246322281e+01 1.00019981074346e+05 
7.73735304351853e+01 1.00023026607684e+05 
7.75314321962536e+01 1.00026216598360e+05 
7.76893280918668e+01 1.00029042277559e+05 
7.78472194406838e+01 1.00032567123729e+05 
7.80051082848022e+01 1.00035177209139e+05 
7.81629925315635e+01 1.00037382838037e+05 
7.83208748693117e+01 1.00039081020762e+05 
7.84787573742400e+01 1.00040768817524e+05 
7.86366399901977e+01 1.00042090528607e+05 
7.87945213840157e+01 1.00043457623519e+05 
7.89524022580153e+01 1.00044115490253e+05 
7.91102822345851e+01 1.00044310562868e+05 
7.92681598504246e+01 1.00044024250425e+05 
7.94260346032737e+01 1.00043504364517e+05 
7.95839065415183e+01 1.00042690228623e+05 
7.97417762739281e+01 1.00041179144149e+05 
7.98996452426869e+01 1.00039170920001e+05 
8.00575144475735e+01 1.00036865440951e+05 
8.02153853484350e+01 1.00034105952925e+05 
8.03732595753060e+01 1.00030725478065e+05 
8.05311360044327e+01 1.00027368041877e+05 
8.06890123775687e+01 1.00022764328511e+05 
8.08468842047536e+01 1.00017923743313e+05 
8.10047525333100e+01 1.00013383168602e+05 
8.11626191499556e+01 1.00008613030551e+05 
8.13204847650461e+01 1.00003083817890e+05 
8.14783488435453e+01 9.99982349485538e+04 
8.16362118439805e+01 9.99920670476440e+04 
8.17940760681954e+01 9.99862397236667e+04 
8.19519420697887e+01 9.99812527973375e+04 
8.21098112939899e+01 9.99764547127176e+04 
8.22676847318654e+01 9.99711788798406e+04 
8.24255638214298e+01 9.99669544597646e+04 
8.25834499430324e+01 9.99619304284580e+04 
8.27413394366513e+01 9.99577698254455e+04 
8.28992294477559e+01 9.99545855069340e+04 
8.30571223195795e+01 9.99520547114659e+04 
8.32150170578953e+01 9.99496126562878e+04 
8.33729147817309e+01 9.99479950805911e+04 
8.35308144311052e+01 9.99463587728468e+04 
8.36887168341859e+01 9.99458562806050e+04 
8.38466229777523e+01 9.99458017758778e+04 
8.40045316549114e+01 9.99465865291914e+04 
8.41624411095586e+01 9.99480029423009e+04 
8.43203503968559e+01 9.99494582229615e+04 
8.44782605557664e+01 9.99516648074093e+04 
8.46361711006565e+01 9.99547430876965e+04 
8.47940815795453e+01 9.99576214618980e+04 
8.49519911103720e+01 9.99611594457576e+04 
8.51098990973984e+01 9.99655108789427e+04 
8.52678065112851e+01 9.99692495113501e+04 
8.54257138686154e+01 9.99741583702555e+04 
8.55836217801970e+01 9.99792608725339e+04 
8.57415292183254e+01 9.99837691126005e+04 
8.58994341398339e+01 9.99884898038054e+04 
8.60573367332196e+01 9.99938164167675e+04 
8.62152374038746e+01 9.99982974434491e+04 
8.63731375811182e+01 1.00003994123727e+05 
8.65310375987192e+01 1.00009187930518e+05 
8.66889375552248e+01 1.00013771254552e+05 
8.68468385039286e+01 1.00018052474796e+05 
8.70047412609430e+01 1.00022633262633e+05 
8.71626443614392e+01 1.00026412315351e+05 
8.73205479962068e+01 1.00031108556306e+05 
8.74784503206073e+01 1.00034787793078e+05 
8.76363495572885e+01 1.00037981459269e+05 
8.77942431849901e+01 1.00040617556346e+05 
8.79521325309210e+01 1.00043216180642e+05 
8.81100185611205e+01 1.00045271084016e+05 
8.82679028525337e+01 1.00047665245222e+05 
8.84257843073351e+01 1.00049006315160e+05 
8.85836638116007e+01 1.00049978610498e+05 
8.87415446242167e+01 1.00050314229108e+05 
8.88994240315965e+01 1.00050347751863e+05 
8.90573022819536e+01 1.00050147681916e+05 
8.92151767527825e+01 1.00049534780424e+05 
8.93730477224399e+01 1.00048213411075e+05 
8.95309156458027e+01 1.00046677254406e+05 
8.96887826912112e+01 1.00044566597943e+05 
8.98466499713213e+01 1.00041883183224e+05 
9.00045176380459e+01 1.00039281407329e+05 
9.01623865154936e+01 1.00035610845570e+05 
9.03202569356564e+01 1.00031492194994e+05 
9.04781297063303e+01 1.00027562713481e+05 
9.06360054524564e+01 1.00023255546479e+05 
9.07938823357972e+01 1.00018154152876e+05 
9.09517541470789e+01 1.00013646122693e+05 
9.11096225648372e+01 1.00007719529954e+05 
9.12674903529327e+01 1.00001957225502e+05 
9.14253570626701e+01 9.99968890834727e+04 
9.15832226822998e+01 9.99917876338178e+04 
9.17410881565195e+01 9.99860326345992e+04 
9.18989546135373e+01 9.99813942553891e+04 
9.20568232887804e+01 9.99756402659322e+04 
9.22146961573564e+01 9.99705791159223e+04 
9.23725738596910e+01 9.99664890427605e+04 
9.25304579588404e+01 9.99628330940521e+04 
9.26883440768282e+01 9.99590750856712e+04 
9.28462302163992e+01 9.99562599939582e+04 
9.30041188904351e+01 9.99530626067879e+04 
9.31620089406748e+01 9.99509591402378e+04 
9.33199003766930e+01 9.99494950333929e+04 
9.34777965434557e+01 9.99488487840172e+04 
9.36356962709857e+01 9.99487073478145e+04 
9.37935970223798e+01 9.99488356974743e+04 
9.39515016043418e+01 9.99493583548799e+04 
9.41094095639123e+01 9.99508979016611e+04 
9.42673176496791e+01 9.99524293624224e+04 
9.44252272261732e+01 9.99547390910528e+04 
9.45831367419679e+01 9.99578323782526e+04 
9.47410472060425e+01 9.99604854756178e+04 
9.48989573503301e+01 9.99640950523185e+04 
9.50568658739766e+01 9.99682547346261e+04 
9.52147728697819e+01 9.99719051596409e+04 
9.53726794597599e+01 9.99759574190739e+04 
9.55305867647987e+01 9.99806886772493e+04 
9.56884942753968e+01 9.99845928493093e+04 
9.58463997516093e+01 9.99896876152591e+04 
9.60043026249207e+01 9.99945825090565e+04 
9.61622035600294e+01 9.99988732717376e+04 
9.63201032160052e+01 1.00003077628358e+05 
9.64780023140949e+01 1.00007616503060e+05 
9.66359014564617e+01 1.00011436185468e+05 
9.67938016196219e+01 1.00016331314223e+05 
9.69517021660862e+01 1.00020429385614e+05 
9.71096039307884e+01 1.00024015244700e+05 
9.72675053659434e+01 1.00027140061218e+05 
9.74254084969254e+01 1.00030305316779e+05 
9.75833089937247e+01 1.00032987074694e+05 
9.77412039501997e+01 1.00036351585606e+05 
9.78990956464850e+01 1.00038704856436e+05 
9.80569824734498e+01 1.00040689377989e+05 
9.82148662686850e+01 1.00042092793338e+05 
9.83727491375352e+01 1.00043274091288e+05 
9.85306321990684e+01 1.00044206431523e+05 
9.86885141869873e+01 1.00045178518582e+05 
9.88463960415929e+01 1.00045355389308e+05 
9.90042760737878e+01 1.00045288212746e+05 
9.91621528526767e+01 1.00044667371975e+05 
9.93200261516929e+01 1.00043676043913e+05 
9.94778958586317e+01 1.00042665326802e+05 
9.96357631314534e+01 1.00041015738313e+05 
9.97936285106285e+01 1.00038833060691e+05 
9.99514940149456e+01 1.00036588535142e+05 
1.00109360548212e+02 1.00033895768647e+05 
