# Liste des scalaires : TEMPS pmat 
0.00000000000000e+00 1.00000000000000e+05 
1.58013544018059e-01 1.00000000000000e+05 
3.16027088036117e-01 1.00000000000000e+05 
4.74040632054176e-01 1.00000000000000e+05 
6.32054176072234e-01 1.00000000000000e+05 
7.90067720090293e-01 1.00000000000000e+05 
9.48081264108351e-01 1.00000000000000e+05 
1.10609480812641e+00 1.00000000000000e+05 
1.26410835214447e+00 1.00000000000000e+05 
1.42212189616253e+00 1.00000000000000e+05 
1.58013544018058e+00 1.00000000000000e+05 
1.73814898419864e+00 1.00000000000000e+05 
1.89616252821670e+00 1.00000000000000e+05 
2.05417607223476e+00 1.00000000000000e+05 
2.21218961625282e+00 1.00000000000000e+05 
2.37020316027088e+00 1.00000000000000e+05 
2.52821670428893e+00 1.00000000000000e+05 
2.68623024830699e+00 1.00000000000000e+05 
2.84424379232505e+00 1.00000000000000e+05 
3.00225733634311e+00 1.00000000000000e+05 
3.16027088036116e+00 1.00000000000000e+05 
3.31828442437922e+00 1.00000000000000e+05 
3.47629796839728e+00 1.00000000000000e+05 
3.63431151241534e+00 1.00000000000000e+05 
3.79232505643340e+00 1.00000000000000e+05 
3.95033860045145e+00 1.00000000000000e+05 
4.10835214446951e+00 1.00000000000000e+05 
4.26636568848757e+00 1.00000000000000e+05 
4.42437923250563e+00 1.00000000000000e+05 
4.58239277652368e+00 1.00000000000000e+05 
4.74040632054174e+00 1.00000000000000e+05 
4.89841986455980e+00 1.00000000000000e+05 
5.05643340857771e+00 1.00000000000000e+05 
5.21444695259555e+00 1.00000000000000e+05 
5.37246049661106e+00 1.00000000000000e+05 
5.53047404062163e+00 1.00000000000000e+05 
5.68848758460807e+00 1.00000000000000e+05 
5.84650112860433e+00 1.00000000000000e+05 
6.00451467131846e+00 1.00000000000000e+05 
6.16252820860419e+00 1.00000000000000e+05 
6.32054173855849e+00 1.00000000000000e+05 
6.47855526263600e+00 1.00000000000000e+05 
6.63656878322570e+00 1.00000000000000e+05 
6.79458230116958e+00 1.00000000000000e+05 
6.95259581572868e+00 1.00000000000000e+05 
7.11060926486710e+00 1.00000000000000e+05 
7.26862123211782e+00 1.00000000000000e+05 
7.42662869286748e+00 1.00000000000000e+05 
7.58462797993242e+00 1.00000000000000e+05 
7.74261562363004e+00 1.00000000000000e+05 
7.90058972087802e+00 1.00000000000000e+05 
8.05854876760864e+00 1.00000000000000e+05 
8.21649327583521e+00 1.00000000000000e+05 
8.37442375590179e+00 1.00000000000000e+05 
8.53234121474706e+00 1.00000000000000e+05 
8.69024692780629e+00 1.00000000000000e+05 
8.84814294511368e+00 1.00000000000000e+05 
9.00603027516490e+00 1.00000000000000e+05 
9.16391060602912e+00 1.00000000000000e+05 
9.32178516379403e+00 1.00000000000000e+05 
9.47965513838773e+00 1.00000000000000e+05 
9.63751817790166e+00 1.00000000000000e+05 
9.79537550224774e+00 1.00000000000000e+05 
9.95322697641788e+00 1.00000000000000e+05 
1.01110732028936e+01 1.00000000000000e+05 
1.02689146274544e+01 1.00000000000000e+05 
1.04267523201822e+01 1.00000000000000e+05 
1.05845878187241e+01 1.00000000000000e+05 
1.07424234235056e+01 1.00000000000000e+05 
1.09002605183067e+01 1.00000000000000e+05 
1.10581011989153e+01 1.00000000000000e+05 
1.12159469760981e+01 1.00000000000000e+05 
1.13737958277871e+01 1.00000000000000e+05 
1.15316485112955e+01 1.00000000000000e+05 
1.16895059234703e+01 1.00000000000000e+05 
1.18473678135275e+01 1.00000000000000e+05 
1.20052343190564e+01 1.00000000000000e+05 
1.21631037930394e+01 1.00000000000000e+05 
1.23209755736488e+01 1.00000000000000e+05 
1.24788506295067e+01 1.00000000000000e+05 
1.26367295773036e+01 1.00000000000000e+05 
1.27946116815903e+01 1.00000000000000e+05 
1.29524970895918e+01 1.00000000000000e+05 
1.31103853882209e+01 1.00000000000000e+05 
1.32682764852580e+01 1.00000000000000e+05 
1.34261706139616e+01 1.00000000000000e+05 
1.35840685957871e+01 1.00000000000000e+05 
1.37419698795382e+01 1.00000000000000e+05 
1.38998748238769e+01 1.00000000000000e+05 
1.40577825863761e+01 1.00000000000000e+05 
1.42156900780669e+01 1.00000000000000e+05 
1.43735971547495e+01 1.00000000000000e+05 
1.45315042337418e+01 1.00000000000000e+05 
1.46894115576050e+01 1.00000000000000e+05 
1.48473186395545e+01 1.00000000000000e+05 
1.50052256719272e+01 1.00000000000000e+05 
1.51631330578148e+01 1.00000000000000e+05 
1.53210408171837e+01 1.00000000000000e+05 
1.54789489338296e+01 1.00000000000000e+05 
1.56368576354914e+01 1.00000000000000e+05 
1.57947669611646e+01 1.00000000000000e+05 
1.59526770505537e+01 1.00000000000000e+05 
1.61105878565459e+01 1.00000000000000e+05 
1.62684993007154e+01 1.00000000000000e+05 
1.64264117696543e+01 1.00000000000000e+05 
1.65843252894251e+01 1.00000000000000e+05 
1.67422394503545e+01 1.00000000000000e+05 
1.69001543231263e+01 1.00000000000000e+05 
1.70580702178261e+01 1.00000000000000e+05 
1.72159869071440e+01 1.00000000000000e+05 
1.73739045484328e+01 1.00000000000000e+05 
1.75318230870977e+01 1.00000000000000e+05 
1.76897420386758e+01 1.00000000000000e+05 
1.78476617082648e+01 1.00000000000000e+05 
1.80055822852594e+01 1.00000000000000e+05 
1.81635032871374e+01 1.00000000000000e+05 
1.83214252006964e+01 1.00000000000000e+05 
1.84793480458620e+01 1.00000000000000e+05 
1.86372715456650e+01 1.00000000000000e+05 
1.87951957601081e+01 1.00000000000000e+05 
1.89531209484135e+01 1.00000000000000e+05 
1.91110441089809e+01 1.00000000000000e+05 
1.92689571504680e+01 1.00000000000000e+05 
1.94268607791625e+01 1.00000000000000e+05 
1.95847566159270e+01 1.00000000000000e+05 
1.97426455229279e+01 1.00000000000000e+05 
1.99005279081235e+01 1.00000000000000e+05 
2.00584049686281e+01 1.00000000000000e+05 
2.02162789927353e+01 1.00000000000000e+05 
2.03741510118332e+01 1.00000000000000e+05 
2.05320225312322e+01 1.00000000000000e+05 
2.06898943694514e+01 1.00000000000000e+05 
2.08477672335517e+01 1.00000000000000e+05 
2.10056381883608e+01 1.00000000000000e+05 
2.11635073392954e+01 1.00000000000000e+05 
2.13213744206154e+01 1.00000000000000e+05 
2.14792406064660e+01 1.00000000000000e+05 
2.16371055052497e+01 1.00000000000000e+05 
2.17949698598769e+01 1.00000000000000e+05 
2.19528346543289e+01 1.00000000000000e+05 
2.21107022379036e+01 1.00000000000000e+05 
2.22685735446671e+01 1.00000000000000e+05 
2.24264499128177e+01 1.00000000000000e+05 
2.25843313783613e+01 1.00000000000000e+05 
2.27422178371839e+01 1.00000000000000e+05 
2.29001082195325e+01 1.00000000000000e+05 
2.30580026165052e+01 1.00000000000000e+05 
2.32159006750456e+01 1.00000000000000e+05 
2.33738008250518e+01 1.00000000000000e+05 
2.35317021841015e+01 1.00000000000000e+05 
2.36896047805334e+01 1.00000000000000e+05 
2.38475089535193e+01 1.00000000000000e+05 
2.40054144059897e+01 1.00000000000000e+05 
2.41633212527943e+01 1.00000000000000e+05 
2.43212294708959e+01 1.00000000000000e+05 
2.44791391765311e+01 1.00000000000000e+05 
2.46370501927731e+01 1.00000000000000e+05 
2.47949629062368e+01 1.00000000000000e+05 
2.49528766385629e+01 1.00000000000000e+05 
2.51107912664912e+01 1.00000000000000e+05 
2.52687065421895e+01 1.00000000000000e+05 
2.54266227275827e+01 1.00000000000000e+05 
2.55845402635157e+01 1.00000000000000e+05 
2.57424589006128e+01 1.00000000000000e+05 
2.59003774090588e+01 1.00000000000000e+05 
2.60582956021659e+01 1.00000000000000e+05 
2.62162142568713e+01 1.00000000000000e+05 
2.63741334755089e+01 1.00000000000000e+05 
2.65320531896202e+01 1.00000000000000e+05 
2.66899728755107e+01 1.00000000000000e+05 
2.68478922917635e+01 1.00000000000000e+05 
2.70058116301977e+01 1.00000000000000e+05 
2.71637307927613e+01 1.00000000000000e+05 
2.73216502821697e+01 1.00000000000000e+05 
2.74795690311203e+01 1.00000000000000e+05 
2.76374879055499e+01 1.00000000000000e+05 
2.77954041756501e+01 1.00000000000000e+05 
2.79533191433170e+01 1.00000000000000e+05 
2.81112322788099e+01 1.00000000000000e+05 
2.82691420252821e+01 1.00000000000000e+05 
2.84270498359011e+01 1.00000000000000e+05 
2.85849551367456e+01 1.00000000000000e+05 
2.87428577035279e+01 1.00000000000000e+05 
2.89007576935424e+01 1.00000000000000e+05 
2.90586554385742e+01 1.00000000000000e+05 
2.92165508783833e+01 1.00000000000000e+05 
2.93744443359554e+01 1.00000000000000e+05 
2.95323353920958e+01 1.00000000000000e+05 
2.96902253081402e+01 1.00000000000000e+05 
2.98481142776169e+01 1.00000000000000e+05 
3.00059979647156e+01 1.00000000000002e+05 
3.01638770985754e+01 1.00000000000003e+05 
3.03217523516603e+01 1.00000000014052e+05 
3.04796254231717e+01 1.00000000371166e+05 
3.06374979890028e+01 1.00000001059475e+05 
3.07953682566008e+01 1.00000001943624e+05 
3.09532360866590e+01 1.00000003735042e+05 
3.11111009485845e+01 1.00000006855378e+05 
3.12689642148262e+01 1.00000012491480e+05 
3.14268269801884e+01 1.00000022702300e+05 
3.15846899752751e+01 1.00000040772653e+05 
3.17425539745552e+01 1.00000071278791e+05 
3.19004203627167e+01 1.00000121047396e+05 
3.20582896401381e+01 1.00000198921310e+05 
3.22161632234601e+01 1.00000319552809e+05 
3.23740425511432e+01 1.00000500671769e+05 
3.25319290751244e+01 1.00000760961555e+05 
3.26898202982419e+01 1.00001111111018e+05 
3.28477131228900e+01 1.00001565990139e+05 
3.30056072961437e+01 1.00002132166468e+05 
3.31635023672678e+01 1.00002833089248e+05 
3.33213991393358e+01 1.00003668592936e+05 
3.34792973573956e+01 1.00004624138632e+05 
3.36371967535133e+01 1.00005658381213e+05 
3.37950973023584e+01 1.00006772591528e+05 
3.39529995672097e+01 1.00007956021878e+05 
3.41109029852060e+01 1.00009231252501e+05 
3.42688076087386e+01 1.00010565890863e+05 
3.44267132713632e+01 1.00011897839417e+05 
3.45846196509400e+01 1.00013174964780e+05 
3.47425273496765e+01 1.00014424146298e+05 
3.49004361808860e+01 1.00015657362128e+05 
3.50583454950604e+01 1.00016891718257e+05 
3.52162538750963e+01 1.00018072780376e+05 
3.53741611804014e+01 1.00019085553537e+05 
3.55320682312856e+01 1.00019884475462e+05 
3.56899754216115e+01 1.00020506389827e+05 
3.58478829107651e+01 1.00021004796662e+05 
3.60057904151544e+01 1.00021375399460e+05 
3.61636981099972e+01 1.00021569240668e+05 
3.63216068904539e+01 1.00021457478149e+05 
3.64795154283054e+01 1.00021047126889e+05 
3.66374236436593e+01 1.00020382971695e+05 
3.67953327010769e+01 1.00019536693882e+05 
3.69532427717678e+01 1.00018473564527e+05 
3.71111532244148e+01 1.00017165072198e+05 
3.72690630548262e+01 1.00015520734425e+05 
3.74269718145581e+01 1.00013620678381e+05 
3.75848778454541e+01 1.00011508557629e+05 
3.77427791017932e+01 1.00009251692996e+05 
3.79006746564164e+01 1.00006791137212e+05 
3.80585658512143e+01 1.00004142800341e+05 
3.82164521350274e+01 1.00001310695435e+05 
3.83743339522929e+01 9.99984437410425e+04 
3.85322143263643e+01 9.99955647255004e+04 
3.86900941565614e+01 9.99926979608776e+04 
3.88479738779336e+01 9.99897706964228e+04 
3.90058528607593e+01 9.99868185797456e+04 
3.91637297505779e+01 9.99839410253528e+04 
3.93216059461941e+01 9.99813026056574e+04 
3.94794833120710e+01 9.99788991826723e+04 
3.96373600136444e+01 9.99766857251709e+04 
3.97952355988724e+01 9.99745946283785e+04 
3.99531105564116e+01 9.99726428829964e+04 
4.01109853768128e+01 9.99709711351161e+04 
4.02688608742397e+01 9.99696963228015e+04 
4.04267381798270e+01 9.99687823462655e+04 
4.05846137319020e+01 9.99681490675377e+04 
4.07424858509869e+01 9.99677936727465e+04 
4.09003545163728e+01 9.99676750373527e+04 
4.10582217788816e+01 9.99679351228767e+04 
4.12160877638797e+01 9.99685690340077e+04 
4.13739537347660e+01 9.99695465669802e+04 
4.15318203524083e+01 9.99708102285667e+04 
4.16896877430492e+01 9.99723690348916e+04 
4.18475567572815e+01 9.99741959940738e+04 
4.20054296452478e+01 9.99763722657400e+04 
4.21633067849416e+01 9.99788014372034e+04 
4.23211896909693e+01 9.99814480205901e+04 
4.24790781339048e+01 9.99842497686460e+04 
4.26369644682292e+01 9.99872803458149e+04 
4.27948546539027e+01 9.99904992432465e+04 
4.29527445839470e+01 9.99938892321552e+04 
4.31106359297670e+01 9.99972659321176e+04 
4.32685306520852e+01 1.00000609022817e+05 
4.34264288504664e+01 1.00003899301164e+05 
4.35843293098335e+01 1.00007241096047e+05 
4.37422323857132e+01 1.00010617190582e+05 
4.39001362271449e+01 1.00013933492539e+05 
4.40580408935821e+01 1.00016998450689e+05 
4.42159461004656e+01 1.00019800974924e+05 
4.43738520952394e+01 1.00022385562332e+05 
4.45317586334686e+01 1.00024842376503e+05 
4.46896655731558e+01 1.00027194879808e+05 
4.48475732386247e+01 1.00029330895228e+05 
4.50054818277984e+01 1.00031082500129e+05 
4.51633912296472e+01 1.00032474598249e+05 
4.53213012689940e+01 1.00033572642719e+05 
4.54792124514439e+01 1.00034409154770e+05 
4.56371248172869e+01 1.00035035277309e+05 
4.57950380337933e+01 1.00035278621622e+05 
4.59529529680012e+01 1.00035131385374e+05 
4.61108663642278e+01 1.00034640902340e+05 
4.62687784498702e+01 1.00033869963633e+05 
4.64266899654798e+01 1.00032799856257e+05 
4.65846018793389e+01 1.00031445983245e+05 
4.67425141840204e+01 1.00029690725222e+05 
4.69004273753813e+01 1.00027625202681e+05 
4.70583412575278e+01 1.00025278972306e+05 
4.72162558287896e+01 1.00022699821822e+05 
4.73741661075397e+01 1.00019793695159e+05 
4.75320700293228e+01 1.00016591453290e+05 
4.76899693645184e+01 1.00013078767118e+05 
4.78478625125830e+01 1.00009456916087e+05 
4.80057508638390e+01 1.00005760742756e+05 
4.81636362087960e+01 1.00002001257154e+05 
4.83215191917349e+01 9.99980443456005e+04 
4.84794017791262e+01 9.99939174812581e+04 
4.86372824178603e+01 9.99897096604008e+04 
4.87951610644304e+01 9.99856672627365e+04 
4.89530401011878e+01 9.99818274329782e+04 
4.91109183405868e+01 9.99781471825678e+04 
4.92687968866861e+01 9.99745123789626e+04 
4.94266754364972e+01 9.99709274068676e+04 
4.95845515595664e+01 9.99675347473695e+04 
4.97424261075137e+01 9.99645329718895e+04 
4.99003006335041e+01 9.99619453137856e+04 
5.00581763017773e+01 9.99597062673772e+04 
5.02160540122954e+01 9.99577880493550e+04 
5.03739320513093e+01 9.99561351651072e+04 
5.05318084517488e+01 9.99549022746862e+04 
5.06896830101217e+01 9.99541981588373e+04 
5.08475554530749e+01 9.99539755007111e+04 
5.10054253922244e+01 9.99541234193204e+04 
5.11632927122317e+01 9.99546863637119e+04 
5.13211591090027e+01 9.99555948321449e+04 
5.14790271138448e+01 9.99569784728995e+04 
5.16368950153983e+01 9.99587794399197e+04 
5.17947643683201e+01 9.99609607922723e+04 
5.19526361004011e+01 9.99634246037345e+04 
5.21105113953299e+01 9.99662231742793e+04 
5.22683913894592e+01 9.99693359244711e+04 
5.24262776968112e+01 9.99728166258371e+04 
5.25841708838473e+01 9.99764700617950e+04 
5.27420666524036e+01 9.99802206940679e+04 
5.28999618489546e+01 9.99840290555737e+04 
5.30578577998667e+01 9.99880411468045e+04 
5.32157572283380e+01 9.99922516950409e+04 
5.33736576041167e+01 9.99966228063027e+04 
5.35315607809438e+01 1.00000886095122e+05 
5.36894666299000e+01 1.00004964851094e+05 
5.38473734460421e+01 1.00008866927781e+05 
5.40052812691421e+01 1.00012744761890e+05 
5.41631892761518e+01 1.00016641911517e+05 
5.43210976391154e+01 1.00020469221834e+05 
5.44790065647947e+01 1.00024004237239e+05 
5.46369153234515e+01 1.00027155318567e+05 
5.47948247591204e+01 1.00029969714517e+05 
5.49527345816088e+01 1.00032542926429e+05 
5.51106448015583e+01 1.00034954506396e+05 
5.52685553466649e+01 1.00037125013811e+05 
5.54264665842849e+01 1.00038804838911e+05 
5.55843786559346e+01 1.00040065104154e+05 
5.57422916964500e+01 1.00040936370811e+05 
5.59002049245996e+01 1.00041391932348e+05 
5.60581165652534e+01 1.00041539810400e+05 
5.62160267790978e+01 1.00041231778139e+05 
5.63739360456862e+01 1.00040516425143e+05 
5.65318446490167e+01 1.00039442963385e+05 
5.66897535039061e+01 1.00038034241937e+05 
5.68476637724107e+01 1.00036226156749e+05 
5.70055749148130e+01 1.00034051330996e+05 
5.71634862686760e+01 1.00031456541059e+05 
5.73213958959964e+01 1.00028600092524e+05 
5.74793010243427e+01 1.00025529730494e+05 
5.76372006427965e+01 1.00022294081378e+05 
5.77950939663717e+01 1.00018769373538e+05 
5.79529832749989e+01 1.00014979744042e+05 
5.81108693165340e+01 1.00010962705051e+05 
5.82687509560842e+01 1.00006948488306e+05 
5.84266313769464e+01 1.00002991910811e+05 
5.85845125473362e+01 9.99990926089578e+04 
5.87423932111164e+01 9.99951092866180e+04 
5.89002729936823e+01 9.99910419642996e+04 
5.90581527151859e+01 9.99869944372210e+04 
5.92160322137457e+01 9.99832015426017e+04 
5.93739114996228e+01 9.99797059941009e+04 
5.95317886882425e+01 9.99764845363637e+04 
5.96896638636060e+01 9.99734214362239e+04 
5.98475378197668e+01 9.99704751067348e+04 
6.00054119865173e+01 9.99677499426411e+04 
6.01632862541559e+01 9.99654245792939e+04 
6.03211632133958e+01 9.99635185270455e+04 
6.04790393685606e+01 9.99619671520609e+04 
6.06369130750726e+01 9.99607908757465e+04 
6.07947845152142e+01 9.99598947517753e+04 
6.09526543879465e+01 9.99594043116558e+04 
6.11105223433906e+01 9.99593771311812e+04 
6.12683891572993e+01 9.99597301125029e+04 
6.14262556334736e+01 9.99603912443638e+04 
6.15841213812268e+01 9.99614877723983e+04 
6.17419872970758e+01 9.99629328221501e+04 
6.18998556369791e+01 9.99648311660759e+04 
6.20577270573682e+01 9.99670671237849e+04 
6.22156028064752e+01 9.99696157819295e+04 
6.23734839507439e+01 9.99724231208001e+04 
6.25313719458757e+01 9.99755746148711e+04 
6.26892653364233e+01 9.99790466614011e+04 
6.28471589494630e+01 9.99828435673413e+04 
6.30050539658638e+01 9.99867299372873e+04 
6.31629516032019e+01 9.99906383266324e+04 
6.33208526762621e+01 9.99945602183191e+04 
6.34787557016783e+01 9.99986524330521e+04 
6.36366621209855e+01 1.00002911898937e+05 
6.37945707388512e+01 1.00007256160374e+05 
6.39524799651022e+01 1.00011409516428e+05 
6.41103898945289e+01 1.00015309542145e+05 
6.42682996768123e+01 1.00018975338138e+05 
6.44262099946042e+01 1.00022531898381e+05 
6.45841203235132e+01 1.00026015045836e+05 
6.47420308141056e+01 1.00029311447728e+05 
6.48999413857551e+01 1.00032213201018e+05 
6.50578522130705e+01 1.00034698104116e+05 
6.52157621383260e+01 1.00036784627003e+05 
6.53736716684331e+01 1.00038519092776e+05 
6.55315818735089e+01 1.00039985697424e+05 
6.56894924466357e+01 1.00041083072859e+05 
6.58474019305714e+01 1.00041652158580e+05 
6.60053094171804e+01 1.00041764757721e+05 
6.61632151021049e+01 1.00041503979061e+05 
6.63211194929648e+01 1.00040786716280e+05 
6.64790238951629e+01 1.00039709171430e+05 
6.66369283078166e+01 1.00038183938658e+05 
6.67948331393927e+01 1.00036254806877e+05 
6.69527394440034e+01 1.00033946823002e+05 
6.71106470639483e+01 1.00031332381157e+05 
6.72685553183821e+01 1.00028333579741e+05 
6.74264597024061e+01 1.00024989899983e+05 
6.75843590419925e+01 1.00021283695022e+05 
6.77422535684911e+01 1.00017420026865e+05 
6.79001426201263e+01 1.00013466120739e+05 
6.80580282864847e+01 1.00009445063976e+05 
6.82159111158328e+01 1.00005208189879e+05 
6.83737930861987e+01 1.00000773950419e+05 
6.85316731580176e+01 9.99962208767686e+04 
6.86895517906449e+01 9.99918203304190e+04 
6.88474307150474e+01 9.99876254169867e+04 
6.90053081989569e+01 9.99836272486310e+04 
6.91631854542290e+01 9.99796840303315e+04 
6.93210605590817e+01 9.99757733554183e+04 
6.94789329603387e+01 9.99720159240703e+04 
6.96368026296308e+01 9.99686294342746e+04 
6.97946722052352e+01 9.99656692841611e+04 
6.99525422636531e+01 9.99630925125607e+04 
7.01104134175452e+01 9.99608156092027e+04 
7.02682863349460e+01 9.99587639373107e+04 
7.04261613776249e+01 9.99570337581351e+04 
7.05840389189998e+01 9.99558017303347e+04 
7.07419152096647e+01 9.99550131925996e+04 
7.08997875851045e+01 9.99546372084618e+04 
7.10576561988164e+01 9.99546982874487e+04 
7.12155224399363e+01 9.99550625472264e+04 
7.13733888211252e+01 9.99558763651133e+04 
7.15312552146323e+01 9.99570882929700e+04 
7.16891217538037e+01 9.99586685731124e+04 
7.18469894024299e+01 9.99605628307704e+04 
7.20048591249784e+01 9.99628644027947e+04 
7.21627323468697e+01 9.99655404570133e+04 
7.23206109024455e+01 9.99686339799827e+04 
7.24784954490941e+01 9.99719648865009e+04 
7.26363845290400e+01 9.99754781310609e+04 
7.27942734676224e+01 9.99791286904884e+04 
7.29521620226019e+01 9.99830591966492e+04 
7.31100537643340e+01 9.99872810607949e+04 
7.32679464204612e+01 9.99917695414900e+04 
7.34258410448585e+01 9.99962472077828e+04 
7.35837409539245e+01 1.00000642481072e+05 
7.37416437257822e+01 1.00004937084752e+05 
7.38995475254834e+01 1.00009294193048e+05 
7.40574552767677e+01 1.00013743579641e+05 
7.42153656889771e+01 1.00018187902247e+05 
7.43732764020060e+01 1.00022361321563e+05 
7.45311875013272e+01 1.00026209144539e+05 
7.46890982702211e+01 1.00029732843465e+05 
7.48470091952905e+01 1.00033033260850e+05 
7.50049203089887e+01 1.00036169447573e+05 
7.51628314776675e+01 1.00039024055930e+05 
7.53207423108823e+01 1.00041425913391e+05 
7.54786534052723e+01 1.00043331221644e+05 
7.56365652919325e+01 1.00044823953097e+05 
7.57944760696322e+01 1.00045856055082e+05 
7.59523842322763e+01 1.00046517240463e+05 
7.61102907052860e+01 1.00046715213215e+05 
7.62681956345978e+01 1.00046421246394e+05 
7.64260997846199e+01 1.00045688095241e+05 
7.65840035006254e+01 1.00044594706390e+05 
7.67419079524643e+01 1.00042991909888e+05 
7.68998130220342e+01 1.00040992008163e+05 
7.70577190529444e+01 1.00038518376645e+05 
7.72156246322281e+01 1.00035706366017e+05 
7.73735304351853e+01 1.00032595307192e+05 
7.75314321962536e+01 1.00029256170665e+05 
7.76893280918668e+01 1.00025575820109e+05 
7.78472194406838e+01 1.00021578282833e+05 
7.80051082848022e+01 1.00017282025077e+05 
7.81629925315635e+01 1.00012936076487e+05 
7.83208748693117e+01 1.00008607501837e+05 
7.84787573742400e+01 1.00004310606804e+05 
7.86366399901977e+01 9.99998850994048e+04 
7.87945213840157e+01 9.99953213431303e+04 
7.89524022580153e+01 9.99907129683670e+04 
7.91102822345851e+01 9.99863296620049e+04 
7.92681598504246e+01 9.99822281358367e+04 
7.94260346032737e+01 9.99784055306617e+04 
7.95839065415183e+01 9.99747306871255e+04 
7.97417762739281e+01 9.99711439688714e+04 
7.98996452426869e+01 9.99677472572564e+04 
8.00575144475735e+01 9.99647398142016e+04 
8.02153853484350e+01 9.99621744339765e+04 
8.03732595753060e+01 9.99600308093420e+04 
8.05311360044327e+01 9.99582585983910e+04 
8.06890123775687e+01 9.99567614054240e+04 
8.08468842047536e+01 9.99556014895572e+04 
8.10047525333100e+01 9.99549766917221e+04 
8.11626191499556e+01 9.99547830361263e+04 
8.13204847650461e+01 9.99549695598085e+04 
8.14783488435453e+01 9.99556187597169e+04 
8.16362118439805e+01 9.99566571650003e+04 
8.17940760681954e+01 9.99581606141316e+04 
8.19519420697887e+01 9.99600475162121e+04 
8.21098112939899e+01 9.99623023678168e+04 
8.22676847318654e+01 9.99648760022832e+04 
8.24255638214298e+01 9.99678597987944e+04 
8.25834499430324e+01 9.99712264539199e+04 
8.27413394366513e+01 9.99749978679340e+04 
8.28992294477559e+01 9.99789480594582e+04 
8.30571223195795e+01 9.99830086324993e+04 
8.32150170578953e+01 9.99871485937786e+04 
8.33729147817309e+01 9.99915329946203e+04 
8.35308144311052e+01 9.99961700553691e+04 
8.36887168341859e+01 1.00000993768711e+05 
8.38466229777523e+01 1.00005704720039e+05 
8.40045316549114e+01 1.00010243515974e+05 
8.41624411095586e+01 1.00014589890750e+05 
8.43203503968559e+01 1.00018898877877e+05 
8.44782605557664e+01 1.00023202221515e+05 
8.46361711006565e+01 1.00027376337774e+05 
8.47940815795453e+01 1.00031179428617e+05 
8.49519911103720e+01 1.00034540339198e+05 
8.51098990973984e+01 1.00037494970723e+05 
8.52678065112851e+01 1.00040140960726e+05 
8.54257138686154e+01 1.00042533946733e+05 
8.55836217801970e+01 1.00044553013614e+05 
8.57415292183254e+01 1.00046013736376e+05 
8.58994341398339e+01 1.00046947807563e+05 
8.60573367332196e+01 1.00047388297701e+05 
8.62152374038746e+01 1.00047312289008e+05 
8.63731375811182e+01 1.00046863422078e+05 
8.65310375987192e+01 1.00045869988164e+05 
8.66889375552248e+01 1.00044399613079e+05 
8.68468385039286e+01 1.00042481331530e+05 
8.70047412609430e+01 1.00040191669145e+05 
8.71626443614392e+01 1.00037445967820e+05 
8.73205479962068e+01 1.00034285689221e+05 
8.74784503206073e+01 1.00030681582761e+05 
8.76363495572885e+01 1.00026843245783e+05 
8.77942431849901e+01 1.00022838761494e+05 
8.79521325309210e+01 1.00018699919205e+05 
8.81100185611205e+01 1.00014278372832e+05 
8.82679028525337e+01 1.00009591078464e+05 
8.84257843073351e+01 1.00004707424609e+05 
8.85836638116007e+01 9.99999307429396e+04 
8.87415446242167e+01 9.99953114649834e+04 
8.88994240315965e+01 9.99908701091288e+04 
8.90573022819536e+01 9.99864462359013e+04 
8.92151767527825e+01 9.99820004635636e+04 
8.93730477224399e+01 9.99776557119580e+04 
8.95309156458027e+01 9.99736672501245e+04 
8.96887826912112e+01 9.99701029051745e+04 
8.98466499713213e+01 9.99669332373667e+04 
9.00045176380459e+01 9.99640435982936e+04 
9.01623865154936e+01 9.99613572342616e+04 
9.03202569356564e+01 9.99589855214132e+04 
9.04781297063303e+01 9.99570925345881e+04 
9.06360054524564e+01 9.99556836646313e+04 
9.07938823357972e+01 9.99547178707917e+04 
9.09517541470789e+01 9.99542248825971e+04 
9.11096225648372e+01 9.99540909851285e+04 
9.12674903529327e+01 9.99544074712039e+04 
9.14253570626701e+01 9.99551426730647e+04 
9.15832226822998e+01 9.99562668477547e+04 
9.17410881565195e+01 9.99577587685195e+04 
9.18989546135373e+01 9.99596968103831e+04 
9.20568232887804e+01 9.99620396836060e+04 
9.22146961573564e+01 9.99648417615254e+04 
9.23725738596910e+01 9.99679291857864e+04 
9.25304579588404e+01 9.99712490370389e+04 
9.26883440768282e+01 9.99747571316617e+04 
9.28462302163992e+01 9.99785855174962e+04 
9.30041188904351e+01 9.99827265145406e+04 
9.31620089406748e+01 9.99871556867230e+04 
9.33199003766930e+01 9.99916056099629e+04 
9.34777965434557e+01 9.99960094464389e+04 
9.36356962709857e+01 1.00000345712200e+05 
9.37935970223798e+01 1.00004782036114e+05 
9.39515016043418e+01 1.00009343728928e+05 
9.41094095639123e+01 1.00013928820026e+05 
9.42673176496791e+01 1.00018270536448e+05 
9.44252272261732e+01 1.00022299645591e+05 
9.45831367419679e+01 1.00026017865484e+05 
9.47410472060425e+01 1.00029544317504e+05 
9.48989573503301e+01 1.00032932881811e+05 
9.50568658739766e+01 1.00036074626846e+05 
9.52147728697819e+01 1.00038779862869e+05 
9.53726794597599e+01 1.00040984042398e+05 
9.55305867647987e+01 1.00042794186667e+05 
9.56884942753968e+01 1.00044170696432e+05 
9.58463997516093e+01 1.00045201766897e+05 
9.60043026249207e+01 1.00045769745240e+05 
9.61622035600294e+01 1.00045807098791e+05 
9.63201032160052e+01 1.00045400218667e+05 
9.64780023140949e+01 1.00044636619862e+05 
9.66359014564617e+01 1.00043369081777e+05 
9.67938016196219e+01 1.00041694807157e+05 
9.69517021660862e+01 1.00039538176154e+05 
9.71096039307884e+01 1.00037021629412e+05 
9.72675053659434e+01 1.00034176120905e+05 
9.74254084969254e+01 1.00031060691979e+05 
9.75833089937247e+01 1.00027566609470e+05 
9.77412039501997e+01 1.00023723803000e+05 
9.78990956464850e+01 1.00019550475693e+05 
9.80569824734498e+01 1.00015301135068e+05 
9.82148662686850e+01 1.00011038727575e+05 
9.83727491375352e+01 1.00006771456900e+05 
9.85306321990684e+01 1.00002337435122e+05 
9.86885141869873e+01 9.99977334335697e+04 
9.88463960415929e+01 9.99930546148338e+04 
9.90042760737878e+01 9.99885885177240e+04 
9.91621528526767e+01 9.99843942581302e+04 
9.93200261516929e+01 9.99804645549267e+04 
9.94778958586317e+01 9.99766584613056e+04 
9.96357631314534e+01 9.99729196388871e+04 
9.97936285106285e+01 9.99693633512417e+04 
9.99514940149456e+01 9.99662043166474e+04 
1.00109360548212e+02 9.99634959860418e+04 
