# Liste des scalaires : TEMPS pmat 
0.00000000000000e+00 1.00000000000000e+05 
1.58013544018059e-01 1.00000000000000e+05 
3.16027088036117e-01 1.00000000000000e+05 
4.74040632054176e-01 1.00000000000000e+05 
6.32054176072234e-01 1.00000000000000e+05 
7.90067720090293e-01 1.00000000000000e+05 
9.48081264108351e-01 1.00000000000000e+05 
1.10609480812641e+00 1.00000000000000e+05 
1.26410835214447e+00 1.00000000000000e+05 
1.42212189616253e+00 1.00000000000000e+05 
1.58013544018058e+00 1.00000000000000e+05 
1.73814898419864e+00 1.00000000000000e+05 
1.89616252821670e+00 1.00000000000000e+05 
2.05417607223476e+00 1.00000000000000e+05 
2.21218961625282e+00 1.00000000000000e+05 
2.37020316027088e+00 1.00000000000000e+05 
2.52821670428893e+00 1.00000000000000e+05 
2.68623024830699e+00 1.00000000000000e+05 
2.84424379232505e+00 1.00000000000000e+05 
3.00225733634311e+00 1.00000000000000e+05 
3.16027088036116e+00 1.00000000000000e+05 
3.31828442437922e+00 1.00000000000000e+05 
3.47629796839728e+00 1.00000000000000e+05 
3.63431151241534e+00 1.00000000000000e+05 
3.79232505643340e+00 1.00000000000000e+05 
3.95033860045145e+00 1.00000000000000e+05 
4.10835214446951e+00 1.00000000000000e+05 
4.26636568848757e+00 1.00000000000000e+05 
4.42437923250563e+00 1.00000000000000e+05 
4.58239277652368e+00 1.00000000000000e+05 
4.74040632054174e+00 1.00000000000000e+05 
4.89841986455980e+00 1.00000000000000e+05 
5.05643340857771e+00 1.00000000000000e+05 
5.21444695259555e+00 1.00000000000000e+05 
5.37246049661106e+00 1.00000000000000e+05 
5.53047404062163e+00 1.00000000000000e+05 
5.68848758460807e+00 1.00000000000000e+05 
5.84650112860433e+00 1.00000000000000e+05 
6.00451467131846e+00 1.00000000000000e+05 
6.16252820860419e+00 1.00000000000000e+05 
6.32054173855849e+00 1.00000000000015e+05 
6.47855526263600e+00 1.00000000000146e+05 
6.63656878322570e+00 1.00000000000273e+05 
6.79458230116958e+00 1.00000000038206e+05 
6.95259581572868e+00 1.00000000733206e+05 
7.11060926486710e+00 1.00000002254287e+05 
7.26862123211782e+00 1.00000006803134e+05 
7.42662869286748e+00 1.00000018598224e+05 
7.58462797993242e+00 1.00000042325877e+05 
7.74261562363004e+00 1.00000100656812e+05 
7.90058972087802e+00 1.00000259781932e+05 
8.05854876760864e+00 1.00000539512819e+05 
8.21649327583521e+00 1.00001077967278e+05 
8.37442375590179e+00 1.00002011107730e+05 
8.53234121474706e+00 1.00003406661886e+05 
8.69024692780629e+00 1.00005606809488e+05 
8.84814294511368e+00 1.00009491239089e+05 
9.00603027516490e+00 1.00014345132159e+05 
9.16391060602912e+00 1.00020934753129e+05 
9.32178516379403e+00 1.00028936389832e+05 
9.47965513838773e+00 1.00037638695441e+05 
9.63751817790166e+00 1.00046942158212e+05 
9.79537550224774e+00 1.00059046600557e+05 
9.95322697641788e+00 1.00070619018031e+05 
1.01110732028936e+01 1.00082584386576e+05 
1.02689146274544e+01 1.00092315630739e+05 
1.04267523201822e+01 1.00099720485696e+05 
1.05845878187241e+01 1.00105444172289e+05 
1.07424234235056e+01 1.00112948585109e+05 
1.09002605183067e+01 1.00119713302318e+05 
1.10581011989153e+01 1.00125856778854e+05 
1.12159469760981e+01 1.00127808079718e+05 
1.13737958277871e+01 1.00126896897608e+05 
1.15316485112955e+01 1.00124380114693e+05 
1.16895059234703e+01 1.00122375119467e+05 
1.18473678135275e+01 1.00120330841285e+05 
1.20052343190564e+01 1.00117323187438e+05 
1.21631037930394e+01 1.00110495254448e+05 
1.23209755736488e+01 1.00100944282102e+05 
1.24788506295067e+01 1.00090487247339e+05 
1.26367295773036e+01 1.00079320684809e+05 
1.27946116815903e+01 1.00069509738399e+05 
1.29524970895918e+01 1.00059012334868e+05 
1.31103853882209e+01 1.00046094112323e+05 
1.32682764852580e+01 1.00031849917728e+05 
1.34261706139616e+01 1.00017740229616e+05 
1.35840685957871e+01 1.00001567514863e+05 
1.37419698795382e+01 9.99872239311547e+04 
1.38998748238769e+01 9.99732123169763e+04 
1.40577825863761e+01 9.99590390917851e+04 
1.42156900780669e+01 9.99449296529333e+04 
1.43735971547495e+01 9.99315381042559e+04 
1.45315042337418e+01 9.99154237327847e+04 
1.46894115576050e+01 9.99012784354622e+04 
1.48473186395545e+01 9.98878423818741e+04 
1.50052256719272e+01 9.98771319949527e+04 
1.51631330578148e+01 9.98679444160645e+04 
1.53210408171837e+01 9.98599290743373e+04 
1.54789489338296e+01 9.98491827410286e+04 
1.56368576354914e+01 9.98398169322575e+04 
1.57947669611646e+01 9.98318800626346e+04 
1.59526770505537e+01 9.98291186694402e+04 
1.61105878565459e+01 9.98291988581081e+04 
1.62684993007154e+01 9.98301319048831e+04 
1.64264117696543e+01 9.98293015104532e+04 
1.65843252894251e+01 9.98288378462858e+04 
1.67422394503545e+01 9.98302600231152e+04 
1.69001543231263e+01 9.98370148978824e+04 
1.70580702178261e+01 9.98473404276638e+04 
1.72159869071440e+01 9.98581847943796e+04 
1.73739045484328e+01 9.98690669315643e+04 
1.75318230870977e+01 9.98786264528025e+04 
1.76897420386758e+01 9.98902643167854e+04 
1.78476617082648e+01 9.99055908951105e+04 
1.80055822852594e+01 9.99228686143641e+04 
1.81635032871374e+01 9.99396416341323e+04 
1.83214252006964e+01 9.99578871564151e+04 
1.84793480458620e+01 9.99737902876432e+04 
1.86372715456650e+01 9.99900008189768e+04 
1.87951957601081e+01 1.00006967494794e+05 
1.89531209484135e+01 1.00023813916786e+05 
1.91110441089809e+01 1.00038760931271e+05 
1.92689571504680e+01 1.00055847293062e+05 
1.94268607791625e+01 1.00070268635093e+05 
1.95847566159270e+01 1.00083772897523e+05 
1.97426455229279e+01 1.00095042678803e+05 
1.99005279081235e+01 1.00104385987642e+05 
2.00584049686281e+01 1.00111682911208e+05 
2.02162789927353e+01 1.00121278285883e+05 
2.03741510118332e+01 1.00128859846557e+05 
2.05320225312322e+01 1.00135032620096e+05 
2.06898943694514e+01 1.00137079838665e+05 
2.08477672335517e+01 1.00136677120340e+05 
2.10056381883608e+01 1.00135171262913e+05 
2.11635073392954e+01 1.00135246174724e+05 
2.13213744206154e+01 1.00134800762336e+05 
2.14792406064660e+01 1.00132962388033e+05 
2.16371055052497e+01 1.00127362163690e+05 
2.17949698598769e+01 1.00119106743559e+05 
2.19528346543289e+01 1.00110251894305e+05 
2.21107022379036e+01 1.00101562835036e+05 
2.22685735446671e+01 1.00093948561263e+05 
2.24264499128177e+01 1.00084880466578e+05 
2.25843313783613e+01 1.00073411361154e+05 
2.27422178371839e+01 1.00060579001094e+05 
2.29001082195325e+01 1.00047990967113e+05 
2.30580026165052e+01 1.00034201950562e+05 
2.32159006750456e+01 1.00022022130651e+05 
2.33738008250518e+01 1.00009377097408e+05 
2.35317021841015e+01 9.99962788954786e+04 
2.36896047805334e+01 9.99832367826032e+04 
2.38475089535193e+01 9.99713034161737e+04 
2.40054144059897e+01 9.99572780291689e+04 
2.41633212527943e+01 9.99451105361497e+04 
2.43212294708959e+01 9.99331050653633e+04 
2.44791391765311e+01 9.99228383348339e+04 
2.46370501927731e+01 9.99140197818170e+04 
2.47949629062368e+01 9.99067311424513e+04 
2.49528766385629e+01 9.98970864307848e+04 
2.51107912664912e+01 9.98889048998046e+04 
2.52687065421895e+01 9.98815454956230e+04 
2.54266227275827e+01 9.98777572716883e+04 
2.55845402635157e+01 9.98765329237685e+04 
2.57424589006128e+01 9.98765214394456e+04 
2.59003774090588e+01 9.98745453872464e+04 
2.60582956021659e+01 9.98731573194353e+04 
2.62162142568713e+01 9.98728864500088e+04 
2.63741334755089e+01 9.98766610055158e+04 
2.65320531896202e+01 9.98832408230116e+04 
2.66899728755107e+01 9.98903943119156e+04 
2.68478922917635e+01 9.98971758182121e+04 
2.70058116301977e+01 9.99032290372097e+04 
2.71637307927613e+01 9.99102031981700e+04 
2.73216502821697e+01 9.99203241088870e+04 
2.74795690311203e+01 9.99323938464591e+04 
2.76374879055499e+01 9.99442747988880e+04 
2.77954041756501e+01 9.99571728359375e+04 
2.79533191433170e+01 9.99683851137556e+04 
2.81112322788099e+01 9.99800709973407e+04 
2.82691420252821e+01 9.99928175662071e+04 
2.84270498359011e+01 1.00005821696780e+05 
2.85849551367456e+01 1.00017674126771e+05 
2.87428577035279e+01 1.00031649787189e+05 
2.89007576935424e+01 1.00043690659131e+05 
2.90586554385742e+01 1.00055574013768e+05 
2.92165508783833e+01 1.00066185347602e+05 
2.93744443359554e+01 1.00075490627568e+05 
2.95323353920958e+01 1.00083239685047e+05 
2.96902253081402e+01 1.00093577263973e+05 
2.98481142776169e+01 1.00102302357255e+05 
3.00059979647156e+01 1.00110121256665e+05 
3.01638770985754e+01 1.00114562728595e+05 
3.03217523516603e+01 1.00116542309223e+05 
3.04796254231717e+01 1.00117163733489e+05 
3.06374979890028e+01 1.00119959016824e+05 
3.07953682566008e+01 1.00122408922535e+05 
3.09532360866590e+01 1.00123785219893e+05 
3.11111009485845e+01 1.00121097273260e+05 
3.12689642148262e+01 1.00115550926206e+05 
3.14268269801884e+01 1.00109616926079e+05 
3.15846899752751e+01 1.00104840052148e+05 
3.17425539745552e+01 1.00100814878033e+05 
3.19004203627167e+01 1.00095599488389e+05 
3.20582896401381e+01 1.00086796825083e+05 
3.22161632234601e+01 1.00075810441528e+05 
3.23740425511432e+01 1.00065043788955e+05 
3.25319290751244e+01 1.00053869680891e+05 
3.26898202982419e+01 1.00044598089093e+05 
3.28477131228900e+01 1.00034612542252e+05 
3.30056072961437e+01 1.00022980101624e+05 
3.31635023672678e+01 1.00010849795236e+05 
3.33213991393358e+01 9.99996110628352e+04 
3.34792973573956e+01 9.99865657432664e+04 
3.36371967535133e+01 9.99752840396044e+04 
3.37950973023584e+01 9.99642000705432e+04 
3.39529995672097e+01 9.99536503527871e+04 
3.41109029852060e+01 9.99439276647077e+04 
3.42688076087386e+01 9.99355997080203e+04 
3.44267132713632e+01 9.99249134184064e+04 
3.45846196509400e+01 9.99156985183823e+04 
3.47425273496765e+01 9.99068033584211e+04 
3.49004361808860e+01 9.99004474222018e+04 
3.50583454950604e+01 9.98960088225592e+04 
3.52162538750963e+01 9.98929846689736e+04 
3.53741611804014e+01 9.98875633219708e+04 
3.55320682312856e+01 9.98827790369913e+04 
3.56899754216115e+01 9.98786211398660e+04 
3.58478829107651e+01 9.98782512668123e+04 
3.60057904151544e+01 9.98805982744659e+04 
3.61636981099972e+01 9.98836401009681e+04 
3.63216068904539e+01 9.98848669871142e+04 
3.64795154283054e+01 9.98857520107032e+04 
3.66374236436593e+01 9.98876696897331e+04 
3.67953327010769e+01 9.98935238131677e+04 
3.69532427717678e+01 9.99016091106062e+04 
3.71111532244148e+01 9.99097394306294e+04 
3.72690630548262e+01 9.99178019288583e+04 
3.74269718145581e+01 9.99243830004028e+04 
3.75848778454541e+01 9.99319711880006e+04 
3.77427791017932e+01 9.99420014312028e+04 
3.79006746564164e+01 9.99528911692686e+04 
3.80585658512143e+01 9.99631294631103e+04 
3.82164521350274e+01 9.99752009357296e+04 
3.83743339522929e+01 9.99855442083592e+04 
3.85322143263643e+01 9.99961598094190e+04 
3.86900941565614e+01 1.00007315199117e+05 
3.88479738779336e+01 1.00018114264334e+05 
3.90058528607593e+01 1.00027682812822e+05 
3.91637297505779e+01 1.00039942872552e+05 
3.93216059461941e+01 1.00050616866912e+05 
3.94794833120710e+01 1.00061235589308e+05 
3.96373600136444e+01 1.00070050978162e+05 
3.97952355988724e+01 1.00077204183393e+05 
3.99531105564116e+01 1.00083020318262e+05 
4.01109853768128e+01 1.00091561895162e+05 
4.02688608742397e+01 1.00099143180286e+05 
4.04267381798270e+01 1.00105822282367e+05 
4.05846137319020e+01 1.00108706124898e+05 
4.07424858509869e+01 1.00108882240912e+05 
4.09003545163728e+01 1.00107928539751e+05 
4.10582217788816e+01 1.00109102038023e+05 
4.12160877638797e+01 1.00110359167027e+05 
4.13739537347660e+01 1.00110481937400e+05 
4.15318203524083e+01 1.00106761138779e+05 
4.16896877430492e+01 1.00100655288138e+05 
4.18475567572815e+01 1.00094003365243e+05 
4.20054296452478e+01 1.00087788975332e+05 
4.21633067849416e+01 1.00082774929502e+05 
4.23211896909693e+01 1.00076382625248e+05 
4.24790781339048e+01 1.00067569500431e+05 
4.26369644682292e+01 1.00057095212373e+05 
4.27948546539027e+01 1.00046984572807e+05 
4.29527445839470e+01 1.00035736740897e+05 
4.31106359297670e+01 1.00025879152118e+05 
4.32685306520852e+01 1.00015627449560e+05 
4.34264288504664e+01 1.00004759520158e+05 
4.35843293098335e+01 9.99938510045393e+04 
4.37422323857132e+01 9.99841092076412e+04 
4.39001362271449e+01 9.99721035353285e+04 
4.40580408935821e+01 9.99616348870083e+04 
4.42159461004656e+01 9.99510504825049e+04 
4.43738520952394e+01 9.99418717579287e+04 
4.45317586334686e+01 9.99339650705804e+04 
4.46896655731558e+01 9.99273826064219e+04 
4.48475732386247e+01 9.99180746402482e+04 
4.50054818277984e+01 9.99097656883811e+04 
4.51633912296472e+01 9.99019236101516e+04 
4.53213012689940e+01 9.98973053012082e+04 
4.54792124514439e+01 9.98949122790111e+04 
4.56371248172869e+01 9.98935210869358e+04 
4.57950380337933e+01 9.98898913158621e+04 
4.59529529680012e+01 9.98862316025611e+04 
4.61108663642278e+01 9.98835155634208e+04 
4.62687784498702e+01 9.98849947326511e+04 
4.64266899654798e+01 9.98891379587964e+04 
4.65846018793389e+01 9.98939878111975e+04 
4.67425141840204e+01 9.98977341719462e+04 
4.69004273753813e+01 9.99004934727447e+04 
4.70583412575278e+01 9.99042570401384e+04 
4.72162558287896e+01 9.99115933151677e+04 
4.73741661075397e+01 9.99211181513881e+04 
4.75320700293228e+01 9.99303646594695e+04 
4.76899693645184e+01 9.99402946537623e+04 
4.78478625125830e+01 9.99486363428391e+04 
4.80057508638390e+01 9.99577964199941e+04 
4.81636362087960e+01 9.99687947125265e+04 
4.83215191917349e+01 9.99805373511465e+04 
4.84794017791262e+01 9.99913691998412e+04 
4.86372824178603e+01 1.00004376022697e+05 
4.87951610644304e+01 1.00015736942525e+05 
4.89530401011878e+01 1.00027451349264e+05 
4.91109183405868e+01 1.00038618741582e+05 
4.92687968866861e+01 1.00048963920349e+05 
4.94266754364972e+01 1.00057980948888e+05 
4.95845515595664e+01 1.00069787908452e+05 
4.97424261075137e+01 1.00080183054824e+05 
4.99003006335041e+01 1.00090049727968e+05 
5.00581763017773e+01 1.00096932101028e+05 
5.02160540122954e+01 1.00101620350115e+05 
5.03739320513093e+01 1.00104966356495e+05 
5.05318084517488e+01 1.00110764778714e+05 
5.06896830101217e+01 1.00116037124792e+05 
5.08475554530749e+01 1.00120235349792e+05 
5.10054253922244e+01 1.00120012570537e+05 
5.11632927122317e+01 1.00116938026023e+05 
5.13211591090027e+01 1.00113465192811e+05 
5.14790271138448e+01 1.00111570077513e+05 
5.16368950153983e+01 1.00110169746428e+05 
5.17947643683201e+01 1.00107572120862e+05 
5.19526361004011e+01 1.00101104113742e+05 
5.21105113953299e+01 1.00092247477382e+05 
5.22683913894592e+01 1.00083435652481e+05 
5.24262776968112e+01 1.00074235999056e+05 
5.25841708838473e+01 1.00066528915058e+05 
5.27420666524036e+01 1.00057782842615e+05 
5.28999618489546e+01 1.00046877876162e+05 
5.30578577998667e+01 1.00035203012771e+05 
5.32157572283380e+01 1.00024361762096e+05 
5.33736576041167e+01 1.00011688111347e+05 
5.35315607809438e+01 1.00000618977146e+05 
5.36894666299000e+01 9.99891557539113e+04 
5.38473734460421e+01 9.99778576713360e+04 
5.40052812691421e+01 9.99670566072223e+04 
5.41631892761518e+01 9.99575833909512e+04 
5.43210976391154e+01 9.99456855301927e+04 
5.44790065647947e+01 9.99351286252318e+04 
5.46369153234515e+01 9.99246776149204e+04 
5.47948247591204e+01 9.99165526123311e+04 
5.49527345816088e+01 9.99102045886166e+04 
5.51106448015583e+01 9.99052153047527e+04 
5.52685553466649e+01 9.98976433565309e+04 
5.54264665842849e+01 9.98907072313763e+04 
5.55843786559346e+01 9.98845089894674e+04 
5.57422916964500e+01 9.98822515342182e+04 
5.59002049245996e+01 9.98827440712873e+04 
5.60581165652534e+01 9.98840922044434e+04 
5.62160267790978e+01 9.98834690172015e+04 
5.63739360456862e+01 9.98827038403162e+04 
5.65318446490167e+01 9.98829657699438e+04 
5.66897535039061e+01 9.98872615287210e+04 
5.68476637724107e+01 9.98940575725574e+04 
5.70055749148130e+01 9.99012897164668e+04 
5.71634862686760e+01 9.99083565682271e+04 
5.73213958959964e+01 9.99140883696331e+04 
5.74793010243427e+01 9.99210073217371e+04 
5.76372006427965e+01 9.99306122000399e+04 
5.77950939663717e+01 9.99415483320590e+04 
5.79529832749989e+01 9.99521080541081e+04 
5.81108693165340e+01 9.99643851459559e+04 
5.82687509560842e+01 9.99753433678472e+04 
5.84266313769464e+01 9.99866285319372e+04 
5.85845125473362e+01 9.99986640161889e+04 
5.87423932111164e+01 1.00010718824839e+05 
5.89002729936823e+01 1.00021724736806e+05 
5.90581527151859e+01 1.00035320760357e+05 
5.92160322137457e+01 1.00047199247491e+05 
5.93739114996228e+01 1.00058942758704e+05 
5.95317886882425e+01 1.00068952775233e+05 
5.96896638636060e+01 1.00077450189611e+05 
5.98475378197668e+01 1.00084617975251e+05 
6.00054119865173e+01 1.00094657455024e+05 
6.01632862541559e+01 1.00103601383534e+05 
6.03211632133958e+01 1.00111741006886e+05 
6.04790393685606e+01 1.00116080641299e+05 
6.06369130750726e+01 1.00117674290630e+05 
6.07947845152142e+01 1.00117933943479e+05 
6.09526543879465e+01 1.00120217317529e+05 
6.11105223433906e+01 1.00122517481206e+05 
6.12683891572993e+01 1.00123553784734e+05 
6.14262556334736e+01 1.00120475999438e+05 
6.15841213812268e+01 1.00114761751846e+05 
6.17419872970758e+01 1.00108407811281e+05 
6.18998556369791e+01 1.00102832805789e+05 
6.20577270573682e+01 1.00098310507925e+05 
6.22156028064752e+01 1.00092589890817e+05 
6.23734839507439e+01 1.00083377320154e+05 
6.25313719458757e+01 1.00072126852426e+05 
6.26892653364233e+01 1.00061315059446e+05 
6.28471589494630e+01 1.00049514707671e+05 
6.30050539658638e+01 1.00039384107675e+05 
6.31629516032019e+01 1.00028537155555e+05 
6.33208526762621e+01 1.00016553979366e+05 
6.34787557016783e+01 1.00004217210927e+05 
6.36366621209855e+01 9.99931277562425e+04 
6.37945707388512e+01 9.99799828770757e+04 
6.39524799651022e+01 9.99684922845155e+04 
6.41103898945289e+01 9.99568664772390e+04 
6.42682996768123e+01 9.99464285689607e+04 
6.44262099946042e+01 9.99370160466183e+04 
6.45841203235132e+01 9.99289244036888e+04 
6.47420308141056e+01 9.99180784820217e+04 
6.48999413857551e+01 9.99083272530247e+04 
6.50578522130705e+01 9.98989814493720e+04 
6.52157621383260e+01 9.98929186673667e+04 
6.53736716684331e+01 9.98891198813606e+04 
6.55315818735089e+01 9.98866415205402e+04 
6.56894924466357e+01 9.98818867301064e+04 
6.58474019305714e+01 9.98772803445619e+04 
6.60053094171804e+01 9.98735647300243e+04 
6.61632151021049e+01 9.98741876131758e+04 
6.63211194929648e+01 9.98777134096197e+04 
6.64790238951629e+01 9.98818302395430e+04 
6.66369283078166e+01 9.98847255798761e+04 
6.67948331393927e+01 9.98868909822347e+04 
6.69527394440034e+01 9.98901684892482e+04 
6.71106470639483e+01 9.98974375231447e+04 
6.72685553183821e+01 9.99072005793113e+04 
6.74264597024061e+01 9.99168353366969e+04 
6.75843590419925e+01 9.99269178660297e+04 
6.77422535684911e+01 9.99353664903944e+04 
6.79001426201263e+01 9.99448674965943e+04 
6.80580282864847e+01 9.99566265179078e+04 
6.82159111158328e+01 9.99692807376721e+04 
6.83737930861987e+01 9.99813375666775e+04 
6.85316731580176e+01 9.99955396060374e+04 
6.86895517906449e+01 1.00008085746754e+05 
6.88474307150474e+01 1.00020944570971e+05 
6.90053081989569e+01 1.00033554089810e+05 
6.91631854542290e+01 1.00045557476171e+05 
6.93210605590817e+01 1.00056224293252e+05 
6.94789329603387e+01 1.00069476262249e+05 
6.96368026296308e+01 1.00081248743900e+05 
6.97946722052352e+01 1.00092662944033e+05 
6.99525422636531e+01 1.00101196860571e+05 
7.01104134175452e+01 1.00107596572917e+05 
7.02682863349460e+01 1.00112462392442e+05 
7.04261613776249e+01 1.00119651830182e+05 
7.05840389189998e+01 1.00126207221926e+05 
7.07419152096647e+01 1.00131722316249e+05 
7.08997875851045e+01 1.00132677765042e+05 
7.10576561988164e+01 1.00130447239493e+05 
7.12155224399363e+01 1.00127241896937e+05 
7.13733888211252e+01 1.00125633219344e+05 
7.15312552146323e+01 1.00124446851745e+05 
7.16891217538037e+01 1.00122091499550e+05 
7.18469894024299e+01 1.00115400232973e+05 
7.20048591249784e+01 1.00106194485163e+05 
7.21627323468697e+01 1.00096636433548e+05 
7.23206109024455e+01 1.00086954758702e+05 
7.24784954490941e+01 1.00078761526859e+05 
7.26363845290400e+01 1.00069308601875e+05 
7.27942734676224e+01 1.00057534466711e+05 
7.29521620226019e+01 1.00044564752857e+05 
7.31100537643340e+01 1.00032277650552e+05 
7.32679464204612e+01 1.00018510057603e+05 
7.34258410448585e+01 1.00006262509495e+05 
7.35837409539245e+01 9.99937405586331e+04 
7.37416437257822e+01 9.99813344674862e+04 
7.38995475254834e+01 9.99693376764388e+04 
7.40574552767677e+01 9.99587572198843e+04 
7.42153656889771e+01 9.99458343868409e+04 
7.43732764020060e+01 9.99343505548870e+04 
7.45311875013272e+01 9.99229482857750e+04 
7.46890982702211e+01 9.99137906063682e+04 
7.48470091952905e+01 9.99063864588299e+04 
7.50049203089887e+01 9.99005152393147e+04 
7.51628314776675e+01 9.98921141199617e+04 
7.53207423108823e+01 9.98844660859112e+04 
7.54786534052723e+01 9.98775622663907e+04 
7.56365652919325e+01 9.98746834629098e+04 
7.57944760696322e+01 9.98745246420877e+04 
7.59523842322763e+01 9.98755841753582e+04 
7.61102907052860e+01 9.98745487631979e+04 
7.62681956345978e+01 9.98734064780784e+04 
7.64260997846199e+01 9.98733104232055e+04 
7.65840035006254e+01 9.98774827952147e+04 
7.67419079524643e+01 9.98843309547337e+04 
7.68998130220342e+01 9.98921289154328e+04 
7.70577190529444e+01 9.98994318691091e+04 
7.72156246322281e+01 9.99053658694201e+04 
7.73735304351853e+01 9.99123072166060e+04 
7.75314321962536e+01 9.99223674733948e+04 
7.76893280918668e+01 9.99343709299987e+04 
7.78472194406838e+01 9.99460008358164e+04 
7.80051082848022e+01 9.99588109141984e+04 
7.81629925315635e+01 9.99699773623658e+04 
7.83208748693117e+01 9.99819645075354e+04 
7.84787573742400e+01 9.99949532837761e+04 
7.86366399901977e+01 1.00008333833267e+05 
7.87945213840157e+01 1.00020585060529e+05 
7.89524022580153e+01 1.00035120859172e+05 
7.91102822345851e+01 1.00047881193580e+05 
7.92681598504246e+01 1.00060626855970e+05 
7.94260346032737e+01 1.00071671412419e+05 
7.95839065415183e+01 1.00081308455452e+05 
7.97417762739281e+01 1.00089490334569e+05 
7.98996452426869e+01 1.00100398971965e+05 
8.00575144475735e+01 1.00110174326422e+05 
8.02153853484350e+01 1.00119201419278e+05 
8.03732595753060e+01 1.00124409254304e+05 
8.05311360044327e+01 1.00126907591314e+05 
8.06890123775687e+01 1.00127852234398e+05 
8.08468842047536e+01 1.00130728038660e+05 
8.10047525333100e+01 1.00133424341205e+05 
8.11626191499556e+01 1.00134984054149e+05 
8.13204847650461e+01 1.00132153142129e+05 
8.14783488435453e+01 1.00126477730926e+05 
8.16362118439805e+01 1.00119859338942e+05 
8.17940760681954e+01 1.00114188964442e+05 
8.19519420697887e+01 1.00109529911936e+05 
8.21098112939899e+01 1.00103649861821e+05 
8.22676847318654e+01 1.00093985255192e+05 
8.24255638214298e+01 1.00082091790539e+05 
8.25834499430324e+01 1.00070452539229e+05 
8.27413394366513e+01 1.00058000084142e+05 
8.28992294477559e+01 1.00047422817870e+05 
8.30571223195795e+01 1.00036017940629e+05 
8.32150170578953e+01 1.00023173567780e+05 
8.33729147817309e+01 1.00009770682121e+05 
8.35308144311052e+01 9.99974254407304e+04 
8.36887168341859e+01 9.99832388020835e+04 
8.38466229777523e+01 9.99706943754614e+04 
8.40045316549114e+01 9.99581431334671e+04 
8.41624411095586e+01 9.99466547603598e+04 
8.43203503968559e+01 9.99361685182288e+04 
8.44782605557664e+01 9.99271810938845e+04 
8.46361711006565e+01 9.99156500000692e+04 
8.47940815795453e+01 9.99053086019557e+04 
8.49519911103720e+01 9.98953379315105e+04 
8.51098990973984e+01 9.98885943457960e+04 
8.52678065112851e+01 9.98841289667392e+04 
8.54257138686154e+01 9.98811853313079e+04 
8.55836217801970e+01 9.98759339118925e+04 
8.57415292183254e+01 9.98709229304053e+04 
8.58994341398339e+01 9.98667964328540e+04 
8.60573367332196e+01 9.98671097891963e+04 
8.62152374038746e+01 9.98704498525669e+04 
8.63731375811182e+01 9.98746250357074e+04 
8.65310375987192e+01 9.98772407148378e+04 
8.66889375552248e+01 9.98793845873883e+04 
8.68468385039286e+01 9.98826575018430e+04 
8.70047412609430e+01 9.98900633284481e+04 
8.71626443614392e+01 9.99000264141806e+04 
8.73205479962068e+01 9.99101581197428e+04 
8.74784503206073e+01 9.99205437809202e+04 
8.76363495572885e+01 9.99292122359730e+04 
8.77942431849901e+01 9.99389020278281e+04 
8.79521325309210e+01 9.99509411362998e+04 
8.81100185611205e+01 9.99642026671317e+04 
8.82679028525337e+01 9.99766820541068e+04 
8.84257843073351e+01 9.99912441313853e+04 
8.85836638116007e+01 1.00004226568918e+05 
8.87415446242167e+01 1.00017350226431e+05 
8.88994240315965e+01 1.00030413134420e+05 
8.90573022819536e+01 1.00042972894897e+05 
8.92151767527825e+01 1.00054200725009e+05 
8.93730477224399e+01 1.00067957549426e+05 
8.95309156458027e+01 1.00080054580280e+05 
8.96887826912112e+01 1.00091785796575e+05 
8.98466499713213e+01 1.00100772862996e+05 
9.00045176380459e+01 1.00107733456782e+05 
9.01623865154936e+01 1.00113119131278e+05 
9.03202569356564e+01 1.00121053272167e+05 
9.04781297063303e+01 1.00128217959729e+05 
9.06360054524564e+01 1.00134336984172e+05 
9.07938823357972e+01 1.00136032215807e+05 
9.09517541470789e+01 1.00134551928049e+05 
9.11096225648372e+01 1.00131712868979e+05 
9.12674903529327e+01 1.00130712990902e+05 
9.14253570626701e+01 1.00130058636550e+05 
9.15832226822998e+01 1.00128350362351e+05 
9.17410881565195e+01 1.00122171268029e+05 
9.18989546135373e+01 1.00113371414427e+05 
9.20568232887804e+01 1.00103985739023e+05 
9.22146961573564e+01 1.00094807633077e+05 
9.23725738596910e+01 1.00087058219761e+05 
9.25304579588404e+01 1.00078029937558e+05 
9.26883440768282e+01 1.00066459374324e+05 
9.28462302163992e+01 1.00053187818906e+05 
9.30041188904351e+01 1.00040550088014e+05 
9.31620089406748e+01 1.00026706927354e+05 
9.33199003766930e+01 1.00014473282136e+05 
9.34777965434557e+01 1.00001854515104e+05 
9.36356962709857e+01 9.99890432830307e+04 
9.37935970223798e+01 9.99763941309663e+04 
9.39515016043418e+01 9.99651745178213e+04 
9.41094095639123e+01 9.99516820320689e+04 
9.42673176496791e+01 9.99397199368065e+04 
9.44252272261732e+01 9.99277545045290e+04 
9.45831367419679e+01 9.99177916526373e+04 
9.47410472060425e+01 9.99094693729983e+04 
9.48989573503301e+01 9.99027214632852e+04 
9.50568658739766e+01 9.98934227533015e+04 
9.52147728697819e+01 9.98849829101027e+04 
9.53726794597599e+01 9.98772500367594e+04 
9.55305867647987e+01 9.98734183786008e+04 
9.56884942753968e+01 9.98723049564220e+04 
9.58463997516093e+01 9.98724841591064e+04 
9.60043026249207e+01 9.98706724411932e+04 
9.61622035600294e+01 9.98686753087826e+04 
9.63201032160052e+01 9.98677655387873e+04 
9.64780023140949e+01 9.98710636592177e+04 
9.66359014564617e+01 9.98772208052144e+04 
9.67938016196219e+01 9.98845863464386e+04 
9.69517021660862e+01 9.98910490975235e+04 
9.71096039307884e+01 9.98962592863673e+04 
9.72675053659434e+01 9.99026155203002e+04 
9.74254084969254e+01 9.99124863270918e+04 
9.75833089937247e+01 9.99244124357700e+04 
9.77412039501997e+01 9.99360355464402e+04 
9.78990956464850e+01 9.99486664638725e+04 
9.80569824734498e+01 9.99596276089596e+04 
9.82148662686850e+01 9.99713854361153e+04 
9.83727491375352e+01 9.99844545401007e+04 
9.85306321990684e+01 9.99981424827991e+04 
9.86885141869873e+01 1.00010829871155e+05 
9.88463960415929e+01 1.00025774147154e+05 
9.90042760737878e+01 1.00038929372137e+05 
9.91621528526767e+01 1.00052108598287e+05 
9.93200261516929e+01 1.00063831887539e+05 
9.94778958586317e+01 1.00074352117412e+05 
9.96357631314534e+01 1.00083381393220e+05 
9.97936285106285e+01 1.00095114616797e+05 
9.99514940149456e+01 1.00105602256665e+05 
1.00109360548212e+02 1.00115424476066e+05 
