#   1 : Date         : Instant de fin de cycle en temps
#   2 : <# Isend>    : Nombre moyen d'appels de   MPI_Isend
#   3 : <B Isend>    : Volume moyen (en Bytes) de MPI_Isend
#   4 : <# Irecv>    : Nombre moyen d'appels de   MPI_Irecv
#   5 : <B Irecv>    : Volume moyen (en Bytes) de MPI_Irecv
#   6 : <# Allreduce> : Nombre moyen d'appels de   MPI_Allreduce
#   7 : <B Allreduce> : Volume moyen (en Bytes) de MPI_Allreduce
#   8 : <# ISendPack/Scal> : Nombre moyen d'appels de   MPI_ISendPack/Scal
#   9 : <B ISendPack/Scal> : Volume moyen (en Bytes) de MPI_ISendPack/Scal
#  Date        <# Isend>     <B Isend>     <# Irecv>     <B Irecv>     <# Allreduce>  <B Allreduce>  <# ISendPack/Scal>  <B ISendPack/Scal>
0.000000e+00   1.314875e+03  7.520024e+07  1.310375e+03  7.519596e+07  6.800000e+01  4.697000e+03  1.176188e+03  7.520024e+07
2.040816e-01   1.285125e+03  3.887090e+08  1.285125e+03  3.887090e+08  6.000000e+00  8.700000e+01  6.278125e+02  3.887090e+08
4.080422e-01   1.639312e+03  3.998775e+08  1.639312e+03  3.998775e+08  1.900000e+01  1.931000e+03  9.561875e+02  3.998775e+08
6.118321e-01   1.285125e+03  3.887090e+08  1.285125e+03  3.887090e+08  6.000000e+00  8.700000e+01  6.278125e+02  3.887090e+08
8.154217e-01   1.285125e+03  3.887090e+08  1.285125e+03  3.887090e+08  6.000000e+00  8.700000e+01  6.278125e+02  3.887090e+08
1.018848e+00   1.564938e+03  4.178462e+08  1.564938e+03  4.178462e+08  1.600000e+01  3.630000e+02  8.710625e+02  4.178462e+08
1.222078e+00   1.285125e+03  3.887353e+08  1.285125e+03  3.887353e+08  6.000000e+00  8.700000e+01  6.278125e+02  3.887353e+08
1.425131e+00   1.285125e+03  3.887353e+08  1.285125e+03  3.887353e+08  6.000000e+00  8.700000e+01  6.278125e+02  3.887353e+08
1.627987e+00   1.285125e+03  3.887353e+08  1.285125e+03  3.887353e+08  6.000000e+00  8.700000e+01  6.278125e+02  3.887353e+08
1.830535e+00   1.520625e+03  3.915198e+08  1.520625e+03  3.915198e+08  1.600000e+01  2.370000e+02  8.705625e+02  3.915198e+08
2.032919e+00   1.241875e+03  3.637255e+08  1.241875e+03  3.637255e+08  6.000000e+00  8.700000e+01  6.273125e+02  3.637255e+08
2.235202e+00   1.241875e+03  3.637255e+08  1.241875e+03  3.637255e+08  6.000000e+00  8.700000e+01  6.273125e+02  3.637255e+08
2.437340e+00   1.241875e+03  3.637255e+08  1.241875e+03  3.637255e+08  6.000000e+00  8.700000e+01  6.273125e+02  3.637255e+08
2.639318e+00   1.520125e+03  3.909692e+08  1.520125e+03  3.909692e+08  1.500000e+01  2.350000e+02  8.704375e+02  3.909692e+08
2.841203e+00   1.241875e+03  3.637255e+08  1.241875e+03  3.637255e+08  6.000000e+00  8.700000e+01  6.273125e+02  3.637255e+08
3.042979e+00   1.241875e+03  3.637255e+08  1.241875e+03  3.637255e+08  6.000000e+00  8.700000e+01  6.273125e+02  3.637255e+08
3.244606e+00   1.241875e+03  3.637255e+08  1.241875e+03  3.637255e+08  6.000000e+00  8.700000e+01  6.273125e+02  3.637255e+08
3.446123e+00   1.520125e+03  3.906733e+08  1.520125e+03  3.906733e+08  1.600000e+01  2.370000e+02  8.704375e+02  3.906733e+08
3.647609e+00   1.241875e+03  3.634444e+08  1.241875e+03  3.634444e+08  6.000000e+00  8.700000e+01  6.273125e+02  3.634444e+08
3.849092e+00   1.241875e+03  3.634444e+08  1.241875e+03  3.634444e+08  6.000000e+00  8.700000e+01  6.273125e+02  3.634444e+08
4.050645e+00   1.241875e+03  3.634444e+08  1.241875e+03  3.634444e+08  6.000000e+00  8.700000e+01  6.273125e+02  3.634444e+08
4.252223e+00   1.520125e+03  3.906671e+08  1.520125e+03  3.906671e+08  1.500000e+01  2.350000e+02  8.704375e+02  3.906671e+08
4.453800e+00   1.241875e+03  3.634444e+08  1.241875e+03  3.634444e+08  6.000000e+00  8.700000e+01  6.273125e+02  3.634444e+08
4.655421e+00   1.241875e+03  3.634444e+08  1.241875e+03  3.634444e+08  6.000000e+00  8.700000e+01  6.273125e+02  3.634444e+08
4.857152e+00   1.241875e+03  3.634444e+08  1.241875e+03  3.634444e+08  6.000000e+00  8.700000e+01  6.273125e+02  3.634444e+08
5.059060e+00   1.520125e+03  3.906671e+08  1.520125e+03  3.906671e+08  1.600000e+01  2.370000e+02  8.704375e+02  3.906671e+08
5.261194e+00   1.241875e+03  3.634444e+08  1.241875e+03  3.634444e+08  6.000000e+00  8.700000e+01  6.273125e+02  3.634444e+08
5.463479e+00   1.241875e+03  3.634444e+08  1.241875e+03  3.634444e+08  6.000000e+00  8.700000e+01  6.273125e+02  3.634444e+08
5.665919e+00   1.241875e+03  3.634444e+08  1.241875e+03  3.634444e+08  6.000000e+00  8.700000e+01  6.273125e+02  3.634444e+08
5.868528e+00   1.520125e+03  3.906671e+08  1.520125e+03  3.906671e+08  1.500000e+01  2.350000e+02  8.704375e+02  3.906671e+08
6.071363e+00   1.241875e+03  3.634444e+08  1.241875e+03  3.634444e+08  6.000000e+00  8.700000e+01  6.273125e+02  3.634444e+08
6.274383e+00   1.241875e+03  3.634444e+08  1.241875e+03  3.634444e+08  6.000000e+00  8.700000e+01  6.273125e+02  3.634444e+08
6.477530e+00   1.241875e+03  3.634444e+08  1.241875e+03  3.634444e+08  6.000000e+00  8.700000e+01  6.273125e+02  3.634444e+08
6.680891e+00   1.520125e+03  3.906671e+08  1.520125e+03  3.906671e+08  1.600000e+01  2.370000e+02  8.704375e+02  3.906671e+08
6.884299e+00   1.241875e+03  3.634444e+08  1.241875e+03  3.634444e+08  6.000000e+00  8.700000e+01  6.273125e+02  3.634444e+08
7.087696e+00   1.241875e+03  3.634444e+08  1.241875e+03  3.634444e+08  6.000000e+00  8.700000e+01  6.273125e+02  3.634444e+08
7.291108e+00   1.241875e+03  3.634444e+08  1.241875e+03  3.634444e+08  6.000000e+00  8.700000e+01  6.273125e+02  3.634444e+08
7.494494e+00   1.520125e+03  3.906671e+08  1.520125e+03  3.906671e+08  1.500000e+01  2.350000e+02  8.704375e+02  3.906671e+08
7.697906e+00   1.241875e+03  3.634444e+08  1.241875e+03  3.634444e+08  6.000000e+00  8.700000e+01  6.273125e+02  3.634444e+08
7.901350e+00   1.241875e+03  3.634444e+08  1.241875e+03  3.634444e+08  6.000000e+00  8.700000e+01  6.273125e+02  3.634444e+08
8.104737e+00   1.241875e+03  3.634444e+08  1.241875e+03  3.634444e+08  6.000000e+00  8.700000e+01  6.273125e+02  3.634444e+08
8.308009e+00   1.520125e+03  3.906671e+08  1.520125e+03  3.906671e+08  1.600000e+01  2.370000e+02  8.704375e+02  3.906671e+08
8.511152e+00   1.241875e+03  3.634444e+08  1.241875e+03  3.634444e+08  6.000000e+00  8.700000e+01  6.273125e+02  3.634444e+08
8.714162e+00   1.241875e+03  3.634444e+08  1.241875e+03  3.634444e+08  6.000000e+00  8.700000e+01  6.273125e+02  3.634444e+08
8.917199e+00   1.241875e+03  3.634444e+08  1.241875e+03  3.634444e+08  6.000000e+00  8.700000e+01  6.273125e+02  3.634444e+08
9.120202e+00   1.792938e+03  5.022719e+08  1.790312e+03  5.022698e+08  2.500000e+01  2.024000e+03  1.067875e+03  5.022719e+08
9.323193e+00   1.551812e+03  3.826494e+08  1.551812e+03  3.826494e+08  1.800000e+01  1.915000e+03  9.065000e+02  3.826494e+08
9.526192e+00   1.208812e+03  3.719552e+08  1.208812e+03  3.719552e+08  6.000000e+00  8.700000e+01  5.920000e+02  3.719552e+08
9.729219e+00   1.208812e+03  3.719552e+08  1.208812e+03  3.719552e+08  6.000000e+00  8.700000e+01  5.920000e+02  3.719552e+08
9.932299e+00   1.485562e+03  4.007797e+08  1.485562e+03  4.007797e+08  1.700000e+01  2.450000e+02  8.321250e+02  4.007797e+08
1.013546e+01   1.208812e+03  3.719553e+08  1.208812e+03  3.719553e+08  6.000000e+00  8.700000e+01  5.920000e+02  3.719553e+08
1.033872e+01   1.208812e+03  3.719552e+08  1.208812e+03  3.719552e+08  6.000000e+00  8.700000e+01  5.920000e+02  3.719552e+08
1.054209e+01   1.551812e+03  3.826494e+08  1.551812e+03  3.826494e+08  1.800000e+01  1.915000e+03  9.065000e+02  3.826494e+08
1.074556e+01   1.485562e+03  4.007797e+08  1.485562e+03  4.007797e+08  1.600000e+01  2.430000e+02  8.321250e+02  4.007797e+08
1.094906e+01   1.208812e+03  3.719552e+08  1.208812e+03  3.719552e+08  6.000000e+00  8.700000e+01  5.920000e+02  3.719552e+08
1.115260e+01   1.208812e+03  3.719552e+08  1.208812e+03  3.719552e+08  6.000000e+00  8.700000e+01  5.920000e+02  3.719552e+08
1.135599e+01   1.208812e+03  3.719553e+08  1.208812e+03  3.719553e+08  6.000000e+00  8.700000e+01  5.920000e+02  3.719553e+08
1.155916e+01   1.485562e+03  4.007797e+08  1.485562e+03  4.007797e+08  1.700000e+01  2.450000e+02  8.321250e+02  4.007797e+08
1.176224e+01   1.208812e+03  3.719553e+08  1.208812e+03  3.719553e+08  6.000000e+00  8.700000e+01  5.920000e+02  3.719553e+08
1.196509e+01   1.208812e+03  3.719553e+08  1.208812e+03  3.719553e+08  6.000000e+00  8.700000e+01  5.920000e+02  3.719553e+08
1.216773e+01   1.208812e+03  3.719553e+08  1.208812e+03  3.719553e+08  6.000000e+00  8.700000e+01  5.920000e+02  3.719553e+08
1.237020e+01   1.485562e+03  4.007797e+08  1.485562e+03  4.007797e+08  1.600000e+01  2.430000e+02  8.321250e+02  4.007797e+08
1.257260e+01   1.208812e+03  3.719553e+08  1.208812e+03  3.719553e+08  6.000000e+00  8.700000e+01  5.920000e+02  3.719553e+08
1.277485e+01   1.208812e+03  3.719553e+08  1.208812e+03  3.719553e+08  6.000000e+00  8.700000e+01  5.920000e+02  3.719553e+08
1.297692e+01   1.208812e+03  3.719552e+08  1.208812e+03  3.719552e+08  6.000000e+00  8.700000e+01  5.920000e+02  3.719552e+08
1.317880e+01   1.485562e+03  4.007798e+08  1.485562e+03  4.007798e+08  1.700000e+01  2.450000e+02  8.321250e+02  4.007798e+08
1.338060e+01   1.208812e+03  3.719552e+08  1.208812e+03  3.719552e+08  6.000000e+00  8.700000e+01  5.920000e+02  3.719552e+08
1.358227e+01   1.208812e+03  3.719553e+08  1.208812e+03  3.719553e+08  6.000000e+00  8.700000e+01  5.920000e+02  3.719553e+08
1.378399e+01   1.208812e+03  3.719553e+08  1.208812e+03  3.719553e+08  6.000000e+00  8.700000e+01  5.920000e+02  3.719553e+08
1.398570e+01   1.485562e+03  4.007797e+08  1.485562e+03  4.007797e+08  1.600000e+01  2.430000e+02  8.321250e+02  4.007797e+08
1.418747e+01   1.208812e+03  3.719552e+08  1.208812e+03  3.719552e+08  6.000000e+00  8.700000e+01  5.920000e+02  3.719552e+08
1.438921e+01   1.208812e+03  3.719553e+08  1.208812e+03  3.719553e+08  6.000000e+00  8.700000e+01  5.920000e+02  3.719553e+08
1.459103e+01   1.208812e+03  3.719552e+08  1.208812e+03  3.719552e+08  6.000000e+00  8.700000e+01  5.920000e+02  3.719552e+08
1.479294e+01   1.485562e+03  4.007798e+08  1.485562e+03  4.007798e+08  1.700000e+01  2.450000e+02  8.321250e+02  4.007798e+08
1.499497e+01   1.208812e+03  3.719553e+08  1.208812e+03  3.719553e+08  6.000000e+00  8.700000e+01  5.920000e+02  3.719553e+08
1.519715e+01   1.208812e+03  3.719553e+08  1.208812e+03  3.719553e+08  6.000000e+00  8.700000e+01  5.920000e+02  3.719553e+08
1.539955e+01   1.208812e+03  3.719552e+08  1.208812e+03  3.719552e+08  6.000000e+00  8.700000e+01  5.920000e+02  3.719552e+08
1.560210e+01   1.485562e+03  4.007798e+08  1.485562e+03  4.007798e+08  1.600000e+01  2.430000e+02  8.321250e+02  4.007798e+08
1.580481e+01   1.208812e+03  3.719552e+08  1.208812e+03  3.719552e+08  6.000000e+00  8.700000e+01  5.920000e+02  3.719552e+08
1.600769e+01   1.208812e+03  3.719554e+08  1.208812e+03  3.719554e+08  6.000000e+00  8.700000e+01  5.920000e+02  3.719554e+08
1.621069e+01   1.208812e+03  3.719553e+08  1.208812e+03  3.719553e+08  6.000000e+00  8.700000e+01  5.920000e+02  3.719553e+08
1.641386e+01   1.485562e+03  4.007797e+08  1.485562e+03  4.007797e+08  1.700000e+01  2.450000e+02  8.321250e+02  4.007797e+08
1.661715e+01   1.208812e+03  3.719552e+08  1.208812e+03  3.719552e+08  6.000000e+00  8.700000e+01  5.920000e+02  3.719552e+08
1.682053e+01   1.208812e+03  3.719554e+08  1.208812e+03  3.719554e+08  6.000000e+00  8.700000e+01  5.920000e+02  3.719554e+08
1.702397e+01   1.208812e+03  3.719552e+08  1.208812e+03  3.719552e+08  6.000000e+00  8.700000e+01  5.920000e+02  3.719552e+08
1.722742e+01   1.485562e+03  4.007798e+08  1.485562e+03  4.007798e+08  1.700000e+01  3.710000e+02  8.321250e+02  4.007798e+08
1.743085e+01   1.208812e+03  3.719553e+08  1.208812e+03  3.719553e+08  6.000000e+00  8.700000e+01  5.920000e+02  3.719553e+08
1.763425e+01   1.208812e+03  3.719553e+08  1.208812e+03  3.719553e+08  6.000000e+00  8.700000e+01  5.920000e+02  3.719553e+08
1.783762e+01   1.208812e+03  3.719553e+08  1.208812e+03  3.719553e+08  6.000000e+00  8.700000e+01  5.920000e+02  3.719553e+08
1.804099e+01   1.485562e+03  4.007798e+08  1.485562e+03  4.007798e+08  1.700000e+01  2.450000e+02  8.321250e+02  4.007798e+08
1.824431e+01   1.208812e+03  3.719553e+08  1.208812e+03  3.719553e+08  6.000000e+00  8.700000e+01  5.920000e+02  3.719553e+08
1.844743e+01   1.208812e+03  3.719553e+08  1.208812e+03  3.719553e+08  6.000000e+00  8.700000e+01  5.920000e+02  3.719553e+08
1.865055e+01   1.208812e+03  3.719554e+08  1.208812e+03  3.719554e+08  6.000000e+00  8.700000e+01  5.920000e+02  3.719554e+08
1.885359e+01   1.485562e+03  4.007798e+08  1.485562e+03  4.007798e+08  1.600000e+01  2.430000e+02  8.321250e+02  4.007798e+08
1.905656e+01   1.208812e+03  3.719553e+08  1.208812e+03  3.719553e+08  6.000000e+00  8.700000e+01  5.920000e+02  3.719553e+08
1.925949e+01   1.208812e+03  3.719554e+08  1.208812e+03  3.719554e+08  6.000000e+00  8.700000e+01  5.920000e+02  3.719554e+08
1.946238e+01   1.208812e+03  3.719553e+08  1.208812e+03  3.719553e+08  6.000000e+00  8.700000e+01  5.920000e+02  3.719553e+08
1.966526e+01   1.485562e+03  4.007798e+08  1.485562e+03  4.007798e+08  1.700000e+01  2.450000e+02  8.321250e+02  4.007798e+08
1.986821e+01   1.208812e+03  3.719554e+08  1.208812e+03  3.719554e+08  6.000000e+00  8.700000e+01  5.920000e+02  3.719554e+08
2.007123e+01   1.320000e+03  3.806099e+08  1.320000e+03  3.806099e+08  1.500000e+01  1.600000e+02  6.941875e+02  3.806099e+08
2.027436e+01   1.208812e+03  3.719553e+08  1.208812e+03  3.719553e+08  6.000000e+00  8.700000e+01  5.920000e+02  3.719553e+08
2.047760e+01   1.828562e+03  4.114739e+08  1.828562e+03  4.114739e+08  2.800000e+01  2.071000e+03  1.146625e+03  4.114739e+08
2.068090e+01   1.208812e+03  3.719553e+08  1.208812e+03  3.719553e+08  6.000000e+00  8.700000e+01  5.920000e+02  3.719553e+08
2.088428e+01   1.208812e+03  3.719554e+08  1.208812e+03  3.719554e+08  6.000000e+00  8.700000e+01  5.920000e+02  3.719554e+08
2.108771e+01   1.208812e+03  3.719554e+08  1.208812e+03  3.719554e+08  6.000000e+00  8.700000e+01  5.920000e+02  3.719554e+08
2.129119e+01   1.485562e+03  4.007798e+08  1.485562e+03  4.007798e+08  1.700000e+01  2.450000e+02  8.321250e+02  4.007798e+08
2.149465e+01   1.208812e+03  3.719554e+08  1.208812e+03  3.719554e+08  6.000000e+00  8.700000e+01  5.920000e+02  3.719554e+08
2.169795e+01   1.208812e+03  3.719554e+08  1.208812e+03  3.719554e+08  6.000000e+00  8.700000e+01  5.920000e+02  3.719554e+08
2.190099e+01   1.208812e+03  3.719553e+08  1.208812e+03  3.719553e+08  6.000000e+00  8.700000e+01  5.920000e+02  3.719553e+08
2.210390e+01   1.485562e+03  4.007798e+08  1.485562e+03  4.007798e+08  1.600000e+01  2.430000e+02  8.321250e+02  4.007798e+08
2.230665e+01   1.208812e+03  3.719554e+08  1.208812e+03  3.719554e+08  6.000000e+00  8.700000e+01  5.920000e+02  3.719554e+08
2.250922e+01   1.208812e+03  3.719553e+08  1.208812e+03  3.719553e+08  6.000000e+00  8.700000e+01  5.920000e+02  3.719553e+08
2.271166e+01   1.208812e+03  3.719554e+08  1.208812e+03  3.719554e+08  6.000000e+00  8.700000e+01  5.920000e+02  3.719554e+08
2.291393e+01   1.485562e+03  4.007798e+08  1.485562e+03  4.007798e+08  1.700000e+01  2.450000e+02  8.321250e+02  4.007798e+08
2.311605e+01   1.208812e+03  3.719553e+08  1.208812e+03  3.719553e+08  6.000000e+00  8.700000e+01  5.920000e+02  3.719553e+08
2.331799e+01   1.208812e+03  3.719554e+08  1.208812e+03  3.719554e+08  6.000000e+00  8.700000e+01  5.920000e+02  3.719554e+08
2.351992e+01   1.208812e+03  3.719554e+08  1.208812e+03  3.719554e+08  6.000000e+00  8.700000e+01  5.920000e+02  3.719554e+08
2.372181e+01   1.485562e+03  4.007798e+08  1.485562e+03  4.007798e+08  1.600000e+01  2.430000e+02  8.321250e+02  4.007798e+08
2.392368e+01   1.208812e+03  3.719553e+08  1.208812e+03  3.719553e+08  6.000000e+00  8.700000e+01  5.920000e+02  3.719553e+08
2.412556e+01   1.208812e+03  3.719554e+08  1.208812e+03  3.719554e+08  6.000000e+00  8.700000e+01  5.920000e+02  3.719554e+08
2.432741e+01   1.208812e+03  3.719553e+08  1.208812e+03  3.719553e+08  6.000000e+00  8.700000e+01  5.920000e+02  3.719553e+08
2.452931e+01   1.485562e+03  4.007798e+08  1.485562e+03  4.007798e+08  1.700000e+01  2.450000e+02  8.321250e+02  4.007798e+08
2.473130e+01   1.208812e+03  3.719554e+08  1.208812e+03  3.719554e+08  6.000000e+00  8.700000e+01  5.920000e+02  3.719554e+08
2.493340e+01   1.208812e+03  3.719553e+08  1.208812e+03  3.719553e+08  6.000000e+00  8.700000e+01  5.920000e+02  3.719553e+08
2.513572e+01   1.208812e+03  3.719553e+08  1.208812e+03  3.719553e+08  6.000000e+00  8.700000e+01  5.920000e+02  3.719553e+08
2.533820e+01   1.485562e+03  4.007798e+08  1.485562e+03  4.007798e+08  1.700000e+01  3.710000e+02  8.321250e+02  4.007798e+08
2.554085e+01   1.208812e+03  3.719553e+08  1.208812e+03  3.719553e+08  6.000000e+00  8.700000e+01  5.920000e+02  3.719553e+08
2.574365e+01   1.208812e+03  3.719553e+08  1.208812e+03  3.719553e+08  6.000000e+00  8.700000e+01  5.920000e+02  3.719553e+08
2.594657e+01   1.208812e+03  3.719554e+08  1.208812e+03  3.719554e+08  6.000000e+00  8.700000e+01  5.920000e+02  3.719554e+08
2.614966e+01   1.485562e+03  4.007798e+08  1.485562e+03  4.007798e+08  1.700000e+01  2.450000e+02  8.321250e+02  4.007798e+08
2.635291e+01   1.208812e+03  3.719553e+08  1.208812e+03  3.719553e+08  6.000000e+00  8.700000e+01  5.920000e+02  3.719553e+08
2.655627e+01   1.208812e+03  3.719554e+08  1.208812e+03  3.719554e+08  6.000000e+00  8.700000e+01  5.920000e+02  3.719554e+08
2.675970e+01   1.208812e+03  3.719553e+08  1.208812e+03  3.719553e+08  6.000000e+00  8.700000e+01  5.920000e+02  3.719553e+08
2.696315e+01   1.485562e+03  4.007799e+08  1.485562e+03  4.007799e+08  1.600000e+01  2.430000e+02  8.321250e+02  4.007799e+08
2.716664e+01   1.208812e+03  3.719553e+08  1.208812e+03  3.719553e+08  6.000000e+00  8.700000e+01  5.920000e+02  3.719553e+08
2.737009e+01   1.208812e+03  3.719553e+08  1.208812e+03  3.719553e+08  6.000000e+00  8.700000e+01  5.920000e+02  3.719553e+08
2.757350e+01   1.208812e+03  3.719553e+08  1.208812e+03  3.719553e+08  6.000000e+00  8.700000e+01  5.920000e+02  3.719553e+08
2.777687e+01   1.485562e+03  4.007798e+08  1.485562e+03  4.007798e+08  1.700000e+01  2.450000e+02  8.321250e+02  4.007798e+08
2.798016e+01   1.208812e+03  3.719553e+08  1.208812e+03  3.719553e+08  6.000000e+00  8.700000e+01  5.920000e+02  3.719553e+08
2.818323e+01   1.208812e+03  3.719554e+08  1.208812e+03  3.719554e+08  6.000000e+00  8.700000e+01  5.920000e+02  3.719554e+08
2.838625e+01   1.208812e+03  3.719554e+08  1.208812e+03  3.719554e+08  6.000000e+00  8.700000e+01  5.920000e+02  3.719554e+08
2.858920e+01   1.485562e+03  4.007798e+08  1.485562e+03  4.007798e+08  1.600000e+01  2.430000e+02  8.321250e+02  4.007798e+08
2.879203e+01   1.208812e+03  3.719553e+08  1.208812e+03  3.719553e+08  6.000000e+00  8.700000e+01  5.920000e+02  3.719553e+08
2.899479e+01   1.208812e+03  3.719554e+08  1.208812e+03  3.719554e+08  6.000000e+00  8.700000e+01  5.920000e+02  3.719554e+08
2.919748e+01   1.208812e+03  3.719553e+08  1.208812e+03  3.719553e+08  6.000000e+00  8.700000e+01  5.920000e+02  3.719553e+08
2.940011e+01   1.485562e+03  4.007798e+08  1.485562e+03  4.007798e+08  1.700000e+01  2.450000e+02  8.321250e+02  4.007798e+08
2.960282e+01   1.208812e+03  3.719554e+08  1.208812e+03  3.719554e+08  6.000000e+00  8.700000e+01  5.920000e+02  3.719554e+08
2.980557e+01   1.208812e+03  3.719553e+08  1.208812e+03  3.719553e+08  6.000000e+00  8.700000e+01  5.920000e+02  3.719553e+08
3.000842e+01   1.208812e+03  3.719553e+08  1.208812e+03  3.719553e+08  6.000000e+00  8.700000e+01  5.920000e+02  3.719553e+08
3.021133e+01   1.485562e+03  4.007798e+08  1.485562e+03  4.007798e+08  1.600000e+01  2.430000e+02  8.321250e+02  4.007798e+08
3.041434e+01   1.551812e+03  3.826494e+08  1.551812e+03  3.826494e+08  1.800000e+01  1.915000e+03  9.065000e+02  3.826494e+08
3.061743e+01   1.208812e+03  3.719554e+08  1.208812e+03  3.719554e+08  6.000000e+00  8.700000e+01  5.920000e+02  3.719554e+08
3.082064e+01   1.208812e+03  3.719554e+08  1.208812e+03  3.719554e+08  6.000000e+00  8.700000e+01  5.920000e+02  3.719554e+08
3.102389e+01   1.485562e+03  4.007798e+08  1.485562e+03  4.007798e+08  1.700000e+01  2.450000e+02  8.321250e+02  4.007798e+08
3.122716e+01   1.208812e+03  3.719554e+08  1.208812e+03  3.719554e+08  6.000000e+00  8.700000e+01  5.920000e+02  3.719554e+08
3.143049e+01   1.208812e+03  3.719554e+08  1.208812e+03  3.719554e+08  6.000000e+00  8.700000e+01  5.920000e+02  3.719554e+08
3.163386e+01   1.208812e+03  3.719554e+08  1.208812e+03  3.719554e+08  6.000000e+00  8.700000e+01  5.920000e+02  3.719554e+08
3.183717e+01   1.485562e+03  4.007798e+08  1.485562e+03  4.007798e+08  1.600000e+01  2.430000e+02  8.321250e+02  4.007798e+08
3.204029e+01   1.208812e+03  3.719554e+08  1.208812e+03  3.719554e+08  6.000000e+00  8.700000e+01  5.920000e+02  3.719554e+08
3.224324e+01   1.208812e+03  3.719554e+08  1.208812e+03  3.719554e+08  6.000000e+00  8.700000e+01  5.920000e+02  3.719554e+08
3.244603e+01   1.208812e+03  3.719554e+08  1.208812e+03  3.719554e+08  6.000000e+00  8.700000e+01  5.920000e+02  3.719554e+08
3.264865e+01   1.485562e+03  4.007799e+08  1.485562e+03  4.007799e+08  1.700000e+01  2.450000e+02  8.321250e+02  4.007799e+08
3.285107e+01   1.208812e+03  3.719554e+08  1.208812e+03  3.719554e+08  6.000000e+00  8.700000e+01  5.920000e+02  3.719554e+08
3.305328e+01   1.208812e+03  3.719554e+08  1.208812e+03  3.719554e+08  6.000000e+00  8.700000e+01  5.920000e+02  3.719554e+08
3.325545e+01   1.208812e+03  3.719554e+08  1.208812e+03  3.719554e+08  6.000000e+00  8.700000e+01  5.920000e+02  3.719554e+08
3.345755e+01   1.485562e+03  4.007798e+08  1.485562e+03  4.007798e+08  1.700000e+01  3.710000e+02  8.321250e+02  4.007798e+08
3.365956e+01   1.208812e+03  3.719554e+08  1.208812e+03  3.719554e+08  6.000000e+00  8.700000e+01  5.920000e+02  3.719554e+08
3.386155e+01   1.208812e+03  3.719554e+08  1.208812e+03  3.719554e+08  6.000000e+00  8.700000e+01  5.920000e+02  3.719554e+08
3.406348e+01   1.208812e+03  3.719554e+08  1.208812e+03  3.719554e+08  6.000000e+00  8.700000e+01  5.920000e+02  3.719554e+08
3.426540e+01   1.485562e+03  4.007799e+08  1.485562e+03  4.007799e+08  1.700000e+01  2.450000e+02  8.321250e+02  4.007799e+08
3.446739e+01   1.208812e+03  3.719554e+08  1.208812e+03  3.719554e+08  6.000000e+00  8.700000e+01  5.920000e+02  3.719554e+08
3.466946e+01   1.208812e+03  3.719554e+08  1.208812e+03  3.719554e+08  6.000000e+00  8.700000e+01  5.920000e+02  3.719554e+08
3.487170e+01   1.208812e+03  3.719554e+08  1.208812e+03  3.719554e+08  6.000000e+00  8.700000e+01  5.920000e+02  3.719554e+08
3.507409e+01   1.485562e+03  4.007799e+08  1.485562e+03  4.007799e+08  1.600000e+01  2.430000e+02  8.321250e+02  4.007799e+08
3.527660e+01   1.208812e+03  3.719554e+08  1.208812e+03  3.719554e+08  6.000000e+00  8.700000e+01  5.920000e+02  3.719554e+08
3.547932e+01   1.208812e+03  3.719554e+08  1.208812e+03  3.719554e+08  6.000000e+00  8.700000e+01  5.920000e+02  3.719554e+08
3.568214e+01   1.208812e+03  3.719554e+08  1.208812e+03  3.719554e+08  6.000000e+00  8.700000e+01  5.920000e+02  3.719554e+08
3.588512e+01   1.485562e+03  4.007798e+08  1.485562e+03  4.007798e+08  1.700000e+01  2.450000e+02  8.321250e+02  4.007798e+08
3.608831e+01   1.208812e+03  3.719554e+08  1.208812e+03  3.719554e+08  6.000000e+00  8.700000e+01  5.920000e+02  3.719554e+08
3.629164e+01   1.208812e+03  3.719554e+08  1.208812e+03  3.719554e+08  6.000000e+00  8.700000e+01  5.920000e+02  3.719554e+08
3.649504e+01   1.208812e+03  3.719554e+08  1.208812e+03  3.719554e+08  6.000000e+00  8.700000e+01  5.920000e+02  3.719554e+08
3.669847e+01   1.485562e+03  4.007799e+08  1.485562e+03  4.007799e+08  1.600000e+01  2.430000e+02  8.321250e+02  4.007799e+08
3.690194e+01   1.208812e+03  3.719554e+08  1.208812e+03  3.719554e+08  6.000000e+00  8.700000e+01  5.920000e+02  3.719554e+08
3.710544e+01   1.208812e+03  3.719554e+08  1.208812e+03  3.719554e+08  6.000000e+00  8.700000e+01  5.920000e+02  3.719554e+08
3.730890e+01   1.208812e+03  3.719553e+08  1.208812e+03  3.719553e+08  6.000000e+00  8.700000e+01  5.920000e+02  3.719553e+08
3.751232e+01   1.485562e+03  4.007799e+08  1.485562e+03  4.007799e+08  1.700000e+01  2.450000e+02  8.321250e+02  4.007799e+08
3.771571e+01   1.208812e+03  3.719553e+08  1.208812e+03  3.719553e+08  6.000000e+00  8.700000e+01  5.920000e+02  3.719553e+08
3.791889e+01   1.208812e+03  3.719554e+08  1.208812e+03  3.719554e+08  6.000000e+00  8.700000e+01  5.920000e+02  3.719554e+08
3.812194e+01   1.208812e+03  3.719554e+08  1.208812e+03  3.719554e+08  6.000000e+00  8.700000e+01  5.920000e+02  3.719554e+08
3.832497e+01   1.485562e+03  4.007798e+08  1.485562e+03  4.007798e+08  1.600000e+01  2.430000e+02  8.321250e+02  4.007798e+08
3.852783e+01   1.208812e+03  3.719554e+08  1.208812e+03  3.719554e+08  6.000000e+00  8.700000e+01  5.920000e+02  3.719554e+08
3.873058e+01   1.208812e+03  3.719554e+08  1.208812e+03  3.719554e+08  6.000000e+00  8.700000e+01  5.920000e+02  3.719554e+08
3.893323e+01   1.208812e+03  3.719554e+08  1.208812e+03  3.719554e+08  6.000000e+00  8.700000e+01  5.920000e+02  3.719554e+08
3.913579e+01   1.485562e+03  4.007799e+08  1.485562e+03  4.007799e+08  1.700000e+01  2.450000e+02  8.321250e+02  4.007799e+08
3.933840e+01   1.208812e+03  3.719554e+08  1.208812e+03  3.719554e+08  6.000000e+00  8.700000e+01  5.920000e+02  3.719554e+08
3.954103e+01   1.208812e+03  3.719554e+08  1.208812e+03  3.719554e+08  6.000000e+00  8.700000e+01  5.920000e+02  3.719554e+08
3.974370e+01   1.208812e+03  3.719554e+08  1.208812e+03  3.719554e+08  6.000000e+00  8.700000e+01  5.920000e+02  3.719554e+08
3.994639e+01   1.485562e+03  4.007799e+08  1.485562e+03  4.007799e+08  1.600000e+01  2.430000e+02  8.321250e+02  4.007799e+08
4.014917e+01   1.320000e+03  3.806100e+08  1.320000e+03  3.806100e+08  1.500000e+01  1.600000e+02  6.941875e+02  3.806100e+08
4.035203e+01   1.208812e+03  3.719554e+08  1.208812e+03  3.719554e+08  6.000000e+00  8.700000e+01  5.920000e+02  3.719554e+08
4.055500e+01   1.551812e+03  3.826495e+08  1.551812e+03  3.826495e+08  1.800000e+01  1.915000e+03  9.065000e+02  3.826495e+08
4.075809e+01   1.485562e+03  4.007799e+08  1.485562e+03  4.007799e+08  1.700000e+01  2.450000e+02  8.321250e+02  4.007799e+08
4.096123e+01   1.208812e+03  3.719554e+08  1.208812e+03  3.719554e+08  6.000000e+00  8.700000e+01  5.920000e+02  3.719554e+08
4.116442e+01   1.208812e+03  3.719555e+08  1.208812e+03  3.719555e+08  6.000000e+00  8.700000e+01  5.920000e+02  3.719555e+08
4.136766e+01   1.208812e+03  3.719554e+08  1.208812e+03  3.719554e+08  6.000000e+00  8.700000e+01  5.920000e+02  3.719554e+08
4.157095e+01   1.485562e+03  4.007799e+08  1.485562e+03  4.007799e+08  1.700000e+01  3.710000e+02  8.321250e+02  4.007799e+08
4.177424e+01   1.208812e+03  3.719555e+08  1.208812e+03  3.719555e+08  6.000000e+00  8.700000e+01  5.920000e+02  3.719555e+08
4.197751e+01   1.208812e+03  3.719554e+08  1.208812e+03  3.719554e+08  6.000000e+00  8.700000e+01  5.920000e+02  3.719554e+08
4.218066e+01   1.208812e+03  3.719555e+08  1.208812e+03  3.719555e+08  6.000000e+00  8.700000e+01  5.920000e+02  3.719555e+08
4.238357e+01   1.485562e+03  4.007800e+08  1.485562e+03  4.007800e+08  1.700000e+01  2.450000e+02  8.321250e+02  4.007800e+08
4.258632e+01   1.208812e+03  3.719555e+08  1.208812e+03  3.719555e+08  6.000000e+00  8.700000e+01  5.920000e+02  3.719555e+08
4.278883e+01   1.208812e+03  3.719555e+08  1.208812e+03  3.719555e+08  6.000000e+00  8.700000e+01  5.920000e+02  3.719555e+08
4.299126e+01   1.208812e+03  3.719555e+08  1.208812e+03  3.719555e+08  6.000000e+00  8.700000e+01  5.920000e+02  3.719555e+08
4.319359e+01   1.485562e+03  4.007799e+08  1.485562e+03  4.007799e+08  1.600000e+01  2.430000e+02  8.321250e+02  4.007799e+08
4.339578e+01   1.208812e+03  3.719555e+08  1.208812e+03  3.719555e+08  6.000000e+00  8.700000e+01  5.920000e+02  3.719555e+08
4.359790e+01   1.208812e+03  3.719555e+08  1.208812e+03  3.719555e+08  6.000000e+00  8.700000e+01  5.920000e+02  3.719555e+08
4.379993e+01   1.208812e+03  3.719555e+08  1.208812e+03  3.719555e+08  6.000000e+00  8.700000e+01  5.920000e+02  3.719555e+08
4.400191e+01   1.485562e+03  4.007800e+08  1.485562e+03  4.007800e+08  1.700000e+01  2.450000e+02  8.321250e+02  4.007800e+08
4.420393e+01   1.208812e+03  3.719555e+08  1.208812e+03  3.719555e+08  6.000000e+00  8.700000e+01  5.920000e+02  3.719555e+08
4.440600e+01   1.208812e+03  3.719555e+08  1.208812e+03  3.719555e+08  6.000000e+00  8.700000e+01  5.920000e+02  3.719555e+08
4.460819e+01   1.208812e+03  3.719555e+08  1.208812e+03  3.719555e+08  6.000000e+00  8.700000e+01  5.920000e+02  3.719555e+08
4.481047e+01   1.485562e+03  4.007800e+08  1.485562e+03  4.007800e+08  1.600000e+01  2.430000e+02  8.321250e+02  4.007800e+08
4.501285e+01   1.208812e+03  3.719555e+08  1.208812e+03  3.719555e+08  6.000000e+00  8.700000e+01  5.920000e+02  3.719555e+08
4.521537e+01   1.208812e+03  3.719555e+08  1.208812e+03  3.719555e+08  6.000000e+00  8.700000e+01  5.920000e+02  3.719555e+08
4.541803e+01   1.208812e+03  3.719555e+08  1.208812e+03  3.719555e+08  6.000000e+00  8.700000e+01  5.920000e+02  3.719555e+08
4.562087e+01   1.485562e+03  4.007799e+08  1.485562e+03  4.007799e+08  1.700000e+01  2.450000e+02  8.321250e+02  4.007799e+08
4.582391e+01   1.208812e+03  3.719555e+08  1.208812e+03  3.719555e+08  6.000000e+00  8.700000e+01  5.920000e+02  3.719555e+08
4.602710e+01   1.208812e+03  3.719555e+08  1.208812e+03  3.719555e+08  6.000000e+00  8.700000e+01  5.920000e+02  3.719555e+08
4.623047e+01   1.208812e+03  3.719555e+08  1.208812e+03  3.719555e+08  6.000000e+00  8.700000e+01  5.920000e+02  3.719555e+08
4.643387e+01   1.485562e+03  4.007800e+08  1.485562e+03  4.007800e+08  1.600000e+01  2.430000e+02  8.321250e+02  4.007800e+08
4.663730e+01   1.208812e+03  3.719555e+08  1.208812e+03  3.719555e+08  6.000000e+00  8.700000e+01  5.920000e+02  3.719555e+08
4.684076e+01   1.208812e+03  3.719555e+08  1.208812e+03  3.719555e+08  6.000000e+00  8.700000e+01  5.920000e+02  3.719555e+08
4.704425e+01   1.208812e+03  3.719555e+08  1.208812e+03  3.719555e+08  6.000000e+00  8.700000e+01  5.920000e+02  3.719555e+08
4.724774e+01   1.485562e+03  4.007800e+08  1.485562e+03  4.007800e+08  1.700000e+01  2.450000e+02  8.321250e+02  4.007800e+08
4.745119e+01   1.208812e+03  3.719554e+08  1.208812e+03  3.719554e+08  6.000000e+00  8.700000e+01  5.920000e+02  3.719554e+08
4.765453e+01   1.208812e+03  3.719555e+08  1.208812e+03  3.719555e+08  6.000000e+00  8.700000e+01  5.920000e+02  3.719555e+08
4.785771e+01   1.208812e+03  3.719555e+08  1.208812e+03  3.719555e+08  6.000000e+00  8.700000e+01  5.920000e+02  3.719555e+08
4.806088e+01   1.485562e+03  4.007799e+08  1.485562e+03  4.007799e+08  1.600000e+01  2.430000e+02  8.321250e+02  4.007799e+08
4.826384e+01   1.208812e+03  3.719555e+08  1.208812e+03  3.719555e+08  6.000000e+00  8.700000e+01  5.920000e+02  3.719555e+08
4.846665e+01   1.208812e+03  3.719555e+08  1.208812e+03  3.719555e+08  6.000000e+00  8.700000e+01  5.920000e+02  3.719555e+08
4.866935e+01   1.208812e+03  3.719555e+08  1.208812e+03  3.719555e+08  6.000000e+00  8.700000e+01  5.920000e+02  3.719555e+08
4.887190e+01   1.485562e+03  4.007800e+08  1.485562e+03  4.007800e+08  1.700000e+01  2.450000e+02  8.321250e+02  4.007800e+08
4.907450e+01   1.208812e+03  3.719555e+08  1.208812e+03  3.719555e+08  6.000000e+00  8.700000e+01  5.920000e+02  3.719555e+08
4.927708e+01   1.208812e+03  3.719555e+08  1.208812e+03  3.719555e+08  6.000000e+00  8.700000e+01  5.920000e+02  3.719555e+08
4.947965e+01   1.208812e+03  3.719555e+08  1.208812e+03  3.719555e+08  6.000000e+00  8.700000e+01  5.920000e+02  3.719555e+08
4.968222e+01   1.485562e+03  4.007800e+08  1.485562e+03  4.007800e+08  1.700000e+01  3.710000e+02  8.321250e+02  4.007800e+08
4.988482e+01   1.208812e+03  3.719555e+08  1.208812e+03  3.719555e+08  6.000000e+00  8.700000e+01  5.920000e+02  3.719555e+08
5.008748e+01   1.208812e+03  3.719556e+08  1.208812e+03  3.719556e+08  6.000000e+00  8.700000e+01  5.920000e+02  3.719556e+08
5.029024e+01   1.208812e+03  3.719556e+08  1.208812e+03  3.719556e+08  6.000000e+00  8.700000e+01  5.920000e+02  3.719556e+08
5.049312e+01   1.828562e+03  4.114741e+08  1.828562e+03  4.114741e+08  2.900000e+01  2.073000e+03  1.146625e+03  4.114741e+08
5.069608e+01   1.208812e+03  3.719555e+08  1.208812e+03  3.719555e+08  6.000000e+00  8.700000e+01  5.920000e+02  3.719555e+08
5.089913e+01   1.208812e+03  3.719556e+08  1.208812e+03  3.719556e+08  6.000000e+00  8.700000e+01  5.920000e+02  3.719556e+08
5.110226e+01   1.208812e+03  3.719555e+08  1.208812e+03  3.719555e+08  6.000000e+00  8.700000e+01  5.920000e+02  3.719555e+08
5.130544e+01   1.485562e+03  4.007801e+08  1.485562e+03  4.007801e+08  1.600000e+01  2.430000e+02  8.321250e+02  4.007801e+08
5.150865e+01   1.208812e+03  3.719556e+08  1.208812e+03  3.719556e+08  6.000000e+00  8.700000e+01  5.920000e+02  3.719556e+08
5.171191e+01   1.208812e+03  3.719556e+08  1.208812e+03  3.719556e+08  6.000000e+00  8.700000e+01  5.920000e+02  3.719556e+08
5.191520e+01   1.208812e+03  3.719556e+08  1.208812e+03  3.719556e+08  6.000000e+00  8.700000e+01  5.920000e+02  3.719556e+08
5.211837e+01   1.485562e+03  4.007801e+08  1.485562e+03  4.007801e+08  1.700000e+01  2.450000e+02  8.321250e+02  4.007801e+08
5.232141e+01   1.208812e+03  3.719556e+08  1.208812e+03  3.719556e+08  6.000000e+00  8.700000e+01  5.920000e+02  3.719556e+08
5.252423e+01   1.208812e+03  3.719556e+08  1.208812e+03  3.719556e+08  6.000000e+00  8.700000e+01  5.920000e+02  3.719556e+08
5.272696e+01   1.208812e+03  3.719557e+08  1.208812e+03  3.719557e+08  6.000000e+00  8.700000e+01  5.920000e+02  3.719557e+08
5.292954e+01   1.485562e+03  4.007801e+08  1.485562e+03  4.007801e+08  1.600000e+01  2.430000e+02  8.321250e+02  4.007801e+08
5.313195e+01   1.208812e+03  3.719556e+08  1.208812e+03  3.719556e+08  6.000000e+00  8.700000e+01  5.920000e+02  3.719556e+08
5.333425e+01   1.208812e+03  3.719557e+08  1.208812e+03  3.719557e+08  6.000000e+00  8.700000e+01  5.920000e+02  3.719557e+08
5.353643e+01   1.208812e+03  3.719556e+08  1.208812e+03  3.719556e+08  6.000000e+00  8.700000e+01  5.920000e+02  3.719556e+08
5.373850e+01   1.485562e+03  4.007801e+08  1.485562e+03  4.007801e+08  1.700000e+01  2.450000e+02  8.321250e+02  4.007801e+08
5.394061e+01   1.208812e+03  3.719556e+08  1.208812e+03  3.719556e+08  6.000000e+00  8.700000e+01  5.920000e+02  3.719556e+08
5.414272e+01   1.208812e+03  3.719556e+08  1.208812e+03  3.719556e+08  6.000000e+00  8.700000e+01  5.920000e+02  3.719556e+08
5.434488e+01   1.208812e+03  3.719556e+08  1.208812e+03  3.719556e+08  6.000000e+00  8.700000e+01  5.920000e+02  3.719556e+08
5.454711e+01   1.485562e+03  4.007802e+08  1.485562e+03  4.007802e+08  1.600000e+01  2.430000e+02  8.321250e+02  4.007802e+08
5.474939e+01   1.208812e+03  3.719556e+08  1.208812e+03  3.719556e+08  6.000000e+00  8.700000e+01  5.920000e+02  3.719556e+08
5.495179e+01   1.208812e+03  3.719557e+08  1.208812e+03  3.719557e+08  6.000000e+00  8.700000e+01  5.920000e+02  3.719557e+08
5.515430e+01   1.208812e+03  3.719557e+08  1.208812e+03  3.719557e+08  6.000000e+00  8.700000e+01  5.920000e+02  3.719557e+08
5.535697e+01   1.485562e+03  4.007801e+08  1.485562e+03  4.007801e+08  1.700000e+01  2.450000e+02  8.321250e+02  4.007801e+08
5.555987e+01   1.208812e+03  3.719557e+08  1.208812e+03  3.719557e+08  6.000000e+00  8.700000e+01  5.920000e+02  3.719557e+08
5.576291e+01   1.208812e+03  3.719558e+08  1.208812e+03  3.719558e+08  6.000000e+00  8.700000e+01  5.920000e+02  3.719558e+08
5.596614e+01   1.208812e+03  3.719557e+08  1.208812e+03  3.719557e+08  6.000000e+00  8.700000e+01  5.920000e+02  3.719557e+08
5.616949e+01   1.485562e+03  4.007802e+08  1.485562e+03  4.007802e+08  1.600000e+01  2.430000e+02  8.321250e+02  4.007802e+08
5.637289e+01   1.208812e+03  3.719558e+08  1.208812e+03  3.719558e+08  6.000000e+00  8.700000e+01  5.920000e+02  3.719558e+08
5.657630e+01   1.208812e+03  3.719557e+08  1.208812e+03  3.719557e+08  6.000000e+00  8.700000e+01  5.920000e+02  3.719557e+08
5.677976e+01   1.208812e+03  3.719557e+08  1.208812e+03  3.719557e+08  6.000000e+00  8.700000e+01  5.920000e+02  3.719557e+08
5.698324e+01   1.485562e+03  4.007803e+08  1.485562e+03  4.007803e+08  1.700000e+01  2.450000e+02  8.321250e+02  4.007803e+08
5.718676e+01   1.208812e+03  3.719556e+08  1.208812e+03  3.719556e+08  6.000000e+00  8.700000e+01  5.920000e+02  3.719556e+08
5.739021e+01   1.208812e+03  3.719558e+08  1.208812e+03  3.719558e+08  6.000000e+00  8.700000e+01  5.920000e+02  3.719558e+08
5.759355e+01   1.208812e+03  3.719558e+08  1.208812e+03  3.719558e+08  6.000000e+00  8.700000e+01  5.920000e+02  3.719558e+08
5.779684e+01   1.485562e+03  4.007801e+08  1.485562e+03  4.007801e+08  1.700000e+01  3.710000e+02  8.321250e+02  4.007801e+08
5.799995e+01   1.208812e+03  3.719557e+08  1.208812e+03  3.719557e+08  6.000000e+00  8.700000e+01  5.920000e+02  3.719557e+08
5.820287e+01   1.208812e+03  3.719559e+08  1.208812e+03  3.719559e+08  6.000000e+00  8.700000e+01  5.920000e+02  3.719559e+08
5.840567e+01   1.208812e+03  3.719557e+08  1.208812e+03  3.719557e+08  6.000000e+00  8.700000e+01  5.920000e+02  3.719557e+08
5.860829e+01   1.485562e+03  4.007803e+08  1.485562e+03  4.007803e+08  1.700000e+01  2.450000e+02  8.321250e+02  4.007803e+08
5.881094e+01   1.208812e+03  3.719558e+08  1.208812e+03  3.719558e+08  6.000000e+00  8.700000e+01  5.920000e+02  3.719558e+08
5.901352e+01   1.208812e+03  3.719557e+08  1.208812e+03  3.719557e+08  6.000000e+00  8.700000e+01  5.920000e+02  3.719557e+08
5.921605e+01   1.208812e+03  3.719557e+08  1.208812e+03  3.719557e+08  6.000000e+00  8.700000e+01  5.920000e+02  3.719557e+08
5.941856e+01   1.485562e+03  4.007803e+08  1.485562e+03  4.007803e+08  1.600000e+01  2.430000e+02  8.321250e+02  4.007803e+08
5.962105e+01   1.208812e+03  3.719557e+08  1.208812e+03  3.719557e+08  6.000000e+00  8.700000e+01  5.920000e+02  3.719557e+08
5.982355e+01   1.208812e+03  3.719558e+08  1.208812e+03  3.719558e+08  6.000000e+00  8.700000e+01  5.920000e+02  3.719558e+08
6.002615e+01   1.320000e+03  3.806104e+08  1.320000e+03  3.806104e+08  1.500000e+01  1.600000e+02  6.941875e+02  3.806104e+08
6.022884e+01   1.485562e+03  4.007802e+08  1.485562e+03  4.007802e+08  1.700000e+01  2.450000e+02  8.321250e+02  4.007802e+08
6.043166e+01   1.551812e+03  3.826498e+08  1.551812e+03  3.826498e+08  1.800000e+01  1.915000e+03  9.065000e+02  3.826498e+08
6.063457e+01   1.208812e+03  3.719558e+08  1.208812e+03  3.719558e+08  6.000000e+00  8.700000e+01  5.920000e+02  3.719558e+08
6.083757e+01   1.208812e+03  3.719557e+08  1.208812e+03  3.719557e+08  6.000000e+00  8.700000e+01  5.920000e+02  3.719557e+08
6.104062e+01   1.485562e+03  4.007802e+08  1.485562e+03  4.007802e+08  1.600000e+01  2.430000e+02  8.321250e+02  4.007802e+08
6.124374e+01   1.208812e+03  3.719559e+08  1.208812e+03  3.719559e+08  6.000000e+00  8.700000e+01  5.920000e+02  3.719559e+08
6.144692e+01   1.208812e+03  3.719558e+08  1.208812e+03  3.719558e+08  6.000000e+00  8.700000e+01  5.920000e+02  3.719558e+08
6.165012e+01   1.208812e+03  3.719557e+08  1.208812e+03  3.719557e+08  6.000000e+00  8.700000e+01  5.920000e+02  3.719557e+08
6.185336e+01   1.485562e+03  4.007803e+08  1.485562e+03  4.007803e+08  1.700000e+01  2.450000e+02  8.321250e+02  4.007803e+08
6.205663e+01   1.208812e+03  3.719557e+08  1.208812e+03  3.719557e+08  6.000000e+00  8.700000e+01  5.920000e+02  3.719557e+08
6.225978e+01   1.208812e+03  3.719558e+08  1.208812e+03  3.719558e+08  6.000000e+00  8.700000e+01  5.920000e+02  3.719558e+08
6.246280e+01   1.208812e+03  3.719558e+08  1.208812e+03  3.719558e+08  6.000000e+00  8.700000e+01  5.920000e+02  3.719558e+08
6.266567e+01   1.485562e+03  4.007802e+08  1.485562e+03  4.007802e+08  1.600000e+01  2.430000e+02  8.321250e+02  4.007802e+08
6.286831e+01   1.208812e+03  3.719558e+08  1.208812e+03  3.719558e+08  6.000000e+00  8.700000e+01  5.920000e+02  3.719558e+08
6.307082e+01   1.208812e+03  3.719558e+08  1.208812e+03  3.719558e+08  6.000000e+00  8.700000e+01  5.920000e+02  3.719558e+08
6.327318e+01   1.208812e+03  3.719557e+08  1.208812e+03  3.719557e+08  6.000000e+00  8.700000e+01  5.920000e+02  3.719557e+08
6.347539e+01   1.485562e+03  4.007803e+08  1.485562e+03  4.007803e+08  1.700000e+01  2.450000e+02  8.321250e+02  4.007803e+08
6.367760e+01   1.208812e+03  3.719558e+08  1.208812e+03  3.719558e+08  6.000000e+00  8.700000e+01  5.920000e+02  3.719558e+08
6.387979e+01   1.208812e+03  3.719558e+08  1.208812e+03  3.719558e+08  6.000000e+00  8.700000e+01  5.920000e+02  3.719558e+08
6.408197e+01   1.208812e+03  3.719557e+08  1.208812e+03  3.719557e+08  6.000000e+00  8.700000e+01  5.920000e+02  3.719557e+08
6.428418e+01   1.485562e+03  4.007803e+08  1.485562e+03  4.007803e+08  1.600000e+01  2.430000e+02  8.321250e+02  4.007803e+08
6.448640e+01   1.208812e+03  3.719557e+08  1.208812e+03  3.719557e+08  6.000000e+00  8.700000e+01  5.920000e+02  3.719557e+08
6.468868e+01   1.208812e+03  3.719558e+08  1.208812e+03  3.719558e+08  6.000000e+00  8.700000e+01  5.920000e+02  3.719558e+08
6.489107e+01   1.208812e+03  3.719558e+08  1.208812e+03  3.719558e+08  6.000000e+00  8.700000e+01  5.920000e+02  3.719558e+08
6.509358e+01   1.485562e+03  4.007802e+08  1.485562e+03  4.007802e+08  1.700000e+01  2.450000e+02  8.321250e+02  4.007802e+08
6.529632e+01   1.208812e+03  3.719558e+08  1.208812e+03  3.719558e+08  6.000000e+00  8.700000e+01  5.920000e+02  3.719558e+08
6.549924e+01   1.208812e+03  3.719559e+08  1.208812e+03  3.719559e+08  6.000000e+00  8.700000e+01  5.920000e+02  3.719559e+08
6.570232e+01   1.208812e+03  3.719558e+08  1.208812e+03  3.719558e+08  6.000000e+00  8.700000e+01  5.920000e+02  3.719558e+08
6.590555e+01   1.485562e+03  4.007804e+08  1.485562e+03  4.007804e+08  1.700000e+01  3.710000e+02  8.321250e+02  4.007804e+08
6.610890e+01   1.208812e+03  3.719559e+08  1.208812e+03  3.719559e+08  6.000000e+00  8.700000e+01  5.920000e+02  3.719559e+08
6.631228e+01   1.208812e+03  3.719558e+08  1.208812e+03  3.719558e+08  6.000000e+00  8.700000e+01  5.920000e+02  3.719558e+08
6.651569e+01   1.208812e+03  3.719558e+08  1.208812e+03  3.719558e+08  6.000000e+00  8.700000e+01  5.920000e+02  3.719558e+08
6.671913e+01   1.485562e+03  4.007804e+08  1.485562e+03  4.007804e+08  1.700000e+01  2.450000e+02  8.321250e+02  4.007804e+08
6.692262e+01   1.208812e+03  3.719557e+08  1.208812e+03  3.719557e+08  6.000000e+00  8.700000e+01  5.920000e+02  3.719557e+08
6.712613e+01   1.208812e+03  3.719558e+08  1.208812e+03  3.719558e+08  6.000000e+00  8.700000e+01  5.920000e+02  3.719558e+08
6.732962e+01   1.208812e+03  3.719559e+08  1.208812e+03  3.719559e+08  6.000000e+00  8.700000e+01  5.920000e+02  3.719559e+08
6.753303e+01   1.485562e+03  4.007802e+08  1.485562e+03  4.007802e+08  1.600000e+01  2.430000e+02  8.321250e+02  4.007802e+08
6.773632e+01   1.208812e+03  3.719558e+08  1.208812e+03  3.719558e+08  6.000000e+00  8.700000e+01  5.920000e+02  3.719558e+08
6.793939e+01   1.208812e+03  3.719559e+08  1.208812e+03  3.719559e+08  6.000000e+00  8.700000e+01  5.920000e+02  3.719559e+08
6.814234e+01   1.208812e+03  3.719558e+08  1.208812e+03  3.719558e+08  6.000000e+00  8.700000e+01  5.920000e+02  3.719558e+08
6.834507e+01   1.485562e+03  4.007804e+08  1.485562e+03  4.007804e+08  1.700000e+01  2.450000e+02  8.321250e+02  4.007804e+08
6.854781e+01   1.208812e+03  3.719560e+08  1.208812e+03  3.719560e+08  6.000000e+00  8.700000e+01  5.920000e+02  3.719560e+08
6.875046e+01   1.208812e+03  3.719558e+08  1.208812e+03  3.719558e+08  6.000000e+00  8.700000e+01  5.920000e+02  3.719558e+08
6.895301e+01   1.208812e+03  3.719559e+08  1.208812e+03  3.719559e+08  6.000000e+00  8.700000e+01  5.920000e+02  3.719559e+08
6.915551e+01   1.485562e+03  4.007805e+08  1.485562e+03  4.007805e+08  1.600000e+01  2.430000e+02  8.321250e+02  4.007805e+08
6.935795e+01   1.208812e+03  3.719558e+08  1.208812e+03  3.719558e+08  6.000000e+00  8.700000e+01  5.920000e+02  3.719558e+08
6.956035e+01   1.208812e+03  3.719559e+08  1.208812e+03  3.719559e+08  6.000000e+00  8.700000e+01  5.920000e+02  3.719559e+08
6.976285e+01   1.208812e+03  3.719560e+08  1.208812e+03  3.719560e+08  6.000000e+00  8.700000e+01  5.920000e+02  3.719560e+08
6.996540e+01   1.485562e+03  4.007803e+08  1.485562e+03  4.007803e+08  1.700000e+01  2.450000e+02  8.321250e+02  4.007803e+08
7.016807e+01   1.208812e+03  3.719559e+08  1.208812e+03  3.719559e+08  6.000000e+00  8.700000e+01  5.920000e+02  3.719559e+08
7.037081e+01   1.208812e+03  3.719560e+08  1.208812e+03  3.719560e+08  6.000000e+00  8.700000e+01  5.920000e+02  3.719560e+08
7.057366e+01   1.551812e+03  3.826499e+08  1.551812e+03  3.826499e+08  1.800000e+01  1.915000e+03  9.065000e+02  3.826499e+08
7.077659e+01   1.485562e+03  4.007804e+08  1.485562e+03  4.007804e+08  1.600000e+01  2.430000e+02  8.321250e+02  4.007804e+08
7.097960e+01   1.208812e+03  3.719560e+08  1.208812e+03  3.719560e+08  6.000000e+00  8.700000e+01  5.920000e+02  3.719560e+08
7.118266e+01   1.208812e+03  3.719559e+08  1.208812e+03  3.719559e+08  6.000000e+00  8.700000e+01  5.920000e+02  3.719559e+08
7.138579e+01   1.208812e+03  3.719560e+08  1.208812e+03  3.719560e+08  6.000000e+00  8.700000e+01  5.920000e+02  3.719560e+08
7.158897e+01   1.485562e+03  4.007805e+08  1.485562e+03  4.007805e+08  1.700000e+01  2.450000e+02  8.321250e+02  4.007805e+08
7.179215e+01   1.208812e+03  3.719559e+08  1.208812e+03  3.719559e+08  6.000000e+00  8.700000e+01  5.920000e+02  3.719559e+08
7.199537e+01   1.208812e+03  3.719560e+08  1.208812e+03  3.719560e+08  6.000000e+00  8.700000e+01  5.920000e+02  3.719560e+08
7.219857e+01   1.208812e+03  3.719560e+08  1.208812e+03  3.719560e+08  6.000000e+00  8.700000e+01  5.920000e+02  3.719560e+08
7.240165e+01   1.485562e+03  4.007804e+08  1.485562e+03  4.007804e+08  1.600000e+01  2.430000e+02  8.321250e+02  4.007804e+08
7.260454e+01   1.208812e+03  3.719560e+08  1.208812e+03  3.719560e+08  6.000000e+00  8.700000e+01  5.920000e+02  3.719560e+08
7.280722e+01   1.208812e+03  3.719560e+08  1.208812e+03  3.719560e+08  6.000000e+00  8.700000e+01  5.920000e+02  3.719560e+08
7.300978e+01   1.208812e+03  3.719559e+08  1.208812e+03  3.719559e+08  6.000000e+00  8.700000e+01  5.920000e+02  3.719559e+08
7.321214e+01   1.485562e+03  4.007805e+08  1.485562e+03  4.007805e+08  1.700000e+01  2.450000e+02  8.321250e+02  4.007805e+08
7.341448e+01   1.208812e+03  3.719560e+08  1.208812e+03  3.719560e+08  6.000000e+00  8.700000e+01  5.920000e+02  3.719560e+08
7.361676e+01   1.208812e+03  3.719560e+08  1.208812e+03  3.719560e+08  6.000000e+00  8.700000e+01  5.920000e+02  3.719560e+08
7.381899e+01   1.208812e+03  3.719559e+08  1.208812e+03  3.719559e+08  6.000000e+00  8.700000e+01  5.920000e+02  3.719559e+08
7.402119e+01   1.485562e+03  4.007805e+08  1.485562e+03  4.007805e+08  1.700000e+01  3.710000e+02  8.321250e+02  4.007805e+08
7.422337e+01   1.208812e+03  3.719559e+08  1.208812e+03  3.719559e+08  6.000000e+00  8.700000e+01  5.920000e+02  3.719559e+08
7.442557e+01   1.208812e+03  3.719560e+08  1.208812e+03  3.719560e+08  6.000000e+00  8.700000e+01  5.920000e+02  3.719560e+08
7.462785e+01   1.208812e+03  3.719560e+08  1.208812e+03  3.719560e+08  6.000000e+00  8.700000e+01  5.920000e+02  3.719560e+08
7.483023e+01   1.485562e+03  4.007804e+08  1.485562e+03  4.007804e+08  1.700000e+01  2.450000e+02  8.321250e+02  4.007804e+08
7.503279e+01   1.208812e+03  3.719559e+08  1.208812e+03  3.719559e+08  6.000000e+00  8.700000e+01  5.920000e+02  3.719559e+08
7.523551e+01   1.208812e+03  3.719561e+08  1.208812e+03  3.719561e+08  6.000000e+00  8.700000e+01  5.920000e+02  3.719561e+08
7.543837e+01   1.208812e+03  3.719559e+08  1.208812e+03  3.719559e+08  6.000000e+00  8.700000e+01  5.920000e+02  3.719559e+08
7.564142e+01   1.485562e+03  4.007806e+08  1.485562e+03  4.007806e+08  1.600000e+01  2.430000e+02  8.321250e+02  4.007806e+08
7.584460e+01   1.208812e+03  3.719561e+08  1.208812e+03  3.719561e+08  6.000000e+00  8.700000e+01  5.920000e+02  3.719561e+08
7.604792e+01   1.208812e+03  3.719560e+08  1.208812e+03  3.719560e+08  6.000000e+00  8.700000e+01  5.920000e+02  3.719560e+08
7.625129e+01   1.208812e+03  3.719559e+08  1.208812e+03  3.719559e+08  6.000000e+00  8.700000e+01  5.920000e+02  3.719559e+08
7.645470e+01   1.485562e+03  4.007806e+08  1.485562e+03  4.007806e+08  1.700000e+01  2.450000e+02  8.321250e+02  4.007806e+08
7.665814e+01   1.208812e+03  3.719559e+08  1.208812e+03  3.719559e+08  6.000000e+00  8.700000e+01  5.920000e+02  3.719559e+08
7.686160e+01   1.208812e+03  3.719561e+08  1.208812e+03  3.719561e+08  6.000000e+00  8.700000e+01  5.920000e+02  3.719561e+08
7.706511e+01   1.208812e+03  3.719561e+08  1.208812e+03  3.719561e+08  6.000000e+00  8.700000e+01  5.920000e+02  3.719561e+08
7.726861e+01   1.485562e+03  4.007804e+08  1.485562e+03  4.007804e+08  1.600000e+01  2.430000e+02  8.321250e+02  4.007804e+08
7.747206e+01   1.208812e+03  3.719560e+08  1.208812e+03  3.719560e+08  6.000000e+00  8.700000e+01  5.920000e+02  3.719560e+08
7.767531e+01   1.208812e+03  3.719562e+08  1.208812e+03  3.719562e+08  6.000000e+00  8.700000e+01  5.920000e+02  3.719562e+08
7.787845e+01   1.208812e+03  3.719559e+08  1.208812e+03  3.719559e+08  6.000000e+00  8.700000e+01  5.920000e+02  3.719559e+08
7.808133e+01   1.485562e+03  4.007806e+08  1.485562e+03  4.007806e+08  1.700000e+01  2.450000e+02  8.321250e+02  4.007806e+08
7.828420e+01   1.208812e+03  3.719561e+08  1.208812e+03  3.719561e+08  6.000000e+00  8.700000e+01  5.920000e+02  3.719561e+08
7.848696e+01   1.208812e+03  3.719560e+08  1.208812e+03  3.719560e+08  6.000000e+00  8.700000e+01  5.920000e+02  3.719560e+08
7.868957e+01   1.208812e+03  3.719561e+08  1.208812e+03  3.719561e+08  6.000000e+00  8.700000e+01  5.920000e+02  3.719561e+08
7.889209e+01   1.485562e+03  4.007807e+08  1.485562e+03  4.007807e+08  1.600000e+01  2.430000e+02  8.321250e+02  4.007807e+08
7.909453e+01   1.208812e+03  3.719560e+08  1.208812e+03  3.719560e+08  6.000000e+00  8.700000e+01  5.920000e+02  3.719560e+08
7.929688e+01   1.208812e+03  3.719562e+08  1.208812e+03  3.719562e+08  6.000000e+00  8.700000e+01  5.920000e+02  3.719562e+08
7.949931e+01   1.208812e+03  3.719561e+08  1.208812e+03  3.719561e+08  6.000000e+00  8.700000e+01  5.920000e+02  3.719561e+08
7.970177e+01   1.485562e+03  4.007806e+08  1.485562e+03  4.007806e+08  1.700000e+01  2.450000e+02  8.321250e+02  4.007806e+08
7.990429e+01   1.208812e+03  3.719561e+08  1.208812e+03  3.719561e+08  6.000000e+00  8.700000e+01  5.920000e+02  3.719561e+08
8.010687e+01   1.320000e+03  3.806108e+08  1.320000e+03  3.806108e+08  1.500000e+01  1.600000e+02  6.941875e+02  3.806108e+08
8.030952e+01   1.208812e+03  3.719560e+08  1.208812e+03  3.719560e+08  6.000000e+00  8.700000e+01  5.920000e+02  3.719560e+08
8.051228e+01   1.828562e+03  4.114746e+08  1.828562e+03  4.114746e+08  2.800000e+01  2.071000e+03  1.146625e+03  4.114746e+08
8.071515e+01   1.208812e+03  3.719561e+08  1.208812e+03  3.719561e+08  6.000000e+00  8.700000e+01  5.920000e+02  3.719561e+08
8.091809e+01   1.208812e+03  3.719561e+08  1.208812e+03  3.719561e+08  6.000000e+00  8.700000e+01  5.920000e+02  3.719561e+08
8.112110e+01   1.208812e+03  3.719561e+08  1.208812e+03  3.719561e+08  6.000000e+00  8.700000e+01  5.920000e+02  3.719561e+08
8.132413e+01   1.485562e+03  4.007808e+08  1.485562e+03  4.007808e+08  1.700000e+01  2.450000e+02  8.321250e+02  4.007808e+08
8.152725e+01   1.208812e+03  3.719560e+08  1.208812e+03  3.719560e+08  6.000000e+00  8.700000e+01  5.920000e+02  3.719560e+08
8.173039e+01   1.208812e+03  3.719562e+08  1.208812e+03  3.719562e+08  6.000000e+00  8.700000e+01  5.920000e+02  3.719562e+08
8.193356e+01   1.208812e+03  3.719562e+08  1.208812e+03  3.719562e+08  6.000000e+00  8.700000e+01  5.920000e+02  3.719562e+08
8.213680e+01   1.485562e+03  4.007806e+08  1.485562e+03  4.007806e+08  1.700000e+01  3.710000e+02  8.321250e+02  4.007806e+08
8.233987e+01   1.208812e+03  3.719561e+08  1.208812e+03  3.719561e+08  6.000000e+00  8.700000e+01  5.920000e+02  3.719561e+08
8.254274e+01   1.208812e+03  3.719562e+08  1.208812e+03  3.719562e+08  6.000000e+00  8.700000e+01  5.920000e+02  3.719562e+08
8.274550e+01   1.208812e+03  3.719560e+08  1.208812e+03  3.719560e+08  6.000000e+00  8.700000e+01  5.920000e+02  3.719560e+08
8.294808e+01   1.485562e+03  4.007807e+08  1.485562e+03  4.007807e+08  1.700000e+01  2.450000e+02  8.321250e+02  4.007807e+08
8.315061e+01   1.208812e+03  3.719561e+08  1.208812e+03  3.719561e+08  6.000000e+00  8.700000e+01  5.920000e+02  3.719561e+08
8.335304e+01   1.208812e+03  3.719561e+08  1.208812e+03  3.719561e+08  6.000000e+00  8.700000e+01  5.920000e+02  3.719561e+08
8.355536e+01   1.208812e+03  3.719560e+08  1.208812e+03  3.719560e+08  6.000000e+00  8.700000e+01  5.920000e+02  3.719560e+08
8.375762e+01   1.485562e+03  4.007807e+08  1.485562e+03  4.007807e+08  1.600000e+01  2.430000e+02  8.321250e+02  4.007807e+08
8.395982e+01   1.208812e+03  3.719560e+08  1.208812e+03  3.719560e+08  6.000000e+00  8.700000e+01  5.920000e+02  3.719560e+08
8.416199e+01   1.208812e+03  3.719562e+08  1.208812e+03  3.719562e+08  6.000000e+00  8.700000e+01  5.920000e+02  3.719562e+08
8.436422e+01   1.208812e+03  3.719562e+08  1.208812e+03  3.719562e+08  6.000000e+00  8.700000e+01  5.920000e+02  3.719562e+08
8.456652e+01   1.485562e+03  4.007805e+08  1.485562e+03  4.007805e+08  1.700000e+01  2.450000e+02  8.321250e+02  4.007805e+08
8.476895e+01   1.208812e+03  3.719560e+08  1.208812e+03  3.719560e+08  6.000000e+00  8.700000e+01  5.920000e+02  3.719560e+08
8.497149e+01   1.208812e+03  3.719562e+08  1.208812e+03  3.719562e+08  6.000000e+00  8.700000e+01  5.920000e+02  3.719562e+08
8.517416e+01   1.208812e+03  3.719560e+08  1.208812e+03  3.719560e+08  6.000000e+00  8.700000e+01  5.920000e+02  3.719560e+08
8.537700e+01   1.485562e+03  4.007807e+08  1.485562e+03  4.007807e+08  1.600000e+01  2.430000e+02  8.321250e+02  4.007807e+08
8.557998e+01   1.208812e+03  3.719562e+08  1.208812e+03  3.719562e+08  6.000000e+00  8.700000e+01  5.920000e+02  3.719562e+08
8.578312e+01   1.208812e+03  3.719561e+08  1.208812e+03  3.719561e+08  6.000000e+00  8.700000e+01  5.920000e+02  3.719561e+08
8.598645e+01   1.208812e+03  3.719561e+08  1.208812e+03  3.719561e+08  6.000000e+00  8.700000e+01  5.920000e+02  3.719561e+08
8.618982e+01   1.485562e+03  4.007807e+08  1.485562e+03  4.007807e+08  1.700000e+01  2.450000e+02  8.321250e+02  4.007807e+08
8.639321e+01   1.208812e+03  3.719560e+08  1.208812e+03  3.719560e+08  6.000000e+00  8.700000e+01  5.920000e+02  3.719560e+08
8.659662e+01   1.208812e+03  3.719561e+08  1.208812e+03  3.719561e+08  6.000000e+00  8.700000e+01  5.920000e+02  3.719561e+08
8.680009e+01   1.208812e+03  3.719562e+08  1.208812e+03  3.719562e+08  6.000000e+00  8.700000e+01  5.920000e+02  3.719562e+08
8.700358e+01   1.485562e+03  4.007805e+08  1.485562e+03  4.007805e+08  1.600000e+01  2.430000e+02  8.321250e+02  4.007805e+08
8.720708e+01   1.208812e+03  3.719561e+08  1.208812e+03  3.719561e+08  6.000000e+00  8.700000e+01  5.920000e+02  3.719561e+08
8.741054e+01   1.208812e+03  3.719562e+08  1.208812e+03  3.719562e+08  6.000000e+00  8.700000e+01  5.920000e+02  3.719562e+08
8.761383e+01   1.208812e+03  3.719560e+08  1.208812e+03  3.719560e+08  6.000000e+00  8.700000e+01  5.920000e+02  3.719560e+08
8.781692e+01   1.485562e+03  4.007807e+08  1.485562e+03  4.007807e+08  1.700000e+01  2.450000e+02  8.321250e+02  4.007807e+08
8.801996e+01   1.208812e+03  3.719563e+08  1.208812e+03  3.719563e+08  6.000000e+00  8.700000e+01  5.920000e+02  3.719563e+08
8.822288e+01   1.208812e+03  3.719561e+08  1.208812e+03  3.719561e+08  6.000000e+00  8.700000e+01  5.920000e+02  3.719561e+08
8.842561e+01   1.208812e+03  3.719562e+08  1.208812e+03  3.719562e+08  6.000000e+00  8.700000e+01  5.920000e+02  3.719562e+08
8.862822e+01   1.485562e+03  4.007808e+08  1.485562e+03  4.007808e+08  1.600000e+01  2.430000e+02  8.321250e+02  4.007808e+08
8.883072e+01   1.208812e+03  3.719561e+08  1.208812e+03  3.719561e+08  6.000000e+00  8.700000e+01  5.920000e+02  3.719561e+08
8.903309e+01   1.208812e+03  3.719562e+08  1.208812e+03  3.719562e+08  6.000000e+00  8.700000e+01  5.920000e+02  3.719562e+08
8.923552e+01   1.208812e+03  3.719563e+08  1.208812e+03  3.719563e+08  6.000000e+00  8.700000e+01  5.920000e+02  3.719563e+08
8.943794e+01   1.485562e+03  4.007806e+08  1.485562e+03  4.007806e+08  1.700000e+01  2.450000e+02  8.321250e+02  4.007806e+08
8.964038e+01   1.208812e+03  3.719562e+08  1.208812e+03  3.719562e+08  6.000000e+00  8.700000e+01  5.920000e+02  3.719562e+08
8.984284e+01   1.208812e+03  3.719563e+08  1.208812e+03  3.719563e+08  6.000000e+00  8.700000e+01  5.920000e+02  3.719563e+08
9.004535e+01   1.208812e+03  3.719561e+08  1.208812e+03  3.719561e+08  6.000000e+00  8.700000e+01  5.920000e+02  3.719561e+08
9.024792e+01   1.485562e+03  4.007808e+08  1.485562e+03  4.007808e+08  1.700000e+01  3.710000e+02  8.321250e+02  4.007808e+08
9.045061e+01   1.551812e+03  3.826503e+08  1.551812e+03  3.826503e+08  1.800000e+01  1.915000e+03  9.065000e+02  3.826503e+08
9.065342e+01   1.208812e+03  3.719562e+08  1.208812e+03  3.719562e+08  6.000000e+00  8.700000e+01  5.920000e+02  3.719562e+08
9.085631e+01   1.208812e+03  3.719562e+08  1.208812e+03  3.719562e+08  6.000000e+00  8.700000e+01  5.920000e+02  3.719562e+08
9.105923e+01   1.485562e+03  4.007808e+08  1.485562e+03  4.007808e+08  1.700000e+01  2.450000e+02  8.321250e+02  4.007808e+08
9.126224e+01   1.208812e+03  3.719561e+08  1.208812e+03  3.719561e+08  6.000000e+00  8.700000e+01  5.920000e+02  3.719561e+08
9.146533e+01   1.208812e+03  3.719563e+08  1.208812e+03  3.719563e+08  6.000000e+00  8.700000e+01  5.920000e+02  3.719563e+08
9.166843e+01   1.208812e+03  3.719562e+08  1.208812e+03  3.719562e+08  6.000000e+00  8.700000e+01  5.920000e+02  3.719562e+08
9.187159e+01   1.485562e+03  4.007807e+08  1.485562e+03  4.007807e+08  1.600000e+01  2.430000e+02  8.321250e+02  4.007807e+08
9.207478e+01   1.208812e+03  3.719561e+08  1.208812e+03  3.719561e+08  6.000000e+00  8.700000e+01  5.920000e+02  3.719561e+08
9.227787e+01   1.208812e+03  3.719563e+08  1.208812e+03  3.719563e+08  6.000000e+00  8.700000e+01  5.920000e+02  3.719563e+08
9.248081e+01   1.208812e+03  3.719561e+08  1.208812e+03  3.719561e+08  6.000000e+00  8.700000e+01  5.920000e+02  3.719561e+08
9.268364e+01   1.485562e+03  4.007808e+08  1.485562e+03  4.007808e+08  1.700000e+01  2.450000e+02  8.321250e+02  4.007808e+08
9.288639e+01   1.208812e+03  3.719562e+08  1.208812e+03  3.719562e+08  6.000000e+00  8.700000e+01  5.920000e+02  3.719562e+08
9.308901e+01   1.208812e+03  3.719562e+08  1.208812e+03  3.719562e+08  6.000000e+00  8.700000e+01  5.920000e+02  3.719562e+08
9.329147e+01   1.208812e+03  3.719561e+08  1.208812e+03  3.719561e+08  6.000000e+00  8.700000e+01  5.920000e+02  3.719561e+08
9.349383e+01   1.485562e+03  4.007807e+08  1.485562e+03  4.007807e+08  1.600000e+01  2.430000e+02  8.321250e+02  4.007807e+08
9.369610e+01   1.208812e+03  3.719561e+08  1.208812e+03  3.719561e+08  6.000000e+00  8.700000e+01  5.920000e+02  3.719561e+08
9.389829e+01   1.208812e+03  3.719563e+08  1.208812e+03  3.719563e+08  6.000000e+00  8.700000e+01  5.920000e+02  3.719563e+08
9.410053e+01   1.208812e+03  3.719562e+08  1.208812e+03  3.719562e+08  6.000000e+00  8.700000e+01  5.920000e+02  3.719562e+08
9.430278e+01   1.485562e+03  4.007807e+08  1.485562e+03  4.007807e+08  1.700000e+01  2.450000e+02  8.321250e+02  4.007807e+08
9.450512e+01   1.208812e+03  3.719560e+08  1.208812e+03  3.719560e+08  6.000000e+00  8.700000e+01  5.920000e+02  3.719560e+08
9.470754e+01   1.208812e+03  3.719563e+08  1.208812e+03  3.719563e+08  6.000000e+00  8.700000e+01  5.920000e+02  3.719563e+08
9.491004e+01   1.208812e+03  3.719561e+08  1.208812e+03  3.719561e+08  6.000000e+00  8.700000e+01  5.920000e+02  3.719561e+08
9.511267e+01   1.485562e+03  4.007808e+08  1.485562e+03  4.007808e+08  1.600000e+01  2.430000e+02  8.321250e+02  4.007808e+08
9.531543e+01   1.208812e+03  3.719562e+08  1.208812e+03  3.719562e+08  6.000000e+00  8.700000e+01  5.920000e+02  3.719562e+08
9.551837e+01   1.208812e+03  3.719561e+08  1.208812e+03  3.719561e+08  6.000000e+00  8.700000e+01  5.920000e+02  3.719561e+08
9.572151e+01   1.208812e+03  3.719561e+08  1.208812e+03  3.719561e+08  6.000000e+00  8.700000e+01  5.920000e+02  3.719561e+08
9.592478e+01   1.485562e+03  4.007808e+08  1.485562e+03  4.007808e+08  1.700000e+01  2.450000e+02  8.321250e+02  4.007808e+08
9.612812e+01   1.208812e+03  3.719561e+08  1.208812e+03  3.719561e+08  6.000000e+00  8.700000e+01  5.920000e+02  3.719561e+08
9.633150e+01   1.208812e+03  3.719562e+08  1.208812e+03  3.719562e+08  6.000000e+00  8.700000e+01  5.920000e+02  3.719562e+08
9.653491e+01   1.208812e+03  3.719562e+08  1.208812e+03  3.719562e+08  6.000000e+00  8.700000e+01  5.920000e+02  3.719562e+08
9.673834e+01   1.485562e+03  4.007806e+08  1.485562e+03  4.007806e+08  1.600000e+01  2.430000e+02  8.321250e+02  4.007806e+08
9.694182e+01   1.208812e+03  3.719562e+08  1.208812e+03  3.719562e+08  6.000000e+00  8.700000e+01  5.920000e+02  3.719562e+08
9.714533e+01   1.208812e+03  3.719563e+08  1.208812e+03  3.719563e+08  6.000000e+00  8.700000e+01  5.920000e+02  3.719563e+08
9.734878e+01   1.208812e+03  3.719561e+08  1.208812e+03  3.719561e+08  6.000000e+00  8.700000e+01  5.920000e+02  3.719561e+08
9.755210e+01   1.485562e+03  4.007807e+08  1.485562e+03  4.007807e+08  1.700000e+01  2.450000e+02  8.321250e+02  4.007807e+08
9.775532e+01   1.208812e+03  3.719563e+08  1.208812e+03  3.719563e+08  6.000000e+00  8.700000e+01  5.920000e+02  3.719563e+08
9.795843e+01   1.208812e+03  3.719561e+08  1.208812e+03  3.719561e+08  6.000000e+00  8.700000e+01  5.920000e+02  3.719561e+08
9.816132e+01   1.208812e+03  3.719562e+08  1.208812e+03  3.719562e+08  6.000000e+00  8.700000e+01  5.920000e+02  3.719562e+08
9.836407e+01   1.485562e+03  4.007808e+08  1.485562e+03  4.007808e+08  1.700000e+01  3.710000e+02  8.321250e+02  4.007808e+08
9.856668e+01   1.208812e+03  3.719561e+08  1.208812e+03  3.719561e+08  6.000000e+00  8.700000e+01  5.920000e+02  3.719561e+08
9.876912e+01   1.208812e+03  3.719562e+08  1.208812e+03  3.719562e+08  6.000000e+00  8.700000e+01  5.920000e+02  3.719562e+08
9.897160e+01   1.208812e+03  3.719563e+08  1.208812e+03  3.719563e+08  6.000000e+00  8.700000e+01  5.920000e+02  3.719563e+08
9.917404e+01   1.485562e+03  4.007806e+08  1.485562e+03  4.007806e+08  1.700000e+01  2.450000e+02  8.321250e+02  4.007806e+08
9.937645e+01   1.208812e+03  3.719563e+08  1.208812e+03  3.719563e+08  6.000000e+00  8.700000e+01  5.920000e+02  3.719563e+08
9.957886e+01   1.208812e+03  3.719563e+08  1.208812e+03  3.719563e+08  6.000000e+00  8.700000e+01  5.920000e+02  3.719563e+08
9.978127e+01   1.208812e+03  3.719562e+08  1.208812e+03  3.719562e+08  6.000000e+00  8.700000e+01  5.920000e+02  3.719562e+08
9.998370e+01   1.485562e+03  4.007807e+08  1.485562e+03  4.007807e+08  1.600000e+01  2.430000e+02  8.321250e+02  4.007807e+08
1.001862e+02   1.320000e+03  3.806109e+08  1.320000e+03  3.806109e+08  1.500000e+01  1.600000e+02  6.941875e+02  3.806109e+08
