# 1  : Date
# 2  : Temps elapsed min (mus)
# 3  : Rang temps elapsed min
# 4  : Noeud temps elapsed min
# 5  : Temps elapsed max (mus)
# 6  : Rang temps elapsed max
# 7  : Noeud temps elapsed max
# 8  : Grind time (mus/maille/cycle)
# 9  : Grind time équivalent séquentiel (#8 X nb_de_coeurs)
#     1     2     3     4      5      6      7       8      9
#   ATTENTION  les temps cpu schémas sont données dans l'ordre alphabétique des schémas WARNING
#  10: TELAPS Hydro (mus)
1.580135e-01   4.850e+06 6 inti6000   4.852e+06 12 inti6000   2.348e-01 1.503e+01  2.472e+06
3.160271e-01   2.798e+06 6 inti6000   2.801e+06 12 inti6000   1.355e-01 8.673e+00  2.446e+06
4.740406e-01   2.771e+06 6 inti6000   2.774e+06 8 inti6000   1.342e-01 8.590e+00  2.435e+06
6.320542e-01   2.869e+06 6 inti6000   2.872e+06 9 inti6000   1.390e-01 8.894e+00  2.533e+06
7.900677e-01   3.648e+06 6 inti6000   3.651e+06 12 inti6000   1.766e-01 1.130e+01  2.418e+06
9.480813e-01   2.772e+06 6 inti6000   2.775e+06 5 inti6000   1.343e-01 8.593e+00  2.420e+06
1.106095e+00   2.773e+06 6 inti6000   2.776e+06 12 inti6000   1.343e-01 8.594e+00  2.434e+06
1.264108e+00   2.775e+06 0 inti6000   2.778e+06 12 inti6000   1.344e-01 8.602e+00  2.435e+06
1.422122e+00   3.447e+06 6 inti6000   3.450e+06 8 inti6000   1.934e-01 1.238e+01  2.113e+06
1.580135e+00   2.417e+06 6 inti6000   2.420e+06 12 inti6000   1.357e-01 8.683e+00  2.111e+06
1.738149e+00   2.422e+06 4 inti6000   2.425e+06 12 inti6000   1.359e-01 8.701e+00  2.098e+06
1.896163e+00   2.419e+06 0 inti6000   2.422e+06 5 inti6000   1.358e-01 8.691e+00  2.098e+06
2.054176e+00   3.109e+06 0 inti6000   3.113e+06 12 inti6000   1.745e-01 1.117e+01  2.108e+06
2.212190e+00   2.422e+06 6 inti6000   2.425e+06 5 inti6000   1.360e-01 8.702e+00  2.113e+06
2.370203e+00   2.416e+06 6 inti6000   2.419e+06 12 inti6000   1.356e-01 8.680e+00  2.112e+06
2.528217e+00   2.419e+06 6 inti6000   2.422e+06 12 inti6000   1.358e-01 8.691e+00  2.112e+06
2.686230e+00   3.128e+06 6 inti6000   3.131e+06 8 inti6000   1.758e-01 1.125e+01  2.106e+06
2.844244e+00   2.427e+06 6 inti6000   2.430e+06 8 inti6000   1.364e-01 8.728e+00  2.105e+06
3.002257e+00   2.427e+06 6 inti6000   2.430e+06 9 inti6000   1.364e-01 8.728e+00  2.119e+06
3.160271e+00   2.429e+06 6 inti6000   2.432e+06 13 inti6000   1.365e-01 8.737e+00  2.120e+06
3.318284e+00   3.128e+06 6 inti6000   3.132e+06 12 inti6000   1.758e-01 1.125e+01  2.123e+06
3.476298e+00   2.427e+06 6 inti6000   2.430e+06 12 inti6000   1.364e-01 8.730e+00  2.123e+06
3.634312e+00   2.429e+06 6 inti6000   2.432e+06 12 inti6000   1.365e-01 8.736e+00  2.108e+06
3.792325e+00   2.432e+06 6 inti6000   2.435e+06 5 inti6000   1.367e-01 8.747e+00  2.110e+06
3.950339e+00   3.136e+06 6 inti6000   3.139e+06 9 inti6000   1.762e-01 1.128e+01  2.125e+06
4.108352e+00   2.433e+06 6 inti6000   2.436e+06 12 inti6000   1.368e-01 8.752e+00  2.125e+06
4.266366e+00   2.434e+06 6 inti6000   2.437e+06 12 inti6000   1.368e-01 8.755e+00  2.128e+06
4.424379e+00   2.434e+06 6 inti6000   2.438e+06 9 inti6000   1.368e-01 8.756e+00  2.130e+06
4.582393e+00   3.133e+06 6 inti6000   3.137e+06 13 inti6000   1.761e-01 1.127e+01  2.114e+06
4.740406e+00   2.433e+06 6 inti6000   2.436e+06 12 inti6000   1.368e-01 8.752e+00  2.112e+06
4.898420e+00   2.437e+06 6 inti6000   2.440e+06 9 inti6000   1.369e-01 8.764e+00  2.128e+06
5.056433e+00   2.440e+06 6 inti6000   2.443e+06 12 inti6000   1.371e-01 8.778e+00  2.132e+06
5.214447e+00   3.142e+06 6 inti6000   3.145e+06 12 inti6000   1.765e-01 1.130e+01  2.138e+06
5.372460e+00   2.447e+06 6 inti6000   2.451e+06 12 inti6000   1.376e-01 8.805e+00  2.143e+06
5.530474e+00   2.440e+06 6 inti6000   2.443e+06 9 inti6000   1.371e-01 8.778e+00  2.119e+06
5.688488e+00   2.443e+06 6 inti6000   2.447e+06 5 inti6000   1.373e-01 8.789e+00  2.122e+06
5.846501e+00   3.145e+06 6 inti6000   3.149e+06 9 inti6000   1.767e-01 1.131e+01  2.139e+06
6.004515e+00   2.451e+06 6 inti6000   2.454e+06 12 inti6000   1.377e-01 8.815e+00  2.143e+06
6.162528e+00   2.449e+06 6 inti6000   2.452e+06 9 inti6000   1.376e-01 8.810e+00  2.145e+06
6.320542e+00   2.454e+06 6 inti6000   2.457e+06 9 inti6000   1.379e-01 8.827e+00  2.150e+06
6.478555e+00   3.146e+06 6 inti6000   3.150e+06 8 inti6000   1.768e-01 1.131e+01  2.131e+06
6.636569e+00   2.456e+06 6 inti6000   2.459e+06 9 inti6000   1.380e-01 8.833e+00  2.135e+06
6.794582e+00   2.454e+06 6 inti6000   2.460e+06 12 inti6000   1.381e-01 8.836e+00  2.146e+06
6.952596e+00   2.454e+06 6 inti6000   2.458e+06 13 inti6000   1.379e-01 8.828e+00  2.146e+06
7.110609e+00   5.525e+06 2 inti6000   5.593e+06 13 inti6000   3.139e-01 2.009e+01  2.196e+06
7.268623e+00   2.459e+06 2 inti6000   2.465e+06 13 inti6000   1.384e-01 8.856e+00  2.153e+06
7.426637e+00   2.452e+06 2 inti6000   2.458e+06 13 inti6000   1.380e-01 8.832e+00  2.122e+06
7.584650e+00   2.458e+06 2 inti6000   2.464e+06 13 inti6000   1.383e-01 8.851e+00  2.128e+06
7.742664e+00   3.174e+06 2 inti6000   3.181e+06 13 inti6000   1.786e-01 1.143e+01  2.157e+06
7.900677e+00   2.457e+06 2 inti6000   2.463e+06 13 inti6000   1.382e-01 8.847e+00  2.150e+06
8.058691e+00   2.458e+06 2 inti6000   2.465e+06 13 inti6000   1.384e-01 8.856e+00  2.156e+06
8.216704e+00   2.462e+06 2 inti6000   2.468e+06 13 inti6000   1.385e-01 8.867e+00  2.161e+06
8.374718e+00   3.174e+06 2 inti6000   3.181e+06 13 inti6000   1.785e-01 1.143e+01  2.138e+06
8.532731e+00   2.466e+06 4 inti6000   2.475e+06 13 inti6000   1.389e-01 8.890e+00  2.137e+06
8.690745e+00   2.468e+06 2 inti6000   2.475e+06 13 inti6000   1.389e-01 8.890e+00  2.162e+06
8.848758e+00   2.470e+06 2 inti6000   2.477e+06 13 inti6000   1.390e-01 8.897e+00  2.162e+06
9.006772e+00   3.185e+06 6 inti6000   3.192e+06 13 inti6000   1.791e-01 1.147e+01  2.171e+06
9.164786e+00   2.474e+06 2 inti6000   2.481e+06 13 inti6000   1.393e-01 8.913e+00  2.169e+06
9.322799e+00   2.476e+06 2 inti6000   2.483e+06 13 inti6000   1.393e-01 8.918e+00  2.148e+06
9.480813e+00   2.481e+06 2 inti6000   2.487e+06 13 inti6000   1.396e-01 8.933e+00  2.152e+06
9.638826e+00   3.195e+06 2 inti6000   3.200e+06 13 inti6000   1.796e-01 1.150e+01  2.172e+06
9.796840e+00   2.481e+06 2 inti6000   2.488e+06 13 inti6000   1.397e-01 8.938e+00  2.175e+06
9.954853e+00   2.486e+06 2 inti6000   2.492e+06 13 inti6000   1.399e-01 8.953e+00  2.184e+06
1.011287e+01   2.486e+06 2 inti6000   2.494e+06 13 inti6000   1.400e-01 8.958e+00  2.185e+06
1.027088e+01   3.209e+06 2 inti6000   3.215e+06 13 inti6000   1.805e-01 1.155e+01  2.165e+06
1.042889e+01   2.501e+06 2 inti6000   2.508e+06 13 inti6000   1.408e-01 9.010e+00  2.170e+06
1.058691e+01   2.492e+06 2 inti6000   2.499e+06 13 inti6000   1.402e-01 8.976e+00  2.186e+06
1.074492e+01   2.496e+06 2 inti6000   2.503e+06 13 inti6000   1.405e-01 8.990e+00  2.190e+06
1.090293e+01   3.218e+06 2 inti6000   3.227e+06 13 inti6000   1.811e-01 1.159e+01  2.203e+06
1.106095e+01   2.500e+06 2 inti6000   2.506e+06 13 inti6000   1.407e-01 9.003e+00  2.198e+06
1.121896e+01   2.512e+06 2 inti6000   2.518e+06 13 inti6000   1.413e-01 9.046e+00  2.182e+06
1.137698e+01   2.509e+06 2 inti6000   2.515e+06 13 inti6000   1.412e-01 9.035e+00  2.180e+06
1.153499e+01   3.231e+06 2 inti6000   3.238e+06 13 inti6000   1.817e-01 1.163e+01  2.208e+06
1.169300e+01   2.518e+06 2 inti6000   2.524e+06 13 inti6000   1.417e-01 9.068e+00  2.211e+06
1.185102e+01   2.522e+06 2 inti6000   2.529e+06 13 inti6000   1.419e-01 9.084e+00  2.219e+06
1.200903e+01   2.524e+06 2 inti6000   2.530e+06 13 inti6000   1.420e-01 9.090e+00  2.221e+06
1.216704e+01   3.241e+06 2 inti6000   3.247e+06 13 inti6000   1.822e-01 1.166e+01  2.200e+06
1.232506e+01   2.532e+06 2 inti6000   2.538e+06 13 inti6000   1.425e-01 9.118e+00  2.204e+06
1.248307e+01   2.532e+06 2 inti6000   2.539e+06 13 inti6000   1.425e-01 9.120e+00  2.227e+06
1.264108e+01   2.536e+06 0 inti6000   2.544e+06 13 inti6000   1.428e-01 9.138e+00  2.229e+06
1.279910e+01   3.251e+06 2 inti6000   3.257e+06 13 inti6000   1.828e-01 1.170e+01  2.234e+06
1.295711e+01   2.544e+06 2 inti6000   2.551e+06 13 inti6000   1.432e-01 9.164e+00  2.243e+06
1.311512e+01   2.546e+06 2 inti6000   2.553e+06 13 inti6000   1.433e-01 9.170e+00  2.218e+06
1.327314e+01   2.546e+06 2 inti6000   2.554e+06 13 inti6000   1.433e-01 9.174e+00  2.220e+06
1.343115e+01   3.271e+06 2 inti6000   3.278e+06 13 inti6000   1.840e-01 1.178e+01  2.247e+06
1.358916e+01   2.557e+06 0 inti6000   2.567e+06 13 inti6000   1.441e-01 9.222e+00  2.254e+06
1.374718e+01   2.563e+06 2 inti6000   2.569e+06 13 inti6000   1.442e-01 9.228e+00  2.260e+06
1.390519e+01   2.565e+06 2 inti6000   2.572e+06 13 inti6000   1.443e-01 9.238e+00  2.264e+06
1.406321e+01   3.285e+06 2 inti6000   3.292e+06 13 inti6000   1.848e-01 1.182e+01  2.242e+06
1.422122e+01   2.571e+06 2 inti6000   2.578e+06 13 inti6000   1.447e-01 9.260e+00  2.243e+06
1.437923e+01   2.583e+06 2 inti6000   2.589e+06 13 inti6000   1.453e-01 9.300e+00  2.276e+06
1.453725e+01   2.581e+06 2 inti6000   2.587e+06 13 inti6000   1.452e-01 9.295e+00  2.274e+06
1.469526e+01   3.292e+06 0 inti6000   3.304e+06 13 inti6000   1.854e-01 1.187e+01  2.282e+06
1.485327e+01   2.591e+06 2 inti6000   2.597e+06 13 inti6000   1.458e-01 9.331e+00  2.289e+06
1.501129e+01   2.590e+06 2 inti6000   2.597e+06 13 inti6000   1.458e-01 9.329e+00  2.262e+06
1.516930e+01   2.594e+06 2 inti6000   2.601e+06 13 inti6000   1.460e-01 9.342e+00  2.267e+06
1.532731e+01   3.317e+06 2 inti6000   3.323e+06 13 inti6000   1.865e-01 1.194e+01  2.298e+06
1.548533e+01   2.602e+06 2 inti6000   2.608e+06 13 inti6000   1.464e-01 9.369e+00  2.295e+06
1.564334e+01   2.603e+06 2 inti6000   2.610e+06 13 inti6000   1.465e-01 9.376e+00  2.302e+06
1.580135e+01   2.611e+06 2 inti6000   2.618e+06 13 inti6000   1.470e-01 9.406e+00  2.311e+06
1.595937e+01   3.326e+06 2 inti6000   3.332e+06 13 inti6000   1.871e-01 1.197e+01  2.287e+06
1.611738e+01   2.617e+06 2 inti6000   2.624e+06 13 inti6000   1.473e-01 9.426e+00  2.290e+06
1.627540e+01   2.623e+06 2 inti6000   2.629e+06 13 inti6000   1.476e-01 9.446e+00  2.317e+06
1.643341e+01   2.629e+06 2 inti6000   2.635e+06 13 inti6000   1.479e-01 9.466e+00  2.322e+06
1.659142e+01   3.343e+06 2 inti6000   3.350e+06 13 inti6000   1.880e-01 1.203e+01  2.327e+06
1.674944e+01   2.632e+06 2 inti6000   2.639e+06 13 inti6000   1.481e-01 9.479e+00  2.330e+06
1.690745e+01   2.634e+06 2 inti6000   2.640e+06 13 inti6000   1.482e-01 9.483e+00  2.306e+06
1.706546e+01   2.636e+06 2 inti6000   2.643e+06 13 inti6000   1.484e-01 9.494e+00  2.309e+06
1.722348e+01   3.355e+06 2 inti6000   3.361e+06 13 inti6000   1.886e-01 1.207e+01  2.337e+06
1.738149e+01   2.644e+06 2 inti6000   2.650e+06 13 inti6000   1.487e-01 9.520e+00  2.337e+06
1.753950e+01   2.650e+06 2 inti6000   2.657e+06 13 inti6000   1.492e-01 9.546e+00  2.348e+06
1.769752e+01   2.652e+06 2 inti6000   2.657e+06 13 inti6000   1.491e-01 9.545e+00  2.348e+06
1.785553e+01   3.367e+06 2 inti6000   3.374e+06 13 inti6000   1.894e-01 1.212e+01  2.329e+06
1.801354e+01   2.659e+06 2 inti6000   2.665e+06 13 inti6000   1.496e-01 9.575e+00  2.329e+06
1.817156e+01   2.659e+06 2 inti6000   2.666e+06 13 inti6000   1.496e-01 9.578e+00  2.353e+06
1.832957e+01   2.665e+06 2 inti6000   2.671e+06 13 inti6000   1.499e-01 9.597e+00  2.359e+06
1.848758e+01   3.385e+06 2 inti6000   3.391e+06 13 inti6000   1.903e-01 1.218e+01  2.371e+06
1.864560e+01   2.677e+06 2 inti6000   2.684e+06 13 inti6000   1.507e-01 9.642e+00  2.372e+06
1.880361e+01   2.679e+06 2 inti6000   2.685e+06 13 inti6000   1.507e-01 9.647e+00  2.352e+06
1.896163e+01   2.679e+06 2 inti6000   2.685e+06 13 inti6000   1.507e-01 9.645e+00  2.350e+06
1.911964e+01   3.394e+06 2 inti6000   3.401e+06 13 inti6000   1.909e-01 1.222e+01  2.377e+06
1.927765e+01   2.685e+06 2 inti6000   2.692e+06 13 inti6000   1.511e-01 9.669e+00  2.379e+06
1.943567e+01   2.687e+06 2 inti6000   2.693e+06 13 inti6000   1.512e-01 9.675e+00  2.385e+06
1.959368e+01   2.690e+06 2 inti6000   2.696e+06 13 inti6000   1.514e-01 9.687e+00  2.388e+06
1.975169e+01   3.414e+06 2 inti6000   3.421e+06 13 inti6000   1.920e-01 1.229e+01  2.367e+06
1.990971e+01   2.699e+06 2 inti6000   2.705e+06 13 inti6000   1.518e-01 9.718e+00  2.370e+06
2.006772e+01   6.980e+06 3 inti6000   6.981e+06 13 inti6000   3.918e-01 2.508e+01  2.398e+06
2.022573e+01   4.721e+06 0 inti6000   4.736e+06 13 inti6000   2.658e-01 1.701e+01  2.404e+06
2.038375e+01   3.416e+06 2 inti6000   3.422e+06 13 inti6000   1.921e-01 1.229e+01  2.411e+06
2.054176e+01   2.708e+06 2 inti6000   2.715e+06 13 inti6000   1.524e-01 9.751e+00  2.406e+06
2.069977e+01   2.710e+06 2 inti6000   2.716e+06 13 inti6000   1.525e-01 9.757e+00  2.383e+06
2.085779e+01   2.717e+06 2 inti6000   2.723e+06 13 inti6000   1.528e-01 9.782e+00  2.389e+06
2.101580e+01   3.461e+06 2 inti6000   3.467e+06 13 inti6000   1.946e-01 1.246e+01  2.413e+06
2.117381e+01   2.720e+06 2 inti6000   2.726e+06 13 inti6000   1.530e-01 9.794e+00  2.414e+06
2.133183e+01   2.726e+06 2 inti6000   2.734e+06 13 inti6000   1.535e-01 9.821e+00  2.423e+06
2.148984e+01   2.877e+06 2 inti6000   2.884e+06 13 inti6000   1.619e-01 1.036e+01  2.576e+06
2.164786e+01   3.448e+06 2 inti6000   3.455e+06 13 inti6000   1.939e-01 1.241e+01  2.406e+06
2.180587e+01   2.735e+06 2 inti6000   2.740e+06 13 inti6000   1.538e-01 9.845e+00  2.407e+06
2.196388e+01   2.738e+06 2 inti6000   2.745e+06 13 inti6000   1.541e-01 9.862e+00  2.432e+06
2.212190e+01   2.741e+06 2 inti6000   2.747e+06 13 inti6000   1.542e-01 9.868e+00  2.433e+06
2.227991e+01   3.453e+06 2 inti6000   3.460e+06 13 inti6000   1.942e-01 1.243e+01  2.442e+06
2.243792e+01   2.746e+06 2 inti6000   2.753e+06 13 inti6000   1.545e-01 9.888e+00  2.444e+06
2.259594e+01   2.748e+06 2 inti6000   2.755e+06 13 inti6000   1.546e-01 9.896e+00  2.420e+06
2.275395e+01   2.755e+06 2 inti6000   2.762e+06 13 inti6000   1.550e-01 9.922e+00  2.427e+06
2.291196e+01   3.469e+06 2 inti6000   3.476e+06 13 inti6000   1.951e-01 1.249e+01  2.451e+06
2.306998e+01   2.761e+06 2 inti6000   2.768e+06 13 inti6000   1.554e-01 9.943e+00  2.454e+06
2.322799e+01   2.765e+06 2 inti6000   2.772e+06 13 inti6000   1.556e-01 9.956e+00  2.460e+06
2.338600e+01   2.762e+06 2 inti6000   2.769e+06 13 inti6000   1.554e-01 9.949e+00  2.460e+06
2.354402e+01   3.482e+06 2 inti6000   3.489e+06 13 inti6000   1.959e-01 1.253e+01  2.440e+06
2.370203e+01   2.769e+06 2 inti6000   2.776e+06 13 inti6000   1.558e-01 9.971e+00  2.440e+06
2.386005e+01   2.769e+06 2 inti6000   2.775e+06 13 inti6000   1.558e-01 9.969e+00  2.462e+06
2.401806e+01   2.776e+06 2 inti6000   2.783e+06 13 inti6000   1.562e-01 9.996e+00  2.470e+06
2.417607e+01   3.491e+06 2 inti6000   3.498e+06 13 inti6000   1.963e-01 1.257e+01  2.473e+06
2.433409e+01   2.780e+06 2 inti6000   2.787e+06 13 inti6000   1.564e-01 1.001e+01  2.479e+06
2.449210e+01   2.782e+06 2 inti6000   2.789e+06 13 inti6000   1.565e-01 1.002e+01  2.455e+06
2.465011e+01   2.786e+06 2 inti6000   2.793e+06 13 inti6000   1.568e-01 1.003e+01  2.458e+06
2.480813e+01   3.505e+06 2 inti6000   3.512e+06 13 inti6000   1.971e-01 1.262e+01  2.482e+06
2.496614e+01   2.791e+06 2 inti6000   2.797e+06 13 inti6000   1.570e-01 1.005e+01  2.483e+06
2.512415e+01   2.791e+06 2 inti6000   2.797e+06 13 inti6000   1.570e-01 1.005e+01  2.489e+06
2.528217e+01   2.798e+06 2 inti6000   2.805e+06 13 inti6000   1.574e-01 1.008e+01  2.496e+06
2.544018e+01   3.511e+06 2 inti6000   3.517e+06 13 inti6000   1.974e-01 1.263e+01  2.469e+06
2.559819e+01   2.799e+06 2 inti6000   2.807e+06 13 inti6000   1.575e-01 1.008e+01  2.471e+06
2.575621e+01   2.805e+06 2 inti6000   2.812e+06 13 inti6000   1.578e-01 1.010e+01  2.498e+06
2.591422e+01   2.802e+06 2 inti6000   2.809e+06 13 inti6000   1.577e-01 1.009e+01  2.496e+06
2.607223e+01   3.538e+06 2 inti6000   3.545e+06 13 inti6000   1.990e-01 1.273e+01  2.516e+06
2.623025e+01   2.813e+06 2 inti6000   2.819e+06 13 inti6000   1.582e-01 1.013e+01  2.511e+06
2.638826e+01   2.810e+06 2 inti6000   2.817e+06 13 inti6000   1.581e-01 1.012e+01  2.482e+06
2.654628e+01   2.819e+06 2 inti6000   2.826e+06 13 inti6000   1.586e-01 1.015e+01  2.491e+06
2.670429e+01   3.537e+06 2 inti6000   3.545e+06 13 inti6000   1.990e-01 1.273e+01  2.514e+06
2.686230e+01   2.822e+06 2 inti6000   2.829e+06 13 inti6000   1.588e-01 1.016e+01  2.516e+06
2.702032e+01   2.830e+06 2 inti6000   2.836e+06 13 inti6000   1.592e-01 1.019e+01  2.525e+06
2.717833e+01   2.825e+06 2 inti6000   2.832e+06 13 inti6000   1.590e-01 1.018e+01  2.524e+06
2.733634e+01   3.544e+06 2 inti6000   3.551e+06 13 inti6000   1.993e-01 1.276e+01  2.507e+06
2.749436e+01   2.832e+06 2 inti6000   2.838e+06 13 inti6000   1.593e-01 1.020e+01  2.504e+06
2.765237e+01   2.834e+06 2 inti6000   2.841e+06 13 inti6000   1.594e-01 1.020e+01  2.527e+06
2.781038e+01   2.838e+06 2 inti6000   2.845e+06 13 inti6000   1.597e-01 1.022e+01  2.530e+06
2.796840e+01   3.552e+06 2 inti6000   3.558e+06 13 inti6000   1.997e-01 1.278e+01  2.536e+06
2.812641e+01   2.840e+06 2 inti6000   2.847e+06 13 inti6000   1.598e-01 1.023e+01  2.539e+06
2.828442e+01   2.844e+06 2 inti6000   2.851e+06 13 inti6000   1.600e-01 1.024e+01  2.516e+06
2.844244e+01   2.845e+06 2 inti6000   2.852e+06 13 inti6000   1.601e-01 1.024e+01  2.517e+06
2.860045e+01   3.610e+06 2 inti6000   3.617e+06 13 inti6000   2.030e-01 1.299e+01  2.555e+06
2.875847e+01   2.854e+06 2 inti6000   2.861e+06 13 inti6000   1.606e-01 1.028e+01  2.548e+06
2.891648e+01   2.861e+06 2 inti6000   2.867e+06 13 inti6000   1.609e-01 1.030e+01  2.558e+06
2.907449e+01   2.858e+06 2 inti6000   2.865e+06 13 inti6000   1.608e-01 1.029e+01  2.556e+06
2.923251e+01   3.580e+06 2 inti6000   3.586e+06 13 inti6000   2.013e-01 1.288e+01  2.534e+06
2.939052e+01   2.867e+06 2 inti6000   2.873e+06 13 inti6000   1.613e-01 1.032e+01  2.539e+06
2.954853e+01   2.869e+06 2 inti6000   2.874e+06 13 inti6000   1.613e-01 1.033e+01  2.562e+06
2.970655e+01   2.870e+06 2 inti6000   2.877e+06 13 inti6000   1.615e-01 1.033e+01  2.564e+06
2.986456e+01   3.588e+06 2 inti6000   3.594e+06 13 inti6000   2.018e-01 1.291e+01  2.572e+06
3.002257e+01   2.883e+06 2 inti6000   2.889e+06 13 inti6000   1.622e-01 1.038e+01  2.579e+06
3.018059e+01   2.877e+06 2 inti6000   2.884e+06 13 inti6000   1.619e-01 1.036e+01  2.550e+06
3.033860e+01   2.887e+06 2 inti6000   2.894e+06 13 inti6000   1.624e-01 1.040e+01  2.554e+06
3.049661e+01   3.597e+06 2 inti6000   3.604e+06 13 inti6000   2.023e-01 1.295e+01  2.578e+06
3.065463e+01   2.886e+06 2 inti6000   2.893e+06 13 inti6000   1.624e-01 1.039e+01  2.581e+06
3.081264e+01   2.885e+06 2 inti6000   2.894e+06 13 inti6000   1.624e-01 1.039e+01  2.585e+06
3.097065e+01   2.892e+06 2 inti6000   2.900e+06 13 inti6000   1.628e-01 1.042e+01  2.591e+06
3.112867e+01   3.607e+06 2 inti6000   3.615e+06 13 inti6000   2.029e-01 1.299e+01  2.571e+06
3.128668e+01   2.899e+06 2 inti6000   2.906e+06 13 inti6000   1.631e-01 1.044e+01  2.571e+06
3.144470e+01   2.901e+06 2 inti6000   2.908e+06 13 inti6000   1.632e-01 1.045e+01  2.595e+06
3.160271e+01   2.906e+06 2 inti6000   2.913e+06 13 inti6000   1.635e-01 1.047e+01  2.601e+06
3.176072e+01   3.636e+06 3 inti6000   3.638e+06 13 inti6000   2.042e-01 1.307e+01  2.608e+06
3.191874e+01   2.910e+06 2 inti6000   2.916e+06 13 inti6000   1.637e-01 1.048e+01  2.607e+06
3.207675e+01   2.919e+06 2 inti6000   2.923e+06 13 inti6000   1.641e-01 1.050e+01  2.588e+06
3.223476e+01   2.917e+06 2 inti6000   2.924e+06 13 inti6000   1.641e-01 1.050e+01  2.589e+06
3.239278e+01   3.637e+06 2 inti6000   3.643e+06 13 inti6000   2.045e-01 1.309e+01  2.618e+06
3.255079e+01   2.921e+06 2 inti6000   2.927e+06 13 inti6000   1.643e-01 1.051e+01  2.614e+06
3.270880e+01   2.929e+06 2 inti6000   2.934e+06 13 inti6000   1.647e-01 1.054e+01  2.626e+06
3.286682e+01   2.927e+06 2 inti6000   2.934e+06 13 inti6000   1.647e-01 1.054e+01  2.626e+06
3.302483e+01   3.647e+06 0 inti6000   3.657e+06 13 inti6000   2.053e-01 1.314e+01  2.611e+06
3.318284e+01   2.937e+06 2 inti6000   2.944e+06 13 inti6000   1.652e-01 1.057e+01  2.610e+06
3.334086e+01   2.939e+06 2 inti6000   2.945e+06 13 inti6000   1.653e-01 1.058e+01  2.631e+06
3.349887e+01   2.944e+06 2 inti6000   2.950e+06 13 inti6000   1.656e-01 1.060e+01  2.637e+06
3.365688e+01   3.660e+06 2 inti6000   3.669e+06 13 inti6000   2.059e-01 1.318e+01  2.650e+06
3.381490e+01   2.947e+06 2 inti6000   2.954e+06 13 inti6000   1.658e-01 1.061e+01  2.644e+06
3.397291e+01   2.947e+06 2 inti6000   2.954e+06 13 inti6000   1.658e-01 1.061e+01  2.621e+06
3.413092e+01   2.947e+06 2 inti6000   2.954e+06 13 inti6000   1.658e-01 1.061e+01  2.620e+06
3.428894e+01   3.674e+06 2 inti6000   3.680e+06 13 inti6000   2.066e-01 1.322e+01  2.651e+06
3.444695e+01   2.958e+06 2 inti6000   2.965e+06 13 inti6000   1.664e-01 1.065e+01  2.652e+06
3.460496e+01   2.958e+06 2 inti6000   2.965e+06 13 inti6000   1.664e-01 1.065e+01  2.657e+06
3.476298e+01   2.962e+06 2 inti6000   2.972e+06 13 inti6000   1.668e-01 1.067e+01  2.661e+06
3.492099e+01   3.690e+06 2 inti6000   3.696e+06 13 inti6000   2.074e-01 1.328e+01  2.638e+06
3.507900e+01   2.967e+06 2 inti6000   2.973e+06 13 inti6000   1.669e-01 1.068e+01  2.639e+06
3.523701e+01   2.971e+06 2 inti6000   2.977e+06 13 inti6000   1.671e-01 1.069e+01  2.665e+06
3.539502e+01   2.977e+06 2 inti6000   2.985e+06 13 inti6000   1.675e-01 1.072e+01  2.673e+06
3.555303e+01   3.695e+06 2 inti6000   3.702e+06 13 inti6000   2.078e-01 1.330e+01  2.680e+06
3.571104e+01   2.980e+06 2 inti6000   2.986e+06 13 inti6000   1.676e-01 1.073e+01  2.678e+06
3.586905e+01   2.983e+06 2 inti6000   2.990e+06 13 inti6000   1.678e-01 1.074e+01  2.656e+06
3.602706e+01   2.993e+06 2 inti6000   3.001e+06 13 inti6000   1.684e-01 1.078e+01  2.666e+06
3.618507e+01   3.708e+06 2 inti6000   3.714e+06 13 inti6000   2.085e-01 1.334e+01  2.687e+06
3.634308e+01   3.000e+06 2 inti6000   3.006e+06 13 inti6000   1.687e-01 1.080e+01  2.693e+06
3.650108e+01   3.002e+06 2 inti6000   3.009e+06 13 inti6000   1.689e-01 1.081e+01  2.700e+06
3.665909e+01   3.004e+06 2 inti6000   3.011e+06 13 inti6000   1.690e-01 1.082e+01  2.703e+06
3.681709e+01   3.723e+06 2 inti6000   3.730e+06 13 inti6000   2.094e-01 1.340e+01  2.679e+06
3.697510e+01   3.014e+06 2 inti6000   3.018e+06 13 inti6000   1.694e-01 1.084e+01  2.683e+06
3.713310e+01   3.015e+06 2 inti6000   3.022e+06 13 inti6000   1.696e-01 1.085e+01  2.709e+06
3.729110e+01   3.019e+06 2 inti6000   3.026e+06 13 inti6000   1.699e-01 1.087e+01  2.711e+06
3.744911e+01   3.739e+06 2 inti6000   3.745e+06 13 inti6000   2.102e-01 1.345e+01  2.721e+06
3.760711e+01   3.026e+06 2 inti6000   3.032e+06 13 inti6000   1.702e-01 1.089e+01  2.724e+06
3.776511e+01   3.034e+06 2 inti6000   3.039e+06 13 inti6000   1.706e-01 1.092e+01  2.704e+06
3.792311e+01   3.033e+06 2 inti6000   3.039e+06 13 inti6000   1.706e-01 1.092e+01  2.704e+06
3.808111e+01   3.753e+06 2 inti6000   3.760e+06 13 inti6000   2.110e-01 1.351e+01  2.729e+06
3.823911e+01   3.045e+06 2 inti6000   3.052e+06 13 inti6000   1.713e-01 1.096e+01  2.739e+06
3.839711e+01   3.046e+06 2 inti6000   3.052e+06 13 inti6000   1.713e-01 1.096e+01  2.744e+06
3.855511e+01   3.048e+06 2 inti6000   3.055e+06 13 inti6000   1.715e-01 1.097e+01  2.747e+06
3.871311e+01   3.776e+06 2 inti6000   3.785e+06 13 inti6000   2.124e-01 1.360e+01  2.726e+06
3.887111e+01   3.056e+06 2 inti6000   3.063e+06 13 inti6000   1.719e-01 1.100e+01  2.727e+06
3.902911e+01   3.058e+06 2 inti6000   3.064e+06 13 inti6000   1.720e-01 1.101e+01  2.752e+06
3.918711e+01   3.062e+06 2 inti6000   3.069e+06 13 inti6000   1.722e-01 1.102e+01  2.756e+06
3.934511e+01   3.780e+06 2 inti6000   3.787e+06 13 inti6000   2.125e-01 1.360e+01  2.766e+06
3.950311e+01   3.071e+06 2 inti6000   3.078e+06 13 inti6000   1.728e-01 1.106e+01  2.769e+06
3.966110e+01   3.071e+06 2 inti6000   3.078e+06 13 inti6000   1.728e-01 1.106e+01  2.744e+06
3.981910e+01   3.080e+06 2 inti6000   3.087e+06 13 inti6000   1.733e-01 1.109e+01  2.753e+06
3.997710e+01   3.801e+06 2 inti6000   3.808e+06 13 inti6000   2.138e-01 1.368e+01  2.777e+06
4.013510e+01   6.887e+06 2 inti6000   6.888e+06 13 inti6000   3.866e-01 2.474e+01  2.780e+06
4.029310e+01   4.935e+06 0 inti6000   4.947e+06 13 inti6000   2.776e-01 1.777e+01  2.798e+06
4.045110e+01   3.104e+06 2 inti6000   3.110e+06 13 inti6000   1.746e-01 1.117e+01  2.799e+06
4.060910e+01   3.816e+06 2 inti6000   3.823e+06 13 inti6000   2.146e-01 1.373e+01  2.771e+06
4.076710e+01   3.102e+06 2 inti6000   3.109e+06 13 inti6000   1.745e-01 1.117e+01  2.774e+06
4.092510e+01   3.112e+06 2 inti6000   3.118e+06 13 inti6000   1.750e-01 1.120e+01  2.801e+06
4.108309e+01   3.119e+06 2 inti6000   3.125e+06 13 inti6000   1.754e-01 1.123e+01  2.812e+06
4.124109e+01   3.832e+06 2 inti6000   3.839e+06 13 inti6000   2.155e-01 1.379e+01  2.819e+06
4.139909e+01   3.129e+06 2 inti6000   3.136e+06 13 inti6000   1.760e-01 1.127e+01  2.828e+06
4.155709e+01   3.135e+06 2 inti6000   3.142e+06 13 inti6000   1.763e-01 1.129e+01  2.806e+06
4.171509e+01   3.132e+06 0 inti6000   3.146e+06 13 inti6000   1.766e-01 1.130e+01  2.812e+06
4.187309e+01   3.859e+06 2 inti6000   3.866e+06 13 inti6000   2.170e-01 1.389e+01  2.836e+06
4.203109e+01   3.147e+06 2 inti6000   3.154e+06 13 inti6000   1.770e-01 1.133e+01  2.840e+06
4.218909e+01   3.151e+06 2 inti6000   3.157e+06 13 inti6000   1.772e-01 1.134e+01  2.849e+06
4.234709e+01   3.156e+06 2 inti6000   3.163e+06 13 inti6000   1.775e-01 1.136e+01  2.854e+06
4.250509e+01   3.882e+06 2 inti6000   3.889e+06 13 inti6000   2.183e-01 1.397e+01  2.835e+06
4.266309e+01   3.169e+06 2 inti6000   3.175e+06 13 inti6000   1.782e-01 1.140e+01  2.840e+06
4.282109e+01   3.168e+06 2 inti6000   3.175e+06 13 inti6000   1.782e-01 1.141e+01  2.863e+06
4.297909e+01   3.181e+06 2 inti6000   3.187e+06 13 inti6000   1.789e-01 1.145e+01  2.870e+06
4.313709e+01   3.901e+06 2 inti6000   3.908e+06 13 inti6000   2.194e-01 1.404e+01  2.883e+06
4.329509e+01   3.183e+06 2 inti6000   3.189e+06 13 inti6000   1.790e-01 1.146e+01  2.880e+06
4.345309e+01   3.194e+06 2 inti6000   3.202e+06 13 inti6000   1.797e-01 1.150e+01  2.867e+06
4.361109e+01   3.193e+06 2 inti6000   3.199e+06 13 inti6000   1.796e-01 1.149e+01  2.866e+06
4.376909e+01   3.919e+06 2 inti6000   3.926e+06 13 inti6000   2.204e-01 1.410e+01  2.893e+06
4.392708e+01   3.207e+06 2 inti6000   3.213e+06 13 inti6000   1.804e-01 1.154e+01  2.900e+06
4.408508e+01   3.208e+06 2 inti6000   3.214e+06 13 inti6000   1.804e-01 1.155e+01  2.906e+06
4.424308e+01   3.217e+06 2 inti6000   3.224e+06 13 inti6000   1.809e-01 1.158e+01  2.915e+06
4.440108e+01   3.940e+06 2 inti6000   3.947e+06 13 inti6000   2.215e-01 1.418e+01  2.894e+06
4.455908e+01   3.225e+06 2 inti6000   3.232e+06 13 inti6000   1.814e-01 1.161e+01  2.897e+06
4.471708e+01   3.232e+06 2 inti6000   3.239e+06 13 inti6000   1.818e-01 1.164e+01  2.927e+06
4.487508e+01   3.237e+06 2 inti6000   3.244e+06 13 inti6000   1.821e-01 1.165e+01  2.932e+06
4.503307e+01   3.964e+06 2 inti6000   3.971e+06 13 inti6000   2.229e-01 1.427e+01  2.942e+06
4.519107e+01   3.247e+06 2 inti6000   3.254e+06 13 inti6000   1.826e-01 1.169e+01  2.945e+06
4.534907e+01   3.256e+06 2 inti6000   3.262e+06 13 inti6000   1.831e-01 1.172e+01  2.927e+06
4.550707e+01   3.263e+06 2 inti6000   3.270e+06 13 inti6000   1.835e-01 1.175e+01  2.932e+06
4.566507e+01   3.981e+06 2 inti6000   3.987e+06 13 inti6000   2.238e-01 1.432e+01  2.957e+06
4.582306e+01   3.271e+06 2 inti6000   3.277e+06 13 inti6000   1.840e-01 1.177e+01  2.964e+06
4.598106e+01   3.275e+06 2 inti6000   3.282e+06 13 inti6000   1.842e-01 1.179e+01  2.975e+06
4.613906e+01   3.281e+06 2 inti6000   3.288e+06 13 inti6000   1.845e-01 1.181e+01  2.978e+06
4.629706e+01   4.008e+06 2 inti6000   4.018e+06 13 inti6000   2.255e-01 1.444e+01  2.967e+06
4.645505e+01   3.295e+06 2 inti6000   3.302e+06 13 inti6000   1.853e-01 1.186e+01  2.967e+06
4.661305e+01   3.296e+06 2 inti6000   3.303e+06 13 inti6000   1.854e-01 1.187e+01  2.991e+06
4.677105e+01   3.306e+06 2 inti6000   3.313e+06 13 inti6000   1.860e-01 1.190e+01  3.000e+06
4.692904e+01   4.029e+06 2 inti6000   4.035e+06 13 inti6000   2.265e-01 1.450e+01  3.006e+06
4.708704e+01   3.318e+06 2 inti6000   3.325e+06 13 inti6000   1.866e-01 1.194e+01  3.014e+06
4.724504e+01   3.322e+06 2 inti6000   3.329e+06 13 inti6000   1.868e-01 1.196e+01  2.994e+06
4.740304e+01   3.330e+06 2 inti6000   3.338e+06 13 inti6000   1.873e-01 1.199e+01  3.002e+06
4.756103e+01   4.045e+06 2 inti6000   4.051e+06 13 inti6000   2.274e-01 1.455e+01  3.024e+06
4.771903e+01   3.342e+06 2 inti6000   3.347e+06 13 inti6000   1.879e-01 1.202e+01  3.032e+06
4.787703e+01   3.343e+06 2 inti6000   3.351e+06 13 inti6000   1.881e-01 1.204e+01  3.042e+06
4.803502e+01   3.349e+06 2 inti6000   3.357e+06 10 inti6000   1.884e-01 1.206e+01  3.047e+06
4.819302e+01   4.069e+06 2 inti6000   4.075e+06 13 inti6000   2.287e-01 1.464e+01  3.024e+06
4.835102e+01   3.361e+06 2 inti6000   3.367e+06 13 inti6000   1.890e-01 1.210e+01  3.032e+06
4.850901e+01   3.361e+06 2 inti6000   3.367e+06 13 inti6000   1.890e-01 1.210e+01  3.054e+06
4.866701e+01   3.372e+06 2 inti6000   3.378e+06 13 inti6000   1.896e-01 1.214e+01  3.065e+06
4.882501e+01   4.084e+06 0 inti6000   4.094e+06 13 inti6000   2.298e-01 1.471e+01  3.073e+06
4.898300e+01   3.387e+06 2 inti6000   3.394e+06 13 inti6000   1.905e-01 1.219e+01  3.083e+06
4.914100e+01   3.386e+06 2 inti6000   3.393e+06 13 inti6000   1.905e-01 1.219e+01  3.058e+06
4.929900e+01   3.390e+06 2 inti6000   3.396e+06 13 inti6000   1.906e-01 1.220e+01  3.060e+06
4.945699e+01   4.118e+06 2 inti6000   4.124e+06 13 inti6000   2.315e-01 1.482e+01  3.092e+06
4.961499e+01   3.399e+06 2 inti6000   3.406e+06 13 inti6000   1.912e-01 1.224e+01  3.091e+06
4.977299e+01   3.407e+06 2 inti6000   3.413e+06 13 inti6000   1.916e-01 1.226e+01  3.104e+06
4.993098e+01   3.410e+06 2 inti6000   3.417e+06 13 inti6000   1.918e-01 1.227e+01  3.109e+06
5.008898e+01   4.128e+06 2 inti6000   4.135e+06 13 inti6000   2.321e-01 1.485e+01  3.085e+06
5.024698e+01   3.421e+06 2 inti6000   3.427e+06 13 inti6000   1.923e-01 1.231e+01  3.092e+06
5.040497e+01   3.436e+06 2 inti6000   3.443e+06 13 inti6000   1.933e-01 1.237e+01  3.125e+06
5.056297e+01   3.426e+06 2 inti6000   3.432e+06 13 inti6000   1.926e-01 1.233e+01  3.119e+06
5.072097e+01   4.168e+06 2 inti6000   4.176e+06 13 inti6000   2.344e-01 1.500e+01  3.132e+06
5.087896e+01   3.438e+06 2 inti6000   3.446e+06 13 inti6000   1.934e-01 1.238e+01  3.137e+06
5.103696e+01   3.445e+06 2 inti6000   3.453e+06 13 inti6000   1.938e-01 1.240e+01  3.118e+06
5.119496e+01   3.449e+06 2 inti6000   3.456e+06 13 inti6000   1.940e-01 1.241e+01  3.121e+06
5.135295e+01   4.178e+06 2 inti6000   4.182e+06 13 inti6000   2.348e-01 1.502e+01  3.149e+06
5.151095e+01   3.457e+06 2 inti6000   3.464e+06 13 inti6000   1.945e-01 1.244e+01  3.151e+06
5.166895e+01   3.463e+06 2 inti6000   3.470e+06 13 inti6000   1.948e-01 1.246e+01  3.161e+06
5.182695e+01   3.466e+06 2 inti6000   3.473e+06 13 inti6000   1.949e-01 1.248e+01  3.163e+06
5.198494e+01   4.190e+06 2 inti6000   4.195e+06 13 inti6000   2.355e-01 1.507e+01  3.143e+06
5.214294e+01   3.479e+06 2 inti6000   3.485e+06 13 inti6000   1.956e-01 1.252e+01  3.151e+06
5.230094e+01   3.482e+06 2 inti6000   3.488e+06 13 inti6000   1.958e-01 1.253e+01  3.174e+06
5.245894e+01   3.486e+06 2 inti6000   3.493e+06 13 inti6000   1.960e-01 1.255e+01  3.179e+06
5.261693e+01   4.211e+06 2 inti6000   4.216e+06 13 inti6000   2.366e-01 1.514e+01  3.192e+06
5.277493e+01   3.493e+06 2 inti6000   3.501e+06 13 inti6000   1.965e-01 1.258e+01  3.192e+06
5.293293e+01   3.501e+06 2 inti6000   3.508e+06 13 inti6000   1.969e-01 1.260e+01  3.173e+06
5.309092e+01   3.504e+06 2 inti6000   3.510e+06 13 inti6000   1.970e-01 1.261e+01  3.175e+06
5.324892e+01   4.219e+06 2 inti6000   4.227e+06 13 inti6000   2.372e-01 1.518e+01  3.202e+06
5.340692e+01   3.511e+06 2 inti6000   3.518e+06 13 inti6000   1.975e-01 1.264e+01  3.204e+06
5.356492e+01   3.509e+06 2 inti6000   3.516e+06 13 inti6000   1.974e-01 1.263e+01  3.208e+06
5.372291e+01   3.515e+06 2 inti6000   3.522e+06 13 inti6000   1.977e-01 1.265e+01  3.214e+06
5.388091e+01   4.242e+06 2 inti6000   4.248e+06 13 inti6000   2.384e-01 1.526e+01  3.195e+06
5.403891e+01   3.524e+06 2 inti6000   3.532e+06 13 inti6000   1.982e-01 1.269e+01  3.197e+06
5.419691e+01   3.528e+06 2 inti6000   3.535e+06 13 inti6000   1.984e-01 1.270e+01  3.221e+06
5.435491e+01   3.530e+06 2 inti6000   3.537e+06 13 inti6000   1.985e-01 1.271e+01  3.224e+06
5.451291e+01   4.256e+06 2 inti6000   4.262e+06 13 inti6000   2.392e-01 1.531e+01  3.241e+06
5.467090e+01   3.546e+06 2 inti6000   3.553e+06 13 inti6000   1.994e-01 1.276e+01  3.244e+06
5.482890e+01   3.541e+06 2 inti6000   3.549e+06 13 inti6000   1.992e-01 1.275e+01  3.215e+06
5.498690e+01   3.554e+06 2 inti6000   3.561e+06 13 inti6000   1.999e-01 1.279e+01  3.226e+06
5.514490e+01   4.274e+06 2 inti6000   4.280e+06 13 inti6000   2.403e-01 1.538e+01  3.246e+06
5.530290e+01   3.550e+06 2 inti6000   3.556e+06 13 inti6000   1.996e-01 1.277e+01  3.243e+06
5.546089e+01   3.556e+06 2 inti6000   3.563e+06 13 inti6000   2.000e-01 1.280e+01  3.254e+06
5.561889e+01   3.560e+06 2 inti6000   3.566e+06 13 inti6000   2.001e-01 1.281e+01  3.257e+06
5.577689e+01   4.295e+06 2 inti6000   4.302e+06 13 inti6000   2.415e-01 1.545e+01  3.239e+06
5.593489e+01   3.568e+06 2 inti6000   3.575e+06 13 inti6000   2.007e-01 1.284e+01  3.240e+06
5.609289e+01   3.575e+06 2 inti6000   3.581e+06 13 inti6000   2.010e-01 1.287e+01  3.269e+06
5.625089e+01   3.574e+06 2 inti6000   3.580e+06 13 inti6000   2.010e-01 1.286e+01  3.267e+06
5.640889e+01   4.300e+06 2 inti6000   4.307e+06 13 inti6000   2.417e-01 1.547e+01  3.280e+06
5.656689e+01   3.584e+06 2 inti6000   3.590e+06 13 inti6000   2.015e-01 1.290e+01  3.281e+06
5.672489e+01   3.583e+06 2 inti6000   3.591e+06 13 inti6000   2.016e-01 1.290e+01  3.256e+06
5.688289e+01   3.587e+06 2 inti6000   3.593e+06 13 inti6000   2.017e-01 1.291e+01  3.259e+06
5.704089e+01   4.307e+06 2 inti6000   4.313e+06 13 inti6000   2.421e-01 1.549e+01  3.284e+06
5.719889e+01   3.588e+06 2 inti6000   3.598e+06 13 inti6000   2.020e-01 1.293e+01  3.285e+06
5.735689e+01   3.592e+06 2 inti6000   3.599e+06 13 inti6000   2.020e-01 1.293e+01  3.290e+06
5.751489e+01   3.595e+06 2 inti6000   3.601e+06 13 inti6000   2.021e-01 1.294e+01  3.293e+06
5.767289e+01   4.339e+06 2 inti6000   4.345e+06 13 inti6000   2.439e-01 1.561e+01  3.279e+06
5.783088e+01   3.604e+06 2 inti6000   3.610e+06 13 inti6000   2.027e-01 1.297e+01  3.276e+06
5.798888e+01   3.607e+06 2 inti6000   3.613e+06 13 inti6000   2.028e-01 1.298e+01  3.300e+06
5.814688e+01   3.611e+06 2 inti6000   3.618e+06 13 inti6000   2.031e-01 1.300e+01  3.305e+06
5.830488e+01   4.326e+06 2 inti6000   4.333e+06 13 inti6000   2.432e-01 1.557e+01  3.313e+06
5.846289e+01   3.622e+06 2 inti6000   3.628e+06 13 inti6000   2.036e-01 1.303e+01  3.317e+06
5.862089e+01   3.624e+06 2 inti6000   3.631e+06 13 inti6000   2.038e-01 1.304e+01  3.296e+06
5.877889e+01   3.622e+06 2 inti6000   3.629e+06 13 inti6000   2.037e-01 1.304e+01  3.294e+06
5.893689e+01   4.344e+06 2 inti6000   4.350e+06 13 inti6000   2.442e-01 1.563e+01  3.318e+06
5.909489e+01   3.623e+06 2 inti6000   3.631e+06 13 inti6000   2.038e-01 1.304e+01  3.318e+06
5.925289e+01   3.626e+06 2 inti6000   3.632e+06 13 inti6000   2.039e-01 1.305e+01  3.323e+06
5.941089e+01   3.627e+06 2 inti6000   3.634e+06 13 inti6000   2.040e-01 1.306e+01  3.326e+06
5.956889e+01   4.354e+06 2 inti6000   4.360e+06 13 inti6000   2.448e-01 1.566e+01  3.307e+06
5.972689e+01   3.638e+06 2 inti6000   3.644e+06 13 inti6000   2.046e-01 1.309e+01  3.310e+06
5.988489e+01   3.639e+06 2 inti6000   3.645e+06 13 inti6000   2.046e-01 1.309e+01  3.332e+06
6.004289e+01   7.202e+06 7 inti6000   7.203e+06 13 inti6000   4.043e-01 2.587e+01  3.334e+06
6.020089e+01   5.906e+06 2 inti6000   5.911e+06 13 inti6000   3.318e-01 2.124e+01  3.351e+06
6.035890e+01   3.649e+06 2 inti6000   3.654e+06 13 inti6000   2.051e-01 1.313e+01  3.343e+06
6.051690e+01   3.647e+06 2 inti6000   3.654e+06 13 inti6000   2.051e-01 1.312e+01  3.319e+06
6.067490e+01   3.644e+06 2 inti6000   3.651e+06 13 inti6000   2.049e-01 1.311e+01  3.316e+06
6.083290e+01   4.381e+06 6 inti6000   4.385e+06 13 inti6000   2.461e-01 1.575e+01  3.343e+06
6.099090e+01   3.652e+06 2 inti6000   3.659e+06 13 inti6000   2.054e-01 1.314e+01  3.343e+06
6.114890e+01   3.653e+06 2 inti6000   3.662e+06 13 inti6000   2.056e-01 1.316e+01  3.354e+06
6.130691e+01   3.657e+06 2 inti6000   3.663e+06 13 inti6000   2.056e-01 1.316e+01  3.354e+06
6.146491e+01   4.375e+06 2 inti6000   4.381e+06 13 inti6000   2.459e-01 1.574e+01  3.331e+06
6.162291e+01   3.655e+06 2 inti6000   3.661e+06 13 inti6000   2.055e-01 1.315e+01  3.326e+06
6.178091e+01   3.659e+06 2 inti6000   3.666e+06 13 inti6000   2.058e-01 1.317e+01  3.354e+06
6.193891e+01   3.664e+06 2 inti6000   3.671e+06 13 inti6000   2.060e-01 1.319e+01  3.358e+06
6.209691e+01   4.383e+06 2 inti6000   4.390e+06 13 inti6000   2.464e-01 1.577e+01  3.359e+06
6.225491e+01   3.662e+06 2 inti6000   3.669e+06 13 inti6000   2.059e-01 1.318e+01  3.360e+06
6.241291e+01   3.669e+06 6 inti6000   3.673e+06 13 inti6000   2.062e-01 1.320e+01  3.339e+06
6.257091e+01   3.667e+06 2 inti6000   3.673e+06 13 inti6000   2.062e-01 1.320e+01  3.339e+06
6.272892e+01   4.383e+06 2 inti6000   4.392e+06 13 inti6000   2.465e-01 1.578e+01  3.363e+06
6.288692e+01   3.667e+06 2 inti6000   3.674e+06 13 inti6000   2.062e-01 1.320e+01  3.359e+06
6.304492e+01   3.671e+06 2 inti6000   3.676e+06 13 inti6000   2.063e-01 1.320e+01  3.367e+06
6.320292e+01   3.670e+06 2 inti6000   3.677e+06 13 inti6000   2.064e-01 1.321e+01  3.368e+06
6.336092e+01   4.388e+06 2 inti6000   4.395e+06 13 inti6000   2.467e-01 1.579e+01  3.341e+06
6.351892e+01   3.672e+06 2 inti6000   3.679e+06 13 inti6000   2.065e-01 1.322e+01  3.344e+06
6.367693e+01   3.680e+06 2 inti6000   3.687e+06 13 inti6000   2.069e-01 1.324e+01  3.370e+06
6.383493e+01   3.673e+06 2 inti6000   3.680e+06 13 inti6000   2.066e-01 1.322e+01  3.368e+06
6.399293e+01   4.397e+06 2 inti6000   4.404e+06 13 inti6000   2.472e-01 1.582e+01  3.373e+06
6.415093e+01   3.671e+06 2 inti6000   3.677e+06 13 inti6000   2.064e-01 1.321e+01  3.368e+06
6.430893e+01   3.673e+06 2 inti6000   3.680e+06 13 inti6000   2.066e-01 1.322e+01  3.346e+06
6.446694e+01   3.674e+06 2 inti6000   3.681e+06 13 inti6000   2.066e-01 1.322e+01  3.346e+06
6.462494e+01   4.398e+06 2 inti6000   4.405e+06 13 inti6000   2.473e-01 1.583e+01  3.372e+06
6.478294e+01   3.675e+06 2 inti6000   3.682e+06 13 inti6000   2.067e-01 1.323e+01  3.368e+06
6.494094e+01   3.672e+06 2 inti6000   3.679e+06 13 inti6000   2.065e-01 1.321e+01  3.370e+06
6.509894e+01   3.676e+06 2 inti6000   3.683e+06 13 inti6000   2.067e-01 1.323e+01  3.374e+06
6.525694e+01   4.396e+06 2 inti6000   4.403e+06 13 inti6000   2.471e-01 1.582e+01  3.352e+06
6.541494e+01   3.685e+06 2 inti6000   3.691e+06 13 inti6000   2.072e-01 1.326e+01  3.357e+06
6.557294e+01   3.681e+06 2 inti6000   3.688e+06 13 inti6000   2.070e-01 1.325e+01  3.375e+06
6.573094e+01   3.684e+06 2 inti6000   3.689e+06 13 inti6000   2.071e-01 1.325e+01  3.377e+06
6.588894e+01   4.406e+06 2 inti6000   4.413e+06 13 inti6000   2.477e-01 1.585e+01  3.382e+06
6.604695e+01   3.689e+06 2 inti6000   3.696e+06 13 inti6000   2.074e-01 1.328e+01  3.387e+06
6.620495e+01   3.683e+06 2 inti6000   3.691e+06 13 inti6000   2.072e-01 1.326e+01  3.356e+06
6.636295e+01   3.686e+06 2 inti6000   3.693e+06 13 inti6000   2.073e-01 1.327e+01  3.358e+06
6.652095e+01   4.402e+06 2 inti6000   4.409e+06 13 inti6000   2.475e-01 1.584e+01  3.381e+06
6.667895e+01   3.691e+06 2 inti6000   3.698e+06 13 inti6000   2.075e-01 1.328e+01  3.384e+06
6.683695e+01   3.689e+06 2 inti6000   3.696e+06 13 inti6000   2.074e-01 1.328e+01  3.387e+06
6.699494e+01   3.690e+06 2 inti6000   3.695e+06 13 inti6000   2.074e-01 1.327e+01  3.386e+06
6.715294e+01   4.409e+06 2 inti6000   4.415e+06 13 inti6000   2.478e-01 1.586e+01  3.362e+06
6.731094e+01   3.688e+06 2 inti6000   3.695e+06 13 inti6000   2.074e-01 1.327e+01  3.360e+06
6.746894e+01   3.691e+06 2 inti6000   3.699e+06 13 inti6000   2.076e-01 1.329e+01  3.385e+06
6.762694e+01   3.689e+06 2 inti6000   3.695e+06 13 inti6000   2.074e-01 1.328e+01  3.383e+06
6.778494e+01   4.409e+06 2 inti6000   4.416e+06 13 inti6000   2.479e-01 1.586e+01  3.390e+06
6.794294e+01   3.691e+06 2 inti6000   3.697e+06 13 inti6000   2.075e-01 1.328e+01  3.389e+06
6.810094e+01   3.691e+06 2 inti6000   3.697e+06 13 inti6000   2.075e-01 1.328e+01  3.363e+06
6.825894e+01   3.696e+06 2 inti6000   3.703e+06 13 inti6000   2.078e-01 1.330e+01  3.366e+06
6.841694e+01   4.411e+06 2 inti6000   4.417e+06 13 inti6000   2.479e-01 1.587e+01  3.388e+06
6.857494e+01   3.695e+06 2 inti6000   3.701e+06 13 inti6000   2.077e-01 1.330e+01  3.388e+06
6.873294e+01   3.695e+06 2 inti6000   3.701e+06 13 inti6000   2.077e-01 1.329e+01  3.392e+06
6.889094e+01   3.692e+06 2 inti6000   3.699e+06 13 inti6000   2.076e-01 1.329e+01  3.390e+06
6.904894e+01   4.423e+06 2 inti6000   4.429e+06 13 inti6000   2.486e-01 1.591e+01  3.374e+06
6.920694e+01   3.697e+06 2 inti6000   3.703e+06 13 inti6000   2.078e-01 1.330e+01  3.367e+06
6.936494e+01   3.695e+06 2 inti6000   3.701e+06 13 inti6000   2.077e-01 1.330e+01  3.388e+06
6.952294e+01   3.699e+06 2 inti6000   3.706e+06 13 inti6000   2.080e-01 1.331e+01  3.393e+06
6.968093e+01   4.419e+06 2 inti6000   4.429e+06 13 inti6000   2.486e-01 1.591e+01  3.393e+06
6.983893e+01   3.698e+06 0 inti6000   3.713e+06 13 inti6000   2.084e-01 1.334e+01  3.404e+06
6.999693e+01   3.696e+06 2 inti6000   3.703e+06 13 inti6000   2.078e-01 1.330e+01  3.368e+06
7.015493e+01   3.700e+06 2 inti6000   3.707e+06 13 inti6000   2.081e-01 1.332e+01  3.372e+06
7.031293e+01   4.443e+06 2 inti6000   4.450e+06 13 inti6000   2.498e-01 1.599e+01  3.401e+06
7.047093e+01   3.708e+06 2 inti6000   3.714e+06 13 inti6000   2.085e-01 1.334e+01  3.398e+06
7.062893e+01   3.697e+06 2 inti6000   3.704e+06 13 inti6000   2.079e-01 1.331e+01  3.395e+06
7.078693e+01   3.705e+06 2 inti6000   3.712e+06 13 inti6000   2.083e-01 1.333e+01  3.401e+06
7.094493e+01   4.419e+06 2 inti6000   4.426e+06 13 inti6000   2.484e-01 1.590e+01  3.372e+06
7.110293e+01   3.702e+06 2 inti6000   3.709e+06 13 inti6000   2.082e-01 1.332e+01  3.374e+06
7.126094e+01   3.702e+06 2 inti6000   3.707e+06 13 inti6000   2.081e-01 1.332e+01  3.394e+06
7.141893e+01   3.705e+06 2 inti6000   3.711e+06 13 inti6000   2.083e-01 1.333e+01  3.398e+06
7.157693e+01   4.425e+06 2 inti6000   4.430e+06 13 inti6000   2.486e-01 1.591e+01  3.401e+06
7.173493e+01   3.705e+06 2 inti6000   3.712e+06 13 inti6000   2.083e-01 1.333e+01  3.403e+06
7.189293e+01   3.699e+06 2 inti6000   3.706e+06 13 inti6000   2.080e-01 1.331e+01  3.371e+06
7.205093e+01   3.707e+06 2 inti6000   3.714e+06 13 inti6000   2.085e-01 1.334e+01  3.380e+06
7.220893e+01   4.422e+06 2 inti6000   4.429e+06 13 inti6000   2.486e-01 1.591e+01  3.397e+06
7.236693e+01   3.703e+06 2 inti6000   3.710e+06 13 inti6000   2.082e-01 1.333e+01  3.396e+06
7.252492e+01   3.704e+06 2 inti6000   3.711e+06 13 inti6000   2.083e-01 1.333e+01  3.402e+06
7.268292e+01   3.700e+06 2 inti6000   3.706e+06 13 inti6000   2.080e-01 1.331e+01  3.398e+06
7.284092e+01   4.417e+06 2 inti6000   4.425e+06 13 inti6000   2.483e-01 1.589e+01  3.372e+06
7.299892e+01   3.708e+06 2 inti6000   3.712e+06 13 inti6000   2.084e-01 1.334e+01  3.378e+06
7.315692e+01   3.705e+06 2 inti6000   3.711e+06 13 inti6000   2.083e-01 1.333e+01  3.397e+06
7.331492e+01   3.708e+06 2 inti6000   3.712e+06 13 inti6000   2.083e-01 1.333e+01  3.398e+06
7.347291e+01   4.432e+06 2 inti6000   4.438e+06 13 inti6000   2.491e-01 1.594e+01  3.404e+06
7.363091e+01   3.702e+06 6 inti6000   3.705e+06 13 inti6000   2.079e-01 1.331e+01  3.397e+06
7.378891e+01   3.703e+06 2 inti6000   3.709e+06 13 inti6000   2.082e-01 1.332e+01  3.374e+06
7.394691e+01   3.706e+06 2 inti6000   3.712e+06 13 inti6000   2.083e-01 1.333e+01  3.375e+06
7.410491e+01   4.425e+06 2 inti6000   4.431e+06 13 inti6000   2.487e-01 1.592e+01  3.397e+06
7.426291e+01   3.705e+06 2 inti6000   3.712e+06 13 inti6000   2.083e-01 1.333e+01  3.398e+06
7.442091e+01   3.704e+06 2 inti6000   3.710e+06 13 inti6000   2.083e-01 1.333e+01  3.401e+06
7.457891e+01   3.702e+06 2 inti6000   3.709e+06 13 inti6000   2.082e-01 1.332e+01  3.399e+06
7.473690e+01   4.432e+06 2 inti6000   4.438e+06 13 inti6000   2.491e-01 1.594e+01  3.384e+06
7.489490e+01   3.702e+06 2 inti6000   3.709e+06 13 inti6000   2.082e-01 1.332e+01  3.374e+06
7.505290e+01   3.700e+06 2 inti6000   3.707e+06 13 inti6000   2.081e-01 1.332e+01  3.394e+06
7.521090e+01   3.710e+06 2 inti6000   3.717e+06 13 inti6000   2.086e-01 1.335e+01  3.402e+06
7.536890e+01   4.421e+06 2 inti6000   4.428e+06 13 inti6000   2.485e-01 1.591e+01  3.405e+06
7.552690e+01   3.705e+06 2 inti6000   3.713e+06 13 inti6000   2.084e-01 1.334e+01  3.403e+06
7.568490e+01   3.702e+06 2 inti6000   3.709e+06 13 inti6000   2.082e-01 1.332e+01  3.372e+06
7.584289e+01   3.704e+06 2 inti6000   3.711e+06 13 inti6000   2.083e-01 1.333e+01  3.377e+06
7.600089e+01   4.429e+06 2 inti6000   4.435e+06 13 inti6000   2.489e-01 1.593e+01  3.405e+06
7.615889e+01   3.711e+06 2 inti6000   3.718e+06 13 inti6000   2.087e-01 1.336e+01  3.405e+06
7.631689e+01   3.713e+06 2 inti6000   3.719e+06 13 inti6000   2.087e-01 1.336e+01  3.410e+06
7.647489e+01   3.711e+06 2 inti6000   3.717e+06 13 inti6000   2.087e-01 1.335e+01  3.409e+06
7.663289e+01   4.440e+06 2 inti6000   4.447e+06 13 inti6000   2.496e-01 1.597e+01  3.385e+06
7.679089e+01   3.710e+06 2 inti6000   3.717e+06 13 inti6000   2.086e-01 1.335e+01  3.381e+06
7.694889e+01   3.709e+06 2 inti6000   3.716e+06 13 inti6000   2.086e-01 1.335e+01  3.402e+06
7.710689e+01   3.708e+06 2 inti6000   3.715e+06 13 inti6000   2.085e-01 1.335e+01  3.402e+06
7.726488e+01   4.437e+06 2 inti6000   4.444e+06 13 inti6000   2.494e-01 1.596e+01  3.412e+06
7.742288e+01   3.710e+06 2 inti6000   3.718e+06 13 inti6000   2.087e-01 1.336e+01  3.408e+06
7.758088e+01   3.707e+06 2 inti6000   3.713e+06 13 inti6000   2.084e-01 1.334e+01  3.378e+06
7.773888e+01   3.707e+06 2 inti6000   3.714e+06 13 inti6000   2.085e-01 1.334e+01  3.379e+06
7.789688e+01   4.432e+06 2 inti6000   4.437e+06 13 inti6000   2.491e-01 1.594e+01  3.403e+06
7.805488e+01   3.711e+06 2 inti6000   3.718e+06 13 inti6000   2.087e-01 1.336e+01  3.405e+06
7.821288e+01   3.715e+06 2 inti6000   3.721e+06 13 inti6000   2.089e-01 1.337e+01  3.410e+06
7.837088e+01   3.713e+06 2 inti6000   3.719e+06 13 inti6000   2.088e-01 1.336e+01  3.410e+06
7.852888e+01   4.442e+06 6 inti6000   4.447e+06 13 inti6000   2.496e-01 1.598e+01  3.389e+06
7.868688e+01   3.715e+06 2 inti6000   3.722e+06 13 inti6000   2.089e-01 1.337e+01  3.387e+06
7.884488e+01   3.716e+06 2 inti6000   3.723e+06 13 inti6000   2.090e-01 1.337e+01  3.409e+06
7.900288e+01   3.717e+06 2 inti6000   3.724e+06 13 inti6000   2.090e-01 1.338e+01  3.410e+06
7.916087e+01   4.438e+06 2 inti6000   4.446e+06 13 inti6000   2.496e-01 1.597e+01  3.420e+06
7.931887e+01   3.713e+06 2 inti6000   3.720e+06 13 inti6000   2.088e-01 1.336e+01  3.411e+06
7.947687e+01   3.715e+06 2 inti6000   3.722e+06 13 inti6000   2.089e-01 1.337e+01  3.387e+06
7.963487e+01   3.720e+06 2 inti6000   3.727e+06 13 inti6000   2.092e-01 1.339e+01  3.392e+06
7.979287e+01   4.448e+06 2 inti6000   4.455e+06 13 inti6000   2.501e-01 1.600e+01  3.413e+06
7.995087e+01   3.721e+06 2 inti6000   3.728e+06 13 inti6000   2.092e-01 1.339e+01  3.413e+06
8.010887e+01   8.425e+06 2 inti6000   8.426e+06 13 inti6000   4.729e-01 3.027e+01  3.410e+06
8.026687e+01   5.702e+06 0 inti6000   5.713e+06 13 inti6000   3.206e-01 2.052e+01  3.420e+06
8.042487e+01   4.424e+06 2 inti6000   4.428e+06 13 inti6000   2.485e-01 1.591e+01  3.387e+06
8.058287e+01   3.717e+06 2 inti6000   3.725e+06 13 inti6000   2.091e-01 1.338e+01  3.388e+06
8.074087e+01   3.712e+06 2 inti6000   3.719e+06 13 inti6000   2.087e-01 1.336e+01  3.406e+06
8.089887e+01   3.714e+06 2 inti6000   3.721e+06 13 inti6000   2.088e-01 1.337e+01  3.406e+06
8.105687e+01   4.472e+06 2 inti6000   4.479e+06 13 inti6000   2.514e-01 1.609e+01  3.417e+06
8.121487e+01   3.721e+06 2 inti6000   3.728e+06 13 inti6000   2.093e-01 1.339e+01  3.419e+06
8.137287e+01   3.717e+06 2 inti6000   3.724e+06 13 inti6000   2.090e-01 1.338e+01  3.389e+06
8.153086e+01   3.717e+06 2 inti6000   3.724e+06 13 inti6000   2.090e-01 1.338e+01  3.386e+06
8.168886e+01   4.434e+06 2 inti6000   4.441e+06 13 inti6000   2.493e-01 1.595e+01  3.410e+06
8.184686e+01   3.719e+06 2 inti6000   3.725e+06 13 inti6000   2.091e-01 1.338e+01  3.411e+06
8.200486e+01   3.714e+06 2 inti6000   3.721e+06 13 inti6000   2.088e-01 1.337e+01  3.412e+06
8.216286e+01   3.721e+06 2 inti6000   3.727e+06 13 inti6000   2.092e-01 1.339e+01  3.418e+06
8.232086e+01   4.431e+06 2 inti6000   4.437e+06 13 inti6000   2.491e-01 1.594e+01  3.386e+06
8.247886e+01   3.712e+06 2 inti6000   3.718e+06 13 inti6000   2.087e-01 1.336e+01  3.384e+06
8.263686e+01   3.714e+06 2 inti6000   3.720e+06 13 inti6000   2.088e-01 1.336e+01  3.406e+06
8.279486e+01   3.708e+06 2 inti6000   3.714e+06 13 inti6000   2.085e-01 1.334e+01  3.401e+06
8.295286e+01   4.437e+06 2 inti6000   4.444e+06 13 inti6000   2.495e-01 1.597e+01  3.413e+06
8.311086e+01   3.711e+06 2 inti6000   3.718e+06 13 inti6000   2.087e-01 1.336e+01  3.408e+06
8.326886e+01   3.712e+06 6 inti6000   3.719e+06 13 inti6000   2.088e-01 1.336e+01  3.384e+06
8.342686e+01   3.710e+06 2 inti6000   3.717e+06 13 inti6000   2.086e-01 1.335e+01  3.382e+06
8.358486e+01   4.424e+06 2 inti6000   4.430e+06 13 inti6000   2.487e-01 1.592e+01  3.403e+06
8.374287e+01   3.714e+06 2 inti6000   3.721e+06 13 inti6000   2.088e-01 1.337e+01  3.407e+06
8.390087e+01   3.709e+06 2 inti6000   3.716e+06 13 inti6000   2.086e-01 1.335e+01  3.407e+06
8.405887e+01   3.709e+06 2 inti6000   3.716e+06 13 inti6000   2.086e-01 1.335e+01  3.407e+06
8.421687e+01   4.437e+06 2 inti6000   4.444e+06 13 inti6000   2.494e-01 1.596e+01  3.383e+06
8.437487e+01   3.711e+06 2 inti6000   3.718e+06 13 inti6000   2.087e-01 1.335e+01  3.381e+06
8.453287e+01   3.712e+06 2 inti6000   3.718e+06 13 inti6000   2.087e-01 1.336e+01  3.405e+06
8.469087e+01   3.709e+06 2 inti6000   3.716e+06 13 inti6000   2.086e-01 1.335e+01  3.403e+06
8.484887e+01   4.437e+06 2 inti6000   4.445e+06 13 inti6000   2.495e-01 1.597e+01  3.419e+06
8.500687e+01   3.713e+06 2 inti6000   3.720e+06 13 inti6000   2.088e-01 1.336e+01  3.410e+06
8.516487e+01   3.712e+06 2 inti6000   3.717e+06 13 inti6000   2.086e-01 1.335e+01  3.382e+06
8.532287e+01   3.711e+06 2 inti6000   3.718e+06 13 inti6000   2.087e-01 1.336e+01  3.383e+06
8.548087e+01   4.435e+06 2 inti6000   4.443e+06 13 inti6000   2.494e-01 1.596e+01  3.407e+06
8.563887e+01   3.716e+06 2 inti6000   3.723e+06 13 inti6000   2.089e-01 1.337e+01  3.409e+06
8.579687e+01   3.712e+06 2 inti6000   3.719e+06 13 inti6000   2.088e-01 1.336e+01  3.411e+06
8.595487e+01   3.717e+06 2 inti6000   3.724e+06 13 inti6000   2.090e-01 1.338e+01  3.416e+06
8.611287e+01   4.439e+06 2 inti6000   4.446e+06 13 inti6000   2.495e-01 1.597e+01  3.386e+06
8.627087e+01   3.717e+06 2 inti6000   3.724e+06 13 inti6000   2.090e-01 1.338e+01  3.389e+06
8.642887e+01   3.714e+06 2 inti6000   3.721e+06 13 inti6000   2.089e-01 1.337e+01  3.408e+06
8.658687e+01   3.712e+06 2 inti6000   3.718e+06 13 inti6000   2.087e-01 1.336e+01  3.406e+06
8.674487e+01   4.431e+06 2 inti6000   4.438e+06 13 inti6000   2.491e-01 1.594e+01  3.412e+06
8.690288e+01   3.716e+06 2 inti6000   3.722e+06 9 inti6000   2.089e-01 1.337e+01  3.413e+06
8.706088e+01   3.714e+06 2 inti6000   3.720e+06 13 inti6000   2.088e-01 1.336e+01  3.385e+06
8.721888e+01   3.715e+06 2 inti6000   3.723e+06 13 inti6000   2.090e-01 1.337e+01  3.387e+06
8.737688e+01   4.429e+06 2 inti6000   4.436e+06 13 inti6000   2.490e-01 1.593e+01  3.406e+06
8.753488e+01   3.714e+06 2 inti6000   3.722e+06 13 inti6000   2.089e-01 1.337e+01  3.408e+06
8.769288e+01   3.711e+06 2 inti6000   3.718e+06 13 inti6000   2.087e-01 1.335e+01  3.409e+06
8.785088e+01   3.716e+06 2 inti6000   3.723e+06 13 inti6000   2.089e-01 1.337e+01  3.414e+06
8.800888e+01   4.431e+06 2 inti6000   4.437e+06 13 inti6000   2.491e-01 1.594e+01  3.384e+06
8.816688e+01   3.711e+06 2 inti6000   3.718e+06 13 inti6000   2.087e-01 1.336e+01  3.383e+06
8.832488e+01   3.709e+06 2 inti6000   3.716e+06 13 inti6000   2.086e-01 1.335e+01  3.403e+06
8.848288e+01   3.714e+06 2 inti6000   3.721e+06 13 inti6000   2.088e-01 1.337e+01  3.407e+06
8.864088e+01   4.440e+06 0 inti6000   4.453e+06 13 inti6000   2.500e-01 1.600e+01  3.420e+06
8.879888e+01   3.715e+06 2 inti6000   3.721e+06 13 inti6000   2.089e-01 1.337e+01  3.413e+06
8.895688e+01   3.711e+06 2 inti6000   3.718e+06 13 inti6000   2.087e-01 1.336e+01  3.383e+06
8.911488e+01   3.718e+06 2 inti6000   3.724e+06 13 inti6000   2.090e-01 1.338e+01  3.389e+06
8.927289e+01   4.437e+06 2 inti6000   4.445e+06 13 inti6000   2.495e-01 1.597e+01  3.409e+06
8.943089e+01   3.715e+06 2 inti6000   3.722e+06 13 inti6000   2.089e-01 1.337e+01  3.408e+06
8.958889e+01   3.718e+06 2 inti6000   3.725e+06 13 inti6000   2.091e-01 1.338e+01  3.416e+06
8.974689e+01   3.716e+06 2 inti6000   3.723e+06 13 inti6000   2.089e-01 1.337e+01  3.414e+06
8.990489e+01   4.446e+06 2 inti6000   4.453e+06 13 inti6000   2.499e-01 1.599e+01  3.391e+06
9.006289e+01   3.724e+06 2 inti6000   3.732e+06 13 inti6000   2.095e-01 1.341e+01  3.396e+06
9.022089e+01   3.718e+06 2 inti6000   3.726e+06 13 inti6000   2.091e-01 1.338e+01  3.412e+06
9.037889e+01   3.726e+06 2 inti6000   3.733e+06 13 inti6000   2.095e-01 1.341e+01  3.417e+06
9.053689e+01   4.443e+06 2 inti6000   4.448e+06 13 inti6000   2.497e-01 1.598e+01  3.422e+06
9.069489e+01   3.722e+06 6 inti6000   3.728e+06 13 inti6000   2.093e-01 1.339e+01  3.420e+06
9.085289e+01   3.722e+06 2 inti6000   3.729e+06 13 inti6000   2.093e-01 1.339e+01  3.393e+06
9.101089e+01   3.720e+06 2 inti6000   3.726e+06 13 inti6000   2.092e-01 1.339e+01  3.390e+06
9.116889e+01   4.441e+06 2 inti6000   4.447e+06 13 inti6000   2.496e-01 1.597e+01  3.408e+06
9.132689e+01   3.719e+06 2 inti6000   3.725e+06 13 inti6000   2.091e-01 1.338e+01  3.411e+06
9.148489e+01   3.715e+06 2 inti6000   3.722e+06 13 inti6000   2.089e-01 1.337e+01  3.413e+06
9.164289e+01   3.712e+06 2 inti6000   3.719e+06 13 inti6000   2.087e-01 1.336e+01  3.410e+06
9.180089e+01   4.450e+06 2 inti6000   4.455e+06 13 inti6000   2.500e-01 1.600e+01  3.401e+06
9.195889e+01   3.715e+06 2 inti6000   3.721e+06 13 inti6000   2.089e-01 1.337e+01  3.386e+06
9.211689e+01   3.723e+06 2 inti6000   3.729e+06 13 inti6000   2.093e-01 1.339e+01  3.415e+06
9.227489e+01   3.720e+06 2 inti6000   3.724e+06 13 inti6000   2.090e-01 1.338e+01  3.407e+06
9.243289e+01   4.439e+06 2 inti6000   4.446e+06 13 inti6000   2.495e-01 1.597e+01  3.409e+06
9.259089e+01   3.715e+06 2 inti6000   3.722e+06 13 inti6000   2.089e-01 1.337e+01  3.414e+06
9.274889e+01   3.712e+06 2 inti6000   3.719e+06 13 inti6000   2.087e-01 1.336e+01  3.384e+06
9.290689e+01   3.712e+06 2 inti6000   3.719e+06 13 inti6000   2.087e-01 1.336e+01  3.384e+06
9.306489e+01   4.439e+06 2 inti6000   4.445e+06 13 inti6000   2.495e-01 1.597e+01  3.409e+06
9.322289e+01   3.713e+06 2 inti6000   3.720e+06 13 inti6000   2.088e-01 1.336e+01  3.407e+06
9.338089e+01   3.718e+06 2 inti6000   3.725e+06 13 inti6000   2.091e-01 1.338e+01  3.416e+06
9.353889e+01   3.709e+06 2 inti6000   3.715e+06 13 inti6000   2.085e-01 1.335e+01  3.408e+06
9.369689e+01   4.438e+06 2 inti6000   4.445e+06 13 inti6000   2.495e-01 1.597e+01  3.385e+06
9.385489e+01   3.712e+06 2 inti6000   3.719e+06 13 inti6000   2.087e-01 1.336e+01  3.384e+06
9.401289e+01   3.713e+06 2 inti6000   3.720e+06 13 inti6000   2.088e-01 1.336e+01  3.407e+06
9.417089e+01   3.712e+06 2 inti6000   3.719e+06 13 inti6000   2.088e-01 1.336e+01  3.404e+06
9.432889e+01   4.437e+06 2 inti6000   4.444e+06 13 inti6000   2.495e-01 1.596e+01  3.413e+06
9.448689e+01   3.710e+06 2 inti6000   3.717e+06 13 inti6000   2.086e-01 1.335e+01  3.409e+06
9.464489e+01   3.712e+06 2 inti6000   3.719e+06 13 inti6000   2.087e-01 1.336e+01  3.384e+06
9.480289e+01   3.715e+06 2 inti6000   3.721e+06 13 inti6000   2.089e-01 1.337e+01  3.386e+06
9.496089e+01   4.431e+06 2 inti6000   4.438e+06 13 inti6000   2.491e-01 1.594e+01  3.405e+06
9.511889e+01   3.715e+06 2 inti6000   3.722e+06 13 inti6000   2.089e-01 1.337e+01  3.408e+06
9.527689e+01   3.720e+06 2 inti6000   3.726e+06 13 inti6000   2.091e-01 1.338e+01  3.416e+06
9.543489e+01   3.720e+06 2 inti6000   3.725e+06 13 inti6000   2.091e-01 1.338e+01  3.416e+06
9.559289e+01   4.444e+06 2 inti6000   4.451e+06 13 inti6000   2.498e-01 1.599e+01  3.386e+06
9.575089e+01   3.723e+06 2 inti6000   3.729e+06 13 inti6000   2.093e-01 1.340e+01  3.393e+06
9.590889e+01   3.715e+06 2 inti6000   3.721e+06 13 inti6000   2.089e-01 1.337e+01  3.408e+06
9.606689e+01   3.717e+06 2 inti6000   3.723e+06 13 inti6000   2.090e-01 1.338e+01  3.410e+06
9.622489e+01   4.432e+06 2 inti6000   4.439e+06 13 inti6000   2.491e-01 1.595e+01  3.412e+06
9.638289e+01   3.714e+06 2 inti6000   3.721e+06 13 inti6000   2.089e-01 1.337e+01  3.411e+06
9.654089e+01   3.712e+06 2 inti6000   3.719e+06 13 inti6000   2.087e-01 1.336e+01  3.383e+06
9.669889e+01   3.714e+06 2 inti6000   3.720e+06 13 inti6000   2.088e-01 1.337e+01  3.384e+06
9.685689e+01   4.431e+06 2 inti6000   4.437e+06 13 inti6000   2.490e-01 1.594e+01  3.404e+06
9.701489e+01   3.715e+06 2 inti6000   3.721e+06 13 inti6000   2.089e-01 1.337e+01  3.408e+06
9.717289e+01   3.713e+06 2 inti6000   3.720e+06 13 inti6000   2.088e-01 1.336e+01  3.411e+06
9.733089e+01   3.720e+06 2 inti6000   3.727e+06 13 inti6000   2.092e-01 1.339e+01  3.418e+06
9.748889e+01   4.439e+06 2 inti6000   4.446e+06 13 inti6000   2.495e-01 1.597e+01  3.385e+06
9.764689e+01   3.710e+06 2 inti6000   3.716e+06 13 inti6000   2.086e-01 1.335e+01  3.382e+06
9.780489e+01   3.715e+06 2 inti6000   3.721e+06 13 inti6000   2.089e-01 1.337e+01  3.408e+06
9.796289e+01   3.713e+06 2 inti6000   3.719e+06 13 inti6000   2.087e-01 1.336e+01  3.405e+06
9.812089e+01   4.434e+06 2 inti6000   4.441e+06 13 inti6000   2.493e-01 1.595e+01  3.412e+06
9.827889e+01   3.717e+06 2 inti6000   3.723e+06 13 inti6000   2.090e-01 1.338e+01  3.415e+06
9.843689e+01   3.714e+06 2 inti6000   3.720e+06 13 inti6000   2.088e-01 1.336e+01  3.384e+06
9.859488e+01   3.713e+06 2 inti6000   3.720e+06 13 inti6000   2.088e-01 1.336e+01  3.383e+06
9.875288e+01   4.432e+06 2 inti6000   4.440e+06 13 inti6000   2.492e-01 1.595e+01  3.408e+06
9.891088e+01   3.715e+06 2 inti6000   3.721e+06 13 inti6000   2.089e-01 1.337e+01  3.406e+06
9.906888e+01   3.711e+06 2 inti6000   3.718e+06 13 inti6000   2.087e-01 1.335e+01  3.409e+06
9.922688e+01   3.713e+06 2 inti6000   3.719e+06 13 inti6000   2.088e-01 1.336e+01  3.411e+06
9.938488e+01   4.447e+06 2 inti6000   4.453e+06 13 inti6000   2.500e-01 1.600e+01  3.398e+06
9.954288e+01   3.713e+06 2 inti6000   3.720e+06 13 inti6000   2.088e-01 1.336e+01  3.385e+06
9.970088e+01   3.716e+06 2 inti6000   3.722e+06 13 inti6000   2.089e-01 1.337e+01  3.408e+06
9.985888e+01   3.720e+06 2 inti6000   3.725e+06 13 inti6000   2.091e-01 1.338e+01  3.411e+06
1.000169e+02   7.965e+06 7 inti6000   7.966e+06 13 inti6000   4.472e-01 2.862e+01  3.415e+06
