#   1 : Date        
# Date        
0.000000e+00
4.081633e-02
8.159207e-02
1.223298e-01
1.630075e-01
2.036434e-01
2.442308e-01
2.847885e-01
3.253186e-01
3.658421e-01
4.063729e-01
4.469236e-01
4.874856e-01
5.280569e-01
5.686375e-01
6.092278e-01
6.498222e-01
6.904220e-01
7.310198e-01
7.716157e-01
8.122154e-01
8.528166e-01
8.934325e-01
9.340612e-01
9.747046e-01
1.015356e+00
1.056010e+00
1.096668e+00
1.137330e+00
1.177994e+00
1.218622e+00
1.259204e+00
1.299746e+00
1.340285e+00
1.380805e+00
1.421340e+00
1.461887e+00
1.502448e+00
1.543026e+00
1.583620e+00
1.624214e+00
1.664812e+00
1.705412e+00
1.746012e+00
1.786613e+00
1.827218e+00
1.867833e+00
1.908454e+00
1.949095e+00
1.989750e+00
2.030415e+00
2.071082e+00
2.111752e+00
2.152420e+00
2.193083e+00
2.233685e+00
2.274243e+00
2.314788e+00
2.355301e+00
2.395838e+00
2.436377e+00
2.476931e+00
2.517507e+00
2.558104e+00
2.598709e+00
2.639314e+00
2.679922e+00
2.720520e+00
2.761123e+00
2.801722e+00
2.842327e+00
2.882930e+00
2.923555e+00
2.964191e+00
3.004847e+00
3.045510e+00
3.086177e+00
3.126844e+00
3.167512e+00
3.208148e+00
3.248738e+00
3.289298e+00
3.329821e+00
3.370359e+00
3.410885e+00
3.451431e+00
3.491995e+00
3.532584e+00
3.573186e+00
3.613795e+00
3.654405e+00
3.695009e+00
3.735610e+00
3.776209e+00
3.816813e+00
3.857413e+00
3.898026e+00
3.938653e+00
3.979297e+00
4.019959e+00
4.060626e+00
4.101294e+00
4.141963e+00
4.182629e+00
4.223256e+00
4.263837e+00
4.304377e+00
4.344922e+00
4.385443e+00
4.425986e+00
4.466544e+00
4.507117e+00
4.547707e+00
4.588317e+00
4.628926e+00
4.669536e+00
4.710140e+00
4.750744e+00
4.791343e+00
4.831942e+00
4.872546e+00
4.913156e+00
4.953789e+00
4.994437e+00
5.035100e+00
5.075772e+00
5.116446e+00
5.157114e+00
5.197780e+00
5.238389e+00
5.278953e+00
5.319506e+00
5.360027e+00
5.400566e+00
5.441117e+00
5.481677e+00
5.522254e+00
5.562858e+00
5.603467e+00
5.644079e+00
5.684691e+00
5.725295e+00
5.765898e+00
5.806496e+00
5.847099e+00
5.887700e+00
5.928324e+00
5.968960e+00
6.009620e+00
6.050287e+00
6.090960e+00
6.131629e+00
6.172299e+00
6.212938e+00
6.253532e+00
6.294096e+00
6.334625e+00
6.375173e+00
6.415708e+00
6.456265e+00
6.496833e+00
6.537428e+00
6.578034e+00
6.618648e+00
6.659264e+00
6.699872e+00
6.740477e+00
6.781079e+00
6.821681e+00
6.862279e+00
6.902892e+00
6.943520e+00
6.984166e+00
7.024828e+00
7.065498e+00
7.106169e+00
7.146840e+00
7.187508e+00
7.228134e+00
7.268718e+00
7.309260e+00
7.349810e+00
7.390337e+00
7.430892e+00
7.471452e+00
7.512038e+00
7.552634e+00
7.593249e+00
7.633862e+00
7.674475e+00
7.715081e+00
7.755686e+00
7.796289e+00
7.836890e+00
7.877498e+00
7.918113e+00
7.958749e+00
7.999403e+00
8.040069e+00
8.080744e+00
8.121418e+00
8.162088e+00
8.202753e+00
8.243362e+00
8.283927e+00
8.324483e+00
8.365008e+00
8.405568e+00
8.446125e+00
8.486702e+00
8.527287e+00
8.567897e+00
8.608511e+00
8.649125e+00
8.689737e+00
8.730342e+00
8.770947e+00
8.811546e+00
8.852151e+00
8.892756e+00
8.933385e+00
8.974027e+00
9.014688e+00
9.055360e+00
9.096036e+00
9.136705e+00
9.177376e+00
9.218014e+00
9.258606e+00
9.299173e+00
9.339704e+00
9.380262e+00
9.420804e+00
9.461374e+00
9.501950e+00
9.542552e+00
9.583163e+00
9.623780e+00
9.664398e+00
9.705007e+00
9.745616e+00
9.786216e+00
9.826819e+00
9.867418e+00
9.908033e+00
9.948665e+00
9.989316e+00
1.002998e+01
1.007066e+01
1.011133e+01
1.015200e+01
1.019267e+01
1.023329e+01
1.027388e+01
1.031442e+01
1.035497e+01
1.039550e+01
1.043607e+01
1.047664e+01
1.051723e+01
1.055783e+01
1.059845e+01
1.063907e+01
1.067968e+01
1.072029e+01
1.076089e+01
1.080150e+01
1.084209e+01
1.088270e+01
1.092332e+01
1.096396e+01
1.100461e+01
1.104528e+01
1.108596e+01
1.112663e+01
1.116730e+01
1.120797e+01
1.124857e+01
1.128914e+01
1.132970e+01
1.137023e+01
1.141079e+01
1.145135e+01
1.149194e+01
1.153252e+01
1.157314e+01
1.161375e+01
1.165437e+01
1.169498e+01
1.173559e+01
1.177619e+01
1.181679e+01
1.185740e+01
1.189800e+01
1.193863e+01
1.197928e+01
1.201994e+01
1.206062e+01
1.210129e+01
1.214196e+01
1.218264e+01
1.222327e+01
1.226386e+01
1.230443e+01
1.234496e+01
1.238553e+01
1.242608e+01
1.246665e+01
1.250723e+01
1.254784e+01
1.258846e+01
1.262907e+01
1.266969e+01
1.271030e+01
1.275091e+01
1.279151e+01
1.283212e+01
1.287272e+01
1.291334e+01
1.295397e+01
1.299462e+01
1.303529e+01
1.307597e+01
1.311664e+01
1.315731e+01
1.319798e+01
1.323860e+01
1.327918e+01
1.331973e+01
1.336029e+01
1.340082e+01
1.344140e+01
1.348197e+01
1.352257e+01
1.356317e+01
1.360379e+01
1.364441e+01
1.368503e+01
1.372564e+01
1.376624e+01
1.380684e+01
1.384744e+01
1.388805e+01
1.392867e+01
1.396931e+01
1.400997e+01
1.405065e+01
1.409132e+01
1.413199e+01
1.417267e+01
1.421332e+01
1.425393e+01
1.429449e+01
1.433505e+01
1.437559e+01
1.441616e+01
1.445673e+01
1.449731e+01
1.453791e+01
1.457852e+01
1.461914e+01
1.465976e+01
1.470037e+01
1.474098e+01
1.478158e+01
1.482218e+01
1.486279e+01
1.490340e+01
1.494403e+01
1.498468e+01
1.502534e+01
1.506602e+01
1.510670e+01
1.514737e+01
1.518804e+01
1.522867e+01
1.526926e+01
1.530983e+01
1.535036e+01
1.539093e+01
1.543149e+01
1.547207e+01
1.551265e+01
1.555326e+01
1.559388e+01
1.563450e+01
1.567512e+01
1.571573e+01
1.575634e+01
1.579694e+01
1.583755e+01
1.587815e+01
1.591877e+01
1.595941e+01
1.600007e+01
1.604074e+01
1.608141e+01
1.612209e+01
1.616276e+01
1.620342e+01
1.624404e+01
1.628462e+01
1.632517e+01
1.636573e+01
1.640627e+01
1.644685e+01
1.648742e+01
1.652802e+01
1.656864e+01
1.660926e+01
1.664988e+01
1.669049e+01
1.673110e+01
1.677171e+01
1.681231e+01
1.685291e+01
1.689352e+01
1.693414e+01
1.697479e+01
1.701545e+01
1.705613e+01
1.709680e+01
1.713748e+01
1.717815e+01
1.721880e+01
1.725940e+01
1.729997e+01
1.734053e+01
1.738106e+01
1.742164e+01
1.746221e+01
1.750280e+01
1.754340e+01
1.758402e+01
1.762464e+01
1.766526e+01
1.770587e+01
1.774648e+01
1.778708e+01
1.782768e+01
1.786829e+01
1.790890e+01
1.794954e+01
1.799019e+01
1.803085e+01
1.807153e+01
1.811221e+01
1.815288e+01
1.819355e+01
1.823418e+01
1.827476e+01
1.831533e+01
1.835587e+01
1.839644e+01
1.843700e+01
1.847759e+01
1.851818e+01
1.855879e+01
1.859941e+01
1.864003e+01
1.868065e+01
1.872126e+01
1.876186e+01
1.880247e+01
1.884307e+01
1.888368e+01
1.892430e+01
1.896494e+01
1.900560e+01
1.904627e+01
1.908695e+01
1.912762e+01
1.916829e+01
1.920895e+01
1.924957e+01
1.929015e+01
1.933069e+01
1.937126e+01
1.941180e+01
1.945238e+01
1.949296e+01
1.953357e+01
1.957418e+01
1.961480e+01
1.965543e+01
1.969604e+01
1.973665e+01
1.977726e+01
1.981786e+01
1.985846e+01
1.989907e+01
1.993970e+01
1.998035e+01
2.002102e+01
2.006169e+01
2.010236e+01
2.014304e+01
2.018371e+01
2.022436e+01
2.026496e+01
2.030552e+01
2.034608e+01
2.038662e+01
2.042720e+01
2.046777e+01
2.050837e+01
2.054897e+01
2.058959e+01
2.063021e+01
2.067083e+01
2.071144e+01
2.075205e+01
2.079266e+01
2.083326e+01
2.087387e+01
2.091448e+01
2.095512e+01
2.099577e+01
2.103644e+01
2.107712e+01
2.111779e+01
2.115846e+01
2.119913e+01
2.123976e+01
2.128034e+01
2.132091e+01
2.136145e+01
2.140202e+01
2.144259e+01
2.148317e+01
2.152377e+01
2.156438e+01
2.160500e+01
2.164562e+01
2.168624e+01
2.172685e+01
2.176746e+01
2.180806e+01
2.184866e+01
2.188927e+01
2.192990e+01
2.197054e+01
2.201120e+01
2.205188e+01
2.209255e+01
2.213323e+01
2.217390e+01
2.221455e+01
2.225516e+01
2.229574e+01
2.233629e+01
2.237685e+01
2.241740e+01
2.245798e+01
2.249857e+01
2.253917e+01
2.257979e+01
2.262041e+01
2.266104e+01
2.270165e+01
2.274226e+01
2.278286e+01
2.282347e+01
2.286407e+01
2.290469e+01
2.294532e+01
2.298597e+01
2.302664e+01
2.306731e+01
2.310798e+01
2.314866e+01
2.318933e+01
2.322997e+01
2.327057e+01
2.331112e+01
2.335169e+01
2.339223e+01
2.343281e+01
2.347339e+01
2.351399e+01
2.355459e+01
2.359521e+01
2.363583e+01
2.367645e+01
2.371706e+01
2.375767e+01
2.379828e+01
2.383888e+01
2.387949e+01
2.392010e+01
2.396074e+01
2.400140e+01
2.404207e+01
2.408275e+01
2.412342e+01
2.416409e+01
2.420476e+01
2.424538e+01
2.428596e+01
2.432653e+01
2.436707e+01
2.440764e+01
2.444821e+01
2.448880e+01
2.452940e+01
2.457002e+01
2.461064e+01
2.465126e+01
2.469187e+01
2.473248e+01
2.477309e+01
2.481369e+01
2.485429e+01
2.489490e+01
2.493553e+01
2.497618e+01
2.501684e+01
2.505752e+01
2.509820e+01
2.513887e+01
2.517954e+01
2.522019e+01
2.526079e+01
2.530137e+01
2.534191e+01
2.538248e+01
2.542304e+01
2.546363e+01
2.550421e+01
2.554482e+01
2.558544e+01
2.562606e+01
2.566668e+01
2.570729e+01
2.574791e+01
2.578851e+01
2.582912e+01
2.586972e+01
2.591034e+01
2.595097e+01
2.599162e+01
2.603229e+01
2.607297e+01
2.611364e+01
2.615431e+01
2.619498e+01
2.623562e+01
2.627621e+01
2.631676e+01
2.635733e+01
2.639787e+01
2.643846e+01
2.647903e+01
2.651963e+01
2.656024e+01
2.660086e+01
2.664148e+01
2.668210e+01
2.672271e+01
2.676332e+01
2.680392e+01
2.684452e+01
2.688513e+01
2.692575e+01
2.696639e+01
2.700705e+01
2.704772e+01
2.708840e+01
2.712907e+01
2.716975e+01
2.721042e+01
2.725103e+01
2.729160e+01
2.733217e+01
2.737271e+01
2.741329e+01
2.745386e+01
2.749445e+01
2.753505e+01
2.757567e+01
2.761629e+01
2.765691e+01
2.769752e+01
2.773813e+01
2.777874e+01
2.781934e+01
2.785995e+01
2.790056e+01
2.794119e+01
2.798183e+01
2.802250e+01
2.806318e+01
2.810385e+01
2.814453e+01
2.818520e+01
2.822584e+01
2.826644e+01
2.830701e+01
2.834755e+01
2.838812e+01
2.842869e+01
2.846927e+01
2.850986e+01
2.855048e+01
2.859110e+01
2.863172e+01
2.867234e+01
2.871295e+01
2.875356e+01
2.879417e+01
2.883477e+01
2.887538e+01
2.891600e+01
2.895663e+01
2.899729e+01
2.903796e+01
2.907864e+01
2.911931e+01
2.915998e+01
2.920065e+01
2.924128e+01
2.928187e+01
2.932242e+01
2.936299e+01
2.940353e+01
2.944412e+01
2.948470e+01
2.952530e+01
2.956591e+01
2.960653e+01
2.964715e+01
2.968777e+01
2.972838e+01
2.976899e+01
2.980959e+01
2.985019e+01
2.989080e+01
2.993143e+01
2.997207e+01
3.001273e+01
3.005341e+01
3.009408e+01
3.013476e+01
3.017543e+01
3.021609e+01
3.025670e+01
3.029727e+01
3.033784e+01
3.037838e+01
3.041896e+01
3.045953e+01
3.050013e+01
3.054073e+01
3.058135e+01
3.062197e+01
3.066259e+01
3.070320e+01
3.074381e+01
3.078442e+01
3.082502e+01
3.086563e+01
3.090624e+01
3.094687e+01
3.098752e+01
3.102819e+01
3.106886e+01
3.110954e+01
3.115022e+01
3.119089e+01
3.123152e+01
3.127211e+01
3.131269e+01
3.135323e+01
3.139380e+01
3.143437e+01
3.147496e+01
3.151555e+01
3.155617e+01
3.159679e+01
3.163741e+01
3.167803e+01
3.171864e+01
3.175925e+01
3.179985e+01
3.184046e+01
3.188106e+01
3.192169e+01
3.196232e+01
3.200298e+01
3.204365e+01
3.208433e+01
3.212500e+01
3.216568e+01
3.220634e+01
3.224696e+01
3.228755e+01
3.232810e+01
3.236867e+01
3.240922e+01
3.244980e+01
3.249039e+01
3.253099e+01
3.257161e+01
3.261223e+01
3.265285e+01
3.269347e+01
3.273408e+01
3.277469e+01
3.281529e+01
3.285589e+01
3.289651e+01
3.293714e+01
3.297778e+01
3.301845e+01
3.305912e+01
3.309980e+01
3.314047e+01
3.318114e+01
3.322180e+01
3.326241e+01
3.330297e+01
3.334354e+01
3.338408e+01
3.342467e+01
3.346525e+01
3.350585e+01
3.354646e+01
3.358708e+01
3.362770e+01
3.366832e+01
3.370893e+01
3.374954e+01
3.379015e+01
3.383075e+01
3.387136e+01
3.391198e+01
3.395261e+01
3.399326e+01
3.403393e+01
3.407461e+01
3.411529e+01
3.415596e+01
3.419663e+01
3.423726e+01
3.427785e+01
3.431842e+01
3.435897e+01
3.439954e+01
3.444012e+01
3.448071e+01
3.452131e+01
3.456193e+01
3.460255e+01
3.464317e+01
3.468379e+01
3.472440e+01
3.476500e+01
3.480560e+01
3.484621e+01
3.488681e+01
3.492743e+01
3.496808e+01
3.500873e+01
3.504941e+01
3.509009e+01
3.513076e+01
3.517143e+01
3.521209e+01
3.525271e+01
3.529329e+01
3.533384e+01
3.537441e+01
3.541496e+01
3.545555e+01
3.549614e+01
3.553675e+01
3.557737e+01
3.561799e+01
3.565861e+01
3.569922e+01
3.573983e+01
3.578043e+01
3.582104e+01
3.586163e+01
3.590224e+01
3.594287e+01
3.598352e+01
3.602419e+01
3.606486e+01
3.610554e+01
3.614621e+01
3.618688e+01
3.622752e+01
3.626812e+01
3.630869e+01
3.634925e+01
3.638979e+01
3.643038e+01
3.647096e+01
3.651156e+01
3.655217e+01
3.659279e+01
3.663341e+01
3.667403e+01
3.671464e+01
3.675525e+01
3.679585e+01
3.683645e+01
3.687705e+01
3.691766e+01
3.695830e+01
3.699895e+01
3.703962e+01
3.708030e+01
3.712098e+01
3.716165e+01
3.720231e+01
3.724294e+01
3.728352e+01
3.732409e+01
3.736463e+01
3.740520e+01
3.744578e+01
3.748637e+01
3.752697e+01
3.756759e+01
3.760821e+01
3.764883e+01
3.768944e+01
3.773005e+01
3.777065e+01
3.781125e+01
3.785185e+01
3.789245e+01
3.793308e+01
3.797372e+01
3.801439e+01
3.805506e+01
3.809574e+01
3.813641e+01
3.817708e+01
3.821773e+01
3.825834e+01
3.829892e+01
3.833946e+01
3.838003e+01
3.842059e+01
3.846118e+01
3.850177e+01
3.854238e+01
3.858300e+01
3.862362e+01
3.866424e+01
3.870485e+01
3.874546e+01
3.878606e+01
3.882666e+01
3.886726e+01
3.890787e+01
3.894850e+01
3.898915e+01
3.902982e+01
3.907050e+01
3.911117e+01
3.915184e+01
3.919251e+01
3.923315e+01
3.927374e+01
3.931430e+01
3.935486e+01
3.939541e+01
3.943600e+01
3.947658e+01
3.951719e+01
3.955779e+01
3.959842e+01
3.963904e+01
3.967965e+01
3.972026e+01
3.976087e+01
3.980147e+01
3.984206e+01
3.988267e+01
3.992328e+01
3.996392e+01
4.000458e+01
4.004525e+01
4.008592e+01
4.012660e+01
4.016727e+01
4.020793e+01
4.024855e+01
4.028913e+01
4.032970e+01
4.037024e+01
4.041082e+01
4.045140e+01
4.049199e+01
4.053259e+01
4.057321e+01
4.061383e+01
4.065445e+01
4.069506e+01
4.073567e+01
4.077627e+01
4.081687e+01
4.085747e+01
4.089807e+01
4.093870e+01
4.097935e+01
4.102001e+01
4.106068e+01
4.110136e+01
4.114203e+01
4.118270e+01
4.122335e+01
4.126395e+01
4.130453e+01
4.134507e+01
4.138564e+01
4.142620e+01
4.146679e+01
4.150739e+01
4.154800e+01
4.158862e+01
4.162924e+01
4.166985e+01
4.171046e+01
4.175107e+01
4.179166e+01
4.183227e+01
4.187286e+01
4.191348e+01
4.195411e+01
4.199476e+01
4.203543e+01
4.207611e+01
4.211678e+01
4.215745e+01
4.219811e+01
4.223875e+01
4.227934e+01
4.231989e+01
4.236046e+01
4.240101e+01
4.244160e+01
4.248218e+01
4.252279e+01
4.256340e+01
4.260400e+01
4.264460e+01
4.268520e+01
4.272579e+01
4.276638e+01
4.280697e+01
4.284757e+01
4.288817e+01
4.292878e+01
4.296941e+01
4.301005e+01
4.305070e+01
4.309137e+01
4.313204e+01
4.317271e+01
4.321338e+01
4.325399e+01
4.329456e+01
4.333513e+01
4.337567e+01
4.341625e+01
4.345683e+01
4.349743e+01
4.353803e+01
4.357861e+01
4.361921e+01
4.365978e+01
4.370036e+01
4.374092e+01
4.378150e+01
4.382207e+01
4.386265e+01
4.390324e+01
4.394384e+01
4.398445e+01
4.402507e+01
4.406571e+01
4.410636e+01
4.414701e+01
4.418767e+01
4.422831e+01
4.426891e+01
4.430948e+01
4.435003e+01
4.439059e+01
4.443116e+01
4.447175e+01
4.451235e+01
4.455292e+01
4.459349e+01
4.463405e+01
4.467461e+01
4.471516e+01
4.475571e+01
4.479626e+01
4.483681e+01
4.487737e+01
4.491794e+01
4.495852e+01
4.499912e+01
4.503972e+01
4.508034e+01
4.512097e+01
4.516161e+01
4.520224e+01
4.524287e+01
4.528346e+01
4.532401e+01
4.536458e+01
4.540513e+01
4.544571e+01
4.548629e+01
4.552685e+01
4.556740e+01
4.560794e+01
4.564848e+01
4.568901e+01
4.572954e+01
4.577006e+01
4.581059e+01
4.585112e+01
4.589166e+01
4.593221e+01
4.597277e+01
4.601334e+01
4.605393e+01
4.609453e+01
4.613514e+01
4.617575e+01
4.621636e+01
4.625697e+01
4.629754e+01
4.633811e+01
4.637865e+01
4.641922e+01
4.645978e+01
4.650032e+01
4.654086e+01
4.658138e+01
4.662190e+01
4.666240e+01
4.670291e+01
4.674340e+01
4.678390e+01
4.682440e+01
4.686491e+01
4.690543e+01
4.694596e+01
4.698650e+01
4.702705e+01
4.706761e+01
4.710819e+01
4.714877e+01
4.718936e+01
4.722994e+01
4.727053e+01
4.731110e+01
4.735164e+01
4.739219e+01
4.743274e+01
4.747326e+01
4.751378e+01
4.755427e+01
4.759477e+01
4.763525e+01
4.767573e+01
4.771621e+01
4.775668e+01
4.779715e+01
4.783762e+01
4.787811e+01
4.791860e+01
4.795910e+01
4.799962e+01
4.804014e+01
4.808068e+01
4.812123e+01
4.816179e+01
4.820234e+01
4.824290e+01
4.828345e+01
4.832399e+01
4.836452e+01
4.840504e+01
4.844554e+01
4.848604e+01
4.852652e+01
4.856699e+01
4.860745e+01
4.864790e+01
4.868835e+01
4.872879e+01
4.876923e+01
4.880967e+01
4.885012e+01
4.889057e+01
4.893103e+01
4.897151e+01
4.901200e+01
4.905250e+01
4.909300e+01
4.913352e+01
4.917405e+01
4.921457e+01
4.925510e+01
4.929561e+01
4.933612e+01
4.937662e+01
4.941710e+01
4.945757e+01
4.949802e+01
4.953847e+01
4.957890e+01
4.961933e+01
4.965974e+01
4.970015e+01
4.974056e+01
4.978097e+01
4.982138e+01
4.986179e+01
4.990221e+01
4.994265e+01
4.998309e+01
5.002355e+01
5.006401e+01
5.010449e+01
5.014498e+01
5.018547e+01
5.022596e+01
5.026645e+01
5.030692e+01
5.034740e+01
5.038785e+01
5.042830e+01
5.046872e+01
5.050915e+01
5.054955e+01
5.058995e+01
5.063033e+01
5.067071e+01
5.071108e+01
5.075146e+01
5.079183e+01
5.083220e+01
5.087258e+01
5.091297e+01
5.095337e+01
5.099378e+01
5.103420e+01
5.107464e+01
5.111508e+01
5.115553e+01
5.119598e+01
5.123644e+01
5.127688e+01
5.131732e+01
5.135775e+01
5.139817e+01
5.143856e+01
5.147896e+01
5.151933e+01
5.155970e+01
5.160005e+01
5.164040e+01
5.168073e+01
5.172107e+01
5.176140e+01
5.180173e+01
5.184207e+01
5.188241e+01
5.192276e+01
5.196313e+01
5.200350e+01
5.204389e+01
5.208428e+01
5.212469e+01
5.216509e+01
5.220551e+01
5.224592e+01
5.228633e+01
5.232672e+01
5.236711e+01
5.240748e+01
5.244784e+01
5.248818e+01
5.252852e+01
5.256883e+01
5.260915e+01
5.264945e+01
5.268975e+01
5.273003e+01
5.277033e+01
5.281061e+01
5.285091e+01
5.289121e+01
5.293153e+01
5.297185e+01
5.301218e+01
5.305252e+01
5.309288e+01
5.313324e+01
5.317361e+01
5.321398e+01
5.325435e+01
5.329471e+01
5.333506e+01
5.337539e+01
5.341573e+01
5.345603e+01
5.349634e+01
5.353662e+01
5.357690e+01
5.361716e+01
5.365742e+01
5.369767e+01
5.373791e+01
5.377816e+01
5.381841e+01
5.385866e+01
5.389892e+01
5.393918e+01
5.397947e+01
5.401975e+01
5.406006e+01
5.410036e+01
5.414068e+01
5.418100e+01
5.422133e+01
5.426165e+01
5.430196e+01
5.434226e+01
5.438256e+01
5.442283e+01
5.446310e+01
5.450334e+01
5.454359e+01
5.458380e+01
5.462403e+01
5.466423e+01
5.470443e+01
5.474463e+01
5.478483e+01
5.482503e+01
5.486524e+01
5.490545e+01
5.494567e+01
5.498590e+01
5.502615e+01
5.506640e+01
5.510666e+01
5.514693e+01
5.518721e+01
5.522748e+01
5.526775e+01
5.530801e+01
5.534827e+01
5.538850e+01
5.542873e+01
5.546893e+01
5.550914e+01
5.554932e+01
5.558950e+01
5.562966e+01
5.566982e+01
5.570997e+01
5.575012e+01
5.579027e+01
5.583042e+01
5.587057e+01
5.591074e+01
5.595091e+01
5.599109e+01
5.603128e+01
5.607149e+01
5.611170e+01
5.615192e+01
5.619214e+01
5.623237e+01
5.627258e+01
5.631279e+01
5.635299e+01
5.639318e+01
5.643334e+01
5.647351e+01
5.651365e+01
5.655379e+01
5.659390e+01
5.663402e+01
5.667412e+01
5.671422e+01
5.675431e+01
5.679441e+01
5.683450e+01
5.687461e+01
5.691472e+01
5.695484e+01
5.699497e+01
5.703511e+01
5.707526e+01
5.711542e+01
5.715558e+01
5.719575e+01
5.723592e+01
5.727608e+01
5.731623e+01
5.735638e+01
5.739650e+01
5.743663e+01
5.747672e+01
5.751682e+01
5.755689e+01
5.759696e+01
5.763701e+01
5.767706e+01
5.771710e+01
5.775714e+01
5.779718e+01
5.783723e+01
5.787727e+01
5.791733e+01
5.795739e+01
5.799747e+01
5.803755e+01
5.807765e+01
5.811775e+01
5.815786e+01
5.819797e+01
5.823808e+01
5.827818e+01
5.831829e+01
5.835836e+01
5.839844e+01
5.843849e+01
5.847855e+01
5.851857e+01
5.855860e+01
5.859860e+01
5.863860e+01
5.867859e+01
5.871857e+01
5.875855e+01
5.879854e+01
5.883852e+01
5.887851e+01
5.891851e+01
5.895852e+01
5.899853e+01
5.903856e+01
5.907859e+01
5.911864e+01
5.915869e+01
5.919874e+01
5.923879e+01
5.927884e+01
5.931887e+01
5.935891e+01
5.939891e+01
5.943892e+01
5.947890e+01
5.951888e+01
5.955883e+01
5.959879e+01
5.963872e+01
5.967865e+01
5.971858e+01
5.975850e+01
5.979842e+01
5.983835e+01
5.987828e+01
5.991822e+01
5.995816e+01
5.999812e+01
6.003808e+01
6.007806e+01
6.011804e+01
6.015803e+01
6.019802e+01
6.023802e+01
6.027800e+01
6.031798e+01
6.035794e+01
6.039790e+01
6.043783e+01
6.047777e+01
6.051767e+01
6.055758e+01
6.059746e+01
6.063734e+01
6.067721e+01
6.071708e+01
6.075694e+01
6.079680e+01
6.083666e+01
6.087653e+01
6.091640e+01
6.095629e+01
6.099618e+01
6.103609e+01
6.107600e+01
6.111592e+01
6.115585e+01
6.119578e+01
6.123570e+01
6.127563e+01
6.131554e+01
6.135546e+01
6.139534e+01
6.143523e+01
6.147508e+01
6.151494e+01
6.155477e+01
6.159461e+01
6.163442e+01
6.167423e+01
6.171403e+01
6.175383e+01
6.179363e+01
6.183343e+01
6.187323e+01
6.191305e+01
6.195287e+01
6.199270e+01
6.203254e+01
6.207239e+01
6.211224e+01
6.215211e+01
6.219197e+01
6.223184e+01
6.227170e+01
6.231156e+01
6.235139e+01
6.239124e+01
6.243104e+01
6.247086e+01
6.251064e+01
6.255042e+01
6.259018e+01
6.262993e+01
6.266968e+01
6.270942e+01
6.274915e+01
6.278889e+01
6.282863e+01
6.286837e+01
6.290812e+01
6.294787e+01
6.298764e+01
6.302741e+01
6.306720e+01
6.310699e+01
6.314679e+01
6.318659e+01
6.322639e+01
6.326619e+01
6.330598e+01
6.334577e+01
6.338553e+01
6.342529e+01
6.346502e+01
6.350476e+01
6.354447e+01
6.358417e+01
6.362386e+01
6.366354e+01
6.370322e+01
6.374289e+01
6.378256e+01
6.382224e+01
6.386191e+01
6.390160e+01
6.394129e+01
6.398099e+01
6.402070e+01
6.406042e+01
6.410014e+01
6.413988e+01
6.417961e+01
6.421935e+01
6.425908e+01
6.429882e+01
6.433853e+01
6.437824e+01
6.441793e+01
6.445762e+01
6.449728e+01
6.453693e+01
6.457657e+01
6.461620e+01
6.465582e+01
6.469543e+01
6.473504e+01
6.477465e+01
6.481426e+01
6.485387e+01
6.489349e+01
6.493311e+01
6.497275e+01
6.501239e+01
6.505204e+01
6.509170e+01
6.513137e+01
6.517104e+01
6.521072e+01
6.525039e+01
6.529005e+01
6.532971e+01
6.536935e+01
6.540899e+01
6.544860e+01
6.548822e+01
6.552780e+01
6.556739e+01
6.560695e+01
6.564651e+01
6.568606e+01
6.572561e+01
6.576515e+01
6.580470e+01
6.584425e+01
6.588380e+01
6.592336e+01
6.596293e+01
6.600251e+01
6.604210e+01
6.608169e+01
6.612129e+01
6.616090e+01
6.620051e+01
6.624012e+01
6.627973e+01
6.631932e+01
6.635891e+01
6.639848e+01
6.643805e+01
6.647759e+01
6.651712e+01
6.655664e+01
6.659615e+01
6.663565e+01
6.667514e+01
6.671462e+01
6.675411e+01
6.679359e+01
6.683307e+01
6.687257e+01
6.691206e+01
6.695157e+01
6.699108e+01
6.703060e+01
6.707013e+01
6.710967e+01
6.714922e+01
6.718877e+01
6.722832e+01
6.726786e+01
6.730740e+01
6.734692e+01
6.738644e+01
6.742594e+01
6.746543e+01
6.750490e+01
6.754437e+01
6.758382e+01
6.762326e+01
6.766269e+01
6.770211e+01
6.774154e+01
6.778096e+01
6.782039e+01
6.785981e+01
6.789925e+01
6.793869e+01
6.797814e+01
6.801760e+01
6.805707e+01
6.809654e+01
6.813603e+01
6.817551e+01
6.821500e+01
6.825449e+01
6.829396e+01
6.833344e+01
6.837289e+01
6.841235e+01
6.845178e+01
6.849120e+01
6.853060e+01
6.857000e+01
6.860938e+01
6.864876e+01
6.868813e+01
6.872749e+01
6.876686e+01
6.880622e+01
6.884559e+01
6.888496e+01
6.892434e+01
6.896373e+01
6.900313e+01
6.904253e+01
6.908195e+01
6.912137e+01
6.916080e+01
6.920023e+01
6.923966e+01
6.927908e+01
6.931850e+01
6.935791e+01
6.939730e+01
6.943668e+01
6.947605e+01
6.951540e+01
6.955474e+01
6.959407e+01
6.963340e+01
6.967271e+01
6.971202e+01
6.975132e+01
6.979064e+01
6.982994e+01
6.986926e+01
6.990858e+01
6.994791e+01
6.998724e+01
7.002659e+01
7.006595e+01
7.010531e+01
7.014468e+01
7.018406e+01
7.022343e+01
7.026280e+01
7.030217e+01
7.034152e+01
7.038087e+01
7.042019e+01
7.045952e+01
7.049882e+01
7.053811e+01
7.057739e+01
7.061666e+01
7.065593e+01
7.069518e+01
7.073444e+01
7.077369e+01
7.081294e+01
7.085220e+01
7.089147e+01
7.093074e+01
7.097002e+01
7.100931e+01
7.104861e+01
7.108792e+01
7.112724e+01
7.116655e+01
7.120587e+01
7.124519e+01
7.128451e+01
7.132382e+01
7.136311e+01
7.140240e+01
7.144167e+01
7.148093e+01
7.152017e+01
7.155941e+01
7.159863e+01
7.163785e+01
7.167706e+01
7.171626e+01
7.175547e+01
7.179466e+01
7.183387e+01
7.187308e+01
7.191230e+01
7.195153e+01
7.199077e+01
7.203001e+01
7.206927e+01
7.210853e+01
7.214780e+01
7.218707e+01
7.222634e+01
7.226561e+01
7.230486e+01
7.234412e+01
7.238336e+01
7.242259e+01
7.246181e+01
7.250102e+01
7.254020e+01
7.257939e+01
7.261856e+01
7.265772e+01
7.269688e+01
7.273603e+01
7.277519e+01
7.281434e+01
7.285351e+01
7.289267e+01
7.293185e+01
7.297103e+01
7.301023e+01
7.304943e+01
7.308865e+01
7.312787e+01
7.316709e+01
7.320632e+01
7.324554e+01
7.328476e+01
7.332397e+01
7.336318e+01
7.340236e+01
7.344155e+01
7.348071e+01
7.351987e+01
7.355901e+01
7.359814e+01
7.363726e+01
7.367638e+01
7.371549e+01
7.375460e+01
7.379372e+01
7.383283e+01
7.387195e+01
7.391107e+01
7.395022e+01
7.398936e+01
7.402852e+01
7.406768e+01
7.410686e+01
7.414603e+01
7.418522e+01
7.422440e+01
7.426358e+01
7.430276e+01
7.434192e+01
7.438108e+01
7.442022e+01
7.445935e+01
7.449847e+01
7.453758e+01
7.457667e+01
7.461576e+01
7.465484e+01
7.469391e+01
7.473299e+01
7.477205e+01
7.481113e+01
7.485020e+01
7.488929e+01
7.492838e+01
7.496748e+01
7.500659e+01
7.504572e+01
7.508484e+01
7.512398e+01
7.516312e+01
7.520227e+01
7.524141e+01
7.528055e+01
7.531968e+01
7.535880e+01
7.539792e+01
7.543701e+01
7.547611e+01
7.551518e+01
7.555424e+01
7.559330e+01
7.563234e+01
7.567138e+01
7.571041e+01
7.574945e+01
7.578848e+01
7.582752e+01
7.586656e+01
7.590561e+01
7.594467e+01
7.598374e+01
7.602281e+01
7.606191e+01
7.610100e+01
7.614010e+01
7.617921e+01
7.621832e+01
7.625742e+01
7.629652e+01
7.633562e+01
7.637469e+01
7.641377e+01
7.645283e+01
7.649188e+01
7.653091e+01
7.656994e+01
7.660895e+01
7.664796e+01
7.668696e+01
7.672596e+01
7.676496e+01
7.680395e+01
7.684296e+01
7.688197e+01
7.692099e+01
7.696002e+01
7.699906e+01
7.703810e+01
7.707716e+01
7.711622e+01
7.715530e+01
7.719437e+01
7.723344e+01
7.727252e+01
7.731158e+01
7.735064e+01
7.738968e+01
7.742872e+01
7.746774e+01
7.750675e+01
7.754574e+01
7.758473e+01
7.762372e+01
7.766269e+01
7.770166e+01
7.774062e+01
7.777959e+01
7.781856e+01
7.785753e+01
7.789651e+01
7.793551e+01
7.797450e+01
7.801352e+01
7.805254e+01
7.809157e+01
7.813060e+01
7.816964e+01
7.820869e+01
7.824773e+01
7.828677e+01
7.832580e+01
7.836482e+01
7.840383e+01
7.844284e+01
7.848182e+01
7.852080e+01
7.855976e+01
7.859872e+01
7.863767e+01
7.867661e+01
7.871555e+01
7.875449e+01
7.879343e+01
7.883237e+01
7.887132e+01
7.891027e+01
7.894924e+01
7.898822e+01
7.902720e+01
7.906620e+01
7.910520e+01
7.914421e+01
7.918323e+01
7.922225e+01
7.926126e+01
7.930027e+01
7.933927e+01
7.937827e+01
7.941724e+01
7.945622e+01
7.949517e+01
7.953412e+01
7.957306e+01
7.961199e+01
7.965091e+01
7.968982e+01
7.972873e+01
7.976765e+01
7.980656e+01
7.984548e+01
7.988441e+01
7.992334e+01
7.996229e+01
8.000124e+01
8.004021e+01
8.007918e+01
8.011817e+01
8.015716e+01
8.019615e+01
8.023514e+01
8.027413e+01
8.031312e+01
8.035209e+01
8.039106e+01
8.043001e+01
8.046896e+01
8.050789e+01
8.054681e+01
8.058572e+01
8.062462e+01
8.066352e+01
8.070241e+01
8.074130e+01
8.078019e+01
8.081909e+01
8.085799e+01
8.089690e+01
8.093582e+01
8.097475e+01
8.101368e+01
8.105263e+01
8.109159e+01
8.113055e+01
8.116952e+01
8.120850e+01
8.124747e+01
8.128643e+01
8.132540e+01
8.136435e+01
8.140330e+01
8.144222e+01
8.148115e+01
8.152005e+01
8.155895e+01
8.159784e+01
8.163673e+01
8.167560e+01
8.171447e+01
8.175335e+01
8.179222e+01
8.183110e+01
8.186998e+01
8.190888e+01
8.194778e+01
8.198670e+01
8.202562e+01
8.206455e+01
8.210349e+01
8.214245e+01
8.218140e+01
8.222035e+01
8.225931e+01
8.229826e+01
8.233720e+01
8.237613e+01
8.241506e+01
8.245397e+01
8.249287e+01
8.253176e+01
8.257064e+01
8.260951e+01
8.264838e+01
8.268723e+01
8.272609e+01
8.276495e+01
8.280380e+01
8.284267e+01
8.288154e+01
8.292042e+01
8.295931e+01
8.299821e+01
8.303712e+01
8.307605e+01
8.311497e+01
8.315391e+01
8.319285e+01
8.323179e+01
8.327073e+01
8.330966e+01
8.334859e+01
8.338750e+01
8.342642e+01
8.346530e+01
8.350419e+01
8.354306e+01
8.358193e+01
8.362078e+01
8.365963e+01
8.369847e+01
8.373731e+01
8.377616e+01
8.381500e+01
8.385386e+01
8.389272e+01
8.393159e+01
8.397047e+01
8.400936e+01
8.404826e+01
8.408717e+01
8.412609e+01
8.416502e+01
8.420395e+01
8.424287e+01
8.428180e+01
8.432071e+01
8.435963e+01
8.439853e+01
8.443742e+01
8.447630e+01
8.451517e+01
8.455402e+01
8.459288e+01
8.463172e+01
8.467055e+01
8.470938e+01
8.474822e+01
8.478705e+01
8.482589e+01
8.486473e+01
8.490358e+01
8.494244e+01
8.498132e+01
8.502020e+01
8.505909e+01
8.509800e+01
8.513691e+01
8.517582e+01
8.521474e+01
8.525366e+01
8.529258e+01
8.533148e+01
8.537038e+01
8.540927e+01
8.544815e+01
8.548701e+01
8.552587e+01
8.556471e+01
8.560355e+01
8.564238e+01
8.568121e+01
8.572003e+01
8.575885e+01
8.579768e+01
8.583651e+01
8.587535e+01
8.591419e+01
8.595305e+01
8.599192e+01
8.603080e+01
8.606968e+01
8.610858e+01
8.614749e+01
8.618639e+01
8.622531e+01
8.626421e+01
8.630312e+01
8.634201e+01
8.638091e+01
8.641978e+01
8.645865e+01
8.649750e+01
8.653636e+01
8.657519e+01
8.661402e+01
8.665284e+01
8.669166e+01
8.673047e+01
8.676929e+01
8.680811e+01
8.684693e+01
8.688577e+01
8.692461e+01
8.696346e+01
8.700233e+01
8.704120e+01
8.708009e+01
8.711898e+01
8.715788e+01
8.719678e+01
8.723569e+01
8.727459e+01
8.731349e+01
8.735237e+01
8.739126e+01
8.743012e+01
8.746899e+01
8.750783e+01
8.754668e+01
8.758550e+01
8.762433e+01
8.766314e+01
8.770195e+01
8.774076e+01
8.777957e+01
8.781839e+01
8.785721e+01
8.789604e+01
8.793489e+01
8.797374e+01
8.801260e+01
8.805147e+01
8.809036e+01
8.812925e+01
8.816814e+01
8.820704e+01
8.824595e+01
8.828484e+01
8.832374e+01
8.836261e+01
8.840149e+01
8.844035e+01
8.847921e+01
8.851804e+01
8.855688e+01
8.859570e+01
8.863452e+01
8.867333e+01
8.871214e+01
8.875094e+01
8.878976e+01
8.882857e+01
8.886739e+01
8.890622e+01
8.894507e+01
8.898392e+01
8.902278e+01
8.906165e+01
8.910054e+01
8.913943e+01
8.917832e+01
8.921722e+01
8.925612e+01
8.929501e+01
8.933390e+01
8.937277e+01
8.941165e+01
8.945050e+01
8.948936e+01
8.952818e+01
8.956702e+01
8.960583e+01
8.964465e+01
8.968346e+01
8.972227e+01
8.976107e+01
8.979988e+01
8.983870e+01
8.987752e+01
8.991635e+01
8.995520e+01
8.999405e+01
9.003292e+01
9.007179e+01
9.011068e+01
9.014957e+01
9.018847e+01
9.022736e+01
9.026626e+01
9.030514e+01
9.034403e+01
9.038290e+01
9.042177e+01
9.046062e+01
9.049947e+01
9.053830e+01
9.057713e+01
9.061594e+01
9.065476e+01
9.069357e+01
9.073238e+01
9.077118e+01
9.081000e+01
9.084881e+01
9.088764e+01
9.092647e+01
9.096532e+01
9.100418e+01
9.104305e+01
9.108192e+01
9.112081e+01
9.115970e+01
9.119860e+01
9.123750e+01
9.127640e+01
9.131528e+01
9.135417e+01
9.139303e+01
9.143190e+01
9.147075e+01
9.150960e+01
9.154842e+01
9.158725e+01
9.162607e+01
9.166488e+01
9.170369e+01
9.174250e+01
9.178131e+01
9.182013e+01
9.185895e+01
9.189778e+01
9.193662e+01
9.197547e+01
9.201433e+01
9.205321e+01
9.209209e+01
9.213098e+01
9.216987e+01
9.220878e+01
9.224767e+01
9.228657e+01
9.232545e+01
9.236434e+01
9.240320e+01
9.244207e+01
9.248092e+01
9.251977e+01
9.255859e+01
9.259743e+01
9.263624e+01
9.267506e+01
9.271386e+01
9.275268e+01
9.279149e+01
9.283032e+01
9.286914e+01
9.290798e+01
9.294682e+01
9.298568e+01
9.302455e+01
9.306343e+01
9.310232e+01
9.314122e+01
9.318011e+01
9.321902e+01
9.325792e+01
9.329682e+01
9.333570e+01
9.337459e+01
9.341345e+01
9.345232e+01
9.349117e+01
9.353002e+01
9.356884e+01
9.360768e+01
9.364649e+01
9.368532e+01
9.372413e+01
9.376295e+01
9.380177e+01
9.384060e+01
9.387943e+01
9.391827e+01
9.395712e+01
9.399599e+01
9.403487e+01
9.407376e+01
9.411265e+01
9.415156e+01
9.419046e+01
9.422937e+01
9.426827e+01
9.430717e+01
9.434606e+01
9.438495e+01
9.442381e+01
9.446268e+01
9.450153e+01
9.454038e+01
9.457921e+01
9.461805e+01
9.465687e+01
9.469570e+01
9.473451e+01
9.477334e+01
9.481216e+01
9.485100e+01
9.488984e+01
9.492870e+01
9.496756e+01
9.500643e+01
9.504531e+01
9.508421e+01
9.512311e+01
9.516203e+01
9.520093e+01
9.523985e+01
9.527875e+01
9.531766e+01
9.535655e+01
9.539544e+01
9.543431e+01
9.547318e+01
9.551203e+01
9.555089e+01
9.558972e+01
9.562856e+01
9.566739e+01
9.570622e+01
9.574504e+01
9.578388e+01
9.582271e+01
9.586156e+01
9.590040e+01
9.593927e+01
9.597814e+01
9.601703e+01
9.605592e+01
9.609483e+01
9.613373e+01
9.617266e+01
9.621157e+01
9.625049e+01
9.628940e+01
9.632831e+01
9.636720e+01
9.640609e+01
9.644497e+01
9.648384e+01
9.652269e+01
9.656156e+01
9.660039e+01
9.663924e+01
9.667807e+01
9.671691e+01
9.675574e+01
9.679459e+01
9.683343e+01
9.687228e+01
9.691114e+01
9.695002e+01
9.698890e+01
9.702779e+01
9.706669e+01
9.710561e+01
9.714453e+01
9.718346e+01
9.722238e+01
9.726131e+01
9.730022e+01
9.733913e+01
9.737803e+01
9.741693e+01
9.745580e+01
9.749468e+01
9.753354e+01
9.757240e+01
9.761125e+01
9.765010e+01
9.768894e+01
9.772779e+01
9.776663e+01
9.780548e+01
9.784433e+01
9.788320e+01
9.792207e+01
9.796095e+01
9.799984e+01
9.803875e+01
9.807766e+01
9.811659e+01
9.815552e+01
9.819446e+01
9.823338e+01
9.827231e+01
9.831123e+01
9.835015e+01
9.838905e+01
9.842796e+01
9.846683e+01
9.850572e+01
9.854458e+01
9.858345e+01
9.862230e+01
9.866117e+01
9.870001e+01
9.873887e+01
9.877772e+01
9.881658e+01
9.885544e+01
9.889432e+01
9.893320e+01
9.897210e+01
9.901100e+01
9.904993e+01
9.908885e+01
9.912779e+01
9.916672e+01
9.920567e+01
9.924460e+01
9.928354e+01
9.932246e+01
9.936139e+01
9.940030e+01
9.943921e+01
9.947809e+01
9.951698e+01
9.955585e+01
9.959473e+01
9.963359e+01
9.967246e+01
9.971131e+01
9.975018e+01
9.978904e+01
9.982792e+01
9.986679e+01
9.990568e+01
9.994457e+01
9.998348e+01
1.000224e+02
