#   1 : Date         : Instant de fin de cycle en temps
#   2 : <# Isend>    : Nombre moyen d'appels de   MPI_Isend
#   3 : <B Isend>    : Volume moyen (en Bytes) de MPI_Isend
#   4 : <# Irecv>    : Nombre moyen d'appels de   MPI_Irecv
#   5 : <B Irecv>    : Volume moyen (en Bytes) de MPI_Irecv
#   6 : <# Allreduce> : Nombre moyen d'appels de   MPI_Allreduce
#   7 : <B Allreduce> : Volume moyen (en Bytes) de MPI_Allreduce
#   8 : <# ISendPack/Scal> : Nombre moyen d'appels de   MPI_ISendPack/Scal
#   9 : <B ISendPack/Scal> : Volume moyen (en Bytes) de MPI_ISendPack/Scal
#  Date        <# Isend>     <B Isend>     <# Irecv>     <B Irecv>     <# Allreduce>  <B Allreduce>  <# ISendPack/Scal>  <B ISendPack/Scal>
0.000000e+00   1.314875e+03  7.520024e+07  1.310375e+03  7.519596e+07  6.800000e+01  4.697000e+03  1.176188e+03  7.520024e+07
1.580135e-01   1.285125e+03  3.887090e+08  1.285125e+03  3.887090e+08  6.000000e+00  8.700000e+01  6.278125e+02  3.887090e+08
3.160271e-01   1.639312e+03  3.998775e+08  1.639312e+03  3.998775e+08  1.900000e+01  1.931000e+03  9.561875e+02  3.998775e+08
4.740406e-01   1.285125e+03  3.887090e+08  1.285125e+03  3.887090e+08  6.000000e+00  8.700000e+01  6.278125e+02  3.887090e+08
6.320542e-01   1.285125e+03  3.887090e+08  1.285125e+03  3.887090e+08  6.000000e+00  8.700000e+01  6.278125e+02  3.887090e+08
7.900677e-01   1.564938e+03  4.178462e+08  1.564938e+03  4.178462e+08  1.600000e+01  3.630000e+02  8.710625e+02  4.178462e+08
9.480813e-01   1.285125e+03  3.887353e+08  1.285125e+03  3.887353e+08  6.000000e+00  8.700000e+01  6.278125e+02  3.887353e+08
1.106095e+00   1.285125e+03  3.887353e+08  1.285125e+03  3.887353e+08  6.000000e+00  8.700000e+01  6.278125e+02  3.887353e+08
1.264108e+00   1.285125e+03  3.887353e+08  1.285125e+03  3.887353e+08  6.000000e+00  8.700000e+01  6.278125e+02  3.887353e+08
1.422122e+00   1.520625e+03  3.915198e+08  1.520625e+03  3.915198e+08  1.600000e+01  2.370000e+02  8.705625e+02  3.915198e+08
1.580135e+00   1.241875e+03  3.637255e+08  1.241875e+03  3.637255e+08  6.000000e+00  8.700000e+01  6.273125e+02  3.637255e+08
1.738149e+00   1.241875e+03  3.637255e+08  1.241875e+03  3.637255e+08  6.000000e+00  8.700000e+01  6.273125e+02  3.637255e+08
1.896163e+00   1.241875e+03  3.637255e+08  1.241875e+03  3.637255e+08  6.000000e+00  8.700000e+01  6.273125e+02  3.637255e+08
2.054176e+00   1.520125e+03  3.909692e+08  1.520125e+03  3.909692e+08  1.500000e+01  2.350000e+02  8.704375e+02  3.909692e+08
2.212190e+00   1.241875e+03  3.637255e+08  1.241875e+03  3.637255e+08  6.000000e+00  8.700000e+01  6.273125e+02  3.637255e+08
2.370203e+00   1.241875e+03  3.637255e+08  1.241875e+03  3.637255e+08  6.000000e+00  8.700000e+01  6.273125e+02  3.637255e+08
2.528217e+00   1.241875e+03  3.637255e+08  1.241875e+03  3.637255e+08  6.000000e+00  8.700000e+01  6.273125e+02  3.637255e+08
2.686230e+00   1.520125e+03  3.906733e+08  1.520125e+03  3.906733e+08  1.600000e+01  2.370000e+02  8.704375e+02  3.906733e+08
2.844244e+00   1.241875e+03  3.634444e+08  1.241875e+03  3.634444e+08  6.000000e+00  8.700000e+01  6.273125e+02  3.634444e+08
3.002257e+00   1.241875e+03  3.634444e+08  1.241875e+03  3.634444e+08  6.000000e+00  8.700000e+01  6.273125e+02  3.634444e+08
3.160271e+00   1.241875e+03  3.634444e+08  1.241875e+03  3.634444e+08  6.000000e+00  8.700000e+01  6.273125e+02  3.634444e+08
3.318284e+00   1.520125e+03  3.906671e+08  1.520125e+03  3.906671e+08  1.500000e+01  2.350000e+02  8.704375e+02  3.906671e+08
3.476298e+00   1.241875e+03  3.634444e+08  1.241875e+03  3.634444e+08  6.000000e+00  8.700000e+01  6.273125e+02  3.634444e+08
3.634312e+00   1.241875e+03  3.634444e+08  1.241875e+03  3.634444e+08  6.000000e+00  8.700000e+01  6.273125e+02  3.634444e+08
3.792325e+00   1.241875e+03  3.634444e+08  1.241875e+03  3.634444e+08  6.000000e+00  8.700000e+01  6.273125e+02  3.634444e+08
3.950339e+00   1.520125e+03  3.906671e+08  1.520125e+03  3.906671e+08  1.600000e+01  2.370000e+02  8.704375e+02  3.906671e+08
4.108352e+00   1.241875e+03  3.634444e+08  1.241875e+03  3.634444e+08  6.000000e+00  8.700000e+01  6.273125e+02  3.634444e+08
4.266366e+00   1.241875e+03  3.634444e+08  1.241875e+03  3.634444e+08  6.000000e+00  8.700000e+01  6.273125e+02  3.634444e+08
4.424379e+00   1.241875e+03  3.634444e+08  1.241875e+03  3.634444e+08  6.000000e+00  8.700000e+01  6.273125e+02  3.634444e+08
4.582393e+00   1.520125e+03  3.906671e+08  1.520125e+03  3.906671e+08  1.500000e+01  2.350000e+02  8.704375e+02  3.906671e+08
4.740406e+00   1.241875e+03  3.634444e+08  1.241875e+03  3.634444e+08  6.000000e+00  8.700000e+01  6.273125e+02  3.634444e+08
4.898420e+00   1.241875e+03  3.634444e+08  1.241875e+03  3.634444e+08  6.000000e+00  8.700000e+01  6.273125e+02  3.634444e+08
5.056433e+00   1.241875e+03  3.634444e+08  1.241875e+03  3.634444e+08  6.000000e+00  8.700000e+01  6.273125e+02  3.634444e+08
5.214447e+00   1.520125e+03  3.906671e+08  1.520125e+03  3.906671e+08  1.600000e+01  2.370000e+02  8.704375e+02  3.906671e+08
5.372460e+00   1.241875e+03  3.634444e+08  1.241875e+03  3.634444e+08  6.000000e+00  8.700000e+01  6.273125e+02  3.634444e+08
5.530474e+00   1.241875e+03  3.634444e+08  1.241875e+03  3.634444e+08  6.000000e+00  8.700000e+01  6.273125e+02  3.634444e+08
5.688488e+00   1.241875e+03  3.634444e+08  1.241875e+03  3.634444e+08  6.000000e+00  8.700000e+01  6.273125e+02  3.634444e+08
5.846501e+00   1.520125e+03  3.906671e+08  1.520125e+03  3.906671e+08  1.500000e+01  2.350000e+02  8.704375e+02  3.906671e+08
6.004515e+00   1.241875e+03  3.634444e+08  1.241875e+03  3.634444e+08  6.000000e+00  8.700000e+01  6.273125e+02  3.634444e+08
6.162528e+00   1.241875e+03  3.634444e+08  1.241875e+03  3.634444e+08  6.000000e+00  8.700000e+01  6.273125e+02  3.634444e+08
6.320542e+00   1.241875e+03  3.634444e+08  1.241875e+03  3.634444e+08  6.000000e+00  8.700000e+01  6.273125e+02  3.634444e+08
6.478555e+00   1.520125e+03  3.906671e+08  1.520125e+03  3.906671e+08  1.600000e+01  2.370000e+02  8.704375e+02  3.906671e+08
6.636569e+00   1.241875e+03  3.634444e+08  1.241875e+03  3.634444e+08  6.000000e+00  8.700000e+01  6.273125e+02  3.634444e+08
6.794582e+00   1.241875e+03  3.634444e+08  1.241875e+03  3.634444e+08  6.000000e+00  8.700000e+01  6.273125e+02  3.634444e+08
6.952596e+00   1.241875e+03  3.634444e+08  1.241875e+03  3.634444e+08  6.000000e+00  8.700000e+01  6.273125e+02  3.634444e+08
7.110609e+00   1.792938e+03  5.022719e+08  1.790312e+03  5.022699e+08  2.500000e+01  2.024000e+03  1.067875e+03  5.022719e+08
7.268621e+00   1.551812e+03  3.826493e+08  1.551812e+03  3.826493e+08  1.800000e+01  1.915000e+03  9.065000e+02  3.826493e+08
7.426629e+00   1.208812e+03  3.719553e+08  1.208812e+03  3.719553e+08  6.000000e+00  8.700000e+01  5.920000e+02  3.719553e+08
7.584628e+00   1.208812e+03  3.719552e+08  1.208812e+03  3.719552e+08  6.000000e+00  8.700000e+01  5.920000e+02  3.719552e+08
7.742616e+00   1.485562e+03  4.007797e+08  1.485562e+03  4.007797e+08  1.700000e+01  2.450000e+02  8.321250e+02  4.007797e+08
7.900590e+00   1.208812e+03  3.719552e+08  1.208812e+03  3.719552e+08  6.000000e+00  8.700000e+01  5.920000e+02  3.719552e+08
8.058549e+00   1.208812e+03  3.719552e+08  1.208812e+03  3.719552e+08  6.000000e+00  8.700000e+01  5.920000e+02  3.719552e+08
8.216493e+00   1.208812e+03  3.719552e+08  1.208812e+03  3.719552e+08  6.000000e+00  8.700000e+01  5.920000e+02  3.719552e+08
8.374424e+00   1.485562e+03  4.007797e+08  1.485562e+03  4.007797e+08  1.600000e+01  2.430000e+02  8.321250e+02  4.007797e+08
8.532341e+00   1.208812e+03  3.719552e+08  1.208812e+03  3.719552e+08  6.000000e+00  8.700000e+01  5.920000e+02  3.719552e+08
8.690247e+00   1.208812e+03  3.719552e+08  1.208812e+03  3.719552e+08  6.000000e+00  8.700000e+01  5.920000e+02  3.719552e+08
8.848143e+00   1.208812e+03  3.719553e+08  1.208812e+03  3.719553e+08  6.000000e+00  8.700000e+01  5.920000e+02  3.719553e+08
9.006030e+00   1.485562e+03  4.007797e+08  1.485562e+03  4.007797e+08  1.700000e+01  2.450000e+02  8.321250e+02  4.007797e+08
9.163911e+00   1.208812e+03  3.719553e+08  1.208812e+03  3.719553e+08  6.000000e+00  8.700000e+01  5.920000e+02  3.719553e+08
9.321785e+00   1.208812e+03  3.719552e+08  1.208812e+03  3.719552e+08  6.000000e+00  8.700000e+01  5.920000e+02  3.719552e+08
9.479655e+00   1.208812e+03  3.719552e+08  1.208812e+03  3.719552e+08  6.000000e+00  8.700000e+01  5.920000e+02  3.719552e+08
9.637518e+00   1.485562e+03  4.007797e+08  1.485562e+03  4.007797e+08  1.600000e+01  2.430000e+02  8.321250e+02  4.007797e+08
9.795376e+00   1.208812e+03  3.719553e+08  1.208812e+03  3.719553e+08  6.000000e+00  8.700000e+01  5.920000e+02  3.719553e+08
9.953227e+00   1.208812e+03  3.719552e+08  1.208812e+03  3.719552e+08  6.000000e+00  8.700000e+01  5.920000e+02  3.719552e+08
1.011107e+01   1.208812e+03  3.719553e+08  1.208812e+03  3.719553e+08  6.000000e+00  8.700000e+01  5.920000e+02  3.719553e+08
1.026891e+01   1.485562e+03  4.007797e+08  1.485562e+03  4.007797e+08  1.700000e+01  2.450000e+02  8.321250e+02  4.007797e+08
1.042675e+01   1.551812e+03  3.826494e+08  1.551812e+03  3.826494e+08  1.800000e+01  1.915000e+03  9.065000e+02  3.826494e+08
1.058459e+01   1.208812e+03  3.719552e+08  1.208812e+03  3.719552e+08  6.000000e+00  8.700000e+01  5.920000e+02  3.719552e+08
1.074242e+01   1.208812e+03  3.719553e+08  1.208812e+03  3.719553e+08  6.000000e+00  8.700000e+01  5.920000e+02  3.719553e+08
1.090026e+01   1.485562e+03  4.007797e+08  1.485562e+03  4.007797e+08  1.600000e+01  2.430000e+02  8.321250e+02  4.007797e+08
1.105810e+01   1.208812e+03  3.719553e+08  1.208812e+03  3.719553e+08  6.000000e+00  8.700000e+01  5.920000e+02  3.719553e+08
1.121595e+01   1.208812e+03  3.719552e+08  1.208812e+03  3.719552e+08  6.000000e+00  8.700000e+01  5.920000e+02  3.719552e+08
1.137380e+01   1.208812e+03  3.719552e+08  1.208812e+03  3.719552e+08  6.000000e+00  8.700000e+01  5.920000e+02  3.719552e+08
1.153165e+01   1.485562e+03  4.007797e+08  1.485562e+03  4.007797e+08  1.700000e+01  2.450000e+02  8.321250e+02  4.007797e+08
1.168951e+01   1.208812e+03  3.719553e+08  1.208812e+03  3.719553e+08  6.000000e+00  8.700000e+01  5.920000e+02  3.719553e+08
1.184737e+01   1.208812e+03  3.719552e+08  1.208812e+03  3.719552e+08  6.000000e+00  8.700000e+01  5.920000e+02  3.719552e+08
1.200523e+01   1.208812e+03  3.719553e+08  1.208812e+03  3.719553e+08  6.000000e+00  8.700000e+01  5.920000e+02  3.719553e+08
1.216310e+01   1.485562e+03  4.007797e+08  1.485562e+03  4.007797e+08  1.600000e+01  2.430000e+02  8.321250e+02  4.007797e+08
1.232098e+01   1.208812e+03  3.719553e+08  1.208812e+03  3.719553e+08  6.000000e+00  8.700000e+01  5.920000e+02  3.719553e+08
1.247885e+01   1.208812e+03  3.719553e+08  1.208812e+03  3.719553e+08  6.000000e+00  8.700000e+01  5.920000e+02  3.719553e+08
1.263673e+01   1.208812e+03  3.719553e+08  1.208812e+03  3.719553e+08  6.000000e+00  8.700000e+01  5.920000e+02  3.719553e+08
1.279461e+01   1.485562e+03  4.007797e+08  1.485562e+03  4.007797e+08  1.700000e+01  2.450000e+02  8.321250e+02  4.007797e+08
1.295250e+01   1.208812e+03  3.719552e+08  1.208812e+03  3.719552e+08  6.000000e+00  8.700000e+01  5.920000e+02  3.719552e+08
1.311039e+01   1.208812e+03  3.719553e+08  1.208812e+03  3.719553e+08  6.000000e+00  8.700000e+01  5.920000e+02  3.719553e+08
1.326828e+01   1.208812e+03  3.719552e+08  1.208812e+03  3.719552e+08  6.000000e+00  8.700000e+01  5.920000e+02  3.719552e+08
1.342617e+01   1.485562e+03  4.007798e+08  1.485562e+03  4.007798e+08  1.700000e+01  3.710000e+02  8.321250e+02  4.007798e+08
1.358407e+01   1.208812e+03  3.719553e+08  1.208812e+03  3.719553e+08  6.000000e+00  8.700000e+01  5.920000e+02  3.719553e+08
1.374197e+01   1.208812e+03  3.719553e+08  1.208812e+03  3.719553e+08  6.000000e+00  8.700000e+01  5.920000e+02  3.719553e+08
1.389987e+01   1.208812e+03  3.719552e+08  1.208812e+03  3.719552e+08  6.000000e+00  8.700000e+01  5.920000e+02  3.719552e+08
1.405778e+01   1.485562e+03  4.007798e+08  1.485562e+03  4.007798e+08  1.700000e+01  2.450000e+02  8.321250e+02  4.007798e+08
1.421569e+01   1.208812e+03  3.719552e+08  1.208812e+03  3.719552e+08  6.000000e+00  8.700000e+01  5.920000e+02  3.719552e+08
1.437360e+01   1.208812e+03  3.719553e+08  1.208812e+03  3.719553e+08  6.000000e+00  8.700000e+01  5.920000e+02  3.719553e+08
1.453150e+01   1.208812e+03  3.719553e+08  1.208812e+03  3.719553e+08  6.000000e+00  8.700000e+01  5.920000e+02  3.719553e+08
1.468941e+01   1.485562e+03  4.007797e+08  1.485562e+03  4.007797e+08  1.600000e+01  2.430000e+02  8.321250e+02  4.007797e+08
1.484732e+01   1.208812e+03  3.719552e+08  1.208812e+03  3.719552e+08  6.000000e+00  8.700000e+01  5.920000e+02  3.719552e+08
1.500523e+01   1.208812e+03  3.719553e+08  1.208812e+03  3.719553e+08  6.000000e+00  8.700000e+01  5.920000e+02  3.719553e+08
1.516313e+01   1.208812e+03  3.719552e+08  1.208812e+03  3.719552e+08  6.000000e+00  8.700000e+01  5.920000e+02  3.719552e+08
1.532104e+01   1.485562e+03  4.007798e+08  1.485562e+03  4.007798e+08  1.700000e+01  2.450000e+02  8.321250e+02  4.007798e+08
1.547895e+01   1.208812e+03  3.719553e+08  1.208812e+03  3.719553e+08  6.000000e+00  8.700000e+01  5.920000e+02  3.719553e+08
1.563686e+01   1.208812e+03  3.719553e+08  1.208812e+03  3.719553e+08  6.000000e+00  8.700000e+01  5.920000e+02  3.719553e+08
1.579477e+01   1.208812e+03  3.719552e+08  1.208812e+03  3.719552e+08  6.000000e+00  8.700000e+01  5.920000e+02  3.719552e+08
1.595268e+01   1.485562e+03  4.007798e+08  1.485562e+03  4.007798e+08  1.600000e+01  2.430000e+02  8.321250e+02  4.007798e+08
1.611059e+01   1.208812e+03  3.719552e+08  1.208812e+03  3.719552e+08  6.000000e+00  8.700000e+01  5.920000e+02  3.719552e+08
1.626850e+01   1.208812e+03  3.719554e+08  1.208812e+03  3.719554e+08  6.000000e+00  8.700000e+01  5.920000e+02  3.719554e+08
1.642641e+01   1.208812e+03  3.719553e+08  1.208812e+03  3.719553e+08  6.000000e+00  8.700000e+01  5.920000e+02  3.719553e+08
1.658433e+01   1.485562e+03  4.007797e+08  1.485562e+03  4.007797e+08  1.700000e+01  2.450000e+02  8.321250e+02  4.007797e+08
1.674224e+01   1.208812e+03  3.719552e+08  1.208812e+03  3.719552e+08  6.000000e+00  8.700000e+01  5.920000e+02  3.719552e+08
1.690015e+01   1.208812e+03  3.719554e+08  1.208812e+03  3.719554e+08  6.000000e+00  8.700000e+01  5.920000e+02  3.719554e+08
1.705807e+01   1.208812e+03  3.719552e+08  1.208812e+03  3.719552e+08  6.000000e+00  8.700000e+01  5.920000e+02  3.719552e+08
1.721599e+01   1.485562e+03  4.007798e+08  1.485562e+03  4.007798e+08  1.600000e+01  2.430000e+02  8.321250e+02  4.007798e+08
1.737390e+01   1.208812e+03  3.719553e+08  1.208812e+03  3.719553e+08  6.000000e+00  8.700000e+01  5.920000e+02  3.719553e+08
1.753182e+01   1.208812e+03  3.719553e+08  1.208812e+03  3.719553e+08  6.000000e+00  8.700000e+01  5.920000e+02  3.719553e+08
1.768974e+01   1.208812e+03  3.719552e+08  1.208812e+03  3.719552e+08  6.000000e+00  8.700000e+01  5.920000e+02  3.719552e+08
1.784766e+01   1.485562e+03  4.007798e+08  1.485562e+03  4.007798e+08  1.700000e+01  2.450000e+02  8.321250e+02  4.007798e+08
1.800558e+01   1.208812e+03  3.719553e+08  1.208812e+03  3.719553e+08  6.000000e+00  8.700000e+01  5.920000e+02  3.719553e+08
1.816350e+01   1.208812e+03  3.719553e+08  1.208812e+03  3.719553e+08  6.000000e+00  8.700000e+01  5.920000e+02  3.719553e+08
1.832143e+01   1.208812e+03  3.719553e+08  1.208812e+03  3.719553e+08  6.000000e+00  8.700000e+01  5.920000e+02  3.719553e+08
1.847935e+01   1.485562e+03  4.007797e+08  1.485562e+03  4.007797e+08  1.600000e+01  2.430000e+02  8.321250e+02  4.007797e+08
1.863727e+01   1.208812e+03  3.719553e+08  1.208812e+03  3.719553e+08  6.000000e+00  8.700000e+01  5.920000e+02  3.719553e+08
1.879520e+01   1.208812e+03  3.719554e+08  1.208812e+03  3.719554e+08  6.000000e+00  8.700000e+01  5.920000e+02  3.719554e+08
1.895312e+01   1.208812e+03  3.719553e+08  1.208812e+03  3.719553e+08  6.000000e+00  8.700000e+01  5.920000e+02  3.719553e+08
1.911104e+01   1.485562e+03  4.007798e+08  1.485562e+03  4.007798e+08  1.700000e+01  2.450000e+02  8.321250e+02  4.007798e+08
1.926896e+01   1.208812e+03  3.719554e+08  1.208812e+03  3.719554e+08  6.000000e+00  8.700000e+01  5.920000e+02  3.719554e+08
1.942686e+01   1.208812e+03  3.719553e+08  1.208812e+03  3.719553e+08  6.000000e+00  8.700000e+01  5.920000e+02  3.719553e+08
1.958476e+01   1.208812e+03  3.719553e+08  1.208812e+03  3.719553e+08  6.000000e+00  8.700000e+01  5.920000e+02  3.719553e+08
1.974265e+01   1.485562e+03  4.007798e+08  1.485562e+03  4.007798e+08  1.700000e+01  3.710000e+02  8.321250e+02  4.007798e+08
1.990053e+01   1.208812e+03  3.719553e+08  1.208812e+03  3.719553e+08  6.000000e+00  8.700000e+01  5.920000e+02  3.719553e+08
2.005840e+01   1.320000e+03  3.806100e+08  1.320000e+03  3.806100e+08  1.500000e+01  1.600000e+02  6.941875e+02  3.806100e+08
2.021628e+01   1.208812e+03  3.719554e+08  1.208812e+03  3.719554e+08  6.000000e+00  8.700000e+01  5.920000e+02  3.719554e+08
2.037415e+01   1.828562e+03  4.114739e+08  1.828562e+03  4.114739e+08  2.900000e+01  2.073000e+03  1.146625e+03  4.114739e+08
2.053202e+01   1.208812e+03  3.719553e+08  1.208812e+03  3.719553e+08  6.000000e+00  8.700000e+01  5.920000e+02  3.719553e+08
2.068989e+01   1.208812e+03  3.719554e+08  1.208812e+03  3.719554e+08  6.000000e+00  8.700000e+01  5.920000e+02  3.719554e+08
2.084777e+01   1.208812e+03  3.719553e+08  1.208812e+03  3.719553e+08  6.000000e+00  8.700000e+01  5.920000e+02  3.719553e+08
2.100564e+01   1.485562e+03  4.007798e+08  1.485562e+03  4.007798e+08  1.600000e+01  2.430000e+02  8.321250e+02  4.007798e+08
2.116351e+01   1.208812e+03  3.719554e+08  1.208812e+03  3.719554e+08  6.000000e+00  8.700000e+01  5.920000e+02  3.719554e+08
2.132137e+01   1.208812e+03  3.719553e+08  1.208812e+03  3.719553e+08  6.000000e+00  8.700000e+01  5.920000e+02  3.719553e+08
2.147924e+01   1.208812e+03  3.719554e+08  1.208812e+03  3.719554e+08  6.000000e+00  8.700000e+01  5.920000e+02  3.719554e+08
2.163711e+01   1.485562e+03  4.007799e+08  1.485562e+03  4.007799e+08  1.700000e+01  2.450000e+02  8.321250e+02  4.007799e+08
2.179497e+01   1.208812e+03  3.719553e+08  1.208812e+03  3.719553e+08  6.000000e+00  8.700000e+01  5.920000e+02  3.719553e+08
2.195283e+01   1.208812e+03  3.719553e+08  1.208812e+03  3.719553e+08  6.000000e+00  8.700000e+01  5.920000e+02  3.719553e+08
2.211070e+01   1.208812e+03  3.719554e+08  1.208812e+03  3.719554e+08  6.000000e+00  8.700000e+01  5.920000e+02  3.719554e+08
2.226857e+01   1.485562e+03  4.007798e+08  1.485562e+03  4.007798e+08  1.600000e+01  2.430000e+02  8.321250e+02  4.007798e+08
2.242645e+01   1.208812e+03  3.719554e+08  1.208812e+03  3.719554e+08  6.000000e+00  8.700000e+01  5.920000e+02  3.719554e+08
2.258433e+01   1.208812e+03  3.719554e+08  1.208812e+03  3.719554e+08  6.000000e+00  8.700000e+01  5.920000e+02  3.719554e+08
2.274222e+01   1.208812e+03  3.719554e+08  1.208812e+03  3.719554e+08  6.000000e+00  8.700000e+01  5.920000e+02  3.719554e+08
2.290011e+01   1.485562e+03  4.007798e+08  1.485562e+03  4.007798e+08  1.700000e+01  2.450000e+02  8.321250e+02  4.007798e+08
2.305800e+01   1.208812e+03  3.719554e+08  1.208812e+03  3.719554e+08  6.000000e+00  8.700000e+01  5.920000e+02  3.719554e+08
2.321590e+01   1.208812e+03  3.719553e+08  1.208812e+03  3.719553e+08  6.000000e+00  8.700000e+01  5.920000e+02  3.719553e+08
2.337380e+01   1.208812e+03  3.719553e+08  1.208812e+03  3.719553e+08  6.000000e+00  8.700000e+01  5.920000e+02  3.719553e+08
2.353170e+01   1.485562e+03  4.007798e+08  1.485562e+03  4.007798e+08  1.600000e+01  2.430000e+02  8.321250e+02  4.007798e+08
2.368960e+01   1.208812e+03  3.719553e+08  1.208812e+03  3.719553e+08  6.000000e+00  8.700000e+01  5.920000e+02  3.719553e+08
2.384751e+01   1.208812e+03  3.719554e+08  1.208812e+03  3.719554e+08  6.000000e+00  8.700000e+01  5.920000e+02  3.719554e+08
2.400541e+01   1.208812e+03  3.719554e+08  1.208812e+03  3.719554e+08  6.000000e+00  8.700000e+01  5.920000e+02  3.719554e+08
2.416332e+01   1.485562e+03  4.007798e+08  1.485562e+03  4.007798e+08  1.700000e+01  2.450000e+02  8.321250e+02  4.007798e+08
2.432123e+01   1.208812e+03  3.719553e+08  1.208812e+03  3.719553e+08  6.000000e+00  8.700000e+01  5.920000e+02  3.719553e+08
2.447914e+01   1.208812e+03  3.719554e+08  1.208812e+03  3.719554e+08  6.000000e+00  8.700000e+01  5.920000e+02  3.719554e+08
2.463705e+01   1.208812e+03  3.719553e+08  1.208812e+03  3.719553e+08  6.000000e+00  8.700000e+01  5.920000e+02  3.719553e+08
2.479496e+01   1.485562e+03  4.007798e+08  1.485562e+03  4.007798e+08  1.600000e+01  2.430000e+02  8.321250e+02  4.007798e+08
2.495288e+01   1.208812e+03  3.719554e+08  1.208812e+03  3.719554e+08  6.000000e+00  8.700000e+01  5.920000e+02  3.719554e+08
2.511079e+01   1.208812e+03  3.719553e+08  1.208812e+03  3.719553e+08  6.000000e+00  8.700000e+01  5.920000e+02  3.719553e+08
2.526871e+01   1.208812e+03  3.719553e+08  1.208812e+03  3.719553e+08  6.000000e+00  8.700000e+01  5.920000e+02  3.719553e+08
2.542662e+01   1.485562e+03  4.007798e+08  1.485562e+03  4.007798e+08  1.700000e+01  2.450000e+02  8.321250e+02  4.007798e+08
2.558454e+01   1.208812e+03  3.719553e+08  1.208812e+03  3.719553e+08  6.000000e+00  8.700000e+01  5.920000e+02  3.719553e+08
2.574246e+01   1.208812e+03  3.719554e+08  1.208812e+03  3.719554e+08  6.000000e+00  8.700000e+01  5.920000e+02  3.719554e+08
2.590038e+01   1.208812e+03  3.719554e+08  1.208812e+03  3.719554e+08  6.000000e+00  8.700000e+01  5.920000e+02  3.719554e+08
2.605830e+01   1.485562e+03  4.007798e+08  1.485562e+03  4.007798e+08  1.700000e+01  3.710000e+02  8.321250e+02  4.007798e+08
2.621621e+01   1.208812e+03  3.719553e+08  1.208812e+03  3.719553e+08  6.000000e+00  8.700000e+01  5.920000e+02  3.719553e+08
2.637413e+01   1.208812e+03  3.719554e+08  1.208812e+03  3.719554e+08  6.000000e+00  8.700000e+01  5.920000e+02  3.719554e+08
2.653205e+01   1.208812e+03  3.719553e+08  1.208812e+03  3.719553e+08  6.000000e+00  8.700000e+01  5.920000e+02  3.719553e+08
2.668997e+01   1.485562e+03  4.007798e+08  1.485562e+03  4.007798e+08  1.700000e+01  2.450000e+02  8.321250e+02  4.007798e+08
2.684789e+01   1.208812e+03  3.719553e+08  1.208812e+03  3.719553e+08  6.000000e+00  8.700000e+01  5.920000e+02  3.719553e+08
2.700581e+01   1.208812e+03  3.719554e+08  1.208812e+03  3.719554e+08  6.000000e+00  8.700000e+01  5.920000e+02  3.719554e+08
2.716373e+01   1.208812e+03  3.719553e+08  1.208812e+03  3.719553e+08  6.000000e+00  8.700000e+01  5.920000e+02  3.719553e+08
2.732165e+01   1.485562e+03  4.007799e+08  1.485562e+03  4.007799e+08  1.600000e+01  2.430000e+02  8.321250e+02  4.007799e+08
2.747957e+01   1.208812e+03  3.719553e+08  1.208812e+03  3.719553e+08  6.000000e+00  8.700000e+01  5.920000e+02  3.719553e+08
2.763749e+01   1.208812e+03  3.719554e+08  1.208812e+03  3.719554e+08  6.000000e+00  8.700000e+01  5.920000e+02  3.719554e+08
2.779540e+01   1.208812e+03  3.719553e+08  1.208812e+03  3.719553e+08  6.000000e+00  8.700000e+01  5.920000e+02  3.719553e+08
2.795332e+01   1.485562e+03  4.007798e+08  1.485562e+03  4.007798e+08  1.700000e+01  2.450000e+02  8.321250e+02  4.007798e+08
2.811123e+01   1.208812e+03  3.719553e+08  1.208812e+03  3.719553e+08  6.000000e+00  8.700000e+01  5.920000e+02  3.719553e+08
2.826914e+01   1.208812e+03  3.719554e+08  1.208812e+03  3.719554e+08  6.000000e+00  8.700000e+01  5.920000e+02  3.719554e+08
2.842705e+01   1.208812e+03  3.719553e+08  1.208812e+03  3.719553e+08  6.000000e+00  8.700000e+01  5.920000e+02  3.719553e+08
2.858496e+01   1.485562e+03  4.007798e+08  1.485562e+03  4.007798e+08  1.600000e+01  2.430000e+02  8.321250e+02  4.007798e+08
2.874286e+01   1.208812e+03  3.719554e+08  1.208812e+03  3.719554e+08  6.000000e+00  8.700000e+01  5.920000e+02  3.719554e+08
2.890076e+01   1.208812e+03  3.719553e+08  1.208812e+03  3.719553e+08  6.000000e+00  8.700000e+01  5.920000e+02  3.719553e+08
2.905866e+01   1.208812e+03  3.719553e+08  1.208812e+03  3.719553e+08  6.000000e+00  8.700000e+01  5.920000e+02  3.719553e+08
2.921655e+01   1.485562e+03  4.007799e+08  1.485562e+03  4.007799e+08  1.700000e+01  2.450000e+02  8.321250e+02  4.007799e+08
2.937444e+01   1.208812e+03  3.719553e+08  1.208812e+03  3.719553e+08  6.000000e+00  8.700000e+01  5.920000e+02  3.719553e+08
2.953234e+01   1.208812e+03  3.719554e+08  1.208812e+03  3.719554e+08  6.000000e+00  8.700000e+01  5.920000e+02  3.719554e+08
2.969023e+01   1.208812e+03  3.719554e+08  1.208812e+03  3.719554e+08  6.000000e+00  8.700000e+01  5.920000e+02  3.719554e+08
2.984811e+01   1.485562e+03  4.007798e+08  1.485562e+03  4.007798e+08  1.600000e+01  2.430000e+02  8.321250e+02  4.007798e+08
3.000600e+01   1.208812e+03  3.719554e+08  1.208812e+03  3.719554e+08  6.000000e+00  8.700000e+01  5.920000e+02  3.719554e+08
3.016388e+01   1.208812e+03  3.719554e+08  1.208812e+03  3.719554e+08  6.000000e+00  8.700000e+01  5.920000e+02  3.719554e+08
3.032175e+01   1.551812e+03  3.826494e+08  1.551812e+03  3.826494e+08  1.800000e+01  1.915000e+03  9.065000e+02  3.826494e+08
3.047963e+01   1.485562e+03  4.007799e+08  1.485562e+03  4.007799e+08  1.700000e+01  2.450000e+02  8.321250e+02  4.007799e+08
3.063750e+01   1.208812e+03  3.719554e+08  1.208812e+03  3.719554e+08  6.000000e+00  8.700000e+01  5.920000e+02  3.719554e+08
3.079537e+01   1.208812e+03  3.719554e+08  1.208812e+03  3.719554e+08  6.000000e+00  8.700000e+01  5.920000e+02  3.719554e+08
3.095324e+01   1.208812e+03  3.719554e+08  1.208812e+03  3.719554e+08  6.000000e+00  8.700000e+01  5.920000e+02  3.719554e+08
3.111110e+01   1.485562e+03  4.007799e+08  1.485562e+03  4.007799e+08  1.600000e+01  2.430000e+02  8.321250e+02  4.007799e+08
3.126896e+01   1.208812e+03  3.719554e+08  1.208812e+03  3.719554e+08  6.000000e+00  8.700000e+01  5.920000e+02  3.719554e+08
3.142683e+01   1.208812e+03  3.719554e+08  1.208812e+03  3.719554e+08  6.000000e+00  8.700000e+01  5.920000e+02  3.719554e+08
3.158469e+01   1.208812e+03  3.719555e+08  1.208812e+03  3.719555e+08  6.000000e+00  8.700000e+01  5.920000e+02  3.719555e+08
3.174255e+01   1.485562e+03  4.007798e+08  1.485562e+03  4.007798e+08  1.700000e+01  2.450000e+02  8.321250e+02  4.007798e+08
3.190042e+01   1.208812e+03  3.719554e+08  1.208812e+03  3.719554e+08  6.000000e+00  8.700000e+01  5.920000e+02  3.719554e+08
3.205829e+01   1.208812e+03  3.719555e+08  1.208812e+03  3.719555e+08  6.000000e+00  8.700000e+01  5.920000e+02  3.719555e+08
3.221616e+01   1.208812e+03  3.719554e+08  1.208812e+03  3.719554e+08  6.000000e+00  8.700000e+01  5.920000e+02  3.719554e+08
3.237404e+01   1.485562e+03  4.007799e+08  1.485562e+03  4.007799e+08  1.700000e+01  3.710000e+02  8.321250e+02  4.007799e+08
3.253193e+01   1.208812e+03  3.719555e+08  1.208812e+03  3.719555e+08  6.000000e+00  8.700000e+01  5.920000e+02  3.719555e+08
3.268982e+01   1.208812e+03  3.719554e+08  1.208812e+03  3.719554e+08  6.000000e+00  8.700000e+01  5.920000e+02  3.719554e+08
3.284771e+01   1.208812e+03  3.719555e+08  1.208812e+03  3.719555e+08  6.000000e+00  8.700000e+01  5.920000e+02  3.719555e+08
3.300561e+01   1.485562e+03  4.007799e+08  1.485562e+03  4.007799e+08  1.700000e+01  2.450000e+02  8.321250e+02  4.007799e+08
3.316350e+01   1.208812e+03  3.719554e+08  1.208812e+03  3.719554e+08  6.000000e+00  8.700000e+01  5.920000e+02  3.719554e+08
3.332140e+01   1.208812e+03  3.719554e+08  1.208812e+03  3.719554e+08  6.000000e+00  8.700000e+01  5.920000e+02  3.719554e+08
3.347930e+01   1.208812e+03  3.719555e+08  1.208812e+03  3.719555e+08  6.000000e+00  8.700000e+01  5.920000e+02  3.719555e+08
3.363720e+01   1.485562e+03  4.007799e+08  1.485562e+03  4.007799e+08  1.600000e+01  2.430000e+02  8.321250e+02  4.007799e+08
3.379510e+01   1.208812e+03  3.719554e+08  1.208812e+03  3.719554e+08  6.000000e+00  8.700000e+01  5.920000e+02  3.719554e+08
3.395300e+01   1.208812e+03  3.719555e+08  1.208812e+03  3.719555e+08  6.000000e+00  8.700000e+01  5.920000e+02  3.719555e+08
3.411090e+01   1.208812e+03  3.719554e+08  1.208812e+03  3.719554e+08  6.000000e+00  8.700000e+01  5.920000e+02  3.719554e+08
3.426881e+01   1.485562e+03  4.007799e+08  1.485562e+03  4.007799e+08  1.700000e+01  2.450000e+02  8.321250e+02  4.007799e+08
3.442671e+01   1.208812e+03  3.719555e+08  1.208812e+03  3.719555e+08  6.000000e+00  8.700000e+01  5.920000e+02  3.719555e+08
3.458462e+01   1.208812e+03  3.719554e+08  1.208812e+03  3.719554e+08  6.000000e+00  8.700000e+01  5.920000e+02  3.719554e+08
3.474253e+01   1.208812e+03  3.719554e+08  1.208812e+03  3.719554e+08  6.000000e+00  8.700000e+01  5.920000e+02  3.719554e+08
3.490044e+01   1.485562e+03  4.007799e+08  1.485562e+03  4.007799e+08  1.600000e+01  2.430000e+02  8.321250e+02  4.007799e+08
3.505835e+01   1.208812e+03  3.719554e+08  1.208812e+03  3.719554e+08  6.000000e+00  8.700000e+01  5.920000e+02  3.719554e+08
3.521625e+01   1.208812e+03  3.719555e+08  1.208812e+03  3.719555e+08  6.000000e+00  8.700000e+01  5.920000e+02  3.719555e+08
3.537416e+01   1.208812e+03  3.719555e+08  1.208812e+03  3.719555e+08  6.000000e+00  8.700000e+01  5.920000e+02  3.719555e+08
3.553207e+01   1.485562e+03  4.007799e+08  1.485562e+03  4.007799e+08  1.700000e+01  2.450000e+02  8.321250e+02  4.007799e+08
3.568998e+01   1.208812e+03  3.719555e+08  1.208812e+03  3.719555e+08  6.000000e+00  8.700000e+01  5.920000e+02  3.719555e+08
3.584788e+01   1.208812e+03  3.719555e+08  1.208812e+03  3.719555e+08  6.000000e+00  8.700000e+01  5.920000e+02  3.719555e+08
3.600579e+01   1.208812e+03  3.719554e+08  1.208812e+03  3.719554e+08  6.000000e+00  8.700000e+01  5.920000e+02  3.719554e+08
3.616370e+01   1.485562e+03  4.007799e+08  1.485562e+03  4.007799e+08  1.600000e+01  2.430000e+02  8.321250e+02  4.007799e+08
3.632161e+01   1.208812e+03  3.719555e+08  1.208812e+03  3.719555e+08  6.000000e+00  8.700000e+01  5.920000e+02  3.719555e+08
3.647952e+01   1.208812e+03  3.719555e+08  1.208812e+03  3.719555e+08  6.000000e+00  8.700000e+01  5.920000e+02  3.719555e+08
3.663742e+01   1.208812e+03  3.719555e+08  1.208812e+03  3.719555e+08  6.000000e+00  8.700000e+01  5.920000e+02  3.719555e+08
3.679533e+01   1.485562e+03  4.007800e+08  1.485562e+03  4.007800e+08  1.700000e+01  2.450000e+02  8.321250e+02  4.007800e+08
3.695324e+01   1.208812e+03  3.719554e+08  1.208812e+03  3.719554e+08  6.000000e+00  8.700000e+01  5.920000e+02  3.719554e+08
3.711115e+01   1.208812e+03  3.719555e+08  1.208812e+03  3.719555e+08  6.000000e+00  8.700000e+01  5.920000e+02  3.719555e+08
3.726906e+01   1.208812e+03  3.719555e+08  1.208812e+03  3.719555e+08  6.000000e+00  8.700000e+01  5.920000e+02  3.719555e+08
3.742697e+01   1.485562e+03  4.007799e+08  1.485562e+03  4.007799e+08  1.600000e+01  2.430000e+02  8.321250e+02  4.007799e+08
3.758488e+01   1.208812e+03  3.719554e+08  1.208812e+03  3.719554e+08  6.000000e+00  8.700000e+01  5.920000e+02  3.719554e+08
3.774278e+01   1.208812e+03  3.719555e+08  1.208812e+03  3.719555e+08  6.000000e+00  8.700000e+01  5.920000e+02  3.719555e+08
3.790067e+01   1.208812e+03  3.719554e+08  1.208812e+03  3.719554e+08  6.000000e+00  8.700000e+01  5.920000e+02  3.719554e+08
3.805857e+01   1.485562e+03  4.007799e+08  1.485562e+03  4.007799e+08  1.700000e+01  2.450000e+02  8.321250e+02  4.007799e+08
3.821645e+01   1.208812e+03  3.719555e+08  1.208812e+03  3.719555e+08  6.000000e+00  8.700000e+01  5.920000e+02  3.719555e+08
3.837433e+01   1.208812e+03  3.719555e+08  1.208812e+03  3.719555e+08  6.000000e+00  8.700000e+01  5.920000e+02  3.719555e+08
3.853221e+01   1.208812e+03  3.719555e+08  1.208812e+03  3.719555e+08  6.000000e+00  8.700000e+01  5.920000e+02  3.719555e+08
3.869009e+01   1.485562e+03  4.007800e+08  1.485562e+03  4.007800e+08  1.700000e+01  3.710000e+02  8.321250e+02  4.007800e+08
3.884797e+01   1.208812e+03  3.719554e+08  1.208812e+03  3.719554e+08  6.000000e+00  8.700000e+01  5.920000e+02  3.719554e+08
3.900585e+01   1.208812e+03  3.719555e+08  1.208812e+03  3.719555e+08  6.000000e+00  8.700000e+01  5.920000e+02  3.719555e+08
3.916373e+01   1.208812e+03  3.719555e+08  1.208812e+03  3.719555e+08  6.000000e+00  8.700000e+01  5.920000e+02  3.719555e+08
3.932161e+01   1.485562e+03  4.007799e+08  1.485562e+03  4.007799e+08  1.700000e+01  2.450000e+02  8.321250e+02  4.007799e+08
3.947948e+01   1.208812e+03  3.719555e+08  1.208812e+03  3.719555e+08  6.000000e+00  8.700000e+01  5.920000e+02  3.719555e+08
3.963736e+01   1.208812e+03  3.719555e+08  1.208812e+03  3.719555e+08  6.000000e+00  8.700000e+01  5.920000e+02  3.719555e+08
3.979524e+01   1.208812e+03  3.719554e+08  1.208812e+03  3.719554e+08  6.000000e+00  8.700000e+01  5.920000e+02  3.719554e+08
3.995311e+01   1.485562e+03  4.007800e+08  1.485562e+03  4.007800e+08  1.600000e+01  2.430000e+02  8.321250e+02  4.007800e+08
4.011099e+01   1.320000e+03  3.806101e+08  1.320000e+03  3.806101e+08  1.500000e+01  1.600000e+02  6.941875e+02  3.806101e+08
4.026886e+01   1.208812e+03  3.719555e+08  1.208812e+03  3.719555e+08  6.000000e+00  8.700000e+01  5.920000e+02  3.719555e+08
4.042674e+01   1.551812e+03  3.826496e+08  1.551812e+03  3.826496e+08  1.800000e+01  1.915000e+03  9.065000e+02  3.826496e+08
4.058461e+01   1.485562e+03  4.007800e+08  1.485562e+03  4.007800e+08  1.700000e+01  2.450000e+02  8.321250e+02  4.007800e+08
4.074249e+01   1.208812e+03  3.719555e+08  1.208812e+03  3.719555e+08  6.000000e+00  8.700000e+01  5.920000e+02  3.719555e+08
4.090035e+01   1.208812e+03  3.719555e+08  1.208812e+03  3.719555e+08  6.000000e+00  8.700000e+01  5.920000e+02  3.719555e+08
4.105822e+01   1.208812e+03  3.719555e+08  1.208812e+03  3.719555e+08  6.000000e+00  8.700000e+01  5.920000e+02  3.719555e+08
4.121609e+01   1.485562e+03  4.007799e+08  1.485562e+03  4.007799e+08  1.600000e+01  2.430000e+02  8.321250e+02  4.007799e+08
4.137395e+01   1.208812e+03  3.719555e+08  1.208812e+03  3.719555e+08  6.000000e+00  8.700000e+01  5.920000e+02  3.719555e+08
4.153182e+01   1.208812e+03  3.719555e+08  1.208812e+03  3.719555e+08  6.000000e+00  8.700000e+01  5.920000e+02  3.719555e+08
4.168969e+01   1.208812e+03  3.719555e+08  1.208812e+03  3.719555e+08  6.000000e+00  8.700000e+01  5.920000e+02  3.719555e+08
4.184756e+01   1.485562e+03  4.007800e+08  1.485562e+03  4.007800e+08  1.700000e+01  2.450000e+02  8.321250e+02  4.007800e+08
4.200543e+01   1.208812e+03  3.719556e+08  1.208812e+03  3.719556e+08  6.000000e+00  8.700000e+01  5.920000e+02  3.719556e+08
4.216331e+01   1.208812e+03  3.719555e+08  1.208812e+03  3.719555e+08  6.000000e+00  8.700000e+01  5.920000e+02  3.719555e+08
4.232119e+01   1.208812e+03  3.719555e+08  1.208812e+03  3.719555e+08  6.000000e+00  8.700000e+01  5.920000e+02  3.719555e+08
4.247908e+01   1.485562e+03  4.007801e+08  1.485562e+03  4.007801e+08  1.600000e+01  2.430000e+02  8.321250e+02  4.007801e+08
4.263696e+01   1.208812e+03  3.719555e+08  1.208812e+03  3.719555e+08  6.000000e+00  8.700000e+01  5.920000e+02  3.719555e+08
4.279485e+01   1.208812e+03  3.719556e+08  1.208812e+03  3.719556e+08  6.000000e+00  8.700000e+01  5.920000e+02  3.719556e+08
4.295274e+01   1.208812e+03  3.719556e+08  1.208812e+03  3.719556e+08  6.000000e+00  8.700000e+01  5.920000e+02  3.719556e+08
4.311064e+01   1.485562e+03  4.007800e+08  1.485562e+03  4.007800e+08  1.700000e+01  2.450000e+02  8.321250e+02  4.007800e+08
4.326853e+01   1.208812e+03  3.719555e+08  1.208812e+03  3.719555e+08  6.000000e+00  8.700000e+01  5.920000e+02  3.719555e+08
4.342643e+01   1.208812e+03  3.719556e+08  1.208812e+03  3.719556e+08  6.000000e+00  8.700000e+01  5.920000e+02  3.719556e+08
4.358433e+01   1.208812e+03  3.719555e+08  1.208812e+03  3.719555e+08  6.000000e+00  8.700000e+01  5.920000e+02  3.719555e+08
4.374223e+01   1.485562e+03  4.007800e+08  1.485562e+03  4.007800e+08  1.600000e+01  2.430000e+02  8.321250e+02  4.007800e+08
4.390014e+01   1.208812e+03  3.719556e+08  1.208812e+03  3.719556e+08  6.000000e+00  8.700000e+01  5.920000e+02  3.719556e+08
4.405804e+01   1.208812e+03  3.719555e+08  1.208812e+03  3.719555e+08  6.000000e+00  8.700000e+01  5.920000e+02  3.719555e+08
4.421595e+01   1.208812e+03  3.719555e+08  1.208812e+03  3.719555e+08  6.000000e+00  8.700000e+01  5.920000e+02  3.719555e+08
4.437385e+01   1.485562e+03  4.007800e+08  1.485562e+03  4.007800e+08  1.700000e+01  2.450000e+02  8.321250e+02  4.007800e+08
4.453176e+01   1.208812e+03  3.719555e+08  1.208812e+03  3.719555e+08  6.000000e+00  8.700000e+01  5.920000e+02  3.719555e+08
4.468967e+01   1.208812e+03  3.719556e+08  1.208812e+03  3.719556e+08  6.000000e+00  8.700000e+01  5.920000e+02  3.719556e+08
4.484757e+01   1.208812e+03  3.719556e+08  1.208812e+03  3.719556e+08  6.000000e+00  8.700000e+01  5.920000e+02  3.719556e+08
4.500548e+01   1.485562e+03  4.007800e+08  1.485562e+03  4.007800e+08  1.700000e+01  3.710000e+02  8.321250e+02  4.007800e+08
4.516339e+01   1.208812e+03  3.719555e+08  1.208812e+03  3.719555e+08  6.000000e+00  8.700000e+01  5.920000e+02  3.719555e+08
4.532130e+01   1.208812e+03  3.719556e+08  1.208812e+03  3.719556e+08  6.000000e+00  8.700000e+01  5.920000e+02  3.719556e+08
4.547921e+01   1.208812e+03  3.719555e+08  1.208812e+03  3.719555e+08  6.000000e+00  8.700000e+01  5.920000e+02  3.719555e+08
4.563712e+01   1.485562e+03  4.007800e+08  1.485562e+03  4.007800e+08  1.700000e+01  2.450000e+02  8.321250e+02  4.007800e+08
4.579504e+01   1.208812e+03  3.719556e+08  1.208812e+03  3.719556e+08  6.000000e+00  8.700000e+01  5.920000e+02  3.719556e+08
4.595295e+01   1.208812e+03  3.719556e+08  1.208812e+03  3.719556e+08  6.000000e+00  8.700000e+01  5.920000e+02  3.719556e+08
4.611087e+01   1.208812e+03  3.719556e+08  1.208812e+03  3.719556e+08  6.000000e+00  8.700000e+01  5.920000e+02  3.719556e+08
4.626878e+01   1.485562e+03  4.007800e+08  1.485562e+03  4.007800e+08  1.600000e+01  2.430000e+02  8.321250e+02  4.007800e+08
4.642669e+01   1.208812e+03  3.719555e+08  1.208812e+03  3.719555e+08  6.000000e+00  8.700000e+01  5.920000e+02  3.719555e+08
4.658460e+01   1.208812e+03  3.719556e+08  1.208812e+03  3.719556e+08  6.000000e+00  8.700000e+01  5.920000e+02  3.719556e+08
4.674251e+01   1.208812e+03  3.719556e+08  1.208812e+03  3.719556e+08  6.000000e+00  8.700000e+01  5.920000e+02  3.719556e+08
4.690043e+01   1.485562e+03  4.007800e+08  1.485562e+03  4.007800e+08  1.700000e+01  2.450000e+02  8.321250e+02  4.007800e+08
4.705834e+01   1.208812e+03  3.719556e+08  1.208812e+03  3.719556e+08  6.000000e+00  8.700000e+01  5.920000e+02  3.719556e+08
4.721626e+01   1.208812e+03  3.719556e+08  1.208812e+03  3.719556e+08  6.000000e+00  8.700000e+01  5.920000e+02  3.719556e+08
4.737417e+01   1.208812e+03  3.719555e+08  1.208812e+03  3.719555e+08  6.000000e+00  8.700000e+01  5.920000e+02  3.719555e+08
4.753207e+01   1.485562e+03  4.007801e+08  1.485562e+03  4.007801e+08  1.600000e+01  2.430000e+02  8.321250e+02  4.007801e+08
4.768997e+01   1.208812e+03  3.719556e+08  1.208812e+03  3.719556e+08  6.000000e+00  8.700000e+01  5.920000e+02  3.719556e+08
4.784786e+01   1.208812e+03  3.719556e+08  1.208812e+03  3.719556e+08  6.000000e+00  8.700000e+01  5.920000e+02  3.719556e+08
4.800575e+01   1.208812e+03  3.719556e+08  1.208812e+03  3.719556e+08  6.000000e+00  8.700000e+01  5.920000e+02  3.719556e+08
4.816364e+01   1.485562e+03  4.007801e+08  1.485562e+03  4.007801e+08  1.700000e+01  2.450000e+02  8.321250e+02  4.007801e+08
4.832152e+01   1.208812e+03  3.719556e+08  1.208812e+03  3.719556e+08  6.000000e+00  8.700000e+01  5.920000e+02  3.719556e+08
4.847940e+01   1.208812e+03  3.719557e+08  1.208812e+03  3.719557e+08  6.000000e+00  8.700000e+01  5.920000e+02  3.719557e+08
4.863728e+01   1.208812e+03  3.719557e+08  1.208812e+03  3.719557e+08  6.000000e+00  8.700000e+01  5.920000e+02  3.719557e+08
4.879516e+01   1.485562e+03  4.007801e+08  1.485562e+03  4.007801e+08  1.600000e+01  2.430000e+02  8.321250e+02  4.007801e+08
4.895304e+01   1.208812e+03  3.719556e+08  1.208812e+03  3.719556e+08  6.000000e+00  8.700000e+01  5.920000e+02  3.719556e+08
4.911092e+01   1.208812e+03  3.719557e+08  1.208812e+03  3.719557e+08  6.000000e+00  8.700000e+01  5.920000e+02  3.719557e+08
4.926880e+01   1.208812e+03  3.719556e+08  1.208812e+03  3.719556e+08  6.000000e+00  8.700000e+01  5.920000e+02  3.719556e+08
4.942668e+01   1.485562e+03  4.007801e+08  1.485562e+03  4.007801e+08  1.700000e+01  2.450000e+02  8.321250e+02  4.007801e+08
4.958455e+01   1.208812e+03  3.719557e+08  1.208812e+03  3.719557e+08  6.000000e+00  8.700000e+01  5.920000e+02  3.719557e+08
4.974243e+01   1.208812e+03  3.719556e+08  1.208812e+03  3.719556e+08  6.000000e+00  8.700000e+01  5.920000e+02  3.719556e+08
4.990030e+01   1.208812e+03  3.719556e+08  1.208812e+03  3.719556e+08  6.000000e+00  8.700000e+01  5.920000e+02  3.719556e+08
5.005818e+01   1.485562e+03  4.007802e+08  1.485562e+03  4.007802e+08  1.600000e+01  2.430000e+02  8.321250e+02  4.007802e+08
5.021605e+01   1.208812e+03  3.719556e+08  1.208812e+03  3.719556e+08  6.000000e+00  8.700000e+01  5.920000e+02  3.719556e+08
5.037393e+01   1.551812e+03  3.826497e+08  1.551812e+03  3.826497e+08  1.800000e+01  1.915000e+03  9.065000e+02  3.826497e+08
5.053181e+01   1.208812e+03  3.719557e+08  1.208812e+03  3.719557e+08  6.000000e+00  8.700000e+01  5.920000e+02  3.719557e+08
5.068968e+01   1.485562e+03  4.007801e+08  1.485562e+03  4.007801e+08  1.700000e+01  2.450000e+02  8.321250e+02  4.007801e+08
5.084756e+01   1.208812e+03  3.719557e+08  1.208812e+03  3.719557e+08  6.000000e+00  8.700000e+01  5.920000e+02  3.719557e+08
5.100543e+01   1.208812e+03  3.719557e+08  1.208812e+03  3.719557e+08  6.000000e+00  8.700000e+01  5.920000e+02  3.719557e+08
5.116329e+01   1.208812e+03  3.719556e+08  1.208812e+03  3.719556e+08  6.000000e+00  8.700000e+01  5.920000e+02  3.719556e+08
5.132116e+01   1.485562e+03  4.007802e+08  1.485562e+03  4.007802e+08  1.700000e+01  3.710000e+02  8.321250e+02  4.007802e+08
5.147903e+01   1.208812e+03  3.719558e+08  1.208812e+03  3.719558e+08  6.000000e+00  8.700000e+01  5.920000e+02  3.719558e+08
5.163690e+01   1.208812e+03  3.719557e+08  1.208812e+03  3.719557e+08  6.000000e+00  8.700000e+01  5.920000e+02  3.719557e+08
5.179476e+01   1.208812e+03  3.719558e+08  1.208812e+03  3.719558e+08  6.000000e+00  8.700000e+01  5.920000e+02  3.719558e+08
5.195264e+01   1.485562e+03  4.007803e+08  1.485562e+03  4.007803e+08  1.700000e+01  2.450000e+02  8.321250e+02  4.007803e+08
5.211051e+01   1.208812e+03  3.719557e+08  1.208812e+03  3.719557e+08  6.000000e+00  8.700000e+01  5.920000e+02  3.719557e+08
5.226839e+01   1.208812e+03  3.719558e+08  1.208812e+03  3.719558e+08  6.000000e+00  8.700000e+01  5.920000e+02  3.719558e+08
5.242628e+01   1.208812e+03  3.719558e+08  1.208812e+03  3.719558e+08  6.000000e+00  8.700000e+01  5.920000e+02  3.719558e+08
5.258417e+01   1.485562e+03  4.007802e+08  1.485562e+03  4.007802e+08  1.600000e+01  2.430000e+02  8.321250e+02  4.007802e+08
5.274207e+01   1.208812e+03  3.719558e+08  1.208812e+03  3.719558e+08  6.000000e+00  8.700000e+01  5.920000e+02  3.719558e+08
5.289996e+01   1.208812e+03  3.719559e+08  1.208812e+03  3.719559e+08  6.000000e+00  8.700000e+01  5.920000e+02  3.719559e+08
5.305786e+01   1.208812e+03  3.719557e+08  1.208812e+03  3.719557e+08  6.000000e+00  8.700000e+01  5.920000e+02  3.719557e+08
5.321576e+01   1.485562e+03  4.007803e+08  1.485562e+03  4.007803e+08  1.700000e+01  2.450000e+02  8.321250e+02  4.007803e+08
5.337366e+01   1.208812e+03  3.719558e+08  1.208812e+03  3.719558e+08  6.000000e+00  8.700000e+01  5.920000e+02  3.719558e+08
5.353156e+01   1.208812e+03  3.719558e+08  1.208812e+03  3.719558e+08  6.000000e+00  8.700000e+01  5.920000e+02  3.719558e+08
5.368947e+01   1.208812e+03  3.719558e+08  1.208812e+03  3.719558e+08  6.000000e+00  8.700000e+01  5.920000e+02  3.719558e+08
5.384737e+01   1.485562e+03  4.007804e+08  1.485562e+03  4.007804e+08  1.600000e+01  2.430000e+02  8.321250e+02  4.007804e+08
5.400528e+01   1.208812e+03  3.719558e+08  1.208812e+03  3.719558e+08  6.000000e+00  8.700000e+01  5.920000e+02  3.719558e+08
5.416319e+01   1.208812e+03  3.719559e+08  1.208812e+03  3.719559e+08  6.000000e+00  8.700000e+01  5.920000e+02  3.719559e+08
5.432110e+01   1.208812e+03  3.719559e+08  1.208812e+03  3.719559e+08  6.000000e+00  8.700000e+01  5.920000e+02  3.719559e+08
5.447901e+01   1.485562e+03  4.007803e+08  1.485562e+03  4.007803e+08  1.700000e+01  2.450000e+02  8.321250e+02  4.007803e+08
5.463692e+01   1.208812e+03  3.719559e+08  1.208812e+03  3.719559e+08  6.000000e+00  8.700000e+01  5.920000e+02  3.719559e+08
5.479482e+01   1.208812e+03  3.719559e+08  1.208812e+03  3.719559e+08  6.000000e+00  8.700000e+01  5.920000e+02  3.719559e+08
5.495273e+01   1.208812e+03  3.719558e+08  1.208812e+03  3.719558e+08  6.000000e+00  8.700000e+01  5.920000e+02  3.719558e+08
5.511064e+01   1.485562e+03  4.007803e+08  1.485562e+03  4.007803e+08  1.600000e+01  2.430000e+02  8.321250e+02  4.007803e+08
5.526856e+01   1.208812e+03  3.719559e+08  1.208812e+03  3.719559e+08  6.000000e+00  8.700000e+01  5.920000e+02  3.719559e+08
5.542647e+01   1.208812e+03  3.719558e+08  1.208812e+03  3.719558e+08  6.000000e+00  8.700000e+01  5.920000e+02  3.719558e+08
5.558438e+01   1.208812e+03  3.719559e+08  1.208812e+03  3.719559e+08  6.000000e+00  8.700000e+01  5.920000e+02  3.719559e+08
5.574229e+01   1.485562e+03  4.007804e+08  1.485562e+03  4.007804e+08  1.700000e+01  2.450000e+02  8.321250e+02  4.007804e+08
5.590020e+01   1.208812e+03  3.719558e+08  1.208812e+03  3.719558e+08  6.000000e+00  8.700000e+01  5.920000e+02  3.719558e+08
5.605812e+01   1.208812e+03  3.719558e+08  1.208812e+03  3.719558e+08  6.000000e+00  8.700000e+01  5.920000e+02  3.719558e+08
5.621603e+01   1.208812e+03  3.719559e+08  1.208812e+03  3.719559e+08  6.000000e+00  8.700000e+01  5.920000e+02  3.719559e+08
5.637394e+01   1.485562e+03  4.007802e+08  1.485562e+03  4.007802e+08  1.600000e+01  2.430000e+02  8.321250e+02  4.007802e+08
5.653184e+01   1.208812e+03  3.719559e+08  1.208812e+03  3.719559e+08  6.000000e+00  8.700000e+01  5.920000e+02  3.719559e+08
5.668975e+01   1.208812e+03  3.719559e+08  1.208812e+03  3.719559e+08  6.000000e+00  8.700000e+01  5.920000e+02  3.719559e+08
5.684766e+01   1.208812e+03  3.719558e+08  1.208812e+03  3.719558e+08  6.000000e+00  8.700000e+01  5.920000e+02  3.719558e+08
5.700557e+01   1.485562e+03  4.007803e+08  1.485562e+03  4.007803e+08  1.700000e+01  2.450000e+02  8.321250e+02  4.007803e+08
5.716349e+01   1.208812e+03  3.719559e+08  1.208812e+03  3.719559e+08  6.000000e+00  8.700000e+01  5.920000e+02  3.719559e+08
5.732140e+01   1.208812e+03  3.719558e+08  1.208812e+03  3.719558e+08  6.000000e+00  8.700000e+01  5.920000e+02  3.719558e+08
5.747930e+01   1.208812e+03  3.719559e+08  1.208812e+03  3.719559e+08  6.000000e+00  8.700000e+01  5.920000e+02  3.719559e+08
5.763720e+01   1.485562e+03  4.007803e+08  1.485562e+03  4.007803e+08  1.700000e+01  3.710000e+02  8.321250e+02  4.007803e+08
5.779509e+01   1.208812e+03  3.719558e+08  1.208812e+03  3.719558e+08  6.000000e+00  8.700000e+01  5.920000e+02  3.719558e+08
5.795298e+01   1.208812e+03  3.719559e+08  1.208812e+03  3.719559e+08  6.000000e+00  8.700000e+01  5.920000e+02  3.719559e+08
5.811087e+01   1.208812e+03  3.719560e+08  1.208812e+03  3.719560e+08  6.000000e+00  8.700000e+01  5.920000e+02  3.719560e+08
5.826875e+01   1.485562e+03  4.007803e+08  1.485562e+03  4.007803e+08  1.700000e+01  2.450000e+02  8.321250e+02  4.007803e+08
5.842663e+01   1.208812e+03  3.719559e+08  1.208812e+03  3.719559e+08  6.000000e+00  8.700000e+01  5.920000e+02  3.719559e+08
5.858451e+01   1.208812e+03  3.719560e+08  1.208812e+03  3.719560e+08  6.000000e+00  8.700000e+01  5.920000e+02  3.719560e+08
5.874239e+01   1.208812e+03  3.719558e+08  1.208812e+03  3.719558e+08  6.000000e+00  8.700000e+01  5.920000e+02  3.719558e+08
5.890027e+01   1.485562e+03  4.007804e+08  1.485562e+03  4.007804e+08  1.600000e+01  2.430000e+02  8.321250e+02  4.007804e+08
5.905815e+01   1.208812e+03  3.719560e+08  1.208812e+03  3.719560e+08  6.000000e+00  8.700000e+01  5.920000e+02  3.719560e+08
5.921603e+01   1.208812e+03  3.719558e+08  1.208812e+03  3.719558e+08  6.000000e+00  8.700000e+01  5.920000e+02  3.719558e+08
5.937391e+01   1.208812e+03  3.719559e+08  1.208812e+03  3.719559e+08  6.000000e+00  8.700000e+01  5.920000e+02  3.719559e+08
5.953179e+01   1.485562e+03  4.007804e+08  1.485562e+03  4.007804e+08  1.700000e+01  2.450000e+02  8.321250e+02  4.007804e+08
5.968966e+01   1.208812e+03  3.719558e+08  1.208812e+03  3.719558e+08  6.000000e+00  8.700000e+01  5.920000e+02  3.719558e+08
5.984754e+01   1.208812e+03  3.719559e+08  1.208812e+03  3.719559e+08  6.000000e+00  8.700000e+01  5.920000e+02  3.719559e+08
6.000541e+01   1.320000e+03  3.806106e+08  1.320000e+03  3.806106e+08  1.500000e+01  1.600000e+02  6.941875e+02  3.806106e+08
6.016329e+01   1.485562e+03  4.007803e+08  1.485562e+03  4.007803e+08  1.600000e+01  2.430000e+02  8.321250e+02  4.007803e+08
6.032116e+01   1.551812e+03  3.826499e+08  1.551812e+03  3.826499e+08  1.800000e+01  1.915000e+03  9.065000e+02  3.826499e+08
6.047904e+01   1.208812e+03  3.719560e+08  1.208812e+03  3.719560e+08  6.000000e+00  8.700000e+01  5.920000e+02  3.719560e+08
6.063691e+01   1.208812e+03  3.719558e+08  1.208812e+03  3.719558e+08  6.000000e+00  8.700000e+01  5.920000e+02  3.719558e+08
6.079478e+01   1.485562e+03  4.007804e+08  1.485562e+03  4.007804e+08  1.700000e+01  2.450000e+02  8.321250e+02  4.007804e+08
6.095265e+01   1.208812e+03  3.719560e+08  1.208812e+03  3.719560e+08  6.000000e+00  8.700000e+01  5.920000e+02  3.719560e+08
6.111052e+01   1.208812e+03  3.719558e+08  1.208812e+03  3.719558e+08  6.000000e+00  8.700000e+01  5.920000e+02  3.719558e+08
6.126839e+01   1.208812e+03  3.719559e+08  1.208812e+03  3.719559e+08  6.000000e+00  8.700000e+01  5.920000e+02  3.719559e+08
6.142626e+01   1.485562e+03  4.007805e+08  1.485562e+03  4.007805e+08  1.600000e+01  2.430000e+02  8.321250e+02  4.007805e+08
6.158412e+01   1.208812e+03  3.719558e+08  1.208812e+03  3.719558e+08  6.000000e+00  8.700000e+01  5.920000e+02  3.719558e+08
6.174199e+01   1.208812e+03  3.719560e+08  1.208812e+03  3.719560e+08  6.000000e+00  8.700000e+01  5.920000e+02  3.719560e+08
6.189986e+01   1.208812e+03  3.719560e+08  1.208812e+03  3.719560e+08  6.000000e+00  8.700000e+01  5.920000e+02  3.719560e+08
6.205773e+01   1.485562e+03  4.007804e+08  1.485562e+03  4.007804e+08  1.700000e+01  2.450000e+02  8.321250e+02  4.007804e+08
6.221560e+01   1.208812e+03  3.719559e+08  1.208812e+03  3.719559e+08  6.000000e+00  8.700000e+01  5.920000e+02  3.719559e+08
6.237348e+01   1.208812e+03  3.719561e+08  1.208812e+03  3.719561e+08  6.000000e+00  8.700000e+01  5.920000e+02  3.719561e+08
6.253137e+01   1.208812e+03  3.719559e+08  1.208812e+03  3.719559e+08  6.000000e+00  8.700000e+01  5.920000e+02  3.719559e+08
6.268927e+01   1.485562e+03  4.007806e+08  1.485562e+03  4.007806e+08  1.600000e+01  2.430000e+02  8.321250e+02  4.007806e+08
6.284716e+01   1.208812e+03  3.719561e+08  1.208812e+03  3.719561e+08  6.000000e+00  8.700000e+01  5.920000e+02  3.719561e+08
6.300505e+01   1.208812e+03  3.719559e+08  1.208812e+03  3.719559e+08  6.000000e+00  8.700000e+01  5.920000e+02  3.719559e+08
6.316295e+01   1.208812e+03  3.719559e+08  1.208812e+03  3.719559e+08  6.000000e+00  8.700000e+01  5.920000e+02  3.719559e+08
6.332085e+01   1.485562e+03  4.007806e+08  1.485562e+03  4.007806e+08  1.700000e+01  2.450000e+02  8.321250e+02  4.007806e+08
6.347876e+01   1.208812e+03  3.719559e+08  1.208812e+03  3.719559e+08  6.000000e+00  8.700000e+01  5.920000e+02  3.719559e+08
6.363666e+01   1.208812e+03  3.719560e+08  1.208812e+03  3.719560e+08  6.000000e+00  8.700000e+01  5.920000e+02  3.719560e+08
6.379457e+01   1.208812e+03  3.719560e+08  1.208812e+03  3.719560e+08  6.000000e+00  8.700000e+01  5.920000e+02  3.719560e+08
6.395248e+01   1.485562e+03  4.007804e+08  1.485562e+03  4.007804e+08  1.700000e+01  3.710000e+02  8.321250e+02  4.007804e+08
6.411039e+01   1.208812e+03  3.719559e+08  1.208812e+03  3.719559e+08  6.000000e+00  8.700000e+01  5.920000e+02  3.719559e+08
6.426830e+01   1.208812e+03  3.719560e+08  1.208812e+03  3.719560e+08  6.000000e+00  8.700000e+01  5.920000e+02  3.719560e+08
6.442621e+01   1.208812e+03  3.719559e+08  1.208812e+03  3.719559e+08  6.000000e+00  8.700000e+01  5.920000e+02  3.719559e+08
6.458412e+01   1.485562e+03  4.007805e+08  1.485562e+03  4.007805e+08  1.700000e+01  2.450000e+02  8.321250e+02  4.007805e+08
6.474203e+01   1.208812e+03  3.719561e+08  1.208812e+03  3.719561e+08  6.000000e+00  8.700000e+01  5.920000e+02  3.719561e+08
6.489994e+01   1.208812e+03  3.719560e+08  1.208812e+03  3.719560e+08  6.000000e+00  8.700000e+01  5.920000e+02  3.719560e+08
6.505785e+01   1.208812e+03  3.719560e+08  1.208812e+03  3.719560e+08  6.000000e+00  8.700000e+01  5.920000e+02  3.719560e+08
6.521576e+01   1.485562e+03  4.007807e+08  1.485562e+03  4.007807e+08  1.600000e+01  2.430000e+02  8.321250e+02  4.007807e+08
6.537367e+01   1.208812e+03  3.719560e+08  1.208812e+03  3.719560e+08  6.000000e+00  8.700000e+01  5.920000e+02  3.719560e+08
6.553158e+01   1.208812e+03  3.719562e+08  1.208812e+03  3.719562e+08  6.000000e+00  8.700000e+01  5.920000e+02  3.719562e+08
6.568949e+01   1.208812e+03  3.719561e+08  1.208812e+03  3.719561e+08  6.000000e+00  8.700000e+01  5.920000e+02  3.719561e+08
6.584740e+01   1.485562e+03  4.007806e+08  1.485562e+03  4.007806e+08  1.700000e+01  2.450000e+02  8.321250e+02  4.007806e+08
6.600531e+01   1.208812e+03  3.719560e+08  1.208812e+03  3.719560e+08  6.000000e+00  8.700000e+01  5.920000e+02  3.719560e+08
6.616322e+01   1.208812e+03  3.719562e+08  1.208812e+03  3.719562e+08  6.000000e+00  8.700000e+01  5.920000e+02  3.719562e+08
6.632112e+01   1.208812e+03  3.719560e+08  1.208812e+03  3.719560e+08  6.000000e+00  8.700000e+01  5.920000e+02  3.719560e+08
6.647902e+01   1.485562e+03  4.007807e+08  1.485562e+03  4.007807e+08  1.600000e+01  2.430000e+02  8.321250e+02  4.007807e+08
6.663693e+01   1.208812e+03  3.719561e+08  1.208812e+03  3.719561e+08  6.000000e+00  8.700000e+01  5.920000e+02  3.719561e+08
6.679483e+01   1.208812e+03  3.719561e+08  1.208812e+03  3.719561e+08  6.000000e+00  8.700000e+01  5.920000e+02  3.719561e+08
6.695274e+01   1.208812e+03  3.719560e+08  1.208812e+03  3.719560e+08  6.000000e+00  8.700000e+01  5.920000e+02  3.719560e+08
6.711065e+01   1.485562e+03  4.007807e+08  1.485562e+03  4.007807e+08  1.700000e+01  2.450000e+02  8.321250e+02  4.007807e+08
6.726856e+01   1.208812e+03  3.719560e+08  1.208812e+03  3.719560e+08  6.000000e+00  8.700000e+01  5.920000e+02  3.719560e+08
6.742646e+01   1.208812e+03  3.719562e+08  1.208812e+03  3.719562e+08  6.000000e+00  8.700000e+01  5.920000e+02  3.719562e+08
6.758436e+01   1.208812e+03  3.719561e+08  1.208812e+03  3.719561e+08  6.000000e+00  8.700000e+01  5.920000e+02  3.719561e+08
6.774225e+01   1.485562e+03  4.007805e+08  1.485562e+03  4.007805e+08  1.600000e+01  2.430000e+02  8.321250e+02  4.007805e+08
6.790014e+01   1.208812e+03  3.719561e+08  1.208812e+03  3.719561e+08  6.000000e+00  8.700000e+01  5.920000e+02  3.719561e+08
6.805803e+01   1.208812e+03  3.719562e+08  1.208812e+03  3.719562e+08  6.000000e+00  8.700000e+01  5.920000e+02  3.719562e+08
6.821591e+01   1.208812e+03  3.719560e+08  1.208812e+03  3.719560e+08  6.000000e+00  8.700000e+01  5.920000e+02  3.719560e+08
6.837379e+01   1.485562e+03  4.007807e+08  1.485562e+03  4.007807e+08  1.700000e+01  2.450000e+02  8.321250e+02  4.007807e+08
6.853167e+01   1.208812e+03  3.719561e+08  1.208812e+03  3.719561e+08  6.000000e+00  8.700000e+01  5.920000e+02  3.719561e+08
6.868955e+01   1.208812e+03  3.719561e+08  1.208812e+03  3.719561e+08  6.000000e+00  8.700000e+01  5.920000e+02  3.719561e+08
6.884743e+01   1.208812e+03  3.719560e+08  1.208812e+03  3.719560e+08  6.000000e+00  8.700000e+01  5.920000e+02  3.719560e+08
6.900531e+01   1.485562e+03  4.007808e+08  1.485562e+03  4.007808e+08  1.600000e+01  2.430000e+02  8.321250e+02  4.007808e+08
6.916319e+01   1.208812e+03  3.719560e+08  1.208812e+03  3.719560e+08  6.000000e+00  8.700000e+01  5.920000e+02  3.719560e+08
6.932106e+01   1.208812e+03  3.719562e+08  1.208812e+03  3.719562e+08  6.000000e+00  8.700000e+01  5.920000e+02  3.719562e+08
6.947893e+01   1.208812e+03  3.719561e+08  1.208812e+03  3.719561e+08  6.000000e+00  8.700000e+01  5.920000e+02  3.719561e+08
6.963680e+01   1.485562e+03  4.007806e+08  1.485562e+03  4.007806e+08  1.700000e+01  2.450000e+02  8.321250e+02  4.007806e+08
6.979467e+01   1.208812e+03  3.719560e+08  1.208812e+03  3.719560e+08  6.000000e+00  8.700000e+01  5.920000e+02  3.719560e+08
6.995254e+01   1.208812e+03  3.719562e+08  1.208812e+03  3.719562e+08  6.000000e+00  8.700000e+01  5.920000e+02  3.719562e+08
7.011041e+01   1.208812e+03  3.719560e+08  1.208812e+03  3.719560e+08  6.000000e+00  8.700000e+01  5.920000e+02  3.719560e+08
7.026829e+01   1.485562e+03  4.007807e+08  1.485562e+03  4.007807e+08  1.700000e+01  3.710000e+02  8.321250e+02  4.007807e+08
7.042616e+01   1.551812e+03  3.826502e+08  1.551812e+03  3.826502e+08  1.800000e+01  1.915000e+03  9.065000e+02  3.826502e+08
7.058404e+01   1.208812e+03  3.719561e+08  1.208812e+03  3.719561e+08  6.000000e+00  8.700000e+01  5.920000e+02  3.719561e+08
7.074192e+01   1.208812e+03  3.719560e+08  1.208812e+03  3.719560e+08  6.000000e+00  8.700000e+01  5.920000e+02  3.719560e+08
7.089979e+01   1.485562e+03  4.007808e+08  1.485562e+03  4.007808e+08  1.700000e+01  2.450000e+02  8.321250e+02  4.007808e+08
7.105766e+01   1.208812e+03  3.719560e+08  1.208812e+03  3.719560e+08  6.000000e+00  8.700000e+01  5.920000e+02  3.719560e+08
7.121552e+01   1.208812e+03  3.719562e+08  1.208812e+03  3.719562e+08  6.000000e+00  8.700000e+01  5.920000e+02  3.719562e+08
7.137339e+01   1.208812e+03  3.719562e+08  1.208812e+03  3.719562e+08  6.000000e+00  8.700000e+01  5.920000e+02  3.719562e+08
7.153126e+01   1.485562e+03  4.007806e+08  1.485562e+03  4.007806e+08  1.600000e+01  2.430000e+02  8.321250e+02  4.007806e+08
7.168912e+01   1.208812e+03  3.719560e+08  1.208812e+03  3.719560e+08  6.000000e+00  8.700000e+01  5.920000e+02  3.719560e+08
7.184699e+01   1.208812e+03  3.719563e+08  1.208812e+03  3.719563e+08  6.000000e+00  8.700000e+01  5.920000e+02  3.719563e+08
7.200486e+01   1.208812e+03  3.719560e+08  1.208812e+03  3.719560e+08  6.000000e+00  8.700000e+01  5.920000e+02  3.719560e+08
7.216273e+01   1.485562e+03  4.007808e+08  1.485562e+03  4.007808e+08  1.700000e+01  2.450000e+02  8.321250e+02  4.007808e+08
7.232061e+01   1.208812e+03  3.719562e+08  1.208812e+03  3.719562e+08  6.000000e+00  8.700000e+01  5.920000e+02  3.719562e+08
7.247850e+01   1.208812e+03  3.719561e+08  1.208812e+03  3.719561e+08  6.000000e+00  8.700000e+01  5.920000e+02  3.719561e+08
7.263638e+01   1.208812e+03  3.719562e+08  1.208812e+03  3.719562e+08  6.000000e+00  8.700000e+01  5.920000e+02  3.719562e+08
7.279427e+01   1.485562e+03  4.007808e+08  1.485562e+03  4.007808e+08  1.600000e+01  2.430000e+02  8.321250e+02  4.007808e+08
7.295216e+01   1.208812e+03  3.719561e+08  1.208812e+03  3.719561e+08  6.000000e+00  8.700000e+01  5.920000e+02  3.719561e+08
7.311005e+01   1.208812e+03  3.719562e+08  1.208812e+03  3.719562e+08  6.000000e+00  8.700000e+01  5.920000e+02  3.719562e+08
7.326795e+01   1.208812e+03  3.719562e+08  1.208812e+03  3.719562e+08  6.000000e+00  8.700000e+01  5.920000e+02  3.719562e+08
7.342584e+01   1.485562e+03  4.007806e+08  1.485562e+03  4.007806e+08  1.700000e+01  2.450000e+02  8.321250e+02  4.007806e+08
7.358374e+01   1.208812e+03  3.719561e+08  1.208812e+03  3.719561e+08  6.000000e+00  8.700000e+01  5.920000e+02  3.719561e+08
7.374164e+01   1.208812e+03  3.719563e+08  1.208812e+03  3.719563e+08  6.000000e+00  8.700000e+01  5.920000e+02  3.719563e+08
7.389955e+01   1.208812e+03  3.719561e+08  1.208812e+03  3.719561e+08  6.000000e+00  8.700000e+01  5.920000e+02  3.719561e+08
7.405746e+01   1.485562e+03  4.007806e+08  1.485562e+03  4.007806e+08  1.600000e+01  2.430000e+02  8.321250e+02  4.007806e+08
7.421537e+01   1.208812e+03  3.719562e+08  1.208812e+03  3.719562e+08  6.000000e+00  8.700000e+01  5.920000e+02  3.719562e+08
7.437328e+01   1.208812e+03  3.719561e+08  1.208812e+03  3.719561e+08  6.000000e+00  8.700000e+01  5.920000e+02  3.719561e+08
7.453119e+01   1.208812e+03  3.719562e+08  1.208812e+03  3.719562e+08  6.000000e+00  8.700000e+01  5.920000e+02  3.719562e+08
7.468910e+01   1.485562e+03  4.007808e+08  1.485562e+03  4.007808e+08  1.700000e+01  2.450000e+02  8.321250e+02  4.007808e+08
7.484701e+01   1.208812e+03  3.719562e+08  1.208812e+03  3.719562e+08  6.000000e+00  8.700000e+01  5.920000e+02  3.719562e+08
7.500492e+01   1.208812e+03  3.719563e+08  1.208812e+03  3.719563e+08  6.000000e+00  8.700000e+01  5.920000e+02  3.719563e+08
7.516283e+01   1.208812e+03  3.719563e+08  1.208812e+03  3.719563e+08  6.000000e+00  8.700000e+01  5.920000e+02  3.719563e+08
7.532074e+01   1.485562e+03  4.007806e+08  1.485562e+03  4.007806e+08  1.600000e+01  2.430000e+02  8.321250e+02  4.007806e+08
7.547865e+01   1.208812e+03  3.719563e+08  1.208812e+03  3.719563e+08  6.000000e+00  8.700000e+01  5.920000e+02  3.719563e+08
7.563657e+01   1.208812e+03  3.719562e+08  1.208812e+03  3.719562e+08  6.000000e+00  8.700000e+01  5.920000e+02  3.719562e+08
7.579448e+01   1.208812e+03  3.719562e+08  1.208812e+03  3.719562e+08  6.000000e+00  8.700000e+01  5.920000e+02  3.719562e+08
7.595238e+01   1.485562e+03  4.007807e+08  1.485562e+03  4.007807e+08  1.700000e+01  2.450000e+02  8.321250e+02  4.007807e+08
7.611029e+01   1.208812e+03  3.719562e+08  1.208812e+03  3.719562e+08  6.000000e+00  8.700000e+01  5.920000e+02  3.719562e+08
7.626820e+01   1.208812e+03  3.719562e+08  1.208812e+03  3.719562e+08  6.000000e+00  8.700000e+01  5.920000e+02  3.719562e+08
7.642610e+01   1.208812e+03  3.719562e+08  1.208812e+03  3.719562e+08  6.000000e+00  8.700000e+01  5.920000e+02  3.719562e+08
7.658400e+01   1.485562e+03  4.007808e+08  1.485562e+03  4.007808e+08  1.700000e+01  3.710000e+02  8.321250e+02  4.007808e+08
7.674191e+01   1.208812e+03  3.719561e+08  1.208812e+03  3.719561e+08  6.000000e+00  8.700000e+01  5.920000e+02  3.719561e+08
7.689981e+01   1.208812e+03  3.719562e+08  1.208812e+03  3.719562e+08  6.000000e+00  8.700000e+01  5.920000e+02  3.719562e+08
7.705772e+01   1.208812e+03  3.719562e+08  1.208812e+03  3.719562e+08  6.000000e+00  8.700000e+01  5.920000e+02  3.719562e+08
7.721562e+01   1.485562e+03  4.007806e+08  1.485562e+03  4.007806e+08  1.700000e+01  2.450000e+02  8.321250e+02  4.007806e+08
7.737353e+01   1.208812e+03  3.719562e+08  1.208812e+03  3.719562e+08  6.000000e+00  8.700000e+01  5.920000e+02  3.719562e+08
7.753143e+01   1.208812e+03  3.719563e+08  1.208812e+03  3.719563e+08  6.000000e+00  8.700000e+01  5.920000e+02  3.719563e+08
7.768933e+01   1.208812e+03  3.719561e+08  1.208812e+03  3.719561e+08  6.000000e+00  8.700000e+01  5.920000e+02  3.719561e+08
7.784722e+01   1.485562e+03  4.007808e+08  1.485562e+03  4.007808e+08  1.600000e+01  2.430000e+02  8.321250e+02  4.007808e+08
7.800511e+01   1.208812e+03  3.719562e+08  1.208812e+03  3.719562e+08  6.000000e+00  8.700000e+01  5.920000e+02  3.719562e+08
7.816299e+01   1.208812e+03  3.719562e+08  1.208812e+03  3.719562e+08  6.000000e+00  8.700000e+01  5.920000e+02  3.719562e+08
7.832087e+01   1.208812e+03  3.719561e+08  1.208812e+03  3.719561e+08  6.000000e+00  8.700000e+01  5.920000e+02  3.719561e+08
7.847876e+01   1.485562e+03  4.007808e+08  1.485562e+03  4.007808e+08  1.700000e+01  2.450000e+02  8.321250e+02  4.007808e+08
7.863664e+01   1.208812e+03  3.719561e+08  1.208812e+03  3.719561e+08  6.000000e+00  8.700000e+01  5.920000e+02  3.719561e+08
7.879452e+01   1.208812e+03  3.719563e+08  1.208812e+03  3.719563e+08  6.000000e+00  8.700000e+01  5.920000e+02  3.719563e+08
7.895240e+01   1.208812e+03  3.719562e+08  1.208812e+03  3.719562e+08  6.000000e+00  8.700000e+01  5.920000e+02  3.719562e+08
7.911028e+01   1.485562e+03  4.007807e+08  1.485562e+03  4.007807e+08  1.600000e+01  2.430000e+02  8.321250e+02  4.007807e+08
7.926816e+01   1.208812e+03  3.719561e+08  1.208812e+03  3.719561e+08  6.000000e+00  8.700000e+01  5.920000e+02  3.719561e+08
7.942603e+01   1.208812e+03  3.719562e+08  1.208812e+03  3.719562e+08  6.000000e+00  8.700000e+01  5.920000e+02  3.719562e+08
7.958391e+01   1.208812e+03  3.719560e+08  1.208812e+03  3.719560e+08  6.000000e+00  8.700000e+01  5.920000e+02  3.719560e+08
7.974178e+01   1.485562e+03  4.007807e+08  1.485562e+03  4.007807e+08  1.700000e+01  2.450000e+02  8.321250e+02  4.007807e+08
7.989965e+01   1.208812e+03  3.719562e+08  1.208812e+03  3.719562e+08  6.000000e+00  8.700000e+01  5.920000e+02  3.719562e+08
8.005751e+01   1.320000e+03  3.806107e+08  1.320000e+03  3.806107e+08  1.500000e+01  1.600000e+02  6.941875e+02  3.806107e+08
8.021539e+01   1.208812e+03  3.719561e+08  1.208812e+03  3.719561e+08  6.000000e+00  8.700000e+01  5.920000e+02  3.719561e+08
8.037326e+01   1.828562e+03  4.114747e+08  1.828562e+03  4.114747e+08  2.800000e+01  2.071000e+03  1.146625e+03  4.114747e+08
8.053114e+01   1.208812e+03  3.719560e+08  1.208812e+03  3.719560e+08  6.000000e+00  8.700000e+01  5.920000e+02  3.719560e+08
8.068901e+01   1.208812e+03  3.719562e+08  1.208812e+03  3.719562e+08  6.000000e+00  8.700000e+01  5.920000e+02  3.719562e+08
8.084688e+01   1.208812e+03  3.719562e+08  1.208812e+03  3.719562e+08  6.000000e+00  8.700000e+01  5.920000e+02  3.719562e+08
8.100475e+01   1.485562e+03  4.007805e+08  1.485562e+03  4.007805e+08  1.700000e+01  2.450000e+02  8.321250e+02  4.007805e+08
8.116262e+01   1.208812e+03  3.719561e+08  1.208812e+03  3.719561e+08  6.000000e+00  8.700000e+01  5.920000e+02  3.719561e+08
8.132048e+01   1.208812e+03  3.719563e+08  1.208812e+03  3.719563e+08  6.000000e+00  8.700000e+01  5.920000e+02  3.719563e+08
8.147835e+01   1.208812e+03  3.719561e+08  1.208812e+03  3.719561e+08  6.000000e+00  8.700000e+01  5.920000e+02  3.719561e+08
8.163621e+01   1.485562e+03  4.007808e+08  1.485562e+03  4.007808e+08  1.600000e+01  2.430000e+02  8.321250e+02  4.007808e+08
8.179408e+01   1.208812e+03  3.719562e+08  1.208812e+03  3.719562e+08  6.000000e+00  8.700000e+01  5.920000e+02  3.719562e+08
8.195194e+01   1.208812e+03  3.719562e+08  1.208812e+03  3.719562e+08  6.000000e+00  8.700000e+01  5.920000e+02  3.719562e+08
8.210981e+01   1.208812e+03  3.719561e+08  1.208812e+03  3.719561e+08  6.000000e+00  8.700000e+01  5.920000e+02  3.719561e+08
8.226768e+01   1.485562e+03  4.007808e+08  1.485562e+03  4.007808e+08  1.700000e+01  2.450000e+02  8.321250e+02  4.007808e+08
8.242556e+01   1.208812e+03  3.719561e+08  1.208812e+03  3.719561e+08  6.000000e+00  8.700000e+01  5.920000e+02  3.719561e+08
8.258345e+01   1.208812e+03  3.719563e+08  1.208812e+03  3.719563e+08  6.000000e+00  8.700000e+01  5.920000e+02  3.719563e+08
8.274134e+01   1.208812e+03  3.719563e+08  1.208812e+03  3.719563e+08  6.000000e+00  8.700000e+01  5.920000e+02  3.719563e+08
8.289923e+01   1.485562e+03  4.007806e+08  1.485562e+03  4.007806e+08  1.700000e+01  3.710000e+02  8.321250e+02  4.007806e+08
8.305712e+01   1.208812e+03  3.719562e+08  1.208812e+03  3.719562e+08  6.000000e+00  8.700000e+01  5.920000e+02  3.719562e+08
8.321502e+01   1.208812e+03  3.719563e+08  1.208812e+03  3.719563e+08  6.000000e+00  8.700000e+01  5.920000e+02  3.719563e+08
8.337291e+01   1.208812e+03  3.719561e+08  1.208812e+03  3.719561e+08  6.000000e+00  8.700000e+01  5.920000e+02  3.719561e+08
8.353081e+01   1.485562e+03  4.007807e+08  1.485562e+03  4.007807e+08  1.700000e+01  2.450000e+02  8.321250e+02  4.007807e+08
8.368872e+01   1.208812e+03  3.719562e+08  1.208812e+03  3.719562e+08  6.000000e+00  8.700000e+01  5.920000e+02  3.719562e+08
8.384662e+01   1.208812e+03  3.719561e+08  1.208812e+03  3.719561e+08  6.000000e+00  8.700000e+01  5.920000e+02  3.719561e+08
8.400453e+01   1.208812e+03  3.719562e+08  1.208812e+03  3.719562e+08  6.000000e+00  8.700000e+01  5.920000e+02  3.719562e+08
8.416244e+01   1.485562e+03  4.007808e+08  1.485562e+03  4.007808e+08  1.600000e+01  2.430000e+02  8.321250e+02  4.007808e+08
8.432035e+01   1.208812e+03  3.719561e+08  1.208812e+03  3.719561e+08  6.000000e+00  8.700000e+01  5.920000e+02  3.719561e+08
8.447826e+01   1.208812e+03  3.719562e+08  1.208812e+03  3.719562e+08  6.000000e+00  8.700000e+01  5.920000e+02  3.719562e+08
8.463617e+01   1.208812e+03  3.719562e+08  1.208812e+03  3.719562e+08  6.000000e+00  8.700000e+01  5.920000e+02  3.719562e+08
8.479408e+01   1.485562e+03  4.007807e+08  1.485562e+03  4.007807e+08  1.700000e+01  2.450000e+02  8.321250e+02  4.007807e+08
8.495199e+01   1.208812e+03  3.719562e+08  1.208812e+03  3.719562e+08  6.000000e+00  8.700000e+01  5.920000e+02  3.719562e+08
8.510990e+01   1.208812e+03  3.719564e+08  1.208812e+03  3.719564e+08  6.000000e+00  8.700000e+01  5.920000e+02  3.719564e+08
8.526781e+01   1.208812e+03  3.719562e+08  1.208812e+03  3.719562e+08  6.000000e+00  8.700000e+01  5.920000e+02  3.719562e+08
8.542571e+01   1.485562e+03  4.007808e+08  1.485562e+03  4.007808e+08  1.600000e+01  2.430000e+02  8.321250e+02  4.007808e+08
8.558362e+01   1.208812e+03  3.719562e+08  1.208812e+03  3.719562e+08  6.000000e+00  8.700000e+01  5.920000e+02  3.719562e+08
8.574153e+01   1.208812e+03  3.719562e+08  1.208812e+03  3.719562e+08  6.000000e+00  8.700000e+01  5.920000e+02  3.719562e+08
8.589943e+01   1.208812e+03  3.719562e+08  1.208812e+03  3.719562e+08  6.000000e+00  8.700000e+01  5.920000e+02  3.719562e+08
8.605734e+01   1.485562e+03  4.007808e+08  1.485562e+03  4.007808e+08  1.700000e+01  2.450000e+02  8.321250e+02  4.007808e+08
8.621524e+01   1.208812e+03  3.719562e+08  1.208812e+03  3.719562e+08  6.000000e+00  8.700000e+01  5.920000e+02  3.719562e+08
8.637314e+01   1.208812e+03  3.719563e+08  1.208812e+03  3.719563e+08  6.000000e+00  8.700000e+01  5.920000e+02  3.719563e+08
8.653104e+01   1.208812e+03  3.719562e+08  1.208812e+03  3.719562e+08  6.000000e+00  8.700000e+01  5.920000e+02  3.719562e+08
8.668894e+01   1.485562e+03  4.007806e+08  1.485562e+03  4.007806e+08  1.600000e+01  2.430000e+02  8.321250e+02  4.007806e+08
8.684684e+01   1.208812e+03  3.719562e+08  1.208812e+03  3.719562e+08  6.000000e+00  8.700000e+01  5.920000e+02  3.719562e+08
8.700474e+01   1.208812e+03  3.719563e+08  1.208812e+03  3.719563e+08  6.000000e+00  8.700000e+01  5.920000e+02  3.719563e+08
8.716264e+01   1.208812e+03  3.719561e+08  1.208812e+03  3.719561e+08  6.000000e+00  8.700000e+01  5.920000e+02  3.719561e+08
8.732055e+01   1.485562e+03  4.007807e+08  1.485562e+03  4.007807e+08  1.700000e+01  2.450000e+02  8.321250e+02  4.007807e+08
8.747845e+01   1.208812e+03  3.719562e+08  1.208812e+03  3.719562e+08  6.000000e+00  8.700000e+01  5.920000e+02  3.719562e+08
8.763635e+01   1.208812e+03  3.719562e+08  1.208812e+03  3.719562e+08  6.000000e+00  8.700000e+01  5.920000e+02  3.719562e+08
8.779424e+01   1.208812e+03  3.719561e+08  1.208812e+03  3.719561e+08  6.000000e+00  8.700000e+01  5.920000e+02  3.719561e+08
8.795213e+01   1.485562e+03  4.007808e+08  1.485562e+03  4.007808e+08  1.600000e+01  2.430000e+02  8.321250e+02  4.007808e+08
8.811002e+01   1.208812e+03  3.719561e+08  1.208812e+03  3.719561e+08  6.000000e+00  8.700000e+01  5.920000e+02  3.719561e+08
8.826790e+01   1.208812e+03  3.719563e+08  1.208812e+03  3.719563e+08  6.000000e+00  8.700000e+01  5.920000e+02  3.719563e+08
8.842578e+01   1.208812e+03  3.719562e+08  1.208812e+03  3.719562e+08  6.000000e+00  8.700000e+01  5.920000e+02  3.719562e+08
8.858366e+01   1.485562e+03  4.007807e+08  1.485562e+03  4.007807e+08  1.700000e+01  2.450000e+02  8.321250e+02  4.007807e+08
8.874154e+01   1.208812e+03  3.719561e+08  1.208812e+03  3.719561e+08  6.000000e+00  8.700000e+01  5.920000e+02  3.719561e+08
8.889942e+01   1.208812e+03  3.719563e+08  1.208812e+03  3.719563e+08  6.000000e+00  8.700000e+01  5.920000e+02  3.719563e+08
8.905730e+01   1.208812e+03  3.719561e+08  1.208812e+03  3.719561e+08  6.000000e+00  8.700000e+01  5.920000e+02  3.719561e+08
8.921518e+01   1.485562e+03  4.007808e+08  1.485562e+03  4.007808e+08  1.700000e+01  3.710000e+02  8.321250e+02  4.007808e+08
8.937305e+01   1.208812e+03  3.719562e+08  1.208812e+03  3.719562e+08  6.000000e+00  8.700000e+01  5.920000e+02  3.719562e+08
8.953092e+01   1.208812e+03  3.719562e+08  1.208812e+03  3.719562e+08  6.000000e+00  8.700000e+01  5.920000e+02  3.719562e+08
8.968878e+01   1.208812e+03  3.719561e+08  1.208812e+03  3.719561e+08  6.000000e+00  8.700000e+01  5.920000e+02  3.719561e+08
8.984665e+01   1.485562e+03  4.007808e+08  1.485562e+03  4.007808e+08  1.700000e+01  2.450000e+02  8.321250e+02  4.007808e+08
9.000452e+01   1.208812e+03  3.719560e+08  1.208812e+03  3.719560e+08  6.000000e+00  8.700000e+01  5.920000e+02  3.719560e+08
9.016239e+01   1.208812e+03  3.719562e+08  1.208812e+03  3.719562e+08  6.000000e+00  8.700000e+01  5.920000e+02  3.719562e+08
9.032026e+01   1.551812e+03  3.826503e+08  1.551812e+03  3.826503e+08  1.800000e+01  1.915000e+03  9.065000e+02  3.826503e+08
9.047813e+01   1.485562e+03  4.007806e+08  1.485562e+03  4.007806e+08  1.600000e+01  2.430000e+02  8.321250e+02  4.007806e+08
9.063601e+01   1.208812e+03  3.719561e+08  1.208812e+03  3.719561e+08  6.000000e+00  8.700000e+01  5.920000e+02  3.719561e+08
9.079388e+01   1.208812e+03  3.719563e+08  1.208812e+03  3.719563e+08  6.000000e+00  8.700000e+01  5.920000e+02  3.719563e+08
9.095175e+01   1.208812e+03  3.719561e+08  1.208812e+03  3.719561e+08  6.000000e+00  8.700000e+01  5.920000e+02  3.719561e+08
9.110962e+01   1.485562e+03  4.007808e+08  1.485562e+03  4.007808e+08  1.700000e+01  2.450000e+02  8.321250e+02  4.007808e+08
9.126749e+01   1.208812e+03  3.719562e+08  1.208812e+03  3.719562e+08  6.000000e+00  8.700000e+01  5.920000e+02  3.719562e+08
9.142536e+01   1.208812e+03  3.719562e+08  1.208812e+03  3.719562e+08  6.000000e+00  8.700000e+01  5.920000e+02  3.719562e+08
9.158322e+01   1.208812e+03  3.719561e+08  1.208812e+03  3.719561e+08  6.000000e+00  8.700000e+01  5.920000e+02  3.719561e+08
9.174109e+01   1.485562e+03  4.007808e+08  1.485562e+03  4.007808e+08  1.600000e+01  2.430000e+02  8.321250e+02  4.007808e+08
9.189895e+01   1.208812e+03  3.719561e+08  1.208812e+03  3.719561e+08  6.000000e+00  8.700000e+01  5.920000e+02  3.719561e+08
9.205682e+01   1.208812e+03  3.719563e+08  1.208812e+03  3.719563e+08  6.000000e+00  8.700000e+01  5.920000e+02  3.719563e+08
9.221470e+01   1.208812e+03  3.719563e+08  1.208812e+03  3.719563e+08  6.000000e+00  8.700000e+01  5.920000e+02  3.719563e+08
9.237257e+01   1.485562e+03  4.007806e+08  1.485562e+03  4.007806e+08  1.700000e+01  2.450000e+02  8.321250e+02  4.007806e+08
9.253046e+01   1.208812e+03  3.719562e+08  1.208812e+03  3.719562e+08  6.000000e+00  8.700000e+01  5.920000e+02  3.719562e+08
9.268834e+01   1.208812e+03  3.719564e+08  1.208812e+03  3.719564e+08  6.000000e+00  8.700000e+01  5.920000e+02  3.719564e+08
9.284623e+01   1.208812e+03  3.719561e+08  1.208812e+03  3.719561e+08  6.000000e+00  8.700000e+01  5.920000e+02  3.719561e+08
9.300412e+01   1.485562e+03  4.007808e+08  1.485562e+03  4.007808e+08  1.600000e+01  2.430000e+02  8.321250e+02  4.007808e+08
9.316201e+01   1.208812e+03  3.719563e+08  1.208812e+03  3.719563e+08  6.000000e+00  8.700000e+01  5.920000e+02  3.719563e+08
9.331990e+01   1.208812e+03  3.719562e+08  1.208812e+03  3.719562e+08  6.000000e+00  8.700000e+01  5.920000e+02  3.719562e+08
9.347780e+01   1.208812e+03  3.719562e+08  1.208812e+03  3.719562e+08  6.000000e+00  8.700000e+01  5.920000e+02  3.719562e+08
9.363570e+01   1.485562e+03  4.007808e+08  1.485562e+03  4.007808e+08  1.700000e+01  2.450000e+02  8.321250e+02  4.007808e+08
9.379360e+01   1.208812e+03  3.719562e+08  1.208812e+03  3.719562e+08  6.000000e+00  8.700000e+01  5.920000e+02  3.719562e+08
9.395150e+01   1.208812e+03  3.719562e+08  1.208812e+03  3.719562e+08  6.000000e+00  8.700000e+01  5.920000e+02  3.719562e+08
9.410941e+01   1.208812e+03  3.719563e+08  1.208812e+03  3.719563e+08  6.000000e+00  8.700000e+01  5.920000e+02  3.719563e+08
9.426732e+01   1.485562e+03  4.007807e+08  1.485562e+03  4.007807e+08  1.600000e+01  2.430000e+02  8.321250e+02  4.007807e+08
9.442523e+01   1.208812e+03  3.719562e+08  1.208812e+03  3.719562e+08  6.000000e+00  8.700000e+01  5.920000e+02  3.719562e+08
9.458314e+01   1.208812e+03  3.719564e+08  1.208812e+03  3.719564e+08  6.000000e+00  8.700000e+01  5.920000e+02  3.719564e+08
9.474105e+01   1.208812e+03  3.719562e+08  1.208812e+03  3.719562e+08  6.000000e+00  8.700000e+01  5.920000e+02  3.719562e+08
9.489896e+01   1.485562e+03  4.007809e+08  1.485562e+03  4.007809e+08  1.700000e+01  2.450000e+02  8.321250e+02  4.007809e+08
9.505687e+01   1.208812e+03  3.719563e+08  1.208812e+03  3.719563e+08  6.000000e+00  8.700000e+01  5.920000e+02  3.719563e+08
9.521477e+01   1.208812e+03  3.719562e+08  1.208812e+03  3.719562e+08  6.000000e+00  8.700000e+01  5.920000e+02  3.719562e+08
9.537268e+01   1.208812e+03  3.719562e+08  1.208812e+03  3.719562e+08  6.000000e+00  8.700000e+01  5.920000e+02  3.719562e+08
9.553059e+01   1.485562e+03  4.007807e+08  1.485562e+03  4.007807e+08  1.700000e+01  3.710000e+02  8.321250e+02  4.007807e+08
9.568849e+01   1.208812e+03  3.719562e+08  1.208812e+03  3.719562e+08  6.000000e+00  8.700000e+01  5.920000e+02  3.719562e+08
9.584640e+01   1.208812e+03  3.719563e+08  1.208812e+03  3.719563e+08  6.000000e+00  8.700000e+01  5.920000e+02  3.719563e+08
9.600430e+01   1.208812e+03  3.719563e+08  1.208812e+03  3.719563e+08  6.000000e+00  8.700000e+01  5.920000e+02  3.719563e+08
9.616220e+01   1.485562e+03  4.007807e+08  1.485562e+03  4.007807e+08  1.700000e+01  2.450000e+02  8.321250e+02  4.007807e+08
9.632010e+01   1.208812e+03  3.719562e+08  1.208812e+03  3.719562e+08  6.000000e+00  8.700000e+01  5.920000e+02  3.719562e+08
9.647800e+01   1.208812e+03  3.719563e+08  1.208812e+03  3.719563e+08  6.000000e+00  8.700000e+01  5.920000e+02  3.719563e+08
9.663590e+01   1.208812e+03  3.719562e+08  1.208812e+03  3.719562e+08  6.000000e+00  8.700000e+01  5.920000e+02  3.719562e+08
9.679380e+01   1.485562e+03  4.007808e+08  1.485562e+03  4.007808e+08  1.600000e+01  2.430000e+02  8.321250e+02  4.007808e+08
9.695170e+01   1.208812e+03  3.719563e+08  1.208812e+03  3.719563e+08  6.000000e+00  8.700000e+01  5.920000e+02  3.719563e+08
9.710960e+01   1.208812e+03  3.719562e+08  1.208812e+03  3.719562e+08  6.000000e+00  8.700000e+01  5.920000e+02  3.719562e+08
9.726751e+01   1.208812e+03  3.719562e+08  1.208812e+03  3.719562e+08  6.000000e+00  8.700000e+01  5.920000e+02  3.719562e+08
9.742541e+01   1.485562e+03  4.007808e+08  1.485562e+03  4.007808e+08  1.700000e+01  2.450000e+02  8.321250e+02  4.007808e+08
9.758331e+01   1.208812e+03  3.719562e+08  1.208812e+03  3.719562e+08  6.000000e+00  8.700000e+01  5.920000e+02  3.719562e+08
9.774120e+01   1.208812e+03  3.719563e+08  1.208812e+03  3.719563e+08  6.000000e+00  8.700000e+01  5.920000e+02  3.719563e+08
9.789910e+01   1.208812e+03  3.719562e+08  1.208812e+03  3.719562e+08  6.000000e+00  8.700000e+01  5.920000e+02  3.719562e+08
9.805698e+01   1.485562e+03  4.007807e+08  1.485562e+03  4.007807e+08  1.600000e+01  2.430000e+02  8.321250e+02  4.007807e+08
9.821487e+01   1.208812e+03  3.719562e+08  1.208812e+03  3.719562e+08  6.000000e+00  8.700000e+01  5.920000e+02  3.719562e+08
9.837275e+01   1.208812e+03  3.719563e+08  1.208812e+03  3.719563e+08  6.000000e+00  8.700000e+01  5.920000e+02  3.719563e+08
9.853063e+01   1.208812e+03  3.719562e+08  1.208812e+03  3.719562e+08  6.000000e+00  8.700000e+01  5.920000e+02  3.719562e+08
9.868851e+01   1.485562e+03  4.007808e+08  1.485562e+03  4.007808e+08  1.700000e+01  2.450000e+02  8.321250e+02  4.007808e+08
9.884640e+01   1.208812e+03  3.719563e+08  1.208812e+03  3.719563e+08  6.000000e+00  8.700000e+01  5.920000e+02  3.719563e+08
9.900428e+01   1.208812e+03  3.719561e+08  1.208812e+03  3.719561e+08  6.000000e+00  8.700000e+01  5.920000e+02  3.719561e+08
9.916215e+01   1.208812e+03  3.719562e+08  1.208812e+03  3.719562e+08  6.000000e+00  8.700000e+01  5.920000e+02  3.719562e+08
9.932003e+01   1.485562e+03  4.007807e+08  1.485562e+03  4.007807e+08  1.600000e+01  2.430000e+02  8.321250e+02  4.007807e+08
9.947790e+01   1.208812e+03  3.719561e+08  1.208812e+03  3.719561e+08  6.000000e+00  8.700000e+01  5.920000e+02  3.719561e+08
9.963576e+01   1.208812e+03  3.719562e+08  1.208812e+03  3.719562e+08  6.000000e+00  8.700000e+01  5.920000e+02  3.719562e+08
9.979363e+01   1.208812e+03  3.719562e+08  1.208812e+03  3.719562e+08  6.000000e+00  8.700000e+01  5.920000e+02  3.719562e+08
9.995149e+01   1.485562e+03  4.007806e+08  1.485562e+03  4.007806e+08  1.700000e+01  2.450000e+02  8.321250e+02  4.007806e+08
1.001094e+02   1.320000e+03  3.806108e+08  1.320000e+03  3.806108e+08  1.500000e+01  1.600000e+02  6.941875e+02  3.806108e+08
