# Liste des scalaires : TEMPS pmat 
0.00000000000000e+00 1.00000000000000e+05 
2.04081632653061e-01 1.00000000000000e+05 
4.08042165141975e-01 1.00000000000000e+05 
6.11832106953319e-01 1.00000000000000e+05 
8.15421737498182e-01 1.00000000000000e+05 
1.01884831470558e+00 1.00000000000000e+05 
1.22207818930831e+00 1.00000000000000e+05 
1.42513098547652e+00 1.00000000000000e+05 
1.62798725493260e+00 1.00000000000000e+05 
1.83053493087979e+00 1.00000000000000e+05 
2.03291905653503e+00 1.00000000000000e+05 
2.23520224592158e+00 1.00000000000000e+05 
2.43733969254296e+00 1.00000000000000e+05 
2.63931827049832e+00 1.00000000000000e+05 
2.84120332396323e+00 1.00000000000000e+05 
3.04297858176904e+00 1.00000000000000e+05 
3.24460591464334e+00 1.00000000000000e+05 
3.44612291562131e+00 1.00000000000000e+05 
3.64760922308227e+00 1.00000000000000e+05 
3.84909249851467e+00 1.00000000000000e+05 
4.05064469773747e+00 1.00000000000000e+05 
4.25222294222906e+00 1.00000000000000e+05 
4.45380035517506e+00 1.00000000000000e+05 
4.65542063364273e+00 1.00000000000000e+05 
4.85715243419261e+00 1.00000000000000e+05 
5.05906045928525e+00 1.00000000000000e+05 
5.26119401899534e+00 1.00000000000000e+05 
5.46347898380931e+00 1.00000000000000e+05 
5.66591894484892e+00 1.00000000000000e+05 
5.86852800362132e+00 1.00000000000000e+05 
6.07136345597011e+00 1.00000000000000e+05 
6.27438265108359e+00 1.00000000000000e+05 
6.47752964045090e+00 1.00000000000000e+05 
6.68089073121200e+00 1.00000000000000e+05 
6.88429870550576e+00 1.00000000000000e+05 
7.08769636443068e+00 1.00000000000000e+05 
7.29110827962174e+00 1.00000000000000e+05 
7.49449373816632e+00 1.00000000000000e+05 
7.69790617884871e+00 1.00000000000000e+05 
7.90135044231191e+00 1.00000000000000e+05 
8.10473659770851e+00 1.00000000000000e+05 
8.30800948139133e+00 1.00000000000000e+05 
8.51115234273433e+00 1.00000000000000e+05 
8.71416193711340e+00 1.00000000000000e+05 
8.91719900347831e+00 1.00000000000000e+05 
9.12020204041872e+00 1.00000000000000e+05 
9.32319297435189e+00 1.00000000000000e+05 
9.52619174127014e+00 1.00000000000000e+05 
9.72921908834018e+00 1.00000000000000e+05 
9.93229912946381e+00 1.00000000000000e+05 
1.01354642235065e+01 1.00000000000000e+05 
1.03387225987006e+01 1.00000000000000e+05 
1.05420932760412e+01 1.00000000000000e+05 
1.07455601602491e+01 1.00000000000000e+05 
1.09490636153785e+01 1.00000000000000e+05 
1.11525952040860e+01 1.00000000000000e+05 
1.13559908728595e+01 1.00000000000000e+05 
1.15591577617810e+01 1.00000000000000e+05 
1.17622381240369e+01 1.00000000000000e+05 
1.19650888349948e+01 1.00000000000000e+05 
1.21677288877747e+01 1.00000000000000e+05 
1.23702013159276e+01 1.00000000000000e+05 
1.25725982340610e+01 1.00000000000000e+05 
1.27748516426287e+01 1.00000000000000e+05 
1.29769249867640e+01 1.00000000000000e+05 
1.31787998828658e+01 1.00000000000000e+05 
1.33806014179065e+01 1.00000000000000e+05 
1.35822734033907e+01 1.00000000000000e+05 
1.37839887339651e+01 1.00000000000000e+05 
1.39857022015949e+01 1.00000000000000e+05 
1.41874661286692e+01 1.00000000000000e+05 
1.43892101845392e+01 1.00000000000000e+05 
1.45910326674531e+01 1.00000000000000e+05 
1.47929375836209e+01 1.00000000000000e+05 
1.49949695660416e+01 1.00000000000000e+05 
1.51971475723012e+01 1.00000000000000e+05 
1.53995487529939e+01 1.00000000000000e+05 
1.56020957788436e+01 1.00000000000000e+05 
1.58048076652820e+01 1.00000000000000e+05 
1.60076888558614e+01 1.00000000000000e+05 
1.62106850728960e+01 1.00000000000000e+05 
1.64138636363558e+01 1.00000000000000e+05 
1.66171481416695e+01 1.00000000000000e+05 
1.68205318926791e+01 1.00000000000000e+05 
1.70239717971818e+01 1.00000000000000e+05 
1.72274242526830e+01 1.00000000000000e+05 
1.74308511498678e+01 1.00000000000000e+05 
1.76342505270569e+01 1.00000000000000e+05 
1.78376212420556e+01 1.00000000000000e+05 
1.80409883913594e+01 1.00000000000000e+05 
1.82443050346869e+01 1.00000000000000e+05 
1.84474327837354e+01 1.00000000000000e+05 
1.86505503053125e+01 1.00000000000000e+05 
1.88535932316970e+01 1.00000000000000e+05 
1.90565608622741e+01 1.00000000000000e+05 
1.92594853707276e+01 1.00000000000000e+05 
1.94623796526000e+01 1.00000000000000e+05 
1.96652593507810e+01 1.00000000000000e+05 
1.98682128225951e+01 1.00000000000000e+05 
2.00712299723808e+01 1.00000000000000e+05 
2.02743632772251e+01 1.00000000000000e+05 
2.04775974201162e+01 1.00000000000000e+05 
2.06808993432005e+01 1.00000000000000e+05 
2.08842816624739e+01 1.00000000000000e+05 
2.10877109245459e+01 1.00000000000000e+05 
2.12911865561413e+01 1.00000000000000e+05 
2.14946542636065e+01 1.00000000000000e+05 
2.16979483115182e+01 1.00000000000000e+05 
2.19009928614698e+01 1.00000000000000e+05 
2.21039017811684e+01 1.00000000000000e+05 
2.23066497283774e+01 1.00000000000000e+05 
2.25092177015210e+01 1.00000000000000e+05 
2.27116581345214e+01 1.00000000000000e+05 
2.29139334651086e+01 1.00000000000000e+05 
2.31160467477100e+01 1.00000000000000e+05 
2.33179868862948e+01 1.00000000000000e+05 
2.35199180822287e+01 1.00000000000000e+05 
2.37218051763256e+01 1.00000000000000e+05 
2.39236768880851e+01 1.00000000000000e+05 
2.41255552893581e+01 1.00000000000000e+05 
2.43274126484990e+01 1.00000000000000e+05 
2.45293056915018e+01 1.00000000000000e+05 
2.47312963943893e+01 1.00000000000000e+05 
2.49333962174227e+01 1.00000000000000e+05 
2.51357213393038e+01 1.00000000000000e+05 
2.53382018572701e+01 1.00000000000000e+05 
2.55408488073704e+01 1.00000000000000e+05 
2.57436471827663e+01 1.00000000000000e+05 
2.59465698142901e+01 1.00000000000000e+05 
2.61496583369765e+01 1.00000000000000e+05 
2.63529142216749e+01 1.00000000000000e+05 
2.65562742668140e+01 1.00000000000000e+05 
2.67596972761635e+01 1.00000000000000e+05 
2.69631506643780e+01 1.00000000000000e+05 
2.71666356359982e+01 1.00000000000000e+05 
2.73700949757860e+01 1.00000000000000e+05 
2.75735042909555e+01 1.00000000000000e+05 
2.77768698215134e+01 1.00000000000000e+05 
2.79801634091441e+01 1.00000000000000e+05 
2.81832311137916e+01 1.00000000000000e+05 
2.83862493691881e+01 1.00000000000000e+05 
2.85892005667304e+01 1.00000000000000e+05 
2.87920289759177e+01 1.00000000000000e+05 
2.89947855911169e+01 1.00000000000000e+05 
2.91974758167431e+01 1.00000000000000e+05 
2.94001081727549e+01 1.00000000000000e+05 
2.96028174869848e+01 1.00000000000000e+05 
2.98055746712193e+01 1.00000000000000e+05 
3.00084175396436e+01 1.00000000000000e+05 
3.02113309117389e+01 1.00000000000000e+05 
3.04143391710080e+01 1.00000000000000e+05 
3.06174347641709e+01 1.00000000000000e+05 
3.08206359225875e+01 1.00000000000000e+05 
3.10238921252226e+01 1.00000000000000e+05 
3.12271617071788e+01 1.00000000000000e+05 
3.14304933723914e+01 1.00000000000000e+05 
3.16338559333766e+01 1.00000000000000e+05 
3.18371697100234e+01 1.00000000000000e+05 
3.20402940171543e+01 1.00000000000000e+05 
3.22432411366959e+01 1.00000000000000e+05 
3.24460329241944e+01 1.00000000000000e+05 
3.26486468730478e+01 1.00000000000000e+05 
3.28510694083674e+01 1.00000000000000e+05 
3.30532799861897e+01 1.00000000000000e+05 
3.32554482102955e+01 1.00000000000000e+05 
3.34575453553804e+01 1.00000000000000e+05 
3.36595641500324e+01 1.00000000000000e+05 
3.38615486883824e+01 1.00000000000000e+05 
3.40634799904239e+01 1.00000000000000e+05 
3.42653996408576e+01 1.00000000000000e+05 
3.44673939566842e+01 1.00000000000000e+05 
3.46694612546547e+01 1.00000000000000e+05 
3.48717036107216e+01 1.00000000000000e+05 
3.50740862371626e+01 1.00000000000000e+05 
3.52766015885758e+01 1.00000000000000e+05 
3.54793183147402e+01 1.00000000000000e+05 
3.56821412870120e+01 1.00000000000000e+05 
3.58851172271814e+01 1.00000000000000e+05 
3.60883109456795e+01 1.00000000000000e+05 
3.62916365042183e+01 1.00000000000000e+05 
3.64950404477902e+01 1.00000000000000e+05 
3.66984690806315e+01 1.00000000000000e+05 
3.69019364923025e+01 1.00000000000000e+05 
3.71054357283456e+01 1.00000000000000e+05 
3.73088956361505e+01 1.00000000000000e+05 
3.75123241222096e+01 1.00000000000000e+05 
3.77157068996436e+01 1.00000000000000e+05 
3.79188884208807e+01 1.00000000000000e+05 
3.81219429731373e+01 1.00000000000000e+05 
3.83249696414713e+01 1.00000000000000e+05 
3.85278282028840e+01 1.00000000000000e+05 
3.87305789313831e+01 1.00000000000000e+05 
3.89332338669238e+01 1.00000000000000e+05 
3.91357862752962e+01 1.00000000000000e+05 
3.93384030966966e+01 1.00000000000000e+05 
3.95410271713939e+01 1.00000000000000e+05 
3.97436993424354e+01 1.00000000000000e+05 
3.99463921856252e+01 1.00000000000000e+05 
4.01491654750551e+01 1.00000000000000e+05 
4.03520289195442e+01 1.00000000000000e+05 
4.05550048910795e+01 1.00000000000000e+05 
4.07580864187294e+01 1.00000000000000e+05 
4.09612286775592e+01 1.00000000000000e+05 
4.11644223380052e+01 1.00000000000000e+05 
4.13676607110112e+01 1.00000000000000e+05 
4.15709452306063e+01 1.00000000000000e+05 
4.17742442700769e+01 1.00000000000000e+05 
4.19775135223546e+01 1.00000000000004e+05 
4.21806564457985e+01 1.00000000000028e+05 
4.23835704544603e+01 1.00000000000063e+05 
4.25863222546333e+01 1.00000000000076e+05 
4.27888279196484e+01 1.00000000001563e+05 
4.29912615982889e+01 1.00000000046812e+05 
4.31935852435500e+01 1.00000000429238e+05 
4.33957815205678e+01 1.00000000721304e+05 
4.35978979487543e+01 1.00000001166233e+05 
4.37999304200929e+01 1.00000001889424e+05 
4.40019076885360e+01 1.00000003425841e+05 
4.42039337320145e+01 1.00000006377916e+05 
4.44060001538986e+01 1.00000011558341e+05 
4.46081858574393e+01 1.00000020758788e+05 
4.48104711684930e+01 1.00000035539040e+05 
4.50128451538969e+01 1.00000059135495e+05 
4.52153736753591e+01 1.00000099248370e+05 
4.54180340147901e+01 1.00000161713536e+05 
4.56208710244056e+01 1.00000261206239e+05 
4.58239099702678e+01 1.00000415478358e+05 
4.60270996589638e+01 1.00000640882805e+05 
4.62304657697298e+01 1.00000963506254e+05 
4.64338688960506e+01 1.00001435013817e+05 
4.66373017077841e+01 1.00002053210545e+05 
4.68407572598015e+01 1.00002888573784e+05 
4.70442546395734e+01 1.00003920013154e+05 
4.72477386480636e+01 1.00005119910666e+05 
4.74511939246332e+01 1.00006470282229e+05 
4.76545330594890e+01 1.00007973559382e+05 
4.78577067285611e+01 1.00009390107545e+05 
4.80608753693268e+01 1.00010898617037e+05 
4.82638354697416e+01 1.00012257171728e+05 
4.84666467540706e+01 1.00013437219142e+05 
4.86693473168333e+01 1.00014435381829e+05 
4.88719019249858e+01 1.00015217909788e+05 
4.90745027720318e+01 1.00015553328233e+05 
4.92770764391171e+01 1.00015763475902e+05 
4.94796476958813e+01 1.00015637289187e+05 
4.96822204167646e+01 1.00015294797188e+05 
4.98848222239144e+01 1.00014741551624e+05 
5.00874761862161e+01 1.00013883536864e+05 
5.02902390157782e+01 1.00012764823093e+05 
5.04931165644340e+01 1.00011474426916e+05 
5.06960805910771e+01 1.00009922491123e+05 
5.08991333423157e+01 1.00008303237692e+05 
5.11022578645217e+01 1.00006590508859e+05 
5.13054423763076e+01 1.00004674363044e+05 
5.15086548546338e+01 1.00002823445109e+05 
5.17119065645690e+01 1.00000858750506e+05 
5.19151950423545e+01 9.99987891671213e+04 
5.21183745006488e+01 9.99968219608745e+04 
5.23214088774139e+01 9.99949240101726e+04 
5.25242324010963e+01 9.99929774189026e+04 
5.27269607076205e+01 9.99913517570734e+04 
5.29295441731976e+01 9.99896834481440e+04 
5.31319496968064e+01 9.99881117969310e+04 
5.33342472842059e+01 9.99867317944546e+04 
5.35364267211515e+01 9.99855088683491e+04 
5.37385040812235e+01 9.99844321492343e+04 
5.39406083094777e+01 9.99837969402113e+04 
5.41427161596012e+01 9.99831913381927e+04 
5.43448835302565e+01 9.99828136750961e+04 
5.45471108975266e+01 9.99826184455846e+04 
5.47493910082137e+01 9.99826411047196e+04 
5.49517879790564e+01 9.99829265287982e+04 
5.51543020530474e+01 9.99835565948211e+04 
5.53569745540088e+01 9.99843021576014e+04 
5.55598668189212e+01 9.99853426006218e+04 
5.57629126136038e+01 9.99864991017395e+04 
5.59661352293277e+01 9.99877963253707e+04 
5.61694921057413e+01 9.99893735153955e+04 
5.63728862466536e+01 9.99910639422907e+04 
5.65762995126502e+01 9.99928950844687e+04 
5.67797565324227e+01 9.99949425776434e+04 
5.69832411929876e+01 9.99969419905640e+04 
5.71867575597213e+01 9.99989581110315e+04 
5.73902142438224e+01 1.00001089029247e+05 
5.75935504013974e+01 1.00002984031479e+05 
5.77968428105782e+01 1.00004938203309e+05 
5.79999523007818e+01 1.00006876914051e+05 
5.82028720166861e+01 1.00008616870067e+05 
5.84056737401209e+01 1.00010208142672e+05 
5.86082924096970e+01 1.00011671515814e+05 
5.88109369357781e+01 1.00012647952672e+05 
5.90135188227780e+01 1.00013562816464e+05 
5.92160540509742e+01 1.00014270092472e+05 
5.94185604009779e+01 1.00014754821564e+05 
5.96210526984744e+01 1.00015021004840e+05 
5.98235501837237e+01 1.00015013773996e+05 
6.00261485722220e+01 1.00014574660330e+05 
6.02288361841210e+01 1.00013984080650e+05 
6.04316638201486e+01 1.00013120089348e+05 
6.06345686020863e+01 1.00012120947160e+05 
6.08375671479841e+01 1.00010975437899e+05 
6.10406211004055e+01 1.00009565397945e+05 
6.12437426280142e+01 1.00007991077595e+05 
6.14469164445446e+01 1.00006257970560e+05 
6.16501210676312e+01 1.00004307614115e+05 
6.18533579475247e+01 1.00002375221656e+05 
6.20566264173889e+01 1.00000438533170e+05 
6.22597817220211e+01 9.99984030619550e+04 
6.24627995534665e+01 9.99965475416571e+04 
6.26656673735378e+01 9.99945894355427e+04 
6.28683131616467e+01 9.99925833726956e+04 
6.30708195650471e+01 9.99907151300193e+04 
6.32731804840720e+01 9.99889494824832e+04 
6.34753919046854e+01 9.99872890810710e+04 
6.36776034541254e+01 9.99860650621287e+04 
6.38797873688976e+01 9.99848529261158e+04 
6.40819738273611e+01 9.99838226297860e+04 
6.42841784067253e+01 9.99829829494723e+04 
6.44863959670241e+01 9.99823336398983e+04 
6.46886801912706e+01 9.99819729998819e+04 
6.48910662140103e+01 9.99821264881926e+04 
6.50935819241049e+01 9.99824329559379e+04 
6.52963226964966e+01 9.99830704588514e+04 
6.54992405740070e+01 9.99838773222725e+04 
6.57023188561443e+01 9.99848789564911e+04 
6.59055500692646e+01 9.99862281992496e+04 
6.61089027901603e+01 9.99878815464609e+04 
6.63122766649993e+01 9.99897684758820e+04 
6.65156872049080e+01 9.99919978719826e+04 
6.67191280630788e+01 9.99942622207981e+04 
6.69226164912726e+01 9.99965879607181e+04 
6.71261325074319e+01 9.99991318557723e+04 
6.73296169036911e+01 1.00001567261827e+05 
6.75330252299440e+01 1.00004156697121e+05 
6.77363198433455e+01 1.00006891718305e+05 
6.79393888572186e+01 1.00009485142405e+05 
6.81423368894994e+01 1.00011961770216e+05 
6.83450708709156e+01 1.00014368348462e+05 
6.85478069710537e+01 1.00016289379428e+05 
6.87504560574697e+01 1.00018214347501e+05 
6.89530120509714e+01 1.00019986272175e+05 
6.91555074049377e+01 1.00021505923228e+05 
6.93579506481004e+01 1.00022757215845e+05 
6.95603538262472e+01 1.00023663703004e+05 
6.97628467070184e+01 1.00023918227403e+05 
6.99654031500043e+01 1.00023884123219e+05 
7.01680675370484e+01 1.00023444022671e+05 
7.03708128597538e+01 1.00022711399565e+05 
7.05736643918905e+01 1.00021696968398e+05 
7.07765856443493e+01 1.00020233050741e+05 
7.09796045256010e+01 1.00018334657503e+05 
7.11826613299295e+01 1.00016124670704e+05 
7.13857897479778e+01 1.00013534897269e+05 
7.15889661007472e+01 1.00010920040094e+05 
7.17921459341708e+01 1.00008203462098e+05 
7.19953726252105e+01 1.00005180695867e+05 
7.21985718027617e+01 1.00002197869783e+05 
7.24016476186381e+01 9.99990419034637e+04 
7.26045430537818e+01 9.99956826451418e+04 
7.28072213299480e+01 9.99924989076313e+04 
7.30097805999067e+01 9.99894235349705e+04 
7.32121446685061e+01 9.99863426160067e+04 
7.34144836407241e+01 9.99837565268421e+04 
7.36167644759561e+01 9.99812087711598e+04 
7.38189887804541e+01 9.99787913561791e+04 
7.40211919750683e+01 9.99766605464079e+04 
7.42233714635407e+01 9.99747924580926e+04 
7.44255673633598e+01 9.99732296155963e+04 
7.46278498585127e+01 9.99723744905601e+04 
7.48302306656735e+01 9.99717576895570e+04 
7.50327937384072e+01 9.99715141695462e+04 
7.52355063125583e+01 9.99715854349736e+04 
7.54383722282391e+01 9.99719569708142e+04 
7.56414216244544e+01 9.99728314141563e+04 
7.58445981321123e+01 9.99742947849738e+04 
7.60479184214261e+01 9.99761288649830e+04 
7.62512929186171e+01 9.99784200767379e+04 
7.64546964242765e+01 9.99808610500204e+04 
7.66581350680706e+01 9.99834814502686e+04 
7.68616010200597e+01 9.99865265476560e+04 
7.70651079936182e+01 9.99897127033002e+04 
7.72686113724331e+01 9.99931853010580e+04 
7.74720611152207e+01 9.99969229367468e+04 
7.76753133911698e+01 1.00000483605651e+05 
7.78784461857672e+01 1.00003936773538e+05 
7.80813340565300e+01 1.00007441350802e+05 
7.82841986758304e+01 1.00010464409505e+05 
7.84869562928645e+01 1.00013480720575e+05 
7.86895714902216e+01 1.00016401398814e+05 
7.88920942905549e+01 1.00018921656615e+05 
7.90945315913393e+01 1.00021119428586e+05 
7.92968840114831e+01 1.00022974240727e+05 
7.94993122078064e+01 1.00024067590867e+05 
7.97017694779022e+01 1.00024920880847e+05 
7.99042936798559e+01 1.00025392569420e+05 
8.01068697501696e+01 1.00025523595854e+05 
8.03095192442820e+01 1.00025333303586e+05 
8.05122783411067e+01 1.00024649859325e+05 
8.07151532943511e+01 1.00023378993303e+05 
8.09180874917751e+01 1.00021763230284e+05 
8.11211009470289e+01 1.00019749752530e+05 
8.13241348982823e+01 1.00017587242152e+05 
8.15272528948804e+01 1.00015252699187e+05 
8.17303892546740e+01 1.00012534051230e+05 
8.19335573112213e+01 1.00009689733174e+05 
8.21368014274263e+01 1.00006600386414e+05 
8.23398733234911e+01 1.00003290881968e+05 
8.25427383975605e+01 1.00000122807141e+05 
8.27454995878572e+01 9.99970089748576e+04 
8.29480798671471e+01 9.99938132659393e+04 
8.31506062535737e+01 9.99909727158183e+04 
8.33530393401760e+01 9.99880811822771e+04 
8.35553612257224e+01 9.99852449739100e+04 
8.37576211955306e+01 9.99827147334810e+04 
8.39598226381276e+01 9.99804365733693e+04 
8.41619894017817e+01 9.99784003537196e+04 
8.43642239682605e+01 9.99770224178593e+04 
8.45665203012387e+01 9.99757974127288e+04 
8.47689483564908e+01 9.99749107183863e+04 
8.49714940232389e+01 9.99743639433812e+04 
8.51741579640687e+01 9.99741375990588e+04 
8.53769978718437e+01 9.99743871498049e+04 
8.55799804902041e+01 9.99752561871699e+04 
8.57831240408108e+01 9.99764721848729e+04 
8.59864536951827e+01 9.99781343382800e+04 
8.61898160798553e+01 9.99800125748427e+04 
8.63932062744392e+01 9.99821402418264e+04 
8.65966229319829e+01 9.99847269031191e+04 
8.68000940443101e+01 9.99875534185937e+04 
8.70035825837327e+01 9.99906970995650e+04 
8.72070843440491e+01 9.99941522148571e+04 
8.74105419344450e+01 9.99975191657544e+04 
8.76138267437083e+01 1.00000851519398e+05 
8.78169205534772e+01 1.00004306282670e+05 
8.80199632675196e+01 1.00007399101128e+05 
8.82228781681249e+01 1.00010535712280e+05 
8.84256106973253e+01 1.00013615524259e+05 
8.86282246424383e+01 1.00016330537230e+05 
8.88307219110573e+01 1.00018747717685e+05 
8.90330924047535e+01 1.00020876829814e+05 
8.92355207597714e+01 1.00022269452387e+05 
8.94379379157647e+01 1.00023478805648e+05 
8.96403799089431e+01 1.00024326599971e+05 
8.98428436218644e+01 1.00024827802530e+05 
9.00453482475632e+01 1.00024994301057e+05 
9.02479204282358e+01 1.00024680220202e+05 
9.04506070166489e+01 1.00023741975547e+05 
9.06534221098573e+01 1.00022481050959e+05 
9.08563074156330e+01 1.00020828057997e+05 
9.10592331034942e+01 1.00019011338177e+05 
9.12622364660194e+01 1.00016988882382e+05 
9.14653252837018e+01 1.00014558766799e+05 
9.16684271913442e+01 1.00011939755695e+05 
9.18715866137494e+01 1.00009070239259e+05 
9.20747842683971e+01 1.00005895655092e+05 
9.22778651165516e+01 1.00002845222357e+05 
9.24808149399466e+01 9.99998095644923e+04 
9.26836400845213e+01 9.99966251110913e+04 
9.28863873614108e+01 9.99937181197660e+04 
9.30890085767134e+01 9.99907413300550e+04 
9.32914663544503e+01 9.99877347606686e+04 
9.34938317764641e+01 9.99849930698568e+04 
9.36961022577806e+01 9.99824630732508e+04 
9.38982898525573e+01 9.99801229833502e+04 
9.41005250280928e+01 9.99784245600483e+04 
9.43027848548941e+01 9.99768525709033e+04 
9.45051224941694e+01 9.99755625893509e+04 
9.47075391235569e+01 9.99745940316404e+04 
9.49100356403763e+01 9.99739463752349e+04 
9.51126679959551e+01 9.99737514742525e+04 
9.53154338342254e+01 9.99742325032597e+04 
9.55183731288411e+01 9.99750422523058e+04 
9.57215113888919e+01 9.99762866204902e+04 
9.59247849047671e+01 9.99777606295448e+04 
9.61281201802749e+01 9.99795066495128e+04 
9.63314994562056e+01 9.99817132707541e+04 
9.65349076935859e+01 9.99842587899002e+04 
9.67383385387505e+01 9.99871467572568e+04 
9.69418207081187e+01 9.99904272906826e+04 
9.71453287818878e+01 9.99936674307511e+04 
9.73487757563585e+01 9.99969332902454e+04 
9.75521003395735e+01 1.00000404901441e+05 
9.77553203876417e+01 1.00003636205461e+05 
9.79584256456356e+01 1.00006969490261e+05 
9.81613154578645e+01 1.00010346626537e+05 
9.83640728139437e+01 1.00013413739010e+05 
9.85666800715794e+01 1.00016233373453e+05 
9.87691229821461e+01 1.00018846797018e+05 
9.89716027992200e+01 1.00020766658531e+05 
9.91740397132955e+01 1.00022523455927e+05 
9.93764536462670e+01 1.00023978791619e+05 
9.95788576239822e+01 1.00025067861672e+05 
9.97812656950711e+01 1.00025810645692e+05 
9.99837025244658e+01 1.00026091905193e+05 
1.00186246746907e+02 1.00025672568214e+05 
