# Liste des scalaires : TEMPS pmat 
0.00000000000000e+00 1.00000000000000e+05 
2.04081632653061e-01 1.00000000000000e+05 
4.08042165141975e-01 1.00000000000000e+05 
6.11832106953319e-01 1.00000000000000e+05 
8.15421737498182e-01 1.00000000000000e+05 
1.01884831470558e+00 1.00000000000000e+05 
1.22207818930831e+00 1.00000000000000e+05 
1.42513098547652e+00 1.00000000000000e+05 
1.62798725493260e+00 1.00000000000000e+05 
1.83053493087979e+00 1.00000000000000e+05 
2.03291905653503e+00 1.00000000000000e+05 
2.23520224592158e+00 1.00000000000000e+05 
2.43733969254296e+00 1.00000000000000e+05 
2.63931827049832e+00 1.00000000000000e+05 
2.84120332396323e+00 1.00000000000000e+05 
3.04297858176904e+00 1.00000000000000e+05 
3.24460591464334e+00 1.00000000000000e+05 
3.44612291562131e+00 1.00000000000000e+05 
3.64760922308227e+00 1.00000000000000e+05 
3.84909249851467e+00 1.00000000000000e+05 
4.05064469773747e+00 1.00000000000000e+05 
4.25222294222906e+00 1.00000000000000e+05 
4.45380035517506e+00 1.00000000000000e+05 
4.65542063364273e+00 1.00000000000000e+05 
4.85715243419261e+00 1.00000000000000e+05 
5.05906045928525e+00 1.00000000000000e+05 
5.26119401899534e+00 1.00000000000000e+05 
5.46347898380931e+00 1.00000000000000e+05 
5.66591894484892e+00 1.00000000000000e+05 
5.86852800362132e+00 1.00000000000000e+05 
6.07136345597011e+00 1.00000000000000e+05 
6.27438265108359e+00 1.00000000000000e+05 
6.47752964045090e+00 1.00000000000000e+05 
6.68089073121200e+00 1.00000000000000e+05 
6.88429870550576e+00 1.00000000000000e+05 
7.08769636443068e+00 1.00000000000000e+05 
7.29110827962174e+00 1.00000000000000e+05 
7.49449373816632e+00 1.00000000000000e+05 
7.69790617884871e+00 1.00000000000000e+05 
7.90135044231191e+00 1.00000000000000e+05 
8.10473659770851e+00 1.00000000000000e+05 
8.30800948139133e+00 1.00000000000000e+05 
8.51115234273433e+00 1.00000000000000e+05 
8.71416193711340e+00 1.00000000000000e+05 
8.91719900347831e+00 1.00000000000000e+05 
9.12020204041872e+00 1.00000000000000e+05 
9.32319297435189e+00 1.00000000000000e+05 
9.52619174127014e+00 1.00000000000000e+05 
9.72921908834018e+00 1.00000000000000e+05 
9.93229912946381e+00 1.00000000000000e+05 
1.01354642235065e+01 1.00000000000000e+05 
1.03387225987006e+01 1.00000000000000e+05 
1.05420932760412e+01 1.00000000000000e+05 
1.07455601602491e+01 1.00000000000000e+05 
1.09490636153785e+01 1.00000000000000e+05 
1.11525952040860e+01 1.00000000000000e+05 
1.13559908728595e+01 1.00000000000000e+05 
1.15591577617810e+01 1.00000000000000e+05 
1.17622381240369e+01 1.00000000000000e+05 
1.19650888349948e+01 1.00000000000000e+05 
1.21677288877747e+01 1.00000000000000e+05 
1.23702013159276e+01 1.00000000000000e+05 
1.25725982340610e+01 1.00000000000000e+05 
1.27748516426287e+01 1.00000000000000e+05 
1.29769249867640e+01 1.00000000000000e+05 
1.31787998828658e+01 1.00000000000000e+05 
1.33806014179065e+01 1.00000000000000e+05 
1.35822734033907e+01 1.00000000000000e+05 
1.37839887339651e+01 1.00000000000000e+05 
1.39857022015949e+01 1.00000000000000e+05 
1.41874661286692e+01 1.00000000000000e+05 
1.43892101845392e+01 1.00000000000000e+05 
1.45910326674531e+01 1.00000000000000e+05 
1.47929375836209e+01 1.00000000000000e+05 
1.49949695660416e+01 1.00000000000000e+05 
1.51971475723012e+01 1.00000000000000e+05 
1.53995487529939e+01 1.00000000000000e+05 
1.56020957788436e+01 1.00000000000000e+05 
1.58048076652820e+01 1.00000000000000e+05 
1.60076888558614e+01 1.00000000000000e+05 
1.62106850728960e+01 1.00000000000000e+05 
1.64138636363558e+01 1.00000000000000e+05 
1.66171481416695e+01 1.00000000000000e+05 
1.68205318926791e+01 1.00000000000000e+05 
1.70239717971818e+01 1.00000000000000e+05 
1.72274242526830e+01 1.00000000000000e+05 
1.74308511498678e+01 1.00000000000000e+05 
1.76342505270569e+01 1.00000000000000e+05 
1.78376212420556e+01 1.00000000000000e+05 
1.80409883913594e+01 1.00000000000000e+05 
1.82443050346869e+01 1.00000000000000e+05 
1.84474327837354e+01 1.00000000000000e+05 
1.86505503053125e+01 1.00000000000000e+05 
1.88535932316970e+01 1.00000000000000e+05 
1.90565608622741e+01 1.00000000000000e+05 
1.92594853707276e+01 1.00000000000000e+05 
1.94623796526000e+01 1.00000000000000e+05 
1.96652593507810e+01 1.00000000000000e+05 
1.98682128225951e+01 1.00000000000000e+05 
2.00712299723808e+01 1.00000000000000e+05 
2.02743632772251e+01 1.00000000000000e+05 
2.04775974201162e+01 1.00000000000000e+05 
2.06808993432005e+01 1.00000000000000e+05 
2.08842816624739e+01 1.00000000000000e+05 
2.10877109245459e+01 1.00000000000000e+05 
2.12911865561413e+01 1.00000000000000e+05 
2.14946542636065e+01 1.00000000000000e+05 
2.16979483115182e+01 1.00000000000000e+05 
2.19009928614698e+01 1.00000000000000e+05 
2.21039017811684e+01 1.00000000000000e+05 
2.23066497283774e+01 1.00000000000000e+05 
2.25092177015210e+01 1.00000000000000e+05 
2.27116581345214e+01 1.00000000000000e+05 
2.29139334651086e+01 1.00000000000000e+05 
2.31160467477100e+01 1.00000000000000e+05 
2.33179868862948e+01 1.00000000000000e+05 
2.35199180822287e+01 1.00000000000000e+05 
2.37218051763256e+01 1.00000000000000e+05 
2.39236768880851e+01 1.00000000000000e+05 
2.41255552893581e+01 1.00000000000000e+05 
2.43274126484990e+01 1.00000000000000e+05 
2.45293056915018e+01 1.00000000000000e+05 
2.47312963943893e+01 1.00000000000000e+05 
2.49333962174227e+01 1.00000000000000e+05 
2.51357213393038e+01 1.00000000000000e+05 
2.53382018572701e+01 1.00000000000000e+05 
2.55408488073704e+01 1.00000000000000e+05 
2.57436471827663e+01 1.00000000000000e+05 
2.59465698142901e+01 1.00000000000000e+05 
2.61496583369765e+01 1.00000000000000e+05 
2.63529142216749e+01 1.00000000000000e+05 
2.65562742668140e+01 1.00000000000000e+05 
2.67596972761635e+01 1.00000000000000e+05 
2.69631506643780e+01 1.00000000000000e+05 
2.71666356359982e+01 1.00000000000000e+05 
2.73700949757860e+01 1.00000000000000e+05 
2.75735042909555e+01 1.00000000000000e+05 
2.77768698215134e+01 1.00000000000000e+05 
2.79801634091441e+01 1.00000000000000e+05 
2.81832311137916e+01 1.00000000000000e+05 
2.83862493691881e+01 1.00000000000000e+05 
2.85892005667304e+01 1.00000000000000e+05 
2.87920289759177e+01 1.00000000000000e+05 
2.89947855911169e+01 1.00000000000000e+05 
2.91974758167431e+01 1.00000000000000e+05 
2.94001081727549e+01 1.00000000000000e+05 
2.96028174869848e+01 1.00000000000000e+05 
2.98055746712193e+01 1.00000000000000e+05 
3.00084175396436e+01 1.00000000000000e+05 
3.02113309117389e+01 1.00000000000000e+05 
3.04143391710080e+01 1.00000000000000e+05 
3.06174347641709e+01 1.00000000000000e+05 
3.08206359225875e+01 1.00000000000000e+05 
3.10238921252226e+01 1.00000000000000e+05 
3.12271617071788e+01 1.00000000000000e+05 
3.14304933723914e+01 1.00000000000000e+05 
3.16338559333766e+01 1.00000000000000e+05 
3.18371697100234e+01 1.00000000000000e+05 
3.20402940171543e+01 1.00000000000000e+05 
3.22432411366959e+01 1.00000000000000e+05 
3.24460329241944e+01 1.00000000000000e+05 
3.26486468730478e+01 1.00000000000000e+05 
3.28510694083674e+01 1.00000000000000e+05 
3.30532799861897e+01 1.00000000000000e+05 
3.32554482102955e+01 1.00000000000000e+05 
3.34575453553804e+01 1.00000000000000e+05 
3.36595641500324e+01 1.00000000000000e+05 
3.38615486883824e+01 1.00000000000000e+05 
3.40634799904239e+01 1.00000000000000e+05 
3.42653996408576e+01 1.00000000000000e+05 
3.44673939566842e+01 1.00000000000000e+05 
3.46694612546547e+01 1.00000000000000e+05 
3.48717036107216e+01 1.00000000000000e+05 
3.50740862371626e+01 1.00000000000000e+05 
3.52766015885758e+01 1.00000000000000e+05 
3.54793183147402e+01 1.00000000000000e+05 
3.56821412870120e+01 1.00000000000000e+05 
3.58851172271814e+01 1.00000000000000e+05 
3.60883109456795e+01 1.00000000000000e+05 
3.62916365042183e+01 1.00000000000000e+05 
3.64950404477902e+01 1.00000000000000e+05 
3.66984690806315e+01 1.00000000000000e+05 
3.69019364923025e+01 1.00000000000000e+05 
3.71054357283456e+01 1.00000000000000e+05 
3.73088956361505e+01 1.00000000000000e+05 
3.75123241222096e+01 1.00000000000000e+05 
3.77157068996436e+01 1.00000000000000e+05 
3.79188884208807e+01 1.00000000000000e+05 
3.81219429731373e+01 1.00000000000000e+05 
3.83249696414713e+01 1.00000000000000e+05 
3.85278282028840e+01 1.00000000000001e+05 
3.87305789313831e+01 1.00000000000016e+05 
3.89332338669238e+01 1.00000000000295e+05 
3.91357862752962e+01 1.00000000002001e+05 
3.93384030966966e+01 1.00000000156987e+05 
3.95410271713939e+01 1.00000000368235e+05 
3.97436993424354e+01 1.00000000637144e+05 
3.99463921856252e+01 1.00000001180540e+05 
4.01491654750551e+01 1.00000002066320e+05 
4.03520289195442e+01 1.00000003489839e+05 
4.05550048910795e+01 1.00000006566992e+05 
4.07580864187294e+01 1.00000010651620e+05 
4.09612286775592e+01 1.00000017196963e+05 
4.11644223380052e+01 1.00000031164600e+05 
4.13676607110112e+01 1.00000051498096e+05 
4.15709452306063e+01 1.00000079925224e+05 
4.17742442700769e+01 1.00000131125360e+05 
4.19775135223546e+01 1.00000192338369e+05 
4.21806564457985e+01 1.00000279431271e+05 
4.23835704544603e+01 1.00000442854073e+05 
4.25863222546333e+01 1.00000652387121e+05 
4.27888279196484e+01 1.00000903665977e+05 
4.29912615982889e+01 1.00001298601243e+05 
4.31935852435500e+01 1.00001706724652e+05 
4.33957815205678e+01 1.00002216433534e+05 
4.35978979487543e+01 1.00003053933376e+05 
4.37999304200929e+01 1.00003988583755e+05 
4.40019076885360e+01 1.00004924529947e+05 
4.42039337320145e+01 1.00006181847645e+05 
4.44060001538986e+01 1.00007259986714e+05 
4.46081858574393e+01 1.00008412913807e+05 
4.48104711684930e+01 1.00010053406834e+05 
4.50128451538969e+01 1.00011610583918e+05 
4.52153736753591e+01 1.00012834842361e+05 
4.54180340147901e+01 1.00014188054591e+05 
4.56208710244056e+01 1.00014997943865e+05 
4.58239099702678e+01 1.00015666360528e+05 
4.60270996589638e+01 1.00016452570635e+05 
4.62304657697298e+01 1.00016956735264e+05 
4.64338688960506e+01 1.00017116498586e+05 
4.66373017077841e+01 1.00017084157718e+05 
4.68407572598015e+01 1.00016574357535e+05 
4.70442546395734e+01 1.00015863494478e+05 
4.72477386480636e+01 1.00014902638596e+05 
4.74511939246332e+01 1.00013726751445e+05 
4.76545330594890e+01 1.00012626885762e+05 
4.78577067285611e+01 1.00011165408374e+05 
4.80608753693268e+01 1.00009616745991e+05 
4.82638354697416e+01 1.00007869762518e+05 
4.84666467540706e+01 1.00005643452230e+05 
4.86693473168333e+01 1.00003374552787e+05 
4.88719019249858e+01 1.00001673422008e+05 
4.90745027720318e+01 9.99996037760197e+04 
4.92770764391171e+01 9.99978196911710e+04 
4.94796476958813e+01 9.99959286975438e+04 
4.96822204167646e+01 9.99934960508965e+04 
4.98848222239144e+01 9.99912291095220e+04 
5.00874761862161e+01 9.99896691645258e+04 
5.02902390157782e+01 9.99878618618668e+04 
5.04931165644340e+01 9.99866242279167e+04 
5.06960805910771e+01 9.99853777147341e+04 
5.08991333423157e+01 9.99838204345471e+04 
5.11022578645217e+01 9.99825270395853e+04 
5.13054423763076e+01 9.99817827370042e+04 
5.15086548546338e+01 9.99810290496846e+04 
5.17119065645690e+01 9.99808966739431e+04 
5.19151950423545e+01 9.99808874845239e+04 
5.21183745006488e+01 9.99808709970345e+04 
5.23214088774139e+01 9.99811220362908e+04 
5.25242324010963e+01 9.99815880435971e+04 
5.27269607076205e+01 9.99822581305819e+04 
5.29295441731976e+01 9.99833352446991e+04 
5.31319496968064e+01 9.99846630263621e+04 
5.33342472842059e+01 9.99863473060176e+04 
5.35364267211515e+01 9.99881519733689e+04 
5.37385040812235e+01 9.99895971401120e+04 
5.39406083094777e+01 9.99914857708281e+04 
5.41427161596012e+01 9.99933167517309e+04 
5.43448835302565e+01 9.99953446343086e+04 
5.45471108975266e+01 9.99978479117752e+04 
5.47493910082137e+01 1.00000264671030e+05 
5.49517879790564e+01 1.00001962524936e+05 
5.51543020530474e+01 1.00003949322072e+05 
5.53569745540088e+01 1.00005511024039e+05 
5.55598668189212e+01 1.00007157624288e+05 
5.57629126136038e+01 1.00009129765029e+05 
5.59661352293277e+01 1.00010804367951e+05 
5.61694921057413e+01 1.00011763257530e+05 
5.63728862466536e+01 1.00012755298652e+05 
5.65762995126502e+01 1.00013225384588e+05 
5.67797565324227e+01 1.00013681473166e+05 
5.69832411929876e+01 1.00014134297227e+05 
5.71867575597213e+01 1.00014280964851e+05 
5.73902142438224e+01 1.00014075046148e+05 
5.75935504013974e+01 1.00013679637326e+05 
5.77968428105782e+01 1.00012930852157e+05 
5.79999523007818e+01 1.00012065193048e+05 
5.82028720166861e+01 1.00010966325050e+05 
5.84056737401209e+01 1.00009657524427e+05 
5.86082924096970e+01 1.00008532804331e+05 
5.88109369357781e+01 1.00007016251162e+05 
5.90135188227780e+01 1.00005509770336e+05 
5.92160540509742e+01 1.00003876946409e+05 
5.94185604009779e+01 1.00001887279082e+05 
5.96210526984744e+01 9.99999117448614e+04 
5.98235501837237e+01 9.99984126917910e+04 
6.00261485722220e+01 9.99966045527187e+04 
6.02288361841210e+01 9.99951017914371e+04 
6.04316638201486e+01 9.99935291171850e+04 
6.06345686020863e+01 9.99916266772341e+04 
6.08375671479841e+01 9.99899242200351e+04 
6.10406211004055e+01 9.99887981941333e+04 
6.12437426280142e+01 9.99875846061478e+04 
6.14469164445446e+01 9.99868365808548e+04 
6.16501210676312e+01 9.99860873651043e+04 
6.18533579475247e+01 9.99853370076188e+04 
6.20566264173889e+01 9.99848663195033e+04 
6.22597817220211e+01 9.99847903767065e+04 
6.24627995534665e+01 9.99848558439874e+04 
6.26656673735378e+01 9.99853260674476e+04 
6.28683131616467e+01 9.99859413459190e+04 
6.30708195650471e+01 9.99867880775609e+04 
6.32731804840720e+01 9.99878990142935e+04 
6.34753919046854e+01 9.99890012817372e+04 
6.36776034541254e+01 9.99904685667120e+04 
6.38797873688976e+01 9.99919829560663e+04 
6.40819738273611e+01 9.99936584585928e+04 
6.42841784067253e+01 9.99957395577132e+04 
6.44863959670241e+01 9.99978988490146e+04 
6.46886801912706e+01 9.99996438568016e+04 
6.48910662140103e+01 1.00001766993826e+05 
6.50935819241049e+01 1.00003586611466e+05 
6.52963226964966e+01 1.00005509473933e+05 
6.54992405740070e+01 1.00007821019762e+05 
6.57023188561443e+01 1.00009982379590e+05 
6.59055500692646e+01 1.00011538997610e+05 
6.61089027901603e+01 1.00013285359547e+05 
6.63122766649993e+01 1.00014472567512e+05 
6.65156872049080e+01 1.00015619059853e+05 
6.67191280630788e+01 1.00016818764302e+05 
6.69226164912726e+01 1.00017598571412e+05 
6.71261325074319e+01 1.00017817530182e+05 
6.73296169036911e+01 1.00017859667453e+05 
6.75330252299440e+01 1.00017437920131e+05 
6.77363198433455e+01 1.00016805122356e+05 
6.79393888572186e+01 1.00015816535572e+05 
6.81423368894994e+01 1.00014490300922e+05 
6.83450708709156e+01 1.00013218921763e+05 
6.85478069710537e+01 1.00011592896239e+05 
6.87504560574697e+01 1.00009929192927e+05 
6.89530120509714e+01 1.00008064227375e+05 
6.91555074049377e+01 1.00005724194797e+05 
6.93579506481004e+01 1.00003299105821e+05 
6.95603538262472e+01 1.00001349366301e+05 
6.97628467070184e+01 9.99989420559421e+04 
6.99654031500043e+01 9.99968517764046e+04 
7.01680675370484e+01 9.99946134775763e+04 
7.03708128597538e+01 9.99918826220136e+04 
7.05736643918905e+01 9.99893688398336e+04 
7.07765856443493e+01 9.99876019464792e+04 
7.09796045256010e+01 9.99856102687485e+04 
7.11826613299295e+01 9.99842538389463e+04 
7.13857897479778e+01 9.99829235755888e+04 
7.15889661007472e+01 9.99814289514791e+04 
7.17921459341708e+01 9.99803244957326e+04 
7.19953726252105e+01 9.99797593962066e+04 
7.21985718027617e+01 9.99793478076231e+04 
7.24016476186381e+01 9.99794705950413e+04 
7.26045430537818e+01 9.99798197040409e+04 
7.28072213299480e+01 9.99803943125479e+04 
7.30097805999067e+01 9.99813944617269e+04 
7.32121446685061e+01 9.99824263436854e+04 
7.34144836407241e+01 9.99838906518172e+04 
7.36167644759561e+01 9.99855645704362e+04 
7.38189887804541e+01 9.99874911668108e+04 
7.40211919750683e+01 9.99899027775827e+04 
7.42233714635407e+01 9.99924321661002e+04 
7.44255673633598e+01 9.99944529455720e+04 
7.46278498585127e+01 9.99969176677591e+04 
7.48302306656735e+01 9.99990928229053e+04 
7.50327937384072e+01 1.00001422268337e+05 
7.52355063125583e+01 1.00004199197171e+05 
7.54383722282391e+01 1.00006744175099e+05 
7.56414216244544e+01 1.00008503079617e+05 
7.58445981321123e+01 1.00010506233575e+05 
7.60479184214261e+01 1.00011937000190e+05 
7.62512929186171e+01 1.00013372086509e+05 
7.64546964242765e+01 1.00014967194681e+05 
7.66581350680706e+01 1.00016148880365e+05 
7.68616010200597e+01 1.00016770276005e+05 
7.70651079936182e+01 1.00017235432344e+05 
7.72686113724331e+01 1.00017198297788e+05 
7.74720611152207e+01 1.00016973243665e+05 
7.76753133911698e+01 1.00016611595541e+05 
7.78784461857672e+01 1.00015830858340e+05 
7.80813340565300e+01 1.00015000962841e+05 
7.82841986758304e+01 1.00013790433115e+05 
7.84869562928645e+01 1.00012378920310e+05 
7.86895714902216e+01 1.00010744799662e+05 
7.88920942905549e+01 1.00008659851194e+05 
7.90945315913393e+01 1.00006441605726e+05 
7.92968840114831e+01 1.00004641630471e+05 
7.94993122078064e+01 1.00002398191803e+05 
7.97017694779022e+01 1.00000398367503e+05 
7.99042936798559e+01 9.99982436673198e+04 
8.01068697501696e+01 9.99956225506184e+04 
8.03095192442820e+01 9.99931614271538e+04 
8.05122783411067e+01 9.99913762224193e+04 
8.07151532943511e+01 9.99893296020983e+04 
8.09180874917751e+01 9.99878390703661e+04 
8.11211009470289e+01 9.99863463926835e+04 
8.13241348982823e+01 9.99846186486186e+04 
8.15272528948804e+01 9.99832449292593e+04 
8.17303892546740e+01 9.99824900023567e+04 
8.19335573112213e+01 9.99817959449095e+04 
8.21368014274263e+01 9.99816242192753e+04 
8.23398733234911e+01 9.99816240858040e+04 
8.25427383975605e+01 9.99817065333681e+04 
8.27454995878572e+01 9.99822563587664e+04 
8.29480798671471e+01 9.99829088379408e+04 
8.31506062535737e+01 9.99839073086058e+04 
8.33530393401760e+01 9.99851895850143e+04 
8.35553612257224e+01 9.99867008554636e+04 
8.37576211955306e+01 9.99886724561097e+04 
8.39598226381276e+01 9.99908248970435e+04 
8.41619894017817e+01 9.99926123666933e+04 
8.43642239682605e+01 9.99948653531217e+04 
8.45665203012387e+01 9.99969213557546e+04 
8.47689483564908e+01 9.99991280964383e+04 
8.49714940232389e+01 1.00001817313748e+05 
8.51741579640687e+01 1.00004387415130e+05 
8.53769978718437e+01 1.00006264032742e+05 
8.55799804902041e+01 1.00008388593194e+05 
8.57831240408108e+01 1.00009982924297e+05 
8.59864536951827e+01 1.00011586698413e+05 
8.61898160798553e+01 1.00013409191135e+05 
8.63932062744392e+01 1.00014911065164e+05 
8.65966229319829e+01 1.00015741443307e+05 
8.68000940443101e+01 1.00016530196278e+05 
8.70035825837327e+01 1.00016783504256e+05 
8.72070843440491e+01 1.00016897656479e+05 
8.74105419344450e+01 1.00016896406526e+05 
8.76138267437083e+01 1.00016501265538e+05 
8.78169205534772e+01 1.00015953106282e+05 
8.80199632675196e+01 1.00015115702616e+05 
8.82228781681249e+01 1.00013994914743e+05 
8.84256106973253e+01 1.00012683546478e+05 
8.86282246424383e+01 1.00010974366275e+05 
8.88307219110573e+01 1.00009099201392e+05 
8.90330924047535e+01 1.00007553329218e+05 
8.92355207597714e+01 1.00005554387923e+05 
8.94379379157647e+01 1.00003719853105e+05 
8.96403799089431e+01 1.00001712719304e+05 
8.98428436218644e+01 9.99992514861174e+04 
9.00453482475632e+01 9.99968487055703e+04 
9.02479204282358e+01 9.99950548845758e+04 
9.04506070166489e+01 9.99929801541692e+04 
9.06534221098573e+01 9.99913611192771e+04 
9.08563074156330e+01 9.99896829261424e+04 
9.10592331034942e+01 9.99877045610722e+04 
9.12622364660194e+01 9.99860035383328e+04 
9.14653252837018e+01 9.99849299401715e+04 
9.16684271913442e+01 9.99838279002344e+04 
9.18715866137494e+01 9.99832593823855e+04 
9.20747842683971e+01 9.99827806804736e+04 
9.22778651165516e+01 9.99824186557723e+04 
9.24808149399466e+01 9.99823754843293e+04 
9.26836400845213e+01 9.99826789783570e+04 
9.28863873614108e+01 9.99832267929094e+04 
9.30890085767134e+01 9.99841487901398e+04 
9.32914663544503e+01 9.99852855840159e+04 
9.34938317764641e+01 9.99868248740201e+04 
9.36961022577806e+01 9.99886196231154e+04 
9.38982898525573e+01 9.99901617749391e+04 
9.41005250280928e+01 9.99921800196174e+04 
9.43027848548941e+01 9.99940873004179e+04 
9.45051224941694e+01 9.99961716612444e+04 
9.47075391235569e+01 9.99987549624247e+04 
9.49100356403763e+01 1.00001295077141e+05 
9.51126679959551e+01 1.00003204796462e+05 
9.53154338342254e+01 1.00005423143972e+05 
9.55183731288411e+01 1.00007168349469e+05 
9.57215113888919e+01 1.00008954663480e+05 
9.59247849047671e+01 1.00011032742362e+05 
9.61281201802749e+01 1.00012837181055e+05 
9.63314994562056e+01 1.00013949518545e+05 
9.65349076935859e+01 1.00015080066822e+05 
9.67383385387505e+01 1.00015682512126e+05 
9.69418207081187e+01 1.00016193237794e+05 
9.71453287818878e+01 1.00016566946677e+05 
9.73487757563585e+01 1.00016663242832e+05 
9.75521003395735e+01 1.00016388354158e+05 
9.77553203876417e+01 1.00015923084851e+05 
9.79584256456356e+01 1.00015094749729e+05 
9.81613154578645e+01 1.00014089076330e+05 
9.83640728139437e+01 1.00012747887671e+05 
9.85666800715794e+01 1.00011191406944e+05 
9.87691229821461e+01 1.00009873688901e+05 
9.89716027992200e+01 1.00008129549025e+05 
9.91740397132955e+01 1.00006442599082e+05 
9.93764536462670e+01 1.00004569978901e+05 
9.95788576239822e+01 1.00002247547274e+05 
9.97812656950711e+01 9.99999482345659e+04 
9.99837025244658e+01 9.99981887516918e+04 
1.00186246746907e+02 9.99960967091690e+04 
