# Liste des scalaires : TEMPS pmat 
0.00000000000000e+00 1.00000000000000e+05 
2.04081632653061e-01 1.00000000000000e+05 
4.08042165141975e-01 1.00000000000000e+05 
6.11832106953319e-01 1.00000000000000e+05 
8.15421737498182e-01 1.00000000000000e+05 
1.01884831470558e+00 1.00000000000000e+05 
1.22207818930831e+00 1.00000000000000e+05 
1.42513098547652e+00 1.00000000000000e+05 
1.62798725493260e+00 1.00000000000000e+05 
1.83053493087979e+00 1.00000000000000e+05 
2.03291905653503e+00 1.00000000000000e+05 
2.23520224592158e+00 1.00000000000000e+05 
2.43733969254296e+00 1.00000000000000e+05 
2.63931827049832e+00 1.00000000000000e+05 
2.84120332396323e+00 1.00000000000000e+05 
3.04297858176904e+00 1.00000000000000e+05 
3.24460591464334e+00 1.00000000000000e+05 
3.44612291562131e+00 1.00000000000000e+05 
3.64760922308227e+00 1.00000000000000e+05 
3.84909249851467e+00 1.00000000000000e+05 
4.05064469773747e+00 1.00000000000000e+05 
4.25222294222906e+00 1.00000000000000e+05 
4.45380035517506e+00 1.00000000000000e+05 
4.65542063364273e+00 1.00000000000000e+05 
4.85715243419261e+00 1.00000000000000e+05 
5.05906045928525e+00 1.00000000000000e+05 
5.26119401899534e+00 1.00000000000000e+05 
5.46347898380931e+00 1.00000000000000e+05 
5.66591894484892e+00 1.00000000000000e+05 
5.86852800362132e+00 1.00000000000000e+05 
6.07136345597011e+00 1.00000000000000e+05 
6.27438265108359e+00 1.00000000000000e+05 
6.47752964045090e+00 1.00000000000000e+05 
6.68089073121200e+00 1.00000000000000e+05 
6.88429870550576e+00 1.00000000000000e+05 
7.08769636443068e+00 1.00000000000000e+05 
7.29110827962174e+00 1.00000000000000e+05 
7.49449373816632e+00 1.00000000000000e+05 
7.69790617884871e+00 1.00000000000000e+05 
7.90135044231191e+00 1.00000000000000e+05 
8.10473659770851e+00 1.00000000000000e+05 
8.30800948139133e+00 1.00000000000000e+05 
8.51115234273433e+00 1.00000000000000e+05 
8.71416193711340e+00 1.00000000000000e+05 
8.91719900347831e+00 1.00000000000000e+05 
9.12020204041872e+00 1.00000000000000e+05 
9.32319297435189e+00 1.00000000000000e+05 
9.52619174127014e+00 1.00000000000000e+05 
9.72921908834018e+00 1.00000000000000e+05 
9.93229912946381e+00 1.00000000000000e+05 
1.01354642235065e+01 1.00000000000000e+05 
1.03387225987006e+01 1.00000000000000e+05 
1.05420932760412e+01 1.00000000000000e+05 
1.07455601602491e+01 1.00000000000000e+05 
1.09490636153785e+01 1.00000000000000e+05 
1.11525952040860e+01 1.00000000000000e+05 
1.13559908728595e+01 1.00000000000000e+05 
1.15591577617810e+01 1.00000000000000e+05 
1.17622381240369e+01 1.00000000000000e+05 
1.19650888349948e+01 1.00000000000000e+05 
1.21677288877747e+01 1.00000000000000e+05 
1.23702013159276e+01 1.00000000000000e+05 
1.25725982340610e+01 1.00000000000000e+05 
1.27748516426287e+01 1.00000000000000e+05 
1.29769249867640e+01 1.00000000000000e+05 
1.31787998828658e+01 1.00000000000000e+05 
1.33806014179065e+01 1.00000000000000e+05 
1.35822734033907e+01 1.00000000000000e+05 
1.37839887339651e+01 1.00000000000000e+05 
1.39857022015949e+01 1.00000000000000e+05 
1.41874661286692e+01 1.00000000000000e+05 
1.43892101845392e+01 1.00000000000000e+05 
1.45910326674531e+01 1.00000000000000e+05 
1.47929375836209e+01 1.00000000000000e+05 
1.49949695660416e+01 1.00000000000000e+05 
1.51971475723012e+01 1.00000000000000e+05 
1.53995487529939e+01 1.00000000000000e+05 
1.56020957788436e+01 1.00000000000000e+05 
1.58048076652820e+01 1.00000000000000e+05 
1.60076888558614e+01 1.00000000000000e+05 
1.62106850728960e+01 1.00000000000000e+05 
1.64138636363558e+01 1.00000000000000e+05 
1.66171481416695e+01 1.00000000000000e+05 
1.68205318926791e+01 1.00000000000000e+05 
1.70239717971818e+01 1.00000000000000e+05 
1.72274242526830e+01 1.00000000000000e+05 
1.74308511498678e+01 1.00000000000000e+05 
1.76342505270569e+01 1.00000000000000e+05 
1.78376212420556e+01 1.00000000000000e+05 
1.80409883913594e+01 1.00000000000000e+05 
1.82443050346869e+01 1.00000000000000e+05 
1.84474327837354e+01 1.00000000000000e+05 
1.86505503053125e+01 1.00000000000000e+05 
1.88535932316970e+01 1.00000000000000e+05 
1.90565608622741e+01 1.00000000000000e+05 
1.92594853707276e+01 1.00000000000000e+05 
1.94623796526000e+01 1.00000000000000e+05 
1.96652593507810e+01 1.00000000000000e+05 
1.98682128225951e+01 1.00000000000000e+05 
2.00712299723808e+01 1.00000000000000e+05 
2.02743632772251e+01 1.00000000000000e+05 
2.04775974201162e+01 1.00000000000000e+05 
2.06808993432005e+01 1.00000000000000e+05 
2.08842816624739e+01 1.00000000000000e+05 
2.10877109245459e+01 1.00000000000000e+05 
2.12911865561413e+01 1.00000000000000e+05 
2.14946542636065e+01 1.00000000000000e+05 
2.16979483115182e+01 1.00000000000000e+05 
2.19009928614698e+01 1.00000000000000e+05 
2.21039017811684e+01 1.00000000000000e+05 
2.23066497283774e+01 1.00000000000000e+05 
2.25092177015210e+01 1.00000000000000e+05 
2.27116581345214e+01 1.00000000000000e+05 
2.29139334651086e+01 1.00000000000000e+05 
2.31160467477100e+01 1.00000000000000e+05 
2.33179868862948e+01 1.00000000000000e+05 
2.35199180822287e+01 1.00000000000000e+05 
2.37218051763256e+01 1.00000000000000e+05 
2.39236768880851e+01 1.00000000000000e+05 
2.41255552893581e+01 1.00000000000000e+05 
2.43274126484990e+01 1.00000000000000e+05 
2.45293056915018e+01 1.00000000000000e+05 
2.47312963943893e+01 1.00000000000000e+05 
2.49333962174227e+01 1.00000000000000e+05 
2.51357213393038e+01 1.00000000000000e+05 
2.53382018572701e+01 1.00000000000000e+05 
2.55408488073704e+01 1.00000000000000e+05 
2.57436471827663e+01 1.00000000000009e+05 
2.59465698142901e+01 1.00000000000045e+05 
2.61496583369765e+01 1.00000000000227e+05 
2.63529142216749e+01 1.00000000004656e+05 
2.65562742668140e+01 1.00000000292592e+05 
2.67596972761635e+01 1.00000000692771e+05 
2.69631506643780e+01 1.00000001381597e+05 
2.71666356359982e+01 1.00000002109402e+05 
2.73700949757860e+01 1.00000003548857e+05 
2.75735042909555e+01 1.00000006978651e+05 
2.77768698215134e+01 1.00000013731464e+05 
2.79801634091441e+01 1.00000023806053e+05 
2.81832311137916e+01 1.00000037364801e+05 
2.83862493691881e+01 1.00000055059371e+05 
2.85892005667304e+01 1.00000086994869e+05 
2.87920289759177e+01 1.00000148906755e+05 
2.89947855911169e+01 1.00000254326505e+05 
2.91974758167431e+01 1.00000391852985e+05 
2.94001081727549e+01 1.00000547951730e+05 
2.96028174869848e+01 1.00000730664938e+05 
2.98055746712193e+01 1.00001023575987e+05 
3.00084175396436e+01 1.00001521637964e+05 
3.02113309117389e+01 1.00002260708767e+05 
3.04143391710080e+01 1.00003098621363e+05 
3.06174347641709e+01 1.00003864313312e+05 
3.08206359225875e+01 1.00004614490846e+05 
3.10238921252226e+01 1.00005699146010e+05 
3.12271617071788e+01 1.00007366903840e+05 
3.14304933723914e+01 1.00009502360990e+05 
3.16338559333766e+01 1.00011512659155e+05 
3.18371697100234e+01 1.00012784116771e+05 
3.20402940171543e+01 1.00013607346464e+05 
3.22432411366959e+01 1.00014936572126e+05 
3.24460329241944e+01 1.00017075984415e+05 
3.26486468730478e+01 1.00019702174571e+05 
3.28510694083674e+01 1.00021668679977e+05 
3.30532799861897e+01 1.00021915361170e+05 
3.32554482102955e+01 1.00021845926914e+05 
3.34575453553804e+01 1.00022117147305e+05 
3.36595641500324e+01 1.00023487749041e+05 
3.38615486883824e+01 1.00025396250017e+05 
3.40634799904239e+01 1.00026228668933e+05 
3.42653996408576e+01 1.00025349558700e+05 
3.44673939566842e+01 1.00023841173784e+05 
3.46694612546547e+01 1.00023047755768e+05 
3.48717036107216e+01 1.00022650533833e+05 
3.50740862371626e+01 1.00022520367739e+05 
3.52766015885758e+01 1.00021392676029e+05 
3.54793183147402e+01 1.00018870269006e+05 
3.56821412870120e+01 1.00015920238664e+05 
3.58851172271814e+01 1.00013072372897e+05 
3.60883109456795e+01 1.00010216285945e+05 
3.62916365042183e+01 1.00007316511991e+05 
3.64950404477902e+01 1.00004005949450e+05 
3.66984690806315e+01 1.00000660301297e+05 
3.69019364923025e+01 9.99973884827991e+04 
3.71054357283456e+01 9.99936365034790e+04 
3.73088956361505e+01 9.99889499296002e+04 
3.75123241222096e+01 9.99842787549061e+04 
3.77157068996436e+01 9.99805525707379e+04 
3.79188884208807e+01 9.99783902655562e+04 
3.81219429731373e+01 9.99767798494876e+04 
3.83249696414713e+01 9.99740124404393e+04 
3.85278282028840e+01 9.99697900052502e+04 
3.87305789313831e+01 9.99656440556860e+04 
3.89332338669238e+01 9.99641356191196e+04 
3.91357862752962e+01 9.99650180872159e+04 
3.93384030966966e+01 9.99661671762723e+04 
3.95410271713939e+01 9.99661173458537e+04 
3.97436993424354e+01 9.99647213293082e+04 
3.99463921856252e+01 9.99639265641793e+04 
4.01491654750551e+01 9.99650992965020e+04 
4.03520289195442e+01 9.99686777986072e+04 
4.05550048910795e+01 9.99727313616191e+04 
4.07580864187294e+01 9.99757033501178e+04 
4.09612286775592e+01 9.99778135722345e+04 
4.11644223380052e+01 9.99804452088693e+04 
4.13676607110112e+01 9.99848913057075e+04 
4.15709452306063e+01 9.99898962384005e+04 
4.17742442700769e+01 9.99945018880389e+04 
4.19775135223546e+01 9.99987029534376e+04 
4.21806564457985e+01 1.00003315556275e+05 
4.23835704544603e+01 1.00008008494020e+05 
4.25863222546333e+01 1.00012519714598e+05 
4.27888279196484e+01 1.00015709440476e+05 
4.29912615982889e+01 1.00018056625033e+05 
4.31935852435500e+01 1.00021030016477e+05 
4.33957815205678e+01 1.00025127752326e+05 
4.35978979487543e+01 1.00028766215060e+05 
4.37999304200929e+01 1.00030109709549e+05 
4.40019076885360e+01 1.00029312363919e+05 
4.42039337320145e+01 1.00028208154366e+05 
4.44060001538986e+01 1.00028475462567e+05 
4.46081858574393e+01 1.00029577075961e+05 
4.48104711684930e+01 1.00029418767973e+05 
4.50128451538969e+01 1.00027552186740e+05 
4.52153736753591e+01 1.00023660578849e+05 
4.54180340147901e+01 1.00019593943587e+05 
4.56208710244056e+01 1.00016686221969e+05 
4.58239099702678e+01 1.00014475483355e+05 
4.60270996589638e+01 1.00011262088729e+05 
4.62304657697298e+01 1.00006030892410e+05 
4.64338688960506e+01 1.00000730053183e+05 
4.66373017077841e+01 9.99963842114838e+04 
4.68407572598015e+01 9.99925734147603e+04 
4.70442546395734e+01 9.99881094343489e+04 
4.72477386480636e+01 9.99829542810905e+04 
4.74511939246332e+01 9.99777554577900e+04 
4.76545330594890e+01 9.99744679757828e+04 
4.78577067285611e+01 9.99722859666712e+04 
4.80608753693268e+01 9.99696680538330e+04 
4.82638354697416e+01 9.99657147494039e+04 
4.84666467540706e+01 9.99616272710804e+04 
4.86693473168333e+01 9.99598300399021e+04 
4.88719019249858e+01 9.99606196630530e+04 
4.90745027720318e+01 9.99621896710418e+04 
4.92770764391171e+01 9.99625455363543e+04 
4.94796476958813e+01 9.99617014273768e+04 
4.96822204167646e+01 9.99619273725287e+04 
4.98848222239144e+01 9.99638068136272e+04 
5.00874761862161e+01 9.99683689212189e+04 
5.02902390157782e+01 9.99732910457124e+04 
5.04931165644340e+01 9.99771105212304e+04 
5.06960805910771e+01 9.99801047096796e+04 
5.08991333423157e+01 9.99837322600450e+04 
5.11022578645217e+01 9.99893994776318e+04 
5.13054423763076e+01 9.99951700757482e+04 
5.15086548546338e+01 1.00000149456263e+05 
5.17119065645690e+01 1.00004590675218e+05 
5.19151950423545e+01 1.00009564798367e+05 
5.21183745006488e+01 1.00014910867004e+05 
5.23214088774139e+01 1.00020154623421e+05 
5.25242324010963e+01 1.00023539451986e+05 
5.27269607076205e+01 1.00025980785487e+05 
5.29295441731976e+01 1.00028937543644e+05 
5.31319496968064e+01 1.00033200391650e+05 
5.33342472842059e+01 1.00037309495968e+05 
5.35364267211515e+01 1.00038963537025e+05 
5.37385040812235e+01 1.00038073770579e+05 
5.39406083094777e+01 1.00036719598076e+05 
5.41427161596012e+01 1.00036570665413e+05 
5.43448835302565e+01 1.00037647431688e+05 
5.45471108975266e+01 1.00037770379318e+05 
5.47493910082137e+01 1.00035728575337e+05 
5.49517879790564e+01 1.00031100565996e+05 
5.51543020530474e+01 1.00026327347338e+05 
5.53569745540088e+01 1.00022850321834e+05 
5.55598668189212e+01 1.00020245209231e+05 
5.57629126136038e+01 1.00016836436157e+05 
5.59661352293277e+01 1.00011335026868e+05 
5.61694921057413e+01 1.00005376914729e+05 
5.63728862466536e+01 1.00000352547820e+05 
5.65762995126502e+01 9.99960432330032e+04 
5.67797565324227e+01 9.99912021042202e+04 
5.69832411929876e+01 9.99858956949999e+04 
5.71867575597213e+01 9.99805892813009e+04 
5.73902142438224e+01 9.99770028094096e+04 
5.75935504013974e+01 9.99743875649905e+04 
5.77968428105782e+01 9.99714380045546e+04 
5.79999523007818e+01 9.99672349893431e+04 
5.82028720166861e+01 9.99630027875337e+04 
5.84056737401209e+01 9.99611497436889e+04 
5.86082924096970e+01 9.99619245565661e+04 
5.88109369357781e+01 9.99631259113223e+04 
5.90135188227780e+01 9.99631598214981e+04 
5.92160540509742e+01 9.99618981785427e+04 
5.94185604009779e+01 9.99614163811577e+04 
5.96210526984744e+01 9.99630834820711e+04 
5.98235501837237e+01 9.99673225950058e+04 
6.00261485722220e+01 9.99717520605183e+04 
6.02288361841210e+01 9.99748087851727e+04 
6.04316638201486e+01 9.99769978933977e+04 
6.06345686020863e+01 9.99799178186829e+04 
6.08375671479841e+01 9.99849054897058e+04 
6.10406211004055e+01 9.99906088011591e+04 
6.12437426280142e+01 9.99955364565646e+04 
6.14469164445446e+01 9.99996911903176e+04 
6.16501210676312e+01 1.00004192605686e+05 
6.18533579475247e+01 1.00009110766716e+05 
6.20566264173889e+01 1.00014235749645e+05 
6.22597817220211e+01 1.00017935864931e+05 
6.24627995534665e+01 1.00020733744523e+05 
6.26656673735378e+01 1.00023807009880e+05 
6.28683131616467e+01 1.00028009517879e+05 
6.30708195650471e+01 1.00032203670339e+05 
6.32731804840720e+01 1.00034271128225e+05 
6.34753919046854e+01 1.00033863613590e+05 
6.36776034541254e+01 1.00033226457124e+05 
6.38797873688976e+01 1.00033437317595e+05 
6.40819738273611e+01 1.00034999613785e+05 
6.42841784067253e+01 1.00035862018628e+05 
6.44863959670241e+01 1.00034480602801e+05 
6.46886801912706e+01 1.00030670558893e+05 
6.48910662140103e+01 1.00026674907101e+05 
6.50935819241049e+01 1.00024148241003e+05 
6.52963226964966e+01 1.00022502888046e+05 
6.54992405740070e+01 1.00019960173451e+05 
6.57023188561443e+01 1.00015293281458e+05 
6.59055500692646e+01 1.00009952025567e+05 
6.61089027901603e+01 1.00005267700727e+05 
6.63122766649993e+01 1.00001568235261e+05 
6.65156872049080e+01 9.99976409873552e+04 
6.67191280630788e+01 9.99930463163546e+04 
6.69226164912726e+01 9.99880217268416e+04 
6.71261325074319e+01 9.99842092522877e+04 
6.73296169036911e+01 9.99813619691192e+04 
6.75330252299440e+01 9.99783086707005e+04 
6.77363198433455e+01 9.99742005558240e+04 
6.79393888572186e+01 9.99699337415448e+04 
6.81423368894994e+01 9.99675411934823e+04 
6.83450708709156e+01 9.99673860740423e+04 
6.85478069710537e+01 9.99676883861112e+04 
6.87504560574697e+01 9.99671722372320e+04 
6.89530120509714e+01 9.99652445636339e+04 
6.91555074049377e+01 9.99638874183024e+04 
6.93579506481004e+01 9.99648201392885e+04 
6.95603538262472e+01 9.99682109512391e+04 
6.97628467070184e+01 9.99717998921976e+04 
6.99654031500043e+01 9.99739881168997e+04 
7.01680675370484e+01 9.99752959494579e+04 
7.03708128597538e+01 9.99774968812882e+04 
7.05736643918905e+01 9.99818508651794e+04 
7.07765856443493e+01 9.99871080334646e+04 
7.09796045256010e+01 9.99918525271152e+04 
7.11826613299295e+01 9.99955357974353e+04 
7.13857897479778e+01 9.99993508845385e+04 
7.15889661007472e+01 1.00003848894591e+05 
7.17921459341708e+01 1.00009009330519e+05 
7.19953726252105e+01 1.00013135644710e+05 
7.21985718027617e+01 1.00016323055797e+05 
7.24016476186381e+01 1.00019584681746e+05 
7.26045430537818e+01 1.00023728882242e+05 
7.28072213299480e+01 1.00028069272462e+05 
7.30097805999067e+01 1.00030921608631e+05 
7.32121446685061e+01 1.00031506607322e+05 
7.34144836407241e+01 1.00031481896988e+05 
7.36167644759561e+01 1.00032325371284e+05 
7.38189887804541e+01 1.00034725268760e+05 
7.40211919750683e+01 1.00036218154022e+05 
7.42233714635407e+01 1.00035492830473e+05 
7.44255673633598e+01 1.00032433817874e+05 
7.46278498585127e+01 1.00029150433962e+05 
7.48302306656735e+01 1.00027211906354e+05 
7.50327937384072e+01 1.00026232188593e+05 
7.52355063125583e+01 1.00024320339883e+05 
7.54383722282391e+01 1.00020110994633e+05 
7.56414216244544e+01 1.00014888885544e+05 
7.58445981321123e+01 1.00010163191032e+05 
7.60479184214261e+01 1.00006528700431e+05 
7.62512929186171e+01 1.00002854536309e+05 
7.64546964242765e+01 9.99983743026562e+04 
7.66581350680706e+01 9.99930377408827e+04 
7.68616010200597e+01 9.99885794925404e+04 
7.70651079936182e+01 9.99850566080257e+04 
7.72686113724331e+01 9.99815300825066e+04 
7.74720611152207e+01 9.99771371341241e+04 
7.76753133911698e+01 9.99724944007598e+04 
7.78784461857672e+01 9.99690642917447e+04 
7.80813340565300e+01 9.99679018748454e+04 
7.82841986758304e+01 9.99674933842537e+04 
7.84869562928645e+01 9.99663109161689e+04 
7.86895714902216e+01 9.99636772620699e+04 
7.88920942905549e+01 9.99617271682162e+04 
7.90945315913393e+01 9.99619970666082e+04 
7.92968840114831e+01 9.99646687947155e+04 
7.94993122078064e+01 9.99677557044535e+04 
7.97017694779022e+01 9.99695866142017e+04 
7.99042936798559e+01 9.99704096284173e+04 
8.01068697501696e+01 9.99720055821386e+04 
8.03095192442820e+01 9.99759599484153e+04 
8.05122783411067e+01 9.99812784577604e+04 
8.07151532943511e+01 9.99861876080740e+04 
8.09180874917751e+01 9.99899908693991e+04 
8.11211009470289e+01 9.99936995346573e+04 
8.13241348982823e+01 9.99980690785370e+04 
8.15272528948804e+01 1.00003509356355e+05 
8.17303892546740e+01 1.00008305689532e+05 
8.19335573112213e+01 1.00012229350529e+05 
8.21368014274263e+01 1.00016002563995e+05 
8.23398733234911e+01 1.00020537235495e+05 
8.25427383975605e+01 1.00025212162575e+05 
8.27454995878572e+01 1.00028959165265e+05 
8.29480798671471e+01 1.00030531743411e+05 
8.31506062535737e+01 1.00031304685879e+05 
8.33530393401760e+01 1.00032857945767e+05 
8.35553612257224e+01 1.00035826481998e+05 
8.37576211955306e+01 1.00038093998513e+05 
8.39598226381276e+01 1.00038046560843e+05 
8.41619894017817e+01 1.00035683588519e+05 
8.43642239682605e+01 1.00032898344724e+05 
8.45665203012387e+01 1.00031441957092e+05 
8.47689483564908e+01 1.00030942539072e+05 
8.49714940232389e+01 1.00029697080573e+05 
8.51741579640687e+01 1.00025965083005e+05 
8.53769978718437e+01 1.00020723557925e+05 
8.55799804902041e+01 1.00015844430337e+05 
8.57831240408108e+01 1.00012217249632e+05 
8.59864536951827e+01 1.00008816798905e+05 
8.61898160798553e+01 1.00004591951877e+05 
8.63932062744392e+01 9.99991627725937e+04 
8.65966229319829e+01 9.99941614897727e+04 
8.68000940443101e+01 9.99900046040505e+04 
8.70035825837327e+01 9.99861460540729e+04 
8.72070843440491e+01 9.99816204168823e+04 
8.74105419344450e+01 9.99768519888255e+04 
8.76138267437083e+01 9.99727801655232e+04 
8.78169205534772e+01 9.99707527087471e+04 
8.80199632675196e+01 9.99696264659942e+04 
8.82228781681249e+01 9.99678181279917e+04 
8.84256106973253e+01 9.99647268092100e+04 
8.86282246424383e+01 9.99621855117397e+04 
8.88307219110573e+01 9.99618814074093e+04 
8.90330924047535e+01 9.99639026650392e+04 
8.92355207597714e+01 9.99663825196078e+04 
8.94379379157647e+01 9.99674490858643e+04 
8.96403799089431e+01 9.99677911642290e+04 
8.98428436218644e+01 9.99688346117391e+04 
9.00453482475632e+01 9.99720893384549e+04 
9.02479204282358e+01 9.99771391365414e+04 
9.04506070166489e+01 9.99819500597045e+04 
9.06534221098573e+01 9.99854669598879e+04 
9.08563074156330e+01 9.99886206905923e+04 
9.10592331034942e+01 9.99926182211122e+04 
9.12622364660194e+01 9.99980120111205e+04 
9.14653252837018e+01 1.00003158358237e+05 
9.16684271913442e+01 1.00007403551277e+05 
9.18715866137494e+01 1.00011255784363e+05 
9.20747842683971e+01 1.00015692435003e+05 
9.22778651165516e+01 1.00020429528469e+05 
9.24808149399466e+01 1.00024667881582e+05 
9.26836400845213e+01 1.00026974580138e+05 
9.28863873614108e+01 1.00028344010504e+05 
9.30890085767134e+01 1.00030357686099e+05 
9.32914663544503e+01 1.00033571184773e+05 
9.34938317764641e+01 1.00036412459933e+05 
9.36961022577806e+01 1.00036939618040e+05 
9.38982898525573e+01 1.00035167886453e+05 
9.41005250280928e+01 1.00033103008338e+05 
9.43027848548941e+01 1.00032384600680e+05 
9.45051224941694e+01 1.00032413103513e+05 
9.47075391235569e+01 1.00031491507781e+05 
9.49100356403763e+01 1.00028796594105e+05 
9.51126679959551e+01 1.00024056843158e+05 
9.53154338342254e+01 1.00019371779213e+05 
9.55183731288411e+01 1.00015993884916e+05 
9.57215113888919e+01 1.00013216646261e+05 
9.59247849047671e+01 1.00009573131934e+05 
9.61281201802749e+01 1.00004305195135e+05 
9.63314994562056e+01 9.99991527951431e+04 
9.65349076935859e+01 9.99948657959226e+04 
9.67383385387505e+01 9.99910174729708e+04 
9.69418207081187e+01 9.99866465319198e+04 
9.71453287818878e+01 9.99819177198352e+04 
9.73487757563585e+01 9.99774451639828e+04 
9.75521003395735e+01 9.99747910180701e+04 
9.77553203876417e+01 9.99730746959929e+04 
9.79584256456356e+01 9.99708644850070e+04 
9.81613154578645e+01 9.99675107989927e+04 
9.83640728139437e+01 9.99643033618749e+04 
9.85666800715794e+01 9.99633351853067e+04 
9.87691229821461e+01 9.99647034056233e+04 
9.89716027992200e+01 9.99664811988385e+04 
9.91740397132955e+01 9.99670902687985e+04 
9.93764536462670e+01 9.99665585254547e+04 
9.95788576239822e+01 9.99671415066782e+04 
9.97812656950711e+01 9.99693512551408e+04 
9.99837025244658e+01 9.99738071872330e+04 
1.00186246746907e+02 9.99784338747477e+04 
