# Liste des scalaires : TEMPS pmat 
0.00000000000000e+00 1.00000000000000e+05 
2.04081632653061e-01 1.00000000000000e+05 
4.08042165141975e-01 1.00000000000000e+05 
6.11832106953319e-01 1.00000000000000e+05 
8.15421737498182e-01 1.00000000000000e+05 
1.01884831470558e+00 1.00000000000000e+05 
1.22207818930831e+00 1.00000000000000e+05 
1.42513098547652e+00 1.00000000000000e+05 
1.62798725493260e+00 1.00000000000000e+05 
1.83053493087979e+00 1.00000000000000e+05 
2.03291905653503e+00 1.00000000000000e+05 
2.23520224592158e+00 1.00000000000000e+05 
2.43733969254296e+00 1.00000000000000e+05 
2.63931827049832e+00 1.00000000000000e+05 
2.84120332396323e+00 1.00000000000000e+05 
3.04297858176904e+00 1.00000000000000e+05 
3.24460591464334e+00 1.00000000000000e+05 
3.44612291562131e+00 1.00000000000000e+05 
3.64760922308227e+00 1.00000000000000e+05 
3.84909249851467e+00 1.00000000000000e+05 
4.05064469773747e+00 1.00000000000000e+05 
4.25222294222906e+00 1.00000000000000e+05 
4.45380035517506e+00 1.00000000000000e+05 
4.65542063364273e+00 1.00000000000000e+05 
4.85715243419261e+00 1.00000000000000e+05 
5.05906045928525e+00 1.00000000000000e+05 
5.26119401899534e+00 1.00000000000000e+05 
5.46347898380931e+00 1.00000000000000e+05 
5.66591894484892e+00 1.00000000000000e+05 
5.86852800362132e+00 1.00000000000000e+05 
6.07136345597011e+00 1.00000000000000e+05 
6.27438265108359e+00 1.00000000000000e+05 
6.47752964045090e+00 1.00000000000000e+05 
6.68089073121200e+00 1.00000000000000e+05 
6.88429870550576e+00 1.00000000000000e+05 
7.08769636443068e+00 1.00000000000000e+05 
7.29110827962174e+00 1.00000000000000e+05 
7.49449373816632e+00 1.00000000000000e+05 
7.69790617884871e+00 1.00000000000000e+05 
7.90135044231191e+00 1.00000000000000e+05 
8.10473659770851e+00 1.00000000000000e+05 
8.30800948139133e+00 1.00000000000000e+05 
8.51115234273433e+00 1.00000000000000e+05 
8.71416193711340e+00 1.00000000000000e+05 
8.91719900347831e+00 1.00000000000000e+05 
9.12020204041872e+00 1.00000000000000e+05 
9.32319297435189e+00 1.00000000000000e+05 
9.52619174127014e+00 1.00000000000000e+05 
9.72921908834018e+00 1.00000000000000e+05 
9.93229912946381e+00 1.00000000000000e+05 
1.01354642235065e+01 1.00000000000000e+05 
1.03387225987006e+01 1.00000000000000e+05 
1.05420932760412e+01 1.00000000000000e+05 
1.07455601602491e+01 1.00000000000000e+05 
1.09490636153785e+01 1.00000000000000e+05 
1.11525952040860e+01 1.00000000000000e+05 
1.13559908728595e+01 1.00000000000000e+05 
1.15591577617810e+01 1.00000000000000e+05 
1.17622381240369e+01 1.00000000000000e+05 
1.19650888349948e+01 1.00000000000000e+05 
1.21677288877747e+01 1.00000000000000e+05 
1.23702013159276e+01 1.00000000000000e+05 
1.25725982340610e+01 1.00000000000000e+05 
1.27748516426287e+01 1.00000000000000e+05 
1.29769249867640e+01 1.00000000000000e+05 
1.31787998828658e+01 1.00000000000000e+05 
1.33806014179065e+01 1.00000000000000e+05 
1.35822734033907e+01 1.00000000000000e+05 
1.37839887339651e+01 1.00000000000000e+05 
1.39857022015949e+01 1.00000000000000e+05 
1.41874661286692e+01 1.00000000000000e+05 
1.43892101845392e+01 1.00000000000000e+05 
1.45910326674531e+01 1.00000000000000e+05 
1.47929375836209e+01 1.00000000000000e+05 
1.49949695660416e+01 1.00000000000000e+05 
1.51971475723012e+01 1.00000000000000e+05 
1.53995487529939e+01 1.00000000000000e+05 
1.56020957788436e+01 1.00000000000000e+05 
1.58048076652820e+01 1.00000000000000e+05 
1.60076888558614e+01 1.00000000000000e+05 
1.62106850728960e+01 1.00000000000000e+05 
1.64138636363558e+01 1.00000000000000e+05 
1.66171481416695e+01 1.00000000000000e+05 
1.68205318926791e+01 1.00000000000000e+05 
1.70239717971818e+01 1.00000000000000e+05 
1.72274242526830e+01 1.00000000000000e+05 
1.74308511498678e+01 1.00000000000000e+05 
1.76342505270569e+01 1.00000000000000e+05 
1.78376212420556e+01 1.00000000000000e+05 
1.80409883913594e+01 1.00000000000000e+05 
1.82443050346869e+01 1.00000000000000e+05 
1.84474327837354e+01 1.00000000000000e+05 
1.86505503053125e+01 1.00000000000000e+05 
1.88535932316970e+01 1.00000000000000e+05 
1.90565608622741e+01 1.00000000000000e+05 
1.92594853707276e+01 1.00000000000000e+05 
1.94623796526000e+01 1.00000000000000e+05 
1.96652593507810e+01 1.00000000000000e+05 
1.98682128225951e+01 1.00000000000000e+05 
2.00712299723808e+01 1.00000000000000e+05 
2.02743632772251e+01 1.00000000000000e+05 
2.04775974201162e+01 1.00000000000000e+05 
2.06808993432005e+01 1.00000000000000e+05 
2.08842816624739e+01 1.00000000000000e+05 
2.10877109245459e+01 1.00000000000000e+05 
2.12911865561413e+01 1.00000000000000e+05 
2.14946542636065e+01 1.00000000000000e+05 
2.16979483115182e+01 1.00000000000000e+05 
2.19009928614698e+01 1.00000000000000e+05 
2.21039017811684e+01 1.00000000000000e+05 
2.23066497283774e+01 1.00000000000000e+05 
2.25092177015210e+01 1.00000000000000e+05 
2.27116581345214e+01 1.00000000000000e+05 
2.29139334651086e+01 1.00000000000000e+05 
2.31160467477100e+01 1.00000000000002e+05 
2.33179868862948e+01 1.00000000000022e+05 
2.35199180822287e+01 1.00000000000325e+05 
2.37218051763256e+01 1.00000000028355e+05 
2.39236768880851e+01 1.00000000441450e+05 
2.41255552893581e+01 1.00000001041997e+05 
2.43274126484990e+01 1.00000002269629e+05 
2.45293056915018e+01 1.00000004437643e+05 
2.47312963943893e+01 1.00000009753290e+05 
2.49333962174227e+01 1.00000018976270e+05 
2.51357213393038e+01 1.00000037193087e+05 
2.53382018572701e+01 1.00000070709786e+05 
2.55408488073704e+01 1.00000124682272e+05 
2.57436471827663e+01 1.00000215964531e+05 
2.59465698142901e+01 1.00000400715782e+05 
2.61496583369765e+01 1.00000670551662e+05 
2.63529142216749e+01 1.00001117731057e+05 
2.65562742668140e+01 1.00001805723215e+05 
2.67596972761635e+01 1.00002733357609e+05 
2.69631506643780e+01 1.00004004505554e+05 
2.71666356359982e+01 1.00005975284013e+05 
2.73700949757860e+01 1.00008214199357e+05 
2.75735042909555e+01 1.00010971752057e+05 
2.77768698215134e+01 1.00014187501101e+05 
2.79801634091441e+01 1.00017525173316e+05 
2.81832311137916e+01 1.00020914448247e+05 
2.83862493691881e+01 1.00024678166487e+05 
2.85892005667304e+01 1.00027871351611e+05 
2.87920289759177e+01 1.00030766491384e+05 
2.89947855911169e+01 1.00033300454594e+05 
2.91974758167431e+01 1.00035661732950e+05 
2.94001081727549e+01 1.00037702172430e+05 
2.96028174869848e+01 1.00039099653731e+05 
2.98055746712193e+01 1.00039701789023e+05 
3.00084175396436e+01 1.00039895074549e+05 
3.02113309117389e+01 1.00039649406398e+05 
3.04143391710080e+01 1.00039470716568e+05 
3.06174347641709e+01 1.00039093546005e+05 
3.08206359225875e+01 1.00037269327577e+05 
3.10238921252226e+01 1.00034622633743e+05 
3.12271617071788e+01 1.00031473575800e+05 
3.14304933723914e+01 1.00027742973231e+05 
3.16338559333766e+01 1.00024158705228e+05 
3.18371697100234e+01 1.00020606784897e+05 
3.20402940171543e+01 1.00015371758346e+05 
3.22432411366959e+01 1.00009722028744e+05 
3.24460329241944e+01 1.00003686270250e+05 
3.26486468730478e+01 9.99973095654023e+04 
3.28510694083674e+01 9.99912581621569e+04 
3.30532799861897e+01 9.99857138926055e+04 
3.32554482102955e+01 9.99791056111759e+04 
3.34575453553804e+01 9.99728668592673e+04 
3.36595641500324e+01 9.99667312885066e+04 
3.38615486883824e+01 9.99608577210183e+04 
3.40634799904239e+01 9.99554757250470e+04 
3.42653996408576e+01 9.99510427307666e+04 
3.44673939566842e+01 9.99468320329345e+04 
3.46694612546547e+01 9.99435765697217e+04 
3.48717036107216e+01 9.99407909314461e+04 
3.50740862371626e+01 9.99386669735267e+04 
3.52766015885758e+01 9.99367773405260e+04 
3.54793183147402e+01 9.99357161864940e+04 
3.56821412870120e+01 9.99362908456230e+04 
3.58851172271814e+01 9.99381857387352e+04 
3.60883109456795e+01 9.99408031243358e+04 
3.62916365042183e+01 9.99441809376585e+04 
3.64950404477902e+01 9.99472371610545e+04 
3.66984690806315e+01 9.99506161598316e+04 
3.69019364923025e+01 9.99563994888190e+04 
3.71054357283456e+01 9.99630911623737e+04 
3.73088956361505e+01 9.99703236695104e+04 
3.75123241222096e+01 9.99777019419326e+04 
3.77157068996436e+01 9.99841877550238e+04 
3.79188884208807e+01 9.99900901827899e+04 
3.81219429731373e+01 9.99977618234651e+04 
3.83249696414713e+01 1.00005304062041e+05 
3.85278282028840e+01 1.00012784386452e+05 
3.87305789313831e+01 1.00019644443808e+05 
3.89332338669238e+01 1.00025505848989e+05 
3.91357862752962e+01 1.00030101677751e+05 
3.93384030966966e+01 1.00035045616475e+05 
3.95410271713939e+01 1.00039286009327e+05 
3.97436993424354e+01 1.00043224464816e+05 
3.99463921856252e+01 1.00046229615420e+05 
4.01491654750551e+01 1.00048688263140e+05 
4.03520289195442e+01 1.00050067026757e+05 
4.05550048910795e+01 1.00050338847930e+05 
4.07580864187294e+01 1.00049833393385e+05 
4.09612286775592e+01 1.00048863783885e+05 
4.11644223380052e+01 1.00047209373122e+05 
4.13676607110112e+01 1.00045707386988e+05 
4.15709452306063e+01 1.00043733300552e+05 
4.17742442700769e+01 1.00039893614404e+05 
4.19775135223546e+01 1.00035462092635e+05 
4.21806564457985e+01 1.00030754107122e+05 
4.23835704544603e+01 1.00025869647197e+05 
4.25863222546333e+01 1.00021583686438e+05 
4.27888279196484e+01 1.00017455294698e+05 
4.29912615982889e+01 1.00011681889537e+05 
4.31935852435500e+01 1.00005871718987e+05 
4.33957815205678e+01 9.99999580535720e+04 
4.35978979487543e+01 9.99944318468565e+04 
4.37999304200929e+01 9.99898044875531e+04 
4.40019076885360e+01 9.99859639629573e+04 
4.42039337320145e+01 9.99813555924892e+04 
4.44060001538986e+01 9.99770377493716e+04 
4.46081858574393e+01 9.99728082703602e+04 
4.48104711684930e+01 9.99693234677217e+04 
4.50128451538969e+01 9.99666099454327e+04 
4.52153736753591e+01 9.99647716375275e+04 
4.54180340147901e+01 9.99633717953231e+04 
4.56208710244056e+01 9.99624747094379e+04 
4.58239099702678e+01 9.99619376679843e+04 
4.60270996589638e+01 9.99621437093683e+04 
4.62304657697298e+01 9.99625585792577e+04 
4.64338688960506e+01 9.99636012422268e+04 
4.66373017077841e+01 9.99660086910474e+04 
4.68407572598015e+01 9.99688394599506e+04 
4.70442546395734e+01 9.99720622959103e+04 
4.72477386480636e+01 9.99756674810581e+04 
4.74511939246332e+01 9.99789440816459e+04 
4.76545330594890e+01 9.99823091405755e+04 
4.78577067285611e+01 9.99872187416217e+04 
4.80608753693268e+01 9.99921956072833e+04 
4.82638354697416e+01 9.99973063363179e+04 
4.84666467540706e+01 1.00002198401786e+05 
4.86693473168333e+01 1.00006317805455e+05 
4.88719019249858e+01 1.00009916962455e+05 
4.90745027720318e+01 1.00014287262558e+05 
4.92770764391171e+01 1.00018473448900e+05 
4.94796476958813e+01 1.00022604124355e+05 
4.96822204167646e+01 1.00026040255544e+05 
4.98848222239144e+01 1.00028708764591e+05 
5.00874761862161e+01 1.00030562189553e+05 
5.02902390157782e+01 1.00032067647869e+05 
5.04931165644340e+01 1.00033197448111e+05 
5.06960805910771e+01 1.00033995592791e+05 
5.08991333423157e+01 1.00033977318700e+05 
5.11022578645217e+01 1.00033562172053e+05 
5.13054423763076e+01 1.00032389393536e+05 
5.15086548546338e+01 1.00029972450904e+05 
5.17119065645690e+01 1.00027228445558e+05 
5.19151950423545e+01 1.00024147735441e+05 
5.21183745006488e+01 1.00020638540082e+05 
5.23214088774139e+01 1.00017253267680e+05 
5.25242324010963e+01 1.00013650410766e+05 
5.27269607076205e+01 1.00008532104214e+05 
5.29295441731976e+01 1.00003452301492e+05 
5.31319496968064e+01 9.99982667808215e+04 
5.33342472842059e+01 9.99932458683272e+04 
5.35364267211515e+01 9.99888671543397e+04 
5.37385040812235e+01 9.99848390351310e+04 
5.39406083094777e+01 9.99799878274836e+04 
5.41427161596012e+01 9.99755335870714e+04 
5.43448835302565e+01 9.99711992244994e+04 
5.45471108975266e+01 9.99676081150434e+04 
5.47493910082137e+01 9.99646915282048e+04 
5.49517879790564e+01 9.99625959142728e+04 
5.51543020530474e+01 9.99607207457706e+04 
5.53569745540088e+01 9.99594407190062e+04 
5.55598668189212e+01 9.99584911679288e+04 
5.57629126136038e+01 9.99584717763770e+04 
5.59661352293277e+01 9.99588507467541e+04 
5.61694921057413e+01 9.99599137306048e+04 
5.63728862466536e+01 9.99622465617528e+04 
5.65762995126502e+01 9.99650519301667e+04 
5.67797565324227e+01 9.99682358161701e+04 
5.69832411929876e+01 9.99720221190749e+04 
5.71867575597213e+01 9.99757009420656e+04 
5.73902142438224e+01 9.99795472025778e+04 
5.75935504013974e+01 9.99850736883653e+04 
5.77968428105782e+01 9.99905753486593e+04 
5.79999523007818e+01 9.99961853658498e+04 
5.82028720166861e+01 1.00001644945980e+05 
5.84056737401209e+01 1.00006437365572e+05 
5.86082924096970e+01 1.00010774132398e+05 
5.88109369357781e+01 1.00016073369021e+05 
5.90135188227780e+01 1.00020850455504e+05 
5.92160540509742e+01 1.00025423791667e+05 
5.94185604009779e+01 1.00029215204370e+05 
5.96210526984744e+01 1.00032253060044e+05 
5.98235501837237e+01 1.00034425667114e+05 
6.00261485722220e+01 1.00036472899484e+05 
6.02288361841210e+01 1.00037881090933e+05 
6.04316638201486e+01 1.00038964731504e+05 
6.06345686020863e+01 1.00039067082383e+05 
6.08375671479841e+01 1.00038725303023e+05 
6.10406211004055e+01 1.00037651770469e+05 
6.12437426280142e+01 1.00035455663266e+05 
6.14469164445446e+01 1.00032847107818e+05 
6.16501210676312e+01 1.00029932866955e+05 
6.18533579475247e+01 1.00026389051480e+05 
6.20566264173889e+01 1.00022891108263e+05 
6.22597817220211e+01 1.00019221431883e+05 
6.24627995534665e+01 1.00014013879460e+05 
6.26656673735378e+01 1.00008829658197e+05 
6.28683131616467e+01 1.00003525610701e+05 
6.30708195650471e+01 9.99983023752214e+04 
6.32731804840720e+01 9.99936563952540e+04 
6.34753919046854e+01 9.99893553708917e+04 
6.36776034541254e+01 9.99839847101456e+04 
6.38797873688976e+01 9.99791475833090e+04 
6.40819738273611e+01 9.99744374268686e+04 
6.42841784067253e+01 9.99704195064981e+04 
6.44863959670241e+01 9.99671539346219e+04 
6.46886801912706e+01 9.99645828302714e+04 
6.48910662140103e+01 9.99620480850840e+04 
6.50935819241049e+01 9.99602086778192e+04 
6.52963226964966e+01 9.99587570764456e+04 
6.54992405740070e+01 9.99583354464156e+04 
6.57023188561443e+01 9.99584282215323e+04 
6.59055500692646e+01 9.99591106715863e+04 
6.61089027901603e+01 9.99608386015644e+04 
6.63122766649993e+01 9.99631200121823e+04 
6.65156872049080e+01 9.99658207921929e+04 
6.67191280630788e+01 9.99692960143848e+04 
6.69226164912726e+01 9.99727322595215e+04 
6.71261325074319e+01 9.99762933959633e+04 
6.73296169036911e+01 9.99814542445164e+04 
6.75330252299440e+01 9.99866948976275e+04 
6.77363198433455e+01 9.99921163941266e+04 
6.79393888572186e+01 9.99976178145171e+04 
6.81423368894994e+01 1.00002555228224e+05 
6.83450708709156e+01 1.00007094149775e+05 
6.85478069710537e+01 1.00012745325628e+05 
6.87504560574697e+01 1.00017863633415e+05 
6.89530120509714e+01 1.00022857124231e+05 
6.91555074049377e+01 1.00027243228399e+05 
6.93579506481004e+01 1.00030902062659e+05 
6.95603538262472e+01 1.00033794103112e+05 
6.97628467070184e+01 1.00036695367374e+05 
6.99654031500043e+01 1.00038910495764e+05 
7.01680675370484e+01 1.00040810389737e+05 
7.03708128597538e+01 1.00041720517047e+05 
7.05736643918905e+01 1.00042086638875e+05 
7.07765856443493e+01 1.00041795719241e+05 
7.09796045256010e+01 1.00040554683714e+05 
7.11826613299295e+01 1.00038695179599e+05 
7.13857897479778e+01 1.00036424850204e+05 
7.15889661007472e+01 1.00033389961419e+05 
7.17921459341708e+01 1.00030361003437e+05 
7.19953726252105e+01 1.00027157451833e+05 
7.21985718027617e+01 1.00022455873278e+05 
7.24016476186381e+01 1.00017547861367e+05 
7.26045430537818e+01 1.00012447072719e+05 
7.28072213299480e+01 1.00007203213240e+05 
7.30097805999067e+01 1.00002452449913e+05 
7.32121446685061e+01 9.99980116880175e+04 
7.34144836407241e+01 9.99923244052942e+04 
7.36167644759561e+01 9.99869614159332e+04 
7.38189887804541e+01 9.99816274507905e+04 
7.40211919750683e+01 9.99767707815763e+04 
7.42233714635407e+01 9.99727033986431e+04 
7.44255673633598e+01 9.99693015640716e+04 
7.46278498585127e+01 9.99657002200644e+04 
7.48302306656735e+01 9.99627304953772e+04 
7.50327937384072e+01 9.99600791677696e+04 
7.52355063125583e+01 9.99583652836679e+04 
7.54383722282391e+01 9.99572520319097e+04 
7.56414216244544e+01 9.99568719827098e+04 
7.58445981321123e+01 9.99573355076139e+04 
7.60479184214261e+01 9.99585471061959e+04 
7.62512929186171e+01 9.99601658871333e+04 
7.64546964242765e+01 9.99625980406849e+04 
7.66581350680706e+01 9.99651352401178e+04 
7.68616010200597e+01 9.99679923112098e+04 
7.70651079936182e+01 9.99724231761633e+04 
7.72686113724331e+01 9.99771561301658e+04 
7.74720611152207e+01 9.99822006263705e+04 
7.76753133911698e+01 9.99874935948616e+04 
7.78784461857672e+01 9.99923343170099e+04 
7.80813340565300e+01 9.99969116257931e+04 
7.82841986758304e+01 1.00002823001217e+05 
7.84869562928645e+01 1.00008452450690e+05 
7.86895714902216e+01 1.00013987360556e+05 
7.88920942905549e+01 1.00019046973539e+05 
7.90945315913393e+01 1.00023305068468e+05 
7.92968840114831e+01 1.00026898647646e+05 
7.94993122078064e+01 1.00030813099513e+05 
7.97017694779022e+01 1.00034111621393e+05 
7.99042936798559e+01 1.00037106923627e+05 
8.01068697501696e+01 1.00039206366837e+05 
8.03095192442820e+01 1.00040657139176e+05 
8.05122783411067e+01 1.00041344814438e+05 
8.07151532943511e+01 1.00041325584305e+05 
8.09180874917751e+01 1.00040595551752e+05 
8.11211009470289e+01 1.00039487669805e+05 
8.13241348982823e+01 1.00037513587813e+05 
8.15272528948804e+01 1.00035385818783e+05 
8.17303892546740e+01 1.00032874161443e+05 
8.19335573112213e+01 1.00028904851230e+05 
8.21368014274263e+01 1.00024607175172e+05 
8.23398733234911e+01 1.00020059922293e+05 
8.25427383975605e+01 1.00015202732914e+05 
8.27454995878572e+01 1.00010708276835e+05 
8.29480798671471e+01 1.00006352534347e+05 
8.31506062535737e+01 1.00000593480710e+05 
8.33530393401760e+01 9.99950054573731e+04 
8.35553612257224e+01 9.99894039411737e+04 
8.37576211955306e+01 9.99841710852618e+04 
8.39598226381276e+01 9.99797305647076e+04 
8.41619894017817e+01 9.99758335145405e+04 
8.43642239682605e+01 9.99713977022020e+04 
8.45665203012387e+01 9.99675491207756e+04 
8.47689483564908e+01 9.99639892196417e+04 
8.49714940232389e+01 9.99613014592080e+04 
8.51741579640687e+01 9.99592888128546e+04 
8.53769978718437e+01 9.99581354039026e+04 
8.55799804902041e+01 9.99575188968832e+04 
8.57831240408108e+01 9.99576830448627e+04 
8.59864536951827e+01 9.99582245302838e+04 
8.61898160798553e+01 9.99596953095586e+04 
8.63932062744392e+01 9.99614125728271e+04 
8.65966229319829e+01 9.99635880985768e+04 
8.68000940443101e+01 9.99672856936969e+04 
8.70035825837327e+01 9.99714254494945e+04 
8.72070843440491e+01 9.99758864937431e+04 
8.74105419344450e+01 9.99808208623035e+04 
8.76138267437083e+01 9.99854388312578e+04 
8.78169205534772e+01 9.99899797321931e+04 
8.80199632675196e+01 9.99960227405701e+04 
8.82228781681249e+01 1.00001869070837e+05 
8.84256106973253e+01 1.00007695202838e+05 
8.86282246424383e+01 1.00013190144933e+05 
8.88307219110573e+01 1.00017899541425e+05 
8.90330924047535e+01 1.00022067726472e+05 
8.92355207597714e+01 1.00026850992236e+05 
8.94379379157647e+01 1.00031013073361e+05 
8.96403799089431e+01 1.00034889622187e+05 
8.98428436218644e+01 1.00037869678596e+05 
9.00453482475632e+01 1.00040171302243e+05 
9.02479204282358e+01 1.00041579556415e+05 
9.04506070166489e+01 1.00042586742334e+05 
9.06534221098573e+01 1.00042785884654e+05 
9.08563074156330e+01 1.00042594277287e+05 
9.10592331034942e+01 1.00041490680677e+05 
9.12622364660194e+01 1.00040067455306e+05 
9.14653252837018e+01 1.00038129942907e+05 
9.16684271913442e+01 1.00034824907395e+05 
9.18715866137494e+01 1.00031090961805e+05 
9.20747842683971e+01 1.00027073616891e+05 
9.22778651165516e+01 1.00022544298673e+05 
9.24808149399466e+01 1.00018254082528e+05 
9.26836400845213e+01 1.00013988682549e+05 
9.28863873614108e+01 1.00008254067495e+05 
9.30890085767134e+01 1.00002579024073e+05 
9.32914663544503e+01 9.99968407233268e+04 
9.34938317764641e+01 9.99913159001275e+04 
9.36961022577806e+01 9.99864995328604e+04 
9.38982898525573e+01 9.99821701017835e+04 
9.41005250280928e+01 9.99770343275395e+04 
9.43027848548941e+01 9.99724411435269e+04 
9.45051224941694e+01 9.99680615998416e+04 
9.47075391235569e+01 9.99644961340253e+04 
9.49100356403763e+01 9.99616483861306e+04 
9.51126679959551e+01 9.99596666811199e+04 
9.53154338342254e+01 9.99579715040967e+04 
9.55183731288411e+01 9.99570315099084e+04 
9.57215113888919e+01 9.99564970266867e+04 
9.59247849047671e+01 9.99569371577876e+04 
9.61281201802749e+01 9.99577546731920e+04 
9.63314994562056e+01 9.99591845576666e+04 
9.65349076935859e+01 9.99619469704361e+04 
9.67383385387505e+01 9.99652602376140e+04 
9.69418207081187e+01 9.99689719617575e+04 
9.71453287818878e+01 9.99733566452377e+04 
9.73487757563585e+01 9.99775836315948e+04 
9.75521003395735e+01 9.99818756085665e+04 
9.77553203876417e+01 9.99877372666701e+04 
9.79584256456356e+01 9.99935944420017e+04 
9.81613154578645e+01 9.99995244501091e+04 
9.83640728139437e+01 1.00005302078567e+05 
9.85666800715794e+01 1.00010391195456e+05 
9.87691229821461e+01 1.00014995414815e+05 
9.89716027992200e+01 1.00020486889807e+05 
9.91740397132955e+01 1.00025410401115e+05 
9.93764536462670e+01 1.00030084387969e+05 
9.95788576239822e+01 1.00033946807569e+05 
9.97812656950711e+01 1.00037112582192e+05 
9.99837025244658e+01 1.00039373713440e+05 
1.00186246746907e+02 1.00041421441604e+05 
