# Liste des scalaires : TEMPS pmat 
0.00000000000000e+00 1.00000000000000e+05 
2.04081632653061e-01 1.00000000000000e+05 
4.08042165141975e-01 1.00000000000000e+05 
6.11832106953319e-01 1.00000000000000e+05 
8.15421737498182e-01 1.00000000000000e+05 
1.01884831470558e+00 1.00000000000000e+05 
1.22207818930831e+00 1.00000000000000e+05 
1.42513098547652e+00 1.00000000000000e+05 
1.62798725493260e+00 1.00000000000000e+05 
1.83053493087979e+00 1.00000000000000e+05 
2.03291905653503e+00 1.00000000000000e+05 
2.23520224592158e+00 1.00000000000000e+05 
2.43733969254296e+00 1.00000000000000e+05 
2.63931827049832e+00 1.00000000000000e+05 
2.84120332396323e+00 1.00000000000000e+05 
3.04297858176904e+00 1.00000000000000e+05 
3.24460591464334e+00 1.00000000000000e+05 
3.44612291562131e+00 1.00000000000151e+05 
3.64760922308227e+00 1.00000000034663e+05 
3.84909249851467e+00 1.00000001278196e+05 
4.05064469773747e+00 1.00000007410981e+05 
4.25222294222906e+00 1.00000031892124e+05 
4.45380035517506e+00 1.00000110118057e+05 
4.65542063364273e+00 1.00000362011005e+05 
4.85715243419261e+00 1.00001047877248e+05 
5.05906045928525e+00 1.00002829956990e+05 
5.26119401899534e+00 1.00006304867705e+05 
5.46347898380931e+00 1.00013046029586e+05 
5.66591894484892e+00 1.00023164278943e+05 
5.86852800362132e+00 1.00036936928897e+05 
6.07136345597011e+00 1.00056165145941e+05 
6.27438265108359e+00 1.00076913968341e+05 
6.47752964045090e+00 1.00097962340733e+05 
6.68089073121200e+00 1.00123579522330e+05 
6.88429870550576e+00 1.00141846011677e+05 
7.08769636443068e+00 1.00154365660165e+05 
7.29110827962174e+00 1.00164400193599e+05 
7.49449373816632e+00 1.00169730426608e+05 
7.69790617884871e+00 1.00169927596861e+05 
7.90135044231191e+00 1.00168968388496e+05 
8.10473659770851e+00 1.00165523418136e+05 
8.30800948139133e+00 1.00160496064216e+05 
8.51115234273433e+00 1.00152426946598e+05 
8.71416193711340e+00 1.00141349541737e+05 
8.91719900347831e+00 1.00125432697564e+05 
9.12020204041872e+00 1.00103475024833e+05 
9.32319297435189e+00 1.00082757780465e+05 
9.52619174127014e+00 1.00064897406857e+05 
9.72921908834018e+00 1.00047203310366e+05 
9.93229912946381e+00 1.00031384826148e+05 
1.01354642235065e+01 1.00016579870423e+05 
1.03387225987006e+01 9.99963038892266e+04 
1.05420932760412e+01 9.99789614437524e+04 
1.07455601602491e+01 9.99698819468771e+04 
1.09490636153785e+01 9.99648579443814e+04 
1.11525952040860e+01 9.99661449875859e+04 
1.13559908728595e+01 9.99734456216006e+04 
1.15591577617810e+01 9.99746491960772e+04 
1.17622381240369e+01 9.99703274587602e+04 
1.19650888349948e+01 9.99704140257545e+04 
1.21677288877747e+01 9.99687757238342e+04 
1.23702013159276e+01 9.99654598114304e+04 
1.25725982340610e+01 9.99624566283278e+04 
1.27748516426287e+01 9.99533109791776e+04 
1.29769249867640e+01 9.99427850956333e+04 
1.31787998828658e+01 9.99319653267396e+04 
1.33806014179065e+01 9.99201507413775e+04 
1.35822734033907e+01 9.99064238609577e+04 
1.37839887339651e+01 9.98934706790932e+04 
1.39857022015949e+01 9.98818658277195e+04 
1.41874661286692e+01 9.98744824479448e+04 
1.43892101845392e+01 9.98643959533240e+04 
1.45910326674531e+01 9.98561616242734e+04 
1.47929375836209e+01 9.98485712558473e+04 
1.49949695660416e+01 9.98440571435971e+04 
1.51971475723012e+01 9.98467706217258e+04 
1.53995487529939e+01 9.98538006230192e+04 
1.56020957788436e+01 9.98557717924571e+04 
1.58048076652820e+01 9.98600301852752e+04 
1.60076888558614e+01 9.98656489529145e+04 
1.62106850728960e+01 9.98735726817613e+04 
1.64138636363558e+01 9.98898517095810e+04 
1.66171481416695e+01 9.99062892817796e+04 
1.68205318926791e+01 9.99167488993808e+04 
1.70239717971818e+01 9.99275251955580e+04 
1.72274242526830e+01 9.99397860456393e+04 
1.74308511498678e+01 9.99528514702563e+04 
1.76342505270569e+01 9.99720347065067e+04 
1.78376212420556e+01 9.99891045397299e+04 
1.80409883913594e+01 1.00003747991881e+05 
1.82443050346869e+01 1.00017043000165e+05 
1.84474327837354e+01 1.00031394647414e+05 
1.86505503053125e+01 1.00044703205308e+05 
1.88535932316970e+01 1.00058801425852e+05 
1.90565608622741e+01 1.00069166571415e+05 
1.92594853707276e+01 1.00082231443978e+05 
1.94623796526000e+01 1.00093165481770e+05 
1.96652593507810e+01 1.00104166792079e+05 
1.98682128225951e+01 1.00112406547536e+05 
2.00712299723808e+01 1.00115625698107e+05 
2.02743632772251e+01 1.00115112530365e+05 
2.04775974201162e+01 1.00120602938130e+05 
2.06808993432005e+01 1.00124014244720e+05 
2.08842816624739e+01 1.00125898285330e+05 
2.10877109245459e+01 1.00123641812970e+05 
2.12911865561413e+01 1.00112664385247e+05 
2.14946542636065e+01 1.00099937323563e+05 
2.16979483115182e+01 1.00092381030505e+05 
2.19009928614698e+01 1.00083403087718e+05 
2.21039017811684e+01 1.00071718996764e+05 
2.23066497283774e+01 1.00056348577353e+05 
2.25092177015210e+01 1.00033079489592e+05 
2.27116581345214e+01 1.00012759250437e+05 
2.29139334651086e+01 9.99948447564802e+04 
2.31160467477100e+01 9.99779316646015e+04 
2.33179868862948e+01 9.99605146752791e+04 
2.35199180822287e+01 9.99432504758560e+04 
2.37218051763256e+01 9.99237479327565e+04 
2.39236768880851e+01 9.99102588271069e+04 
2.41255552893581e+01 9.98960024998631e+04 
2.43274126484990e+01 9.98850668298892e+04 
2.45293056915018e+01 9.98758597545687e+04 
2.47312963943893e+01 9.98702759070177e+04 
2.49333962174227e+01 9.98685529578694e+04 
2.51357213393038e+01 9.98712319647603e+04 
2.53382018572701e+01 9.98697009684368e+04 
2.55408488073704e+01 9.98712609394248e+04 
2.57436471827663e+01 9.98750012763873e+04 
2.59465698142901e+01 9.98826770293102e+04 
2.61496583369765e+01 9.98977771818928e+04 
2.63529142216749e+01 9.99129897215445e+04 
2.65562742668140e+01 9.99221256468622e+04 
2.67596972761635e+01 9.99314377809494e+04 
2.69631506643780e+01 9.99416293800925e+04 
2.71666356359982e+01 9.99532777066514e+04 
2.73700949757860e+01 9.99712706453383e+04 
2.75735042909555e+01 9.99872782451668e+04 
2.77768698215134e+01 9.99999623762235e+04 
2.79801634091441e+01 1.00011313877469e+05 
2.81832311137916e+01 1.00023453825869e+05 
2.83862493691881e+01 1.00035190127864e+05 
2.85892005667304e+01 1.00049445433533e+05 
2.87920289759177e+01 1.00060514339794e+05 
2.89947855911169e+01 1.00073057842123e+05 
2.91974758167431e+01 1.00083634134144e+05 
2.94001081727549e+01 1.00094249513941e+05 
2.96028174869848e+01 1.00102146255587e+05 
2.98055746712193e+01 1.00106675685210e+05 
3.00084175396436e+01 1.00108158790727e+05 
3.02113309117389e+01 1.00115231634276e+05 
3.04143391710080e+01 1.00120676987918e+05 
3.06174347641709e+01 1.00125449725883e+05 
3.08206359225875e+01 1.00126176147534e+05 
3.10238921252226e+01 1.00118646363934e+05 
3.12271617071788e+01 1.00108949834539e+05 
3.14304933723914e+01 1.00104700429601e+05 
3.16338559333766e+01 1.00098894042688e+05 
3.18371697100234e+01 1.00091059727933e+05 
3.20402940171543e+01 1.00079168269430e+05 
3.22432411366959e+01 1.00058115872395e+05 
3.24460329241944e+01 1.00038720509742e+05 
3.26486468730478e+01 1.00022033204620e+05 
3.28510694083674e+01 1.00005296252711e+05 
3.30532799861897e+01 9.99877494099001e+04 
3.32554482102955e+01 9.99697925578788e+04 
3.34575453553804e+01 9.99478809303567e+04 
3.36595641500324e+01 9.99318547429107e+04 
3.38615486883824e+01 9.99155693012781e+04 
3.40634799904239e+01 9.99018291682892e+04 
3.42653996408576e+01 9.98891037534793e+04 
3.44673939566842e+01 9.98796034810499e+04 
3.46694612546547e+01 9.98729171781805e+04 
3.48717036107216e+01 9.98715212629730e+04 
3.50740862371626e+01 9.98661014924485e+04 
3.52766015885758e+01 9.98638440188257e+04 
3.54793183147402e+01 9.98632122478226e+04 
3.56821412870120e+01 9.98668781137542e+04 
3.58851172271814e+01 9.98783987568339e+04 
3.60883109456795e+01 9.98918471175279e+04 
3.62916365042183e+01 9.98990709198440e+04 
3.64950404477902e+01 9.99074238083411e+04 
3.66984690806315e+01 9.99161390957423e+04 
3.69019364923025e+01 9.99264046535026e+04 
3.71054357283456e+01 9.99440355291957e+04 
3.73088956361505e+01 9.99603523826723e+04 
3.75123241222096e+01 9.99718794392063e+04 
3.77157068996436e+01 9.99822257517066e+04 
3.79188884208807e+01 9.99932584594533e+04 
3.81219429731373e+01 1.00004235115724e+05 
3.83249696414713e+01 1.00019654859446e+05 
3.85278282028840e+01 1.00033343268863e+05 
3.87305789313831e+01 1.00047399969913e+05 
3.89332338669238e+01 1.00059452072843e+05 
3.91357862752962e+01 1.00071649344665e+05 
3.93384030966966e+01 1.00081145676750e+05 
3.95410271713939e+01 1.00088682031003e+05 
3.97436993424354e+01 1.00093513563625e+05 
3.99463921856252e+01 1.00103046590842e+05 
4.01491654750551e+01 1.00110400542898e+05 
4.03520289195442e+01 1.00117800297306e+05 
4.05550048910795e+01 1.00121408162523e+05 
4.07580864187294e+01 1.00117987249148e+05 
4.09612286775592e+01 1.00111932763451e+05 
4.11644223380052e+01 1.00111174908898e+05 
4.13676607110112e+01 1.00108035274411e+05 
4.15709452306063e+01 1.00103457673945e+05 
4.17742442700769e+01 1.00094870579332e+05 
4.19775135223546e+01 1.00077254173792e+05 
4.21806564457985e+01 1.00060211306311e+05 
4.23835704544603e+01 1.00046133107940e+05 
4.25863222546333e+01 1.00030718222150e+05 
4.27888279196484e+01 1.00013794100692e+05 
4.29912615982889e+01 9.99951402429909e+04 
4.31935852435500e+01 9.99714114572620e+04 
4.33957815205678e+01 9.99534816789305e+04 
4.35978979487543e+01 9.99358370769967e+04 
4.37999304200929e+01 9.99199696412457e+04 
4.40019076885360e+01 9.99051488784495e+04 
4.42039337320145e+01 9.98929325750089e+04 
4.44060001538986e+01 9.98825320495062e+04 
4.46081858574393e+01 9.98780893283472e+04 
4.48104711684930e+01 9.98700612937393e+04 
4.50128451538969e+01 9.98651669397368e+04 
4.52153736753591e+01 9.98619841099987e+04 
4.54180340147901e+01 9.98630498761463e+04 
4.56208710244056e+01 9.98715256659027e+04 
4.58239099702678e+01 9.98831595993776e+04 
4.60270996589638e+01 9.98884878543613e+04 
4.62304657697298e+01 9.98956912801155e+04 
4.64338688960506e+01 9.99036352732232e+04 
4.66373017077841e+01 9.99136359848472e+04 
4.68407572598015e+01 9.99314519283805e+04 
4.70442546395734e+01 9.99483124142776e+04 
4.72477386480636e+01 9.99592070331471e+04 
4.74511939246332e+01 9.99692487158180e+04 
4.76545330594890e+01 9.99799050618907e+04 
4.78577067285611e+01 9.99907030020157e+04 
4.80608753693268e+01 1.00006783923151e+05 
4.82638354697416e+01 1.00021349420214e+05 
4.84666467540706e+01 1.00035396695239e+05 
4.86693473168333e+01 1.00047815274282e+05 
4.88719019249858e+01 1.00060706829077e+05 
4.90745027720318e+01 1.00071244226043e+05 
4.92770764391171e+01 1.00080802889221e+05 
4.94796476958813e+01 1.00087399679160e+05 
4.96822204167646e+01 1.00098108076885e+05 
4.98848222239144e+01 1.00106803653861e+05 
5.00874761862161e+01 1.00115944174959e+05 
5.02902390157782e+01 1.00121413327936e+05 
5.04931165644340e+01 1.00120622341422e+05 
5.06960805910771e+01 1.00116992880250e+05 
5.08991333423157e+01 1.00118856729776e+05 
5.11022578645217e+01 1.00118456982676e+05 
5.13054423763076e+01 1.00117170340925e+05 
5.15086548546338e+01 1.00111803063547e+05 
5.17119065645690e+01 1.00097603748598e+05 
5.19151950423545e+01 1.00082916825200e+05 
5.21183745006488e+01 1.00071479090646e+05 
5.23214088774139e+01 1.00058179281723e+05 
5.25242324010963e+01 1.00043286782518e+05 
5.27269607076205e+01 1.00025910297673e+05 
5.29295441731976e+01 1.00002312853486e+05 
5.31319496968064e+01 9.99835580092544e+04 
5.33342472842059e+01 9.99654802352174e+04 
5.35364267211515e+01 9.99484098377664e+04 
5.37385040812235e+01 9.99319949810000e+04 
5.39406083094777e+01 9.99173119510273e+04 
5.41427161596012e+01 9.99032144055162e+04 
5.43448835302565e+01 9.98952266759162e+04 
5.45471108975266e+01 9.98838609634217e+04 
5.47493910082137e+01 9.98753933072374e+04 
5.49517879790564e+01 9.98685054552355e+04 
5.51543020530474e+01 9.98659838324661e+04 
5.53569745540088e+01 9.98703665375061e+04 
5.55598668189212e+01 9.98790511449591e+04 
5.57629126136038e+01 9.98816761035736e+04 
5.59661352293277e+01 9.98866416619187e+04 
5.61694921057413e+01 9.98925108258396e+04 
5.63728862466536e+01 9.99009539107240e+04 
5.65762995126502e+01 9.99176345120779e+04 
5.67797565324227e+01 9.99340745113497e+04 
5.69832411929876e+01 9.99437669260686e+04 
5.71867575597213e+01 9.99531601694821e+04 
5.73902142438224e+01 9.99631034314454e+04 
5.75935504013974e+01 9.99736115847886e+04 
5.77968428105782e+01 9.99902890910188e+04 
5.79999523007818e+01 1.00005524665943e+05 
5.82028720166861e+01 1.00018856431120e+05 
5.84056737401209e+01 1.00030879799998e+05 
5.86082924096970e+01 1.00043656130380e+05 
5.88109369357781e+01 1.00054769696918e+05 
5.90135188227780e+01 1.00066429601449e+05 
5.92160540509742e+01 1.00075254860214e+05 
5.94185604009779e+01 1.00087101428856e+05 
5.96210526984744e+01 1.00096966693224e+05 
5.98235501837237e+01 1.00107366749789e+05 
6.00261485722220e+01 1.00114245372342e+05 
6.02288361841210e+01 1.00115921611750e+05 
6.04316638201486e+01 1.00114765580041e+05 
6.06345686020863e+01 1.00119081725796e+05 
6.08375671479841e+01 1.00121201838362e+05 
6.10406211004055e+01 1.00122820714597e+05 
6.12437426280142e+01 1.00120195212786e+05 
6.14469164445446e+01 1.00108910720790e+05 
6.16501210676312e+01 1.00096366939486e+05 
6.18533579475247e+01 1.00087729439755e+05 
6.20566264173889e+01 1.00077204702071e+05 
6.22597817220211e+01 1.00065243191244e+05 
6.24627995534665e+01 1.00050072631064e+05 
6.26656673735378e+01 1.00027502169321e+05 
6.28683131616467e+01 1.00008336609842e+05 
6.30708195650471e+01 9.99902488713398e+04 
6.32731804840720e+01 9.99726849781099e+04 
6.34753919046854e+01 9.99555237453513e+04 
6.36776034541254e+01 9.99393302611081e+04 
6.38797873688976e+01 9.99222615112346e+04 
6.40819738273611e+01 9.99113661040786e+04 
6.42841784067253e+01 9.98974419287345e+04 
6.44863959670241e+01 9.98860915035250e+04 
6.46886801912706e+01 9.98759459401764e+04 
6.48910662140103e+01 9.98697640529228e+04 
6.50935819241049e+01 9.98694103546382e+04 
6.52963226964966e+01 9.98743038593283e+04 
6.54992405740070e+01 9.98735032253083e+04 
6.57023188561443e+01 9.98754571991110e+04 
6.59055500692646e+01 9.98785365298735e+04 
6.61089027901603e+01 9.98848197538580e+04 
6.63122766649993e+01 9.98997186469351e+04 
6.65156872049080e+01 9.99152714645768e+04 
6.67191280630788e+01 9.99237550795667e+04 
6.69226164912726e+01 9.99325330525166e+04 
6.71261325074319e+01 9.99419917251674e+04 
6.73296169036911e+01 9.99524350531462e+04 
6.75330252299440e+01 9.99698267607145e+04 
6.77363198433455e+01 9.99858310042209e+04 
6.79393888572186e+01 9.99984382385285e+04 
6.81423368894994e+01 1.00009963161652e+05 
6.83450708709156e+01 1.00022601465819e+05 
6.85478069710537e+01 1.00034113051841e+05 
6.87504560574697e+01 1.00047745403165e+05 
6.89530120509714e+01 1.00058648684372e+05 
6.91555074049377e+01 1.00071412592096e+05 
6.93579506481004e+01 1.00082091936539e+05 
6.95603538262472e+01 1.00093609064330e+05 
6.97628467070184e+01 1.00101756219895e+05 
6.99654031500043e+01 1.00105860667878e+05 
7.01680675370484e+01 1.00107098790708e+05 
7.03708128597538e+01 1.00113650627337e+05 
7.05736643918905e+01 1.00118120250616e+05 
7.07765856443493e+01 1.00122693112803e+05 
7.09796045256010e+01 1.00123143537585e+05 
7.11826613299295e+01 1.00115535554855e+05 
7.13857897479778e+01 1.00106058445924e+05 
7.15889661007472e+01 1.00101155754690e+05 
7.17921459341708e+01 1.00094221069207e+05 
7.19953726252105e+01 1.00085856702216e+05 
7.21985718027617e+01 1.00073616426198e+05 
7.24016476186381e+01 1.00053187086122e+05 
7.26045430537818e+01 1.00034929151833e+05 
7.28072213299480e+01 1.00018282205555e+05 
7.30097805999067e+01 1.00001666561361e+05 
7.32121446685061e+01 9.99848845986362e+04 
7.34144836407241e+01 9.99680824886810e+04 
7.36167644759561e+01 9.99488530236653e+04 
7.38189887804541e+01 9.99354049994048e+04 
7.40211919750683e+01 9.99197973001686e+04 
7.42233714635407e+01 9.99066554299273e+04 
7.44255673633598e+01 9.98944174485184e+04 
7.46278498585127e+01 9.98853395979933e+04 
7.48302306656735e+01 9.98804609159823e+04 
7.50327937384072e+01 9.98810581336566e+04 
7.52355063125583e+01 9.98764316553229e+04 
7.54383722282391e+01 9.98750434320031e+04 
7.56414216244544e+01 9.98750583590750e+04 
7.58445981321123e+01 9.98788564984659e+04 
7.60479184214261e+01 9.98910751134320e+04 
7.62512929186171e+01 9.99048417042520e+04 
7.64546964242765e+01 9.99114198252372e+04 
7.66581350680706e+01 9.99190972622292e+04 
7.68616010200597e+01 9.99275302023427e+04 
7.70651079936182e+01 9.99374410413772e+04 
7.72686113724331e+01 9.99548918537352e+04 
7.74720611152207e+01 9.99712169271969e+04 
7.76753133911698e+01 9.99828171741306e+04 
7.78784461857672e+01 9.99935928864042e+04 
7.80813340565300e+01 1.00005620888736e+05 
7.82841986758304e+01 1.00017188257340e+05 
7.84869562928645e+01 1.00032349532935e+05 
7.86895714902216e+01 1.00044897599968e+05 
7.88920942905549e+01 1.00058081496213e+05 
7.90945315913393e+01 1.00069311386963e+05 
7.92968840114831e+01 1.00081420290367e+05 
7.94993122078064e+01 1.00090398210495e+05 
7.97017694779022e+01 1.00096594636389e+05 
7.99042936798559e+01 1.00099809048977e+05 
8.01068697501696e+01 1.00107954962329e+05 
8.03095192442820e+01 1.00114132188746e+05 
8.05122783411067e+01 1.00120945327373e+05 
8.07151532943511e+01 1.00123748234833e+05 
8.09180874917751e+01 1.00119124423635e+05 
8.11211009470289e+01 1.00112052420272e+05 
8.13241348982823e+01 1.00109935940928e+05 
8.15272528948804e+01 1.00105758483981e+05 
8.17303892546740e+01 1.00100504054686e+05 
8.19335573112213e+01 1.00091153196475e+05 
8.21368014274263e+01 1.00073037345292e+05 
8.23398733234911e+01 1.00055963691153e+05 
8.25427383975605e+01 1.00041396655338e+05 
8.27454995878572e+01 1.00026353594004e+05 
8.29480798671471e+01 1.00010663855416e+05 
8.31506062535737e+01 9.99937685847316e+04 
8.33530393401760e+01 9.99727646483321e+04 
8.35553612257224e+01 9.99571639554427e+04 
8.37576211955306e+01 9.99403710330551e+04 
8.39598226381276e+01 9.99256731198927e+04 
8.41619894017817e+01 9.99116989657760e+04 
8.43642239682605e+01 9.99002488457285e+04 
8.45665203012387e+01 9.98914433775789e+04 
8.47689483564908e+01 9.98882421876257e+04 
8.49714940232389e+01 9.98802697144888e+04 
8.51741579640687e+01 9.98756633713563e+04 
8.53769978718437e+01 9.98726552542687e+04 
8.55799804902041e+01 9.98737323208899e+04 
8.57831240408108e+01 9.98827638072238e+04 
8.59864536951827e+01 9.98942276984323e+04 
8.61898160798553e+01 9.98984690963640e+04 
8.63932062744392e+01 9.99044677585856e+04 
8.65966229319829e+01 9.99112964975344e+04 
8.68000940443101e+01 9.99201128341868e+04 
8.70035825837327e+01 9.99370192577788e+04 
8.72070843440491e+01 9.99533861219382e+04 
8.74105419344450e+01 9.99640820049411e+04 
8.76138267437083e+01 9.99743466399662e+04 
8.78169205534772e+01 9.99856933924851e+04 
8.80199632675196e+01 9.99969388432953e+04 
8.82228781681249e+01 1.00013050834700e+05 
8.84256106973253e+01 1.00027052541296e+05 
8.86282246424383e+01 1.00040763117549e+05 
8.88307219110573e+01 1.00052896010974e+05 
8.90330924047535e+01 1.00065873261441e+05 
8.92355207597714e+01 1.00075899208253e+05 
8.94379379157647e+01 1.00084318369146e+05 
8.96403799089431e+01 1.00089691612750e+05 
8.98428436218644e+01 1.00099361955010e+05 
9.00453482475632e+01 1.00107087824382e+05 
9.02479204282358e+01 1.00115757895607e+05 
9.04506070166489e+01 1.00120481426183e+05 
9.06534221098573e+01 1.00118580240645e+05 
9.08563074156330e+01 1.00113901758691e+05 
9.10592331034942e+01 1.00114507932038e+05 
9.12622364660194e+01 1.00112979420089e+05 
9.14653252837018e+01 1.00110767686766e+05 
9.16684271913442e+01 1.00104293103279e+05 
9.18715866137494e+01 1.00088961573435e+05 
9.20747842683971e+01 1.00073739652567e+05 
9.22778651165516e+01 1.00061726128506e+05 
9.24808149399466e+01 1.00048710339595e+05 
9.26836400845213e+01 1.00034714265071e+05 
9.28863873614108e+01 1.00018505340058e+05 
9.30890085767134e+01 9.99967640774948e+04 
9.32914663544503e+01 9.99797243772569e+04 
9.34938317764641e+01 9.99624113355584e+04 
9.36961022577806e+01 9.99466695719260e+04 
9.38982898525573e+01 9.99315272867943e+04 
9.41005250280928e+01 9.99181248868744e+04 
9.43027848548941e+01 9.99059152861975e+04 
9.45051224941694e+01 9.98994993641032e+04 
9.47075391235569e+01 9.98888241758951e+04 
9.49100356403763e+01 9.98812607667385e+04 
9.51126679959551e+01 9.98751577178686e+04 
9.53154338342254e+01 9.98730308989648e+04 
9.55183731288411e+01 9.98781346364771e+04 
9.57215113888919e+01 9.98868200905238e+04 
9.59247849047671e+01 9.98887484724694e+04 
9.61281201802749e+01 9.98930333725571e+04 
9.63314994562056e+01 9.98982548326145e+04 
9.65349076935859e+01 9.99058692100211e+04 
9.67383385387505e+01 9.99218079371627e+04 
9.69418207081187e+01 9.99377226967392e+04 
9.71453287818878e+01 9.99472539948277e+04 
9.73487757563585e+01 9.99569054014179e+04 
9.75521003395735e+01 9.99675939871051e+04 
9.77553203876417e+01 9.99786090563331e+04 
9.79584256456356e+01 9.99954670320510e+04 
9.81613154578645e+01 1.00010437322792e+05 
9.83640728139437e+01 1.00024021095665e+05 
9.85666800715794e+01 1.00036437343322e+05 
9.87691229821461e+01 1.00049920627918e+05 
9.89716027992200e+01 1.00061028272265e+05 
9.91740397132955e+01 1.00071915173685e+05 
9.93764536462670e+01 1.00079541142326e+05 
9.95788576239822e+01 1.00090450209706e+05 
9.97812656950711e+01 1.00099461175745e+05 
9.99837025244658e+01 1.00109451215230e+05 
1.00186246746907e+02 1.00115585871772e+05 
