# Liste des scalaires : TEMPS pmat 
0.00000000000000e+00 1.00000000000000e+05 
2.04081632653061e-01 1.00000000000000e+05 
4.08042165141975e-01 1.00000000000000e+05 
6.11832106953319e-01 1.00000000000000e+05 
8.15421737498182e-01 1.00000000000000e+05 
1.01884831470558e+00 1.00000000000000e+05 
1.22207818930831e+00 1.00000000000000e+05 
1.42513098547652e+00 1.00000000000000e+05 
1.62798725493260e+00 1.00000000000000e+05 
1.83053493087979e+00 1.00000000000000e+05 
2.03291905653503e+00 1.00000000000000e+05 
2.23520224592158e+00 1.00000000000000e+05 
2.43733969254296e+00 1.00000000000000e+05 
2.63931827049832e+00 1.00000000000000e+05 
2.84120332396323e+00 1.00000000000000e+05 
3.04297858176904e+00 1.00000000000000e+05 
3.24460591464334e+00 1.00000000000000e+05 
3.44612291562131e+00 1.00000000000000e+05 
3.64760922308227e+00 1.00000000000000e+05 
3.84909249851467e+00 1.00000000000000e+05 
4.05064469773747e+00 1.00000000000000e+05 
4.25222294222906e+00 1.00000000000000e+05 
4.45380035517506e+00 1.00000000000000e+05 
4.65542063364273e+00 1.00000000000000e+05 
4.85715243419261e+00 1.00000000000000e+05 
5.05906045928525e+00 1.00000000000000e+05 
5.26119401899534e+00 1.00000000000000e+05 
5.46347898380931e+00 1.00000000000000e+05 
5.66591894484892e+00 1.00000000000000e+05 
5.86852800362132e+00 1.00000000000000e+05 
6.07136345597011e+00 1.00000000000000e+05 
6.27438265108359e+00 1.00000000000000e+05 
6.47752964045090e+00 1.00000000000000e+05 
6.68089073121200e+00 1.00000000000000e+05 
6.88429870550576e+00 1.00000000000000e+05 
7.08769636443068e+00 1.00000000000000e+05 
7.29110827962174e+00 1.00000000000000e+05 
7.49449373816632e+00 1.00000000000000e+05 
7.69790617884871e+00 1.00000000000000e+05 
7.90135044231191e+00 1.00000000000000e+05 
8.10473659770851e+00 1.00000000000000e+05 
8.30800948139133e+00 1.00000000000000e+05 
8.51115234273433e+00 1.00000000000000e+05 
8.71416193711340e+00 1.00000000000000e+05 
8.91719900347831e+00 1.00000000000000e+05 
9.12020204041872e+00 1.00000000000000e+05 
9.32319297435189e+00 1.00000000000000e+05 
9.52619174127014e+00 1.00000000000000e+05 
9.72921908834018e+00 1.00000000000000e+05 
9.93229912946381e+00 1.00000000000000e+05 
1.01354642235065e+01 1.00000000000000e+05 
1.03387225987006e+01 1.00000000000006e+05 
1.05420932760412e+01 1.00000000000007e+05 
1.07455601602491e+01 1.00000000161784e+05 
1.09490636153785e+01 1.00000000771420e+05 
1.11525952040860e+01 1.00000002412340e+05 
1.13559908728595e+01 1.00000006081196e+05 
1.15591577617810e+01 1.00000013613273e+05 
1.17622381240369e+01 1.00000029324368e+05 
1.19650888349948e+01 1.00000062256565e+05 
1.21677288877747e+01 1.00000127918541e+05 
1.23702013159276e+01 1.00000254896044e+05 
1.25725982340610e+01 1.00000463032560e+05 
1.27748516426287e+01 1.00000764551646e+05 
1.29769249867640e+01 1.00001193298376e+05 
1.31787998828658e+01 1.00001808509315e+05 
1.33806014179065e+01 1.00002683777173e+05 
1.35822734033907e+01 1.00003939088712e+05 
1.37839887339651e+01 1.00005549847649e+05 
1.39857022015949e+01 1.00007449377029e+05 
1.41874661286692e+01 1.00009718925237e+05 
1.43892101845392e+01 1.00012470656130e+05 
1.45910326674531e+01 1.00015730749341e+05 
1.47929375836209e+01 1.00019449383867e+05 
1.49949695660416e+01 1.00023326956177e+05 
1.51971475723012e+01 1.00027192787023e+05 
1.53995487529939e+01 1.00031367393218e+05 
1.56020957788436e+01 1.00035977069750e+05 
1.58048076652820e+01 1.00040814431300e+05 
1.60076888558614e+01 1.00045232065583e+05 
1.62106850728960e+01 1.00048829576771e+05 
1.64138636363558e+01 1.00051774073797e+05 
1.66171481416695e+01 1.00054737211554e+05 
1.68205318926791e+01 1.00057578170274e+05 
1.70239717971818e+01 1.00059850831614e+05 
1.72274242526830e+01 1.00060669601720e+05 
1.74308511498678e+01 1.00060121530612e+05 
1.76342505270569e+01 1.00058753228186e+05 
1.78376212420556e+01 1.00057218939929e+05 
1.80409883913594e+01 1.00054974107803e+05 
1.82443050346869e+01 1.00051621355260e+05 
1.84474327837354e+01 1.00046719988976e+05 
1.86505503053125e+01 1.00040852178579e+05 
1.88535932316970e+01 1.00034658971844e+05 
1.90565608622741e+01 1.00028301656758e+05 
1.92594853707276e+01 1.00021100113986e+05 
1.94623796526000e+01 1.00012976163660e+05 
1.96652593507810e+01 1.00004179349402e+05 
1.98682128225951e+01 9.99954200019129e+04 
2.00712299723808e+01 9.99870033608058e+04 
2.02743632772251e+01 9.99785487094872e+04 
2.04775974201162e+01 9.99696752255880e+04 
2.06808993432005e+01 9.99607361117610e+04 
2.08842816624739e+01 9.99525113332000e+04 
2.10877109245459e+01 9.99453946937753e+04 
2.12911865561413e+01 9.99391824315633e+04 
2.14946542636065e+01 9.99332207573981e+04 
2.16979483115182e+01 9.99276410595090e+04 
2.19009928614698e+01 9.99230766567922e+04 
2.21039017811684e+01 9.99204147208952e+04 
2.23066497283774e+01 9.99194530160598e+04 
2.25092177015210e+01 9.99195759018025e+04 
2.27116581345214e+01 9.99202008391139e+04 
2.29139334651086e+01 9.99218404254913e+04 
2.31160467477100e+01 9.99250308326953e+04 
2.33179868862948e+01 9.99303426962302e+04 
2.35199180822287e+01 9.99371302342759e+04 
2.37218051763256e+01 9.99445691989534e+04 
2.39236768880851e+01 9.99523184775637e+04 
2.41255552893581e+01 9.99609204620742e+04 
2.43274126484990e+01 9.99706480118301e+04 
2.45293056915018e+01 9.99814299483719e+04 
2.47312963943893e+01 9.99925300274541e+04 
2.49333962174227e+01 1.00003335548946e+05 
2.51357213393038e+01 1.00013920029703e+05 
2.53382018572701e+01 1.00024472692363e+05 
2.55408488073704e+01 1.00034830142404e+05 
2.57436471827663e+01 1.00044347884225e+05 
2.59465698142901e+01 1.00052858690825e+05 
2.61496583369765e+01 1.00060394883005e+05 
2.63529142216749e+01 1.00067270699619e+05 
2.65562742668140e+01 1.00072971393403e+05 
2.67596972761635e+01 1.00077107425247e+05 
2.69631506643780e+01 1.00079056633781e+05 
2.71666356359982e+01 1.00079483590953e+05 
2.73700949757860e+01 1.00078964417349e+05 
2.75735042909555e+01 1.00077641334291e+05 
2.77768698215134e+01 1.00074667125763e+05 
2.79801634091441e+01 1.00069708794108e+05 
2.81832311137916e+01 1.00062618748180e+05 
2.83862493691881e+01 1.00054512159612e+05 
2.85892005667304e+01 1.00046089996652e+05 
2.87920289759177e+01 1.00037159461473e+05 
2.89947855911169e+01 1.00027079116762e+05 
2.91974758167431e+01 1.00015787797513e+05 
2.94001081727549e+01 1.00003724683992e+05 
2.96028174869848e+01 9.99917857195258e+04 
2.98055746712193e+01 9.99804272157076e+04 
3.00084175396436e+01 9.99691218819628e+04 
3.02113309117389e+01 9.99578286395196e+04 
3.04143391710080e+01 9.99468152719934e+04 
3.06174347641709e+01 9.99368105307261e+04 
3.08206359225875e+01 9.99280869323293e+04 
3.10238921252226e+01 9.99205726068723e+04 
3.12271617071788e+01 9.99136253094026e+04 
3.14304933723914e+01 9.99079325466849e+04 
3.16338559333766e+01 9.99039069274972e+04 
3.18371697100234e+01 9.99021473778781e+04 
3.20402940171543e+01 9.99020968124270e+04 
3.22432411366959e+01 9.99031626599559e+04 
3.24460329241944e+01 9.99050221368730e+04 
3.26486468730478e+01 9.99086187872921e+04 
3.28510694083674e+01 9.99142274840887e+04 
3.30532799861897e+01 9.99220206733761e+04 
3.32554482102955e+01 9.99310574787236e+04 
3.34575453553804e+01 9.99405293584654e+04 
3.36595641500324e+01 9.99504210094707e+04 
3.38615486883824e+01 9.99614974697000e+04 
3.40634799904239e+01 9.99738301332487e+04 
3.42653996408576e+01 9.99869990010954e+04 
3.44673939566842e+01 1.00000155609726e+05 
3.46694612546547e+01 1.00012699562428e+05 
3.48717036107216e+01 1.00025022651353e+05 
3.50740862371626e+01 1.00037286103143e+05 
3.52766015885758e+01 1.00049209348362e+05 
3.54793183147402e+01 1.00059908096918e+05 
3.56821412870120e+01 1.00069204432905e+05 
3.58851172271814e+01 1.00077203226124e+05 
3.60883109456795e+01 1.00084430699628e+05 
3.62916365042183e+01 1.00090254790923e+05 
3.64950404477902e+01 1.00094221002875e+05 
3.66984690806315e+01 1.00095614073301e+05 
3.69019364923025e+01 1.00095181205188e+05 
3.71054357283456e+01 1.00093688543978e+05 
3.73088956361505e+01 1.00091280597871e+05 
3.75123241222096e+01 1.00087057892319e+05 
3.77157068996436e+01 1.00080717654194e+05 
3.79188884208807e+01 1.00072215715198e+05 
3.81219429731373e+01 1.00062672031103e+05 
3.83249696414713e+01 1.00052918535140e+05 
3.85278282028840e+01 1.00042792436058e+05 
3.87305789313831e+01 1.00031631498571e+05 
3.89332338669238e+01 1.00019377066276e+05 
3.91357862752962e+01 1.00006500004292e+05 
3.93384030966966e+01 9.99938689233907e+04 
3.95410271713939e+01 9.99820156382820e+04 
3.97436993424354e+01 9.99704344388426e+04 
3.99463921856252e+01 9.99590253454497e+04 
4.01491654750551e+01 9.99479321654214e+04 
4.03520289195442e+01 9.99378482246769e+04 
4.05550048910795e+01 9.99289935477144e+04 
4.07580864187294e+01 9.99213428852674e+04 
4.09612286775592e+01 9.99143509097076e+04 
4.11644223380052e+01 9.99085989703964e+04 
4.13676607110112e+01 9.99043914263293e+04 
4.15709452306063e+01 9.99023124972384e+04 
4.17742442700769e+01 9.99017770001325e+04 
4.19775135223546e+01 9.99022872808165e+04 
4.21806564457985e+01 9.99036501950086e+04 
4.23835704544603e+01 9.99067032244378e+04 
4.25863222546333e+01 9.99116820228081e+04 
4.27888279196484e+01 9.99187843361303e+04 
4.29912615982889e+01 9.99271184690575e+04 
4.31935852435500e+01 9.99358388409038e+04 
4.33957815205678e+01 9.99450126993649e+04 
4.35978979487543e+01 9.99553251227820e+04 
4.37999304200929e+01 9.99669458498464e+04 
4.40019076885360e+01 9.99795950228316e+04 
4.42039337320145e+01 9.99924189069823e+04 
4.44060001538986e+01 1.00004677029627e+05 
4.46081858574393e+01 1.00016753232931e+05 
4.48104711684930e+01 1.00028864341720e+05 
4.50128451538969e+01 1.00040861801604e+05 
4.52153736753591e+01 1.00052058826997e+05 
4.54180340147901e+01 1.00062190717888e+05 
4.56208710244056e+01 1.00071152919308e+05 
4.58239099702678e+01 1.00079448221392e+05 
4.60270996589638e+01 1.00086565375766e+05 
4.62304657697298e+01 1.00092015755841e+05 
4.64338688960506e+01 1.00095221917339e+05 
4.66373017077841e+01 1.00096841961227e+05 
4.68407572598015e+01 1.00097390526241e+05 
4.70442546395734e+01 1.00096982439605e+05 
4.72477386480636e+01 1.00094783655627e+05 
4.74511939246332e+01 1.00090449713906e+05 
4.76545330594890e+01 1.00083861055881e+05 
4.78577067285611e+01 1.00076082593040e+05 
4.80608753693268e+01 1.00067880613086e+05 
4.82638354697416e+01 1.00059053328793e+05 
4.84666467540706e+01 1.00048945156522e+05 
4.86693473168333e+01 1.00037489276621e+05 
4.88719019249858e+01 1.00025021239546e+05 
4.90745027720318e+01 1.00012444543641e+05 
4.92770764391171e+01 1.00000374602012e+05 
4.94796476958813e+01 9.99883582341594e+04 
4.96822204167646e+01 9.99762325651156e+04 
4.98848222239144e+01 9.99641546164001e+04 
5.00874761862161e+01 9.99528019402028e+04 
5.02902390157782e+01 9.99424958847404e+04 
5.04931165644340e+01 9.99332474427835e+04 
5.06960805910771e+01 9.99245493124145e+04 
5.08991333423157e+01 9.99168774002690e+04 
5.11022578645217e+01 9.99107559514423e+04 
5.13054423763076e+01 9.99066995149742e+04 
5.15086548546338e+01 9.99041868991740e+04 
5.17119065645690e+01 9.99026716243533e+04 
5.19151950423545e+01 9.99020126576936e+04 
5.21183745006488e+01 9.99030381628757e+04 
5.23214088774139e+01 9.99060690889525e+04 
5.25242324010963e+01 9.99113921459439e+04 
5.27269607076205e+01 9.99180599610406e+04 
5.29295441731976e+01 9.99252171046179e+04 
5.31319496968064e+01 9.99329067119638e+04 
5.33342472842059e+01 9.99419253340796e+04 
5.35364267211515e+01 9.99524766211978e+04 
5.37385040812235e+01 9.99644286689428e+04 
5.39406083094777e+01 9.99767965128886e+04 
5.41427161596012e+01 9.99887511047035e+04 
5.43448835302565e+01 1.00000589094420e+05 
5.45471108975266e+01 1.00012689274102e+05 
5.47493910082137e+01 1.00025047977237e+05 
5.49517879790564e+01 1.00037080861504e+05 
5.51543020530474e+01 1.00048302388167e+05 
5.53569745540088e+01 1.00058382291509e+05 
5.55598668189212e+01 1.00067815520416e+05 
5.57629126136038e+01 1.00076319863534e+05 
5.59661352293277e+01 1.00083380771258e+05 
5.61694921057413e+01 1.00088474399272e+05 
5.63728862466536e+01 1.00092024665577e+05 
5.65762995126502e+01 1.00094409120195e+05 
5.67797565324227e+01 1.00095755435163e+05 
5.69832411929876e+01 1.00095326962024e+05 
5.71867575597213e+01 1.00092807853124e+05 
5.73902142438224e+01 1.00087949496869e+05 
5.75935504013974e+01 1.00081697428721e+05 
5.77968428105782e+01 1.00074861374272e+05 
5.79999523007818e+01 1.00067323970657e+05 
5.82028720166861e+01 1.00058344145105e+05 
5.84056737401209e+01 1.00047750178772e+05 
5.86082924096970e+01 1.00035820931034e+05 
5.88109369357781e+01 1.00023536610834e+05 
5.90135188227780e+01 1.00011610939450e+05 
5.92160540509742e+01 9.99996579989582e+04 
5.94185604009779e+01 9.99873707908680e+04 
5.96210526984744e+01 9.99748078686147e+04 
5.98235501837237e+01 9.99625710544241e+04 
6.00261485722220e+01 9.99511030454885e+04 
6.02288361841210e+01 9.99406659670239e+04 
6.04316638201486e+01 9.99307657907840e+04 
6.06345686020863e+01 9.99217589986798e+04 
6.08375671479841e+01 9.99139977793078e+04 
6.10406211004055e+01 9.99080944794450e+04 
6.12437426280142e+01 9.99036862518726e+04 
6.14469164445446e+01 9.99004664999171e+04 
6.16501210676312e+01 9.98981134874908e+04 
6.18533579475247e+01 9.98975215402635e+04 
6.20566264173889e+01 9.98990023748920e+04 
6.22597817220211e+01 9.99028414553717e+04 
6.24627995534665e+01 9.99081941239276e+04 
6.26656673735378e+01 9.99142731062373e+04 
6.28683131616467e+01 9.99210473779347e+04 
6.30708195650471e+01 9.99293540512344e+04 
6.32731804840720e+01 9.99394585302292e+04 
6.34753919046854e+01 9.99512378845050e+04 
6.36776034541254e+01 9.99636805812442e+04 
6.38797873688976e+01 9.99759182682546e+04 
6.40819738273611e+01 9.99882039880102e+04 
6.42841784067253e+01 1.00001056811084e+05 
6.44863959670241e+01 1.00014427984098e+05 
6.46886801912706e+01 1.00027756687162e+05 
6.48910662140103e+01 1.00040440680594e+05 
6.50935819241049e+01 1.00052091213476e+05 
6.52963226964966e+01 1.00063124053249e+05 
6.54992405740070e+01 1.00073407516222e+05 
6.57023188561443e+01 1.00082596947300e+05 
6.59055500692646e+01 1.00089887218211e+05 
6.61089027901603e+01 1.00095552564564e+05 
6.63122766649993e+01 1.00099891031572e+05 
6.65156872049080e+01 1.00103235031991e+05 
6.67191280630788e+01 1.00104847444827e+05 
6.69226164912726e+01 1.00104288875740e+05 
6.71261325074319e+01 1.00101272083519e+05 
6.73296169036911e+01 1.00096680598855e+05 
6.75330252299440e+01 1.00091325477641e+05 
6.77363198433455e+01 1.00085114062673e+05 
6.79393888572186e+01 1.00077235635606e+05 
6.81423368894994e+01 1.00067505116048e+05 
6.83450708709156e+01 1.00056121991017e+05 
6.85478069710537e+01 1.00044095007618e+05 
6.87504560574697e+01 1.00032227573358e+05 
6.89530120509714e+01 1.00020152104994e+05 
6.91555074049377e+01 1.00007407210362e+05 
6.93579506481004e+01 9.99940840587155e+04 
6.95603538262472e+01 9.99807653915305e+04 
6.97628467070184e+01 9.99680293135435e+04 
6.99654031500043e+01 9.99562104183964e+04 
7.01680675370484e+01 9.99448798951216e+04 
7.03708128597538e+01 9.99342202547481e+04 
7.05736643918905e+01 9.99245609774569e+04 
7.07765856443493e+01 9.99165197422994e+04 
7.09796045256010e+01 9.99098955495819e+04 
7.11826613299295e+01 9.99044837745561e+04 
7.13857897479778e+01 9.99000965713697e+04 
7.15889661007472e+01 9.98974002808705e+04 
7.17921459341708e+01 9.98966603019525e+04 
7.19953726252105e+01 9.98982791987819e+04 
7.21985718027617e+01 9.99014420703579e+04 
7.24016476186381e+01 9.99054434519210e+04 
7.26045430537818e+01 9.99103421236200e+04 
7.28072213299480e+01 9.99169748366573e+04 
7.30097805999067e+01 9.99255354023789e+04 
7.32121446685061e+01 9.99360115245421e+04 
7.34144836407241e+01 9.99473719506528e+04 
7.36167644759561e+01 9.99586843872445e+04 
7.38189887804541e+01 9.99702478207713e+04 
7.40211919750683e+01 9.99826870479098e+04 
7.42233714635407e+01 9.99960392372054e+04 
7.44255673633598e+01 1.00009780562790e+05 
7.46278498585127e+01 1.00023093260216e+05 
7.48302306656735e+01 1.00035516855852e+05 
7.50327937384072e+01 1.00047462408999e+05 
7.52355063125583e+01 1.00058906299718e+05 
7.54383722282391e+01 1.00069564491725e+05 
7.56414216244544e+01 1.00078737193727e+05 
7.58445981321123e+01 1.00086477834527e+05 
7.60479184214261e+01 1.00092948215668e+05 
7.62512929186171e+01 1.00098318852780e+05 
7.64546964242765e+01 1.00101936261179e+05 
7.66581350680706e+01 1.00103596422932e+05 
7.68616010200597e+01 1.00102882085871e+05 
7.70651079936182e+01 1.00100558076493e+05 
7.72686113724331e+01 1.00097272795700e+05 
7.74720611152207e+01 1.00092945309511e+05 
7.76753133911698e+01 1.00086768864374e+05 
7.78784461857672e+01 1.00078608698025e+05 
7.80813340565300e+01 1.00068620157263e+05 
7.82841986758304e+01 1.00057813561704e+05 
7.84869562928645e+01 1.00047008119673e+05 
7.86895714902216e+01 1.00035795710009e+05 
7.88920942905549e+01 1.00023590086209e+05 
7.90945315913393e+01 1.00010449930710e+05 
7.92968840114831e+01 9.99969551708911e+04 
7.94993122078064e+01 9.99838325539657e+04 
7.97017694779022e+01 9.99715274686855e+04 
7.99042936798559e+01 9.99595631827248e+04 
8.01068697501696e+01 9.99479780149741e+04 
8.03095192442820e+01 9.99370610237260e+04 
8.05122783411067e+01 9.99274415950922e+04 
8.07151532943511e+01 9.99190810113171e+04 
8.09180874917751e+01 9.99118468845875e+04 
8.11211009470289e+01 9.99055086453953e+04 
8.13241348982823e+01 9.99007692240407e+04 
8.15272528948804e+01 9.98978543841594e+04 
8.17303892546740e+01 9.98971739856671e+04 
8.19335573112213e+01 9.98980459421556e+04 
8.21368014274263e+01 9.98998601802036e+04 
8.23398733234911e+01 9.99026832062665e+04 
8.25427383975605e+01 9.99073741735796e+04 
8.27454995878572e+01 9.99141598097367e+04 
8.29480798671471e+01 9.99230015408943e+04 
8.31506062535737e+01 9.99328518303336e+04 
8.33530393401760e+01 9.99428956977025e+04 
8.35553612257224e+01 9.99534127347875e+04 
8.37576211955306e+01 9.99651297164939e+04 
8.39598226381276e+01 9.99780997519496e+04 
8.41619894017817e+01 9.99918455599414e+04 
8.43642239682605e+01 1.00005488727772e+05 
8.45665203012387e+01 1.00018426153693e+05 
8.47689483564908e+01 1.00031067559104e+05 
8.49714940232389e+01 1.00043581516154e+05 
8.51741579640687e+01 1.00055678208975e+05 
8.53769978718437e+01 1.00066650838687e+05 
8.55799804902041e+01 1.00076333568813e+05 
8.57831240408108e+01 1.00084766594171e+05 
8.59864536951827e+01 1.00092275675989e+05 
8.61898160798553e+01 1.00098238772405e+05 
8.63932062744392e+01 1.00102353332725e+05 
8.65966229319829e+01 1.00104130361515e+05 
8.68000940443101e+01 1.00104215104484e+05 
8.70035825837327e+01 1.00103238943531e+05 
8.72070843440491e+01 1.00101140343163e+05 
8.74105419344450e+01 1.00097062918518e+05 
8.76138267437083e+01 1.00090806793325e+05 
8.78169205534772e+01 1.00082467641388e+05 
8.80199632675196e+01 1.00073067541229e+05 
8.82228781681249e+01 1.00063409994221e+05 
8.84256106973253e+01 1.00053183127113e+05 
8.86282246424383e+01 1.00041707589857e+05 
8.88307219110573e+01 1.00028984029836e+05 
8.90330924047535e+01 1.00015527925862e+05 
8.92355207597714e+01 1.00002158860157e+05 
8.94379379157647e+01 9.99894548688872e+04 
8.96403799089431e+01 9.99769627502536e+04 
8.98428436218644e+01 9.99645403838007e+04 
9.00453482475632e+01 9.99524412847966e+04 
9.02479204282358e+01 9.99413124192248e+04 
9.04506070166489e+01 9.99312666991187e+04 
9.06534221098573e+01 9.99223355683994e+04 
9.08563074156330e+01 9.99142218628504e+04 
9.10592331034942e+01 9.99074924135941e+04 
9.12622364660194e+01 9.99024615363668e+04 
9.14653252837018e+01 9.98995943289682e+04 
9.16684271913442e+01 9.98982355684965e+04 
9.18715866137494e+01 9.98978901191510e+04 
9.20747842683971e+01 9.98986438336449e+04 
9.22778651165516e+01 9.99013286209488e+04 
9.24808149399466e+01 9.99061489149501e+04 
9.26836400845213e+01 9.99131498996599e+04 
9.28863873614108e+01 9.99213510481673e+04 
9.30890085767134e+01 9.99299477207572e+04 
9.32914663544503e+01 9.99392106118170e+04 
9.34938317764641e+01 9.99498846309071e+04 
9.36961022577806e+01 9.99620510588914e+04 
9.38982898525573e+01 9.99753366906757e+04 
9.41005250280928e+01 9.99888149880523e+04 
9.43027848548941e+01 1.00001729082194e+05 
9.45051224941694e+01 1.00014536519261e+05 
9.47075391235569e+01 1.00027510478507e+05 
9.49100356403763e+01 1.00040470156548e+05 
9.51126679959551e+01 1.00052709869381e+05 
9.53154338342254e+01 1.00063863384101e+05 
9.55183731288411e+01 1.00073796867629e+05 
9.57215113888919e+01 1.00082961537919e+05 
9.59247849047671e+01 1.00090849355184e+05 
9.61281201802749e+01 1.00097075746381e+05 
9.63314994562056e+01 1.00101096213728e+05 
9.65349076935859e+01 1.00103414543359e+05 
9.67383385387505e+01 1.00104591188202e+05 
9.69418207081187e+01 1.00104620524684e+05 
9.71453287818878e+01 1.00102645737757e+05 
9.73487757563585e+01 1.00098435288682e+05 
9.75521003395735e+01 1.00091990303093e+05 
9.77553203876417e+01 1.00084278495533e+05 
9.79584256456356e+01 1.00076092821842e+05 
9.81613154578645e+01 1.00067160796342e+05 
9.83640728139437e+01 1.00056765546709e+05 
9.85666800715794e+01 1.00044866797996e+05 
9.87691229821461e+01 1.00031888276048e+05 
9.89716027992200e+01 1.00018708611411e+05 
9.91740397132955e+01 1.00006035594401e+05 
9.93764536462670e+01 9.99934200100278e+04 
9.95788576239822e+01 9.99806013457254e+04 
9.97812656950711e+01 9.99677240455581e+04 
9.99837025244658e+01 9.99554469575354e+04 
1.00186246746907e+02 9.99441158637044e+04 
