# Liste des scalaires : TEMPS pmat 
0.00000000000000e+00 1.00000000000000e+05 
2.04081632653061e-01 1.00000000000000e+05 
4.08042165141975e-01 1.00000000000000e+05 
6.11832106953319e-01 1.00000000000000e+05 
8.15421737498182e-01 1.00000000000000e+05 
1.01884831470558e+00 1.00000000000000e+05 
1.22207818930831e+00 1.00000000000000e+05 
1.42513098547652e+00 1.00000000000000e+05 
1.62798725493260e+00 1.00000000000000e+05 
1.83053493087979e+00 1.00000000000000e+05 
2.03291905653503e+00 1.00000000000000e+05 
2.23520224592158e+00 1.00000000000000e+05 
2.43733969254296e+00 1.00000000000000e+05 
2.63931827049832e+00 1.00000000000000e+05 
2.84120332396323e+00 1.00000000000000e+05 
3.04297858176904e+00 1.00000000000000e+05 
3.24460591464334e+00 1.00000000000000e+05 
3.44612291562131e+00 1.00000000000000e+05 
3.64760922308227e+00 1.00000000000000e+05 
3.84909249851467e+00 1.00000000000000e+05 
4.05064469773747e+00 1.00000000000000e+05 
4.25222294222906e+00 1.00000000000000e+05 
4.45380035517506e+00 1.00000000000000e+05 
4.65542063364273e+00 1.00000000000000e+05 
4.85715243419261e+00 1.00000000000000e+05 
5.05906045928525e+00 1.00000000000000e+05 
5.26119401899534e+00 1.00000000000000e+05 
5.46347898380931e+00 1.00000000000000e+05 
5.66591894484892e+00 1.00000000000000e+05 
5.86852800362132e+00 1.00000000000000e+05 
6.07136345597011e+00 1.00000000000000e+05 
6.27438265108359e+00 1.00000000000000e+05 
6.47752964045090e+00 1.00000000000000e+05 
6.68089073121200e+00 1.00000000000000e+05 
6.88429870550576e+00 1.00000000000000e+05 
7.08769636443068e+00 1.00000000000000e+05 
7.29110827962174e+00 1.00000000000000e+05 
7.49449373816632e+00 1.00000000000000e+05 
7.69790617884871e+00 1.00000000000000e+05 
7.90135044231191e+00 1.00000000000000e+05 
8.10473659770851e+00 1.00000000000000e+05 
8.30800948139133e+00 1.00000000000000e+05 
8.51115234273433e+00 1.00000000000000e+05 
8.71416193711340e+00 1.00000000000000e+05 
8.91719900347831e+00 1.00000000000000e+05 
9.12020204041872e+00 1.00000000000000e+05 
9.32319297435189e+00 1.00000000000000e+05 
9.52619174127014e+00 1.00000000000000e+05 
9.72921908834018e+00 1.00000000000000e+05 
9.93229912946381e+00 1.00000000000000e+05 
1.01354642235065e+01 1.00000000000000e+05 
1.03387225987006e+01 1.00000000000000e+05 
1.05420932760412e+01 1.00000000000000e+05 
1.07455601602491e+01 1.00000000000000e+05 
1.09490636153785e+01 1.00000000000000e+05 
1.11525952040860e+01 1.00000000000000e+05 
1.13559908728595e+01 1.00000000000000e+05 
1.15591577617810e+01 1.00000000000000e+05 
1.17622381240369e+01 1.00000000000000e+05 
1.19650888349948e+01 1.00000000000000e+05 
1.21677288877747e+01 1.00000000000000e+05 
1.23702013159276e+01 1.00000000000000e+05 
1.25725982340610e+01 1.00000000000000e+05 
1.27748516426287e+01 1.00000000000000e+05 
1.29769249867640e+01 1.00000000000000e+05 
1.31787998828658e+01 1.00000000000000e+05 
1.33806014179065e+01 1.00000000000000e+05 
1.35822734033907e+01 1.00000000000000e+05 
1.37839887339651e+01 1.00000000000000e+05 
1.39857022015949e+01 1.00000000000000e+05 
1.41874661286692e+01 1.00000000000000e+05 
1.43892101845392e+01 1.00000000000000e+05 
1.45910326674531e+01 1.00000000000000e+05 
1.47929375836209e+01 1.00000000000000e+05 
1.49949695660416e+01 1.00000000000000e+05 
1.51971475723012e+01 1.00000000000000e+05 
1.53995487529939e+01 1.00000000000000e+05 
1.56020957788436e+01 1.00000000000000e+05 
1.58048076652820e+01 1.00000000000000e+05 
1.60076888558614e+01 1.00000000000000e+05 
1.62106850728960e+01 1.00000000000000e+05 
1.64138636363558e+01 1.00000000000000e+05 
1.66171481416695e+01 1.00000000000000e+05 
1.68205318926791e+01 1.00000000000000e+05 
1.70239717971818e+01 1.00000000000000e+05 
1.72274242526830e+01 1.00000000000000e+05 
1.74308511498678e+01 1.00000000000000e+05 
1.76342505270569e+01 1.00000000000000e+05 
1.78376212420556e+01 1.00000000000000e+05 
1.80409883913594e+01 1.00000000000000e+05 
1.82443050346869e+01 1.00000000000000e+05 
1.84474327837354e+01 1.00000000000000e+05 
1.86505503053125e+01 1.00000000000000e+05 
1.88535932316970e+01 1.00000000000000e+05 
1.90565608622741e+01 1.00000000000000e+05 
1.92594853707276e+01 1.00000000000000e+05 
1.94623796526000e+01 1.00000000000000e+05 
1.96652593507810e+01 1.00000000000000e+05 
1.98682128225951e+01 1.00000000000000e+05 
2.00712299723808e+01 1.00000000000000e+05 
2.02743632772251e+01 1.00000000000000e+05 
2.04775974201162e+01 1.00000000000000e+05 
2.06808993432005e+01 1.00000000000000e+05 
2.08842816624739e+01 1.00000000000000e+05 
2.10877109245459e+01 1.00000000000000e+05 
2.12911865561413e+01 1.00000000000000e+05 
2.14946542636065e+01 1.00000000000000e+05 
2.16979483115182e+01 1.00000000000000e+05 
2.19009928614698e+01 1.00000000000000e+05 
2.21039017811684e+01 1.00000000000000e+05 
2.23066497283774e+01 1.00000000000000e+05 
2.25092177015210e+01 1.00000000000000e+05 
2.27116581345214e+01 1.00000000000000e+05 
2.29139334651086e+01 1.00000000000000e+05 
2.31160467477100e+01 1.00000000000000e+05 
2.33179868862948e+01 1.00000000000000e+05 
2.35199180822287e+01 1.00000000000000e+05 
2.37218051763256e+01 1.00000000000000e+05 
2.39236768880851e+01 1.00000000000000e+05 
2.41255552893581e+01 1.00000000000000e+05 
2.43274126484990e+01 1.00000000000000e+05 
2.45293056915018e+01 1.00000000000000e+05 
2.47312963943893e+01 1.00000000000000e+05 
2.49333962174227e+01 1.00000000000000e+05 
2.51357213393038e+01 1.00000000000000e+05 
2.53382018572701e+01 1.00000000000000e+05 
2.55408488073704e+01 1.00000000000000e+05 
2.57436471827663e+01 1.00000000000000e+05 
2.59465698142901e+01 1.00000000000000e+05 
2.61496583369765e+01 1.00000000000000e+05 
2.63529142216749e+01 1.00000000000000e+05 
2.65562742668140e+01 1.00000000000000e+05 
2.67596972761635e+01 1.00000000000000e+05 
2.69631506643780e+01 1.00000000000000e+05 
2.71666356359982e+01 1.00000000000000e+05 
2.73700949757860e+01 1.00000000000000e+05 
2.75735042909555e+01 1.00000000000000e+05 
2.77768698215134e+01 1.00000000000000e+05 
2.79801634091441e+01 1.00000000000000e+05 
2.81832311137916e+01 1.00000000000000e+05 
2.83862493691881e+01 1.00000000000000e+05 
2.85892005667304e+01 1.00000000000000e+05 
2.87920289759177e+01 1.00000000000000e+05 
2.89947855911169e+01 1.00000000000000e+05 
2.91974758167431e+01 1.00000000000000e+05 
2.94001081727549e+01 1.00000000000000e+05 
2.96028174869848e+01 1.00000000000000e+05 
2.98055746712193e+01 1.00000000000000e+05 
3.00084175396436e+01 1.00000000000000e+05 
3.02113309117389e+01 1.00000000000000e+05 
3.04143391710080e+01 1.00000000000000e+05 
3.06174347641709e+01 1.00000000000000e+05 
3.08206359225875e+01 1.00000000000000e+05 
3.10238921252226e+01 1.00000000000000e+05 
3.12271617071788e+01 1.00000000000000e+05 
3.14304933723914e+01 1.00000000000000e+05 
3.16338559333766e+01 1.00000000000000e+05 
3.18371697100234e+01 1.00000000000000e+05 
3.20402940171543e+01 1.00000000000000e+05 
3.22432411366959e+01 1.00000000000000e+05 
3.24460329241944e+01 1.00000000000000e+05 
3.26486468730478e+01 1.00000000000000e+05 
3.28510694083674e+01 1.00000000000000e+05 
3.30532799861897e+01 1.00000000000000e+05 
3.32554482102955e+01 1.00000000000000e+05 
3.34575453553804e+01 1.00000000000000e+05 
3.36595641500324e+01 1.00000000000000e+05 
3.38615486883824e+01 1.00000000000000e+05 
3.40634799904239e+01 1.00000000000000e+05 
3.42653996408576e+01 1.00000000000000e+05 
3.44673939566842e+01 1.00000000000000e+05 
3.46694612546547e+01 1.00000000000000e+05 
3.48717036107216e+01 1.00000000000000e+05 
3.50740862371626e+01 1.00000000000000e+05 
3.52766015885758e+01 1.00000000000000e+05 
3.54793183147402e+01 1.00000000000000e+05 
3.56821412870120e+01 1.00000000000000e+05 
3.58851172271814e+01 1.00000000000000e+05 
3.60883109456795e+01 1.00000000000000e+05 
3.62916365042183e+01 1.00000000000000e+05 
3.64950404477902e+01 1.00000000000000e+05 
3.66984690806315e+01 1.00000000000000e+05 
3.69019364923025e+01 1.00000000000000e+05 
3.71054357283456e+01 1.00000000000000e+05 
3.73088956361505e+01 1.00000000000000e+05 
3.75123241222096e+01 1.00000000000000e+05 
3.77157068996436e+01 1.00000000000000e+05 
3.79188884208807e+01 1.00000000000000e+05 
3.81219429731373e+01 1.00000000000000e+05 
3.83249696414713e+01 1.00000000000000e+05 
3.85278282028840e+01 1.00000000000000e+05 
3.87305789313831e+01 1.00000000000000e+05 
3.89332338669238e+01 1.00000000000000e+05 
3.91357862752962e+01 1.00000000000000e+05 
3.93384030966966e+01 1.00000000000000e+05 
3.95410271713939e+01 1.00000000000000e+05 
3.97436993424354e+01 1.00000000000000e+05 
3.99463921856252e+01 1.00000000000000e+05 
4.01491654750551e+01 1.00000000000000e+05 
4.03520289195442e+01 1.00000000000000e+05 
4.05550048910795e+01 1.00000000000000e+05 
4.07580864187294e+01 1.00000000000000e+05 
4.09612286775592e+01 1.00000000000000e+05 
4.11644223380052e+01 1.00000000000000e+05 
4.13676607110112e+01 1.00000000000000e+05 
4.15709452306063e+01 1.00000000000000e+05 
4.17742442700769e+01 1.00000000000000e+05 
4.19775135223546e+01 1.00000000000000e+05 
4.21806564457985e+01 1.00000000000000e+05 
4.23835704544603e+01 1.00000000000000e+05 
4.25863222546333e+01 1.00000000000000e+05 
4.27888279196484e+01 1.00000000000000e+05 
4.29912615982889e+01 1.00000000000000e+05 
4.31935852435500e+01 1.00000000000000e+05 
4.33957815205678e+01 1.00000000000000e+05 
4.35978979487543e+01 1.00000000000000e+05 
4.37999304200929e+01 1.00000000000000e+05 
4.40019076885360e+01 1.00000000000000e+05 
4.42039337320145e+01 1.00000000000000e+05 
4.44060001538986e+01 1.00000000000000e+05 
4.46081858574393e+01 1.00000000000000e+05 
4.48104711684930e+01 1.00000000000000e+05 
4.50128451538969e+01 1.00000000000000e+05 
4.52153736753591e+01 1.00000000000000e+05 
4.54180340147901e+01 1.00000000000000e+05 
4.56208710244056e+01 1.00000000000000e+05 
4.58239099702678e+01 1.00000000000000e+05 
4.60270996589638e+01 1.00000000000000e+05 
4.62304657697298e+01 1.00000000000000e+05 
4.64338688960506e+01 1.00000000000000e+05 
4.66373017077841e+01 1.00000000000000e+05 
4.68407572598015e+01 1.00000000000000e+05 
4.70442546395734e+01 1.00000000000000e+05 
4.72477386480636e+01 1.00000000000000e+05 
4.74511939246332e+01 1.00000000000000e+05 
4.76545330594890e+01 1.00000000000000e+05 
4.78577067285611e+01 1.00000000000000e+05 
4.80608753693268e+01 1.00000000000000e+05 
4.82638354697416e+01 1.00000000000000e+05 
4.84666467540706e+01 1.00000000000000e+05 
4.86693473168333e+01 1.00000000000000e+05 
4.88719019249858e+01 1.00000000000000e+05 
4.90745027720318e+01 1.00000000000000e+05 
4.92770764391171e+01 1.00000000000000e+05 
4.94796476958813e+01 1.00000000000000e+05 
4.96822204167646e+01 1.00000000000000e+05 
4.98848222239144e+01 1.00000000000000e+05 
5.00874761862161e+01 1.00000000000000e+05 
5.02902390157782e+01 1.00000000000000e+05 
5.04931165644340e+01 1.00000000000000e+05 
5.06960805910771e+01 1.00000000000000e+05 
5.08991333423157e+01 1.00000000000000e+05 
5.11022578645217e+01 1.00000000000000e+05 
5.13054423763076e+01 1.00000000000000e+05 
5.15086548546338e+01 1.00000000000000e+05 
5.17119065645690e+01 1.00000000000000e+05 
5.19151950423545e+01 1.00000000000000e+05 
5.21183745006488e+01 1.00000000000000e+05 
5.23214088774139e+01 1.00000000000000e+05 
5.25242324010963e+01 1.00000000000000e+05 
5.27269607076205e+01 1.00000000000000e+05 
5.29295441731976e+01 1.00000000000000e+05 
5.31319496968064e+01 1.00000000000000e+05 
5.33342472842059e+01 1.00000000000000e+05 
5.35364267211515e+01 1.00000000000000e+05 
5.37385040812235e+01 1.00000000000000e+05 
5.39406083094777e+01 1.00000000000000e+05 
5.41427161596012e+01 1.00000000000000e+05 
5.43448835302565e+01 1.00000000000000e+05 
5.45471108975266e+01 1.00000000000000e+05 
5.47493910082137e+01 1.00000000000000e+05 
5.49517879790564e+01 1.00000000000000e+05 
5.51543020530474e+01 1.00000000000000e+05 
5.53569745540088e+01 1.00000000000000e+05 
5.55598668189212e+01 1.00000000000000e+05 
5.57629126136038e+01 1.00000000000003e+05 
5.59661352293277e+01 1.00000000000016e+05 
5.61694921057413e+01 1.00000000000107e+05 
5.63728862466536e+01 1.00000000000115e+05 
5.65762995126502e+01 1.00000000000527e+05 
5.67797565324227e+01 1.00000000015741e+05 
5.69832411929876e+01 1.00000000223260e+05 
5.71867575597213e+01 1.00000000466514e+05 
5.73902142438224e+01 1.00000000520553e+05 
5.75935504013974e+01 1.00000000693968e+05 
5.77968428105782e+01 1.00000000987339e+05 
5.79999523007818e+01 1.00000001500171e+05 
5.82028720166861e+01 1.00000002397844e+05 
5.84056737401209e+01 1.00000004027520e+05 
5.86082924096970e+01 1.00000006509336e+05 
5.88109369357781e+01 1.00000010366237e+05 
5.90135188227780e+01 1.00000017436615e+05 
5.92160540509742e+01 1.00000028604786e+05 
5.94185604009779e+01 1.00000044948618e+05 
5.96210526984744e+01 1.00000072886341e+05 
5.98235501837237e+01 1.00000111261576e+05 
6.00261485722220e+01 1.00000163099622e+05 
6.02288361841210e+01 1.00000247333523e+05 
6.04316638201486e+01 1.00000366520106e+05 
6.06345686020863e+01 1.00000525191166e+05 
6.08375671479841e+01 1.00000763926236e+05 
6.10406211004055e+01 1.00001041705496e+05 
6.12437426280142e+01 1.00001376621655e+05 
6.14469164445446e+01 1.00001840040033e+05 
6.16501210676312e+01 1.00002386459257e+05 
6.18533579475247e+01 1.00003036131189e+05 
6.20566264173889e+01 1.00003830445746e+05 
6.22597817220211e+01 1.00004530966748e+05 
6.24627995534665e+01 1.00005223723053e+05 
6.26656673735378e+01 1.00005989997528e+05 
6.28683131616467e+01 1.00006680533735e+05 
6.30708195650471e+01 1.00007425794650e+05 
6.32731804840720e+01 1.00008123830453e+05 
6.34753919046854e+01 1.00008437581805e+05 
6.36776034541254e+01 1.00008610601970e+05 
6.38797873688976e+01 1.00008712891063e+05 
6.40819738273611e+01 1.00008664135735e+05 
6.42841784067253e+01 1.00008683505500e+05 
6.44863959670241e+01 1.00008518315965e+05 
6.46886801912706e+01 1.00008038103656e+05 
6.48910662140103e+01 1.00007444954213e+05 
6.50935819241049e+01 1.00006720282229e+05 
6.52963226964966e+01 1.00005975611899e+05 
6.54992405740070e+01 1.00005317055906e+05 
6.57023188561443e+01 1.00004472354262e+05 
6.59055500692646e+01 1.00003572798374e+05 
6.61089027901603e+01 1.00002600389420e+05 
6.63122766649993e+01 1.00001469561943e+05 
6.65156872049080e+01 1.00000436359804e+05 
6.67191280630788e+01 9.99994542722058e+04 
6.69226164912726e+01 9.99983871775160e+04 
6.71261325074319e+01 9.99975362659235e+04 
6.73296169036911e+01 9.99966659435421e+04 
6.75330252299440e+01 9.99956891170510e+04 
6.77363198433455e+01 9.99948331011432e+04 
6.79393888572186e+01 9.99939599763105e+04 
6.81423368894994e+01 9.99931313039777e+04 
6.83450708709156e+01 9.99926946855506e+04 
6.85478069710537e+01 9.99923181206162e+04 
6.87504560574697e+01 9.99919044671320e+04 
6.89530120509714e+01 9.99915945975546e+04 
6.91555074049377e+01 9.99911707438903e+04 
6.93579506481004e+01 9.99909461492762e+04 
6.95603538262472e+01 9.99911161412683e+04 
6.97628467070184e+01 9.99913889935788e+04 
6.99654031500043e+01 9.99917393579190e+04 
7.01680675370484e+01 9.99920875107766e+04 
7.03708128597538e+01 9.99923302876893e+04 
7.05736643918905e+01 9.99928409154684e+04 
7.07765856443493e+01 9.99935790045450e+04 
7.09796045256010e+01 9.99944120443891e+04 
7.11826613299295e+01 9.99953826626231e+04 
7.13857897479778e+01 9.99962699794010e+04 
7.15889661007472e+01 9.99970964718269e+04 
7.17921459341708e+01 9.99981127577823e+04 
7.19953726252105e+01 9.99990683250210e+04 
7.21985718027617e+01 1.00000065568821e+05 
7.24016476186381e+01 1.00001196080824e+05 
7.26045430537818e+01 1.00002153716596e+05 
7.28072213299480e+01 1.00003099223881e+05 
7.30097805999067e+01 1.00004108787355e+05 
7.32121446685061e+01 1.00004777193499e+05 
7.34144836407241e+01 1.00005422052124e+05 
7.36167644759561e+01 1.00006096373849e+05 
7.38189887804541e+01 1.00006589203249e+05 
7.40211919750683e+01 1.00007155972114e+05 
7.42233714635407e+01 1.00007637372073e+05 
7.44255673633598e+01 1.00007658659678e+05 
7.46278498585127e+01 1.00007602546136e+05 
7.48302306656735e+01 1.00007491981421e+05 
7.50327937384072e+01 1.00007302015372e+05 
7.52355063125583e+01 1.00007186854316e+05 
7.54383722282391e+01 1.00006845610270e+05 
7.56414216244544e+01 1.00006249870982e+05 
7.58445981321123e+01 1.00005519737163e+05 
7.60479184214261e+01 1.00004652629154e+05 
7.62512929186171e+01 1.00003840126084e+05 
7.64546964242765e+01 1.00003072165530e+05 
7.66581350680706e+01 1.00002105068212e+05 
7.68616010200597e+01 1.00001155048589e+05 
7.70651079936182e+01 1.00000129924195e+05 
7.72686113724331e+01 9.99989506978964e+04 
7.74720611152207e+01 9.99979394139911e+04 
7.76753133911698e+01 9.99969196501065e+04 
7.78784461857672e+01 9.99958082529548e+04 
7.80813340565300e+01 9.99950172896123e+04 
7.82841986758304e+01 9.99942317612292e+04 
7.84869562928645e+01 9.99934284506884e+04 
7.86895714902216e+01 9.99928285735321e+04 
7.88920942905549e+01 9.99921782589307e+04 
7.90945315913393e+01 9.99916313597327e+04 
7.92968840114831e+01 9.99916002155518e+04 
7.94993122078064e+01 9.99917085081391e+04 
7.97017694779022e+01 9.99919749221374e+04 
7.99042936798559e+01 9.99924029716764e+04 
8.01068697501696e+01 9.99927554575356e+04 
8.03095192442820e+01 9.99934462369408e+04 
8.05122783411067e+01 9.99944817048153e+04 
8.07151532943511e+01 9.99956197591858e+04 
8.09180874917751e+01 9.99969685090526e+04 
8.11211009470289e+01 9.99982022947948e+04 
8.13241348982823e+01 9.99993340882767e+04 
8.15272528948804e+01 1.00000603923646e+05 
8.17303892546740e+01 1.00001704857487e+05 
8.19335573112213e+01 1.00002751941722e+05 
8.21368014274263e+01 1.00003901661901e+05 
8.23398733234911e+01 1.00004773623635e+05 
8.25427383975605e+01 1.00005639886506e+05 
8.27454995878572e+01 1.00006501410604e+05 
8.29480798671471e+01 1.00006954396437e+05 
8.31506062535737e+01 1.00007392205739e+05 
8.33530393401760e+01 1.00007884933440e+05 
8.35553612257224e+01 1.00008202784889e+05 
8.37576211955306e+01 1.00008592272292e+05 
8.39598226381276e+01 1.00008816249474e+05 
8.41619894017817e+01 1.00008528028131e+05 
8.43642239682605e+01 1.00008151907097e+05 
8.45665203012387e+01 1.00007620420390e+05 
8.47689483564908e+01 1.00007020009154e+05 
8.49714940232389e+01 1.00006501958314e+05 
8.51741579640687e+01 1.00005794733022e+05 
8.53769978718437e+01 1.00004824813370e+05 
8.55799804902041e+01 1.00003783439356e+05 
8.57831240408108e+01 1.00002539351941e+05 
8.59864536951827e+01 1.00001383117955e+05 
8.61898160798553e+01 1.00000266431109e+05 
8.63932062744392e+01 9.99989391439927e+04 
8.65966229319829e+01 9.99976998527291e+04 
8.68000940443101e+01 9.99964568003684e+04 
8.70035825837327e+01 9.99950279352015e+04 
8.72070843440491e+01 9.99938406336429e+04 
8.74105419344450e+01 9.99926157271438e+04 
8.76138267437083e+01 9.99913566523011e+04 
8.78169205534772e+01 9.99905326529597e+04 
8.80199632675196e+01 9.99897674281466e+04 
8.82228781681249e+01 9.99889348783615e+04 
8.84256106973253e+01 9.99883512912324e+04 
8.86282246424383e+01 9.99876813574720e+04 
8.88307219110573e+01 9.99871526013019e+04 
8.90330924047535e+01 9.99872629946884e+04 
8.92355207597714e+01 9.99874773565779e+04 
8.94379379157647e+01 9.99878183370771e+04 
8.96403799089431e+01 9.99882562774704e+04 
8.98428436218644e+01 9.99885789824760e+04 
9.00453482475632e+01 9.99891708986037e+04 
9.02479204282358e+01 9.99901652843485e+04 
9.04506070166489e+01 9.99912945434758e+04 
9.06534221098573e+01 9.99926517622512e+04 
9.08563074156330e+01 9.99939123382888e+04 
9.10592331034942e+01 9.99950710704499e+04 
9.12622364660194e+01 9.99964994826019e+04 
9.14653252837018e+01 9.99979283631374e+04 
9.16684271913442e+01 9.99994064661706e+04 
9.18715866137494e+01 1.00001118426810e+05 
9.20747842683971e+01 1.00002582636171e+05 
9.22778651165516e+01 1.00004023948232e+05 
9.24808149399466e+01 1.00005563865382e+05 
9.26836400845213e+01 1.00006703368547e+05 
9.28863873614108e+01 1.00007835890063e+05 
9.30890085767134e+01 1.00009003889599e+05 
9.32914663544503e+01 1.00009875551983e+05 
9.34938317764641e+01 1.00010800688034e+05 
9.36961022577806e+01 1.00011596704627e+05 
9.38982898525573e+01 1.00011761796189e+05 
9.41005250280928e+01 1.00011848286626e+05 
9.43027848548941e+01 1.00011829942985e+05 
9.45051224941694e+01 1.00011658940035e+05 
9.47075391235569e+01 1.00011552642740e+05 
9.49100356403763e+01 1.00011199657461e+05 
9.51126679959551e+01 1.00010372827780e+05 
9.53154338342254e+01 1.00009410334712e+05 
9.55183731288411e+01 1.00008216634969e+05 
9.57215113888919e+01 1.00007101011001e+05 
9.59247849047671e+01 1.00006031465946e+05 
9.61281201802749e+01 1.00004640183092e+05 
9.63314994562056e+01 1.00003190083713e+05 
9.65349076935859e+01 1.00001669367081e+05 
9.67383385387505e+01 9.99999015515245e+04 
9.69418207081187e+01 9.99983869320043e+04 
9.71453287818878e+01 9.99968552529970e+04 
9.73487757563585e+01 9.99951729794525e+04 
9.75521003395735e+01 9.99938605590788e+04 
9.77553203876417e+01 9.99925645886697e+04 
9.79584256456356e+01 9.99911686980528e+04 
9.81613154578645e+01 9.99901077713419e+04 
9.83640728139437e+01 9.99889746715080e+04 
9.85666800715794e+01 9.99879283278575e+04 
9.87691229821461e+01 9.99875196416220e+04 
9.89716027992200e+01 9.99872136679775e+04 
9.91740397132955e+01 9.99870355042430e+04 
9.93764536462670e+01 9.99870813317453e+04 
9.95788576239822e+01 9.99870416947130e+04 
9.97812656950711e+01 9.99872308082155e+04 
9.99837025244658e+01 9.99879586470966e+04 
1.00186246746907e+02 9.99888488442356e+04 
