# Liste des scalaires : TEMPS pmat 
0.00000000000000e+00 1.00000000000000e+05 
2.04081632653061e-01 1.00000000000000e+05 
4.08042165141975e-01 1.00000000000000e+05 
6.11832106953319e-01 1.00000000000000e+05 
8.15421737498182e-01 1.00000000000000e+05 
1.01884831470558e+00 1.00000000000000e+05 
1.22207818930831e+00 1.00000000000000e+05 
1.42513098547652e+00 1.00000000000000e+05 
1.62798725493260e+00 1.00000000000000e+05 
1.83053493087979e+00 1.00000000000000e+05 
2.03291905653503e+00 1.00000000000000e+05 
2.23520224592158e+00 1.00000000000000e+05 
2.43733969254296e+00 1.00000000000000e+05 
2.63931827049832e+00 1.00000000000000e+05 
2.84120332396323e+00 1.00000000000000e+05 
3.04297858176904e+00 1.00000000000000e+05 
3.24460591464334e+00 1.00000000000000e+05 
3.44612291562131e+00 1.00000000000000e+05 
3.64760922308227e+00 1.00000000000000e+05 
3.84909249851467e+00 1.00000000000000e+05 
4.05064469773747e+00 1.00000000000000e+05 
4.25222294222906e+00 1.00000000000000e+05 
4.45380035517506e+00 1.00000000000000e+05 
4.65542063364273e+00 1.00000000000000e+05 
4.85715243419261e+00 1.00000000000000e+05 
5.05906045928525e+00 1.00000000000000e+05 
5.26119401899534e+00 1.00000000000000e+05 
5.46347898380931e+00 1.00000000000000e+05 
5.66591894484892e+00 1.00000000000000e+05 
5.86852800362132e+00 1.00000000000000e+05 
6.07136345597011e+00 1.00000000000000e+05 
6.27438265108359e+00 1.00000000000000e+05 
6.47752964045090e+00 1.00000000000000e+05 
6.68089073121200e+00 1.00000000000000e+05 
6.88429870550576e+00 1.00000000000000e+05 
7.08769636443068e+00 1.00000000000000e+05 
7.29110827962174e+00 1.00000000000000e+05 
7.49449373816632e+00 1.00000000000000e+05 
7.69790617884871e+00 1.00000000000000e+05 
7.90135044231191e+00 1.00000000000000e+05 
8.10473659770851e+00 1.00000000000000e+05 
8.30800948139133e+00 1.00000000000000e+05 
8.51115234273433e+00 1.00000000000000e+05 
8.71416193711340e+00 1.00000000000000e+05 
8.91719900347831e+00 1.00000000000000e+05 
9.12020204041872e+00 1.00000000000000e+05 
9.32319297435189e+00 1.00000000000000e+05 
9.52619174127014e+00 1.00000000000000e+05 
9.72921908834018e+00 1.00000000000000e+05 
9.93229912946381e+00 1.00000000000000e+05 
1.01354642235065e+01 1.00000000000000e+05 
1.03387225987006e+01 1.00000000000000e+05 
1.05420932760412e+01 1.00000000000000e+05 
1.07455601602491e+01 1.00000000000000e+05 
1.09490636153785e+01 1.00000000000000e+05 
1.11525952040860e+01 1.00000000000000e+05 
1.13559908728595e+01 1.00000000000000e+05 
1.15591577617810e+01 1.00000000000000e+05 
1.17622381240369e+01 1.00000000000000e+05 
1.19650888349948e+01 1.00000000000000e+05 
1.21677288877747e+01 1.00000000000000e+05 
1.23702013159276e+01 1.00000000000000e+05 
1.25725982340610e+01 1.00000000000000e+05 
1.27748516426287e+01 1.00000000000000e+05 
1.29769249867640e+01 1.00000000000000e+05 
1.31787998828658e+01 1.00000000000000e+05 
1.33806014179065e+01 1.00000000000000e+05 
1.35822734033907e+01 1.00000000000000e+05 
1.37839887339651e+01 1.00000000000000e+05 
1.39857022015949e+01 1.00000000000000e+05 
1.41874661286692e+01 1.00000000000000e+05 
1.43892101845392e+01 1.00000000000000e+05 
1.45910326674531e+01 1.00000000000000e+05 
1.47929375836209e+01 1.00000000000000e+05 
1.49949695660416e+01 1.00000000000000e+05 
1.51971475723012e+01 1.00000000000000e+05 
1.53995487529939e+01 1.00000000000000e+05 
1.56020957788436e+01 1.00000000000000e+05 
1.58048076652820e+01 1.00000000000000e+05 
1.60076888558614e+01 1.00000000000000e+05 
1.62106850728960e+01 1.00000000000000e+05 
1.64138636363558e+01 1.00000000000000e+05 
1.66171481416695e+01 1.00000000000000e+05 
1.68205318926791e+01 1.00000000000000e+05 
1.70239717971818e+01 1.00000000000000e+05 
1.72274242526830e+01 1.00000000000000e+05 
1.74308511498678e+01 1.00000000000000e+05 
1.76342505270569e+01 1.00000000000000e+05 
1.78376212420556e+01 1.00000000000000e+05 
1.80409883913594e+01 1.00000000000000e+05 
1.82443050346869e+01 1.00000000000000e+05 
1.84474327837354e+01 1.00000000000000e+05 
1.86505503053125e+01 1.00000000000000e+05 
1.88535932316970e+01 1.00000000000000e+05 
1.90565608622741e+01 1.00000000000000e+05 
1.92594853707276e+01 1.00000000000000e+05 
1.94623796526000e+01 1.00000000000000e+05 
1.96652593507810e+01 1.00000000000000e+05 
1.98682128225951e+01 1.00000000000000e+05 
2.00712299723808e+01 1.00000000000000e+05 
2.02743632772251e+01 1.00000000000000e+05 
2.04775974201162e+01 1.00000000000000e+05 
2.06808993432005e+01 1.00000000000000e+05 
2.08842816624739e+01 1.00000000000000e+05 
2.10877109245459e+01 1.00000000000000e+05 
2.12911865561413e+01 1.00000000000000e+05 
2.14946542636065e+01 1.00000000000000e+05 
2.16979483115182e+01 1.00000000000000e+05 
2.19009928614698e+01 1.00000000000000e+05 
2.21039017811684e+01 1.00000000000000e+05 
2.23066497283774e+01 1.00000000000000e+05 
2.25092177015210e+01 1.00000000000000e+05 
2.27116581345214e+01 1.00000000000000e+05 
2.29139334651086e+01 1.00000000000000e+05 
2.31160467477100e+01 1.00000000000000e+05 
2.33179868862948e+01 1.00000000000000e+05 
2.35199180822287e+01 1.00000000000000e+05 
2.37218051763256e+01 1.00000000000000e+05 
2.39236768880851e+01 1.00000000000000e+05 
2.41255552893581e+01 1.00000000000000e+05 
2.43274126484990e+01 1.00000000000000e+05 
2.45293056915018e+01 1.00000000000000e+05 
2.47312963943893e+01 1.00000000000000e+05 
2.49333962174227e+01 1.00000000000000e+05 
2.51357213393038e+01 1.00000000000000e+05 
2.53382018572701e+01 1.00000000000000e+05 
2.55408488073704e+01 1.00000000000000e+05 
2.57436471827663e+01 1.00000000000000e+05 
2.59465698142901e+01 1.00000000000000e+05 
2.61496583369765e+01 1.00000000000000e+05 
2.63529142216749e+01 1.00000000000000e+05 
2.65562742668140e+01 1.00000000000000e+05 
2.67596972761635e+01 1.00000000000000e+05 
2.69631506643780e+01 1.00000000000000e+05 
2.71666356359982e+01 1.00000000000000e+05 
2.73700949757860e+01 1.00000000000000e+05 
2.75735042909555e+01 1.00000000000000e+05 
2.77768698215134e+01 1.00000000000000e+05 
2.79801634091441e+01 1.00000000000000e+05 
2.81832311137916e+01 1.00000000000000e+05 
2.83862493691881e+01 1.00000000000000e+05 
2.85892005667304e+01 1.00000000000000e+05 
2.87920289759177e+01 1.00000000000000e+05 
2.89947855911169e+01 1.00000000000000e+05 
2.91974758167431e+01 1.00000000000000e+05 
2.94001081727549e+01 1.00000000000000e+05 
2.96028174869848e+01 1.00000000000000e+05 
2.98055746712193e+01 1.00000000000000e+05 
3.00084175396436e+01 1.00000000000000e+05 
3.02113309117389e+01 1.00000000000000e+05 
3.04143391710080e+01 1.00000000000000e+05 
3.06174347641709e+01 1.00000000000000e+05 
3.08206359225875e+01 1.00000000000000e+05 
3.10238921252226e+01 1.00000000000000e+05 
3.12271617071788e+01 1.00000000000000e+05 
3.14304933723914e+01 1.00000000000000e+05 
3.16338559333766e+01 1.00000000000000e+05 
3.18371697100234e+01 1.00000000000000e+05 
3.20402940171543e+01 1.00000000000000e+05 
3.22432411366959e+01 1.00000000000000e+05 
3.24460329241944e+01 1.00000000000000e+05 
3.26486468730478e+01 1.00000000000000e+05 
3.28510694083674e+01 1.00000000000000e+05 
3.30532799861897e+01 1.00000000000000e+05 
3.32554482102955e+01 1.00000000000000e+05 
3.34575453553804e+01 1.00000000000000e+05 
3.36595641500324e+01 1.00000000000000e+05 
3.38615486883824e+01 1.00000000000000e+05 
3.40634799904239e+01 1.00000000000000e+05 
3.42653996408576e+01 1.00000000000000e+05 
3.44673939566842e+01 1.00000000000000e+05 
3.46694612546547e+01 1.00000000000000e+05 
3.48717036107216e+01 1.00000000000000e+05 
3.50740862371626e+01 1.00000000000000e+05 
3.52766015885758e+01 1.00000000000000e+05 
3.54793183147402e+01 1.00000000000000e+05 
3.56821412870120e+01 1.00000000000000e+05 
3.58851172271814e+01 1.00000000000000e+05 
3.60883109456795e+01 1.00000000000000e+05 
3.62916365042183e+01 1.00000000000000e+05 
3.64950404477902e+01 1.00000000000000e+05 
3.66984690806315e+01 1.00000000000000e+05 
3.69019364923025e+01 1.00000000000000e+05 
3.71054357283456e+01 1.00000000000000e+05 
3.73088956361505e+01 1.00000000000000e+05 
3.75123241222096e+01 1.00000000000000e+05 
3.77157068996436e+01 1.00000000000000e+05 
3.79188884208807e+01 1.00000000000000e+05 
3.81219429731373e+01 1.00000000000001e+05 
3.83249696414713e+01 1.00000000000008e+05 
3.85278282028840e+01 1.00000000000027e+05 
3.87305789313831e+01 1.00000000000073e+05 
3.89332338669238e+01 1.00000000000179e+05 
3.91357862752962e+01 1.00000000021856e+05 
3.93384030966966e+01 1.00000000234274e+05 
3.95410271713939e+01 1.00000000588714e+05 
3.97436993424354e+01 1.00000000937655e+05 
3.99463921856252e+01 1.00000001646575e+05 
4.01491654750551e+01 1.00000002595920e+05 
4.03520289195442e+01 1.00000004603945e+05 
4.05550048910795e+01 1.00000007849703e+05 
4.07580864187294e+01 1.00000014591544e+05 
4.09612286775592e+01 1.00000026301572e+05 
4.11644223380052e+01 1.00000048335957e+05 
4.13676607110112e+01 1.00000082483770e+05 
4.15709452306063e+01 1.00000138049107e+05 
4.17742442700769e+01 1.00000218948469e+05 
4.19775135223546e+01 1.00000345432035e+05 
4.21806564457985e+01 1.00000523875720e+05 
4.23835704544603e+01 1.00000800134897e+05 
4.25863222546333e+01 1.00001175944089e+05 
4.27888279196484e+01 1.00001679987369e+05 
4.29912615982889e+01 1.00002261385018e+05 
4.31935852435500e+01 1.00002952040860e+05 
4.33957815205678e+01 1.00003728087439e+05 
4.35978979487543e+01 1.00004647217028e+05 
4.37999304200929e+01 1.00005617445701e+05 
4.40019076885360e+01 1.00006602179151e+05 
4.42039337320145e+01 1.00007510179385e+05 
4.44060001538986e+01 1.00008391240396e+05 
4.46081858574393e+01 1.00009248951390e+05 
4.48104711684930e+01 1.00010075122833e+05 
4.50128451538969e+01 1.00010757943232e+05 
4.52153736753591e+01 1.00011224311051e+05 
4.54180340147901e+01 1.00011484485522e+05 
4.56208710244056e+01 1.00011606207027e+05 
4.58239099702678e+01 1.00011667496947e+05 
4.60270996589638e+01 1.00011597048705e+05 
4.62304657697298e+01 1.00011376847877e+05 
4.64338688960506e+01 1.00010916102342e+05 
4.66373017077841e+01 1.00010275577861e+05 
4.68407572598015e+01 1.00009454599354e+05 
4.70442546395734e+01 1.00008582526340e+05 
4.72477386480636e+01 1.00007542799978e+05 
4.74511939246332e+01 1.00006470089532e+05 
4.76545330594890e+01 1.00005291157262e+05 
4.78577067285611e+01 1.00004082328434e+05 
4.80608753693268e+01 1.00002730869778e+05 
4.82638354697416e+01 1.00001343821297e+05 
4.84666467540706e+01 9.99998679028049e+04 
4.86693473168333e+01 9.99985072693326e+04 
4.88719019249858e+01 9.99972494068372e+04 
4.90745027720318e+01 9.99961235050304e+04 
4.92770764391171e+01 9.99949320515487e+04 
4.94796476958813e+01 9.99937125087915e+04 
4.96822204167646e+01 9.99924949651020e+04 
4.98848222239144e+01 9.99914899578199e+04 
5.00874761862161e+01 9.99907888963707e+04 
5.02902390157782e+01 9.99903549331598e+04 
5.04931165644340e+01 9.99899968742834e+04 
5.06960805910771e+01 9.99896483621618e+04 
5.08991333423157e+01 9.99893752498089e+04 
5.11022578645217e+01 9.99893053923556e+04 
5.13054423763076e+01 9.99895965553711e+04 
5.15086548546338e+01 9.99901868416420e+04 
5.17119065645690e+01 9.99909652533402e+04 
5.19151950423545e+01 9.99917668879345e+04 
5.21183745006488e+01 9.99927020343354e+04 
5.23214088774139e+01 9.99937069302466e+04 
5.25242324010963e+01 9.99949241480500e+04 
5.27269607076205e+01 9.99962914737366e+04 
5.29295441731976e+01 9.99978386268719e+04 
5.31319496968064e+01 9.99993920501530e+04 
5.33342472842059e+01 1.00001021281689e+05 
5.35364267211515e+01 1.00002513471401e+05 
5.37385040812235e+01 1.00003927498366e+05 
5.39406083094777e+01 1.00005265000008e+05 
5.41427161596012e+01 1.00006676541749e+05 
5.43448835302565e+01 1.00008072821862e+05 
5.45471108975266e+01 1.00009431008636e+05 
5.47493910082137e+01 1.00010493744321e+05 
5.49517879790564e+01 1.00011181528091e+05 
5.51543020530474e+01 1.00011586248339e+05 
5.53569745540088e+01 1.00011883752597e+05 
5.55598668189212e+01 1.00012127613505e+05 
5.57629126136038e+01 1.00012249432042e+05 
5.59661352293277e+01 1.00012098414215e+05 
5.61694921057413e+01 1.00011511515915e+05 
5.63728862466536e+01 1.00010633994092e+05 
5.65762995126502e+01 1.00009567864660e+05 
5.67797565324227e+01 1.00008485920025e+05 
5.69832411929876e+01 1.00007252376406e+05 
5.71867575597213e+01 1.00005958927343e+05 
5.73902142438224e+01 1.00004449073471e+05 
5.75935504013974e+01 1.00002832459495e+05 
5.77968428105782e+01 1.00001045419916e+05 
5.79999523007818e+01 9.99992694824664e+04 
5.82028720166861e+01 9.99974577485877e+04 
5.84056737401209e+01 9.99958186947187e+04 
5.86082924096970e+01 9.99942830085543e+04 
5.88109369357781e+01 9.99928506236503e+04 
5.90135188227780e+01 9.99913318166731e+04 
5.92160540509742e+01 9.99898081562220e+04 
5.94185604009779e+01 9.99883113571021e+04 
5.96210526984744e+01 9.99870874683486e+04 
5.98235501837237e+01 9.99862293470210e+04 
6.00261485722220e+01 9.99856711433349e+04 
6.02288361841210e+01 9.99852090480088e+04 
6.04316638201486e+01 9.99847596484971e+04 
6.06345686020863e+01 9.99843904156774e+04 
6.08375671479841e+01 9.99842644262505e+04 
6.10406211004055e+01 9.99845445588454e+04 
6.12437426280142e+01 9.99851470036734e+04 
6.14469164445446e+01 9.99859691352355e+04 
6.16501210676312e+01 9.99867960316149e+04 
6.18533579475247e+01 9.99877453992027e+04 
6.20566264173889e+01 9.99887679355313e+04 
6.22597817220211e+01 9.99900647803011e+04 
6.24627995534665e+01 9.99915605726615e+04 
6.26656673735378e+01 9.99933141994010e+04 
6.28683131616467e+01 9.99951021850472e+04 
6.30708195650471e+01 9.99969872775925e+04 
6.32731804840720e+01 9.99987482959315e+04 
6.34753919046854e+01 1.00000485191167e+05 
6.36776034541254e+01 1.00002181821989e+05 
6.38797873688976e+01 1.00004035447085e+05 
6.40819738273611e+01 1.00005921284714e+05 
6.42841784067253e+01 1.00007825247312e+05 
6.44863959670241e+01 1.00009462805829e+05 
6.46886801912706e+01 1.00010741732731e+05 
6.48910662140103e+01 1.00011722064681e+05 
6.50935819241049e+01 1.00012631507869e+05 
6.52963226964966e+01 1.00013480123521e+05 
6.54992405740070e+01 1.00014194112231e+05 
6.57023188561443e+01 1.00014545599631e+05 
6.59055500692646e+01 1.00014355403898e+05 
6.61089027901603e+01 1.00013742260899e+05 
6.63122766649993e+01 1.00012879146846e+05 
6.65156872049080e+01 1.00011961132617e+05 
6.67191280630788e+01 1.00010883986252e+05 
6.69226164912726e+01 1.00009623473718e+05 
6.71261325074319e+01 1.00008047786345e+05 
6.73296169036911e+01 1.00006274760438e+05 
6.75330252299440e+01 1.00004299628864e+05 
6.77363198433455e+01 1.00002338174151e+05 
6.79393888572186e+01 1.00000320385886e+05 
6.81423368894994e+01 9.99984470930336e+04 
6.83450708709156e+01 9.99966127347817e+04 
6.85478069710537e+01 9.99948295305995e+04 
6.87504560574697e+01 9.99929510585759e+04 
6.89530120509714e+01 9.99911276512915e+04 
6.91555074049377e+01 9.99893546001835e+04 
6.93579506481004e+01 9.99879117215699e+04 
6.95603538262472e+01 9.99868612278227e+04 
6.97628467070184e+01 9.99861092154536e+04 
6.99654031500043e+01 9.99854445966920e+04 
7.01680675370484e+01 9.99848526549593e+04 
7.03708128597538e+01 9.99843760555042e+04 
7.05736643918905e+01 9.99842154969266e+04 
7.07765856443493e+01 9.99845117526164e+04 
7.09796045256010e+01 9.99851490617552e+04 
7.11826613299295e+01 9.99859964090031e+04 
7.13857897479778e+01 9.99868651460789e+04 
7.15889661007472e+01 9.99878879174457e+04 
7.17921459341708e+01 9.99890496197168e+04 
7.19953726252105e+01 9.99905305678411e+04 
7.21985718027617e+01 9.99922177710232e+04 
7.24016476186381e+01 9.99941520115490e+04 
7.26045430537818e+01 9.99961210903725e+04 
7.28072213299480e+01 9.99981887703497e+04 
7.30097805999067e+01 1.00000142212225e+05 
7.32121446685061e+01 1.00002054412973e+05 
7.34144836407241e+01 1.00003883889426e+05 
7.36167644759561e+01 1.00005814815275e+05 
7.38189887804541e+01 1.00007691974298e+05 
7.40211919750683e+01 1.00009506769719e+05 
7.42233714635407e+01 1.00010976458641e+05 
7.44255673633598e+01 1.00012026804258e+05 
7.46278498585127e+01 1.00012736572984e+05 
7.48302306656735e+01 1.00013333748297e+05 
7.50327937384072e+01 1.00013840814596e+05 
7.52355063125583e+01 1.00014179457117e+05 
7.54383722282391e+01 1.00014163579678e+05 
7.56414216244544e+01 1.00013655598030e+05 
7.58445981321123e+01 1.00012782223372e+05 
7.60479184214261e+01 1.00011700839902e+05 
7.62512929186171e+01 1.00010600140748e+05 
7.64546964242765e+01 1.00009381178841e+05 
7.66581350680706e+01 1.00008065701779e+05 
7.68616010200597e+01 1.00006503196803e+05 
7.70651079936182e+01 1.00004781636308e+05 
7.72686113724331e+01 1.00002885918374e+05 
7.74720611152207e+01 1.00001025719460e+05 
7.76753133911698e+01 9.99991415672138e+04 
7.78784461857672e+01 9.99974476822648e+04 
7.80813340565300e+01 9.99958464267765e+04 
7.82841986758304e+01 9.99943188846287e+04 
7.84869562928645e+01 9.99927028789812e+04 
7.86895714902216e+01 9.99911439705080e+04 
7.88920942905549e+01 9.99896206647566e+04 
7.90945315913393e+01 9.99883973672021e+04 
7.92968840114831e+01 9.99875137668414e+04 
7.94993122078064e+01 9.99868850854130e+04 
7.97017694779022e+01 9.99863036972265e+04 
7.99042936798559e+01 9.99857595539763e+04 
8.01068697501696e+01 9.99852898577485e+04 
8.03095192442820e+01 9.99850914776050e+04 
8.05122783411067e+01 9.99853111549833e+04 
8.07151532943511e+01 9.99858508629508e+04 
8.09180874917751e+01 9.99865847690195e+04 
8.11211009470289e+01 9.99873333697539e+04 
8.13241348982823e+01 9.99882077925956e+04 
8.15272528948804e+01 9.99891999956746e+04 
8.17303892546740e+01 9.99904946621731e+04 
8.19335573112213e+01 9.99920068128422e+04 
8.21368014274263e+01 9.99937618953921e+04 
8.23398733234911e+01 9.99955368320318e+04 
8.25427383975605e+01 9.99974002806264e+04 
8.27454995878572e+01 9.99991531264481e+04 
8.29480798671471e+01 1.00000880205844e+05 
8.31506062535737e+01 1.00002548090807e+05 
8.33530393401760e+01 1.00004322169019e+05 
8.35553612257224e+01 1.00006037164062e+05 
8.37576211955306e+01 1.00007707215691e+05 
8.39598226381276e+01 1.00009055071674e+05 
8.41619894017817e+01 1.00010033033433e+05 
8.43642239682605e+01 1.00010718931864e+05 
8.45665203012387e+01 1.00011331367265e+05 
8.47689483564908e+01 1.00011871912641e+05 
8.49714940232389e+01 1.00012273790841e+05 
8.51741579640687e+01 1.00012340692459e+05 
8.53769978718437e+01 1.00011947763151e+05 
8.55799804902041e+01 1.00011220244244e+05 
8.57831240408108e+01 1.00010332019746e+05 
8.59864536951827e+01 1.00009441486687e+05 
8.61898160798553e+01 1.00008472111695e+05 
8.63932062744392e+01 1.00007390622784e+05 
8.65966229319829e+01 1.00006049735183e+05 
8.68000940443101e+01 1.00004531314140e+05 
8.70035825837327e+01 1.00002853638898e+05 
8.72070843440491e+01 1.00001219778828e+05 
8.74105419344450e+01 9.99995580045318e+04 
8.76138267437083e+01 9.99980540587148e+04 
8.78169205534772e+01 9.99966000407348e+04 
8.80199632675196e+01 9.99951850171607e+04 
8.82228781681249e+01 9.99936813278678e+04 
8.84256106973253e+01 9.99922329383177e+04 
8.86282246424383e+01 9.99908147246551e+04 
8.88307219110573e+01 9.99896728036767e+04 
8.90330924047535e+01 9.99888336937311e+04 
8.92355207597714e+01 9.99882174259348e+04 
8.94379379157647e+01 9.99876359569227e+04 
8.96403799089431e+01 9.99871066535546e+04 
8.98428436218644e+01 9.99866528411745e+04 
9.00453482475632e+01 9.99864666074200e+04 
9.02479204282358e+01 9.99866814863998e+04 
9.04506070166489e+01 9.99872016645986e+04 
9.06534221098573e+01 9.99878889849583e+04 
9.08563074156330e+01 9.99886117819507e+04 
9.10592331034942e+01 9.99894324266483e+04 
9.12622364660194e+01 9.99903916396408e+04 
9.14653252837018e+01 9.99916476492004e+04 
9.16684271913442e+01 9.99931164164068e+04 
9.18715866137494e+01 9.99947956484941e+04 
9.20747842683971e+01 9.99964973358604e+04 
9.22778651165516e+01 9.99983072368208e+04 
9.24808149399466e+01 1.00000037658198e+05 
9.26836400845213e+01 1.00001776102088e+05 
9.28863873614108e+01 1.00003478678584e+05 
9.30890085767134e+01 1.00005294539189e+05 
9.32914663544503e+01 1.00007059736900e+05 
9.34938317764641e+01 1.00008810338094e+05 
9.36961022577806e+01 1.00010282670467e+05 
9.38982898525573e+01 1.00011426474881e+05 
9.41005250280928e+01 1.00012288967482e+05 
9.43027848548941e+01 1.00013078084687e+05 
9.45051224941694e+01 1.00013792052345e+05 
9.47075391235569e+01 1.00014387514990e+05 
9.49100356403763e+01 1.00014646146811e+05 
9.51126679959551e+01 1.00014440092125e+05 
9.53154338342254e+01 1.00013875733077e+05 
9.55183731288411e+01 1.00013121981352e+05 
9.57215113888919e+01 1.00012330731824e+05 
9.59247849047671e+01 1.00011438312002e+05 
9.61281201802749e+01 1.00010401641541e+05 
9.63314994562056e+01 1.00009067563544e+05 
9.65349076935859e+01 1.00007518370854e+05 
9.67383385387505e+01 1.00005775657582e+05 
9.69418207081187e+01 1.00004049081897e+05 
9.71453287818878e+01 1.00002255529386e+05 
9.73487757563585e+01 1.00000587951715e+05 
9.75521003395735e+01 9.99989325014423e+04 
9.77553203876417e+01 9.99972815420499e+04 
9.79584256456356e+01 9.99955102181787e+04 
9.81613154578645e+01 9.99937927026370e+04 
9.83640728139437e+01 9.99920810833623e+04 
9.85666800715794e+01 9.99906311983888e+04 
9.87691229821461e+01 9.99894734358732e+04 
9.89716027992200e+01 9.99885465993753e+04 
9.91740397132955e+01 9.99876400790792e+04 
9.93764536462670e+01 9.99867680658617e+04 
9.95788576239822e+01 9.99859519915910e+04 
9.97812656950711e+01 9.99854337005602e+04 
9.99837025244658e+01 9.99853429309259e+04 
1.00186246746907e+02 9.99855863093117e+04 
