# Liste des scalaires : TEMPS pmat 
0.00000000000000e+00 1.00000000000000e+05 
2.04081632653061e-01 1.00000000000000e+05 
4.08042165141975e-01 1.00000000000000e+05 
6.11832106953319e-01 1.00000000000000e+05 
8.15421737498182e-01 1.00000000000000e+05 
1.01884831470558e+00 1.00000000000000e+05 
1.22207818930831e+00 1.00000000000000e+05 
1.42513098547652e+00 1.00000000000000e+05 
1.62798725493260e+00 1.00000000000000e+05 
1.83053493087979e+00 1.00000000000000e+05 
2.03291905653503e+00 1.00000000000000e+05 
2.23520224592158e+00 1.00000000000000e+05 
2.43733969254296e+00 1.00000000000000e+05 
2.63931827049832e+00 1.00000000000000e+05 
2.84120332396323e+00 1.00000000000000e+05 
3.04297858176904e+00 1.00000000000000e+05 
3.24460591464334e+00 1.00000000000000e+05 
3.44612291562131e+00 1.00000000000000e+05 
3.64760922308227e+00 1.00000000000000e+05 
3.84909249851467e+00 1.00000000000000e+05 
4.05064469773747e+00 1.00000000000000e+05 
4.25222294222906e+00 1.00000000000000e+05 
4.45380035517506e+00 1.00000000000000e+05 
4.65542063364273e+00 1.00000000000000e+05 
4.85715243419261e+00 1.00000000000000e+05 
5.05906045928525e+00 1.00000000000000e+05 
5.26119401899534e+00 1.00000000000000e+05 
5.46347898380931e+00 1.00000000000000e+05 
5.66591894484892e+00 1.00000000000000e+05 
5.86852800362132e+00 1.00000000000000e+05 
6.07136345597011e+00 1.00000000000000e+05 
6.27438265108359e+00 1.00000000000000e+05 
6.47752964045090e+00 1.00000000000000e+05 
6.68089073121200e+00 1.00000000000000e+05 
6.88429870550576e+00 1.00000000000000e+05 
7.08769636443068e+00 1.00000000000000e+05 
7.29110827962174e+00 1.00000000000000e+05 
7.49449373816632e+00 1.00000000000000e+05 
7.69790617884871e+00 1.00000000000000e+05 
7.90135044231191e+00 1.00000000000000e+05 
8.10473659770851e+00 1.00000000000000e+05 
8.30800948139133e+00 1.00000000000000e+05 
8.51115234273433e+00 1.00000000000000e+05 
8.71416193711340e+00 1.00000000000000e+05 
8.91719900347831e+00 1.00000000000000e+05 
9.12020204041872e+00 1.00000000000000e+05 
9.32319297435189e+00 1.00000000000000e+05 
9.52619174127014e+00 1.00000000000000e+05 
9.72921908834018e+00 1.00000000000000e+05 
9.93229912946381e+00 1.00000000000000e+05 
1.01354642235065e+01 1.00000000000000e+05 
1.03387225987006e+01 1.00000000000000e+05 
1.05420932760412e+01 1.00000000000000e+05 
1.07455601602491e+01 1.00000000000000e+05 
1.09490636153785e+01 1.00000000000000e+05 
1.11525952040860e+01 1.00000000000000e+05 
1.13559908728595e+01 1.00000000000000e+05 
1.15591577617810e+01 1.00000000000000e+05 
1.17622381240369e+01 1.00000000000000e+05 
1.19650888349948e+01 1.00000000000000e+05 
1.21677288877747e+01 1.00000000000000e+05 
1.23702013159276e+01 1.00000000000000e+05 
1.25725982340610e+01 1.00000000000000e+05 
1.27748516426287e+01 1.00000000000000e+05 
1.29769249867640e+01 1.00000000000000e+05 
1.31787998828658e+01 1.00000000000000e+05 
1.33806014179065e+01 1.00000000000000e+05 
1.35822734033907e+01 1.00000000000000e+05 
1.37839887339651e+01 1.00000000000000e+05 
1.39857022015949e+01 1.00000000000000e+05 
1.41874661286692e+01 1.00000000000000e+05 
1.43892101845392e+01 1.00000000000000e+05 
1.45910326674531e+01 1.00000000000000e+05 
1.47929375836209e+01 1.00000000000000e+05 
1.49949695660416e+01 1.00000000000000e+05 
1.51971475723012e+01 1.00000000000000e+05 
1.53995487529939e+01 1.00000000000000e+05 
1.56020957788436e+01 1.00000000000000e+05 
1.58048076652820e+01 1.00000000000000e+05 
1.60076888558614e+01 1.00000000000000e+05 
1.62106850728960e+01 1.00000000000000e+05 
1.64138636363558e+01 1.00000000000000e+05 
1.66171481416695e+01 1.00000000000000e+05 
1.68205318926791e+01 1.00000000000000e+05 
1.70239717971818e+01 1.00000000000000e+05 
1.72274242526830e+01 1.00000000000000e+05 
1.74308511498678e+01 1.00000000000000e+05 
1.76342505270569e+01 1.00000000000000e+05 
1.78376212420556e+01 1.00000000000000e+05 
1.80409883913594e+01 1.00000000000000e+05 
1.82443050346869e+01 1.00000000000000e+05 
1.84474327837354e+01 1.00000000000000e+05 
1.86505503053125e+01 1.00000000000000e+05 
1.88535932316970e+01 1.00000000000000e+05 
1.90565608622741e+01 1.00000000000000e+05 
1.92594853707276e+01 1.00000000000000e+05 
1.94623796526000e+01 1.00000000000000e+05 
1.96652593507810e+01 1.00000000000000e+05 
1.98682128225951e+01 1.00000000000000e+05 
2.00712299723808e+01 1.00000000000000e+05 
2.02743632772251e+01 1.00000000000000e+05 
2.04775974201162e+01 1.00000000000000e+05 
2.06808993432005e+01 1.00000000000000e+05 
2.08842816624739e+01 1.00000000000000e+05 
2.10877109245459e+01 1.00000000000000e+05 
2.12911865561413e+01 1.00000000000000e+05 
2.14946542636065e+01 1.00000000000000e+05 
2.16979483115182e+01 1.00000000000000e+05 
2.19009928614698e+01 1.00000000000000e+05 
2.21039017811684e+01 1.00000000000000e+05 
2.23066497283774e+01 1.00000000000000e+05 
2.25092177015210e+01 1.00000000000000e+05 
2.27116581345214e+01 1.00000000000000e+05 
2.29139334651086e+01 1.00000000000000e+05 
2.31160467477100e+01 1.00000000000000e+05 
2.33179868862948e+01 1.00000000000000e+05 
2.35199180822287e+01 1.00000000000000e+05 
2.37218051763256e+01 1.00000000000000e+05 
2.39236768880851e+01 1.00000000000000e+05 
2.41255552893581e+01 1.00000000000000e+05 
2.43274126484990e+01 1.00000000000000e+05 
2.45293056915018e+01 1.00000000000000e+05 
2.47312963943893e+01 1.00000000000000e+05 
2.49333962174227e+01 1.00000000000000e+05 
2.51357213393038e+01 1.00000000000000e+05 
2.53382018572701e+01 1.00000000000000e+05 
2.55408488073704e+01 1.00000000000000e+05 
2.57436471827663e+01 1.00000000000000e+05 
2.59465698142901e+01 1.00000000000000e+05 
2.61496583369765e+01 1.00000000000000e+05 
2.63529142216749e+01 1.00000000000000e+05 
2.65562742668140e+01 1.00000000000000e+05 
2.67596972761635e+01 1.00000000000000e+05 
2.69631506643780e+01 1.00000000000000e+05 
2.71666356359982e+01 1.00000000000000e+05 
2.73700949757860e+01 1.00000000000000e+05 
2.75735042909555e+01 1.00000000000000e+05 
2.77768698215134e+01 1.00000000000000e+05 
2.79801634091441e+01 1.00000000000000e+05 
2.81832311137916e+01 1.00000000000000e+05 
2.83862493691881e+01 1.00000000000000e+05 
2.85892005667304e+01 1.00000000000000e+05 
2.87920289759177e+01 1.00000000000000e+05 
2.89947855911169e+01 1.00000000000000e+05 
2.91974758167431e+01 1.00000000000000e+05 
2.94001081727549e+01 1.00000000000000e+05 
2.96028174869848e+01 1.00000000000000e+05 
2.98055746712193e+01 1.00000000000000e+05 
3.00084175396436e+01 1.00000000000000e+05 
3.02113309117389e+01 1.00000000000000e+05 
3.04143391710080e+01 1.00000000000000e+05 
3.06174347641709e+01 1.00000000000000e+05 
3.08206359225875e+01 1.00000000000000e+05 
3.10238921252226e+01 1.00000000000000e+05 
3.12271617071788e+01 1.00000000000000e+05 
3.14304933723914e+01 1.00000000000000e+05 
3.16338559333766e+01 1.00000000000000e+05 
3.18371697100234e+01 1.00000000000000e+05 
3.20402940171543e+01 1.00000000000000e+05 
3.22432411366959e+01 1.00000000000000e+05 
3.24460329241944e+01 1.00000000000000e+05 
3.26486468730478e+01 1.00000000000000e+05 
3.28510694083674e+01 1.00000000000000e+05 
3.30532799861897e+01 1.00000000000000e+05 
3.32554482102955e+01 1.00000000000000e+05 
3.34575453553804e+01 1.00000000000000e+05 
3.36595641500324e+01 1.00000000000000e+05 
3.38615486883824e+01 1.00000000000000e+05 
3.40634799904239e+01 1.00000000000000e+05 
3.42653996408576e+01 1.00000000000000e+05 
3.44673939566842e+01 1.00000000000000e+05 
3.46694612546547e+01 1.00000000000000e+05 
3.48717036107216e+01 1.00000000000000e+05 
3.50740862371626e+01 1.00000000000000e+05 
3.52766015885758e+01 1.00000000000000e+05 
3.54793183147402e+01 1.00000000000000e+05 
3.56821412870120e+01 1.00000000000000e+05 
3.58851172271814e+01 1.00000000000000e+05 
3.60883109456795e+01 1.00000000000000e+05 
3.62916365042183e+01 1.00000000000000e+05 
3.64950404477902e+01 1.00000000000000e+05 
3.66984690806315e+01 1.00000000000000e+05 
3.69019364923025e+01 1.00000000000000e+05 
3.71054357283456e+01 1.00000000000000e+05 
3.73088956361505e+01 1.00000000000000e+05 
3.75123241222096e+01 1.00000000000000e+05 
3.77157068996436e+01 1.00000000000000e+05 
3.79188884208807e+01 1.00000000000000e+05 
3.81219429731373e+01 1.00000000000000e+05 
3.83249696414713e+01 1.00000000000000e+05 
3.85278282028840e+01 1.00000000000000e+05 
3.87305789313831e+01 1.00000000000000e+05 
3.89332338669238e+01 1.00000000000000e+05 
3.91357862752962e+01 1.00000000000000e+05 
3.93384030966966e+01 1.00000000000000e+05 
3.95410271713939e+01 1.00000000000000e+05 
3.97436993424354e+01 1.00000000000003e+05 
3.99463921856252e+01 1.00000000000020e+05 
4.01491654750551e+01 1.00000000000103e+05 
4.03520289195442e+01 1.00000000001059e+05 
4.05550048910795e+01 1.00000000010198e+05 
4.07580864187294e+01 1.00000000234159e+05 
4.09612286775592e+01 1.00000000637122e+05 
4.11644223380052e+01 1.00000000952766e+05 
4.13676607110112e+01 1.00000001730355e+05 
4.15709452306063e+01 1.00000003369575e+05 
4.17742442700769e+01 1.00000005815498e+05 
4.19775135223546e+01 1.00000011139726e+05 
4.21806564457985e+01 1.00000019756498e+05 
4.23835704544603e+01 1.00000033096433e+05 
4.25863222546333e+01 1.00000057962554e+05 
4.27888279196484e+01 1.00000103802310e+05 
4.29912615982889e+01 1.00000164022119e+05 
4.31935852435500e+01 1.00000274250499e+05 
4.33957815205678e+01 1.00000434350646e+05 
4.35978979487543e+01 1.00000655988706e+05 
4.37999304200929e+01 1.00001018870877e+05 
4.40019076885360e+01 1.00001576392520e+05 
4.42039337320145e+01 1.00002219361126e+05 
4.44060001538986e+01 1.00003139772657e+05 
4.46081858574393e+01 1.00004214060379e+05 
4.48104711684930e+01 1.00005453045218e+05 
4.50128451538969e+01 1.00007024694417e+05 
4.52153736753591e+01 1.00008739709957e+05 
4.54180340147901e+01 1.00010298804458e+05 
4.56208710244056e+01 1.00011842717345e+05 
4.58239099702678e+01 1.00013149074019e+05 
4.60270996589638e+01 1.00014400511193e+05 
4.62304657697298e+01 1.00015592034223e+05 
4.64338688960506e+01 1.00016347333877e+05 
4.66373017077841e+01 1.00016815981346e+05 
4.68407572598015e+01 1.00016882940956e+05 
4.70442546395734e+01 1.00016638031612e+05 
4.72477386480636e+01 1.00016323459920e+05 
4.74511939246332e+01 1.00015722801793e+05 
4.76545330594890e+01 1.00014688113526e+05 
4.78577067285611e+01 1.00013688783331e+05 
4.80608753693268e+01 1.00012283592710e+05 
4.82638354697416e+01 1.00010692942041e+05 
4.84666467540706e+01 1.00009033041780e+05 
4.86693473168333e+01 1.00006988793081e+05 
4.88719019249858e+01 1.00004775283600e+05 
4.90745027720318e+01 1.00002932834447e+05 
4.92770764391171e+01 1.00000940765545e+05 
4.94796476958813e+01 9.99989779114164e+04 
4.96822204167646e+01 9.99969460969335e+04 
4.98848222239144e+01 9.99946110730937e+04 
5.00874761862161e+01 9.99924107004570e+04 
5.02902390157782e+01 9.99906693937641e+04 
5.04931165644340e+01 9.99890624172622e+04 
5.06960805910771e+01 9.99876619388904e+04 
5.08991333423157e+01 9.99862145994035e+04 
5.11022578645217e+01 9.99846622793832e+04 
5.13054423763076e+01 9.99834509532372e+04 
5.15086548546338e+01 9.99825579829375e+04 
5.17119065645690e+01 9.99820077705066e+04 
5.19151950423545e+01 9.99817730943349e+04 
5.21183745006488e+01 9.99815719994061e+04 
5.23214088774139e+01 9.99815429223373e+04 
5.25242324010963e+01 9.99819371038676e+04 
5.27269607076205e+01 9.99823640845383e+04 
5.29295441731976e+01 9.99832052685084e+04 
5.31319496968064e+01 9.99843334094294e+04 
5.33342472842059e+01 9.99855697143699e+04 
5.35364267211515e+01 9.99872129143225e+04 
5.37385040812235e+01 9.99891804332500e+04 
5.39406083094777e+01 9.99908573595740e+04 
5.41427161596012e+01 9.99927899890620e+04 
5.43448835302565e+01 9.99947912866374e+04 
5.45471108975266e+01 9.99969222421376e+04 
5.47493910082137e+01 9.99994489966193e+04 
5.49517879790564e+01 1.00002000434907e+05 
5.51543020530474e+01 1.00004035920436e+05 
5.53569745540088e+01 1.00005971507351e+05 
5.55598668189212e+01 1.00007714882528e+05 
5.57629126136038e+01 1.00009497258535e+05 
5.59661352293277e+01 1.00011462294145e+05 
5.61694921057413e+01 1.00013121799057e+05 
5.63728862466536e+01 1.00014306462536e+05 
5.65762995126502e+01 1.00015084488826e+05 
5.67797565324227e+01 1.00015497127412e+05 
5.69832411929876e+01 1.00015849643416e+05 
5.71867575597213e+01 1.00016081417002e+05 
5.73902142438224e+01 1.00015895393442e+05 
5.75935504013974e+01 1.00015565523432e+05 
5.77968428105782e+01 1.00014771220027e+05 
5.79999523007818e+01 1.00013670477771e+05 
5.82028720166861e+01 1.00012446405648e+05 
5.84056737401209e+01 1.00010869431748e+05 
5.86082924096970e+01 1.00009024085370e+05 
5.88109369357781e+01 1.00007434566145e+05 
5.90135188227780e+01 1.00005594825374e+05 
5.92160540509742e+01 1.00003675987912e+05 
5.94185604009779e+01 1.00001602798921e+05 
5.96210526984744e+01 9.99991394629233e+04 
5.98235501837237e+01 9.99966810722370e+04 
6.00261485722220e+01 9.99947152208001e+04 
6.02288361841210e+01 9.99928072150086e+04 
6.04316638201486e+01 9.99910424226451e+04 
6.06345686020863e+01 9.99891562983603e+04 
6.08375671479841e+01 9.99870230584760e+04 
6.10406211004055e+01 9.99851273531892e+04 
6.12437426280142e+01 9.99836869172394e+04 
6.14469164445446e+01 9.99826039060207e+04 
6.16501210676312e+01 9.99818592591363e+04 
6.18533579475247e+01 9.99811189130759e+04 
6.20566264173889e+01 9.99804085574240e+04 
6.22597817220211e+01 9.99801319209177e+04 
6.24627995534665e+01 9.99800849191725e+04 
6.26656673735378e+01 9.99805531845227e+04 
6.28683131616467e+01 9.99813978080685e+04 
6.30708195650471e+01 9.99823811480805e+04 
6.32731804840720e+01 9.99837165589045e+04 
6.34753919046854e+01 9.99854442445303e+04 
6.36776034541254e+01 9.99870224956253e+04 
6.38797873688976e+01 9.99890213025615e+04 
6.40819738273611e+01 9.99912252053101e+04 
6.42841784067253e+01 9.99936165289308e+04 
6.44863959670241e+01 9.99964929059195e+04 
6.46886801912706e+01 9.99994706200307e+04 
6.48910662140103e+01 1.00001943359411e+05 
6.50935819241049e+01 1.00004480932415e+05 
6.52963226964966e+01 1.00006883430789e+05 
6.54992405740070e+01 1.00009440745305e+05 
6.57023188561443e+01 1.00012319825522e+05 
6.59055500692646e+01 1.00014919086469e+05 
6.61089027901603e+01 1.00016953162723e+05 
6.63122766649993e+01 1.00018655498456e+05 
6.65156872049080e+01 1.00020013039229e+05 
6.67191280630788e+01 1.00021419483043e+05 
6.69226164912726e+01 1.00022830414476e+05 
6.71261325074319e+01 1.00023771700533e+05 
6.73296169036911e+01 1.00024360917593e+05 
6.75330252299440e+01 1.00024377409135e+05 
6.77363198433455e+01 1.00023907802735e+05 
6.79393888572186e+01 1.00023263197766e+05 
6.81423368894994e+01 1.00022217668499e+05 
6.83450708709156e+01 1.00020650412300e+05 
6.85478069710537e+01 1.00019092548224e+05 
6.87504560574697e+01 1.00016985040358e+05 
6.89530120509714e+01 1.00014613576174e+05 
6.91555074049377e+01 1.00012034484013e+05 
6.93579506481004e+01 1.00008953336930e+05 
6.95603538262472e+01 1.00005752541699e+05 
6.97628467070184e+01 1.00003051762173e+05 
6.99654031500043e+01 1.00000213736461e+05 
7.01680675370484e+01 9.99974342795474e+04 
7.03708128597538e+01 9.99944712352189e+04 
7.05736643918905e+01 9.99910691249972e+04 
7.07765856443493e+01 9.99878303131733e+04 
7.09796045256010e+01 9.99852182004558e+04 
7.11826613299295e+01 9.99828719925380e+04 
7.13857897479778e+01 9.99808614505569e+04 
7.15889661007472e+01 9.99788308821557e+04 
7.17921459341708e+01 9.99767534560804e+04 
7.19953726252105e+01 9.99751552079322e+04 
7.21985718027617e+01 9.99740479786891e+04 
7.24016476186381e+01 9.99735026729799e+04 
7.26045430537818e+01 9.99734482258356e+04 
7.28072213299480e+01 9.99735435888669e+04 
7.30097805999067e+01 9.99739555808670e+04 
7.32121446685061e+01 9.99749136948961e+04 
7.34144836407241e+01 9.99759420043935e+04 
7.36167644759561e+01 9.99775871965343e+04 
7.38189887804541e+01 9.99795960172158e+04 
7.40211919750683e+01 9.99818278953946e+04 
7.42233714635407e+01 9.99846649947261e+04 
7.44255673633598e+01 9.99877965900549e+04 
7.46278498585127e+01 9.99904987106205e+04 
7.48302306656735e+01 9.99934778900115e+04 
7.50327937384072e+01 9.99964698450299e+04 
7.52355063125583e+01 9.99996608429338e+04 
7.54383722282391e+01 1.00003348510520e+05 
7.56414216244544e+01 1.00006902577395e+05 
7.58445981321123e+01 1.00009739008600e+05 
7.60479184214261e+01 1.00012324609305e+05 
7.62512929186171e+01 1.00014545112990e+05 
7.64546964242765e+01 1.00016805602927e+05 
7.66581350680706e+01 1.00019136994037e+05 
7.68616010200597e+01 1.00020939708395e+05 
7.70651079936182e+01 1.00022183843595e+05 
7.72686113724331e+01 1.00022835165517e+05 
7.74720611152207e+01 1.00022992786258e+05 
7.76753133911698e+01 1.00023003470469e+05 
7.78784461857672e+01 1.00022716022750e+05 
7.80813340565300e+01 1.00021880500675e+05 
7.82841986758304e+01 1.00020956945707e+05 
7.84869562928645e+01 1.00019456219472e+05 
7.86895714902216e+01 1.00017611094818e+05 
7.88920942905549e+01 1.00015582383725e+05 
7.90945315913393e+01 1.00013009281755e+05 
7.92968840114831e+01 1.00010169418894e+05 
7.94993122078064e+01 1.00007729423043e+05 
7.97017694779022e+01 1.00005022032368e+05 
7.99042936798559e+01 1.00002275014501e+05 
8.01068697501696e+01 9.99993216869364e+04 
8.03095192442820e+01 9.99958848024392e+04 
8.05122783411067e+01 9.99925359836621e+04 
8.07151532943511e+01 9.99898445666624e+04 
8.09180874917751e+01 9.99873144056331e+04 
8.11211009470289e+01 9.99850696690632e+04 
8.13241348982823e+01 9.99827584392181e+04 
8.15272528948804e+01 9.99802682339771e+04 
8.17303892546740e+01 9.99782352220074e+04 
8.19335573112213e+01 9.99767548989664e+04 
8.21368014274263e+01 9.99758235629266e+04 
8.23398733234911e+01 9.99753980750570e+04 
8.25427383975605e+01 9.99750735166189e+04 
8.27454995878572e+01 9.99750030855067e+04 
8.29480798671471e+01 9.99754960315863e+04 
8.31506062535737e+01 9.99761350813304e+04 
8.33530393401760e+01 9.99774167149387e+04 
8.35553612257224e+01 9.99791335562832e+04 
8.37576211955306e+01 9.99810797943458e+04 
8.39598226381276e+01 9.99836063953683e+04 
8.41619894017817e+01 9.99865069911897e+04 
8.43642239682605e+01 9.99890495090335e+04 
8.45665203012387e+01 9.99919664535240e+04 
8.47689483564908e+01 9.99949822465211e+04 
8.49714940232389e+01 9.99982256036728e+04 
8.51741579640687e+01 1.00002009872462e+05 
8.53769978718437e+01 1.00005698584329e+05 
8.55799804902041e+01 1.00008654422132e+05 
8.57831240408108e+01 1.00011421381904e+05 
8.59864536951827e+01 1.00013872342718e+05 
8.61898160798553e+01 1.00016408761295e+05 
8.63932062744392e+01 1.00019098670342e+05 
8.65966229319829e+01 1.00021263576492e+05 
8.68000940443101e+01 1.00022796411091e+05 
8.70035825837327e+01 1.00023732043492e+05 
8.72070843440491e+01 1.00024163796359e+05 
8.74105419344450e+01 1.00024493957476e+05 
8.76138267437083e+01 1.00024593575545e+05 
8.78169205534772e+01 1.00024122503639e+05 
8.80199632675196e+01 1.00023484497380e+05 
8.82228781681249e+01 1.00022218791621e+05 
8.84256106973253e+01 1.00020543866351e+05 
8.86282246424383e+01 1.00018655985611e+05 
8.88307219110573e+01 1.00016250414287e+05 
8.90330924047535e+01 1.00013537755509e+05 
8.92355207597714e+01 1.00011200514154e+05 
8.94379379157647e+01 1.00008555086056e+05 
8.96403799089431e+01 1.00005808024799e+05 
8.98428436218644e+01 1.00002839186911e+05 
9.00453482475632e+01 9.99993641782558e+04 
9.02479204282358e+01 9.99959448447368e+04 
9.04506070166489e+01 9.99931845322633e+04 
9.06534221098573e+01 9.99905244485960e+04 
9.08563074156330e+01 9.99880952484237e+04 
9.10592331034942e+01 9.99855369780473e+04 
9.12622364660194e+01 9.99827179542516e+04 
9.14653252837018e+01 9.99802929630217e+04 
9.16684271913442e+01 9.99784705953247e+04 
9.18715866137494e+01 9.99771506922370e+04 
9.20747842683971e+01 9.99763009141761e+04 
9.22778651165516e+01 9.99755233584112e+04 
9.24808149399466e+01 9.99748932089383e+04 
9.26836400845213e+01 9.99748017255267e+04 
9.28863873614108e+01 9.99749478186863e+04 
9.30890085767134e+01 9.99757315941546e+04 
9.32914663544503e+01 9.99769877219786e+04 
9.34938317764641e+01 9.99784605641986e+04 
9.36961022577806e+01 9.99804546359413e+04 
9.38982898525573e+01 9.99828822663271e+04 
9.41005250280928e+01 9.99850502079102e+04 
9.43027848548941e+01 9.99876451671768e+04 
9.45051224941694e+01 9.99904275240518e+04 
9.47075391235569e+01 9.99934673259691e+04 
9.49100356403763e+01 9.99971066423849e+04 
9.51126679959551e+01 1.00000768942369e+05 
9.53154338342254e+01 1.00003769518727e+05 
9.55183731288411e+01 1.00006718866834e+05 
9.57215113888919e+01 1.00009434600888e+05 
9.59247849047671e+01 1.00012291606015e+05 
9.61281201802749e+01 1.00015429822866e+05 
9.63314994562056e+01 1.00018119501641e+05 
9.65349076935859e+01 1.00020126204720e+05 
9.67383385387505e+01 1.00021604818675e+05 
9.69418207081187e+01 1.00022611308066e+05 
9.71453287818878e+01 1.00023559317093e+05 
9.73487757563585e+01 1.00024363510683e+05 
9.75521003395735e+01 1.00024593191484e+05 
9.77553203876417e+01 1.00024530806384e+05 
9.79584256456356e+01 1.00023827473129e+05 
9.81613154578645e+01 1.00022669766303e+05 
9.83640728139437e+01 1.00021325822863e+05 
9.85666800715794e+01 1.00019526968099e+05 
9.87691229821461e+01 1.00017336685730e+05 
9.89716027992200e+01 1.00015389694729e+05 
9.91740397132955e+01 1.00013033596368e+05 
9.93764536462670e+01 1.00010504661193e+05 
9.95788576239822e+01 1.00007754902976e+05 
9.97812656950711e+01 1.00004463740107e+05 
9.99837025244658e+01 1.00001132737145e+05 
1.00186246746907e+02 9.99983955683875e+04 
