# Liste des scalaires : TEMPS pmat 
0.00000000000000e+00 1.00000000000000e+05 
2.04081632653061e-01 1.00000000000000e+05 
4.08042165141975e-01 1.00000000000000e+05 
6.11832106953319e-01 1.00000000000000e+05 
8.15421737498182e-01 1.00000000000000e+05 
1.01884831470558e+00 1.00000000000000e+05 
1.22207818930831e+00 1.00000000000000e+05 
1.42513098547652e+00 1.00000000000000e+05 
1.62798725493260e+00 1.00000000000000e+05 
1.83053493087979e+00 1.00000000000000e+05 
2.03291905653503e+00 1.00000000000000e+05 
2.23520224592158e+00 1.00000000000000e+05 
2.43733969254296e+00 1.00000000000000e+05 
2.63931827049832e+00 1.00000000000000e+05 
2.84120332396323e+00 1.00000000000000e+05 
3.04297858176904e+00 1.00000000000000e+05 
3.24460591464334e+00 1.00000000000000e+05 
3.44612291562131e+00 1.00000000000000e+05 
3.64760922308227e+00 1.00000000000000e+05 
3.84909249851467e+00 1.00000000000000e+05 
4.05064469773747e+00 1.00000000000000e+05 
4.25222294222906e+00 1.00000000000000e+05 
4.45380035517506e+00 1.00000000000000e+05 
4.65542063364273e+00 1.00000000000000e+05 
4.85715243419261e+00 1.00000000000000e+05 
5.05906045928525e+00 1.00000000000000e+05 
5.26119401899534e+00 1.00000000000000e+05 
5.46347898380931e+00 1.00000000000000e+05 
5.66591894484892e+00 1.00000000000000e+05 
5.86852800362132e+00 1.00000000000000e+05 
6.07136345597011e+00 1.00000000000000e+05 
6.27438265108359e+00 1.00000000000000e+05 
6.47752964045090e+00 1.00000000000000e+05 
6.68089073121200e+00 1.00000000000000e+05 
6.88429870550576e+00 1.00000000000000e+05 
7.08769636443068e+00 1.00000000000000e+05 
7.29110827962174e+00 1.00000000000000e+05 
7.49449373816632e+00 1.00000000000000e+05 
7.69790617884871e+00 1.00000000000000e+05 
7.90135044231191e+00 1.00000000000000e+05 
8.10473659770851e+00 1.00000000000000e+05 
8.30800948139133e+00 1.00000000000000e+05 
8.51115234273433e+00 1.00000000000000e+05 
8.71416193711340e+00 1.00000000000000e+05 
8.91719900347831e+00 1.00000000000000e+05 
9.12020204041872e+00 1.00000000000000e+05 
9.32319297435189e+00 1.00000000000000e+05 
9.52619174127014e+00 1.00000000000000e+05 
9.72921908834018e+00 1.00000000000000e+05 
9.93229912946381e+00 1.00000000000000e+05 
1.01354642235065e+01 1.00000000000000e+05 
1.03387225987006e+01 1.00000000000000e+05 
1.05420932760412e+01 1.00000000000000e+05 
1.07455601602491e+01 1.00000000000000e+05 
1.09490636153785e+01 1.00000000000000e+05 
1.11525952040860e+01 1.00000000000000e+05 
1.13559908728595e+01 1.00000000000000e+05 
1.15591577617810e+01 1.00000000000000e+05 
1.17622381240369e+01 1.00000000000000e+05 
1.19650888349948e+01 1.00000000000000e+05 
1.21677288877747e+01 1.00000000000000e+05 
1.23702013159276e+01 1.00000000000000e+05 
1.25725982340610e+01 1.00000000000000e+05 
1.27748516426287e+01 1.00000000000000e+05 
1.29769249867640e+01 1.00000000000000e+05 
1.31787998828658e+01 1.00000000000000e+05 
1.33806014179065e+01 1.00000000000000e+05 
1.35822734033907e+01 1.00000000000000e+05 
1.37839887339651e+01 1.00000000000000e+05 
1.39857022015949e+01 1.00000000000000e+05 
1.41874661286692e+01 1.00000000000000e+05 
1.43892101845392e+01 1.00000000000000e+05 
1.45910326674531e+01 1.00000000000000e+05 
1.47929375836209e+01 1.00000000000000e+05 
1.49949695660416e+01 1.00000000000000e+05 
1.51971475723012e+01 1.00000000000000e+05 
1.53995487529939e+01 1.00000000000000e+05 
1.56020957788436e+01 1.00000000000000e+05 
1.58048076652820e+01 1.00000000000000e+05 
1.60076888558614e+01 1.00000000000000e+05 
1.62106850728960e+01 1.00000000000000e+05 
1.64138636363558e+01 1.00000000000000e+05 
1.66171481416695e+01 1.00000000000000e+05 
1.68205318926791e+01 1.00000000000000e+05 
1.70239717971818e+01 1.00000000000000e+05 
1.72274242526830e+01 1.00000000000000e+05 
1.74308511498678e+01 1.00000000000000e+05 
1.76342505270569e+01 1.00000000000000e+05 
1.78376212420556e+01 1.00000000000000e+05 
1.80409883913594e+01 1.00000000000000e+05 
1.82443050346869e+01 1.00000000000000e+05 
1.84474327837354e+01 1.00000000000000e+05 
1.86505503053125e+01 1.00000000000000e+05 
1.88535932316970e+01 1.00000000000000e+05 
1.90565608622741e+01 1.00000000000000e+05 
1.92594853707276e+01 1.00000000000000e+05 
1.94623796526000e+01 1.00000000000000e+05 
1.96652593507810e+01 1.00000000000000e+05 
1.98682128225951e+01 1.00000000000000e+05 
2.00712299723808e+01 1.00000000000000e+05 
2.02743632772251e+01 1.00000000000000e+05 
2.04775974201162e+01 1.00000000000000e+05 
2.06808993432005e+01 1.00000000000000e+05 
2.08842816624739e+01 1.00000000000000e+05 
2.10877109245459e+01 1.00000000000000e+05 
2.12911865561413e+01 1.00000000000000e+05 
2.14946542636065e+01 1.00000000000000e+05 
2.16979483115182e+01 1.00000000000000e+05 
2.19009928614698e+01 1.00000000000000e+05 
2.21039017811684e+01 1.00000000000000e+05 
2.23066497283774e+01 1.00000000000000e+05 
2.25092177015210e+01 1.00000000000000e+05 
2.27116581345214e+01 1.00000000000000e+05 
2.29139334651086e+01 1.00000000000000e+05 
2.31160467477100e+01 1.00000000000000e+05 
2.33179868862948e+01 1.00000000000000e+05 
2.35199180822287e+01 1.00000000000000e+05 
2.37218051763256e+01 1.00000000000000e+05 
2.39236768880851e+01 1.00000000000000e+05 
2.41255552893581e+01 1.00000000000000e+05 
2.43274126484990e+01 1.00000000000002e+05 
2.45293056915018e+01 1.00000000000062e+05 
2.47312963943893e+01 1.00000000001695e+05 
2.49333962174227e+01 1.00000000055282e+05 
2.51357213393038e+01 1.00000000551637e+05 
2.53382018572701e+01 1.00000001356984e+05 
2.55408488073704e+01 1.00000002377556e+05 
2.57436471827663e+01 1.00000004713877e+05 
2.59465698142901e+01 1.00000010308595e+05 
2.61496583369765e+01 1.00000018278222e+05 
2.63529142216749e+01 1.00000034297864e+05 
2.65562742668140e+01 1.00000068379538e+05 
2.67596972761635e+01 1.00000109351210e+05 
2.69631506643780e+01 1.00000185008827e+05 
2.71666356359982e+01 1.00000330950169e+05 
2.73700949757860e+01 1.00000499248383e+05 
2.75735042909555e+01 1.00000788821056e+05 
2.77768698215134e+01 1.00001298116107e+05 
2.79801634091441e+01 1.00001807328445e+05 
2.81832311137916e+01 1.00002584976692e+05 
2.83862493691881e+01 1.00003836718627e+05 
2.85892005667304e+01 1.00005001354040e+05 
2.87920289759177e+01 1.00006702073746e+05 
2.89947855911169e+01 1.00009172535888e+05 
2.91974758167431e+01 1.00011204784207e+05 
2.94001081727549e+01 1.00013723976201e+05 
2.96028174869848e+01 1.00017097272105e+05 
2.98055746712193e+01 1.00019410480561e+05 
3.00084175396436e+01 1.00022299345667e+05 
3.02113309117389e+01 1.00025826989637e+05 
3.04143391710080e+01 1.00028105307691e+05 
3.06174347641709e+01 1.00030184394080e+05 
3.08206359225875e+01 1.00032397705197e+05 
3.10238921252226e+01 1.00033023236364e+05 
3.12271617071788e+01 1.00033679896887e+05 
3.14304933723914e+01 1.00034324473772e+05 
3.16338559333766e+01 1.00034708744753e+05 
3.18371697100234e+01 1.00034259639132e+05 
3.20402940171543e+01 1.00033087526333e+05 
3.22432411366959e+01 1.00031518197437e+05 
3.24460329241944e+01 1.00029258431640e+05 
3.26486468730478e+01 1.00026448379135e+05 
3.28510694083674e+01 1.00024457632281e+05 
3.30532799861897e+01 1.00021617436406e+05 
3.32554482102955e+01 1.00017770183038e+05 
3.34575453553804e+01 1.00014964821861e+05 
3.36595641500324e+01 1.00011074333074e+05 
3.38615486883824e+01 1.00006166885573e+05 
3.40634799904239e+01 1.00002835855050e+05 
3.42653996408576e+01 9.99990308048140e+04 
3.44673939566842e+01 9.99944621063377e+04 
3.46694612546547e+01 9.99917631980438e+04 
3.48717036107216e+01 9.99880883201676e+04 
3.50740862371626e+01 9.99832959800978e+04 
3.52766015885758e+01 9.99802523244459e+04 
3.54793183147402e+01 9.99771747401792e+04 
3.56821412870120e+01 9.99735759218745e+04 
3.58851172271814e+01 9.99721187041681e+04 
3.60883109456795e+01 9.99699465359472e+04 
3.62916365042183e+01 9.99670892472247e+04 
3.64950404477902e+01 9.99657065152648e+04 
3.66984690806315e+01 9.99647268529810e+04 
3.69019364923025e+01 9.99633973651240e+04 
3.71054357283456e+01 9.99636666444554e+04 
3.73088956361505e+01 9.99638136659473e+04 
3.75123241222096e+01 9.99640147706551e+04 
3.77157068996436e+01 9.99648569832535e+04 
3.79188884208807e+01 9.99663693436558e+04 
3.81219429731373e+01 9.99680825901954e+04 
3.83249696414713e+01 9.99698469969258e+04 
3.85278282028840e+01 9.99723340426530e+04 
3.87305789313831e+01 9.99756047263845e+04 
3.89332338669238e+01 9.99781167812861e+04 
3.91357862752962e+01 9.99811543016132e+04 
3.93384030966966e+01 9.99847502278445e+04 
3.95410271713939e+01 9.99868392239588e+04 
3.97436993424354e+01 9.99900089647410e+04 
3.99463921856252e+01 9.99940839771245e+04 
4.01491654750551e+01 9.99966546353145e+04 
4.03520289195442e+01 9.99992137077155e+04 
4.05550048910795e+01 1.00002366112868e+05 
4.07580864187294e+01 1.00003523244578e+05 
4.09612286775592e+01 1.00005809002046e+05 
4.11644223380052e+01 1.00008717530374e+05 
4.13676607110112e+01 1.00010262553128e+05 
4.15709452306063e+01 1.00011428541706e+05 
4.17742442700769e+01 1.00013113033794e+05 
4.19775135223546e+01 1.00013452100440e+05 
4.21806564457985e+01 1.00014434066488e+05 
4.23835704544603e+01 1.00015566288910e+05 
4.25863222546333e+01 1.00016030315823e+05 
4.27888279196484e+01 1.00015943583964e+05 
4.29912615982889e+01 1.00016051798389e+05 
4.31935852435500e+01 1.00015888132714e+05 
4.33957815205678e+01 1.00015611137699e+05 
4.35978979487543e+01 1.00014889463887e+05 
4.37999304200929e+01 1.00014321241189e+05 
4.40019076885360e+01 1.00013142201088e+05 
4.42039337320145e+01 1.00011531015115e+05 
4.44060001538986e+01 1.00010637949866e+05 
4.46081858574393e+01 1.00008998404723e+05 
4.48104711684930e+01 1.00006627312596e+05 
4.50128451538969e+01 1.00005003751470e+05 
4.52153736753591e+01 1.00003010754800e+05 
4.54180340147901e+01 1.00000304396889e+05 
4.56208710244056e+01 9.99989256544550e+04 
4.58239099702678e+01 9.99965267317827e+04 
4.60270996589638e+01 9.99934875968082e+04 
4.62304657697298e+01 9.99916276364455e+04 
4.64338688960506e+01 9.99899225757138e+04 
4.66373017077841e+01 9.99877006149851e+04 
4.68407572598015e+01 9.99868744391611e+04 
4.70442546395734e+01 9.99852746409878e+04 
4.72477386480636e+01 9.99834505465554e+04 
4.74511939246332e+01 9.99825606956478e+04 
4.76545330594890e+01 9.99823464263713e+04 
4.78577067285611e+01 9.99821749240463e+04 
4.80608753693268e+01 9.99827103825736e+04 
4.82638354697416e+01 9.99830987170724e+04 
4.84666467540706e+01 9.99837951904336e+04 
4.86693473168333e+01 9.99845037718285e+04 
4.88719019249858e+01 9.99859870508645e+04 
4.90745027720318e+01 9.99881281509691e+04 
4.92770764391171e+01 9.99897374203810e+04 
4.94796476958813e+01 9.99918408950037e+04 
4.96822204167646e+01 9.99945287840609e+04 
4.98848222239144e+01 9.99963373307001e+04 
5.00874761862161e+01 9.99985314962308e+04 
5.02902390157782e+01 1.00001354249774e+05 
5.04931165644340e+01 1.00002882851564e+05 
5.06960805910771e+01 1.00005172080096e+05 
5.08991333423157e+01 1.00008020308762e+05 
5.11022578645217e+01 1.00009728008200e+05 
5.13054423763076e+01 1.00011256289552e+05 
5.15086548546338e+01 1.00013128544126e+05 
5.17119065645690e+01 1.00013750187835e+05 
5.19151950423545e+01 1.00014969686933e+05 
5.21183745006488e+01 1.00016467657384e+05 
5.23214088774139e+01 1.00017063747056e+05 
5.25242324010963e+01 1.00017114823263e+05 
5.27269607076205e+01 1.00017188229671e+05 
5.29295441731976e+01 1.00016557741274e+05 
5.31319496968064e+01 1.00016095144537e+05 
5.33342472842059e+01 1.00015509457952e+05 
5.35364267211515e+01 1.00014707929403e+05 
5.37385040812235e+01 1.00013275294906e+05 
5.39406083094777e+01 1.00011452934380e+05 
5.41427161596012e+01 1.00009940364133e+05 
5.43448835302565e+01 1.00008001399738e+05 
5.45471108975266e+01 1.00005460646344e+05 
5.47493910082137e+01 1.00003576784211e+05 
5.49517879790564e+01 1.00001269439086e+05 
5.51543020530474e+01 9.99983295258776e+04 
5.53569745540088e+01 9.99966031669285e+04 
5.55598668189212e+01 9.99940674431008e+04 
5.57629126136038e+01 9.99908362698055e+04 
5.59661352293277e+01 9.99888642962795e+04 
5.61694921057413e+01 9.99869949184099e+04 
5.63728862466536e+01 9.99846087886764e+04 
5.65762995126502e+01 9.99837299374337e+04 
5.67797565324227e+01 9.99821548152102e+04 
5.69832411929876e+01 9.99802536104280e+04 
5.71867575597213e+01 9.99795358404243e+04 
5.73902142438224e+01 9.99795087583429e+04 
5.75935504013974e+01 9.99793575946686e+04 
5.77968428105782e+01 9.99802184593070e+04 
5.79999523007818e+01 9.99808365225079e+04 
5.82028720166861e+01 9.99816312996869e+04 
5.84056737401209e+01 9.99826781441660e+04 
5.86082924096970e+01 9.99844583454024e+04 
5.88109369357781e+01 9.99865845619696e+04 
5.90135188227780e+01 9.99884367326574e+04 
5.92160540509742e+01 9.99905978145943e+04 
5.94185604009779e+01 9.99932835369084e+04 
5.96210526984744e+01 9.99951570504732e+04 
5.98235501837237e+01 9.99974131725658e+04 
6.00261485722220e+01 1.00000089629012e+05 
6.02288361841210e+01 1.00001496396430e+05 
6.04316638201486e+01 1.00003621947255e+05 
6.06345686020863e+01 1.00006363472742e+05 
6.08375671479841e+01 1.00007938660571e+05 
6.10406211004055e+01 1.00009391007962e+05 
6.12437426280142e+01 1.00011148428189e+05 
6.14469164445446e+01 1.00011558908432e+05 
6.16501210676312e+01 1.00012681146110e+05 
6.18533579475247e+01 1.00014227031560e+05 
6.20566264173889e+01 1.00014784044206e+05 
6.22597817220211e+01 1.00014886611076e+05 
6.24627995534665e+01 1.00015147059797e+05 
6.26656673735378e+01 1.00014494824765e+05 
6.28683131616467e+01 1.00014262160078e+05 
6.30708195650471e+01 1.00014033038949e+05 
6.32731804840720e+01 1.00013405400414e+05 
6.34753919046854e+01 1.00012209779923e+05 
6.36776034541254e+01 1.00010897205438e+05 
6.38797873688976e+01 1.00009534245749e+05 
6.40819738273611e+01 1.00008047940338e+05 
6.42841784067253e+01 1.00006073159648e+05 
6.44863959670241e+01 1.00004461958513e+05 
6.46886801912706e+01 1.00002399883580e+05 
6.48910662140103e+01 9.99999437638954e+04 
6.50935819241049e+01 9.99983938619422e+04 
6.52963226964966e+01 9.99961839817530e+04 
6.54992405740070e+01 9.99932272880570e+04 
6.57023188561443e+01 9.99913017565044e+04 
6.59055500692646e+01 9.99893666314808e+04 
6.61089027901603e+01 9.99870147393846e+04 
6.63122766649993e+01 9.99860654998166e+04 
6.65156872049080e+01 9.99843685472832e+04 
6.67191280630788e+01 9.99821007718359e+04 
6.69226164912726e+01 9.99810131560439e+04 
6.71261325074319e+01 9.99804279832806e+04 
6.73296169036911e+01 9.99797163671378e+04 
6.75330252299440e+01 9.99801904142578e+04 
6.77363198433455e+01 9.99802549642292e+04 
6.79393888572186e+01 9.99802151042118e+04 
6.81423368894994e+01 9.99807365830537e+04 
6.83450708709156e+01 9.99819270897249e+04 
6.85478069710537e+01 9.99833731057347e+04 
6.87504560574697e+01 9.99850344909640e+04 
6.89530120509714e+01 9.99868967440918e+04 
6.91555074049377e+01 9.99892446966813e+04 
6.93579506481004e+01 9.99910582883493e+04 
6.95603538262472e+01 9.99933714288492e+04 
6.97628467070184e+01 9.99961624976970e+04 
6.99654031500043e+01 9.99978970769538e+04 
7.01680675370484e+01 1.00000336728756e+05 
7.03708128597538e+01 1.00003492167566e+05 
7.05736643918905e+01 1.00005554161584e+05 
7.07765856443493e+01 1.00007622210807e+05 
7.09796045256010e+01 1.00010057419417e+05 
7.11826613299295e+01 1.00011069078895e+05 
7.13857897479778e+01 1.00012840409609e+05 
7.15889661007472e+01 1.00015263427144e+05 
7.17921459341708e+01 1.00016550352436e+05 
7.19953726252105e+01 1.00017501643799e+05 
7.21985718027617e+01 1.00018606721917e+05 
7.24016476186381e+01 1.00018486479932e+05 
7.26045430537818e+01 1.00018803089503e+05 
7.28072213299480e+01 1.00019332580485e+05 
7.30097805999067e+01 1.00019143442576e+05 
7.32121446685061e+01 1.00018372039340e+05 
7.34144836407241e+01 1.00017508130563e+05 
7.36167644759561e+01 1.00016193663793e+05 
7.38189887804541e+01 1.00014779346780e+05 
7.40211919750683e+01 1.00012975841166e+05 
7.42233714635407e+01 1.00011337093291e+05 
7.44255673633598e+01 1.00009189884421e+05 
7.46278498585127e+01 1.00006563684235e+05 
7.48302306656735e+01 1.00004686306427e+05 
7.50327937384072e+01 1.00002151181673e+05 
7.52355063125583e+01 9.99988819396576e+04 
7.54383722282391e+01 9.99965469361938e+04 
7.56414216244544e+01 9.99941243746888e+04 
7.58445981321123e+01 9.99912470207635e+04 
7.60479184214261e+01 9.99897668282300e+04 
7.62512929186171e+01 9.99874992406851e+04 
7.64546964242765e+01 9.99845903753093e+04 
7.66581350680706e+01 9.99829687997120e+04 
7.68616010200597e+01 9.99817691820707e+04 
7.70651079936182e+01 9.99803723400696e+04 
7.72686113724331e+01 9.99803768679067e+04 
7.74720611152207e+01 9.99799168721488e+04 
7.76753133911698e+01 9.99792415904348e+04 
7.78784461857672e+01 9.99793503943342e+04 
7.80813340565300e+01 9.99801794282032e+04 
7.82841986758304e+01 9.99811354988050e+04 
7.84869562928645e+01 9.99826383296379e+04 
7.86895714902216e+01 9.99842225593530e+04 
7.88920942905549e+01 9.99861862940508e+04 
7.90945315913393e+01 9.99878714159294e+04 
7.92968840114831e+01 9.99901351914244e+04 
7.94993122078064e+01 9.99928552818067e+04 
7.97017694779022e+01 9.99947349112477e+04 
7.99042936798559e+01 9.99972650175906e+04 
8.01068697501696e+01 1.00000479681492e+05 
8.03095192442820e+01 1.00002659623261e+05 
8.05122783411067e+01 1.00004872291741e+05 
8.07151532943511e+01 1.00007439047683e+05 
8.09180874917751e+01 1.00008585179740e+05 
8.11211009470289e+01 1.00010547648263e+05 
8.13241348982823e+01 1.00013153706750e+05 
8.15272528948804e+01 1.00014618970587e+05 
8.17303892546740e+01 1.00015706657577e+05 
8.19335573112213e+01 1.00016977882767e+05 
8.21368014274263e+01 1.00016984482804e+05 
8.23398733234911e+01 1.00017545779422e+05 
8.25427383975605e+01 1.00018418882306e+05 
8.27454995878572e+01 1.00018495322553e+05 
8.29480798671471e+01 1.00018006406988e+05 
8.31506062535737e+01 1.00017548458248e+05 
8.33530393401760e+01 1.00016447625925e+05 
8.35553612257224e+01 1.00015410684583e+05 
8.37576211955306e+01 1.00014110932442e+05 
8.39598226381276e+01 1.00012798456661e+05 
8.41619894017817e+01 1.00010932080415e+05 
8.43642239682605e+01 1.00008758473122e+05 
8.45665203012387e+01 1.00007070935824e+05 
8.47689483564908e+01 1.00004831643537e+05 
8.49714940232389e+01 1.00001891159152e+05 
8.51741579640687e+01 9.99997435680744e+04 
8.53769978718437e+01 9.99974256759793e+04 
8.55799804902041e+01 9.99946660467355e+04 
8.57831240408108e+01 9.99932453884042e+04 
8.59864536951827e+01 9.99909509276027e+04 
8.61898160798553e+01 9.99879733312960e+04 
8.63932062744392e+01 9.99862459237556e+04 
8.65966229319829e+01 9.99848717747987e+04 
8.68000940443101e+01 9.99831994025563e+04 
8.70035825837327e+01 9.99829543977183e+04 
8.72070843440491e+01 9.99820814444949e+04 
8.74105419344450e+01 9.99809116553587e+04 
8.76138267437083e+01 9.99806932281548e+04 
8.78169205534772e+01 9.99811377942110e+04 
8.80199632675196e+01 9.99815896802800e+04 
8.82228781681249e+01 9.99827981977195e+04 
8.84256106973253e+01 9.99839057813732e+04 
8.86282246424383e+01 9.99852944769223e+04 
8.88307219110573e+01 9.99866566278611e+04 
8.90330924047535e+01 9.99886487752035e+04 
8.92355207597714e+01 9.99910232549671e+04 
8.94379379157647e+01 9.99928344242427e+04 
8.96403799089431e+01 9.99951842448859e+04 
8.98428436218644e+01 9.99981974926567e+04 
9.00453482475632e+01 1.00000307011365e+05 
9.02479204282358e+01 1.00002573335937e+05 
9.04506070166489e+01 1.00005228533572e+05 
9.06534221098573e+01 1.00006492049021e+05 
9.08563074156330e+01 1.00008614582636e+05 
9.10592331034942e+01 1.00011415593965e+05 
9.12622364660194e+01 1.00013054506088e+05 
9.14653252837018e+01 1.00014355265848e+05 
9.16684271913442e+01 1.00015902712357e+05 
9.18715866137494e+01 1.00016115476046e+05 
9.20747842683971e+01 1.00016993349025e+05 
9.22778651165516e+01 1.00018240323036e+05 
9.24808149399466e+01 1.00018591574854e+05 
9.26836400845213e+01 1.00018344484681e+05 
9.28863873614108e+01 1.00018166885436e+05 
9.30890085767134e+01 1.00017207155823e+05 
9.32914663544503e+01 1.00016432681655e+05 
9.34938317764641e+01 1.00015478805413e+05 
9.36961022577806e+01 1.00014353866096e+05 
9.38982898525573e+01 1.00012627816170e+05 
9.41005250280928e+01 1.00010630162507e+05 
9.43027848548941e+01 1.00008950521234e+05 
9.45051224941694e+01 1.00006837048707e+05 
9.47075391235569e+01 1.00004088065545e+05 
9.49100356403763e+01 1.00001989645436e+05 
9.51126679959551e+01 9.99996188869454e+04 
9.53154338342254e+01 9.99968242581508e+04 
9.55183731288411e+01 9.99952476503698e+04 
9.57215113888919e+01 9.99928297532779e+04 
9.59247849047671e+01 9.99896831569395e+04 
9.61281201802749e+01 9.99877602162205e+04 
9.63314994562056e+01 9.99860979468425e+04 
9.65349076935859e+01 9.99841185803868e+04 
9.67383385387505e+01 9.99835964102745e+04 
9.69418207081187e+01 9.99823720354091e+04 
9.71453287818878e+01 9.99807826335971e+04 
9.73487757563585e+01 9.99802339496238e+04 
9.75521003395735e+01 9.99803715177760e+04 
9.77553203876417e+01 9.99804942256962e+04 
9.79584256456356e+01 9.99815273223970e+04 
9.81613154578645e+01 9.99823110980978e+04 
9.83640728139437e+01 9.99832686006801e+04 
9.85666800715794e+01 9.99844155882536e+04 
9.87691229821461e+01 9.99862770862900e+04 
9.89716027992200e+01 9.99884873168599e+04 
9.91740397132955e+01 9.99904002962581e+04 
9.93764536462670e+01 9.99927136622805e+04 
9.95788576239822e+01 9.99956413221559e+04 
9.97812656950711e+01 9.99977891579470e+04 
9.99837025244658e+01 1.00000235778483e+05 
1.00186246746907e+02 1.00003082816614e+05 
