# Liste des scalaires : TEMPS pmat 
0.00000000000000e+00 1.00000000000000e+05 
2.04081632653061e-01 1.00000000000000e+05 
4.08042165141975e-01 1.00000000000000e+05 
6.11832106953319e-01 1.00000000000000e+05 
8.15421737498182e-01 1.00000000000000e+05 
1.01884831470558e+00 1.00000000000000e+05 
1.22207818930831e+00 1.00000000000000e+05 
1.42513098547652e+00 1.00000000000000e+05 
1.62798725493260e+00 1.00000000000000e+05 
1.83053493087979e+00 1.00000000000000e+05 
2.03291905653503e+00 1.00000000000000e+05 
2.23520224592158e+00 1.00000000000000e+05 
2.43733969254296e+00 1.00000000000000e+05 
2.63931827049832e+00 1.00000000000000e+05 
2.84120332396323e+00 1.00000000000000e+05 
3.04297858176904e+00 1.00000000000000e+05 
3.24460591464334e+00 1.00000000000000e+05 
3.44612291562131e+00 1.00000000000000e+05 
3.64760922308227e+00 1.00000000000000e+05 
3.84909249851467e+00 1.00000000000000e+05 
4.05064469773747e+00 1.00000000000000e+05 
4.25222294222906e+00 1.00000000000000e+05 
4.45380035517506e+00 1.00000000000000e+05 
4.65542063364273e+00 1.00000000000000e+05 
4.85715243419261e+00 1.00000000000000e+05 
5.05906045928525e+00 1.00000000000000e+05 
5.26119401899534e+00 1.00000000000000e+05 
5.46347898380931e+00 1.00000000000000e+05 
5.66591894484892e+00 1.00000000000000e+05 
5.86852800362132e+00 1.00000000000000e+05 
6.07136345597011e+00 1.00000000000000e+05 
6.27438265108359e+00 1.00000000000000e+05 
6.47752964045090e+00 1.00000000000000e+05 
6.68089073121200e+00 1.00000000000000e+05 
6.88429870550576e+00 1.00000000000000e+05 
7.08769636443068e+00 1.00000000000000e+05 
7.29110827962174e+00 1.00000000000000e+05 
7.49449373816632e+00 1.00000000000000e+05 
7.69790617884871e+00 1.00000000000000e+05 
7.90135044231191e+00 1.00000000000000e+05 
8.10473659770851e+00 1.00000000000000e+05 
8.30800948139133e+00 1.00000000000000e+05 
8.51115234273433e+00 1.00000000000000e+05 
8.71416193711340e+00 1.00000000000000e+05 
8.91719900347831e+00 1.00000000000000e+05 
9.12020204041872e+00 1.00000000000000e+05 
9.32319297435189e+00 1.00000000000000e+05 
9.52619174127014e+00 1.00000000000000e+05 
9.72921908834018e+00 1.00000000000000e+05 
9.93229912946381e+00 1.00000000000000e+05 
1.01354642235065e+01 1.00000000000000e+05 
1.03387225987006e+01 1.00000000000000e+05 
1.05420932760412e+01 1.00000000000000e+05 
1.07455601602491e+01 1.00000000000000e+05 
1.09490636153785e+01 1.00000000000000e+05 
1.11525952040860e+01 1.00000000000000e+05 
1.13559908728595e+01 1.00000000000000e+05 
1.15591577617810e+01 1.00000000000000e+05 
1.17622381240369e+01 1.00000000000000e+05 
1.19650888349948e+01 1.00000000000000e+05 
1.21677288877747e+01 1.00000000000000e+05 
1.23702013159276e+01 1.00000000000000e+05 
1.25725982340610e+01 1.00000000000000e+05 
1.27748516426287e+01 1.00000000000000e+05 
1.29769249867640e+01 1.00000000000000e+05 
1.31787998828658e+01 1.00000000000000e+05 
1.33806014179065e+01 1.00000000000000e+05 
1.35822734033907e+01 1.00000000000000e+05 
1.37839887339651e+01 1.00000000000000e+05 
1.39857022015949e+01 1.00000000000000e+05 
1.41874661286692e+01 1.00000000000000e+05 
1.43892101845392e+01 1.00000000000000e+05 
1.45910326674531e+01 1.00000000000000e+05 
1.47929375836209e+01 1.00000000000000e+05 
1.49949695660416e+01 1.00000000000000e+05 
1.51971475723012e+01 1.00000000000000e+05 
1.53995487529939e+01 1.00000000000000e+05 
1.56020957788436e+01 1.00000000000000e+05 
1.58048076652820e+01 1.00000000000000e+05 
1.60076888558614e+01 1.00000000000000e+05 
1.62106850728960e+01 1.00000000000000e+05 
1.64138636363558e+01 1.00000000000000e+05 
1.66171481416695e+01 1.00000000000000e+05 
1.68205318926791e+01 1.00000000000000e+05 
1.70239717971818e+01 1.00000000000000e+05 
1.72274242526830e+01 1.00000000000000e+05 
1.74308511498678e+01 1.00000000000000e+05 
1.76342505270569e+01 1.00000000000000e+05 
1.78376212420556e+01 1.00000000000000e+05 
1.80409883913594e+01 1.00000000000000e+05 
1.82443050346869e+01 1.00000000000000e+05 
1.84474327837354e+01 1.00000000000000e+05 
1.86505503053125e+01 1.00000000000000e+05 
1.88535932316970e+01 1.00000000000000e+05 
1.90565608622741e+01 1.00000000000000e+05 
1.92594853707276e+01 1.00000000000000e+05 
1.94623796526000e+01 1.00000000000000e+05 
1.96652593507810e+01 1.00000000000000e+05 
1.98682128225951e+01 1.00000000000000e+05 
2.00712299723808e+01 1.00000000000000e+05 
2.02743632772251e+01 1.00000000000000e+05 
2.04775974201162e+01 1.00000000000000e+05 
2.06808993432005e+01 1.00000000000000e+05 
2.08842816624739e+01 1.00000000000000e+05 
2.10877109245459e+01 1.00000000000000e+05 
2.12911865561413e+01 1.00000000000000e+05 
2.14946542636065e+01 1.00000000000000e+05 
2.16979483115182e+01 1.00000000000000e+05 
2.19009928614698e+01 1.00000000000000e+05 
2.21039017811684e+01 1.00000000000000e+05 
2.23066497283774e+01 1.00000000000000e+05 
2.25092177015210e+01 1.00000000000000e+05 
2.27116581345214e+01 1.00000000000000e+05 
2.29139334651086e+01 1.00000000000000e+05 
2.31160467477100e+01 1.00000000000000e+05 
2.33179868862948e+01 1.00000000000000e+05 
2.35199180822287e+01 1.00000000000000e+05 
2.37218051763256e+01 1.00000000000000e+05 
2.39236768880851e+01 1.00000000000000e+05 
2.41255552893581e+01 1.00000000000000e+05 
2.43274126484990e+01 1.00000000000000e+05 
2.45293056915018e+01 1.00000000000000e+05 
2.47312963943893e+01 1.00000000000000e+05 
2.49333962174227e+01 1.00000000000000e+05 
2.51357213393038e+01 1.00000000000000e+05 
2.53382018572701e+01 1.00000000000000e+05 
2.55408488073704e+01 1.00000000000000e+05 
2.57436471827663e+01 1.00000000000000e+05 
2.59465698142901e+01 1.00000000000000e+05 
2.61496583369765e+01 1.00000000000000e+05 
2.63529142216749e+01 1.00000000000000e+05 
2.65562742668140e+01 1.00000000000000e+05 
2.67596972761635e+01 1.00000000000000e+05 
2.69631506643780e+01 1.00000000000000e+05 
2.71666356359982e+01 1.00000000000000e+05 
2.73700949757860e+01 1.00000000000000e+05 
2.75735042909555e+01 1.00000000000000e+05 
2.77768698215134e+01 1.00000000000000e+05 
2.79801634091441e+01 1.00000000000000e+05 
2.81832311137916e+01 1.00000000000000e+05 
2.83862493691881e+01 1.00000000000000e+05 
2.85892005667304e+01 1.00000000000000e+05 
2.87920289759177e+01 1.00000000000000e+05 
2.89947855911169e+01 1.00000000000000e+05 
2.91974758167431e+01 1.00000000000000e+05 
2.94001081727549e+01 1.00000000000000e+05 
2.96028174869848e+01 1.00000000000000e+05 
2.98055746712193e+01 1.00000000000000e+05 
3.00084175396436e+01 1.00000000000000e+05 
3.02113309117389e+01 1.00000000000000e+05 
3.04143391710080e+01 1.00000000000000e+05 
3.06174347641709e+01 1.00000000000000e+05 
3.08206359225875e+01 1.00000000000000e+05 
3.10238921252226e+01 1.00000000000000e+05 
3.12271617071788e+01 1.00000000000000e+05 
3.14304933723914e+01 1.00000000000000e+05 
3.16338559333766e+01 1.00000000000000e+05 
3.18371697100234e+01 1.00000000000000e+05 
3.20402940171543e+01 1.00000000000000e+05 
3.22432411366959e+01 1.00000000000000e+05 
3.24460329241944e+01 1.00000000000000e+05 
3.26486468730478e+01 1.00000000000000e+05 
3.28510694083674e+01 1.00000000000000e+05 
3.30532799861897e+01 1.00000000000000e+05 
3.32554482102955e+01 1.00000000000000e+05 
3.34575453553804e+01 1.00000000000000e+05 
3.36595641500324e+01 1.00000000000000e+05 
3.38615486883824e+01 1.00000000000000e+05 
3.40634799904239e+01 1.00000000000000e+05 
3.42653996408576e+01 1.00000000000000e+05 
3.44673939566842e+01 1.00000000000001e+05 
3.46694612546547e+01 1.00000000000027e+05 
3.48717036107216e+01 1.00000000000091e+05 
3.50740862371626e+01 1.00000000015400e+05 
3.52766015885758e+01 1.00000000234379e+05 
3.54793183147402e+01 1.00000000672532e+05 
3.56821412870120e+01 1.00000001367930e+05 
3.58851172271814e+01 1.00000002595278e+05 
3.60883109456795e+01 1.00000004589390e+05 
3.62916365042183e+01 1.00000008569144e+05 
3.64950404477902e+01 1.00000015373029e+05 
3.66984690806315e+01 1.00000027814941e+05 
3.69019364923025e+01 1.00000047259686e+05 
3.71054357283456e+01 1.00000081144966e+05 
3.73088956361505e+01 1.00000129797461e+05 
3.75123241222096e+01 1.00000212302217e+05 
3.77157068996436e+01 1.00000337662562e+05 
3.79188884208807e+01 1.00000533784567e+05 
3.81219429731373e+01 1.00000797056565e+05 
3.83249696414713e+01 1.00001187320942e+05 
3.85278282028840e+01 1.00001670834330e+05 
3.87305789313831e+01 1.00002375545428e+05 
3.89332338669238e+01 1.00003298852011e+05 
3.91357862752962e+01 1.00004507396932e+05 
3.93384030966966e+01 1.00005846627827e+05 
3.95410271713939e+01 1.00007488757382e+05 
3.97436993424354e+01 1.00009180436596e+05 
3.99463921856252e+01 1.00011248666926e+05 
4.01491654750551e+01 1.00013528931464e+05 
4.03520289195442e+01 1.00015916453615e+05 
4.05550048910795e+01 1.00017875094351e+05 
4.07580864187294e+01 1.00019726952182e+05 
4.09612286775592e+01 1.00021133591848e+05 
4.11644223380052e+01 1.00022545438435e+05 
4.13676607110112e+01 1.00023800451270e+05 
4.15709452306063e+01 1.00024614293240e+05 
4.17742442700769e+01 1.00024592121715e+05 
4.19775135223546e+01 1.00024122252830e+05 
4.21806564457985e+01 1.00023321143378e+05 
4.23835704544603e+01 1.00022284395318e+05 
4.25863222546333e+01 1.00021089225860e+05 
4.27888279196484e+01 1.00019345434110e+05 
4.29912615982889e+01 1.00017054603331e+05 
4.31935852435500e+01 1.00014291658164e+05 
4.33957815205678e+01 1.00011637091885e+05 
4.35978979487543e+01 1.00008777383641e+05 
4.37999304200929e+01 1.00005786656323e+05 
4.40019076885360e+01 1.00002551429023e+05 
4.42039337320145e+01 9.99994744335232e+04 
4.44060001538986e+01 9.99962412943817e+04 
4.46081858574393e+01 9.99936034362969e+04 
4.48104711684930e+01 9.99908427460118e+04 
4.50128451538969e+01 9.99879574418762e+04 
4.52153736753591e+01 9.99851079615653e+04 
4.54180340147901e+01 9.99828514244705e+04 
4.56208710244056e+01 9.99806301569450e+04 
4.58239099702678e+01 9.99790995201888e+04 
4.60270996589638e+01 9.99774726065557e+04 
4.62304657697298e+01 9.99756851070993e+04 
4.64338688960506e+01 9.99741936261088e+04 
4.66373017077841e+01 9.99734895643907e+04 
4.68407572598015e+01 9.99730053016420e+04 
4.70442546395734e+01 9.99729787977344e+04 
4.72477386480636e+01 9.99729399461746e+04 
4.74511939246332e+01 9.99728513328729e+04 
4.76545330594890e+01 9.99733001050217e+04 
4.78577067285611e+01 9.99744738349183e+04 
4.80608753693268e+01 9.99759554930218e+04 
4.82638354697416e+01 9.99775732877551e+04 
4.84666467540706e+01 9.99792507246369e+04 
4.86693473168333e+01 9.99810843117541e+04 
4.88719019249858e+01 9.99834828397178e+04 
4.90745027720318e+01 9.99862373598785e+04 
4.92770764391171e+01 9.99892035423430e+04 
4.94796476958813e+01 9.99918143790159e+04 
4.96822204167646e+01 9.99945489551729e+04 
4.98848222239144e+01 9.99974577276431e+04 
5.00874761862161e+01 1.00000651270312e+05 
5.02902390157782e+01 1.00003555406764e+05 
5.04931165644340e+01 1.00006472857779e+05 
5.06960805910771e+01 1.00008719739619e+05 
5.08991333423157e+01 1.00011060671280e+05 
5.11022578645217e+01 1.00013531527084e+05 
5.13054423763076e+01 1.00015811415241e+05 
5.15086548546338e+01 1.00017343320840e+05 
5.17119065645690e+01 1.00018633673699e+05 
5.19151950423545e+01 1.00019310632592e+05 
5.21183745006488e+01 1.00020021551993e+05 
5.23214088774139e+01 1.00020780298036e+05 
5.25242324010963e+01 1.00021048202788e+05 
5.27269607076205e+01 1.00020498798784e+05 
5.29295441731976e+01 1.00019633074940e+05 
5.31319496968064e+01 1.00018505708485e+05 
5.33342472842059e+01 1.00017351805659e+05 
5.35364267211515e+01 1.00016192804351e+05 
5.37385040812235e+01 1.00014523397676e+05 
5.39406083094777e+01 1.00012431611671e+05 
5.41427161596012e+01 1.00010140322234e+05 
5.43448835302565e+01 1.00008027918354e+05 
5.45471108975266e+01 1.00005855641932e+05 
5.47493910082137e+01 1.00003565743767e+05 
5.49517879790564e+01 1.00001008877313e+05 
5.51543020530474e+01 9.99986025512656e+04 
5.53569745540088e+01 9.99961864510644e+04 
5.55598668189212e+01 9.99942566987340e+04 
5.57629126136038e+01 9.99921983966567e+04 
5.59661352293277e+01 9.99899530745204e+04 
5.61694921057413e+01 9.99877244266410e+04 
5.63728862466536e+01 9.99860600233818e+04 
5.65762995126502e+01 9.99846101577321e+04 
5.67797565324227e+01 9.99837093803456e+04 
5.69832411929876e+01 9.99826830360697e+04 
5.71867575597213e+01 9.99815459932681e+04 
5.73902142438224e+01 9.99807368389953e+04 
5.75935504013974e+01 9.99806779018775e+04 
5.77968428105782e+01 9.99809848499353e+04 
5.79999523007818e+01 9.99816182524678e+04 
5.82028720166861e+01 9.99822931437112e+04 
5.84056737401209e+01 9.99829302090154e+04 
5.86082924096970e+01 9.99840939806250e+04 
5.88109369357781e+01 9.99858285984451e+04 
5.90135188227780e+01 9.99878959498625e+04 
5.92160540509742e+01 9.99898960488878e+04 
5.94185604009779e+01 9.99919524024046e+04 
5.96210526984744e+01 9.99941194295221e+04 
5.98235501837237e+01 9.99966195668150e+04 
6.00261485722220e+01 9.99991311830235e+04 
6.02288361841210e+01 1.00001742947502e+05 
6.04316638201486e+01 1.00003880923441e+05 
6.06345686020863e+01 1.00006049222527e+05 
6.08375671479841e+01 1.00008320034312e+05 
6.10406211004055e+01 1.00010601858548e+05 
6.12437426280142e+01 1.00012435842340e+05 
6.14469164445446e+01 1.00014160924929e+05 
6.16501210676312e+01 1.00015364856414e+05 
6.18533579475247e+01 1.00016618529696e+05 
6.20566264173889e+01 1.00017946114722e+05 
6.22597817220211e+01 1.00018961135465e+05 
6.24627995534665e+01 1.00019391577659e+05 
6.26656673735378e+01 1.00019525637772e+05 
6.28683131616467e+01 1.00019328961587e+05 
6.30708195650471e+01 1.00019052892870e+05 
6.32731804840720e+01 1.00018732929650e+05 
6.34753919046854e+01 1.00017876638752e+05 
6.36776034541254e+01 1.00016448402083e+05 
6.38797873688976e+01 1.00014702160644e+05 
6.40819738273611e+01 1.00012918621231e+05 
6.42841784067253e+01 1.00011042195331e+05 
6.44863959670241e+01 1.00008997612371e+05 
6.46886801912706e+01 1.00006541783770e+05 
6.48910662140103e+01 1.00003920350669e+05 
6.50935819241049e+01 1.00001148954760e+05 
6.52963226964966e+01 9.99986937881497e+04 
6.54992405740070e+01 9.99961236500766e+04 
6.57023188561443e+01 9.99933892216865e+04 
6.59055500692646e+01 9.99905066676982e+04 
6.61089027901603e+01 9.99879316303544e+04 
6.63122766649993e+01 9.99853813207198e+04 
6.65156872049080e+01 9.99834004880452e+04 
6.67191280630788e+01 9.99813905038486e+04 
6.69226164912726e+01 9.99793484077849e+04 
6.71261325074319e+01 9.99776399039061e+04 
6.73296169036911e+01 9.99766485006474e+04 
6.75330252299440e+01 9.99759647872079e+04 
6.77363198433455e+01 9.99757897643181e+04 
6.79393888572186e+01 9.99757105857618e+04 
6.81423368894994e+01 9.99757336186872e+04 
6.83450708709156e+01 9.99763329424750e+04 
6.85478069710537e+01 9.99776357963683e+04 
6.87504560574697e+01 9.99793296478208e+04 
6.89530120509714e+01 9.99811750855071e+04 
6.91555074049377e+01 9.99831920954853e+04 
6.93579506481004e+01 9.99854123011046e+04 
6.95603538262472e+01 9.99881806456645e+04 
6.97628467070184e+01 9.99912170764819e+04 
6.99654031500043e+01 9.99944152710203e+04 
7.01680675370484e+01 9.99972501774535e+04 
7.03708128597538e+01 1.00000168073154e+05 
7.05736643918905e+01 1.00003173330937e+05 
7.07765856443493e+01 1.00006270531497e+05 
7.09796045256010e+01 1.00008992347813e+05 
7.11826613299295e+01 1.00011586345124e+05 
7.13857897479778e+01 1.00013511484510e+05 
7.15889661007472e+01 1.00015395957631e+05 
7.17921459341708e+01 1.00017291020592e+05 
7.19953726252105e+01 1.00018873525805e+05 
7.21985718027617e+01 1.00019804043917e+05 
7.24016476186381e+01 1.00020453715841e+05 
7.26045430537818e+01 1.00020581511569e+05 
7.28072213299480e+01 1.00020616451928e+05 
7.30097805999067e+01 1.00020597647395e+05 
7.32121446685061e+01 1.00020067942329e+05 
7.34144836407241e+01 1.00018916296715e+05 
7.36167644759561e+01 1.00017460361682e+05 
7.38189887804541e+01 1.00015866721304e+05 
7.40211919750683e+01 1.00014172121053e+05 
7.42233714635407e+01 1.00012347792031e+05 
7.44255673633598e+01 1.00010053470990e+05 
7.46278498585127e+01 1.00007517761866e+05 
7.48302306656735e+01 1.00004843550091e+05 
7.50327937384072e+01 1.00002409457242e+05 
7.52355063125583e+01 9.99998569812698e+04 
7.54383722282391e+01 9.99971554554849e+04 
7.56414216244544e+01 9.99942613501001e+04 
7.58445981321123e+01 9.99916122758695e+04 
7.60479184214261e+01 9.99890146314623e+04 
7.62512929186171e+01 9.99869675697157e+04 
7.64546964242765e+01 9.99848671362050e+04 
7.66581350680706e+01 9.99827005147067e+04 
7.68616010200597e+01 9.99807620768332e+04 
7.70651079936182e+01 9.99794834222441e+04 
7.72686113724331e+01 9.99784983094309e+04 
7.74720611152207e+01 9.99780524039194e+04 
7.76753133911698e+01 9.99776524569137e+04 
7.78784461857672e+01 9.99773137034834e+04 
7.80813340565300e+01 9.99774873137936e+04 
7.82841986758304e+01 9.99783836813350e+04 
7.84869562928645e+01 9.99796599169998e+04 
7.86895714902216e+01 9.99811524809138e+04 
7.88920942905549e+01 9.99827750492642e+04 
7.90945315913393e+01 9.99845651205798e+04 
7.92968840114831e+01 9.99868991662847e+04 
7.94993122078064e+01 9.99895771078447e+04 
7.97017694779022e+01 9.99924657616927e+04 
7.99042936798559e+01 9.99950876775332e+04 
8.01068697501696e+01 9.99978294391445e+04 
8.03095192442820e+01 1.00000679021358e+05 
8.05122783411067e+01 1.00003702938883e+05 
8.07151532943511e+01 1.00006439094686e+05 
8.09180874917751e+01 1.00009102653920e+05 
8.11211009470289e+01 1.00011163109930e+05 
8.13241348982823e+01 1.00013226159600e+05 
8.15272528948804e+01 1.00015338926489e+05 
8.17303892546740e+01 1.00017215676711e+05 
8.19335573112213e+01 1.00018457811689e+05 
8.21368014274263e+01 1.00019405080771e+05 
8.23398733234911e+01 1.00019801327510e+05 
8.25427383975605e+01 1.00020162267487e+05 
8.27454995878572e+01 1.00020505448457e+05 
8.29480798671471e+01 1.00020385959593e+05 
8.31506062535737e+01 1.00019622966211e+05 
8.33530393401760e+01 1.00018556577232e+05 
8.35553612257224e+01 1.00017252268953e+05 
8.37576211955306e+01 1.00015883017760e+05 
8.39598226381276e+01 1.00014431650103e+05 
8.41619894017817e+01 1.00012515619563e+05 
8.43642239682605e+01 1.00010283159477e+05 
8.45665203012387e+01 1.00007864389975e+05 
8.47689483564908e+01 1.00005631832467e+05 
8.49714940232389e+01 1.00003291262463e+05 
8.51741579640687e+01 1.00000811133598e+05 
8.53769978718437e+01 9.99980767071612e+04 
8.55799804902041e+01 9.99954781985152e+04 
8.57831240408108e+01 9.99928667642000e+04 
8.59864536951827e+01 9.99907429759958e+04 
8.61898160798553e+01 9.99885522036901e+04 
8.63932062744392e+01 9.99862617444627e+04 
8.65966229319829e+01 9.99840857169937e+04 
8.68000940443101e+01 9.99824803733073e+04 
8.70035825837327e+01 9.99811153069648e+04 
8.72070843440491e+01 9.99803204113129e+04 
8.74105419344450e+01 9.99795194077843e+04 
8.76138267437083e+01 9.99787764545326e+04 
8.78169205534772e+01 9.99784689406226e+04 
8.80199632675196e+01 9.99788788410608e+04 
8.82228781681249e+01 9.99796502801113e+04 
8.84256106973253e+01 9.99807445194756e+04 
8.86282246424383e+01 9.99819443800547e+04 
8.88307219110573e+01 9.99832796605298e+04 
8.90330924047535e+01 9.99851682119514e+04 
8.92355207597714e+01 9.99875085512058e+04 
8.94379379157647e+01 9.99901085565955e+04 
8.96403799089431e+01 9.99925623213148e+04 
8.98428436218644e+01 9.99951593231849e+04 
9.00453482475632e+01 9.99978772090844e+04 
9.02479204282358e+01 1.00000842569119e+05 
9.04506070166489e+01 1.00003627272108e+05 
9.06534221098573e+01 1.00006400419518e+05 
9.08563074156330e+01 1.00008630053890e+05 
9.10592331034942e+01 1.00010878039491e+05 
9.12622364660194e+01 1.00013177994481e+05 
9.14653252837018e+01 1.00015314385018e+05 
9.16684271913442e+01 1.00016860384861e+05 
9.18715866137494e+01 1.00018143459735e+05 
9.20747842683971e+01 1.00018820222710e+05 
9.22778651165516e+01 1.00019499642721e+05 
9.24808149399466e+01 1.00020153580375e+05 
9.26836400845213e+01 1.00020382296576e+05 
9.28863873614108e+01 1.00019968693254e+05 
9.30890085767134e+01 1.00019243388841e+05 
9.32914663544503e+01 1.00018237591470e+05 
9.34938317764641e+01 1.00017111128750e+05 
9.36961022577806e+01 1.00015959301227e+05 
9.38982898525573e+01 1.00014353765376e+05 
9.41005250280928e+01 1.00012353129460e+05 
9.43027848548941e+01 1.00010144849755e+05 
9.45051224941694e+01 1.00008060158754e+05 
9.47075391235569e+01 1.00005885809657e+05 
9.49100356403763e+01 1.00003585022164e+05 
9.51126679959551e+01 1.00001008586116e+05 
9.53154338342254e+01 9.99984640925567e+04 
9.55183731288411e+01 9.99958593970155e+04 
9.57215113888919e+01 9.99936808215904e+04 
9.59247849047671e+01 9.99914299457971e+04 
9.61281201802749e+01 9.99890768753529e+04 
9.63314994562056e+01 9.99867638444996e+04 
9.65349076935859e+01 9.99849360300240e+04 
9.67383385387505e+01 9.99832676811633e+04 
9.69418207081187e+01 9.99821656327230e+04 
9.71453287818878e+01 9.99810557361003e+04 
9.73487757563585e+01 9.99799477342038e+04 
9.75521003395735e+01 9.99792482249643e+04 
9.77553203876417e+01 9.99792219046325e+04 
9.79584256456356e+01 9.99795247531394e+04 
9.81613154578645e+01 9.99801742891352e+04 
9.83640728139437e+01 9.99809769306094e+04 
9.85666800715794e+01 9.99818683972386e+04 
9.87691229821461e+01 9.99833072438815e+04 
9.89716027992200e+01 9.99852638920824e+04 
9.91740397132955e+01 9.99875273140902e+04 
9.93764536462670e+01 9.99897400090922e+04 
9.95788576239822e+01 9.99920999795968e+04 
9.97812656950711e+01 9.99946174893201e+04 
9.99837025244658e+01 9.99974550550835e+04 
1.00186246746907e+02 1.00000250386297e+05 
