# Liste des scalaires : TEMPS pmat 
0.00000000000000e+00 1.00000000000000e+05 
2.04081632653061e-01 1.00000000000000e+05 
4.08042165141975e-01 1.00000000000000e+05 
6.11832106953319e-01 1.00000000000000e+05 
8.15421737498182e-01 1.00000000000000e+05 
1.01884831470558e+00 1.00000000000000e+05 
1.22207818930831e+00 1.00000000000000e+05 
1.42513098547652e+00 1.00000000000000e+05 
1.62798725493260e+00 1.00000000000000e+05 
1.83053493087979e+00 1.00000000000000e+05 
2.03291905653503e+00 1.00000000000000e+05 
2.23520224592158e+00 1.00000000000000e+05 
2.43733969254296e+00 1.00000000000000e+05 
2.63931827049832e+00 1.00000000000000e+05 
2.84120332396323e+00 1.00000000000000e+05 
3.04297858176904e+00 1.00000000000000e+05 
3.24460591464334e+00 1.00000000000000e+05 
3.44612291562131e+00 1.00000000000000e+05 
3.64760922308227e+00 1.00000000000000e+05 
3.84909249851467e+00 1.00000000000000e+05 
4.05064469773747e+00 1.00000000000000e+05 
4.25222294222906e+00 1.00000000000000e+05 
4.45380035517506e+00 1.00000000000000e+05 
4.65542063364273e+00 1.00000000000000e+05 
4.85715243419261e+00 1.00000000000000e+05 
5.05906045928525e+00 1.00000000000000e+05 
5.26119401899534e+00 1.00000000000000e+05 
5.46347898380931e+00 1.00000000000000e+05 
5.66591894484892e+00 1.00000000000000e+05 
5.86852800362132e+00 1.00000000000000e+05 
6.07136345597011e+00 1.00000000000000e+05 
6.27438265108359e+00 1.00000000000000e+05 
6.47752964045090e+00 1.00000000000000e+05 
6.68089073121200e+00 1.00000000000000e+05 
6.88429870550576e+00 1.00000000000000e+05 
7.08769636443068e+00 1.00000000000000e+05 
7.29110827962174e+00 1.00000000000000e+05 
7.49449373816632e+00 1.00000000000000e+05 
7.69790617884871e+00 1.00000000000000e+05 
7.90135044231191e+00 1.00000000000000e+05 
8.10473659770851e+00 1.00000000000000e+05 
8.30800948139133e+00 1.00000000000000e+05 
8.51115234273433e+00 1.00000000000000e+05 
8.71416193711340e+00 1.00000000000000e+05 
8.91719900347831e+00 1.00000000000000e+05 
9.12020204041872e+00 1.00000000000000e+05 
9.32319297435189e+00 1.00000000000000e+05 
9.52619174127014e+00 1.00000000000000e+05 
9.72921908834018e+00 1.00000000000000e+05 
9.93229912946381e+00 1.00000000000000e+05 
1.01354642235065e+01 1.00000000000000e+05 
1.03387225987006e+01 1.00000000000000e+05 
1.05420932760412e+01 1.00000000000000e+05 
1.07455601602491e+01 1.00000000000000e+05 
1.09490636153785e+01 1.00000000000000e+05 
1.11525952040860e+01 1.00000000000000e+05 
1.13559908728595e+01 1.00000000000000e+05 
1.15591577617810e+01 1.00000000000000e+05 
1.17622381240369e+01 1.00000000000000e+05 
1.19650888349948e+01 1.00000000000000e+05 
1.21677288877747e+01 1.00000000000000e+05 
1.23702013159276e+01 1.00000000000000e+05 
1.25725982340610e+01 1.00000000000000e+05 
1.27748516426287e+01 1.00000000000000e+05 
1.29769249867640e+01 1.00000000000000e+05 
1.31787998828658e+01 1.00000000000000e+05 
1.33806014179065e+01 1.00000000000000e+05 
1.35822734033907e+01 1.00000000000000e+05 
1.37839887339651e+01 1.00000000000000e+05 
1.39857022015949e+01 1.00000000000000e+05 
1.41874661286692e+01 1.00000000000000e+05 
1.43892101845392e+01 1.00000000000000e+05 
1.45910326674531e+01 1.00000000000000e+05 
1.47929375836209e+01 1.00000000000000e+05 
1.49949695660416e+01 1.00000000000000e+05 
1.51971475723012e+01 1.00000000000000e+05 
1.53995487529939e+01 1.00000000000000e+05 
1.56020957788436e+01 1.00000000000000e+05 
1.58048076652820e+01 1.00000000000000e+05 
1.60076888558614e+01 1.00000000000000e+05 
1.62106850728960e+01 1.00000000000000e+05 
1.64138636363558e+01 1.00000000000000e+05 
1.66171481416695e+01 1.00000000000000e+05 
1.68205318926791e+01 1.00000000000000e+05 
1.70239717971818e+01 1.00000000000000e+05 
1.72274242526830e+01 1.00000000000000e+05 
1.74308511498678e+01 1.00000000000000e+05 
1.76342505270569e+01 1.00000000000000e+05 
1.78376212420556e+01 1.00000000000000e+05 
1.80409883913594e+01 1.00000000000000e+05 
1.82443050346869e+01 1.00000000000000e+05 
1.84474327837354e+01 1.00000000000000e+05 
1.86505503053125e+01 1.00000000000000e+05 
1.88535932316970e+01 1.00000000000000e+05 
1.90565608622741e+01 1.00000000000000e+05 
1.92594853707276e+01 1.00000000000000e+05 
1.94623796526000e+01 1.00000000000000e+05 
1.96652593507810e+01 1.00000000000000e+05 
1.98682128225951e+01 1.00000000000000e+05 
2.00712299723808e+01 1.00000000000000e+05 
2.02743632772251e+01 1.00000000000000e+05 
2.04775974201162e+01 1.00000000000000e+05 
2.06808993432005e+01 1.00000000000000e+05 
2.08842816624739e+01 1.00000000000000e+05 
2.10877109245459e+01 1.00000000000000e+05 
2.12911865561413e+01 1.00000000000000e+05 
2.14946542636065e+01 1.00000000000000e+05 
2.16979483115182e+01 1.00000000000000e+05 
2.19009928614698e+01 1.00000000000000e+05 
2.21039017811684e+01 1.00000000000002e+05 
2.23066497283774e+01 1.00000000000014e+05 
2.25092177015210e+01 1.00000000000115e+05 
2.27116581345214e+01 1.00000000009945e+05 
2.29139334651086e+01 1.00000000300778e+05 
2.31160467477100e+01 1.00000000907311e+05 
2.33179868862948e+01 1.00000002077840e+05 
2.35199180822287e+01 1.00000003899706e+05 
2.37218051763256e+01 1.00000007913393e+05 
2.39236768880851e+01 1.00000017348168e+05 
2.41255552893581e+01 1.00000034705689e+05 
2.43274126484990e+01 1.00000065781157e+05 
2.45293056915018e+01 1.00000127335666e+05 
2.47312963943893e+01 1.00000230431617e+05 
2.49333962174227e+01 1.00000405151532e+05 
2.51357213393038e+01 1.00000725135684e+05 
2.53382018572701e+01 1.00001232429023e+05 
2.55408488073704e+01 1.00001969811788e+05 
2.57436471827663e+01 1.00003177776016e+05 
2.59465698142901e+01 1.00004953320664e+05 
2.61496583369765e+01 1.00007382519720e+05 
2.63529142216749e+01 1.00010742479727e+05 
2.65562742668140e+01 1.00014566449819e+05 
2.67596972761635e+01 1.00018270929819e+05 
2.69631506643780e+01 1.00022773307570e+05 
2.71666356359982e+01 1.00028034231481e+05 
2.73700949757860e+01 1.00033223325507e+05 
2.75735042909555e+01 1.00038281337946e+05 
2.77768698215134e+01 1.00041356626327e+05 
2.79801634091441e+01 1.00042129493164e+05 
2.81832311137916e+01 1.00043927217536e+05 
2.83862493691881e+01 1.00045937594402e+05 
2.85892005667304e+01 1.00047439329132e+05 
2.87920289759177e+01 1.00047429083994e+05 
2.89947855911169e+01 1.00043661020152e+05 
2.91974758167431e+01 1.00037596571557e+05 
2.94001081727549e+01 1.00033953449536e+05 
2.96028174869848e+01 1.00030189951824e+05 
2.98055746712193e+01 1.00026487044915e+05 
3.00084175396436e+01 1.00020991806781e+05 
3.02113309117389e+01 1.00012914432443e+05 
3.04143391710080e+01 1.00004155206408e+05 
3.06174347641709e+01 9.99979723983867e+04 
3.08206359225875e+01 9.99917104880756e+04 
3.10238921252226e+01 9.99862096129624e+04 
3.12271617071788e+01 9.99802095067374e+04 
3.14304933723914e+01 9.99743383316323e+04 
3.16338559333766e+01 9.99696986087082e+04 
3.18371697100234e+01 9.99655669074657e+04 
3.20402940171543e+01 9.99612263793285e+04 
3.22432411366959e+01 9.99577788830005e+04 
3.24460329241944e+01 9.99546834718175e+04 
3.26486468730478e+01 9.99543083016641e+04 
3.28510694083674e+01 9.99558183955878e+04 
3.30532799861897e+01 9.99551021499358e+04 
3.32554482102955e+01 9.99539683536732e+04 
3.34575453553804e+01 9.99528080774372e+04 
3.36595641500324e+01 9.99530107008316e+04 
3.38615486883824e+01 9.99568966989583e+04 
3.40634799904239e+01 9.99627943044829e+04 
3.42653996408576e+01 9.99647967934743e+04 
3.44673939566842e+01 9.99664521791788e+04 
3.46694612546547e+01 9.99672631318976e+04 
3.48717036107216e+01 9.99701103918969e+04 
3.50740862371626e+01 9.99762276818130e+04 
3.52766015885758e+01 9.99838954829551e+04 
3.54793183147402e+01 9.99879053087533e+04 
3.56821412870120e+01 9.99919020920897e+04 
3.58851172271814e+01 9.99950708598576e+04 
3.60883109456795e+01 9.99995793714620e+04 
3.62916365042183e+01 1.00005781846706e+05 
3.64950404477902e+01 1.00012126880943e+05 
3.66984690806315e+01 1.00016894142282e+05 
3.69019364923025e+01 1.00021779714722e+05 
3.71054357283456e+01 1.00025997045789e+05 
3.73088956361505e+01 1.00030330703178e+05 
3.75123241222096e+01 1.00033313827323e+05 
3.77157068996436e+01 1.00034876450854e+05 
3.79188884208807e+01 1.00037600395722e+05 
3.81219429731373e+01 1.00040673539321e+05 
3.83249696414713e+01 1.00043138681215e+05 
3.85278282028840e+01 1.00044237194130e+05 
3.87305789313831e+01 1.00041704529615e+05 
3.89332338669238e+01 1.00037100730566e+05 
3.91357862752962e+01 1.00036172515474e+05 
3.93384030966966e+01 1.00035514158867e+05 
3.95410271713939e+01 1.00034916990445e+05 
3.97436993424354e+01 1.00032080724160e+05 
3.99463921856252e+01 1.00025704601263e+05 
4.01491654750551e+01 1.00017826608450e+05 
4.03520289195442e+01 1.00014230689650e+05 
4.05550048910795e+01 1.00010555541684e+05 
4.07580864187294e+01 1.00007516318499e+05 
4.09612286775592e+01 1.00003100953295e+05 
4.11644223380052e+01 9.99966855384937e+04 
4.13676607110112e+01 9.99903042003073e+04 
4.15709452306063e+01 9.99864175118977e+04 
4.17742442700769e+01 9.99824297828017e+04 
4.19775135223546e+01 9.99790804816679e+04 
4.21806564457985e+01 9.99752745809167e+04 
4.23835704544603e+01 9.99722618247256e+04 
4.25863222546333e+01 9.99706337935947e+04 
4.27888279196484e+01 9.99678497788301e+04 
4.29912615982889e+01 9.99646553796205e+04 
4.31935852435500e+01 9.99615197136593e+04 
4.33957815205678e+01 9.99591707022888e+04 
4.35978979487543e+01 9.99602091331716e+04 
4.37999304200929e+01 9.99631536418521e+04 
4.40019076885360e+01 9.99620432805846e+04 
4.42039337320145e+01 9.99606350107210e+04 
4.44060001538986e+01 9.99586476736083e+04 
4.46081858574393e+01 9.99586682651257e+04 
4.48104711684930e+01 9.99628388545005e+04 
4.50128451538969e+01 9.99687401508936e+04 
4.52153736753591e+01 9.99700875986847e+04 
4.54180340147901e+01 9.99716145792413e+04 
4.56208710244056e+01 9.99727267454937e+04 
4.58239099702678e+01 9.99759616364588e+04 
4.60270996589638e+01 9.99822984623463e+04 
4.62304657697298e+01 9.99891103292235e+04 
4.64338688960506e+01 9.99930826897990e+04 
4.66373017077841e+01 9.99977930411831e+04 
4.68407572598015e+01 1.00002737366725e+05 
4.70442546395734e+01 1.00008512544008e+05 
4.72477386480636e+01 1.00013658418594e+05 
4.74511939246332e+01 1.00017271987048e+05 
4.76545330594890e+01 1.00021787997549e+05 
4.78577067285611e+01 1.00026792463308e+05 
4.80608753693268e+01 1.00031991321370e+05 
4.82638354697416e+01 1.00036140119349e+05 
4.84666467540706e+01 1.00036491479298e+05 
4.86693473168333e+01 1.00034284134291e+05 
4.88719019249858e+01 1.00036056813104e+05 
4.90745027720318e+01 1.00037987857392e+05 
4.92770764391171e+01 1.00040427451040e+05 
4.94796476958813e+01 1.00040398098559e+05 
4.96822204167646e+01 1.00035969087354e+05 
4.98848222239144e+01 1.00029692641057e+05 
5.00874761862161e+01 1.00028175402583e+05 
5.02902390157782e+01 1.00026597648689e+05 
5.04931165644340e+01 1.00025508286358e+05 
5.06960805910771e+01 1.00022276945152e+05 
5.08991333423157e+01 1.00016057933815e+05 
5.11022578645217e+01 1.00009440084786e+05 
5.13054423763076e+01 1.00006231099783e+05 
5.15086548546338e+01 1.00002498349709e+05 
5.17119065645690e+01 9.99986629961273e+04 
5.19151950423545e+01 9.99938741100128e+04 
5.21183745006488e+01 9.99893229520996e+04 
5.23214088774139e+01 9.99860297272327e+04 
5.25242324010963e+01 9.99822645544909e+04 
5.27269607076205e+01 9.99777663790187e+04 
5.29295441731976e+01 9.99727705172799e+04 
5.31319496968064e+01 9.99682140366985e+04 
5.33342472842059e+01 9.99670379958898e+04 
5.35364267211515e+01 9.99682964161859e+04 
5.37385040812235e+01 9.99656373235503e+04 
5.39406083094777e+01 9.99625795005848e+04 
5.41427161596012e+01 9.99586505019101e+04 
5.43448835302565e+01 9.99570385382493e+04 
5.45471108975266e+01 9.99602990562098e+04 
5.47493910082137e+01 9.99656782467418e+04 
5.49517879790564e+01 9.99659121037874e+04 
5.51543020530474e+01 9.99662718921945e+04 
5.53569745540088e+01 9.99661385783152e+04 
5.55598668189212e+01 9.99686595320576e+04 
5.57629126136038e+01 9.99751143176785e+04 
5.59661352293277e+01 9.99827667098429e+04 
5.61694921057413e+01 9.99862886657937e+04 
5.63728862466536e+01 9.99903837382601e+04 
5.65762995126502e+01 9.99947446620817e+04 
5.67797565324227e+01 1.00000552888166e+05 
5.69832411929876e+01 1.00006843934567e+05 
5.71867575597213e+01 1.00011989618366e+05 
5.73902142438224e+01 1.00016566800365e+05 
5.75935504013974e+01 1.00021840910192e+05 
5.77968428105782e+01 1.00027315729630e+05 
5.79999523007818e+01 1.00032301459258e+05 
5.82028720166861e+01 1.00033894701566e+05 
5.84056737401209e+01 1.00032752721572e+05 
5.86082924096970e+01 1.00035143461641e+05 
5.88109369357781e+01 1.00037927157438e+05 
5.90135188227780e+01 1.00041207227617e+05 
5.92160540509742e+01 1.00042098393886e+05 
5.94185604009779e+01 1.00038041112631e+05 
5.96210526984744e+01 1.00031638157000e+05 
5.98235501837237e+01 1.00030865642693e+05 
6.00261485722220e+01 1.00030198679536e+05 
6.02288361841210e+01 1.00030336962536e+05 
6.04316638201486e+01 1.00027785636022e+05 
6.06345686020863e+01 1.00021227390863e+05 
6.08375671479841e+01 1.00013681739945e+05 
6.10406211004055e+01 1.00010866575521e+05 
6.12437426280142e+01 1.00007732104825e+05 
6.14469164445446e+01 1.00004771434385e+05 
6.16501210676312e+01 1.00000239330407e+05 
6.18533579475247e+01 9.99947858450853e+04 
6.20566264173889e+01 9.99902233387046e+04 
6.22597817220211e+01 9.99865838501274e+04 
6.24627995534665e+01 9.99822108271462e+04 
6.26656673735378e+01 9.99774616009672e+04 
6.28683131616467e+01 9.99726942596916e+04 
6.30708195650471e+01 9.99705432264726e+04 
6.32731804840720e+01 9.99708094680307e+04 
6.34753919046854e+01 9.99676002027825e+04 
6.36776034541254e+01 9.99637145598966e+04 
6.38797873688976e+01 9.99591470281003e+04 
6.40819738273611e+01 9.99566357081855e+04 
6.42841784067253e+01 9.99590916484820e+04 
6.44863959670241e+01 9.99640808038304e+04 
6.46886801912706e+01 9.99634485217698e+04 
6.48910662140103e+01 9.99623857442859e+04 
6.50935819241049e+01 9.99611236788017e+04 
6.52963226964966e+01 9.99626148046765e+04 
6.54992405740070e+01 9.99688624489800e+04 
6.57023188561443e+01 9.99767359617697e+04 
6.59055500692646e+01 9.99796099280140e+04 
6.61089027901603e+01 9.99828961755707e+04 
6.63122766649993e+01 9.99862266225184e+04 
6.65156872049080e+01 9.99915033356874e+04 
6.67191280630788e+01 9.99984519115578e+04 
6.69226164912726e+01 1.00004834607635e+05 
6.71261325074319e+01 1.00009549682032e+05 
6.73296169036911e+01 1.00014830407071e+05 
6.75330252299440e+01 1.00020310815566e+05 
6.77363198433455e+01 1.00025764860593e+05 
6.79393888572186e+01 1.00028640460446e+05 
6.81423368894994e+01 1.00028980855979e+05 
6.83450708709156e+01 1.00032123139865e+05 
6.85478069710537e+01 1.00035613414547e+05 
6.87504560574697e+01 1.00039693809724e+05 
6.89530120509714e+01 1.00041672143863e+05 
6.91555074049377e+01 1.00038706539117e+05 
6.93579506481004e+01 1.00033118733256e+05 
6.95603538262472e+01 1.00033108532696e+05 
6.97628467070184e+01 1.00033436972420e+05 
6.99654031500043e+01 1.00034418009321e+05 
7.01680675370484e+01 1.00032819427672e+05 
7.03708128597538e+01 1.00026698433100e+05 
7.05736643918905e+01 1.00019146521783e+05 
7.07765856443493e+01 1.00016931878746e+05 
7.09796045256010e+01 1.00014572911320e+05 
7.11826613299295e+01 1.00012529253410e+05 
7.13857897479778e+01 1.00008755005318e+05 
7.15889661007472e+01 1.00003265616794e+05 
7.17921459341708e+01 9.99981261515128e+04 
7.19953726252105e+01 9.99947988877996e+04 
7.21985718027617e+01 9.99909143232618e+04 
7.24016476186381e+01 9.99866731988706e+04 
7.26045430537818e+01 9.99820747787542e+04 
7.28072213299480e+01 9.99793203192445e+04 
7.30097805999067e+01 9.99784240952432e+04 
7.32121446685061e+01 9.99749417337049e+04 
7.34144836407241e+01 9.99708291798468e+04 
7.36167644759561e+01 9.99658682407966e+04 
7.38189887804541e+01 9.99625329171692e+04 
7.40211919750683e+01 9.99635646630558e+04 
7.42233714635407e+01 9.99672734744987e+04 
7.44255673633598e+01 9.99657066029055e+04 
7.46278498585127e+01 9.99635498436698e+04 
7.48302306656735e+01 9.99609698556866e+04 
7.50327937384072e+01 9.99610060805847e+04 
7.52355063125583e+01 9.99658336148381e+04 
7.54383722282391e+01 9.99726184157000e+04 
7.56414216244544e+01 9.99742750543468e+04 
7.58445981321123e+01 9.99762397741903e+04 
7.60479184214261e+01 9.99782282945918e+04 
7.62512929186171e+01 9.99823206800914e+04 
7.64546964242765e+01 9.99889527392093e+04 
7.66581350680706e+01 9.99956025867655e+04 
7.68616010200597e+01 9.99999689718349e+04 
7.70651079936182e+01 1.00004825376813e+05 
7.72686113724331e+01 1.00009942564837e+05 
7.74720611152207e+01 1.00015581654452e+05 
7.76753133911698e+01 1.00019574697070e+05 
7.78784461857672e+01 1.00021522579828e+05 
7.80813340565300e+01 1.00025391151122e+05 
7.82841986758304e+01 1.00029637744335e+05 
7.84869562928645e+01 1.00034327325416e+05 
7.86895714902216e+01 1.00037478765080e+05 
7.88920942905549e+01 1.00036241302669e+05 
7.90945315913393e+01 1.00032198689139e+05 
7.92968840114831e+01 1.00033145588170e+05 
7.94993122078064e+01 1.00034671112368e+05 
7.97017694779022e+01 1.00036728974499e+05 
7.99042936798559e+01 1.00036279092463e+05 
8.01068697501696e+01 1.00031227481575e+05 
8.03095192442820e+01 1.00024438922979e+05 
8.05122783411067e+01 1.00022963155161e+05 
8.07151532943511e+01 1.00021477559277e+05 
8.09180874917751e+01 1.00020420966831e+05 
8.11211009470289e+01 1.00017430075538e+05 
8.13241348982823e+01 1.00011920250475e+05 
8.15272528948804e+01 1.00006292538976e+05 
8.17303892546740e+01 1.00003317796823e+05 
8.19335573112213e+01 9.99999132699379e+04 
8.21368014274263e+01 9.99962532246415e+04 
8.23398733234911e+01 9.99917984543430e+04 
8.25427383975605e+01 9.99883089002519e+04 
8.27454995878572e+01 9.99862718521873e+04 
8.29480798671471e+01 9.99825467493402e+04 
8.31506062535737e+01 9.99781985364045e+04 
8.33530393401760e+01 9.99730834749132e+04 
8.35553612257224e+01 9.99689430761447e+04 
8.37576211955306e+01 9.99688257267081e+04 
8.39598226381276e+01 9.99710528446932e+04 
8.41619894017817e+01 9.99685752537258e+04 
8.43642239682605e+01 9.99657760309528e+04 
8.45665203012387e+01 9.99620851863916e+04 
8.47689483564908e+01 9.99609378277034e+04 
8.49714940232389e+01 9.99645440536757e+04 
8.51741579640687e+01 9.99703022921876e+04 
8.53769978718437e+01 9.99710359192666e+04 
8.55799804902041e+01 9.99717320063292e+04 
8.57831240408108e+01 9.99723392256223e+04 
8.59864536951827e+01 9.99754207536412e+04 
8.61898160798553e+01 9.99817810145587e+04 
8.63932062744392e+01 9.99885639711735e+04 
8.65966229319829e+01 9.99923779562819e+04 
8.68000940443101e+01 9.99967626806720e+04 
8.70035825837327e+01 1.00001366893666e+05 
8.72070843440491e+01 1.00006949745057e+05 
8.74105419344450e+01 1.00011861169607e+05 
8.76138267437083e+01 1.00015124560085e+05 
8.78169205534772e+01 1.00019371157899e+05 
8.80199632675196e+01 1.00024028122730e+05 
8.82228781681249e+01 1.00029071228062e+05 
8.84256106973253e+01 1.00033095452142e+05 
8.86282246424383e+01 1.00033045292292e+05 
8.88307219110573e+01 1.00030296715219e+05 
8.90330924047535e+01 1.00032135849790e+05 
8.92355207597714e+01 1.00034387477114e+05 
8.94379379157647e+01 1.00036993511392e+05 
8.96403799089431e+01 1.00037203284163e+05 
8.98428436218644e+01 1.00032716410819e+05 
9.00453482475632e+01 1.00026406747082e+05 
9.02479204282358e+01 1.00025480071122e+05 
9.04506070166489e+01 1.00024547874911e+05 
9.06534221098573e+01 1.00024160482581e+05 
9.08563074156330e+01 1.00021645452472e+05 
9.10592331034942e+01 1.00015927964880e+05 
9.12622364660194e+01 1.00009771405975e+05 
9.14653252837018e+01 1.00007122085271e+05 
9.16684271913442e+01 1.00004078715402e+05 
9.18715866137494e+01 1.00001010979921e+05 
9.20747842683971e+01 9.99968544072580e+04 
9.22778651165516e+01 9.99928676005629e+04 
9.24808149399466e+01 9.99900872910301e+04 
9.26836400845213e+01 9.99865414909235e+04 
9.28863873614108e+01 9.99823692653890e+04 
9.30890085767134e+01 9.99775391084916e+04 
9.32914663544503e+01 9.99732445688259e+04 
9.34938317764641e+01 9.99723904878156e+04 
9.36961022577806e+01 9.99739234199725e+04 
9.38982898525573e+01 9.99711780993762e+04 
9.41005250280928e+01 9.99679506035531e+04 
9.43027848548941e+01 9.99638196753704e+04 
9.45051224941694e+01 9.99621262167513e+04 
9.47075391235569e+01 9.99652809989950e+04 
9.49100356403763e+01 9.99704527858840e+04 
9.51126679959551e+01 9.99703162450752e+04 
9.53154338342254e+01 9.99702728999654e+04 
9.55183731288411e+01 9.99698371904561e+04 
9.57215113888919e+01 9.99719496515882e+04 
9.59247849047671e+01 9.99779301774255e+04 
9.61281201802749e+01 9.99849344066711e+04 
9.63314994562056e+01 9.99881867180018e+04 
9.65349076935859e+01 9.99918462822755e+04 
9.67383385387505e+01 9.99957231287347e+04 
9.69418207081187e+01 1.00001021291508e+05 
9.71453287818878e+01 1.00006560961804e+05 
9.73487757563585e+01 1.00010880147844e+05 
9.75521003395735e+01 1.00015233698588e+05 
9.77553203876417e+01 1.00020049276374e+05 
9.79584256456356e+01 1.00025171137035e+05 
9.81613154578645e+01 1.00029762668145e+05 
9.83640728139437e+01 1.00030780902847e+05 
9.85666800715794e+01 1.00029212487878e+05 
9.87691229821461e+01 1.00031583204958e+05 
9.89716027992200e+01 1.00034364448339e+05 
9.91740397132955e+01 1.00037704600065e+05 
9.93764536462670e+01 1.00038716224005e+05 
9.95788576239822e+01 1.00034808391692e+05 
9.97812656950711e+01 1.00028785410929e+05 
9.99837025244658e+01 1.00028372792441e+05 
1.00186246746907e+02 1.00028005271896e+05 
