# Liste des scalaires : TEMPS pmat 
0.00000000000000e+00 1.00000000000000e+05 
2.04081632653061e-01 1.00000000000000e+05 
4.08042165141975e-01 1.00000000000000e+05 
6.11832106953319e-01 1.00000000000000e+05 
8.15421737498182e-01 1.00000000000000e+05 
1.01884831470558e+00 1.00000000000000e+05 
1.22207818930831e+00 1.00000000000000e+05 
1.42513098547652e+00 1.00000000000000e+05 
1.62798725493260e+00 1.00000000000000e+05 
1.83053493087979e+00 1.00000000000000e+05 
2.03291905653503e+00 1.00000000000000e+05 
2.23520224592158e+00 1.00000000000000e+05 
2.43733969254296e+00 1.00000000000000e+05 
2.63931827049832e+00 1.00000000000000e+05 
2.84120332396323e+00 1.00000000000000e+05 
3.04297858176904e+00 1.00000000000000e+05 
3.24460591464334e+00 1.00000000000000e+05 
3.44612291562131e+00 1.00000000000000e+05 
3.64760922308227e+00 1.00000000000000e+05 
3.84909249851467e+00 1.00000000000000e+05 
4.05064469773747e+00 1.00000000000000e+05 
4.25222294222906e+00 1.00000000000000e+05 
4.45380035517506e+00 1.00000000000000e+05 
4.65542063364273e+00 1.00000000000000e+05 
4.85715243419261e+00 1.00000000000000e+05 
5.05906045928525e+00 1.00000000000000e+05 
5.26119401899534e+00 1.00000000000000e+05 
5.46347898380931e+00 1.00000000000000e+05 
5.66591894484892e+00 1.00000000000000e+05 
5.86852800362132e+00 1.00000000000000e+05 
6.07136345597011e+00 1.00000000000000e+05 
6.27438265108359e+00 1.00000000000000e+05 
6.47752964045090e+00 1.00000000000000e+05 
6.68089073121200e+00 1.00000000000000e+05 
6.88429870550576e+00 1.00000000000000e+05 
7.08769636443068e+00 1.00000000000000e+05 
7.29110827962174e+00 1.00000000000000e+05 
7.49449373816632e+00 1.00000000000000e+05 
7.69790617884871e+00 1.00000000000000e+05 
7.90135044231191e+00 1.00000000000000e+05 
8.10473659770851e+00 1.00000000000000e+05 
8.30800948139133e+00 1.00000000000000e+05 
8.51115234273433e+00 1.00000000000000e+05 
8.71416193711340e+00 1.00000000000000e+05 
8.91719900347831e+00 1.00000000000000e+05 
9.12020204041872e+00 1.00000000000000e+05 
9.32319297435189e+00 1.00000000000000e+05 
9.52619174127014e+00 1.00000000000000e+05 
9.72921908834018e+00 1.00000000000000e+05 
9.93229912946381e+00 1.00000000000000e+05 
1.01354642235065e+01 1.00000000000000e+05 
1.03387225987006e+01 1.00000000000000e+05 
1.05420932760412e+01 1.00000000000000e+05 
1.07455601602491e+01 1.00000000000000e+05 
1.09490636153785e+01 1.00000000000000e+05 
1.11525952040860e+01 1.00000000000000e+05 
1.13559908728595e+01 1.00000000000000e+05 
1.15591577617810e+01 1.00000000000000e+05 
1.17622381240369e+01 1.00000000000000e+05 
1.19650888349948e+01 1.00000000000000e+05 
1.21677288877747e+01 1.00000000000000e+05 
1.23702013159276e+01 1.00000000000000e+05 
1.25725982340610e+01 1.00000000000000e+05 
1.27748516426287e+01 1.00000000000000e+05 
1.29769249867640e+01 1.00000000000000e+05 
1.31787998828658e+01 1.00000000000000e+05 
1.33806014179065e+01 1.00000000000000e+05 
1.35822734033907e+01 1.00000000000000e+05 
1.37839887339651e+01 1.00000000000000e+05 
1.39857022015949e+01 1.00000000000000e+05 
1.41874661286692e+01 1.00000000000000e+05 
1.43892101845392e+01 1.00000000000000e+05 
1.45910326674531e+01 1.00000000000000e+05 
1.47929375836209e+01 1.00000000000000e+05 
1.49949695660416e+01 1.00000000000000e+05 
1.51971475723012e+01 1.00000000000000e+05 
1.53995487529939e+01 1.00000000000000e+05 
1.56020957788436e+01 1.00000000000000e+05 
1.58048076652820e+01 1.00000000000000e+05 
1.60076888558614e+01 1.00000000000000e+05 
1.62106850728960e+01 1.00000000000000e+05 
1.64138636363558e+01 1.00000000000000e+05 
1.66171481416695e+01 1.00000000000000e+05 
1.68205318926791e+01 1.00000000000000e+05 
1.70239717971818e+01 1.00000000000000e+05 
1.72274242526830e+01 1.00000000000000e+05 
1.74308511498678e+01 1.00000000000000e+05 
1.76342505270569e+01 1.00000000000000e+05 
1.78376212420556e+01 1.00000000000000e+05 
1.80409883913594e+01 1.00000000000000e+05 
1.82443050346869e+01 1.00000000000000e+05 
1.84474327837354e+01 1.00000000000000e+05 
1.86505503053125e+01 1.00000000000000e+05 
1.88535932316970e+01 1.00000000000000e+05 
1.90565608622741e+01 1.00000000000000e+05 
1.92594853707276e+01 1.00000000000000e+05 
1.94623796526000e+01 1.00000000000000e+05 
1.96652593507810e+01 1.00000000000000e+05 
1.98682128225951e+01 1.00000000000000e+05 
2.00712299723808e+01 1.00000000000000e+05 
2.02743632772251e+01 1.00000000000000e+05 
2.04775974201162e+01 1.00000000000000e+05 
2.06808993432005e+01 1.00000000000000e+05 
2.08842816624739e+01 1.00000000000000e+05 
2.10877109245459e+01 1.00000000000000e+05 
2.12911865561413e+01 1.00000000000000e+05 
2.14946542636065e+01 1.00000000000000e+05 
2.16979483115182e+01 1.00000000000000e+05 
2.19009928614698e+01 1.00000000000000e+05 
2.21039017811684e+01 1.00000000000000e+05 
2.23066497283774e+01 1.00000000000000e+05 
2.25092177015210e+01 1.00000000000000e+05 
2.27116581345214e+01 1.00000000000000e+05 
2.29139334651086e+01 1.00000000000000e+05 
2.31160467477100e+01 1.00000000000000e+05 
2.33179868862948e+01 1.00000000000000e+05 
2.35199180822287e+01 1.00000000000000e+05 
2.37218051763256e+01 1.00000000000000e+05 
2.39236768880851e+01 1.00000000000000e+05 
2.41255552893581e+01 1.00000000000000e+05 
2.43274126484990e+01 1.00000000000000e+05 
2.45293056915018e+01 1.00000000000000e+05 
2.47312963943893e+01 1.00000000000000e+05 
2.49333962174227e+01 1.00000000000000e+05 
2.51357213393038e+01 1.00000000000000e+05 
2.53382018572701e+01 1.00000000000000e+05 
2.55408488073704e+01 1.00000000000000e+05 
2.57436471827663e+01 1.00000000000000e+05 
2.59465698142901e+01 1.00000000000000e+05 
2.61496583369765e+01 1.00000000000000e+05 
2.63529142216749e+01 1.00000000000000e+05 
2.65562742668140e+01 1.00000000000005e+05 
2.67596972761635e+01 1.00000000000041e+05 
2.69631506643780e+01 1.00000000000052e+05 
2.71666356359982e+01 1.00000000029379e+05 
2.73700949757860e+01 1.00000000378241e+05 
2.75735042909555e+01 1.00000001059266e+05 
2.77768698215134e+01 1.00000002209368e+05 
2.79801634091441e+01 1.00000004134188e+05 
2.81832311137916e+01 1.00000008006921e+05 
2.83862493691881e+01 1.00000016223035e+05 
2.85892005667304e+01 1.00000030108169e+05 
2.87920289759177e+01 1.00000056362019e+05 
2.89947855911169e+01 1.00000099670743e+05 
2.91974758167431e+01 1.00000168575255e+05 
2.94001081727549e+01 1.00000286905452e+05 
2.96028174869848e+01 1.00000498267009e+05 
2.98055746712193e+01 1.00000807130466e+05 
3.00084175396436e+01 1.00001297560323e+05 
3.02113309117389e+01 1.00001982849410e+05 
3.04143391710080e+01 1.00002892372047e+05 
3.06174347641709e+01 1.00004152980762e+05 
3.08206359225875e+01 1.00005931404017e+05 
3.10238921252226e+01 1.00008044606698e+05 
3.12271617071788e+01 1.00010611781139e+05 
3.14304933723914e+01 1.00013342427695e+05 
3.16338559333766e+01 1.00016162209511e+05 
3.18371697100234e+01 1.00019067638696e+05 
3.20402940171543e+01 1.00022160799521e+05 
3.22432411366959e+01 1.00025058225663e+05 
3.24460329241944e+01 1.00027648201140e+05 
3.26486468730478e+01 1.00029551771793e+05 
3.28510694083674e+01 1.00031051377852e+05 
3.30532799861897e+01 1.00032085700975e+05 
3.32554482102955e+01 1.00032806633166e+05 
3.34575453553804e+01 1.00033156436809e+05 
3.36595641500324e+01 1.00033049827126e+05 
3.38615486883824e+01 1.00032329945940e+05 
3.40634799904239e+01 1.00031320181146e+05 
3.42653996408576e+01 1.00029906852058e+05 
3.44673939566842e+01 1.00027951883988e+05 
3.46694612546547e+01 1.00025514319334e+05 
3.48717036107216e+01 1.00022556085563e+05 
3.50740862371626e+01 1.00019255705252e+05 
3.52766015885758e+01 1.00015859243676e+05 
3.54793183147402e+01 1.00012302187640e+05 
3.56821412870120e+01 1.00008112870769e+05 
3.58851172271814e+01 1.00003489611115e+05 
3.60883109456795e+01 9.99983975685553e+04 
3.62916365042183e+01 9.99933829537999e+04 
3.64950404477902e+01 9.99884753442324e+04 
3.66984690806315e+01 9.99837789313763e+04 
3.69019364923025e+01 9.99786606110241e+04 
3.71054357283456e+01 9.99734938263845e+04 
3.73088956361505e+01 9.99683444661448e+04 
3.75123241222096e+01 9.99640161073495e+04 
3.77157068996436e+01 9.99601934039753e+04 
3.79188884208807e+01 9.99570668559568e+04 
3.81219429731373e+01 9.99540400508812e+04 
3.83249696414713e+01 9.99513700928154e+04 
3.85278282028840e+01 9.99492311673919e+04 
3.87305789313831e+01 9.99482204670540e+04 
3.89332338669238e+01 9.99477951296311e+04 
3.91357862752962e+01 9.99481799114325e+04 
3.93384030966966e+01 9.99491479281759e+04 
3.95410271713939e+01 9.99507860739707e+04 
3.97436993424354e+01 9.99532519561239e+04 
3.99463921856252e+01 9.99565958533505e+04 
4.01491654750551e+01 9.99602744511167e+04 
4.03520289195442e+01 9.99643682506537e+04 
4.05550048910795e+01 9.99692230973763e+04 
4.07580864187294e+01 9.99745975229554e+04 
4.09612286775592e+01 9.99806072029428e+04 
4.11644223380052e+01 9.99867783761386e+04 
4.13676607110112e+01 9.99927026728683e+04 
4.15709452306063e+01 9.99983645828351e+04 
4.17742442700769e+01 1.00004420171755e+05 
4.19775135223546e+01 1.00010494641100e+05 
4.21806564457985e+01 1.00016588215374e+05 
4.23835704544603e+01 1.00021794402701e+05 
4.25863222546333e+01 1.00026394812254e+05 
4.27888279196484e+01 1.00030190498620e+05 
4.29912615982889e+01 1.00033870395300e+05 
4.31935852435500e+01 1.00037179379714e+05 
4.33957815205678e+01 1.00040013854041e+05 
4.35978979487543e+01 1.00041681681534e+05 
4.37999304200929e+01 1.00042704696552e+05 
4.40019076885360e+01 1.00042955971435e+05 
4.42039337320145e+01 1.00042873065999e+05 
4.44060001538986e+01 1.00042288662427e+05 
4.46081858574393e+01 1.00041035204821e+05 
4.48104711684930e+01 1.00038946858911e+05 
4.50128451538969e+01 1.00036568117687e+05 
4.52153736753591e+01 1.00033865520905e+05 
4.54180340147901e+01 1.00030799604303e+05 
4.56208710244056e+01 1.00027394707140e+05 
4.58239099702678e+01 1.00023376440259e+05 
4.60270996589638e+01 1.00019071340384e+05 
4.62304657697298e+01 1.00014849789147e+05 
4.64338688960506e+01 1.00010749968155e+05 
4.66373017077841e+01 1.00006347080650e+05 
4.68407572598015e+01 1.00001883175597e+05 
4.70442546395734e+01 9.99972090150380e+04 
4.72477386480636e+01 9.99929253827250e+04 
4.74511939246332e+01 9.99890026164769e+04 
4.76545330594890e+01 9.99855198443842e+04 
4.78577067285611e+01 9.99819433297260e+04 
4.80608753693268e+01 9.99785247021012e+04 
4.82638354697416e+01 9.99753125145595e+04 
4.84666467540706e+01 9.99729000255117e+04 
4.86693473168333e+01 9.99710133101284e+04 
4.88719019249858e+01 9.99696585203433e+04 
4.90745027720318e+01 9.99684301771990e+04 
4.92770764391171e+01 9.99675717934720e+04 
4.94796476958813e+01 9.99673263431597e+04 
4.96822204167646e+01 9.99679366573784e+04 
4.98848222239144e+01 9.99689463003753e+04 
5.00874761862161e+01 9.99703808434892e+04 
5.02902390157782e+01 9.99721909530970e+04 
5.04931165644340e+01 9.99743400445196e+04 
5.06960805910771e+01 9.99771477826683e+04 
5.08991333423157e+01 9.99804167933271e+04 
5.11022578645217e+01 9.99837807452793e+04 
5.13054423763076e+01 9.99872236111183e+04 
5.15086548546338e+01 9.99909432963887e+04 
5.17119065645690e+01 9.99947520910841e+04 
5.19151950423545e+01 9.99988130426016e+04 
5.21183745006488e+01 1.00002651064112e+05 
5.23214088774139e+01 1.00006209128186e+05 
5.25242324010963e+01 1.00009413707667e+05 
5.27269607076205e+01 1.00012630118570e+05 
5.29295441731976e+01 1.00015686349041e+05 
5.31319496968064e+01 1.00018562606791e+05 
5.33342472842059e+01 1.00020793894270e+05 
5.35364267211515e+01 1.00022614675713e+05 
5.37385040812235e+01 1.00023973957270e+05 
5.39406083094777e+01 1.00025186047984e+05 
5.41427161596012e+01 1.00026077609593e+05 
5.43448835302565e+01 1.00026455785870e+05 
5.45471108975266e+01 1.00026117780938e+05 
5.47493910082137e+01 1.00025434409391e+05 
5.49517879790564e+01 1.00024413274365e+05 
5.51543020530474e+01 1.00023090383771e+05 
5.53569745540088e+01 1.00021472330984e+05 
5.55598668189212e+01 1.00019216871826e+05 
5.57629126136038e+01 1.00016511242267e+05 
5.59661352293277e+01 1.00013640173729e+05 
5.61694921057413e+01 1.00010629669025e+05 
5.63728862466536e+01 1.00007273310116e+05 
5.65762995126502e+01 1.00003749616056e+05 
5.67797565324227e+01 9.99998103084603e+04 
5.69832411929876e+01 9.99958951838819e+04 
5.71867575597213e+01 9.99921518705436e+04 
5.73902142438224e+01 9.99886408418904e+04 
5.75935504013974e+01 9.99850365116347e+04 
5.77968428105782e+01 9.99816127429532e+04 
5.79999523007818e+01 9.99782470242417e+04 
5.82028720166861e+01 9.99754624077556e+04 
5.84056737401209e+01 9.99730513306993e+04 
5.86082924096970e+01 9.99711457090244e+04 
5.88109369357781e+01 9.99695035245715e+04 
5.90135188227780e+01 9.99682932305255e+04 
5.92160540509742e+01 9.99676058647861e+04 
5.94185604009779e+01 9.99676906799613e+04 
5.96210526984744e+01 9.99681472320227e+04 
5.98235501837237e+01 9.99690224981426e+04 
6.00261485722220e+01 9.99703532614993e+04 
6.02288361841210e+01 9.99721068121640e+04 
6.04316638201486e+01 9.99745265190523e+04 
6.06345686020863e+01 9.99774341187790e+04 
6.08375671479841e+01 9.99804824566909e+04 
6.10406211004055e+01 9.99836369342721e+04 
6.12437426280142e+01 9.99872211123102e+04 
6.14469164445446e+01 9.99910273592040e+04 
6.16501210676312e+01 9.99952649888803e+04 
6.18533579475247e+01 9.99994052167374e+04 
6.20566264173889e+01 1.00003310505759e+05 
6.22597817220211e+01 1.00006879192508e+05 
6.24627995534665e+01 1.00010543988358e+05 
6.26656673735378e+01 1.00014056058773e+05 
6.28683131616467e+01 1.00017515855540e+05 
6.30708195650471e+01 1.00020394875226e+05 
6.32731804840720e+01 1.00022867930765e+05 
6.34753919046854e+01 1.00024797427757e+05 
6.36776034541254e+01 1.00026463826537e+05 
6.38797873688976e+01 1.00027773004805e+05 
6.40819738273611e+01 1.00028600453569e+05 
6.42841784067253e+01 1.00028698053959e+05 
6.44863959670241e+01 1.00028454222598e+05 
6.46886801912706e+01 1.00027758214063e+05 
6.48910662140103e+01 1.00026648065533e+05 
6.50935819241049e+01 1.00025156150116e+05 
6.52963226964966e+01 1.00023036533805e+05 
6.54992405740070e+01 1.00020457227648e+05 
6.57023188561443e+01 1.00017775125539e+05 
6.59055500692646e+01 1.00014963543810e+05 
6.61089027901603e+01 1.00011740805882e+05 
6.63122766649993e+01 1.00008303876016e+05 
6.65156872049080e+01 1.00004395462233e+05 
6.67191280630788e+01 1.00000515457349e+05 
6.69226164912726e+01 9.99968368326028e+04 
6.71261325074319e+01 9.99934132854781e+04 
6.73296169036911e+01 9.99898131058058e+04 
6.75330252299440e+01 9.99863233681964e+04 
6.77363198433455e+01 9.99827818976739e+04 
6.79393888572186e+01 9.99797487596759e+04 
6.81423368894994e+01 9.99770797520402e+04 
6.83450708709156e+01 9.99749074908201e+04 
6.85478069710537e+01 9.99729516485588e+04 
6.87504560574697e+01 9.99713796718628e+04 
6.89530120509714e+01 9.99702655174308e+04 
6.91555074049377e+01 9.99698953842285e+04 
6.93579506481004e+01 9.99699005837850e+04 
6.95603538262472e+01 9.99703654148472e+04 
6.97628467070184e+01 9.99712659027406e+04 
6.99654031500043e+01 9.99726302324272e+04 
7.01680675370484e+01 9.99746483873717e+04 
7.03708128597538e+01 9.99772085968855e+04 
7.05736643918905e+01 9.99799154431978e+04 
7.07765856443493e+01 9.99827927717070e+04 
7.09796045256010e+01 9.99861210775585e+04 
7.11826613299295e+01 9.99897357513859e+04 
7.13857897479778e+01 9.99938290489585e+04 
7.15889661007472e+01 9.99978984722437e+04 
7.17921459341708e+01 1.00001751797203e+05 
7.19953726252105e+01 1.00005305983645e+05 
7.21985718027617e+01 1.00008997974133e+05 
7.24016476186381e+01 1.00012596656327e+05 
7.26045430537818e+01 1.00016209327662e+05 
7.28072213299480e+01 1.00019259023871e+05 
7.30097805999067e+01 1.00021921582301e+05 
7.32121446685061e+01 1.00024040936566e+05 
7.34144836407241e+01 1.00025972864889e+05 
7.36167644759561e+01 1.00027585718967e+05 
7.38189887804541e+01 1.00028842534457e+05 
7.40211919750683e+01 1.00029381571165e+05 
7.42233714635407e+01 1.00029568904035e+05 
7.44255673633598e+01 1.00029291342541e+05 
7.46278498585127e+01 1.00028639960326e+05 
7.48302306656735e+01 1.00027590818367e+05 
7.50327937384072e+01 1.00025979322726e+05 
7.52355063125583e+01 1.00023818813626e+05 
7.54383722282391e+01 1.00021519335261e+05 
7.56414216244544e+01 1.00019046951400e+05 
7.58445981321123e+01 1.00016141342021e+05 
7.60479184214261e+01 1.00012951021591e+05 
7.62512929186171e+01 1.00009259705937e+05 
7.64546964242765e+01 1.00005484964939e+05 
7.66581350680706e+01 1.00001831649072e+05 
7.68616010200597e+01 9.99983380426188e+04 
7.70651079936182e+01 9.99945809413978e+04 
7.72686113724331e+01 9.99907995911277e+04 
7.74720611152207e+01 9.99868542189681e+04 
7.76753133911698e+01 9.99833574714324e+04 
7.78784461857672e+01 9.99802076508954e+04 
7.80813340565300e+01 9.99775155663342e+04 
7.82841986758304e+01 9.99749268128138e+04 
7.84869562928645e+01 9.99726262158317e+04 
7.86895714902216e+01 9.99706751034104e+04 
7.88920942905549e+01 9.99695161626334e+04 
7.90945315913393e+01 9.99687637836680e+04 
7.92968840114831e+01 9.99685435113618e+04 
7.94993122078064e+01 9.99687038648126e+04 
7.97017694779022e+01 9.99693053546366e+04 
7.99042936798559e+01 9.99705178437088e+04 
8.01068697501696e+01 9.99723993869821e+04 
8.03095192442820e+01 9.99745132279150e+04 
8.05122783411067e+01 9.99768770221158e+04 
8.07151532943511e+01 9.99797110244843e+04 
8.09180874917751e+01 9.99828861183235e+04 
8.11211009470289e+01 9.99866242559365e+04 
8.13241348982823e+01 9.99905190299593e+04 
8.15272528948804e+01 9.99943236148483e+04 
8.17303892546740e+01 9.99979858030375e+04 
8.19335573112213e+01 1.00001886502395e+05 
8.21368014274263e+01 1.00005814046018e+05 
8.23398733234911e+01 1.00009879307240e+05 
8.25427383975605e+01 1.00013481072237e+05 
8.27454995878572e+01 1.00016733520096e+05 
8.29480798671471e+01 1.00019483602070e+05 
8.31506062535737e+01 1.00022118849849e+05 
8.33530393401760e+01 1.00024559256671e+05 
8.35553612257224e+01 1.00026721939545e+05 
8.37576211955306e+01 1.00028148433142e+05 
8.39598226381276e+01 1.00029185491171e+05 
8.41619894017817e+01 1.00029683036394e+05 
8.43642239682605e+01 1.00029857688399e+05 
8.45665203012387e+01 1.00029640239020e+05 
8.47689483564908e+01 1.00028879476828e+05 
8.49714940232389e+01 1.00027471002642e+05 
8.51741579640687e+01 1.00025814832331e+05 
8.53769978718437e+01 1.00023861430992e+05 
8.55799804902041e+01 1.00021483753184e+05 
8.57831240408108e+01 1.00018778970169e+05 
8.59864536951827e+01 1.00015486632411e+05 
8.61898160798553e+01 1.00011962143214e+05 
8.63932062744392e+01 1.00008465164054e+05 
8.65966229319829e+01 1.00005011623238e+05 
8.68000940443101e+01 1.00001252025086e+05 
8.70035825837327e+01 9.99973906912334e+04 
8.72070843440491e+01 9.99932451633381e+04 
8.74105419344450e+01 9.99894219110564e+04 
8.76138267437083e+01 9.99858996224909e+04 
8.78169205534772e+01 9.99828050837979e+04 
8.80199632675196e+01 9.99797183888704e+04 
8.82228781681249e+01 9.99768513729567e+04 
8.84256106973253e+01 9.99742117601098e+04 
8.86282246424383e+01 9.99723191947164e+04 
8.88307219110573e+01 9.99708623266765e+04 
8.90330924047535e+01 9.99699489582898e+04 
8.92355207597714e+01 9.99693546209593e+04 
8.94379379157647e+01 9.99692153044728e+04 
8.96403799089431e+01 9.99696533541777e+04 
8.98428436218644e+01 9.99708172411296e+04 
9.00453482475632e+01 9.99722682887045e+04 
9.02479204282358e+01 9.99740771715483e+04 
9.04506070166489e+01 9.99763507189052e+04 
9.06534221098573e+01 9.99790171933496e+04 
9.08563074156330e+01 9.99823194405197e+04 
9.10592331034942e+01 9.99859447921141e+04 
9.12622364660194e+01 9.99895450753483e+04 
9.14653252837018e+01 9.99930915936213e+04 
9.16684271913442e+01 9.99969222238451e+04 
9.18715866137494e+01 1.00000854179031e+05 
9.20747842683971e+01 1.00005060876314e+05 
9.22778651165516e+01 1.00008953479210e+05 
9.24808149399466e+01 1.00012503341216e+05 
9.26836400845213e+01 1.00015586336959e+05 
9.28863873614108e+01 1.00018647400519e+05 
9.30890085767134e+01 1.00021478096569e+05 
9.32914663544503e+01 1.00024123511917e+05 
9.34938317764641e+01 1.00026087117209e+05 
9.36961022577806e+01 1.00027655480774e+05 
9.38982898525573e+01 1.00028690224625e+05 
9.41005250280928e+01 1.00029424456347e+05 
9.43027848548941e+01 1.00029755601156e+05 
9.45051224941694e+01 1.00029572192570e+05 
9.47075391235569e+01 1.00028711941698e+05 
9.49100356403763e+01 1.00027599149300e+05 
9.51126679959551e+01 1.00026153173343e+05 
9.53154338342254e+01 1.00024287447503e+05 
9.55183731288411e+01 1.00022045112695e+05 
9.57215113888919e+01 1.00019206969069e+05 
9.59247849047671e+01 1.00015995149071e+05 
9.61281201802749e+01 1.00012785196192e+05 
9.63314994562056e+01 1.00009563020685e+05 
9.65349076935859e+01 1.00006014400482e+05 
9.67383385387505e+01 1.00002281616410e+05 
9.69418207081187e+01 9.99981604695617e+04 
9.71453287818878e+01 9.99942133472719e+04 
9.73487757563585e+01 9.99905332152837e+04 
9.75521003395735e+01 9.99872126699413e+04 
9.77553203876417e+01 9.99838003341003e+04 
9.79584256456356e+01 9.99805843181125e+04 
9.81613154578645e+01 9.99774763278817e+04 
9.83640728139437e+01 9.99750243024905e+04 
9.85666800715794e+01 9.99729801750579e+04 
9.87691229821461e+01 9.99714806075843e+04 
9.89716027992200e+01 9.99702699130958e+04 
9.91740397132955e+01 9.99694718206249e+04 
9.93764536462670e+01 9.99692074287791e+04 
9.95788576239822e+01 9.99696994447803e+04 
9.97812656950711e+01 9.99705131708061e+04 
9.99837025244658e+01 9.99717309284307e+04 
1.00186246746907e+02 9.99734150570202e+04 
