# Liste des scalaires : TEMPS pmat 
0.00000000000000e+00 1.00000000000000e+05 
2.04081632653061e-01 1.00000000000000e+05 
4.08042165141975e-01 1.00000000000000e+05 
6.11832106953319e-01 1.00000000000000e+05 
8.15421737498182e-01 1.00000000000000e+05 
1.01884831470558e+00 1.00000000000000e+05 
1.22207818930831e+00 1.00000000000000e+05 
1.42513098547652e+00 1.00000000000000e+05 
1.62798725493260e+00 1.00000000000000e+05 
1.83053493087979e+00 1.00000000000000e+05 
2.03291905653503e+00 1.00000000000000e+05 
2.23520224592158e+00 1.00000000000000e+05 
2.43733969254296e+00 1.00000000000000e+05 
2.63931827049832e+00 1.00000000000000e+05 
2.84120332396323e+00 1.00000000000000e+05 
3.04297858176904e+00 1.00000000000000e+05 
3.24460591464334e+00 1.00000000000000e+05 
3.44612291562131e+00 1.00000000000000e+05 
3.64760922308227e+00 1.00000000000000e+05 
3.84909249851467e+00 1.00000000000000e+05 
4.05064469773747e+00 1.00000000000000e+05 
4.25222294222906e+00 1.00000000000000e+05 
4.45380035517506e+00 1.00000000000000e+05 
4.65542063364273e+00 1.00000000000000e+05 
4.85715243419261e+00 1.00000000000000e+05 
5.05906045928525e+00 1.00000000000000e+05 
5.26119401899534e+00 1.00000000000000e+05 
5.46347898380931e+00 1.00000000000000e+05 
5.66591894484892e+00 1.00000000000000e+05 
5.86852800362132e+00 1.00000000000000e+05 
6.07136345597011e+00 1.00000000000000e+05 
6.27438265108359e+00 1.00000000000000e+05 
6.47752964045090e+00 1.00000000000000e+05 
6.68089073121200e+00 1.00000000000000e+05 
6.88429870550576e+00 1.00000000000000e+05 
7.08769636443068e+00 1.00000000000000e+05 
7.29110827962174e+00 1.00000000000000e+05 
7.49449373816632e+00 1.00000000000000e+05 
7.69790617884871e+00 1.00000000000000e+05 
7.90135044231191e+00 1.00000000000000e+05 
8.10473659770851e+00 1.00000000000000e+05 
8.30800948139133e+00 1.00000000000000e+05 
8.51115234273433e+00 1.00000000000000e+05 
8.71416193711340e+00 1.00000000000000e+05 
8.91719900347831e+00 1.00000000000000e+05 
9.12020204041872e+00 1.00000000000000e+05 
9.32319297435189e+00 1.00000000000000e+05 
9.52619174127014e+00 1.00000000000000e+05 
9.72921908834018e+00 1.00000000000000e+05 
9.93229912946381e+00 1.00000000000000e+05 
1.01354642235065e+01 1.00000000000000e+05 
1.03387225987006e+01 1.00000000000000e+05 
1.05420932760412e+01 1.00000000000000e+05 
1.07455601602491e+01 1.00000000000000e+05 
1.09490636153785e+01 1.00000000000000e+05 
1.11525952040860e+01 1.00000000000000e+05 
1.13559908728595e+01 1.00000000000000e+05 
1.15591577617810e+01 1.00000000000000e+05 
1.17622381240369e+01 1.00000000000000e+05 
1.19650888349948e+01 1.00000000000000e+05 
1.21677288877747e+01 1.00000000000000e+05 
1.23702013159276e+01 1.00000000000000e+05 
1.25725982340610e+01 1.00000000000000e+05 
1.27748516426287e+01 1.00000000000000e+05 
1.29769249867640e+01 1.00000000000000e+05 
1.31787998828658e+01 1.00000000000000e+05 
1.33806014179065e+01 1.00000000000000e+05 
1.35822734033907e+01 1.00000000000000e+05 
1.37839887339651e+01 1.00000000000000e+05 
1.39857022015949e+01 1.00000000000000e+05 
1.41874661286692e+01 1.00000000000000e+05 
1.43892101845392e+01 1.00000000000000e+05 
1.45910326674531e+01 1.00000000000000e+05 
1.47929375836209e+01 1.00000000000000e+05 
1.49949695660416e+01 1.00000000000000e+05 
1.51971475723012e+01 1.00000000000000e+05 
1.53995487529939e+01 1.00000000000000e+05 
1.56020957788436e+01 1.00000000000000e+05 
1.58048076652820e+01 1.00000000000000e+05 
1.60076888558614e+01 1.00000000000000e+05 
1.62106850728960e+01 1.00000000000000e+05 
1.64138636363558e+01 1.00000000000000e+05 
1.66171481416695e+01 1.00000000000000e+05 
1.68205318926791e+01 1.00000000000000e+05 
1.70239717971818e+01 1.00000000000000e+05 
1.72274242526830e+01 1.00000000000000e+05 
1.74308511498678e+01 1.00000000000000e+05 
1.76342505270569e+01 1.00000000000000e+05 
1.78376212420556e+01 1.00000000000000e+05 
1.80409883913594e+01 1.00000000000000e+05 
1.82443050346869e+01 1.00000000000000e+05 
1.84474327837354e+01 1.00000000000000e+05 
1.86505503053125e+01 1.00000000000000e+05 
1.88535932316970e+01 1.00000000000000e+05 
1.90565608622741e+01 1.00000000000000e+05 
1.92594853707276e+01 1.00000000000000e+05 
1.94623796526000e+01 1.00000000000000e+05 
1.96652593507810e+01 1.00000000000000e+05 
1.98682128225951e+01 1.00000000000000e+05 
2.00712299723808e+01 1.00000000000000e+05 
2.02743632772251e+01 1.00000000000000e+05 
2.04775974201162e+01 1.00000000000000e+05 
2.06808993432005e+01 1.00000000000000e+05 
2.08842816624739e+01 1.00000000000000e+05 
2.10877109245459e+01 1.00000000000000e+05 
2.12911865561413e+01 1.00000000000000e+05 
2.14946542636065e+01 1.00000000000000e+05 
2.16979483115182e+01 1.00000000000000e+05 
2.19009928614698e+01 1.00000000000000e+05 
2.21039017811684e+01 1.00000000000000e+05 
2.23066497283774e+01 1.00000000000000e+05 
2.25092177015210e+01 1.00000000000000e+05 
2.27116581345214e+01 1.00000000000000e+05 
2.29139334651086e+01 1.00000000000000e+05 
2.31160467477100e+01 1.00000000000000e+05 
2.33179868862948e+01 1.00000000000000e+05 
2.35199180822287e+01 1.00000000000000e+05 
2.37218051763256e+01 1.00000000000000e+05 
2.39236768880851e+01 1.00000000000000e+05 
2.41255552893581e+01 1.00000000000000e+05 
2.43274126484990e+01 1.00000000000000e+05 
2.45293056915018e+01 1.00000000000000e+05 
2.47312963943893e+01 1.00000000000000e+05 
2.49333962174227e+01 1.00000000000000e+05 
2.51357213393038e+01 1.00000000000000e+05 
2.53382018572701e+01 1.00000000000000e+05 
2.55408488073704e+01 1.00000000000001e+05 
2.57436471827663e+01 1.00000000000022e+05 
2.59465698142901e+01 1.00000000000280e+05 
2.61496583369765e+01 1.00000000002635e+05 
2.63529142216749e+01 1.00000000040014e+05 
2.65562742668140e+01 1.00000000481182e+05 
2.67596972761635e+01 1.00000001508443e+05 
2.69631506643780e+01 1.00000002970461e+05 
2.71666356359982e+01 1.00000005476074e+05 
2.73700949757860e+01 1.00000010815271e+05 
2.75735042909555e+01 1.00000020792929e+05 
2.77768698215134e+01 1.00000039951695e+05 
2.79801634091441e+01 1.00000078880880e+05 
2.81832311137916e+01 1.00000140482898e+05 
2.83862493691881e+01 1.00000229667001e+05 
2.85892005667304e+01 1.00000384384886e+05 
2.87920289759177e+01 1.00000625204962e+05 
2.89947855911169e+01 1.00000988389298e+05 
2.91974758167431e+01 1.00001547429736e+05 
2.94001081727549e+01 1.00002259056130e+05 
2.96028174869848e+01 1.00003086855618e+05 
2.98055746712193e+01 1.00004251093690e+05 
3.00084175396436e+01 1.00005771337190e+05 
3.02113309117389e+01 1.00007521663378e+05 
3.04143391710080e+01 1.00009614181715e+05 
3.06174347641709e+01 1.00011543914402e+05 
3.08206359225875e+01 1.00013278016250e+05 
3.10238921252226e+01 1.00015449727648e+05 
3.12271617071788e+01 1.00017931379303e+05 
3.14304933723914e+01 1.00020210458064e+05 
3.16338559333766e+01 1.00022383224798e+05 
3.18371697100234e+01 1.00023535464230e+05 
3.20402940171543e+01 1.00024107165718e+05 
3.22432411366959e+01 1.00024997782344e+05 
3.24460329241944e+01 1.00026028728867e+05 
3.26486468730478e+01 1.00026825690527e+05 
3.28510694083674e+01 1.00027147202359e+05 
3.30532799861897e+01 1.00026465019467e+05 
3.32554482102955e+01 1.00025109699473e+05 
3.34575453553804e+01 1.00023760383739e+05 
3.36595641500324e+01 1.00022293330975e+05 
3.38615486883824e+01 1.00020783038119e+05 
3.40634799904239e+01 1.00018866455751e+05 
3.42653996408576e+01 1.00016664289909e+05 
3.44673939566842e+01 1.00014033689271e+05 
3.46694612546547e+01 1.00011019750970e+05 
3.48717036107216e+01 1.00007625910222e+05 
3.50740862371626e+01 1.00004358046917e+05 
3.52766015885758e+01 1.00000988920746e+05 
3.54793183147402e+01 9.99982091880420e+04 
3.56821412870120e+01 9.99955175479973e+04 
3.58851172271814e+01 9.99922284738631e+04 
3.60883109456795e+01 9.99884875086673e+04 
3.62916365042183e+01 9.99850258509894e+04 
3.64950404477902e+01 9.99817565141994e+04 
3.66984690806315e+01 9.99799264247036e+04 
3.69019364923025e+01 9.99785276119936e+04 
3.71054357283456e+01 9.99765775573052e+04 
3.73088956361505e+01 9.99742672466953e+04 
3.75123241222096e+01 9.99722277393184e+04 
3.77157068996436e+01 9.99707910836509e+04 
3.79188884208807e+01 9.99709853899190e+04 
3.81219429731373e+01 9.99718369682036e+04 
3.83249696414713e+01 9.99723472336323e+04 
3.85278282028840e+01 9.99728196890279e+04 
3.87305789313831e+01 9.99734930735785e+04 
3.89332338669238e+01 9.99745900704301e+04 
3.91357862752962e+01 9.99766068158501e+04 
3.93384030966966e+01 9.99793073913019e+04 
3.95410271713939e+01 9.99821304077344e+04 
3.97436993424354e+01 9.99851026897283e+04 
3.99463921856252e+01 9.99880229132307e+04 
4.01491654750551e+01 9.99911198867384e+04 
4.03520289195442e+01 9.99939188753301e+04 
4.05550048910795e+01 9.99969205519668e+04 
4.07580864187294e+01 1.00000244087834e+05 
4.09612286775592e+01 1.00003882773868e+05 
4.11644223380052e+01 1.00007175785646e+05 
4.13676607110112e+01 1.00010220385063e+05 
4.15709452306063e+01 1.00012093366862e+05 
4.17742442700769e+01 1.00013716612533e+05 
4.19775135223546e+01 1.00015786547689e+05 
4.21806564457985e+01 1.00018085789270e+05 
4.23835704544603e+01 1.00020160565653e+05 
4.25863222546333e+01 1.00021735688358e+05 
4.27888279196484e+01 1.00021858530799e+05 
4.29912615982889e+01 1.00021540004733e+05 
4.31935852435500e+01 1.00021446738954e+05 
4.33957815205678e+01 1.00021369615221e+05 
4.35978979487543e+01 1.00021228053991e+05 
4.37999304200929e+01 1.00020701979706e+05 
4.40019076885360e+01 1.00019309057279e+05 
4.42039337320145e+01 1.00017305693636e+05 
4.44060001538986e+01 1.00015073674510e+05 
4.46081858574393e+01 1.00012628761180e+05 
4.48104711684930e+01 1.00010158569535e+05 
4.50128451538969e+01 1.00007349761989e+05 
4.52153736753591e+01 1.00004561391161e+05 
4.54180340147901e+01 1.00001529783896e+05 
4.56208710244056e+01 9.99979086737405e+04 
4.58239099702678e+01 9.99938008919466e+04 
4.60270996589638e+01 9.99899428219141e+04 
4.62304657697298e+01 9.99860496425610e+04 
4.64338688960506e+01 9.99831949893168e+04 
4.66373017077841e+01 9.99806610032820e+04 
4.68407572598015e+01 9.99774248003543e+04 
4.70442546395734e+01 9.99737928455652e+04 
4.72477386480636e+01 9.99705145521712e+04 
4.74511939246332e+01 9.99677278089069e+04 
4.76545330594890e+01 9.99666988551320e+04 
4.78577067285611e+01 9.99664204157509e+04 
4.80608753693268e+01 9.99657447117459e+04 
4.82638354697416e+01 9.99649300520294e+04 
4.84666467540706e+01 9.99644368708180e+04 
4.86693473168333e+01 9.99646510780303e+04 
4.88719019249858e+01 9.99661218123539e+04 
4.90745027720318e+01 9.99685551288976e+04 
4.92770764391171e+01 9.99710909623022e+04 
4.94796476958813e+01 9.99738971250633e+04 
4.96822204167646e+01 9.99768054173287e+04 
4.98848222239144e+01 9.99802450280557e+04 
5.00874761862161e+01 9.99838445981650e+04 
5.02902390157782e+01 9.99878157368416e+04 
5.04931165644340e+01 9.99923979200311e+04 
5.06960805910771e+01 9.99974819093033e+04 
5.08991333423157e+01 1.00002201881081e+05 
5.11022578645217e+01 1.00006835351979e+05 
5.13054423763076e+01 1.00010334438607e+05 
5.15086548546338e+01 1.00013582014525e+05 
5.17119065645690e+01 1.00017598730516e+05 
5.19151950423545e+01 1.00022069720680e+05 
5.21183745006488e+01 1.00026035227799e+05 
5.23214088774139e+01 1.00029422491265e+05 
5.25242324010963e+01 1.00030771874226e+05 
5.27269607076205e+01 1.00031461210035e+05 
5.29295441731976e+01 1.00032678350651e+05 
5.31319496968064e+01 1.00034119055387e+05 
5.33342472842059e+01 1.00035200418852e+05 
5.35364267211515e+01 1.00035498440328e+05 
5.37385040812235e+01 1.00034235684171e+05 
5.39406083094777e+01 1.00032142951221e+05 
5.41427161596012e+01 1.00030086605498e+05 
5.43448835302565e+01 1.00027907298425e+05 
5.45471108975266e+01 1.00025637619964e+05 
5.47493910082137e+01 1.00022759128162e+05 
5.49517879790564e+01 1.00019427060212e+05 
5.51543020530474e+01 1.00015594135131e+05 
5.53569745540088e+01 1.00011232229079e+05 
5.55598668189212e+01 1.00006413370950e+05 
5.57629126136038e+01 1.00001922870508e+05 
5.59661352293277e+01 9.99973337382014e+04 
5.61694921057413e+01 9.99935451321333e+04 
5.63728862466536e+01 9.99898717407322e+04 
5.65762995126502e+01 9.99854744099646e+04 
5.67797565324227e+01 9.99805512579194e+04 
5.69832411929876e+01 9.99761668785810e+04 
5.71867575597213e+01 9.99723295122703e+04 
5.73902142438224e+01 9.99705261039881e+04 
5.75935504013974e+01 9.99694023169854e+04 
5.77968428105782e+01 9.99676873557767e+04 
5.79999523007818e+01 9.99656878812376e+04 
5.82028720166861e+01 9.99640560679169e+04 
5.84056737401209e+01 9.99632517092326e+04 
5.86082924096970e+01 9.99642085317813e+04 
5.88109369357781e+01 9.99660153980241e+04 
5.90135188227780e+01 9.99676829453308e+04 
5.92160540509742e+01 9.99693517279890e+04 
5.94185604009779e+01 9.99710491505410e+04 
5.96210526984744e+01 9.99733173723557e+04 
5.98235501837237e+01 9.99762636145866e+04 
6.00261485722220e+01 9.99798427124371e+04 
6.02288361841210e+01 9.99839181821034e+04 
6.04316638201486e+01 9.99884283909912e+04 
6.06345686020863e+01 9.99925632496610e+04 
6.08375671479841e+01 9.99967594184152e+04 
6.10406211004055e+01 1.00000259540771e+05 
6.12437426280142e+01 1.00003692057044e+05 
6.14469164445446e+01 1.00007819250725e+05 
6.16501210676312e+01 1.00012564111026e+05 
6.18533579475247e+01 1.00016828639192e+05 
6.20566264173889e+01 1.00020653222415e+05 
6.22597817220211e+01 1.00022621498323e+05 
6.24627995534665e+01 1.00024091555733e+05 
6.26656673735378e+01 1.00026230481151e+05 
6.28683131616467e+01 1.00028762028676e+05 
6.30708195650471e+01 1.00030984214525e+05 
6.32731804840720e+01 1.00032393770944e+05 
6.34753919046854e+01 1.00031900071427e+05 
6.36776034541254e+01 1.00030677192325e+05 
6.38797873688976e+01 1.00029678350942e+05 
6.40819738273611e+01 1.00028716074446e+05 
6.42841784067253e+01 1.00027605442104e+05 
6.44863959670241e+01 1.00025889747327e+05 
6.46886801912706e+01 1.00023234359833e+05 
6.48910662140103e+01 1.00019906214920e+05 
6.50935819241049e+01 1.00016178162729e+05 
6.52963226964966e+01 1.00012082190630e+05 
6.54992405740070e+01 1.00008194438713e+05 
6.57023188561443e+01 1.00004096601387e+05 
6.59055500692646e+01 1.00000496037795e+05 
6.61089027901603e+01 9.99968242740485e+04 
6.63122766649993e+01 9.99924667916896e+04 
6.65156872049080e+01 9.99874914916315e+04 
6.67191280630788e+01 9.99829721524611e+04 
6.69226164912726e+01 9.99788160399323e+04 
6.71261325074319e+01 9.99764694791271e+04 
6.73296169036911e+01 9.99746825476323e+04 
6.75330252299440e+01 9.99722127535424e+04 
6.77363198433455e+01 9.99693454189766e+04 
6.79393888572186e+01 9.99667726588355e+04 
6.81423368894994e+01 9.99650729083955e+04 
6.83450708709156e+01 9.99654449531690e+04 
6.85478069710537e+01 9.99665417378044e+04 
6.87504560574697e+01 9.99673638867951e+04 
6.89530120509714e+01 9.99681602192997e+04 
6.91555074049377e+01 9.99690725710829e+04 
6.93579506481004e+01 9.99706362498158e+04 
6.95603538262472e+01 9.99732331334570e+04 
6.97628467070184e+01 9.99765591468224e+04 
6.99654031500043e+01 9.99802565215303e+04 
7.01680675370484e+01 9.99843127826122e+04 
7.03708128597538e+01 9.99881425778618e+04 
7.05736643918905e+01 9.99922113574269e+04 
7.07765856443493e+01 9.99957705033812e+04 
7.09796045256010e+01 9.99994676246123e+04 
7.11826613299295e+01 1.00003838767012e+05 
7.13857897479778e+01 1.00008841105592e+05 
7.15889661007472e+01 1.00013382914411e+05 
7.17921459341708e+01 1.00017610203886e+05 
7.19953726252105e+01 1.00020069177081e+05 
7.21985718027617e+01 1.00022050592302e+05 
7.24016476186381e+01 1.00024781222443e+05 
7.26045430537818e+01 1.00027959160444e+05 
7.28072213299480e+01 1.00030819496207e+05 
7.30097805999067e+01 1.00032890783620e+05 
7.32121446685061e+01 1.00032889184328e+05 
7.34144836407241e+01 1.00032157970648e+05 
7.36167644759561e+01 1.00031813862477e+05 
7.38189887804541e+01 1.00031534666253e+05 
7.40211919750683e+01 1.00031098608186e+05 
7.42233714635407e+01 1.00030127150659e+05 
7.44255673633598e+01 1.00027918409129e+05 
7.46278498585127e+01 1.00024890328482e+05 
7.48302306656735e+01 1.00021613909736e+05 
7.50327937384072e+01 1.00018058391854e+05 
7.52355063125583e+01 1.00014594912714e+05 
7.54383722282391e+01 1.00010798926773e+05 
7.56414216244544e+01 1.00007263304537e+05 
7.58445981321123e+01 1.00003474031433e+05 
7.60479184214261e+01 9.99990409869845e+04 
7.62512929186171e+01 9.99939846483863e+04 
7.64546964242765e+01 9.99893063977591e+04 
7.66581350680706e+01 9.99848544680065e+04 
7.68616010200597e+01 9.99819679120747e+04 
7.70651079936182e+01 9.99795079695700e+04 
7.72686113724331e+01 9.99762502218508e+04 
7.74720611152207e+01 9.99724942392113e+04 
7.76753133911698e+01 9.99691101161173e+04 
7.78784461857672e+01 9.99663834705955e+04 
7.80813340565300e+01 9.99658463187970e+04 
7.82841986758304e+01 9.99660515803687e+04 
7.84869562928645e+01 9.99658928796021e+04 
7.86895714902216e+01 9.99656170689033e+04 
7.88920942905549e+01 9.99654198672217e+04 
7.90945315913393e+01 9.99659368176712e+04 
7.92968840114831e+01 9.99678812048072e+04 
7.94993122078064e+01 9.99707178735303e+04 
7.97017694779022e+01 9.99737781244339e+04 
7.99042936798559e+01 9.99771370126732e+04 
8.01068697501696e+01 9.99804399605078e+04 
8.03095192442820e+01 9.99841688337525e+04 
8.05122783411067e+01 9.99878320422729e+04 
8.07151532943511e+01 9.99918119013362e+04 
8.09180874917751e+01 9.99964507923198e+04 
8.11211009470289e+01 1.00001688211283e+05 
8.13241348982823e+01 1.00006471465632e+05 
8.15272528948804e+01 1.00011048375557e+05 
8.17303892546740e+01 1.00014171193744e+05 
8.19335573112213e+01 1.00016930449617e+05 
8.21368014274263e+01 1.00020519058454e+05 
8.23398733234911e+01 1.00024610220430e+05 
8.25427383975605e+01 1.00028204825363e+05 
8.27454995878572e+01 1.00031163197928e+05 
8.29480798671471e+01 1.00031949375250e+05 
8.31506062535737e+01 1.00032016889466e+05 
8.33530393401760e+01 1.00032571498942e+05 
8.35553612257224e+01 1.00033357358035e+05 
8.37576211955306e+01 1.00033875401404e+05 
8.39598226381276e+01 1.00033618951528e+05 
8.41619894017817e+01 1.00032075557567e+05 
8.43642239682605e+01 1.00029551038620e+05 
8.45665203012387e+01 1.00026999070329e+05 
8.47689483564908e+01 1.00024269832477e+05 
8.49714940232389e+01 1.00021497875946e+05 
8.51741579640687e+01 1.00018258125597e+05 
8.53769978718437e+01 1.00014864045633e+05 
8.55799804902041e+01 1.00011110967462e+05 
8.57831240408108e+01 1.00006735317166e+05 
8.59864536951827e+01 1.00001830097644e+05 
8.61898160798553e+01 9.99972890365573e+04 
8.63932062744392e+01 9.99928765500783e+04 
8.65966229319829e+01 9.99896396107298e+04 
8.68000940443101e+01 9.99866884090690e+04 
8.70035825837327e+01 9.99829422945766e+04 
8.72070843440491e+01 9.99786193183703e+04 
8.74105419344450e+01 9.99747847098045e+04 
8.76138267437083e+01 9.99715869946493e+04 
8.78169205534772e+01 9.99704406466090e+04 
8.80199632675196e+01 9.99699688211788e+04 
8.82228781681249e+01 9.99689337729321e+04 
8.84256106973253e+01 9.99676313518080e+04 
8.86282246424383e+01 9.99666158986895e+04 
8.88307219110573e+01 9.99663486542441e+04 
8.90330924047535e+01 9.99676511741959e+04 
8.92355207597714e+01 9.99698075640594e+04 
8.94379379157647e+01 9.99720316189248e+04 
8.96403799089431e+01 9.99744401279743e+04 
8.98428436218644e+01 9.99769472764372e+04 
9.00453482475632e+01 9.99800197606998e+04 
9.02479204282358e+01 9.99833741408687e+04 
9.04506070166489e+01 9.99871096124209e+04 
9.06534221098573e+01 9.99914994308978e+04 
9.08563074156330e+01 9.99964153316780e+04 
9.10592331034942e+01 1.00000919566109e+05 
9.12622364660194e+01 1.00005385076362e+05 
9.14653252837018e+01 1.00008765024955e+05 
9.16684271913442e+01 1.00011886650684e+05 
9.18715866137494e+01 1.00015841770229e+05 
9.20747842683971e+01 1.00020383462055e+05 
9.22778651165516e+01 1.00024391670135e+05 
9.24808149399466e+01 1.00027809273547e+05 
9.26836400845213e+01 1.00029163031132e+05 
9.28863873614108e+01 1.00029868193431e+05 
9.30890085767134e+01 1.00031191409152e+05 
9.32914663544503e+01 1.00032777180648e+05 
9.34938317764641e+01 1.00034014979488e+05 
9.36961022577806e+01 1.00034453031843e+05 
9.38982898525573e+01 1.00033277901265e+05 
9.41005250280928e+01 1.00031259814463e+05 
9.43027848548941e+01 1.00029275599618e+05 
9.45051224941694e+01 1.00027170190013e+05 
9.47075391235569e+01 1.00024938068459e+05 
9.49100356403763e+01 1.00022153758740e+05 
9.51126679959551e+01 1.00018950221353e+05 
9.53154338342254e+01 1.00015281133345e+05 
9.55183731288411e+01 1.00011009043509e+05 
9.57215113888919e+01 1.00006240682911e+05 
9.59247849047671e+01 1.00001816432265e+05 
9.61281201802749e+01 9.99974060256100e+04 
9.63314994562056e+01 9.99939238228765e+04 
9.65349076935859e+01 9.99906252591906e+04 
9.67383385387505e+01 9.99864893517069e+04 
9.69418207081187e+01 9.99817319100975e+04 
9.71453287818878e+01 9.99775087512862e+04 
9.73487757563585e+01 9.99738379200588e+04 
9.75521003395735e+01 9.99721818991700e+04 
9.77553203876417e+01 9.99711322057865e+04 
9.79584256456356e+01 9.99694414177373e+04 
9.81613154578645e+01 9.99674462629439e+04 
9.83640728139437e+01 9.99657983080478e+04 
9.85666800715794e+01 9.99649565714218e+04 
9.87691229821461e+01 9.99658849015599e+04 
9.89716027992200e+01 9.99676465677472e+04 
9.91740397132955e+01 9.99693345048848e+04 
9.93764536462670e+01 9.99711252438301e+04 
9.95788576239822e+01 9.99730340405789e+04 
9.97812656950711e+01 9.99755902528058e+04 
9.99837025244658e+01 9.99787440229547e+04 
1.00186246746907e+02 9.99824066248958e+04 
