# Liste des scalaires : TEMPS pmat 
0.00000000000000e+00 1.00000000000000e+05 
2.04081632653061e-01 1.00000000000000e+05 
4.08042165141975e-01 1.00000000000000e+05 
6.11832106953319e-01 1.00000000000000e+05 
8.15421737498182e-01 1.00000000000000e+05 
1.01884831470558e+00 1.00000000000000e+05 
1.22207818930831e+00 1.00000000000000e+05 
1.42513098547652e+00 1.00000000000000e+05 
1.62798725493260e+00 1.00000000000000e+05 
1.83053493087979e+00 1.00000000000000e+05 
2.03291905653503e+00 1.00000000000000e+05 
2.23520224592158e+00 1.00000000000000e+05 
2.43733969254296e+00 1.00000000000000e+05 
2.63931827049832e+00 1.00000000000000e+05 
2.84120332396323e+00 1.00000000000000e+05 
3.04297858176904e+00 1.00000000000000e+05 
3.24460591464334e+00 1.00000000000000e+05 
3.44612291562131e+00 1.00000000000000e+05 
3.64760922308227e+00 1.00000000000000e+05 
3.84909249851467e+00 1.00000000000000e+05 
4.05064469773747e+00 1.00000000000000e+05 
4.25222294222906e+00 1.00000000000000e+05 
4.45380035517506e+00 1.00000000000000e+05 
4.65542063364273e+00 1.00000000000000e+05 
4.85715243419261e+00 1.00000000000000e+05 
5.05906045928525e+00 1.00000000000000e+05 
5.26119401899534e+00 1.00000000000000e+05 
5.46347898380931e+00 1.00000000000000e+05 
5.66591894484892e+00 1.00000000000000e+05 
5.86852800362132e+00 1.00000000000000e+05 
6.07136345597011e+00 1.00000000000000e+05 
6.27438265108359e+00 1.00000000000000e+05 
6.47752964045090e+00 1.00000000000000e+05 
6.68089073121200e+00 1.00000000000000e+05 
6.88429870550576e+00 1.00000000000000e+05 
7.08769636443068e+00 1.00000000000000e+05 
7.29110827962174e+00 1.00000000000000e+05 
7.49449373816632e+00 1.00000000000000e+05 
7.69790617884871e+00 1.00000000000000e+05 
7.90135044231191e+00 1.00000000000000e+05 
8.10473659770851e+00 1.00000000000000e+05 
8.30800948139133e+00 1.00000000000000e+05 
8.51115234273433e+00 1.00000000000000e+05 
8.71416193711340e+00 1.00000000000000e+05 
8.91719900347831e+00 1.00000000000000e+05 
9.12020204041872e+00 1.00000000000000e+05 
9.32319297435189e+00 1.00000000000000e+05 
9.52619174127014e+00 1.00000000000000e+05 
9.72921908834018e+00 1.00000000000000e+05 
9.93229912946381e+00 1.00000000000000e+05 
1.01354642235065e+01 1.00000000000000e+05 
1.03387225987006e+01 1.00000000000000e+05 
1.05420932760412e+01 1.00000000000000e+05 
1.07455601602491e+01 1.00000000000000e+05 
1.09490636153785e+01 1.00000000000000e+05 
1.11525952040860e+01 1.00000000000000e+05 
1.13559908728595e+01 1.00000000000000e+05 
1.15591577617810e+01 1.00000000000000e+05 
1.17622381240369e+01 1.00000000000000e+05 
1.19650888349948e+01 1.00000000000000e+05 
1.21677288877747e+01 1.00000000000000e+05 
1.23702013159276e+01 1.00000000000000e+05 
1.25725982340610e+01 1.00000000000000e+05 
1.27748516426287e+01 1.00000000000000e+05 
1.29769249867640e+01 1.00000000000000e+05 
1.31787998828658e+01 1.00000000000000e+05 
1.33806014179065e+01 1.00000000000000e+05 
1.35822734033907e+01 1.00000000000000e+05 
1.37839887339651e+01 1.00000000000000e+05 
1.39857022015949e+01 1.00000000000000e+05 
1.41874661286692e+01 1.00000000000000e+05 
1.43892101845392e+01 1.00000000000000e+05 
1.45910326674531e+01 1.00000000000000e+05 
1.47929375836209e+01 1.00000000000000e+05 
1.49949695660416e+01 1.00000000000000e+05 
1.51971475723012e+01 1.00000000000000e+05 
1.53995487529939e+01 1.00000000000000e+05 
1.56020957788436e+01 1.00000000000000e+05 
1.58048076652820e+01 1.00000000000019e+05 
1.60076888558614e+01 1.00000000000185e+05 
1.62106850728960e+01 1.00000000005948e+05 
1.64138636363558e+01 1.00000000177933e+05 
1.66171481416695e+01 1.00000000682940e+05 
1.68205318926791e+01 1.00000001418435e+05 
1.70239717971818e+01 1.00000003068973e+05 
1.72274242526830e+01 1.00000006298526e+05 
1.74308511498678e+01 1.00000013794822e+05 
1.76342505270569e+01 1.00000027632138e+05 
1.78376212420556e+01 1.00000047866446e+05 
1.80409883913594e+01 1.00000092244644e+05 
1.82443050346869e+01 1.00000167539774e+05 
1.84474327837354e+01 1.00000288231984e+05 
1.86505503053125e+01 1.00000509127316e+05 
1.88535932316970e+01 1.00000832415135e+05 
1.90565608622741e+01 1.00001212059024e+05 
1.92594853707276e+01 1.00001895370591e+05 
1.94623796526000e+01 1.00002797879106e+05 
1.96652593507810e+01 1.00003999366498e+05 
1.98682128225951e+01 1.00005764509043e+05 
2.00712299723808e+01 1.00007806483153e+05 
2.02743632772251e+01 1.00009645972451e+05 
2.04775974201162e+01 1.00012318679222e+05 
2.06808993432005e+01 1.00015074744318e+05 
2.08842816624739e+01 1.00018132419033e+05 
2.10877109245459e+01 1.00021682028806e+05 
2.12911865561413e+01 1.00024858797960e+05 
2.14946542636065e+01 1.00026761219288e+05 
2.16979483115182e+01 1.00028943191856e+05 
2.19009928614698e+01 1.00030769704005e+05 
2.21039017811684e+01 1.00032596361397e+05 
2.23066497283774e+01 1.00034234189486e+05 
2.25092177015210e+01 1.00035367278712e+05 
2.27116581345214e+01 1.00035477933891e+05 
2.29139334651086e+01 1.00035437779407e+05 
2.31160467477100e+01 1.00035521514558e+05 
2.33179868862948e+01 1.00035864026023e+05 
2.35199180822287e+01 1.00035666869331e+05 
2.37218051763256e+01 1.00035128218357e+05 
2.39236768880851e+01 1.00034222789178e+05 
2.41255552893581e+01 1.00032972570156e+05 
2.43274126484990e+01 1.00032127598218e+05 
2.45293056915018e+01 1.00031410600850e+05 
2.47312963943893e+01 1.00029653931340e+05 
2.49333962174227e+01 1.00027512080432e+05 
2.51357213393038e+01 1.00025674809319e+05 
2.53382018572701e+01 1.00023009749865e+05 
2.55408488073704e+01 1.00020729102202e+05 
2.57436471827663e+01 1.00018021550301e+05 
2.59465698142901e+01 1.00013775025689e+05 
2.61496583369765e+01 1.00009016724851e+05 
2.63529142216749e+01 1.00005671586287e+05 
2.65562742668140e+01 1.00001248935112e+05 
2.67596972761635e+01 9.99971220139528e+04 
2.69631506643780e+01 9.99922498863497e+04 
2.71666356359982e+01 9.99860644415491e+04 
2.73700949757860e+01 9.99797959935950e+04 
2.75735042909555e+01 9.99757352667650e+04 
2.77768698215134e+01 9.99709311695375e+04 
2.79801634091441e+01 9.99662590602833e+04 
2.81832311137916e+01 9.99612681795933e+04 
2.83862493691881e+01 9.99561030567064e+04 
2.85892005667304e+01 9.99515253823519e+04 
2.87920289759177e+01 9.99488972905756e+04 
2.89947855911169e+01 9.99461012058100e+04 
2.91974758167431e+01 9.99436983850571e+04 
2.94001081727549e+01 9.99419105188109e+04 
2.96028174869848e+01 9.99414696088791e+04 
2.98055746712193e+01 9.99420931433093e+04 
3.00084175396436e+01 9.99429142503823e+04 
3.02113309117389e+01 9.99442017879113e+04 
3.04143391710080e+01 9.99452305413848e+04 
3.06174347641709e+01 9.99474135029108e+04 
3.08206359225875e+01 9.99515372122645e+04 
3.10238921252226e+01 9.99562851040550e+04 
3.12271617071788e+01 9.99592636043740e+04 
3.14304933723914e+01 9.99628462971255e+04 
3.16338559333766e+01 9.99656687334757e+04 
3.18371697100234e+01 9.99695717531371e+04 
3.20402940171543e+01 9.99754270202760e+04 
3.22432411366959e+01 9.99816023855329e+04 
3.24460329241944e+01 9.99851988544236e+04 
3.26486468730478e+01 9.99894606395234e+04 
3.28510694083674e+01 9.99930998887248e+04 
3.30532799861897e+01 9.99976132759724e+04 
3.32554482102955e+01 1.00003338630343e+05 
3.34575453553804e+01 1.00008994718070e+05 
3.36595641500324e+01 1.00012606568273e+05 
3.38615486883824e+01 1.00016575441454e+05 
3.40634799904239e+01 1.00020279795455e+05 
3.42653996408576e+01 1.00023981866321e+05 
3.44673939566842e+01 1.00027694730529e+05 
3.46694612546547e+01 1.00030906966742e+05 
3.48717036107216e+01 1.00033388810989e+05 
3.50740862371626e+01 1.00036039891761e+05 
3.52766015885758e+01 1.00038525938381e+05 
3.54793183147402e+01 1.00040015990026e+05 
3.56821412870120e+01 1.00040235371734e+05 
3.58851172271814e+01 1.00039596300056e+05 
3.60883109456795e+01 1.00039770271890e+05 
3.62916365042183e+01 1.00039727247541e+05 
3.64950404477902e+01 1.00039857802725e+05 
3.66984690806315e+01 1.00038177439382e+05 
3.69019364923025e+01 1.00034339983385e+05 
3.71054357283456e+01 1.00029831259220e+05 
3.73088956361505e+01 1.00027471845477e+05 
3.75123241222096e+01 1.00024736647702e+05 
3.77157068996436e+01 1.00022493419547e+05 
3.79188884208807e+01 1.00018572231905e+05 
3.81219429731373e+01 1.00012757803285e+05 
3.83249696414713e+01 1.00006863073080e+05 
3.85278282028840e+01 1.00003422646759e+05 
3.87305789313831e+01 9.99997145296181e+04 
3.89332338669238e+01 9.99964814747365e+04 
3.91357862752962e+01 9.99924836105497e+04 
3.93384030966966e+01 9.99881716797496e+04 
3.95410271713939e+01 9.99841245210930e+04 
3.97436993424354e+01 9.99815015269792e+04 
3.99463921856252e+01 9.99787972939662e+04 
4.01491654750551e+01 9.99765249975034e+04 
4.03520289195442e+01 9.99748148201806e+04 
4.05550048910795e+01 9.99738241614565e+04 
4.07580864187294e+01 9.99735596974084e+04 
4.09612286775592e+01 9.99730364841777e+04 
4.11644223380052e+01 9.99726575237673e+04 
4.13676607110112e+01 9.99721938634032e+04 
4.15709452306063e+01 9.99732108761392e+04 
4.17742442700769e+01 9.99758493984075e+04 
4.19775135223546e+01 9.99790456367610e+04 
4.21806564457985e+01 9.99804789384324e+04 
4.23835704544603e+01 9.99821814196311e+04 
4.25863222546333e+01 9.99836226170477e+04 
4.27888279196484e+01 9.99866259866315e+04 
4.29912615982889e+01 9.99911401258514e+04 
4.31935852435500e+01 9.99957522128519e+04 
4.33957815205678e+01 9.99981967534169e+04 
4.35978979487543e+01 1.00000753448172e+05 
4.37999304200929e+01 1.00003037489389e+05 
4.40019076885360e+01 1.00006146006250e+05 
4.42039337320145e+01 1.00009557051739e+05 
4.44060001538986e+01 1.00012800814839e+05 
4.46081858574393e+01 1.00014741342785e+05 
4.48104711684930e+01 1.00016509458044e+05 
4.50128451538969e+01 1.00017872547450e+05 
4.52153736753591e+01 1.00018760346397e+05 
4.54180340147901e+01 1.00019120210173e+05 
4.56208710244056e+01 1.00018943116881e+05 
4.58239099702678e+01 1.00018917500507e+05 
4.60270996589638e+01 1.00018451354485e+05 
4.62304657697298e+01 1.00017909447003e+05 
4.64338688960506e+01 1.00016056351554e+05 
4.66373017077841e+01 1.00012761043367e+05 
4.68407572598015e+01 1.00009168839784e+05 
4.70442546395734e+01 1.00007320717301e+05 
4.72477386480636e+01 1.00005077138585e+05 
4.74511939246332e+01 1.00003052406137e+05 
4.76545330594890e+01 9.99998053479646e+04 
4.78577067285611e+01 9.99952981955096e+04 
4.80608753693268e+01 9.99909297076349e+04 
4.82638354697416e+01 9.99887616720198e+04 
4.84666467540706e+01 9.99866090414179e+04 
4.86693473168333e+01 9.99846795095043e+04 
4.88719019249858e+01 9.99822060088175e+04 
4.90745027720318e+01 9.99796661753377e+04 
4.92770764391171e+01 9.99773687356690e+04 
4.94796476958813e+01 9.99762775791188e+04 
4.96822204167646e+01 9.99754977809858e+04 
4.98848222239144e+01 9.99750217954532e+04 
5.00874761862161e+01 9.99749120531211e+04 
5.02902390157782e+01 9.99753650606918e+04 
5.04931165644340e+01 9.99761416577834e+04 
5.06960805910771e+01 9.99766359501343e+04 
5.08991333423157e+01 9.99775979124642e+04 
5.11022578645217e+01 9.99784073858435e+04 
5.13054423763076e+01 9.99801349884969e+04 
5.15086548546338e+01 9.99831590002155e+04 
5.17119065645690e+01 9.99863368148169e+04 
5.19151950423545e+01 9.99879416654339e+04 
5.21183745006488e+01 9.99898812421274e+04 
5.23214088774139e+01 9.99915338967001e+04 
5.25242324010963e+01 9.99941879997869e+04 
5.27269607076205e+01 9.99981467952254e+04 
5.29295441731976e+01 1.00002097979763e+05 
5.31319496968064e+01 1.00004140216887e+05 
5.33342472842059e+01 1.00006252718440e+05 
5.35364267211515e+01 1.00008046364756e+05 
5.37385040812235e+01 1.00010392208441e+05 
5.39406083094777e+01 1.00013276951211e+05 
5.41427161596012e+01 1.00016019971481e+05 
5.43448835302565e+01 1.00017632605790e+05 
5.45471108975266e+01 1.00019075132514e+05 
5.47493910082137e+01 1.00020211922631e+05 
5.49517879790564e+01 1.00021042437450e+05 
5.51543020530474e+01 1.00021449784407e+05 
5.53569745540088e+01 1.00021475273726e+05 
5.55598668189212e+01 1.00021597970212e+05 
5.57629126136038e+01 1.00021330184574e+05 
5.59661352293277e+01 1.00020967871425e+05 
5.61694921057413e+01 1.00019538549950e+05 
5.63728862466536e+01 1.00016784236901e+05 
5.65762995126502e+01 1.00013757332635e+05 
5.67797565324227e+01 1.00012117301643e+05 
5.69832411929876e+01 1.00010096845621e+05 
5.71867575597213e+01 1.00008305305055e+05 
5.73902142438224e+01 1.00005410551553e+05 
5.75935504013974e+01 1.00001125493305e+05 
5.77968428105782e+01 9.99968887229321e+04 
5.79999523007818e+01 9.99946801130437e+04 
5.82028720166861e+01 9.99924599406721e+04 
5.84056737401209e+01 9.99906543269373e+04 
5.86082924096970e+01 9.99882368710894e+04 
5.88109369357781e+01 9.99851827541130e+04 
5.90135188227780e+01 9.99823824845545e+04 
5.92160540509742e+01 9.99808877723970e+04 
5.94185604009779e+01 9.99796742412097e+04 
5.96210526984744e+01 9.99788910063490e+04 
5.98235501837237e+01 9.99781561903497e+04 
6.00261485722220e+01 9.99777456100003e+04 
6.02288361841210e+01 9.99776714496536e+04 
6.04316638201486e+01 9.99775512886064e+04 
6.06345686020863e+01 9.99778271615398e+04 
6.08375671479841e+01 9.99781335379651e+04 
6.10406211004055e+01 9.99791709465892e+04 
6.12437426280142e+01 9.99812994423591e+04 
6.14469164445446e+01 9.99836598981062e+04 
6.16501210676312e+01 9.99847538021191e+04 
6.18533579475247e+01 9.99861819212315e+04 
6.20566264173889e+01 9.99873571665458e+04 
6.22597817220211e+01 9.99896052316675e+04 
6.24627995534665e+01 9.99932575109479e+04 
6.26656673735378e+01 9.99970242094625e+04 
6.28683131616467e+01 9.99990389776311e+04 
6.30708195650471e+01 1.00001206240173e+05 
6.32731804840720e+01 1.00002981587290e+05 
6.34753919046854e+01 1.00005607912920e+05 
6.36776034541254e+01 1.00009181930599e+05 
6.38797873688976e+01 1.00012651477089e+05 
6.40819738273611e+01 1.00014753609241e+05 
6.42841784067253e+01 1.00016790148924e+05 
6.44863959670241e+01 1.00018311856391e+05 
6.46886801912706e+01 1.00019929043936e+05 
6.48910662140103e+01 1.00021453511034e+05 
6.50935819241049e+01 1.00022554094345e+05 
6.52963226964966e+01 1.00023322966272e+05 
6.54992405740070e+01 1.00023668419646e+05 
6.57023188561443e+01 1.00023703811476e+05 
6.59055500692646e+01 1.00022950378843e+05 
6.61089027901603e+01 1.00021093790455e+05 
6.63122766649993e+01 1.00018840132730e+05 
6.65156872049080e+01 1.00017599190552e+05 
6.67191280630788e+01 1.00015882692565e+05 
6.69226164912726e+01 1.00014302512712e+05 
6.71261325074319e+01 1.00011622034402e+05 
6.73296169036911e+01 1.00007509676959e+05 
6.75330252299440e+01 1.00003340472454e+05 
6.77363198433455e+01 1.00001036036078e+05 
6.79393888572186e+01 9.99985428862005e+04 
6.81423368894994e+01 9.99965577458756e+04 
6.83450708709156e+01 9.99937859123492e+04 
6.85478069710537e+01 9.99901187096269e+04 
6.87504560574697e+01 9.99867346073815e+04 
6.89530120509714e+01 9.99849194019945e+04 
6.91555074049377e+01 9.99832222628023e+04 
6.93579506481004e+01 9.99820892809807e+04 
6.95603538262472e+01 9.99808079123544e+04 
6.97628467070184e+01 9.99796104780441e+04 
6.99654031500043e+01 9.99787900915850e+04 
7.01680675370484e+01 9.99783069526148e+04 
7.03708128597538e+01 9.99782645108180e+04 
7.05736643918905e+01 9.99783960899531e+04 
7.07765856443493e+01 9.99790410399494e+04 
7.09796045256010e+01 9.99805494151552e+04 
7.11826613299295e+01 9.99823998286212e+04 
7.13857897479778e+01 9.99832487573596e+04 
7.15889661007472e+01 9.99844686305324e+04 
7.17921459341708e+01 9.99854901573139e+04 
7.19953726252105e+01 9.99874481512124e+04 
7.21985718027617e+01 9.99907223280271e+04 
7.24016476186381e+01 9.99941359438629e+04 
7.26045430537818e+01 9.99958920819310e+04 
7.28072213299480e+01 9.99978437273458e+04 
7.30097805999067e+01 9.99994076561338e+04 
7.32121446685061e+01 1.00001873451871e+05 
7.34144836407241e+01 1.00005416922882e+05 
7.36167644759561e+01 1.00008902570326e+05 
7.38189887804541e+01 1.00010932118451e+05 
7.40211919750683e+01 1.00012900789127e+05 
7.42233714635407e+01 1.00014421088308e+05 
7.44255673633598e+01 1.00016197182724e+05 
7.46278498585127e+01 1.00018317247736e+05 
7.48302306656735e+01 1.00019964432608e+05 
7.50327937384072e+01 1.00020991975334e+05 
7.52355063125583e+01 1.00021645608427e+05 
7.54383722282391e+01 1.00022005229073e+05 
7.56414216244544e+01 1.00021811785779e+05 
7.58445981321123e+01 1.00020761334176e+05 
7.60479184214261e+01 1.00019237587662e+05 
7.62512929186171e+01 1.00018404017630e+05 
7.64546964242765e+01 1.00017076903873e+05 
7.66581350680706e+01 1.00015838323687e+05 
7.68616010200597e+01 1.00013555428238e+05 
7.70651079936182e+01 1.00009843567849e+05 
7.72686113724331e+01 1.00005972877298e+05 
7.74720611152207e+01 1.00003837354959e+05 
7.76753133911698e+01 1.00001461310342e+05 
7.78784461857672e+01 9.99995424024211e+04 
7.80813340565300e+01 9.99967365268811e+04 
7.82841986758304e+01 9.99928657657649e+04 
7.84869562928645e+01 9.99892069090636e+04 
7.86895714902216e+01 9.99872452289704e+04 
7.88920942905549e+01 9.99854744250926e+04 
7.90945315913393e+01 9.99841299207401e+04 
7.92968840114831e+01 9.99825908916970e+04 
7.94993122078064e+01 9.99807631784848e+04 
7.97017694779022e+01 9.99793849314866e+04 
7.99042936798559e+01 9.99787337160036e+04 
8.01068697501696e+01 9.99784887210537e+04 
8.03095192442820e+01 9.99784720949796e+04 
8.05122783411067e+01 9.99787917659766e+04 
8.07151532943511e+01 9.99798311749155e+04 
8.09180874917751e+01 9.99812380345887e+04 
8.11211009470289e+01 9.99819305623759e+04 
8.13241348982823e+01 9.99829975719316e+04 
8.15272528948804e+01 9.99838904267636e+04 
8.17303892546740e+01 9.99856422067351e+04 
8.19335573112213e+01 9.99886882933295e+04 
8.21368014274263e+01 9.99919107293602e+04 
8.23398733234911e+01 9.99935353817585e+04 
8.25427383975605e+01 9.99953911858921e+04 
8.27454995878572e+01 9.99968923410690e+04 
8.29480798671471e+01 9.99993490528152e+04 
8.31506062535737e+01 1.00002999408770e+05 
8.33530393401760e+01 1.00006624477648e+05 
8.35553612257224e+01 1.00008630435184e+05 
8.37576211955306e+01 1.00010642904551e+05 
8.39598226381276e+01 1.00012297586604e+05 
8.41619894017817e+01 1.00014356571006e+05 
8.43642239682605e+01 1.00016857566576e+05 
8.45665203012387e+01 1.00019082282256e+05 
8.47689483564908e+01 1.00020432736057e+05 
8.49714940232389e+01 1.00021511986990e+05 
8.51741579640687e+01 1.00022211378249e+05 
8.53769978718437e+01 1.00022570696337e+05 
8.55799804902041e+01 1.00022240319513e+05 
8.57831240408108e+01 1.00021514412304e+05 
8.59864536951827e+01 1.00021149240011e+05 
8.61898160798553e+01 1.00020293190378e+05 
8.63932062744392e+01 1.00019416935796e+05 
8.65966229319829e+01 1.00017546882044e+05 
8.68000940443101e+01 1.00014295902172e+05 
8.70035825837327e+01 1.00010797655428e+05 
8.72070843440491e+01 1.00008844847442e+05 
8.74105419344450e+01 1.00006568077623e+05 
8.76138267437083e+01 1.00004658014951e+05 
8.78169205534772e+01 1.00001792838596e+05 
8.80199632675196e+01 9.99976946700207e+04 
8.82228781681249e+01 9.99936834782015e+04 
8.84256106973253e+01 9.99914959174343e+04 
8.86282246424383e+01 9.99893537067964e+04 
8.88307219110573e+01 9.99876926352124e+04 
8.90330924047535e+01 9.99855856943125e+04 
8.92355207597714e+01 9.99831384578377e+04 
8.94379379157647e+01 9.99809751438279e+04 
8.96403799089431e+01 9.99798482461409e+04 
8.98428436218644e+01 9.99790089990955e+04 
9.00453482475632e+01 9.99786030241903e+04 
9.02479204282358e+01 9.99784398022701e+04 
9.04506070166489e+01 9.99788521608561e+04 
9.06534221098573e+01 9.99795716965155e+04 
9.08563074156330e+01 9.99799219933155e+04 
9.10592331034942e+01 9.99806714238591e+04 
9.12622364660194e+01 9.99813341855633e+04 
9.14653252837018e+01 9.99828080083509e+04 
9.16684271913442e+01 9.99855174156167e+04 
9.18715866137494e+01 9.99884586852927e+04 
9.20747842683971e+01 9.99899345509000e+04 
9.22778651165516e+01 9.99916847460759e+04 
9.24808149399466e+01 9.99931310113608e+04 
9.26836400845213e+01 9.99955601398593e+04 
9.28863873614108e+01 9.99993079094513e+04 
9.30890085767134e+01 1.00003129213732e+05 
9.32914663544503e+01 1.00005216176828e+05 
9.34938317764641e+01 1.00007369662329e+05 
9.36961022577806e+01 1.00009050091672e+05 
9.38982898525573e+01 1.00011488086517e+05 
9.41005250280928e+01 1.00014433715573e+05 
9.43027848548941e+01 1.00017332875497e+05 
9.45051224941694e+01 1.00019084278726e+05 
9.47075391235569e+01 1.00020594497145e+05 
9.49100356403763e+01 1.00021682427927e+05 
9.51126679959551e+01 1.00022592710687e+05 
9.53154338342254e+01 1.00023096439967e+05 
9.55183731288411e+01 1.00023164229049e+05 
9.57215113888919e+01 1.00023294663750e+05 
9.59247849047671e+01 1.00022955046331e+05 
9.61281201802749e+01 1.00022510829042e+05 
9.63314994562056e+01 1.00021122937869e+05 
9.65349076935859e+01 1.00018431045246e+05 
9.67383385387505e+01 1.00015429980462e+05 
9.69418207081187e+01 1.00013764932191e+05 
9.71453287818878e+01 1.00011706116671e+05 
9.73487757563585e+01 1.00009906417818e+05 
9.75521003395735e+01 1.00007044461226e+05 
9.77553203876417e+01 1.00002800657396e+05 
9.79584256456356e+01 9.99985408246609e+04 
9.81613154578645e+01 9.99961952483516e+04 
9.83640728139437e+01 9.99937933585831e+04 
9.85666800715794e+01 9.99919093941259e+04 
9.87691229821461e+01 9.99893837221570e+04 
9.89716027992200e+01 9.99862176686039e+04 
9.91740397132955e+01 9.99833051949750e+04 
9.93764536462670e+01 9.99817100368718e+04 
9.95788576239822e+01 9.99804037355265e+04 
9.97812656950711e+01 9.99795428483974e+04 
9.99837025244658e+01 9.99787748014012e+04 
1.00186246746907e+02 9.99783758616437e+04 
