# Liste des scalaires : TEMPS pmat 
0.00000000000000e+00 1.00000000000000e+05 
2.04081632653061e-01 1.00000000000000e+05 
4.08042165141975e-01 1.00000000000000e+05 
6.11832106953319e-01 1.00000000000000e+05 
8.15421737498182e-01 1.00000000000000e+05 
1.01884831470558e+00 1.00000000000000e+05 
1.22207818930831e+00 1.00000000000000e+05 
1.42513098547652e+00 1.00000000000000e+05 
1.62798725493260e+00 1.00000000000000e+05 
1.83053493087979e+00 1.00000000000000e+05 
2.03291905653503e+00 1.00000000000000e+05 
2.23520224592158e+00 1.00000000000000e+05 
2.43733969254296e+00 1.00000000000000e+05 
2.63931827049832e+00 1.00000000000000e+05 
2.84120332396323e+00 1.00000000000000e+05 
3.04297858176904e+00 1.00000000000000e+05 
3.24460591464334e+00 1.00000000000000e+05 
3.44612291562131e+00 1.00000000000000e+05 
3.64760922308227e+00 1.00000000000000e+05 
3.84909249851467e+00 1.00000000000000e+05 
4.05064469773747e+00 1.00000000000000e+05 
4.25222294222906e+00 1.00000000000000e+05 
4.45380035517506e+00 1.00000000000000e+05 
4.65542063364273e+00 1.00000000000000e+05 
4.85715243419261e+00 1.00000000000000e+05 
5.05906045928525e+00 1.00000000000000e+05 
5.26119401899534e+00 1.00000000000000e+05 
5.46347898380931e+00 1.00000000000000e+05 
5.66591894484892e+00 1.00000000000000e+05 
5.86852800362132e+00 1.00000000000000e+05 
6.07136345597011e+00 1.00000000000000e+05 
6.27438265108359e+00 1.00000000000000e+05 
6.47752964045090e+00 1.00000000000000e+05 
6.68089073121200e+00 1.00000000000000e+05 
6.88429870550576e+00 1.00000000000000e+05 
7.08769636443068e+00 1.00000000000000e+05 
7.29110827962174e+00 1.00000000000000e+05 
7.49449373816632e+00 1.00000000000000e+05 
7.69790617884871e+00 1.00000000000000e+05 
7.90135044231191e+00 1.00000000000000e+05 
8.10473659770851e+00 1.00000000000000e+05 
8.30800948139133e+00 1.00000000000000e+05 
8.51115234273433e+00 1.00000000000000e+05 
8.71416193711340e+00 1.00000000000000e+05 
8.91719900347831e+00 1.00000000000000e+05 
9.12020204041872e+00 1.00000000000000e+05 
9.32319297435189e+00 1.00000000000000e+05 
9.52619174127014e+00 1.00000000000000e+05 
9.72921908834018e+00 1.00000000000000e+05 
9.93229912946381e+00 1.00000000000000e+05 
1.01354642235065e+01 1.00000000000000e+05 
1.03387225987006e+01 1.00000000000000e+05 
1.05420932760412e+01 1.00000000000000e+05 
1.07455601602491e+01 1.00000000000000e+05 
1.09490636153785e+01 1.00000000000000e+05 
1.11525952040860e+01 1.00000000000000e+05 
1.13559908728595e+01 1.00000000000000e+05 
1.15591577617810e+01 1.00000000000000e+05 
1.17622381240369e+01 1.00000000000000e+05 
1.19650888349948e+01 1.00000000000000e+05 
1.21677288877747e+01 1.00000000000000e+05 
1.23702013159276e+01 1.00000000000000e+05 
1.25725982340610e+01 1.00000000000000e+05 
1.27748516426287e+01 1.00000000000000e+05 
1.29769249867640e+01 1.00000000000000e+05 
1.31787998828658e+01 1.00000000000000e+05 
1.33806014179065e+01 1.00000000000000e+05 
1.35822734033907e+01 1.00000000000000e+05 
1.37839887339651e+01 1.00000000000000e+05 
1.39857022015949e+01 1.00000000000000e+05 
1.41874661286692e+01 1.00000000000000e+05 
1.43892101845392e+01 1.00000000000000e+05 
1.45910326674531e+01 1.00000000000000e+05 
1.47929375836209e+01 1.00000000000000e+05 
1.49949695660416e+01 1.00000000000000e+05 
1.51971475723012e+01 1.00000000000000e+05 
1.53995487529939e+01 1.00000000000000e+05 
1.56020957788436e+01 1.00000000000000e+05 
1.58048076652820e+01 1.00000000000000e+05 
1.60076888558614e+01 1.00000000000000e+05 
1.62106850728960e+01 1.00000000000000e+05 
1.64138636363558e+01 1.00000000000000e+05 
1.66171481416695e+01 1.00000000000000e+05 
1.68205318926791e+01 1.00000000000000e+05 
1.70239717971818e+01 1.00000000000000e+05 
1.72274242526830e+01 1.00000000000000e+05 
1.74308511498678e+01 1.00000000000000e+05 
1.76342505270569e+01 1.00000000000000e+05 
1.78376212420556e+01 1.00000000000000e+05 
1.80409883913594e+01 1.00000000000000e+05 
1.82443050346869e+01 1.00000000000001e+05 
1.84474327837354e+01 1.00000000000025e+05 
1.86505503053125e+01 1.00000000000909e+05 
1.88535932316970e+01 1.00000000041117e+05 
1.90565608622741e+01 1.00000000472078e+05 
1.92594853707276e+01 1.00000001120762e+05 
1.94623796526000e+01 1.00000002142571e+05 
1.96652593507810e+01 1.00000004315883e+05 
1.98682128225951e+01 1.00000008137439e+05 
2.00712299723808e+01 1.00000015594811e+05 
2.02743632772251e+01 1.00000027206748e+05 
2.04775974201162e+01 1.00000047730988e+05 
2.06808993432005e+01 1.00000085662550e+05 
2.08842816624739e+01 1.00000147625945e+05 
2.10877109245459e+01 1.00000240246159e+05 
2.12911865561413e+01 1.00000388306019e+05 
2.14946542636065e+01 1.00000590127008e+05 
2.16979483115182e+01 1.00000888205531e+05 
2.19009928614698e+01 1.00001352120272e+05 
2.21039017811684e+01 1.00001965362515e+05 
2.23066497283774e+01 1.00002758732927e+05 
2.25092177015210e+01 1.00003796902291e+05 
2.27116581345214e+01 1.00005013213960e+05 
2.29139334651086e+01 1.00006502406907e+05 
2.31160467477100e+01 1.00008440067449e+05 
2.33179868862948e+01 1.00010431086140e+05 
2.35199180822287e+01 1.00012635009419e+05 
2.37218051763256e+01 1.00014984855290e+05 
2.39236768880851e+01 1.00017308481951e+05 
2.41255552893581e+01 1.00019600861101e+05 
2.43274126484990e+01 1.00021984406662e+05 
2.45293056915018e+01 1.00023562573324e+05 
2.47312963943893e+01 1.00025025445773e+05 
2.49333962174227e+01 1.00026173183509e+05 
2.51357213393038e+01 1.00027051970831e+05 
2.53382018572701e+01 1.00027558404823e+05 
2.55408488073704e+01 1.00027581945413e+05 
2.57436471827663e+01 1.00026409946089e+05 
2.59465698142901e+01 1.00025188215424e+05 
2.61496583369765e+01 1.00023867257226e+05 
2.63529142216749e+01 1.00022537623922e+05 
2.65562742668140e+01 1.00020983977510e+05 
2.67596972761635e+01 1.00018681585702e+05 
2.69631506643780e+01 1.00015453441819e+05 
2.71666356359982e+01 1.00012440874817e+05 
2.73700949757860e+01 1.00009804575688e+05 
2.75735042909555e+01 1.00007566606715e+05 
2.77768698215134e+01 1.00005382613887e+05 
2.79801634091441e+01 1.00002658192616e+05 
2.81832311137916e+01 9.99996431032088e+04 
2.83862493691881e+01 9.99970637169567e+04 
2.85892005667304e+01 9.99953034379433e+04 
2.87920289759177e+01 9.99941935869290e+04 
2.89947855911169e+01 9.99934295654615e+04 
2.91974758167431e+01 9.99927246974408e+04 
2.94001081727549e+01 9.99920133108257e+04 
2.96028174869848e+01 9.99913695951346e+04 
2.98055746712193e+01 9.99913172937544e+04 
3.00084175396436e+01 9.99915914797067e+04 
3.02113309117389e+01 9.99915284080933e+04 
3.04143391710080e+01 9.99915402056685e+04 
3.06174347641709e+01 9.99911055924520e+04 
3.08206359225875e+01 9.99902469204497e+04 
3.10238921252226e+01 9.99894123047826e+04 
3.12271617071788e+01 9.99885662994919e+04 
3.14304933723914e+01 9.99874104712528e+04 
3.16338559333766e+01 9.99865518639769e+04 
3.18371697100234e+01 9.99859137052360e+04 
3.20402940171543e+01 9.99851052841720e+04 
3.22432411366959e+01 9.99844667295303e+04 
3.24460329241944e+01 9.99838446179764e+04 
3.26486468730478e+01 9.99831964982468e+04 
3.28510694083674e+01 9.99829700573754e+04 
3.30532799861897e+01 9.99833005153998e+04 
3.32554482102955e+01 9.99835935135441e+04 
3.34575453553804e+01 9.99840486333886e+04 
3.36595641500324e+01 9.99844074665124e+04 
3.38615486883824e+01 9.99846415246995e+04 
3.40634799904239e+01 9.99851675050585e+04 
3.42653996408576e+01 9.99861727679893e+04 
3.44673939566842e+01 9.99871727736138e+04 
3.46694612546547e+01 9.99882818069731e+04 
3.48717036107216e+01 9.99892071080545e+04 
3.50740862371626e+01 9.99899969674576e+04 
3.52766015885758e+01 9.99911054151170e+04 
3.54793183147402e+01 9.99926161336331e+04 
3.56821412870120e+01 9.99941604111545e+04 
3.58851172271814e+01 9.99956616204334e+04 
3.60883109456795e+01 9.99969551605739e+04 
3.62916365042183e+01 9.99980533063198e+04 
3.64950404477902e+01 9.99993978509968e+04 
3.66984690806315e+01 1.00000926415540e+05 
3.69019364923025e+01 1.00002546392771e+05 
3.71054357283456e+01 1.00003978143867e+05 
3.73088956361505e+01 1.00005174129454e+05 
3.75123241222096e+01 1.00006147052452e+05 
3.77157068996436e+01 1.00007097291691e+05 
3.79188884208807e+01 1.00007939071383e+05 
3.81219429731373e+01 1.00008880973117e+05 
3.83249696414713e+01 1.00009479733364e+05 
3.85278282028840e+01 1.00009840087202e+05 
3.87305789313831e+01 1.00009903653935e+05 
3.89332338669238e+01 1.00009562089219e+05 
3.91357862752962e+01 1.00008926135651e+05 
3.93384030966966e+01 1.00008353181331e+05 
3.95410271713939e+01 1.00007594268220e+05 
3.97436993424354e+01 1.00006709191474e+05 
3.99463921856252e+01 1.00005661428500e+05 
4.01491654750551e+01 1.00004109825056e+05 
4.03520289195442e+01 1.00002337266521e+05 
4.05550048910795e+01 1.00000620974671e+05 
4.07580864187294e+01 9.99989879847241e+04 
4.09612286775592e+01 9.99974791885021e+04 
4.11644223380052e+01 9.99961216723570e+04 
4.13676607110112e+01 9.99943951578206e+04 
4.15709452306063e+01 9.99926223844582e+04 
4.17742442700769e+01 9.99908513816807e+04 
4.19775135223546e+01 9.99892972974057e+04 
4.21806564457985e+01 9.99879996711602e+04 
4.23835704544603e+01 9.99869979626734e+04 
4.25863222546333e+01 9.99860051848292e+04 
4.27888279196484e+01 9.99851643754586e+04 
4.29912615982889e+01 9.99841411741445e+04 
4.31935852435500e+01 9.99834465746118e+04 
4.33957815205678e+01 9.99830356403630e+04 
4.35978979487543e+01 9.99830224146968e+04 
4.37999304200929e+01 9.99834161466532e+04 
4.40019076885360e+01 9.99841321518085e+04 
4.42039337320145e+01 9.99846489204064e+04 
4.44060001538986e+01 9.99852339420768e+04 
4.46081858574393e+01 9.99859085323024e+04 
4.48104711684930e+01 9.99869053687330e+04 
4.50128451538969e+01 9.99885194661812e+04 
4.52153736753591e+01 9.99905742776014e+04 
4.54180340147901e+01 9.99925633420683e+04 
4.56208710244056e+01 9.99943615255403e+04 
4.58239099702678e+01 9.99960256147279e+04 
4.60270996589638e+01 9.99977923788632e+04 
4.62304657697298e+01 1.00000156425236e+05 
4.64338688960506e+01 1.00002893912961e+05 
4.66373017077841e+01 1.00005819447026e+05 
4.68407572598015e+01 1.00008391172280e+05 
4.70442546395734e+01 1.00010634492136e+05 
4.72477386480636e+01 1.00012647370382e+05 
4.74511939246332e+01 1.00014824516931e+05 
4.76545330594890e+01 1.00017069064430e+05 
4.78577067285611e+01 1.00019606017480e+05 
4.80608753693268e+01 1.00021605991892e+05 
4.82638354697416e+01 1.00023130739786e+05 
4.84666467540706e+01 1.00024122574904e+05 
4.86693473168333e+01 1.00024607352665e+05 
4.88719019249858e+01 1.00024606941836e+05 
4.90745027720318e+01 1.00024771920104e+05 
4.92770764391171e+01 1.00024579756618e+05 
4.94796476958813e+01 1.00024051016311e+05 
4.96822204167646e+01 1.00023024469942e+05 
4.98848222239144e+01 1.00021004663812e+05 
5.00874761862161e+01 1.00018301098135e+05 
5.02902390157782e+01 1.00015635347307e+05 
5.04931165644340e+01 1.00013030300037e+05 
5.06960805910771e+01 1.00010457622477e+05 
5.08991333423157e+01 1.00007803785029e+05 
5.11022578645217e+01 1.00004243194843e+05 
5.13054423763076e+01 1.00000317186096e+05 
5.15086548546338e+01 9.99963705241071e+04 
5.17119065645690e+01 9.99929526920932e+04 
5.19151950423545e+01 9.99900444865744e+04 
5.21183745006488e+01 9.99875356024149e+04 
5.23214088774139e+01 9.99847711336625e+04 
5.25242324010963e+01 9.99820033319888e+04 
5.27269607076205e+01 9.99791308761245e+04 
5.29295441731976e+01 9.99769741187662e+04 
5.31319496968064e+01 9.99753800074160e+04 
5.33342472842059e+01 9.99742906975555e+04 
5.35364267211515e+01 9.99735847804238e+04 
5.37385040812235e+01 9.99732533772564e+04 
5.39406083094777e+01 9.99726827436368e+04 
5.41427161596012e+01 9.99724880738458e+04 
5.43448835302565e+01 9.99726050848284e+04 
5.45471108975266e+01 9.99730818503990e+04 
5.47493910082137e+01 9.99743701166956e+04 
5.49517879790564e+01 9.99762478299234e+04 
5.51543020530474e+01 9.99779668449081e+04 
5.53569745540088e+01 9.99796581456982e+04 
5.55598668189212e+01 9.99813125549114e+04 
5.57629126136038e+01 9.99830494849352e+04 
5.59661352293277e+01 9.99857025412148e+04 
5.61694921057413e+01 9.99889931495422e+04 
5.63728862466536e+01 9.99923408904379e+04 
5.65762995126502e+01 9.99953448950706e+04 
5.67797565324227e+01 9.99980019280262e+04 
5.69832411929876e+01 1.00000377324808e+05 
5.71867575597213e+01 1.00003340647807e+05 
5.73902142438224e+01 1.00006701803487e+05 
5.75935504013974e+01 1.00010238797312e+05 
5.77968428105782e+01 1.00013149459941e+05 
5.79999523007818e+01 1.00015496904499e+05 
5.82028720166861e+01 1.00017466480783e+05 
5.84056737401209e+01 1.00019243729682e+05 
5.86082924096970e+01 1.00020856196083e+05 
5.88109369357781e+01 1.00022639286673e+05 
5.90135188227780e+01 1.00023782780848e+05 
5.92160540509742e+01 1.00024372608610e+05 
5.94185604009779e+01 1.00024490891771e+05 
5.96210526984744e+01 1.00023819746306e+05 
5.98235501837237e+01 1.00022534721852e+05 
6.00261485722220e+01 1.00021280403924e+05 
6.02288361841210e+01 1.00019710403043e+05 
6.04316638201486e+01 1.00017970094993e+05 
6.06345686020863e+01 1.00016075427882e+05 
6.08375671479841e+01 1.00013193175792e+05 
6.10406211004055e+01 1.00009812622401e+05 
6.12437426280142e+01 1.00006438831335e+05 
6.14469164445446e+01 1.00003308211941e+05 
6.16501210676312e+01 1.00000484084620e+05 
6.18533579475247e+01 9.99979690612226e+04 
6.20566264173889e+01 9.99948815686720e+04 
6.22597817220211e+01 9.99917233725561e+04 
6.24627995534665e+01 9.99885175449303e+04 
6.26656673735378e+01 9.99858563664486e+04 
6.28683131616467e+01 9.99837455005518e+04 
6.30708195650471e+01 9.99820692340218e+04 
6.32731804840720e+01 9.99805715199865e+04 
6.34753919046854e+01 9.99793362735345e+04 
6.36776034541254e+01 9.99778732007133e+04 
6.38797873688976e+01 9.99768954689310e+04 
6.40819738273611e+01 9.99762959331994e+04 
6.42841784067253e+01 9.99761237014592e+04 
6.44863959670241e+01 9.99766534665646e+04 
6.46886801912706e+01 9.99776859231024e+04 
6.48910662140103e+01 9.99785534978512e+04 
6.50935819241049e+01 9.99795022848831e+04 
6.52963226964966e+01 9.99805717383554e+04 
6.54992405740070e+01 9.99818418971680e+04 
6.57023188561443e+01 9.99841035419611e+04 
6.59055500692646e+01 9.99870112327499e+04 
6.61089027901603e+01 9.99899275723813e+04 
6.63122766649993e+01 9.99926429483283e+04 
6.65156872049080e+01 9.99951361003225e+04 
6.67191280630788e+01 9.99975839499939e+04 
6.69226164912726e+01 1.00000694107314e+05 
6.71261325074319e+01 1.00004183297600e+05 
6.73296169036911e+01 1.00007866618836e+05 
6.75330252299440e+01 1.00011010429777e+05 
6.77363198433455e+01 1.00013672897535e+05 
6.79393888572186e+01 1.00015983094190e+05 
6.81423368894994e+01 1.00018219560031e+05 
6.83450708709156e+01 1.00020309167674e+05 
6.85478069710537e+01 1.00022623486475e+05 
6.87504560574697e+01 1.00024295585131e+05 
6.89530120509714e+01 1.00025430564328e+05 
6.91555074049377e+01 1.00026045883506e+05 
6.93579506481004e+01 1.00025917105455e+05 
6.95603538262472e+01 1.00025144136544e+05 
6.97628467070184e+01 1.00024435217214e+05 
6.99654031500043e+01 1.00023349893321e+05 
7.01680675370484e+01 1.00022020654898e+05 
7.03708128597538e+01 1.00020373270402e+05 
7.05736643918905e+01 1.00017681057512e+05 
7.07765856443493e+01 1.00014394902056e+05 
7.09796045256010e+01 1.00011073779488e+05 
7.11826613299295e+01 1.00007913438636e+05 
7.13857897479778e+01 1.00005008757265e+05 
7.15889661007472e+01 1.00002267354534e+05 
7.17921459341708e+01 9.99988058870341e+04 
7.19953726252105e+01 9.99951505695761e+04 
7.21985718027617e+01 9.99914758308186e+04 
7.24016476186381e+01 9.99883444033151e+04 
7.26045430537818e+01 9.99857760288769e+04 
7.28072213299480e+01 9.99836754635974e+04 
7.30097805999067e+01 9.99816687549252e+04 
7.32121446685061e+01 9.99798536768664e+04 
7.34144836407241e+01 9.99777799969801e+04 
7.36167644759561e+01 9.99763211126093e+04 
7.38189887804541e+01 9.99753546939172e+04 
7.40211919750683e+01 9.99748159380823e+04 
7.42233714635407e+01 9.99749101811096e+04 
7.44255673633598e+01 9.99755070454654e+04 
7.46278498585127e+01 9.99759091987994e+04 
7.48302306656735e+01 9.99765231066911e+04 
7.50327937384072e+01 9.99773122100356e+04 
7.52355063125583e+01 9.99783232798795e+04 
7.54383722282391e+01 9.99802919997415e+04 
7.56414216244544e+01 9.99829378431826e+04 
7.58445981321123e+01 9.99856018689819e+04 
7.60479184214261e+01 9.99881019301100e+04 
7.62512929186171e+01 9.99904478902080e+04 
7.64546964242765e+01 9.99927614149053e+04 
7.66581350680706e+01 9.99958765551192e+04 
7.68616010200597e+01 9.99995328844994e+04 
7.70651079936182e+01 1.00003337114320e+05 
7.72686113724331e+01 1.00006648786377e+05 
7.74720611152207e+01 1.00009496119668e+05 
7.76753133911698e+01 1.00011996682992e+05 
7.78784461857672e+01 1.00014605424029e+05 
7.80813340565300e+01 1.00017223678357e+05 
7.82841986758304e+01 1.00020075880166e+05 
7.84869562928645e+01 1.00022237072306e+05 
7.86895714902216e+01 1.00023843199325e+05 
7.88920942905549e+01 1.00024968101154e+05 
7.90945315913393e+01 1.00025494143543e+05 
7.92968840114831e+01 1.00025502942191e+05 
7.94993122078064e+01 1.00025587985073e+05 
7.97017694779022e+01 1.00025224282779e+05 
7.99042936798559e+01 1.00024524063901e+05 
8.01068697501696e+01 1.00023466866978e+05 
8.03095192442820e+01 1.00021330745855e+05 
8.05122783411067e+01 1.00018527084998e+05 
8.07151532943511e+01 1.00015728448382e+05 
8.09180874917751e+01 1.00012931649281e+05 
8.11211009470289e+01 1.00010265483252e+05 
8.13241348982823e+01 1.00007671440908e+05 
8.15272528948804e+01 1.00004244762712e+05 
8.17303892546740e+01 1.00000475757604e+05 
8.19335573112213e+01 9.99966386309878e+04 
8.21368014274263e+01 9.99932934732580e+04 
8.23398733234911e+01 9.99904625953637e+04 
8.25427383975605e+01 9.99880866076765e+04 
8.27454995878572e+01 9.99855839851428e+04 
8.29480798671471e+01 9.99831511364129e+04 
8.31506062535737e+01 9.99805013411523e+04 
8.33530393401760e+01 9.99785340688242e+04 
8.35553612257224e+01 9.99770841794707e+04 
8.37576211955306e+01 9.99761079963659e+04 
8.39598226381276e+01 9.99756573561343e+04 
8.41619894017817e+01 9.99756499147318e+04 
8.43642239682605e+01 9.99754371182395e+04 
8.45665203012387e+01 9.99755308296078e+04 
8.47689483564908e+01 9.99759058800605e+04 
8.49714940232389e+01 9.99766051932023e+04 
8.51741579640687e+01 9.99782600014396e+04 
8.53769978718437e+01 9.99805629899524e+04 
8.55799804902041e+01 9.99827946780252e+04 
8.57831240408108e+01 9.99849710672827e+04 
8.59864536951827e+01 9.99870788505558e+04 
8.61898160798553e+01 9.99892144886849e+04 
8.63932062744392e+01 9.99922326079882e+04 
8.65966229319829e+01 9.99958423059016e+04 
8.68000940443101e+01 9.99995758790219e+04 
8.70035825837327e+01 1.00002878534872e+05 
8.72070843440491e+01 1.00005771926827e+05 
8.74105419344450e+01 1.00008333655975e+05 
8.76138267437083e+01 1.00011190125591e+05 
8.78169205534772e+01 1.00014181816835e+05 
8.80199632675196e+01 1.00017394955775e+05 
8.82228781681249e+01 1.00019912537167e+05 
8.84256106973253e+01 1.00021877655126e+05 
8.86282246424383e+01 1.00023363412172e+05 
8.88307219110573e+01 1.00024414676485e+05 
8.90330924047535e+01 1.00025027769064e+05 
8.92355207597714e+01 1.00025754644304e+05 
8.94379379157647e+01 1.00025980425744e+05 
8.96403799089431e+01 1.00025789287003e+05 
8.98428436218644e+01 1.00025141514577e+05 
9.00453482475632e+01 1.00023527041814e+05 
9.02479204282358e+01 1.00021223748440e+05 
9.04506070166489e+01 1.00018956642233e+05 
9.06534221098573e+01 1.00016591472186e+05 
9.08563074156330e+01 1.00014254445315e+05 
9.10592331034942e+01 1.00011892768679e+05 
9.12622364660194e+01 1.00008600303153e+05 
9.14653252837018e+01 1.00004899298265e+05 
9.16684271913442e+01 1.00001117422650e+05 
9.18715866137494e+01 9.99977566938765e+04 
9.20747842683971e+01 9.99948531608362e+04 
9.22778651165516e+01 9.99923569382944e+04 
9.24808149399466e+01 9.99895651882346e+04 
9.26836400845213e+01 9.99867206733485e+04 
9.28863873614108e+01 9.99837440742960e+04 
9.30890085767134e+01 9.99814322252164e+04 
9.32914663544503e+01 9.99796463526465e+04 
9.34938317764641e+01 9.99783613581611e+04 
9.36961022577806e+01 9.99774625850394e+04 
9.38982898525573e+01 9.99769096465030e+04 
9.41005250280928e+01 9.99761418305916e+04 
9.43027848548941e+01 9.99757597251090e+04 
9.45051224941694e+01 9.99757312676543e+04 
9.47075391235569e+01 9.99761062826803e+04 
9.49100356403763e+01 9.99773254656692e+04 
9.51126679959551e+01 9.99791674359247e+04 
9.53154338342254e+01 9.99808850395680e+04 
9.55183731288411e+01 9.99826270848359e+04 
9.57215113888919e+01 9.99843845600088e+04 
9.59247849047671e+01 9.99862405597460e+04 
9.61281201802749e+01 9.99890406755182e+04 
9.63314994562056e+01 9.99924253405449e+04 
9.65349076935859e+01 9.99959293047843e+04 
9.67383385387505e+01 9.99990893816300e+04 
9.69418207081187e+01 1.00001914773738e+05 
9.71453287818878e+01 1.00004484305154e+05 
9.73487757563585e+01 1.00007528401071e+05 
9.75521003395735e+01 1.00010802915584e+05 
9.77553203876417e+01 1.00014270573802e+05 
9.79584256456356e+01 1.00017100257103e+05 
9.81613154578645e+01 1.00019402860269e+05 
9.83640728139437e+01 1.00021246730864e+05 
9.85666800715794e+01 1.00022782873461e+05 
9.87691229821461e+01 1.00023974933504e+05 
9.89716027992200e+01 1.00025317013746e+05 
9.91740397132955e+01 1.00026100325085e+05 
9.93764536462670e+01 1.00026424500154e+05 
9.95788576239822e+01 1.00026233408447e+05 
9.97812656950711e+01 1.00025193882379e+05 
9.99837025244658e+01 1.00023451466420e+05 
1.00186246746907e+02 1.00021726626662e+05 
