# Liste des scalaires : TEMPS pmat 
0.00000000000000e+00 1.00000000000000e+05 
2.04081632653061e-01 1.00000000000000e+05 
4.08042165141975e-01 1.00000000000000e+05 
6.11832106953319e-01 1.00000000000000e+05 
8.15421737498182e-01 1.00000000000000e+05 
1.01884831470558e+00 1.00000000000000e+05 
1.22207818930831e+00 1.00000000000000e+05 
1.42513098547652e+00 1.00000000000000e+05 
1.62798725493260e+00 1.00000000000000e+05 
1.83053493087979e+00 1.00000000000000e+05 
2.03291905653503e+00 1.00000000000000e+05 
2.23520224592158e+00 1.00000000000000e+05 
2.43733969254296e+00 1.00000000000000e+05 
2.63931827049832e+00 1.00000000000000e+05 
2.84120332396323e+00 1.00000000000000e+05 
3.04297858176904e+00 1.00000000000000e+05 
3.24460591464334e+00 1.00000000000000e+05 
3.44612291562131e+00 1.00000000000000e+05 
3.64760922308227e+00 1.00000000000000e+05 
3.84909249851467e+00 1.00000000000000e+05 
4.05064469773747e+00 1.00000000000000e+05 
4.25222294222906e+00 1.00000000000000e+05 
4.45380035517506e+00 1.00000000000000e+05 
4.65542063364273e+00 1.00000000000000e+05 
4.85715243419261e+00 1.00000000000000e+05 
5.05906045928525e+00 1.00000000000000e+05 
5.26119401899534e+00 1.00000000000000e+05 
5.46347898380931e+00 1.00000000000000e+05 
5.66591894484892e+00 1.00000000000000e+05 
5.86852800362132e+00 1.00000000000000e+05 
6.07136345597011e+00 1.00000000000000e+05 
6.27438265108359e+00 1.00000000000000e+05 
6.47752964045090e+00 1.00000000000000e+05 
6.68089073121200e+00 1.00000000000000e+05 
6.88429870550576e+00 1.00000000000000e+05 
7.08769636443068e+00 1.00000000000000e+05 
7.29110827962174e+00 1.00000000000000e+05 
7.49449373816632e+00 1.00000000000000e+05 
7.69790617884871e+00 1.00000000000000e+05 
7.90135044231191e+00 1.00000000000000e+05 
8.10473659770851e+00 1.00000000000000e+05 
8.30800948139133e+00 1.00000000000000e+05 
8.51115234273433e+00 1.00000000000000e+05 
8.71416193711340e+00 1.00000000000000e+05 
8.91719900347831e+00 1.00000000000000e+05 
9.12020204041872e+00 1.00000000000000e+05 
9.32319297435189e+00 1.00000000000000e+05 
9.52619174127014e+00 1.00000000000000e+05 
9.72921908834018e+00 1.00000000000000e+05 
9.93229912946381e+00 1.00000000000000e+05 
1.01354642235065e+01 1.00000000000000e+05 
1.03387225987006e+01 1.00000000000000e+05 
1.05420932760412e+01 1.00000000000000e+05 
1.07455601602491e+01 1.00000000000000e+05 
1.09490636153785e+01 1.00000000000000e+05 
1.11525952040860e+01 1.00000000000000e+05 
1.13559908728595e+01 1.00000000000000e+05 
1.15591577617810e+01 1.00000000000000e+05 
1.17622381240369e+01 1.00000000000000e+05 
1.19650888349948e+01 1.00000000000000e+05 
1.21677288877747e+01 1.00000000000000e+05 
1.23702013159276e+01 1.00000000000000e+05 
1.25725982340610e+01 1.00000000000000e+05 
1.27748516426287e+01 1.00000000000000e+05 
1.29769249867640e+01 1.00000000000000e+05 
1.31787998828658e+01 1.00000000000000e+05 
1.33806014179065e+01 1.00000000000000e+05 
1.35822734033907e+01 1.00000000000000e+05 
1.37839887339651e+01 1.00000000000000e+05 
1.39857022015949e+01 1.00000000000000e+05 
1.41874661286692e+01 1.00000000000000e+05 
1.43892101845392e+01 1.00000000000000e+05 
1.45910326674531e+01 1.00000000000000e+05 
1.47929375836209e+01 1.00000000000000e+05 
1.49949695660416e+01 1.00000000000000e+05 
1.51971475723012e+01 1.00000000000000e+05 
1.53995487529939e+01 1.00000000000000e+05 
1.56020957788436e+01 1.00000000000000e+05 
1.58048076652820e+01 1.00000000000000e+05 
1.60076888558614e+01 1.00000000000000e+05 
1.62106850728960e+01 1.00000000000000e+05 
1.64138636363558e+01 1.00000000000000e+05 
1.66171481416695e+01 1.00000000000000e+05 
1.68205318926791e+01 1.00000000000000e+05 
1.70239717971818e+01 1.00000000000000e+05 
1.72274242526830e+01 1.00000000000000e+05 
1.74308511498678e+01 1.00000000000000e+05 
1.76342505270569e+01 1.00000000000000e+05 
1.78376212420556e+01 1.00000000000000e+05 
1.80409883913594e+01 1.00000000000000e+05 
1.82443050346869e+01 1.00000000000000e+05 
1.84474327837354e+01 1.00000000000000e+05 
1.86505503053125e+01 1.00000000000000e+05 
1.88535932316970e+01 1.00000000000000e+05 
1.90565608622741e+01 1.00000000000000e+05 
1.92594853707276e+01 1.00000000000000e+05 
1.94623796526000e+01 1.00000000000000e+05 
1.96652593507810e+01 1.00000000000000e+05 
1.98682128225951e+01 1.00000000000000e+05 
2.00712299723808e+01 1.00000000000000e+05 
2.02743632772251e+01 1.00000000000000e+05 
2.04775974201162e+01 1.00000000000000e+05 
2.06808993432005e+01 1.00000000000000e+05 
2.08842816624739e+01 1.00000000000000e+05 
2.10877109245459e+01 1.00000000000000e+05 
2.12911865561413e+01 1.00000000000000e+05 
2.14946542636065e+01 1.00000000000000e+05 
2.16979483115182e+01 1.00000000000000e+05 
2.19009928614698e+01 1.00000000000000e+05 
2.21039017811684e+01 1.00000000000000e+05 
2.23066497283774e+01 1.00000000000000e+05 
2.25092177015210e+01 1.00000000000000e+05 
2.27116581345214e+01 1.00000000000000e+05 
2.29139334651086e+01 1.00000000000000e+05 
2.31160467477100e+01 1.00000000000000e+05 
2.33179868862948e+01 1.00000000000000e+05 
2.35199180822287e+01 1.00000000000000e+05 
2.37218051763256e+01 1.00000000000000e+05 
2.39236768880851e+01 1.00000000000000e+05 
2.41255552893581e+01 1.00000000000000e+05 
2.43274126484990e+01 1.00000000000000e+05 
2.45293056915018e+01 1.00000000000000e+05 
2.47312963943893e+01 1.00000000000000e+05 
2.49333962174227e+01 1.00000000000000e+05 
2.51357213393038e+01 1.00000000000000e+05 
2.53382018572701e+01 1.00000000000000e+05 
2.55408488073704e+01 1.00000000000000e+05 
2.57436471827663e+01 1.00000000000000e+05 
2.59465698142901e+01 1.00000000000000e+05 
2.61496583369765e+01 1.00000000000000e+05 
2.63529142216749e+01 1.00000000000000e+05 
2.65562742668140e+01 1.00000000000000e+05 
2.67596972761635e+01 1.00000000000000e+05 
2.69631506643780e+01 1.00000000000000e+05 
2.71666356359982e+01 1.00000000000000e+05 
2.73700949757860e+01 1.00000000000000e+05 
2.75735042909555e+01 1.00000000000000e+05 
2.77768698215134e+01 1.00000000000000e+05 
2.79801634091441e+01 1.00000000000000e+05 
2.81832311137916e+01 1.00000000000000e+05 
2.83862493691881e+01 1.00000000000000e+05 
2.85892005667304e+01 1.00000000000000e+05 
2.87920289759177e+01 1.00000000000000e+05 
2.89947855911169e+01 1.00000000000000e+05 
2.91974758167431e+01 1.00000000000000e+05 
2.94001081727549e+01 1.00000000000000e+05 
2.96028174869848e+01 1.00000000000000e+05 
2.98055746712193e+01 1.00000000000000e+05 
3.00084175396436e+01 1.00000000000000e+05 
3.02113309117389e+01 1.00000000000000e+05 
3.04143391710080e+01 1.00000000000000e+05 
3.06174347641709e+01 1.00000000000000e+05 
3.08206359225875e+01 1.00000000000000e+05 
3.10238921252226e+01 1.00000000000000e+05 
3.12271617071788e+01 1.00000000000000e+05 
3.14304933723914e+01 1.00000000000005e+05 
3.16338559333766e+01 1.00000000000031e+05 
3.18371697100234e+01 1.00000000000079e+05 
3.20402940171543e+01 1.00000000033845e+05 
3.22432411366959e+01 1.00000000439545e+05 
3.24460329241944e+01 1.00000000999342e+05 
3.26486468730478e+01 1.00000001786481e+05 
3.28510694083674e+01 1.00000003382130e+05 
3.30532799861897e+01 1.00000006671029e+05 
3.32554482102955e+01 1.00000013305401e+05 
3.34575453553804e+01 1.00000024826993e+05 
3.36595641500324e+01 1.00000044659184e+05 
3.38615486883824e+01 1.00000078450998e+05 
3.40634799904239e+01 1.00000138576401e+05 
3.42653996408576e+01 1.00000235565360e+05 
3.44673939566842e+01 1.00000387790279e+05 
3.46694612546547e+01 1.00000604469283e+05 
3.48717036107216e+01 1.00000922326027e+05 
3.50740862371626e+01 1.00001392767983e+05 
3.52766015885758e+01 1.00002083787210e+05 
3.54793183147402e+01 1.00002965364975e+05 
3.56821412870120e+01 1.00004004348318e+05 
3.58851172271814e+01 1.00005127573686e+05 
3.60883109456795e+01 1.00006375498714e+05 
3.62916365042183e+01 1.00007879370633e+05 
3.64950404477902e+01 1.00009624924761e+05 
3.66984690806315e+01 1.00011364898550e+05 
3.69019364923025e+01 1.00012865321695e+05 
3.71054357283456e+01 1.00014058630400e+05 
3.73088956361505e+01 1.00014992477086e+05 
3.75123241222096e+01 1.00016005347536e+05 
3.77157068996436e+01 1.00016995868111e+05 
3.79188884208807e+01 1.00017736567910e+05 
3.81219429731373e+01 1.00017981631304e+05 
3.83249696414713e+01 1.00017740864118e+05 
3.85278282028840e+01 1.00017100913424e+05 
3.87305789313831e+01 1.00016441901223e+05 
3.89332338669238e+01 1.00015689677417e+05 
3.91357862752962e+01 1.00014771417095e+05 
3.93384030966966e+01 1.00013576416765e+05 
3.95410271713939e+01 1.00012067897675e+05 
3.97436993424354e+01 1.00010270562930e+05 
3.99463921856252e+01 1.00008382053433e+05 
4.01491654750551e+01 1.00006394545440e+05 
4.03520289195442e+01 1.00004421536147e+05 
4.05550048910795e+01 1.00002550867252e+05 
4.07580864187294e+01 1.00000684987595e+05 
4.09612286775592e+01 9.99987454170449e+04 
4.11644223380052e+01 9.99966129769415e+04 
4.13676607110112e+01 9.99943530554366e+04 
4.15709452306063e+01 9.99922436443548e+04 
4.17742442700769e+01 9.99905496586464e+04 
4.19775135223546e+01 9.99892071512637e+04 
4.21806564457985e+01 9.99879986301909e+04 
4.23835704544603e+01 9.99864592628939e+04 
4.25863222546333e+01 9.99847221224778e+04 
4.27888279196484e+01 9.99832076332323e+04 
4.29912615982889e+01 9.99823652606377e+04 
4.31935852435500e+01 9.99822014037274e+04 
4.33957815205678e+01 9.99824471513267e+04 
4.35978979487543e+01 9.99824806729873e+04 
4.37999304200929e+01 9.99823907411074e+04 
4.40019076885360e+01 9.99823334607617e+04 
4.42039337320145e+01 9.99828475990534e+04 
4.44060001538986e+01 9.99842058285325e+04 
4.46081858574393e+01 9.99861379671465e+04 
4.48104711684930e+01 9.99881104899947e+04 
4.50128451538969e+01 9.99900798470835e+04 
4.52153736753591e+01 9.99921061933796e+04 
4.54180340147901e+01 9.99943051496001e+04 
4.56208710244056e+01 9.99968517228346e+04 
4.58239099702678e+01 9.99997407023992e+04 
4.60270996589638e+01 1.00002772926126e+05 
4.62304657697298e+01 1.00005843746517e+05 
4.64338688960506e+01 1.00008685209906e+05 
4.66373017077841e+01 1.00010987443052e+05 
4.68407572598015e+01 1.00012913559828e+05 
4.70442546395734e+01 1.00014645491077e+05 
4.72477386480636e+01 1.00016552710631e+05 
4.74511939246332e+01 1.00018424762826e+05 
4.76545330594890e+01 1.00019901454435e+05 
4.78577067285611e+01 1.00020444709188e+05 
4.80608753693268e+01 1.00020215938040e+05 
4.82638354697416e+01 1.00019497125314e+05 
4.84666467540706e+01 1.00018876542120e+05 
4.86693473168333e+01 1.00018349253699e+05 
4.88719019249858e+01 1.00017682631183e+05 
4.90745027720318e+01 1.00016412332344e+05 
4.92770764391171e+01 1.00014431846021e+05 
4.94796476958813e+01 1.00012002471650e+05 
4.96822204167646e+01 1.00009566300773e+05 
4.98848222239144e+01 1.00007216737500e+05 
5.00874761862161e+01 1.00004995468786e+05 
5.02902390157782e+01 1.00002720838791e+05 
5.04931165644340e+01 1.00000128370007e+05 
5.06960805910771e+01 9.99972596105338e+04 
5.08991333423157e+01 9.99942648677142e+04 
5.11022578645217e+01 9.99912300061007e+04 
5.13054423763076e+01 9.99884518852958e+04 
5.15086548546338e+01 9.99861675140170e+04 
5.17119065645690e+01 9.99841787504412e+04 
5.19151950423545e+01 9.99823199562502e+04 
5.21183745006488e+01 9.99801487590437e+04 
5.23214088774139e+01 9.99778517277507e+04 
5.25242324010963e+01 9.99758930392247e+04 
5.27269607076205e+01 9.99747815118334e+04 
5.29295441731976e+01 9.99745128725995e+04 
5.31319496968064e+01 9.99748601259857e+04 
5.33342472842059e+01 9.99750054825780e+04 
5.35364267211515e+01 9.99750251587134e+04 
5.37385040812235e+01 9.99751461985413e+04 
5.39406083094777e+01 9.99759147170579e+04 
5.41427161596012e+01 9.99776562252916e+04 
5.43448835302565e+01 9.99800679521425e+04 
5.45471108975266e+01 9.99824796368305e+04 
5.47493910082137e+01 9.99847983849690e+04 
5.49517879790564e+01 9.99870634590177e+04 
5.51543020530474e+01 9.99894701003985e+04 
5.53569745540088e+01 9.99922681177991e+04 
5.55598668189212e+01 9.99954645641898e+04 
5.57629126136038e+01 9.99987667863875e+04 
5.59661352293277e+01 1.00002046408113e+05 
5.61694921057413e+01 1.00005026633130e+05 
5.63728862466536e+01 1.00007413516002e+05 
5.65762995126502e+01 1.00009463174726e+05 
5.67797565324227e+01 1.00011384056357e+05 
5.69832411929876e+01 1.00013563762326e+05 
5.71867575597213e+01 1.00015790164138e+05 
5.73902142438224e+01 1.00017663887441e+05 
5.75935504013974e+01 1.00018688308838e+05 
5.77968428105782e+01 1.00018919630257e+05 
5.79999523007818e+01 1.00018696934664e+05 
5.82028720166861e+01 1.00018781968812e+05 
5.84056737401209e+01 1.00019112660098e+05 
5.86082924096970e+01 1.00019485590576e+05 
5.88109369357781e+01 1.00019236046464e+05 
5.90135188227780e+01 1.00018123195729e+05 
5.92160540509742e+01 1.00016455181945e+05 
5.94185604009779e+01 1.00014964694477e+05 
5.96210526984744e+01 1.00013739734266e+05 
5.98235501837237e+01 1.00012598707550e+05 
6.00261485722220e+01 1.00011192063325e+05 
6.02288361841210e+01 1.00009123837517e+05 
6.04316638201486e+01 1.00006652523966e+05 
6.06345686020863e+01 1.00004068632046e+05 
6.08375671479841e+01 1.00001454008546e+05 
6.10406211004055e+01 9.99989800952321e+04 
6.12437426280142e+01 9.99967739636337e+04 
6.14469164445446e+01 9.99945706961441e+04 
6.16501210676312e+01 9.99922447564821e+04 
6.18533579475247e+01 9.99896606015516e+04 
6.20566264173889e+01 9.99869828789914e+04 
6.22597817220211e+01 9.99845847205663e+04 
6.24627995534665e+01 9.99828420436823e+04 
6.26656673735378e+01 9.99817269188314e+04 
6.28683131616467e+01 9.99809756060707e+04 
6.30708195650471e+01 9.99800186755850e+04 
6.32731804840720e+01 9.99789367770849e+04 
6.34753919046854e+01 9.99780900691717e+04 
6.36776034541254e+01 9.99779825297568e+04 
6.38797873688976e+01 9.99786658407915e+04 
6.40819738273611e+01 9.99799617754869e+04 
6.42841784067253e+01 9.99812388823423e+04 
6.44863959670241e+01 9.99824786885924e+04 
6.46886801912706e+01 9.99838166059046e+04 
6.48910662140103e+01 9.99855334507539e+04 
6.50935819241049e+01 9.99878832227498e+04 
6.52963226964966e+01 9.99906536381682e+04 
6.54992405740070e+01 9.99935405024841e+04 
6.57023188561443e+01 9.99964539148027e+04 
6.59055500692646e+01 9.99992088387428e+04 
6.61089027901603e+01 1.00001690754570e+05 
6.63122766649993e+01 1.00004141007917e+05 
6.65156872049080e+01 1.00006688642403e+05 
6.67191280630788e+01 1.00009416473962e+05 
6.69226164912726e+01 1.00012152872114e+05 
6.71261325074319e+01 1.00014552456949e+05 
6.73296169036911e+01 1.00016276450407e+05 
6.75330252299440e+01 1.00017380315833e+05 
6.77363198433455e+01 1.00018122579707e+05 
6.79393888572186e+01 1.00019075077663e+05 
6.81423368894994e+01 1.00020093466419e+05 
6.83450708709156e+01 1.00020844827127e+05 
6.85478069710537e+01 1.00020858209269e+05 
6.87504560574697e+01 1.00020109880638e+05 
6.89530120509714e+01 1.00018798882217e+05 
6.91555074049377e+01 1.00017564021966e+05 
6.93579506481004e+01 1.00016399549604e+05 
6.95603538262472e+01 1.00015141025174e+05 
6.97628467070184e+01 1.00013490425465e+05 
6.99654031500043e+01 1.00011195609994e+05 
7.01680675370484e+01 1.00008471333294e+05 
7.03708128597538e+01 1.00005691076945e+05 
7.05736643918905e+01 1.00002907633596e+05 
7.07765856443493e+01 1.00000269273124e+05 
7.09796045256010e+01 9.99978294388604e+04 
7.11826613299295e+01 9.99953138106556e+04 
7.13857897479778e+01 9.99926359168857e+04 
7.15889661007472e+01 9.99897753665924e+04 
7.17921459341708e+01 9.99869001198806e+04 
7.19953726252105e+01 9.99843175553658e+04 
7.21985718027617e+01 9.99823552063615e+04 
7.24016476186381e+01 9.99809463962500e+04 
7.26045430537818e+01 9.99798619798711e+04 
7.28072213299480e+01 9.99785569284172e+04 
7.30097805999067e+01 9.99771532562701e+04 
7.32121446685061e+01 9.99760752436007e+04 
7.34144836407241e+01 9.99758076026422e+04 
7.36167644759561e+01 9.99763311944002e+04 
7.38189887804541e+01 9.99774492657461e+04 
7.40211919750683e+01 9.99784917538192e+04 
7.42233714635407e+01 9.99794649533719e+04 
7.44255673633598e+01 9.99805246341017e+04 
7.46278498585127e+01 9.99820193341822e+04 
7.48302306656735e+01 9.99842501534391e+04 
7.50327937384072e+01 9.99869564448073e+04 
7.52355063125583e+01 9.99897359483468e+04 
7.54383722282391e+01 9.99925363442646e+04 
7.56414216244544e+01 9.99952130415261e+04 
7.58445981321123e+01 9.99977368102083e+04 
7.60479184214261e+01 1.00000352145737e+05 
7.62512929186171e+01 1.00003142623600e+05 
7.64546964242765e+01 1.00006081886188e+05 
7.66581350680706e+01 1.00008984588364e+05 
7.68616010200597e+01 1.00011534179076e+05 
7.70651079936182e+01 1.00013422939007e+05 
7.72686113724331e+01 1.00014754164063e+05 
7.74720611152207e+01 1.00015788310919e+05 
7.76753133911698e+01 1.00017057133363e+05 
7.78784461857672e+01 1.00018403389899e+05 
7.80813340565300e+01 1.00019432814925e+05 
7.82841986758304e+01 1.00019680257629e+05 
7.84869562928645e+01 1.00019185463831e+05 
7.86895714902216e+01 1.00018190146471e+05 
7.88920942905549e+01 1.00017349441379e+05 
7.90945315913393e+01 1.00016661742520e+05 
7.92968840114831e+01 1.00015926556485e+05 
7.94993122078064e+01 1.00014752025086e+05 
7.97017694779022e+01 1.00012898780117e+05 
7.99042936798559e+01 1.00010603761745e+05 
8.01068697501696e+01 1.00008333150770e+05 
8.03095192442820e+01 1.00006139168884e+05 
8.05122783411067e+01 1.00004079719553e+05 
8.07151532943511e+01 1.00002067026330e+05 
8.09180874917751e+01 9.99998482025192e+04 
8.11211009470289e+01 9.99973652967543e+04 
8.13241348982823e+01 9.99947536138351e+04 
8.15272528948804e+01 9.99921486168997e+04 
8.17303892546740e+01 9.99897916030545e+04 
8.19335573112213e+01 9.99879413157985e+04 
8.21368014274263e+01 9.99864357514937e+04 
8.23398733234911e+01 9.99851008584365e+04 
8.25427383975605e+01 9.99835329133381e+04 
8.27454995878572e+01 9.99818664760525e+04 
8.29480798671471e+01 9.99805277482273e+04 
8.31506062535737e+01 9.99800065527925e+04 
8.33530393401760e+01 9.99801193203989e+04 
8.35553612257224e+01 9.99807379528631e+04 
8.37576211955306e+01 9.99812512356187e+04 
8.39598226381276e+01 9.99816943830039e+04 
8.41619894017817e+01 9.99822716274163e+04 
8.43642239682605e+01 9.99833779659957e+04 
8.45665203012387e+01 9.99852305401172e+04 
8.47689483564908e+01 9.99875225227549e+04 
8.49714940232389e+01 9.99898458759985e+04 
8.51741579640687e+01 9.99921666973092e+04 
8.53769978718437e+01 9.99944034472101e+04 
8.55799804902041e+01 9.99966591002885e+04 
8.57831240408108e+01 9.99991393403022e+04 
8.59864536951827e+01 1.00001865683474e+05 
8.61898160798553e+01 1.00004673732669e+05 
8.63932062744392e+01 1.00007441321519e+05 
8.65966229319829e+01 1.00009900167058e+05 
8.68000940443101e+01 1.00011811403731e+05 
8.70035825837327e+01 1.00013365577834e+05 
8.72070843440491e+01 1.00014719677840e+05 
8.74105419344450e+01 1.00016270115040e+05 
8.76138267437083e+01 1.00017875549322e+05 
8.78169205534772e+01 1.00019112546165e+05 
8.80199632675196e+01 1.00019549396104e+05 
8.82228781681249e+01 1.00019387910585e+05 
8.84256106973253e+01 1.00018778074370e+05 
8.86282246424383e+01 1.00018313570228e+05 
8.88307219110573e+01 1.00017947851885e+05 
8.90330924047535e+01 1.00017458304749e+05 
8.92355207597714e+01 1.00016456075325e+05 
8.94379379157647e+01 1.00014759582413e+05 
8.96403799089431e+01 1.00012640248105e+05 
8.98428436218644e+01 1.00010552199607e+05 
9.00453482475632e+01 1.00008519026699e+05 
9.02479204282358e+01 1.00006557712552e+05 
9.04506070166489e+01 1.00004543788787e+05 
9.06534221098573e+01 1.00002253668720e+05 
9.08563074156330e+01 9.99996648207639e+04 
9.10592331034942e+01 9.99969966811632e+04 
9.12622364660194e+01 9.99943205741606e+04 
9.14653252837018e+01 9.99918729885305e+04 
9.16684271913442e+01 9.99898710476873e+04 
9.18715866137494e+01 9.99881174031452e+04 
9.20747842683971e+01 9.99864686904755e+04 
9.22778651165516e+01 9.99845853952590e+04 
9.24808149399466e+01 9.99826364742001e+04 
9.26836400845213e+01 9.99810144938187e+04 
9.28863873614108e+01 9.99801546928209e+04 
9.30890085767134e+01 9.99800168440917e+04 
9.32914663544503e+01 9.99802634695113e+04 
9.34938317764641e+01 9.99804091534722e+04 
9.36961022577806e+01 9.99804571586357e+04 
9.38982898525573e+01 9.99806535589420e+04 
9.41005250280928e+01 9.99814908007339e+04 
9.43027848548941e+01 9.99831309337226e+04 
9.45051224941694e+01 9.99852497509183e+04 
9.47075391235569e+01 9.99873568789957e+04 
9.49100356403763e+01 9.99894545915621e+04 
9.51126679959551e+01 9.99915377053699e+04 
9.53154338342254e+01 9.99937632101972e+04 
9.55183731288411e+01 9.99963266215733e+04 
9.57215113888919e+01 9.99992173866168e+04 
9.59247849047671e+01 1.00002156517555e+05 
9.61281201802749e+01 1.00005082794571e+05 
9.63314994562056e+01 1.00007726609326e+05 
9.65349076935859e+01 1.00009876158821e+05 
9.67383385387505e+01 1.00011756316897e+05 
9.69418207081187e+01 1.00013495900525e+05 
9.71453287818878e+01 1.00015427375801e+05 
9.73487757563585e+01 1.00017369461434e+05 
9.75521003395735e+01 1.00018933855257e+05 
9.77553203876417e+01 1.00019697694865e+05 
9.79584256456356e+01 1.00019749043507e+05 
9.81613154578645e+01 1.00019502179140e+05 
9.83640728139437e+01 1.00019364495559e+05 
9.85666800715794e+01 1.00019322188402e+05 
9.87691229821461e+01 1.00019148689249e+05 
9.89716027992200e+01 1.00018368954231e+05 
9.91740397132955e+01 1.00016844967978e+05 
9.93764536462670e+01 1.00014855726127e+05 
9.95788576239822e+01 1.00012951009743e+05 
9.97812656950711e+01 1.00011140913398e+05 
9.99837025244658e+01 1.00009385555410e+05 
1.00186246746907e+02 1.00007482174198e+05 
