# Liste des scalaires : TEMPS pmat 
0.00000000000000e+00 1.00000000000000e+05 
2.04081632653061e-01 1.00000000000000e+05 
4.08042165141975e-01 1.00000000000000e+05 
6.11832106953319e-01 1.00000000000000e+05 
8.15421737498182e-01 1.00000000000000e+05 
1.01884831470558e+00 1.00000000000000e+05 
1.22207818930831e+00 1.00000000000000e+05 
1.42513098547652e+00 1.00000000000000e+05 
1.62798725493260e+00 1.00000000000000e+05 
1.83053493087979e+00 1.00000000000000e+05 
2.03291905653503e+00 1.00000000000000e+05 
2.23520224592158e+00 1.00000000000000e+05 
2.43733969254296e+00 1.00000000000000e+05 
2.63931827049832e+00 1.00000000000000e+05 
2.84120332396323e+00 1.00000000000000e+05 
3.04297858176904e+00 1.00000000000000e+05 
3.24460591464334e+00 1.00000000000000e+05 
3.44612291562131e+00 1.00000000000000e+05 
3.64760922308227e+00 1.00000000000000e+05 
3.84909249851467e+00 1.00000000000000e+05 
4.05064469773747e+00 1.00000000000000e+05 
4.25222294222906e+00 1.00000000000000e+05 
4.45380035517506e+00 1.00000000000000e+05 
4.65542063364273e+00 1.00000000000000e+05 
4.85715243419261e+00 1.00000000000000e+05 
5.05906045928525e+00 1.00000000000000e+05 
5.26119401899534e+00 1.00000000000000e+05 
5.46347898380931e+00 1.00000000000000e+05 
5.66591894484892e+00 1.00000000000000e+05 
5.86852800362132e+00 1.00000000000000e+05 
6.07136345597011e+00 1.00000000000000e+05 
6.27438265108359e+00 1.00000000000000e+05 
6.47752964045090e+00 1.00000000000000e+05 
6.68089073121200e+00 1.00000000000000e+05 
6.88429870550576e+00 1.00000000000000e+05 
7.08769636443068e+00 1.00000000000000e+05 
7.29110827962174e+00 1.00000000000000e+05 
7.49449373816632e+00 1.00000000000000e+05 
7.69790617884871e+00 1.00000000000000e+05 
7.90135044231191e+00 1.00000000000000e+05 
8.10473659770851e+00 1.00000000000000e+05 
8.30800948139133e+00 1.00000000000000e+05 
8.51115234273433e+00 1.00000000000000e+05 
8.71416193711340e+00 1.00000000000000e+05 
8.91719900347831e+00 1.00000000000000e+05 
9.12020204041872e+00 1.00000000000000e+05 
9.32319297435189e+00 1.00000000000000e+05 
9.52619174127014e+00 1.00000000000000e+05 
9.72921908834018e+00 1.00000000000000e+05 
9.93229912946381e+00 1.00000000000000e+05 
1.01354642235065e+01 1.00000000000000e+05 
1.03387225987006e+01 1.00000000000000e+05 
1.05420932760412e+01 1.00000000000000e+05 
1.07455601602491e+01 1.00000000000000e+05 
1.09490636153785e+01 1.00000000000000e+05 
1.11525952040860e+01 1.00000000000000e+05 
1.13559908728595e+01 1.00000000000000e+05 
1.15591577617810e+01 1.00000000000000e+05 
1.17622381240369e+01 1.00000000000000e+05 
1.19650888349948e+01 1.00000000000000e+05 
1.21677288877747e+01 1.00000000000000e+05 
1.23702013159276e+01 1.00000000000000e+05 
1.25725982340610e+01 1.00000000000000e+05 
1.27748516426287e+01 1.00000000000000e+05 
1.29769249867640e+01 1.00000000000000e+05 
1.31787998828658e+01 1.00000000000000e+05 
1.33806014179065e+01 1.00000000000000e+05 
1.35822734033907e+01 1.00000000000000e+05 
1.37839887339651e+01 1.00000000000000e+05 
1.39857022015949e+01 1.00000000000000e+05 
1.41874661286692e+01 1.00000000000000e+05 
1.43892101845392e+01 1.00000000000000e+05 
1.45910326674531e+01 1.00000000000000e+05 
1.47929375836209e+01 1.00000000000000e+05 
1.49949695660416e+01 1.00000000000000e+05 
1.51971475723012e+01 1.00000000000000e+05 
1.53995487529939e+01 1.00000000000000e+05 
1.56020957788436e+01 1.00000000000000e+05 
1.58048076652820e+01 1.00000000000000e+05 
1.60076888558614e+01 1.00000000000000e+05 
1.62106850728960e+01 1.00000000000000e+05 
1.64138636363558e+01 1.00000000000000e+05 
1.66171481416695e+01 1.00000000000000e+05 
1.68205318926791e+01 1.00000000000000e+05 
1.70239717971818e+01 1.00000000000000e+05 
1.72274242526830e+01 1.00000000000000e+05 
1.74308511498678e+01 1.00000000000000e+05 
1.76342505270569e+01 1.00000000000000e+05 
1.78376212420556e+01 1.00000000000000e+05 
1.80409883913594e+01 1.00000000000000e+05 
1.82443050346869e+01 1.00000000000000e+05 
1.84474327837354e+01 1.00000000000000e+05 
1.86505503053125e+01 1.00000000000000e+05 
1.88535932316970e+01 1.00000000000000e+05 
1.90565608622741e+01 1.00000000000000e+05 
1.92594853707276e+01 1.00000000000000e+05 
1.94623796526000e+01 1.00000000000000e+05 
1.96652593507810e+01 1.00000000000000e+05 
1.98682128225951e+01 1.00000000000000e+05 
2.00712299723808e+01 1.00000000000000e+05 
2.02743632772251e+01 1.00000000000000e+05 
2.04775974201162e+01 1.00000000000000e+05 
2.06808993432005e+01 1.00000000000000e+05 
2.08842816624739e+01 1.00000000000000e+05 
2.10877109245459e+01 1.00000000000000e+05 
2.12911865561413e+01 1.00000000000000e+05 
2.14946542636065e+01 1.00000000000000e+05 
2.16979483115182e+01 1.00000000000000e+05 
2.19009928614698e+01 1.00000000000000e+05 
2.21039017811684e+01 1.00000000000000e+05 
2.23066497283774e+01 1.00000000000000e+05 
2.25092177015210e+01 1.00000000000000e+05 
2.27116581345214e+01 1.00000000000000e+05 
2.29139334651086e+01 1.00000000000000e+05 
2.31160467477100e+01 1.00000000000000e+05 
2.33179868862948e+01 1.00000000000000e+05 
2.35199180822287e+01 1.00000000000000e+05 
2.37218051763256e+01 1.00000000000000e+05 
2.39236768880851e+01 1.00000000000000e+05 
2.41255552893581e+01 1.00000000000000e+05 
2.43274126484990e+01 1.00000000000000e+05 
2.45293056915018e+01 1.00000000000000e+05 
2.47312963943893e+01 1.00000000000000e+05 
2.49333962174227e+01 1.00000000000000e+05 
2.51357213393038e+01 1.00000000000000e+05 
2.53382018572701e+01 1.00000000000000e+05 
2.55408488073704e+01 1.00000000000000e+05 
2.57436471827663e+01 1.00000000000000e+05 
2.59465698142901e+01 1.00000000000000e+05 
2.61496583369765e+01 1.00000000000000e+05 
2.63529142216749e+01 1.00000000000000e+05 
2.65562742668140e+01 1.00000000000000e+05 
2.67596972761635e+01 1.00000000000000e+05 
2.69631506643780e+01 1.00000000000000e+05 
2.71666356359982e+01 1.00000000000000e+05 
2.73700949757860e+01 1.00000000000000e+05 
2.75735042909555e+01 1.00000000000000e+05 
2.77768698215134e+01 1.00000000000000e+05 
2.79801634091441e+01 1.00000000000000e+05 
2.81832311137916e+01 1.00000000000000e+05 
2.83862493691881e+01 1.00000000000000e+05 
2.85892005667304e+01 1.00000000000000e+05 
2.87920289759177e+01 1.00000000000000e+05 
2.89947855911169e+01 1.00000000000000e+05 
2.91974758167431e+01 1.00000000000000e+05 
2.94001081727549e+01 1.00000000000001e+05 
2.96028174869848e+01 1.00000000000004e+05 
2.98055746712193e+01 1.00000000000074e+05 
3.00084175396436e+01 1.00000000000146e+05 
3.02113309117389e+01 1.00000000176742e+05 
3.04143391710080e+01 1.00000000649362e+05 
3.06174347641709e+01 1.00000001417285e+05 
3.08206359225875e+01 1.00000002566040e+05 
3.10238921252226e+01 1.00000004939039e+05 
3.12271617071788e+01 1.00000009479155e+05 
3.14304933723914e+01 1.00000018657822e+05 
3.16338559333766e+01 1.00000035883439e+05 
3.18371697100234e+01 1.00000066952622e+05 
3.20402940171543e+01 1.00000120048005e+05 
3.22432411366959e+01 1.00000206551787e+05 
3.24460329241944e+01 1.00000340202327e+05 
3.26486468730478e+01 1.00000547650150e+05 
3.28510694083674e+01 1.00000867892528e+05 
3.30532799861897e+01 1.00001343959680e+05 
3.32554482102955e+01 1.00002036970209e+05 
3.34575453553804e+01 1.00002931865694e+05 
3.36595641500324e+01 1.00004025650497e+05 
3.38615486883824e+01 1.00005275515776e+05 
3.40634799904239e+01 1.00006711761686e+05 
3.42653996408576e+01 1.00008327528513e+05 
3.44673939566842e+01 1.00010238622780e+05 
3.46694612546547e+01 1.00012156800605e+05 
3.48717036107216e+01 1.00013928144946e+05 
3.50740862371626e+01 1.00015349321951e+05 
3.52766015885758e+01 1.00016582833001e+05 
3.54793183147402e+01 1.00017720199967e+05 
3.56821412870120e+01 1.00018933463287e+05 
3.58851172271814e+01 1.00019828045710e+05 
3.60883109456795e+01 1.00020139563400e+05 
3.62916365042183e+01 1.00019784114470e+05 
3.64950404477902e+01 1.00019191278935e+05 
3.66984690806315e+01 1.00018557899869e+05 
3.69019364923025e+01 1.00017852531785e+05 
3.71054357283456e+01 1.00016973614810e+05 
3.73088956361505e+01 1.00015478881981e+05 
3.75123241222096e+01 1.00013483790237e+05 
3.77157068996436e+01 1.00011380801318e+05 
3.79188884208807e+01 1.00009395201941e+05 
3.81219429731373e+01 1.00007331724140e+05 
3.83249696414713e+01 1.00005350415107e+05 
3.85278282028840e+01 1.00003098175185e+05 
3.87305789313831e+01 1.00000702325355e+05 
3.89332338669238e+01 9.99982759283370e+04 
3.91357862752962e+01 9.99959504367299e+04 
3.93384030966966e+01 9.99935175043772e+04 
3.95410271713939e+01 9.99914095495842e+04 
3.97436993424354e+01 9.99895442140443e+04 
3.99463921856252e+01 9.99878452937192e+04 
4.01491654750551e+01 9.99860662109887e+04 
4.03520289195442e+01 9.99842797512704e+04 
4.05550048910795e+01 9.99823682943030e+04 
4.07580864187294e+01 9.99808934489234e+04 
4.09612286775592e+01 9.99801107321453e+04 
4.11644223380052e+01 9.99799784427670e+04 
4.13676607110112e+01 9.99798399286450e+04 
4.15709452306063e+01 9.99796657748640e+04 
4.17742442700769e+01 9.99794509542509e+04 
4.19775135223546e+01 9.99795858176417e+04 
4.21806564457985e+01 9.99806025772498e+04 
4.23835704544603e+01 9.99822934139841e+04 
4.25863222546333e+01 9.99842644246528e+04 
4.27888279196484e+01 9.99863193209825e+04 
4.29912615982889e+01 9.99884523318490e+04 
4.31935852435500e+01 9.99906400910409e+04 
4.33957815205678e+01 9.99935003839971e+04 
4.35978979487543e+01 9.99967525240324e+04 
4.37999304200929e+01 1.00000146512311e+05 
4.40019076885360e+01 1.00003479044153e+05 
4.42039337320145e+01 1.00006861806594e+05 
4.44060001538986e+01 1.00009766041403e+05 
4.46081858574393e+01 1.00012459501315e+05 
4.48104711684930e+01 1.00014855426092e+05 
4.50128451538969e+01 1.00017186892899e+05 
4.52153736753591e+01 1.00019400992872e+05 
4.54180340147901e+01 1.00021540485040e+05 
4.56208710244056e+01 1.00022890914849e+05 
4.58239099702678e+01 1.00023242156272e+05 
4.60270996589638e+01 1.00022769520802e+05 
4.62304657697298e+01 1.00022203729149e+05 
4.64338688960506e+01 1.00021745059843e+05 
4.66373017077841e+01 1.00021241795159e+05 
4.68407572598015e+01 1.00020221724353e+05 
4.70442546395734e+01 1.00018293644744e+05 
4.72477386480636e+01 1.00015599582579e+05 
4.74511939246332e+01 1.00012883119420e+05 
4.76545330594890e+01 1.00010427070322e+05 
4.78577067285611e+01 1.00007985343640e+05 
4.80608753693268e+01 1.00005582599729e+05 
4.82638354697416e+01 1.00002672874880e+05 
4.84666467540706e+01 9.99994428108268e+04 
4.86693473168333e+01 9.99961325483707e+04 
4.88719019249858e+01 9.99929149301081e+04 
4.90745027720318e+01 9.99896703992091e+04 
4.92770764391171e+01 9.99868894970613e+04 
4.94796476958813e+01 9.99843918732490e+04 
4.96822204167646e+01 9.99820581233678e+04 
4.98848222239144e+01 9.99795943485883e+04 
5.00874761862161e+01 9.99771026390636e+04 
5.02902390157782e+01 9.99745846246530e+04 
5.04931165644340e+01 9.99727411074871e+04 
5.06960805910771e+01 9.99718566571007e+04 
5.08991333423157e+01 9.99719166921616e+04 
5.11022578645217e+01 9.99719086049167e+04 
5.13054423763076e+01 9.99717966134064e+04 
5.15086548546338e+01 9.99716434269878e+04 
5.17119065645690e+01 9.99720611072237e+04 
5.19151950423545e+01 9.99737030690817e+04 
5.21183745006488e+01 9.99761046743380e+04 
5.23214088774139e+01 9.99786818462868e+04 
5.25242324010963e+01 9.99811694494184e+04 
5.27269607076205e+01 9.99835512858549e+04 
5.29295441731976e+01 9.99858787044606e+04 
5.31319496968064e+01 9.99889951929833e+04 
5.33342472842059e+01 9.99926324424900e+04 
5.35364267211515e+01 9.99964121965729e+04 
5.37385040812235e+01 1.00000000711434e+05 
5.39406083094777e+01 1.00003435448695e+05 
5.41427161596012e+01 1.00006253635526e+05 
5.43448835302565e+01 1.00008841813583e+05 
5.45471108975266e+01 1.00011320247181e+05 
5.47493910082137e+01 1.00013868991194e+05 
5.49517879790564e+01 1.00016355316706e+05 
5.51543020530474e+01 1.00018746139173e+05 
5.53569745540088e+01 1.00020293056100e+05 
5.55598668189212e+01 1.00020867549980e+05 
5.57629126136038e+01 1.00020730107440e+05 
5.59661352293277e+01 1.00020765513109e+05 
5.61694921057413e+01 1.00021041565109e+05 
5.63728862466536e+01 1.00021356352130e+05 
5.65762995126502e+01 1.00021139616884e+05 
5.67797565324227e+01 1.00019891192915e+05 
5.69832411929876e+01 1.00018099521959e+05 
5.71867575597213e+01 1.00016251759495e+05 
5.73902142438224e+01 1.00014651801852e+05 
5.75935504013974e+01 1.00013269728912e+05 
5.77968428105782e+01 1.00011915161391e+05 
5.79999523007818e+01 1.00009870412412e+05 
5.82028720166861e+01 1.00007325814186e+05 
5.84056737401209e+01 1.00004692004320e+05 
5.86082924096970e+01 1.00002150831023e+05 
5.88109369357781e+01 9.99997230476890e+04 
5.90135188227780e+01 9.99976511704919e+04 
5.92160540509742e+01 9.99954724474534e+04 
5.94185604009779e+01 9.99932431092946e+04 
5.96210526984744e+01 9.99907383843818e+04 
5.98235501837237e+01 9.99881609835539e+04 
6.00261485722220e+01 9.99855097402173e+04 
6.02288361841210e+01 9.99835225023362e+04 
6.04316638201486e+01 9.99822280160824e+04 
6.06345686020863e+01 9.99814146453246e+04 
6.08375671479841e+01 9.99804857244096e+04 
6.10406211004055e+01 9.99793554747842e+04 
6.12437426280142e+01 9.99781631155319e+04 
6.14469164445446e+01 9.99775922304238e+04 
6.16501210676312e+01 9.99781466939176e+04 
6.18533579475247e+01 9.99793757174415e+04 
6.20566264173889e+01 9.99806395504089e+04 
6.22597817220211e+01 9.99817011261791e+04 
6.24627995534665e+01 9.99827202604442e+04 
6.26656673735378e+01 9.99840655746007e+04 
6.28683131616467e+01 9.99863365058176e+04 
6.30708195650471e+01 9.99892134192151e+04 
6.32731804840720e+01 9.99921805845166e+04 
6.34753919046854e+01 9.99949454935802e+04 
6.36776034541254e+01 9.99976836565857e+04 
6.38797873688976e+01 1.00000136811941e+05 
6.40819738273611e+01 1.00002731039879e+05 
6.42841784067253e+01 1.00005362986513e+05 
6.44863959670241e+01 1.00008109146515e+05 
6.46886801912706e+01 1.00010740171874e+05 
6.48910662140103e+01 1.00013377118023e+05 
6.50935819241049e+01 1.00015297871593e+05 
6.52963226964966e+01 1.00016478125235e+05 
6.54992405740070e+01 1.00017222263301e+05 
6.57023188561443e+01 1.00018075592889e+05 
6.59055500692646e+01 1.00019096853459e+05 
6.61089027901603e+01 1.00020141262805e+05 
6.63122766649993e+01 1.00020590710254e+05 
6.65156872049080e+01 1.00019937564735e+05 
6.67191280630788e+01 1.00018734945000e+05 
6.69226164912726e+01 1.00017594916189e+05 
6.71261325074319e+01 1.00016726713736e+05 
6.73296169036911e+01 1.00015947897010e+05 
6.75330252299440e+01 1.00014840887216e+05 
6.77363198433455e+01 1.00012864373316e+05 
6.79393888572186e+01 1.00010303569771e+05 
6.81423368894994e+01 1.00007696135394e+05 
6.83450708709156e+01 1.00005239513186e+05 
6.85478069710537e+01 1.00002765668510e+05 
6.87504560574697e+01 1.00000502940095e+05 
6.89530120509714e+01 9.99979879469427e+04 
6.91555074049377e+01 9.99953571758614e+04 
6.93579506481004e+01 9.99925152317822e+04 
6.95603538262472e+01 9.99896473039278e+04 
6.97628467070184e+01 9.99866820478866e+04 
6.99654031500043e+01 9.99843941389557e+04 
7.01680675370484e+01 9.99827170654004e+04 
7.03708128597538e+01 9.99814346105162e+04 
7.05736643918905e+01 9.99799653809676e+04 
7.07765856443493e+01 9.99782660382786e+04 
7.09796045256010e+01 9.99765501028198e+04 
7.11826613299295e+01 9.99756052626483e+04 
7.13857897479778e+01 9.99758116623777e+04 
7.15889661007472e+01 9.99767497969448e+04 
7.17921459341708e+01 9.99776575774560e+04 
7.19953726252105e+01 9.99782577157876e+04 
7.21985718027617e+01 9.99788838713647e+04 
7.24016476186381e+01 9.99799275135588e+04 
7.26045430537818e+01 9.99819609915240e+04 
7.28072213299480e+01 9.99846640010238e+04 
7.30097805999067e+01 9.99875048301049e+04 
7.32121446685061e+01 9.99900928762755e+04 
7.34144836407241e+01 9.99927002977244e+04 
7.36167644759561e+01 9.99950844783416e+04 
7.38189887804541e+01 9.99977914627174e+04 
7.40211919750683e+01 1.00000688665663e+05 
7.42233714635407e+01 1.00003739175030e+05 
7.44255673633598e+01 1.00006693853133e+05 
7.46278498585127e+01 1.00009633732277e+05 
7.48302306656735e+01 1.00011825971461e+05 
7.50327937384072e+01 1.00013396009384e+05 
7.52355063125583e+01 1.00014615900724e+05 
7.54383722282391e+01 1.00015983356995e+05 
7.56414216244544e+01 1.00017497269163e+05 
7.58445981321123e+01 1.00018997892216e+05 
7.60479184214261e+01 1.00019764600822e+05 
7.62512929186171e+01 1.00019442961148e+05 
7.64546964242765e+01 1.00018521866430e+05 
7.66581350680706e+01 1.00017732563348e+05 
7.68616010200597e+01 1.00017250898284e+05 
7.70651079936182e+01 1.00016805704964e+05 
7.72686113724331e+01 1.00015994473163e+05 
7.74720611152207e+01 1.00014277442037e+05 
7.76753133911698e+01 1.00012060340668e+05 
7.78784461857672e+01 1.00009827039454e+05 
7.80813340565300e+01 1.00007844966004e+05 
7.82841986758304e+01 1.00005874307128e+05 
7.84869562928645e+01 1.00004065591791e+05 
7.86895714902216e+01 1.00001905980340e+05 
7.88920942905549e+01 9.99995207622978e+04 
7.90945315913393e+01 9.99969281238175e+04 
7.92968840114831e+01 9.99943393116683e+04 
7.94993122078064e+01 9.99917107760969e+04 
7.97017694779022e+01 9.99896564533590e+04 
7.99042936798559e+01 9.99879584355710e+04 
8.01068697501696e+01 9.99865834304400e+04 
8.03095192442820e+01 9.99849563788596e+04 
8.05122783411067e+01 9.99831105913775e+04 
8.07151532943511e+01 9.99812219172715e+04 
8.09180874917751e+01 9.99801112322090e+04 
8.11211009470289e+01 9.99799290787544e+04 
8.13241348982823e+01 9.99804142118872e+04 
8.15272528948804e+01 9.99808149803166e+04 
8.17303892546740e+01 9.99809278990413e+04 
8.19335573112213e+01 9.99810732965115e+04 
8.21368014274263e+01 9.99817509424135e+04 
8.23398733234911e+01 9.99833878615355e+04 
8.25427383975605e+01 9.99856389298745e+04 
8.27454995878572e+01 9.99879928143152e+04 
8.29480798671471e+01 9.99901376291078e+04 
8.31506062535737e+01 9.99922933443148e+04 
8.33530393401760e+01 9.99944184237864e+04 
8.35553612257224e+01 9.99969632771606e+04 
8.37576211955306e+01 9.99997650942961e+04 
8.39598226381276e+01 1.00002677189020e+05 
8.41619894017817e+01 1.00005452310712e+05 
8.43642239682605e+01 1.00008233455806e+05 
8.45665203012387e+01 1.00010409890400e+05 
8.47689483564908e+01 1.00012141521153e+05 
8.49714940232389e+01 1.00013603499553e+05 
8.51741579640687e+01 1.00015200594622e+05 
8.53769978718437e+01 1.00016901829781e+05 
8.55799804902041e+01 1.00018623698867e+05 
8.57831240408108e+01 1.00019609397916e+05 
8.59864536951827e+01 1.00019614717325e+05 
8.61898160798553e+01 1.00019000986814e+05 
8.63932062744392e+01 1.00018552955391e+05 
8.65966229319829e+01 1.00018422681654e+05 
8.68000940443101e+01 1.00018304848067e+05 
8.70035825837327e+01 1.00017728570157e+05 
8.72070843440491e+01 1.00016236703597e+05 
8.74105419344450e+01 1.00014209475794e+05 
8.76138267437083e+01 1.00012160151398e+05 
8.78169205534772e+01 1.00010336359249e+05 
8.80199632675196e+01 1.00008554866987e+05 
8.82228781681249e+01 1.00006800858869e+05 
8.84256106973253e+01 1.00004584816216e+05 
8.86282246424383e+01 1.00002045873032e+05 
8.88307219110573e+01 9.99993405787798e+04 
8.90330924047535e+01 9.99967000502770e+04 
8.92355207597714e+01 9.99940078077249e+04 
8.94379379157647e+01 9.99918316269898e+04 
8.96403799089431e+01 9.99899177657522e+04 
8.98428436218644e+01 9.99881645263925e+04 
9.00453482475632e+01 9.99861812590581e+04 
9.02479204282358e+01 9.99840391147742e+04 
9.04506070166489e+01 9.99818571022048e+04 
9.06534221098573e+01 9.99803915045078e+04 
9.08563074156330e+01 9.99798326708069e+04 
9.10592331034942e+01 9.99800082360375e+04 
9.12622364660194e+01 9.99799678481069e+04 
9.14653252837018e+01 9.99796658768512e+04 
9.16684271913442e+01 9.99794167197737e+04 
9.18715866137494e+01 9.99797580526567e+04 
9.20747842683971e+01 9.99810758751693e+04 
9.22778651165516e+01 9.99831258706910e+04 
9.24808149399466e+01 9.99852548209268e+04 
9.26836400845213e+01 9.99872157582712e+04 
9.28863873614108e+01 9.99891675561127e+04 
9.30890085767134e+01 9.99911669409185e+04 
9.32914663544503e+01 9.99937533068330e+04 
9.34938317764641e+01 9.99967076723405e+04 
9.36961022577806e+01 9.99998296177525e+04 
9.38982898525573e+01 1.00002816300763e+05 
9.41005250280928e+01 1.00005794732917e+05 
9.43027848548941e+01 1.00008184826485e+05 
9.45051224941694e+01 1.00010275361145e+05 
9.47075391235569e+01 1.00012209190129e+05 
9.49100356403763e+01 1.00014253448496e+05 
9.51126679959551e+01 1.00016355267258e+05 
9.53154338342254e+01 1.00018452772013e+05 
9.55183731288411e+01 1.00019801399351e+05 
9.57215113888919e+01 1.00020150630302e+05 
9.59247849047671e+01 1.00019844405485e+05 
9.61281201802749e+01 1.00019708269090e+05 
9.63314994562056e+01 1.00019943872080e+05 
9.65349076935859e+01 1.00020174838649e+05 
9.67383385387505e+01 1.00019823774310e+05 
9.69418207081187e+01 1.00018549122710e+05 
9.71453287818878e+01 1.00016561967318e+05 
9.73487757563585e+01 1.00014613629504e+05 
9.75521003395735e+01 1.00012934142895e+05 
9.77553203876417e+01 1.00011320933006e+05 
9.79584256456356e+01 1.00009700322032e+05 
9.81613154578645e+01 1.00007496110246e+05 
9.83640728139437e+01 1.00004910331882e+05 
9.85666800715794e+01 1.00002165976489e+05 
9.87691229821461e+01 9.99995230858431e+04 
9.89716027992200e+01 9.99968818144262e+04 
9.91740397132955e+01 9.99946939150851e+04 
9.93764536462670e+01 9.99926142159210e+04 
9.95788576239822e+01 9.99906036580923e+04 
9.97812656950711e+01 9.99883396106271e+04 
9.99837025244658e+01 9.99859509439633e+04 
1.00186246746907e+02 9.99835069624179e+04 
