# Liste des scalaires : TEMPS pmat 
0.00000000000000e+00 1.00000000000000e+05 
2.04081632653061e-01 1.00000000000000e+05 
4.08042165141975e-01 1.00000000000000e+05 
6.11832106953319e-01 1.00000000000000e+05 
8.15421737498182e-01 1.00000000000000e+05 
1.01884831470558e+00 1.00000000000000e+05 
1.22207818930831e+00 1.00000000000000e+05 
1.42513098547652e+00 1.00000000000000e+05 
1.62798725493260e+00 1.00000000000000e+05 
1.83053493087979e+00 1.00000000000000e+05 
2.03291905653503e+00 1.00000000000000e+05 
2.23520224592158e+00 1.00000000000000e+05 
2.43733969254296e+00 1.00000000000000e+05 
2.63931827049832e+00 1.00000000000000e+05 
2.84120332396323e+00 1.00000000000000e+05 
3.04297858176904e+00 1.00000000000000e+05 
3.24460591464334e+00 1.00000000000000e+05 
3.44612291562131e+00 1.00000000000000e+05 
3.64760922308227e+00 1.00000000000000e+05 
3.84909249851467e+00 1.00000000000000e+05 
4.05064469773747e+00 1.00000000000000e+05 
4.25222294222906e+00 1.00000000000000e+05 
4.45380035517506e+00 1.00000000000000e+05 
4.65542063364273e+00 1.00000000000000e+05 
4.85715243419261e+00 1.00000000000000e+05 
5.05906045928525e+00 1.00000000000000e+05 
5.26119401899534e+00 1.00000000000000e+05 
5.46347898380931e+00 1.00000000000000e+05 
5.66591894484892e+00 1.00000000000000e+05 
5.86852800362132e+00 1.00000000000000e+05 
6.07136345597011e+00 1.00000000000000e+05 
6.27438265108359e+00 1.00000000000000e+05 
6.47752964045090e+00 1.00000000000000e+05 
6.68089073121200e+00 1.00000000000000e+05 
6.88429870550576e+00 1.00000000000000e+05 
7.08769636443068e+00 1.00000000000000e+05 
7.29110827962174e+00 1.00000000000000e+05 
7.49449373816632e+00 1.00000000000000e+05 
7.69790617884871e+00 1.00000000000000e+05 
7.90135044231191e+00 1.00000000000000e+05 
8.10473659770851e+00 1.00000000000000e+05 
8.30800948139133e+00 1.00000000000000e+05 
8.51115234273433e+00 1.00000000000000e+05 
8.71416193711340e+00 1.00000000000000e+05 
8.91719900347831e+00 1.00000000000000e+05 
9.12020204041872e+00 1.00000000000000e+05 
9.32319297435189e+00 1.00000000000000e+05 
9.52619174127014e+00 1.00000000000000e+05 
9.72921908834018e+00 1.00000000000000e+05 
9.93229912946381e+00 1.00000000000000e+05 
1.01354642235065e+01 1.00000000000000e+05 
1.03387225987006e+01 1.00000000000000e+05 
1.05420932760412e+01 1.00000000000000e+05 
1.07455601602491e+01 1.00000000000000e+05 
1.09490636153785e+01 1.00000000000000e+05 
1.11525952040860e+01 1.00000000000000e+05 
1.13559908728595e+01 1.00000000000000e+05 
1.15591577617810e+01 1.00000000000000e+05 
1.17622381240369e+01 1.00000000000000e+05 
1.19650888349948e+01 1.00000000000000e+05 
1.21677288877747e+01 1.00000000000000e+05 
1.23702013159276e+01 1.00000000000000e+05 
1.25725982340610e+01 1.00000000000000e+05 
1.27748516426287e+01 1.00000000000000e+05 
1.29769249867640e+01 1.00000000000000e+05 
1.31787998828658e+01 1.00000000000000e+05 
1.33806014179065e+01 1.00000000000000e+05 
1.35822734033907e+01 1.00000000000000e+05 
1.37839887339651e+01 1.00000000000000e+05 
1.39857022015949e+01 1.00000000000000e+05 
1.41874661286692e+01 1.00000000000000e+05 
1.43892101845392e+01 1.00000000000000e+05 
1.45910326674531e+01 1.00000000000000e+05 
1.47929375836209e+01 1.00000000000000e+05 
1.49949695660416e+01 1.00000000000000e+05 
1.51971475723012e+01 1.00000000000000e+05 
1.53995487529939e+01 1.00000000000000e+05 
1.56020957788436e+01 1.00000000000000e+05 
1.58048076652820e+01 1.00000000000000e+05 
1.60076888558614e+01 1.00000000000000e+05 
1.62106850728960e+01 1.00000000000000e+05 
1.64138636363558e+01 1.00000000000000e+05 
1.66171481416695e+01 1.00000000000000e+05 
1.68205318926791e+01 1.00000000000000e+05 
1.70239717971818e+01 1.00000000000000e+05 
1.72274242526830e+01 1.00000000000000e+05 
1.74308511498678e+01 1.00000000000000e+05 
1.76342505270569e+01 1.00000000000000e+05 
1.78376212420556e+01 1.00000000000000e+05 
1.80409883913594e+01 1.00000000000000e+05 
1.82443050346869e+01 1.00000000000000e+05 
1.84474327837354e+01 1.00000000000000e+05 
1.86505503053125e+01 1.00000000000000e+05 
1.88535932316970e+01 1.00000000000000e+05 
1.90565608622741e+01 1.00000000000000e+05 
1.92594853707276e+01 1.00000000000000e+05 
1.94623796526000e+01 1.00000000000000e+05 
1.96652593507810e+01 1.00000000000000e+05 
1.98682128225951e+01 1.00000000000000e+05 
2.00712299723808e+01 1.00000000000000e+05 
2.02743632772251e+01 1.00000000000000e+05 
2.04775974201162e+01 1.00000000000000e+05 
2.06808993432005e+01 1.00000000000000e+05 
2.08842816624739e+01 1.00000000000000e+05 
2.10877109245459e+01 1.00000000000000e+05 
2.12911865561413e+01 1.00000000000000e+05 
2.14946542636065e+01 1.00000000000000e+05 
2.16979483115182e+01 1.00000000000000e+05 
2.19009928614698e+01 1.00000000000000e+05 
2.21039017811684e+01 1.00000000000000e+05 
2.23066497283774e+01 1.00000000000000e+05 
2.25092177015210e+01 1.00000000000000e+05 
2.27116581345214e+01 1.00000000000000e+05 
2.29139334651086e+01 1.00000000000000e+05 
2.31160467477100e+01 1.00000000000000e+05 
2.33179868862948e+01 1.00000000000000e+05 
2.35199180822287e+01 1.00000000000000e+05 
2.37218051763256e+01 1.00000000000000e+05 
2.39236768880851e+01 1.00000000000000e+05 
2.41255552893581e+01 1.00000000000000e+05 
2.43274126484990e+01 1.00000000000000e+05 
2.45293056915018e+01 1.00000000000000e+05 
2.47312963943893e+01 1.00000000000008e+05 
2.49333962174227e+01 1.00000000000185e+05 
2.51357213393038e+01 1.00000000005924e+05 
2.53382018572701e+01 1.00000000253334e+05 
2.55408488073704e+01 1.00000000744797e+05 
2.57436471827663e+01 1.00000001682708e+05 
2.59465698142901e+01 1.00000003405780e+05 
2.61496583369765e+01 1.00000006946398e+05 
2.63529142216749e+01 1.00000013394793e+05 
2.65562742668140e+01 1.00000026614572e+05 
2.67596972761635e+01 1.00000051210082e+05 
2.69631506643780e+01 1.00000094486258e+05 
2.71666356359982e+01 1.00000174639161e+05 
2.73700949757860e+01 1.00000314955435e+05 
2.75735042909555e+01 1.00000512342501e+05 
2.77768698215134e+01 1.00000824656962e+05 
2.79801634091441e+01 1.00001289744360e+05 
2.81832311137916e+01 1.00001956200822e+05 
2.83862493691881e+01 1.00002917784680e+05 
2.85892005667304e+01 1.00004205525168e+05 
2.87920289759177e+01 1.00005429467596e+05 
2.89947855911169e+01 1.00006869478024e+05 
2.91974758167431e+01 1.00008595891116e+05 
2.94001081727549e+01 1.00010606492433e+05 
2.96028174869848e+01 1.00012861793415e+05 
2.98055746712193e+01 1.00015370357829e+05 
3.00084175396436e+01 1.00016704819015e+05 
3.02113309117389e+01 1.00017824922132e+05 
3.04143391710080e+01 1.00019075932282e+05 
3.06174347641709e+01 1.00020539304371e+05 
3.08206359225875e+01 1.00021854821130e+05 
3.10238921252226e+01 1.00023574249509e+05 
3.12271617071788e+01 1.00023583196551e+05 
3.14304933723914e+01 1.00023112666395e+05 
3.16338559333766e+01 1.00022733191832e+05 
3.18371697100234e+01 1.00022547238425e+05 
3.20402940171543e+01 1.00022106087873e+05 
3.22432411366959e+01 1.00022255771716e+05 
3.24460329241944e+01 1.00021020341446e+05 
3.26486468730478e+01 1.00019244196069e+05 
3.28510694083674e+01 1.00017358561562e+05 
3.30532799861897e+01 1.00015622386476e+05 
3.32554482102955e+01 1.00013364336819e+05 
3.34575453553804e+01 1.00011731214652e+05 
3.36595641500324e+01 1.00009713778242e+05 
3.38615486883824e+01 1.00007183509434e+05 
3.40634799904239e+01 1.00004446484673e+05 
3.42653996408576e+01 1.00001727231529e+05 
3.44673939566842e+01 9.99983971628509e+04 
3.46694612546547e+01 9.99954788622693e+04 
3.48717036107216e+01 9.99935529817161e+04 
3.50740862371626e+01 9.99914389635699e+04 
3.52766015885758e+01 9.99891748097855e+04 
3.54793183147402e+01 9.99867616051268e+04 
3.56821412870120e+01 9.99839488317288e+04 
3.58851172271814e+01 9.99811214321213e+04 
3.60883109456795e+01 9.99801835187270e+04 
3.62916365042183e+01 9.99795333947846e+04 
3.64950404477902e+01 9.99788222424792e+04 
3.66984690806315e+01 9.99779393938557e+04 
3.69019364923025e+01 9.99771192398858e+04 
3.71054357283456e+01 9.99758890866495e+04 
3.73088956361505e+01 9.99764640965528e+04 
3.75123241222096e+01 9.99774688961940e+04 
3.77157068996436e+01 9.99787364046685e+04 
3.79188884208807e+01 9.99798887190458e+04 
3.81219429731373e+01 9.99814891127705e+04 
3.83249696414713e+01 9.99824790976693e+04 
3.85278282028840e+01 9.99842723134313e+04 
3.87305789313831e+01 9.99865341946452e+04 
3.89332338669238e+01 9.99891013520422e+04 
3.91357862752962e+01 9.99915725537658e+04 
3.93384030966966e+01 9.99946464388310e+04 
3.95410271713939e+01 9.99972091164933e+04 
3.97436993424354e+01 9.99991636056793e+04 
3.99463921856252e+01 1.00001349777091e+05 
4.01491654750551e+01 1.00003708491155e+05 
4.03520289195442e+01 1.00006059974922e+05 
4.05550048910795e+01 1.00008874483835e+05 
4.07580864187294e+01 1.00011529798651e+05 
4.09612286775592e+01 1.00012591331685e+05 
4.11644223380052e+01 1.00013555036718e+05 
4.13676607110112e+01 1.00014532548721e+05 
4.15709452306063e+01 1.00015612533024e+05 
4.17742442700769e+01 1.00016850850486e+05 
4.19775135223546e+01 1.00018359240385e+05 
4.21806564457985e+01 1.00018186235614e+05 
4.23835704544603e+01 1.00017698576193e+05 
4.25863222546333e+01 1.00016934312979e+05 
4.27888279196484e+01 1.00016152929600e+05 
4.29912615982889e+01 1.00015013775105e+05 
4.31935852435500e+01 1.00014261204968e+05 
4.33957815205678e+01 1.00012646968975e+05 
4.35978979487543e+01 1.00010667072615e+05 
4.37999304200929e+01 1.00008333383651e+05 
4.40019076885360e+01 1.00005852914106e+05 
4.42039337320145e+01 1.00002633686776e+05 
4.44060001538986e+01 9.99996346124775e+04 
4.46081858574393e+01 9.99972044725318e+04 
4.48104711684930e+01 9.99946107765448e+04 
4.50128451538969e+01 9.99917235663019e+04 
4.52153736753591e+01 9.99886238061113e+04 
4.54180340147901e+01 9.99848454487374e+04 
4.56208710244056e+01 9.99809385836333e+04 
4.58239099702678e+01 9.99789967497871e+04 
4.60270996589638e+01 9.99773308875658e+04 
4.62304657697298e+01 9.99756489310595e+04 
4.64338688960506e+01 9.99737187650548e+04 
4.66373017077841e+01 9.99715807470543e+04 
4.68407572598015e+01 9.99689288516270e+04 
4.70442546395734e+01 9.99688130657566e+04 
4.72477386480636e+01 9.99693203356179e+04 
4.74511939246332e+01 9.99701096593462e+04 
4.76545330594890e+01 9.99707803672051e+04 
4.78577067285611e+01 9.99717945315960e+04 
4.80608753693268e+01 9.99720843023932e+04 
4.82638354697416e+01 9.99740773423753e+04 
4.84666467540706e+01 9.99767763601450e+04 
4.86693473168333e+01 9.99799112211122e+04 
4.88719019249858e+01 9.99829982273039e+04 
4.90745027720318e+01 9.99869416381901e+04 
4.92770764391171e+01 9.99901226697836e+04 
4.94796476958813e+01 9.99931604572977e+04 
4.96822204167646e+01 9.99966352580555e+04 
4.98848222239144e+01 1.00000437916196e+05 
5.00874761862161e+01 1.00004246615746e+05 
5.02902390157782e+01 1.00008901523107e+05 
5.04931165644340e+01 1.00013216757140e+05 
5.06960805910771e+01 1.00015580548187e+05 
5.08991333423157e+01 1.00017880621698e+05 
5.11022578645217e+01 1.00020250156712e+05 
5.13054423763076e+01 1.00022788224277e+05 
5.15086548546338e+01 1.00025724548824e+05 
5.17119065645690e+01 1.00028896236187e+05 
5.19151950423545e+01 1.00029321999442e+05 
5.21183745006488e+01 1.00029256140390e+05 
5.23214088774139e+01 1.00028948088616e+05 
5.25242324010963e+01 1.00028733793967e+05 
5.27269607076205e+01 1.00028364408095e+05 
5.29295441731976e+01 1.00028609592903e+05 
5.31319496968064e+01 1.00026957582691e+05 
5.33342472842059e+01 1.00024681497193e+05 
5.35364267211515e+01 1.00021926288119e+05 
5.37385040812235e+01 1.00019160375583e+05 
5.39406083094777e+01 1.00015581369782e+05 
5.41427161596012e+01 1.00012682555053e+05 
5.43448835302565e+01 1.00009649477758e+05 
5.45471108975266e+01 1.00006158962476e+05 
5.47493910082137e+01 1.00002233368087e+05 
5.49517879790564e+01 9.99982408477149e+04 
5.51543020530474e+01 9.99933230336190e+04 
5.53569745540088e+01 9.99887047296793e+04 
5.55598668189212e+01 9.99859329209710e+04 
5.57629126136038e+01 9.99831885522321e+04 
5.59661352293277e+01 9.99803100224724e+04 
5.61694921057413e+01 9.99773330072101e+04 
5.63728862466536e+01 9.99738454950911e+04 
5.65762995126502e+01 9.99701457589497e+04 
5.67797565324227e+01 9.99693695157451e+04 
5.69832411929876e+01 9.99692139297770e+04 
5.71867575597213e+01 9.99691310848920e+04 
5.73902142438224e+01 9.99689634778047e+04 
5.75935504013974e+01 9.99689255156057e+04 
5.77968428105782e+01 9.99682660579444e+04 
5.79999523007818e+01 9.99698684159070e+04 
5.82028720166861e+01 9.99721884475658e+04 
5.84056737401209e+01 9.99749145656228e+04 
5.86082924096970e+01 9.99775236172222e+04 
5.88109369357781e+01 9.99808750275041e+04 
5.90135188227780e+01 9.99834172976743e+04 
5.92160540509742e+01 9.99864920437665e+04 
5.94185604009779e+01 9.99900249375475e+04 
5.96210526984744e+01 9.99938841423270e+04 
5.98235501837237e+01 9.99975729690607e+04 
6.00261485722220e+01 1.00002169333398e+05 
6.02288361841210e+01 1.00006213631466e+05 
6.04316638201486e+01 1.00008799911585e+05 
6.06345686020863e+01 1.00011458044824e+05 
6.08375671479841e+01 1.00014225307186e+05 
6.10406211004055e+01 1.00017004726663e+05 
6.12437426280142e+01 1.00020418468263e+05 
6.14469164445446e+01 1.00023856636847e+05 
6.16501210676312e+01 1.00024743817039e+05 
6.18533579475247e+01 1.00025186880216e+05 
6.20566264173889e+01 1.00025551351717e+05 
6.22597817220211e+01 1.00026033565343e+05 
6.24627995534665e+01 1.00026589395503e+05 
6.26656673735378e+01 1.00027732034197e+05 
6.28683131616467e+01 1.00026622819668e+05 
6.30708195650471e+01 1.00024954401086e+05 
6.32731804840720e+01 1.00022799609604e+05 
6.34753919046854e+01 1.00020789380344e+05 
6.36776034541254e+01 1.00018200050943e+05 
6.38797873688976e+01 1.00016245137587e+05 
6.40819738273611e+01 1.00013563796182e+05 
6.42841784067253e+01 1.00010386431889e+05 
6.44863959670241e+01 1.00006769802245e+05 
6.46886801912706e+01 1.00003218719166e+05 
6.48910662140103e+01 9.99988017534147e+04 
6.50935819241049e+01 9.99948519746996e+04 
6.52963226964966e+01 9.99920932181327e+04 
6.54992405740070e+01 9.99892137691482e+04 
6.57023188561443e+01 9.99861378783489e+04 
6.59055500692646e+01 9.99830347128222e+04 
6.61089027901603e+01 9.99793102170423e+04 
6.63122766649993e+01 9.99756051084478e+04 
6.65156872049080e+01 9.99744515356515e+04 
6.67191280630788e+01 9.99737210936757e+04 
6.69226164912726e+01 9.99729838447984e+04 
6.71261325074319e+01 9.99720634796024e+04 
6.73296169036911e+01 9.99711164143972e+04 
6.75330252299440e+01 9.99696734601842e+04 
6.77363198433455e+01 9.99707005571644e+04 
6.79393888572186e+01 9.99723756221769e+04 
6.81423368894994e+01 9.99744325319223e+04 
6.83450708709156e+01 9.99762439254481e+04 
6.85478069710537e+01 9.99786194500124e+04 
6.87504560574697e+01 9.99802421321387e+04 
6.89530120509714e+01 9.99829400651681e+04 
6.91555074049377e+01 9.99862106322636e+04 
6.93579506481004e+01 9.99898547757551e+04 
6.95603538262472e+01 9.99933042267509e+04 
6.97628467070184e+01 9.99976285685499e+04 
6.99654031500043e+01 1.00001304754246e+05 
7.01680675370484e+01 1.00004060176275e+05 
7.03708128597538e+01 1.00007032271377e+05 
7.05736643918905e+01 1.00010196496719e+05 
7.07765856443493e+01 1.00013370862368e+05 
7.09796045256010e+01 1.00017258870751e+05 
7.11826613299295e+01 1.00021009537474e+05 
7.13857897479778e+01 1.00022335091044e+05 
7.15889661007472e+01 1.00023353448982e+05 
7.17921459341708e+01 1.00024349301267e+05 
7.19953726252105e+01 1.00025579072511e+05 
7.21985718027617e+01 1.00027089512904e+05 
7.24016476186381e+01 1.00028972567357e+05 
7.26045430537818e+01 1.00028310163708e+05 
7.28072213299480e+01 1.00027069950375e+05 
7.30097805999067e+01 1.00025432969226e+05 
7.32121446685061e+01 1.00024038121486e+05 
7.34144836407241e+01 1.00022221693504e+05 
7.36167644759561e+01 1.00021125644449e+05 
7.38189887804541e+01 1.00018721130869e+05 
7.40211919750683e+01 1.00015700241733e+05 
7.42233714635407e+01 1.00012249263651e+05 
7.44255673633598e+01 1.00008922892379e+05 
7.46278498585127e+01 1.00004702218906e+05 
7.48302306656735e+01 1.00001084471037e+05 
7.50327937384072e+01 9.99981235619857e+04 
7.52355063125583e+01 9.99948500249271e+04 
7.54383722282391e+01 9.99913076989464e+04 
7.56414216244544e+01 9.99877644694383e+04 
7.58445981321123e+01 9.99834036959117e+04 
7.60479184214261e+01 9.99792243748577e+04 
7.62512929186171e+01 9.99774535745228e+04 
7.64546964242765e+01 9.99758971547613e+04 
7.66581350680706e+01 9.99744316694649e+04 
7.68616010200597e+01 9.99726918032582e+04 
7.70651079936182e+01 9.99706240785539e+04 
7.72686113724331e+01 9.99682256405719e+04 
7.74720611152207e+01 9.99686268241435e+04 
7.76753133911698e+01 9.99696333272589e+04 
7.78784461857672e+01 9.99710298256556e+04 
7.80813340565300e+01 9.99721560924177e+04 
7.82841986758304e+01 9.99736470494851e+04 
7.84869562928645e+01 9.99743821238381e+04 
7.86895714902216e+01 9.99768497812253e+04 
7.88920942905549e+01 9.99799891217741e+04 
7.90945315913393e+01 9.99835027844551e+04 
7.92968840114831e+01 9.99868634305464e+04 
7.94993122078064e+01 9.99911106342289e+04 
7.97017694779022e+01 9.99945627532251e+04 
7.99042936798559e+01 9.99976229071072e+04 
8.01068697501696e+01 1.00001063293981e+05 
8.03095192442820e+01 1.00004762030242e+05 
8.05122783411067e+01 1.00008422549694e+05 
8.07151532943511e+01 1.00012940804043e+05 
8.09180874917751e+01 1.00017145580246e+05 
8.11211009470289e+01 1.00019137709013e+05 
8.13241348982823e+01 1.00020978340407e+05 
8.15272528948804e+01 1.00022835172249e+05 
8.17303892546740e+01 1.00024946207017e+05 
8.19335573112213e+01 1.00027492200160e+05 
8.21368014274263e+01 1.00030289255425e+05 
8.23398733234911e+01 1.00030288419413e+05 
8.25427383975605e+01 1.00029706299754e+05 
8.27454995878572e+01 1.00028832377225e+05 
8.29480798671471e+01 1.00028152831247e+05 
8.31506062535737e+01 1.00027273659403e+05 
8.33530393401760e+01 1.00027091704688e+05 
8.35553612257224e+01 1.00025042082071e+05 
8.37576211955306e+01 1.00022302298067e+05 
8.39598226381276e+01 1.00019099220042e+05 
8.41619894017817e+01 1.00016035352561e+05 
8.43642239682605e+01 1.00012122839388e+05 
8.45665203012387e+01 1.00008966985408e+05 
8.47689483564908e+01 1.00005864494995e+05 
8.49714940232389e+01 1.00002325177109e+05 
8.51741579640687e+01 9.99984576350299e+04 
8.53769978718437e+01 9.99946411862600e+04 
8.55799804902041e+01 9.99899087108095e+04 
8.57831240408108e+01 9.99855375722460e+04 
8.59864536951827e+01 9.99831942760433e+04 
8.61898160798553e+01 9.99809576775987e+04 
8.63932062744392e+01 9.99786540893744e+04 
8.65966229319829e+01 9.99762228619978e+04 
8.68000940443101e+01 9.99733413588778e+04 
8.70035825837327e+01 9.99702171911265e+04 
8.72070843440491e+01 9.99700073278178e+04 
8.74105419344450e+01 9.99703420251705e+04 
8.76138267437083e+01 9.99709341611860e+04 
8.78169205534772e+01 9.99713904822803e+04 
8.80199632675196e+01 9.99719940755311e+04 
8.82228781681249e+01 9.99720538385777e+04 
8.84256106973253e+01 9.99741412564179e+04 
8.86282246424383e+01 9.99769016279710e+04 
8.88307219110573e+01 9.99801085484567e+04 
8.90330924047535e+01 9.99831569974255e+04 
8.92355207597714e+01 9.99869849968307e+04 
8.94379379157647e+01 9.99900618512579e+04 
8.96403799089431e+01 9.99931770013645e+04 
8.98428436218644e+01 9.99967224748787e+04 
9.00453482475632e+01 1.00000621558224e+05 
9.02479204282358e+01 1.00004429953138e+05 
9.04506070166489e+01 1.00009122937898e+05 
9.06534221098573e+01 1.00013417588698e+05 
9.08563074156330e+01 1.00015765888208e+05 
9.10592331034942e+01 1.00018069156094e+05 
9.12622364660194e+01 1.00020492693636e+05 
9.14653252837018e+01 1.00023059625658e+05 
9.16684271913442e+01 1.00026142245473e+05 
9.18715866137494e+01 1.00029477227642e+05 
9.20747842683971e+01 1.00029925839407e+05 
9.22778651165516e+01 1.00029834819331e+05 
9.24808149399466e+01 1.00029502447886e+05 
9.26836400845213e+01 1.00029316322894e+05 
9.28863873614108e+01 1.00029072721527e+05 
9.30890085767134e+01 1.00029379451870e+05 
9.32914663544503e+01 1.00027595397854e+05 
9.34938317764641e+01 1.00025135460291e+05 
9.36961022577806e+01 1.00022199347906e+05 
9.38982898525573e+01 1.00019383905530e+05 
9.41005250280928e+01 1.00015828408601e+05 
9.43027848548941e+01 1.00012969963879e+05 
9.45051224941694e+01 1.00009851081045e+05 
9.47075391235569e+01 1.00006243883363e+05 
9.49100356403763e+01 1.00002224629868e+05 
9.51126679959551e+01 9.99982784321282e+04 
9.53154338342254e+01 9.99933983656910e+04 
9.55183731288411e+01 9.99889179819463e+04 
9.57215113888919e+01 9.99862170359810e+04 
9.59247849047671e+01 9.99835275456787e+04 
9.61281201802749e+01 9.99807068021591e+04 
9.63314994562056e+01 9.99778256038376e+04 
9.65349076935859e+01 9.99743860130094e+04 
9.67383385387505e+01 9.99707915688760e+04 
9.69418207081187e+01 9.99701096362049e+04 
9.71453287818878e+01 9.99699985006675e+04 
9.73487757563585e+01 9.99699960209942e+04 
9.75521003395735e+01 9.99698855049424e+04 
9.77553203876417e+01 9.99698456778921e+04 
9.79584256456356e+01 9.99692539922551e+04 
9.81613154578645e+01 9.99709306965715e+04 
9.83640728139437e+01 9.99733154485184e+04 
9.85666800715794e+01 9.99761881326887e+04 
9.87691229821461e+01 9.99789157861200e+04 
9.89716027992200e+01 9.99823590714359e+04 
9.91740397132955e+01 9.99850268195448e+04 
9.93764536462670e+01 9.99881666829818e+04 
9.95788576239822e+01 9.99917979537090e+04 
9.97812656950711e+01 9.99958425812392e+04 
9.99837025244658e+01 9.99997772329970e+04 
1.00186246746907e+02 1.00004630371240e+05 
