# Liste des scalaires : TEMPS pmat 
0.00000000000000e+00 1.00000000000000e+05 
2.04081632653061e-01 1.00000000000000e+05 
4.08042165141975e-01 1.00000000000000e+05 
6.11832106953319e-01 1.00000000000000e+05 
8.15421737498182e-01 1.00000000000000e+05 
1.01884831470558e+00 1.00000000000000e+05 
1.22207818930831e+00 1.00000000000000e+05 
1.42513098547652e+00 1.00000000000000e+05 
1.62798725493260e+00 1.00000000000000e+05 
1.83053493087979e+00 1.00000000000000e+05 
2.03291905653503e+00 1.00000000000000e+05 
2.23520224592158e+00 1.00000000000000e+05 
2.43733969254296e+00 1.00000000000000e+05 
2.63931827049832e+00 1.00000000000000e+05 
2.84120332396323e+00 1.00000000000000e+05 
3.04297858176904e+00 1.00000000000000e+05 
3.24460591464334e+00 1.00000000000000e+05 
3.44612291562131e+00 1.00000000000000e+05 
3.64760922308227e+00 1.00000000000000e+05 
3.84909249851467e+00 1.00000000000000e+05 
4.05064469773747e+00 1.00000000000000e+05 
4.25222294222906e+00 1.00000000000000e+05 
4.45380035517506e+00 1.00000000000000e+05 
4.65542063364273e+00 1.00000000000000e+05 
4.85715243419261e+00 1.00000000000000e+05 
5.05906045928525e+00 1.00000000000000e+05 
5.26119401899534e+00 1.00000000000000e+05 
5.46347898380931e+00 1.00000000000000e+05 
5.66591894484892e+00 1.00000000000000e+05 
5.86852800362132e+00 1.00000000000000e+05 
6.07136345597011e+00 1.00000000000000e+05 
6.27438265108359e+00 1.00000000000000e+05 
6.47752964045090e+00 1.00000000000000e+05 
6.68089073121200e+00 1.00000000000000e+05 
6.88429870550576e+00 1.00000000000000e+05 
7.08769636443068e+00 1.00000000000000e+05 
7.29110827962174e+00 1.00000000000000e+05 
7.49449373816632e+00 1.00000000000000e+05 
7.69790617884871e+00 1.00000000000000e+05 
7.90135044231191e+00 1.00000000000000e+05 
8.10473659770851e+00 1.00000000000000e+05 
8.30800948139133e+00 1.00000000000000e+05 
8.51115234273433e+00 1.00000000000000e+05 
8.71416193711340e+00 1.00000000000000e+05 
8.91719900347831e+00 1.00000000000000e+05 
9.12020204041872e+00 1.00000000000000e+05 
9.32319297435189e+00 1.00000000000000e+05 
9.52619174127014e+00 1.00000000000000e+05 
9.72921908834018e+00 1.00000000000000e+05 
9.93229912946381e+00 1.00000000000000e+05 
1.01354642235065e+01 1.00000000000000e+05 
1.03387225987006e+01 1.00000000000000e+05 
1.05420932760412e+01 1.00000000000000e+05 
1.07455601602491e+01 1.00000000000000e+05 
1.09490636153785e+01 1.00000000000000e+05 
1.11525952040860e+01 1.00000000000000e+05 
1.13559908728595e+01 1.00000000000000e+05 
1.15591577617810e+01 1.00000000000000e+05 
1.17622381240369e+01 1.00000000000000e+05 
1.19650888349948e+01 1.00000000000000e+05 
1.21677288877747e+01 1.00000000000000e+05 
1.23702013159276e+01 1.00000000000000e+05 
1.25725982340610e+01 1.00000000000000e+05 
1.27748516426287e+01 1.00000000000000e+05 
1.29769249867640e+01 1.00000000000000e+05 
1.31787998828658e+01 1.00000000000000e+05 
1.33806014179065e+01 1.00000000000000e+05 
1.35822734033907e+01 1.00000000000000e+05 
1.37839887339651e+01 1.00000000000000e+05 
1.39857022015949e+01 1.00000000000000e+05 
1.41874661286692e+01 1.00000000000000e+05 
1.43892101845392e+01 1.00000000000000e+05 
1.45910326674531e+01 1.00000000000000e+05 
1.47929375836209e+01 1.00000000000000e+05 
1.49949695660416e+01 1.00000000000000e+05 
1.51971475723012e+01 1.00000000000000e+05 
1.53995487529939e+01 1.00000000000000e+05 
1.56020957788436e+01 1.00000000000000e+05 
1.58048076652820e+01 1.00000000000000e+05 
1.60076888558614e+01 1.00000000000000e+05 
1.62106850728960e+01 1.00000000000000e+05 
1.64138636363558e+01 1.00000000000000e+05 
1.66171481416695e+01 1.00000000000000e+05 
1.68205318926791e+01 1.00000000000000e+05 
1.70239717971818e+01 1.00000000000000e+05 
1.72274242526830e+01 1.00000000000000e+05 
1.74308511498678e+01 1.00000000000000e+05 
1.76342505270569e+01 1.00000000000000e+05 
1.78376212420556e+01 1.00000000000000e+05 
1.80409883913594e+01 1.00000000000000e+05 
1.82443050346869e+01 1.00000000000000e+05 
1.84474327837354e+01 1.00000000000000e+05 
1.86505503053125e+01 1.00000000000000e+05 
1.88535932316970e+01 1.00000000000000e+05 
1.90565608622741e+01 1.00000000000000e+05 
1.92594853707276e+01 1.00000000000000e+05 
1.94623796526000e+01 1.00000000000000e+05 
1.96652593507810e+01 1.00000000000000e+05 
1.98682128225951e+01 1.00000000000000e+05 
2.00712299723808e+01 1.00000000000000e+05 
2.02743632772251e+01 1.00000000000000e+05 
2.04775974201162e+01 1.00000000000000e+05 
2.06808993432005e+01 1.00000000000000e+05 
2.08842816624739e+01 1.00000000000000e+05 
2.10877109245459e+01 1.00000000000000e+05 
2.12911865561413e+01 1.00000000000000e+05 
2.14946542636065e+01 1.00000000000000e+05 
2.16979483115182e+01 1.00000000000000e+05 
2.19009928614698e+01 1.00000000000000e+05 
2.21039017811684e+01 1.00000000000000e+05 
2.23066497283774e+01 1.00000000000000e+05 
2.25092177015210e+01 1.00000000000000e+05 
2.27116581345214e+01 1.00000000000000e+05 
2.29139334651086e+01 1.00000000000000e+05 
2.31160467477100e+01 1.00000000000000e+05 
2.33179868862948e+01 1.00000000000000e+05 
2.35199180822287e+01 1.00000000000000e+05 
2.37218051763256e+01 1.00000000000000e+05 
2.39236768880851e+01 1.00000000000000e+05 
2.41255552893581e+01 1.00000000000000e+05 
2.43274126484990e+01 1.00000000000000e+05 
2.45293056915018e+01 1.00000000000000e+05 
2.47312963943893e+01 1.00000000000000e+05 
2.49333962174227e+01 1.00000000000000e+05 
2.51357213393038e+01 1.00000000000000e+05 
2.53382018572701e+01 1.00000000000000e+05 
2.55408488073704e+01 1.00000000000000e+05 
2.57436471827663e+01 1.00000000000000e+05 
2.59465698142901e+01 1.00000000000000e+05 
2.61496583369765e+01 1.00000000000000e+05 
2.63529142216749e+01 1.00000000000000e+05 
2.65562742668140e+01 1.00000000000000e+05 
2.67596972761635e+01 1.00000000000000e+05 
2.69631506643780e+01 1.00000000000000e+05 
2.71666356359982e+01 1.00000000000000e+05 
2.73700949757860e+01 1.00000000000000e+05 
2.75735042909555e+01 1.00000000000000e+05 
2.77768698215134e+01 1.00000000000000e+05 
2.79801634091441e+01 1.00000000000000e+05 
2.81832311137916e+01 1.00000000000000e+05 
2.83862493691881e+01 1.00000000000000e+05 
2.85892005667304e+01 1.00000000000000e+05 
2.87920289759177e+01 1.00000000000000e+05 
2.89947855911169e+01 1.00000000000000e+05 
2.91974758167431e+01 1.00000000000000e+05 
2.94001081727549e+01 1.00000000000000e+05 
2.96028174869848e+01 1.00000000000000e+05 
2.98055746712193e+01 1.00000000000000e+05 
3.00084175396436e+01 1.00000000000000e+05 
3.02113309117389e+01 1.00000000000000e+05 
3.04143391710080e+01 1.00000000000000e+05 
3.06174347641709e+01 1.00000000000006e+05 
3.08206359225875e+01 1.00000000000033e+05 
3.10238921252226e+01 1.00000000000174e+05 
3.12271617071788e+01 1.00000000016736e+05 
3.14304933723914e+01 1.00000000337275e+05 
3.16338559333766e+01 1.00000000904597e+05 
3.18371697100234e+01 1.00000001681214e+05 
3.20402940171543e+01 1.00000002785788e+05 
3.22432411366959e+01 1.00000004621146e+05 
3.24460329241944e+01 1.00000008832359e+05 
3.26486468730478e+01 1.00000018098431e+05 
3.28510694083674e+01 1.00000037358326e+05 
3.30532799861897e+01 1.00000070131040e+05 
3.32554482102955e+01 1.00000122537615e+05 
3.34575453553804e+01 1.00000195994793e+05 
3.36595641500324e+01 1.00000314667668e+05 
3.38615486883824e+01 1.00000512216907e+05 
3.40634799904239e+01 1.00000837512421e+05 
3.42653996408576e+01 1.00001310690532e+05 
3.44673939566842e+01 1.00001942820953e+05 
3.46694612546547e+01 1.00002692351701e+05 
3.48717036107216e+01 1.00003626615301e+05 
3.50740862371626e+01 1.00004796559143e+05 
3.52766015885758e+01 1.00006231853956e+05 
3.54793183147402e+01 1.00007820411673e+05 
3.56821412870120e+01 1.00009382707872e+05 
3.58851172271814e+01 1.00010763144505e+05 
3.60883109456795e+01 1.00012142813704e+05 
3.62916365042183e+01 1.00013599925848e+05 
3.64950404477902e+01 1.00015124151363e+05 
3.66984690806315e+01 1.00016471407614e+05 
3.69019364923025e+01 1.00017309524241e+05 
3.71054357283456e+01 1.00017563161165e+05 
3.73088956361505e+01 1.00017676466641e+05 
3.75123241222096e+01 1.00017724871783e+05 
3.77157068996436e+01 1.00017811295793e+05 
3.79188884208807e+01 1.00017743355995e+05 
3.81219429731373e+01 1.00017037171854e+05 
3.83249696414713e+01 1.00015712826801e+05 
3.85278282028840e+01 1.00014251136401e+05 
3.87305789313831e+01 1.00012662215779e+05 
3.89332338669238e+01 1.00011118806530e+05 
3.91357862752962e+01 1.00009547164099e+05 
3.93384030966966e+01 1.00007650923438e+05 
3.95410271713939e+01 1.00005472212093e+05 
3.97436993424354e+01 1.00003227179948e+05 
3.99463921856252e+01 1.00000849036876e+05 
4.01491654750551e+01 9.99985397037748e+04 
4.03520289195442e+01 9.99964365148060e+04 
4.05550048910795e+01 9.99944853905851e+04 
4.07580864187294e+01 9.99927078155731e+04 
4.09612286775592e+01 9.99909465971343e+04 
4.11644223380052e+01 9.99890129283259e+04 
4.13676607110112e+01 9.99870051657597e+04 
4.15709452306063e+01 9.99853224329360e+04 
4.17742442700769e+01 9.99842091940052e+04 
4.19775135223546e+01 9.99836769386938e+04 
4.21806564457985e+01 9.99832473665565e+04 
4.23835704544603e+01 9.99826523687682e+04 
4.25863222546333e+01 9.99818923999915e+04 
4.27888279196484e+01 9.99813910278457e+04 
4.29912615982889e+01 9.99816344282773e+04 
4.31935852435500e+01 9.99826137256697e+04 
4.33957815205678e+01 9.99837933120235e+04 
4.35978979487543e+01 9.99849005162918e+04 
4.37999304200929e+01 9.99858279053665e+04 
4.40019076885360e+01 9.99868753296019e+04 
4.42039337320145e+01 9.99885434500160e+04 
4.44060001538986e+01 9.99908490370747e+04 
4.46081858574393e+01 9.99933605096359e+04 
4.48104711684930e+01 9.99959680327512e+04 
4.50128451538969e+01 9.99984526701761e+04 
4.52153736753591e+01 1.00000808146546e+05 
4.54180340147901e+01 1.00003210302263e+05 
4.56208710244056e+01 1.00005659060640e+05 
4.58239099702678e+01 1.00008182844199e+05 
4.60270996589638e+01 1.00010860677287e+05 
4.62304657697298e+01 1.00013472170612e+05 
4.64338688960506e+01 1.00015676452086e+05 
4.66373017077841e+01 1.00017239857443e+05 
4.68407572598015e+01 1.00018158024556e+05 
4.70442546395734e+01 1.00018882864501e+05 
4.72477386480636e+01 1.00019665429894e+05 
4.74511939246332e+01 1.00020487918956e+05 
4.76545330594890e+01 1.00020947555858e+05 
4.78577067285611e+01 1.00020519430024e+05 
4.80608753693268e+01 1.00019238368327e+05 
4.82638354697416e+01 1.00017685282091e+05 
4.84666467540706e+01 1.00016139648448e+05 
4.86693473168333e+01 1.00014790183781e+05 
4.88719019249858e+01 1.00013376682178e+05 
4.90745027720318e+01 1.00011361740943e+05 
4.92770764391171e+01 1.00008741324023e+05 
4.94796476958813e+01 1.00005916093530e+05 
4.96822204167646e+01 1.00003013843977e+05 
4.98848222239144e+01 1.00000301032353e+05 
5.00874761862161e+01 9.99978101707169e+04 
5.02902390157782e+01 9.99953191816185e+04 
5.04931165644340e+01 9.99927763154116e+04 
5.06960805910771e+01 9.99901579738597e+04 
5.08991333423157e+01 9.99873724417004e+04 
5.11022578645217e+01 9.99846113286227e+04 
5.13054423763076e+01 9.99822189163072e+04 
5.15086548546338e+01 9.99803897852530e+04 
5.17119065645690e+01 9.99791220017939e+04 
5.19151950423545e+01 9.99779107173222e+04 
5.21183745006488e+01 9.99765655221956e+04 
5.23214088774139e+01 9.99751008536522e+04 
5.25242324010963e+01 9.99740000066229e+04 
5.27269607076205e+01 9.99738306463526e+04 
5.29295441731976e+01 9.99745699557368e+04 
5.31319496968064e+01 9.99755448044191e+04 
5.33342472842059e+01 9.99764983222062e+04 
5.35364267211515e+01 9.99772827173700e+04 
5.37385040812235e+01 9.99782410633407e+04 
5.39406083094777e+01 9.99800103677610e+04 
5.41427161596012e+01 9.99826214172056e+04 
5.43448835302565e+01 9.99855414805910e+04 
5.45471108975266e+01 9.99886100705837e+04 
5.47493910082137e+01 9.99914924749470e+04 
5.49517879790564e+01 9.99941871021424e+04 
5.51543020530474e+01 9.99969818463975e+04 
5.53569745540088e+01 9.99999358556982e+04 
5.55598668189212e+01 1.00002954571792e+05 
5.57629126136038e+01 1.00006107566563e+05 
5.59661352293277e+01 1.00009101002770e+05 
5.61694921057413e+01 1.00011617004151e+05 
5.63728862466536e+01 1.00013524652781e+05 
5.65762995126502e+01 1.00014889673285e+05 
5.67797565324227e+01 1.00016115949692e+05 
5.69832411929876e+01 1.00017442414794e+05 
5.71867575597213e+01 1.00018821250230e+05 
5.73902142438224e+01 1.00019771722788e+05 
5.75935504013974e+01 1.00019866363140e+05 
5.77968428105782e+01 1.00019159346750e+05 
5.79999523007818e+01 1.00018259120968e+05 
5.82028720166861e+01 1.00017476037537e+05 
5.84056737401209e+01 1.00016982656513e+05 
5.86082924096970e+01 1.00016410222580e+05 
5.88109369357781e+01 1.00015171234091e+05 
5.90135188227780e+01 1.00013272080449e+05 
5.92160540509742e+01 1.00011124698616e+05 
5.94185604009779e+01 1.00008920281918e+05 
5.96210526984744e+01 1.00006945554646e+05 
5.98235501837237e+01 1.00005097509337e+05 
6.00261485722220e+01 1.00003043795844e+05 
6.02288361841210e+01 1.00000692898633e+05 
6.04316638201486e+01 9.99982088023399e+04 
6.06345686020863e+01 9.99955740579757e+04 
6.08375671479841e+01 9.99929984386878e+04 
6.10406211004055e+01 9.99906849404297e+04 
6.12437426280142e+01 9.99887307992017e+04 
6.14469164445446e+01 9.99871206434017e+04 
6.16501210676312e+01 9.99855264728625e+04 
6.18533579475247e+01 9.99837961312582e+04 
6.20566264173889e+01 9.99819821478699e+04 
6.22597817220211e+01 9.99805213179342e+04 
6.24627995534665e+01 9.99798644344525e+04 
6.26656673735378e+01 9.99799730044255e+04 
6.28683131616467e+01 9.99802624999418e+04 
6.30708195650471e+01 9.99805438443857e+04 
6.32731804840720e+01 9.99806518455430e+04 
6.34753919046854e+01 9.99809440712119e+04 
6.36776034541254e+01 9.99819975467090e+04 
6.38797873688976e+01 9.99838521637028e+04 
6.40819738273611e+01 9.99860559274820e+04 
6.42841784067253e+01 9.99883714406467e+04 
6.44863959670241e+01 9.99904981845752e+04 
6.46886801912706e+01 9.99925401613300e+04 
6.48910662140103e+01 9.99948487410773e+04 
6.50935819241049e+01 9.99974985884866e+04 
6.52963226964966e+01 1.00000276721991e+05 
6.54992405740070e+01 1.00003163545939e+05 
6.57023188561443e+01 1.00005931684079e+05 
6.59055500692646e+01 1.00008374366226e+05 
6.61089027901603e+01 1.00010440348663e+05 
6.63122766649993e+01 1.00012187421836e+05 
6.65156872049080e+01 1.00013856586368e+05 
6.67191280630788e+01 1.00015570744748e+05 
6.69226164912726e+01 1.00017270850883e+05 
6.71261325074319e+01 1.00018582829264e+05 
6.73296169036911e+01 1.00019147507136e+05 
6.75330252299440e+01 1.00019024314264e+05 
6.77363198433455e+01 1.00018706504339e+05 
6.79393888572186e+01 1.00018399841677e+05 
6.81423368894994e+01 1.00018222205887e+05 
6.83450708709156e+01 1.00017856050142e+05 
6.85478069710537e+01 1.00016797026444e+05 
6.87504560574697e+01 1.00015034024904e+05 
6.89530120509714e+01 1.00012976153962e+05 
6.91555074049377e+01 1.00010793992115e+05 
6.93579506481004e+01 1.00008749203171e+05 
6.95603538262472e+01 1.00006730064297e+05 
6.97628467070184e+01 1.00004445569773e+05 
6.99654031500043e+01 1.00001838168877e+05 
7.01680675370484e+01 9.99990991507897e+04 
7.03708128597538e+01 9.99962425295807e+04 
7.05736643918905e+01 9.99934702373856e+04 
7.07765856443493e+01 9.99909371523180e+04 
7.09796045256010e+01 9.99887228544963e+04 
7.11826613299295e+01 9.99868019538655e+04 
7.13857897479778e+01 9.99848747824081e+04 
7.15889661007472e+01 9.99828435157919e+04 
7.17921459341708e+01 9.99807480733940e+04 
7.19953726252105e+01 9.99790211100470e+04 
7.21985718027617e+01 9.99780851865868e+04 
7.24016476186381e+01 9.99779411234516e+04 
7.26045430537818e+01 9.99779822647062e+04 
7.28072213299480e+01 9.99781014422241e+04 
7.30097805999067e+01 9.99779576879738e+04 
7.32121446685061e+01 9.99779870168925e+04 
7.34144836407241e+01 9.99788732757528e+04 
7.36167644759561e+01 9.99806857468380e+04 
7.38189887804541e+01 9.99828341843018e+04 
7.40211919750683e+01 9.99850719024955e+04 
7.42233714635407e+01 9.99871449158200e+04 
7.44255673633598e+01 9.99891806564223e+04 
7.46278498585127e+01 9.99915926915635e+04 
7.48302306656735e+01 9.99944524689533e+04 
7.50327937384072e+01 9.99974648204734e+04 
7.52355063125583e+01 1.00000584143129e+05 
7.54383722282391e+01 1.00003544443660e+05 
7.56414216244544e+01 1.00006186544972e+05 
7.58445981321123e+01 1.00008504056748e+05 
7.60479184214261e+01 1.00010548143504e+05 
7.62512929186171e+01 1.00012514443309e+05 
7.64546964242765e+01 1.00014510652551e+05 
7.66581350680706e+01 1.00016482014383e+05 
7.68616010200597e+01 1.00017986122514e+05 
7.70651079936182e+01 1.00018688401415e+05 
7.72686113724331e+01 1.00018690071613e+05 
7.74720611152207e+01 1.00018504761154e+05 
7.76753133911698e+01 1.00018237780576e+05 
7.78784461857672e+01 1.00018213498016e+05 
7.80813340565300e+01 1.00018006582251e+05 
7.82841986758304e+01 1.00017009345472e+05 
7.84869562928645e+01 1.00015224194726e+05 
7.86895714902216e+01 1.00013174634837e+05 
7.88920942905549e+01 1.00011133432446e+05 
7.90945315913393e+01 1.00009307260955e+05 
7.92968840114831e+01 1.00007547678235e+05 
7.94993122078064e+01 1.00005460983305e+05 
7.97017694779022e+01 1.00002973932775e+05 
7.99042936798559e+01 1.00000349991541e+05 
8.01068697501696e+01 9.99976758050540e+04 
8.03095192442820e+01 9.99951746974279e+04 
8.05122783411067e+01 9.99929424073145e+04 
8.07151532943511e+01 9.99909190366700e+04 
8.09180874917751e+01 9.99890522865798e+04 
8.11211009470289e+01 9.99871946223127e+04 
8.13241348982823e+01 9.99852687513179e+04 
8.15272528948804e+01 9.99833525749563e+04 
8.17303892546740e+01 9.99817742401393e+04 
8.19335573112213e+01 9.99808513612625e+04 
8.21368014274263e+01 9.99805810938549e+04 
8.23398733234911e+01 9.99805384000922e+04 
8.25427383975605e+01 9.99804955301646e+04 
8.27454995878572e+01 9.99803084184090e+04 
8.29480798671471e+01 9.99802318485035e+04 
8.31506062535737e+01 9.99809413039214e+04 
8.33530393401760e+01 9.99825151154910e+04 
8.35553612257224e+01 9.99844116498212e+04 
8.37576211955306e+01 9.99863920352689e+04 
8.39598226381276e+01 9.99881559631512e+04 
8.41619894017817e+01 9.99899075328909e+04 
8.43642239682605e+01 9.99921038279944e+04 
8.45665203012387e+01 9.99947802549793e+04 
8.47689483564908e+01 9.99976421919171e+04 
8.49714940232389e+01 1.00000614729306e+05 
8.51741579640687e+01 1.00003427592410e+05 
8.53769978718437e+01 1.00005992267014e+05 
8.55799804902041e+01 1.00008356857729e+05 
8.57831240408108e+01 1.00010529071218e+05 
8.59864536951827e+01 1.00012663076566e+05 
8.61898160798553e+01 1.00014827843359e+05 
8.63932062744392e+01 1.00016924041927e+05 
8.65966229319829e+01 1.00018610687643e+05 
8.68000940443101e+01 1.00019605714067e+05 
8.70035825837327e+01 1.00019946083509e+05 
8.72070843440491e+01 1.00020029506168e+05 
8.74105419344450e+01 1.00020074505663e+05 
8.76138267437083e+01 1.00020268206262e+05 
8.78169205534772e+01 1.00020278964319e+05 
8.80199632675196e+01 1.00019531285495e+05 
8.82228781681249e+01 1.00017978205505e+05 
8.84256106973253e+01 1.00016158890896e+05 
8.86282246424383e+01 1.00014310655097e+05 
8.88307219110573e+01 1.00012681748579e+05 
8.90330924047535e+01 1.00011065211801e+05 
8.92355207597714e+01 1.00009040044166e+05 
8.94379379157647e+01 1.00006545371970e+05 
8.96403799089431e+01 1.00003878022901e+05 
8.98428436218644e+01 1.00001135511729e+05 
9.00453482475632e+01 9.99985625429954e+04 
9.02479204282358e+01 9.99961928074812e+04 
9.04506070166489e+01 9.99939168016304e+04 
9.06534221098573e+01 9.99917114479167e+04 
9.08563074156330e+01 9.99894828568125e+04 
9.10592331034942e+01 9.99871748969359e+04 
9.12622364660194e+01 9.99848848738802e+04 
9.14653252837018e+01 9.99829203391078e+04 
9.16684271913442e+01 9.99815363989679e+04 
9.18715866137494e+01 9.99807607263926e+04 
9.20747842683971e+01 9.99801860306362e+04 
9.22778651165516e+01 9.99796002213550e+04 
9.24808149399466e+01 9.99789026081141e+04 
9.26836400845213e+01 9.99784481046494e+04 
9.28863873614108e+01 9.99787865789565e+04 
9.30890085767134e+01 9.99799842152491e+04 
9.32914663544503e+01 9.99815287601488e+04 
9.34938317764641e+01 9.99831233269730e+04 
9.36961022577806e+01 9.99845268152144e+04 
9.38982898525573e+01 9.99859861219712e+04 
9.41005250280928e+01 9.99880087884090e+04 
9.43027848548941e+01 9.99906543884958e+04 
9.45051224941694e+01 9.99935351327317e+04 
9.47075391235569e+01 9.99965533939318e+04 
9.49100356403763e+01 9.99994325918360e+04 
9.51126679959551e+01 1.00002118276581e+05 
9.53154338342254e+01 1.00004753129998e+05 
9.55183731288411e+01 1.00007321613148e+05 
9.57215113888919e+01 1.00009885441701e+05 
9.59247849047671e+01 1.00012510598083e+05 
9.61281201802749e+01 1.00015027840804e+05 
9.63314994562056e+01 1.00017148482748e+05 
9.65349076935859e+01 1.00018649546361e+05 
9.67383385387505e+01 1.00019515132832e+05 
9.69418207081187e+01 1.00020150534210e+05 
9.71453287818878e+01 1.00020763488225e+05 
9.73487757563585e+01 1.00021440923042e+05 
9.75521003395735e+01 1.00021845697868e+05 
9.77553203876417e+01 1.00021463944299e+05 
9.79584256456356e+01 1.00020228341476e+05 
9.81613154578645e+01 1.00018701637133e+05 
9.83640728139437e+01 1.00017136627171e+05 
9.85666800715794e+01 1.00015796847067e+05 
9.87691229821461e+01 1.00014427694217e+05 
9.89716027992200e+01 1.00012525787410e+05 
9.91740397132955e+01 1.00010022717694e+05 
9.93764536462670e+01 1.00007333770527e+05 
9.95788576239822e+01 1.00004571495329e+05 
9.97812656950711e+01 1.00001996154633e+05 
9.99837025244658e+01 9.99996225237873e+04 
1.00186246746907e+02 9.99972463006490e+04 
