# Liste des scalaires : TEMPS pmat 
0.00000000000000e+00 1.00000000000000e+05 
2.04081632653061e-01 1.00000000000000e+05 
4.08042165141975e-01 1.00000000000000e+05 
6.11832106953319e-01 1.00000000000000e+05 
8.15421737498182e-01 1.00000000000000e+05 
1.01884831470558e+00 1.00000000000000e+05 
1.22207818930831e+00 1.00000000000000e+05 
1.42513098547652e+00 1.00000000000000e+05 
1.62798725493260e+00 1.00000000000000e+05 
1.83053493087979e+00 1.00000000000000e+05 
2.03291905653503e+00 1.00000000000000e+05 
2.23520224592158e+00 1.00000000000000e+05 
2.43733969254296e+00 1.00000000000000e+05 
2.63931827049832e+00 1.00000000000000e+05 
2.84120332396323e+00 1.00000000000000e+05 
3.04297858176904e+00 1.00000000000000e+05 
3.24460591464334e+00 1.00000000000055e+05 
3.44612291562131e+00 1.00000000147865e+05 
3.64760922308227e+00 1.00000001769979e+05 
3.84909249851467e+00 1.00000016229661e+05 
4.05064469773747e+00 1.00000073617214e+05 
4.25222294222906e+00 1.00000245434725e+05 
4.45380035517506e+00 1.00000645454191e+05 
4.65542063364273e+00 1.00001548562681e+05 
4.85715243419261e+00 1.00004282920589e+05 
5.05906045928525e+00 1.00010820839057e+05 
5.26119401899534e+00 1.00022727156956e+05 
5.46347898380931e+00 1.00037003432367e+05 
5.66591894484892e+00 1.00048387460421e+05 
5.86852800362132e+00 1.00059588546712e+05 
6.07136345597011e+00 1.00082061683150e+05 
6.27438265108359e+00 1.00105890284637e+05 
6.47752964045090e+00 1.00139431155752e+05 
6.68089073121200e+00 1.00160694740924e+05 
6.88429870550576e+00 1.00160965787806e+05 
7.08769636443068e+00 1.00155108474033e+05 
7.29110827962174e+00 1.00176071397134e+05 
7.49449373816632e+00 1.00185436900580e+05 
7.69790617884871e+00 1.00211811662662e+05 
7.90135044231191e+00 1.00214926972392e+05 
8.10473659770851e+00 1.00190511516591e+05 
8.30800948139133e+00 1.00159364099460e+05 
8.51115234273433e+00 1.00162160904421e+05 
8.71416193711340e+00 1.00147420523299e+05 
8.91719900347831e+00 1.00150885092855e+05 
9.12020204041872e+00 1.00134416918044e+05 
9.32319297435189e+00 1.00100380850037e+05 
9.52619174127014e+00 1.00062070009603e+05 
9.72921908834018e+00 1.00047500233701e+05 
9.93229912946381e+00 1.00018954486472e+05 
1.01354642235065e+01 1.00001537486357e+05 
1.03387225987006e+01 9.99747111711676e+04 
1.05420932760412e+01 9.99480581957849e+04 
1.07455601602491e+01 9.99215369904350e+04 
1.09490636153785e+01 9.98969957617901e+04 
1.11525952040860e+01 9.98691352652520e+04 
1.13559908728595e+01 9.98396604866218e+04 
1.15591577617810e+01 9.98169854505401e+04 
1.17622381240369e+01 9.98118262087525e+04 
1.19650888349948e+01 9.98101689644169e+04 
1.21677288877747e+01 9.97873854480080e+04 
1.23702013159276e+01 9.97739288523574e+04 
1.25725982340610e+01 9.97477046667079e+04 
1.27748516426287e+01 9.97406867439605e+04 
1.29769249867640e+01 9.97609618576280e+04 
1.31787998828658e+01 9.97860263484554e+04 
1.33806014179065e+01 9.97789164248553e+04 
1.35822734033907e+01 9.97871477051516e+04 
1.37839887339651e+01 9.97793621085590e+04 
1.39857022015949e+01 9.97919659144479e+04 
1.41874661286692e+01 9.98266596015515e+04 
1.43892101845392e+01 9.98659200286093e+04 
1.45910326674531e+01 9.98782932814694e+04 
1.47929375836209e+01 9.99060964680565e+04 
1.49949695660416e+01 9.99230375336019e+04 
1.51971475723012e+01 9.99514387821662e+04 
1.53995487529939e+01 9.99853815837904e+04 
1.56020957788436e+01 1.00019330125310e+05 
1.58048076652820e+01 1.00047023019848e+05 
1.60076888558614e+01 1.00079412735221e+05 
1.62106850728960e+01 1.00112827387182e+05 
1.64138636363558e+01 1.00139640952797e+05 
1.66171481416695e+01 1.00151611497639e+05 
1.68205318926791e+01 1.00159173179121e+05 
1.70239717971818e+01 1.00187186334922e+05 
1.72274242526830e+01 1.00204690147022e+05 
1.74308511498678e+01 1.00234496307399e+05 
1.76342505270569e+01 1.00243553031116e+05 
1.78376212420556e+01 1.00225662522150e+05 
1.80409883913594e+01 1.00202621982501e+05 
1.82443050346869e+01 1.00215234402435e+05 
1.84474327837354e+01 1.00208372171387e+05 
1.86505503053125e+01 1.00216784557303e+05 
1.88535932316970e+01 1.00202187054662e+05 
1.90565608622741e+01 1.00165796381891e+05 
1.92594853707276e+01 1.00126147719385e+05 
1.94623796526000e+01 1.00116532852028e+05 
1.96652593507810e+01 1.00089984967960e+05 
1.98682128225951e+01 1.00074261729844e+05 
2.00712299723808e+01 1.00043680449266e+05 
2.02743632772251e+01 1.00008465237111e+05 
2.04775974201162e+01 9.99741719847484e+04 
2.06808993432005e+01 9.99479268093679e+04 
2.08842816624739e+01 9.99166656757802e+04 
2.10877109245459e+01 9.98843734061210e+04 
2.12911865561413e+01 9.98547285721889e+04 
2.14946542636065e+01 9.98408262119143e+04 
2.16979483115182e+01 9.98323092784520e+04 
2.19009928614698e+01 9.98040695178286e+04 
2.21039017811684e+01 9.97849027298415e+04 
2.23066497283774e+01 9.97521855844826e+04 
2.25092177015210e+01 9.97382042796077e+04 
2.27116581345214e+01 9.97543072647183e+04 
2.29139334651086e+01 9.97774295963778e+04 
2.31160467477100e+01 9.97643284857233e+04 
2.33179868862948e+01 9.97689173215593e+04 
2.35199180822287e+01 9.97556645631081e+04 
2.37218051763256e+01 9.97656280962529e+04 
2.39236768880851e+01 9.98023519774626e+04 
2.41255552893581e+01 9.98450063925469e+04 
2.43274126484990e+01 9.98545272762990e+04 
2.45293056915018e+01 9.98821177330257e+04 
2.47312963943893e+01 9.98955692028310e+04 
2.49333962174227e+01 9.99245956841969e+04 
2.51357213393038e+01 9.99634148415298e+04 
2.53382018572701e+01 1.00004168003212e+05 
2.55408488073704e+01 1.00032940655113e+05 
2.57436471827663e+01 1.00068581975534e+05 
2.59465698142901e+01 1.00102154587799e+05 
2.61496583369765e+01 1.00132420307605e+05 
2.63529142216749e+01 1.00149188499574e+05 
2.65562742668140e+01 1.00161706884680e+05 
2.67596972761635e+01 1.00191849621231e+05 
2.69631506643780e+01 1.00212362054795e+05 
2.71666356359982e+01 1.00244411566486e+05 
2.73700949757860e+01 1.00256176877999e+05 
2.75735042909555e+01 1.00238747993695e+05 
2.77768698215134e+01 1.00215533593536e+05 
2.79801634091441e+01 1.00229707619780e+05 
2.81832311137916e+01 1.00225373131908e+05 
2.83862493691881e+01 1.00238501001937e+05 
2.85892005667304e+01 1.00226309249851e+05 
2.87920289759177e+01 1.00188110308061e+05 
2.89947855911169e+01 1.00145165673858e+05 
2.91974758167431e+01 1.00136661670138e+05 
2.94001081727549e+01 1.00111842464490e+05 
2.96028174869848e+01 1.00102160632601e+05 
2.98055746712193e+01 1.00074154551030e+05 
3.00084175396436e+01 1.00035959467322e+05 
3.02113309117389e+01 9.99967931974857e+04 
3.04143391710080e+01 9.99720195759246e+04 
3.06174347641709e+01 9.99401444028309e+04 
3.08206359225875e+01 9.99125193536650e+04 
3.10238921252226e+01 9.98836346684803e+04 
3.12271617071788e+01 9.98648043453336e+04 
3.14304933723914e+01 9.98500455314024e+04 
3.16338559333766e+01 9.98212204914498e+04 
3.18371697100234e+01 9.97987380228027e+04 
3.20402940171543e+01 9.97663383541521e+04 
3.22432411366959e+01 9.97496250613784e+04 
3.24460329241944e+01 9.97603243156269e+04 
3.26486468730478e+01 9.97782370914559e+04 
3.28510694083674e+01 9.97615014925688e+04 
3.30532799861897e+01 9.97613603461331e+04 
3.32554482102955e+01 9.97438394169776e+04 
3.34575453553804e+01 9.97497397339335e+04 
3.36595641500324e+01 9.97837024823901e+04 
3.38615486883824e+01 9.98245253498969e+04 
3.40634799904239e+01 9.98298173607315e+04 
3.42653996408576e+01 9.98530488671102e+04 
3.44673939566842e+01 9.98608100301263e+04 
3.46694612546547e+01 9.98868137319432e+04 
3.48717036107216e+01 9.99269459432315e+04 
3.50740862371626e+01 9.99704925879469e+04 
3.52766015885758e+01 9.99957463246336e+04 
3.54793183147402e+01 1.00031095430496e+05 
3.56821412870120e+01 1.00061269116232e+05 
3.58851172271814e+01 1.00093023537071e+05 
3.60883109456795e+01 1.00116235145083e+05 
3.62916365042183e+01 1.00136146811871e+05 
3.64950404477902e+01 1.00166864615261e+05 
3.66984690806315e+01 1.00191489823697e+05 
3.69019364923025e+01 1.00225189289693e+05 
3.71054357283456e+01 1.00242414424947e+05 
3.73088956361505e+01 1.00232121000273e+05 
3.75123241222096e+01 1.00215342279289e+05 
3.77157068996436e+01 1.00233382237344e+05 
3.79188884208807e+01 1.00234071592043e+05 
3.81219429731373e+01 1.00252344234355e+05 
3.83249696414713e+01 1.00245694398811e+05 
3.85278282028840e+01 1.00210184244783e+05 
3.87305789313831e+01 1.00169552509717e+05 
3.89332338669238e+01 1.00165547600406e+05 
3.91357862752962e+01 1.00144413322074e+05 
3.93384030966966e+01 1.00139763509765e+05 
3.95410271713939e+01 1.00115154070993e+05 
3.97436993424354e+01 1.00075559551488e+05 
3.99463921856252e+01 1.00033643626501e+05 
4.01491654750551e+01 1.00012509685373e+05 
4.03520289195442e+01 9.99812892872785e+04 
4.05550048910795e+01 9.99571335448658e+04 
4.07580864187294e+01 9.99274502702936e+04 
4.09612286775592e+01 9.99026743249157e+04 
4.11644223380052e+01 9.98811693868982e+04 
4.13676607110112e+01 9.98524918023690e+04 
4.15709452306063e+01 9.98270103833904e+04 
4.17742442700769e+01 9.97942052723884e+04 
4.19775135223546e+01 9.97729582535932e+04 
4.21806564457985e+01 9.97761624060746e+04 
4.23835704544603e+01 9.97864674960800e+04 
4.25863222546333e+01 9.97661848853447e+04 
4.27888279196484e+01 9.97608457800937e+04 
4.29912615982889e+01 9.97383718312259e+04 
4.31935852435500e+01 9.97380467121222e+04 
4.33957815205678e+01 9.97673797258558e+04 
4.35978979487543e+01 9.98043811267853e+04 
4.37999304200929e+01 9.98041152190297e+04 
4.40019076885360e+01 9.98225950114753e+04 
4.42039337320145e+01 9.98243026014854e+04 
4.44060001538986e+01 9.98457016809367e+04 
4.46081858574393e+01 9.98854398157755e+04 
4.48104711684930e+01 9.99302081512463e+04 
4.50128451538969e+01 9.99511152168826e+04 
4.52153736753591e+01 9.99854948644146e+04 
4.54180340147901e+01 1.00011554138104e+05 
4.56208710244056e+01 1.00043704768540e+05 
4.58239099702678e+01 1.00072390226682e+05 
4.60270996589638e+01 1.00099774698377e+05 
4.62304657697298e+01 1.00130797408375e+05 
4.64338688960506e+01 1.00159899403876e+05 
4.66373017077841e+01 1.00194897869329e+05 
4.68407572598015e+01 1.00216900470429e+05 
4.70442546395734e+01 1.00214491427392e+05 
4.72477386480636e+01 1.00206028289297e+05 
4.74511939246332e+01 1.00228381517299e+05 
4.76545330594890e+01 1.00235345967874e+05 
4.78577067285611e+01 1.00258715482305e+05 
4.80608753693268e+01 1.00257721697415e+05 
4.82638354697416e+01 1.00226442018903e+05 
4.84666467540706e+01 1.00189805745588e+05 
4.86693473168333e+01 1.00191723271244e+05 
4.88719019249858e+01 1.00175182303126e+05 
4.90745027720318e+01 1.00175800916544e+05 
4.92770764391171e+01 1.00154362503061e+05 
4.94796476958813e+01 1.00113812455078e+05 
4.96822204167646e+01 1.00070553413720e+05 
4.98848222239144e+01 1.00053118040120e+05 
5.00874761862161e+01 1.00023528142933e+05 
5.02902390157782e+01 1.00003881982370e+05 
5.04931165644340e+01 9.99742536150472e+04 
5.06960805910771e+01 9.99449758573265e+04 
5.08991333423157e+01 9.99179822079540e+04 
5.11022578645217e+01 9.98905451126226e+04 
5.13054423763076e+01 9.98630421653403e+04 
5.15086548546338e+01 9.98310587509328e+04 
5.17119065645690e+01 9.98065219092568e+04 
5.19151950423545e+01 9.98024514380088e+04 
5.21183745006488e+01 9.98054858713057e+04 
5.23214088774139e+01 9.97820338037950e+04 
5.25242324010963e+01 9.97713240682530e+04 
5.27269607076205e+01 9.97446082885191e+04 
5.29295441731976e+01 9.97384997575331e+04 
5.31319496968064e+01 9.97625982912435e+04 
5.33342472842059e+01 9.97944160983147e+04 
5.35364267211515e+01 9.97887881979266e+04 
5.37385040812235e+01 9.98024387173786e+04 
5.39406083094777e+01 9.97977569956227e+04 
5.41427161596012e+01 9.98142138839597e+04 
5.43448835302565e+01 9.98525492972611e+04 
5.45471108975266e+01 9.98971519805238e+04 
5.47493910082137e+01 9.99129164642995e+04 
5.49517879790564e+01 9.99453336943659e+04 
5.51543020530474e+01 9.99662950856886e+04 
5.53569745540088e+01 9.99974168197786e+04 
5.55598668189212e+01 1.00030832865623e+05 
5.57629126136038e+01 1.00064246843870e+05 
5.59661352293277e+01 1.00094284299118e+05 
5.61694921057413e+01 1.00126691656678e+05 
5.63728862466536e+01 1.00161908842863e+05 
5.65762995126502e+01 1.00187755003403e+05 
5.67797565324227e+01 1.00193190640036e+05 
5.69832411929876e+01 1.00193011754340e+05 
5.71867575597213e+01 1.00218655484875e+05 
5.73902142438224e+01 1.00231522205229e+05 
5.75935504013974e+01 1.00259503748772e+05 
5.77968428105782e+01 1.00264007449178e+05 
5.79999523007818e+01 1.00237547837212e+05 
5.82028720166861e+01 1.00205538108811e+05 
5.84056737401209e+01 1.00212081097740e+05 
5.86082924096970e+01 1.00200090902560e+05 
5.88109369357781e+01 1.00206040564172e+05 
5.90135188227780e+01 1.00188294584515e+05 
5.92160540509742e+01 1.00147831766837e+05 
5.94185604009779e+01 1.00103520477111e+05 
5.96210526984744e+01 1.00089990022866e+05 
5.98235501837237e+01 1.00061981490709e+05 
6.00261485722220e+01 1.00046542249187e+05 
6.02288361841210e+01 1.00017305384097e+05 
6.04316638201486e+01 9.99834220853373e+04 
6.06345686020863e+01 9.99505483409804e+04 
6.08375671479841e+01 9.99241988816283e+04 
6.10406211004055e+01 9.98950282623677e+04 
6.12437426280142e+01 9.98643733334025e+04 
6.14469164445446e+01 9.98374137339703e+04 
6.16501210676312e+01 9.98265603241952e+04 
6.18533579475247e+01 9.98221318889468e+04 
6.20566264173889e+01 9.97964825562019e+04 
6.22597817220211e+01 9.97812233246720e+04 
6.24627995534665e+01 9.97517520871939e+04 
6.26656673735378e+01 9.97409816895302e+04 
6.28683131616467e+01 9.97595533091464e+04 
6.30708195650471e+01 9.97860640469796e+04 
6.32731804840720e+01 9.97760056984688e+04 
6.34753919046854e+01 9.97841735026776e+04 
6.36776034541254e+01 9.97741020438322e+04 
6.38797873688976e+01 9.97862214335228e+04 
6.40819738273611e+01 9.98227457171142e+04 
6.42841784067253e+01 9.98657971811276e+04 
6.44863959670241e+01 9.98767503409191e+04 
6.46886801912706e+01 9.99059994917009e+04 
6.48910662140103e+01 9.99215867087193e+04 
6.50935819241049e+01 9.99511677720777e+04 
6.52963226964966e+01 9.99880096994964e+04 
6.54992405740070e+01 1.00025991697670e+05 
6.57023188561443e+01 1.00054269632463e+05 
6.59055500692646e+01 1.00088572554813e+05 
6.61089027901603e+01 1.00122488835910e+05 
6.63122766649993e+01 1.00151377215559e+05 
6.65156872049080e+01 1.00164302849969e+05 
6.67191280630788e+01 1.00172230612893e+05 
6.69226164912726e+01 1.00200542129262e+05 
6.71261325074319e+01 1.00218985799454e+05 
6.73296169036911e+01 1.00250334929386e+05 
6.75330252299440e+01 1.00260460611574e+05 
6.77363198433455e+01 1.00240119935945e+05 
6.79393888572186e+01 1.00214015717029e+05 
6.81423368894994e+01 1.00226088888584e+05 
6.83450708709156e+01 1.00219754924446e+05 
6.85478069710537e+01 1.00231604828480e+05 
6.87504560574697e+01 1.00218245314339e+05 
6.89530120509714e+01 1.00178960982872e+05 
6.91555074049377e+01 1.00135257975498e+05 
6.93579506481004e+01 1.00125861748791e+05 
6.95603538262472e+01 1.00100338406887e+05 
6.97628467070184e+01 1.00088986356412e+05 
6.99654031500043e+01 1.00060713571795e+05 
7.01680675370484e+01 1.00023521528492e+05 
7.03708128597538e+01 9.99867246192980e+04 
7.05736643918905e+01 9.99622809930617e+04 
7.07765856443493e+01 9.99319013276919e+04 
7.09796045256010e+01 9.99032112044192e+04 
7.11826613299295e+01 9.98742720456906e+04 
7.13857897479778e+01 9.98573184743113e+04 
7.15889661007472e+01 9.98460783533098e+04 
7.17921459341708e+01 9.98187361459345e+04 
7.19953726252105e+01 9.97991592134625e+04 
7.21985718027617e+01 9.97669495056662e+04 
7.24016476186381e+01 9.97509607089593e+04 
7.26045430537818e+01 9.97634746164249e+04 
7.28072213299480e+01 9.97841342777450e+04 
7.30097805999067e+01 9.97692865505847e+04 
7.32121446685061e+01 9.97723048206708e+04 
7.34144836407241e+01 9.97567285472604e+04 
7.36167644759561e+01 9.97636451264915e+04 
7.38189887804541e+01 9.97979383438425e+04 
7.40211919750683e+01 9.98390936488263e+04 
7.42233714635407e+01 9.98454363004654e+04 
7.44255673633598e+01 9.98709475722725e+04 
7.46278498585127e+01 9.98804885794491e+04 
7.48302306656735e+01 9.99071624670056e+04 
7.50327937384072e+01 9.99462358319438e+04 
7.52355063125583e+01 9.99877802758571e+04 
7.54383722282391e+01 1.00013385670275e+05 
7.56414216244544e+01 1.00048800968507e+05 
7.58445981321123e+01 1.00079976565667e+05 
7.60479184214261e+01 1.00110743049858e+05 
7.62512929186171e+01 1.00130780968009e+05 
7.64546964242765e+01 1.00146984484467e+05 
7.66581350680706e+01 1.00177044565475e+05 
7.68616010200597e+01 1.00200524815174e+05 
7.70651079936182e+01 1.00234495694765e+05 
7.72686113724331e+01 1.00250024434391e+05 
7.74720611152207e+01 1.00236809686593e+05 
7.76753133911698e+01 1.00216953037542e+05 
7.78784461857672e+01 1.00233855694972e+05 
7.80813340565300e+01 1.00233134551780e+05 
7.82841986758304e+01 1.00250434388712e+05 
7.84869562928645e+01 1.00242125790778e+05 
7.86895714902216e+01 1.00205141978981e+05 
7.88920942905549e+01 1.00163119391232e+05 
7.90945315913393e+01 1.00158552413903e+05 
7.92968840114831e+01 1.00136792777139e+05 
7.94993122078064e+01 1.00130666796390e+05 
7.97017694779022e+01 1.00104551781774e+05 
7.99042936798559e+01 1.00064718925337e+05 
8.01068697501696e+01 1.00023669519155e+05 
8.03095192442820e+01 1.00001722349932e+05 
8.05122783411067e+01 9.99707744367612e+04 
8.07151532943511e+01 9.99451848459483e+04 
8.09180874917751e+01 9.99154786087784e+04 
8.11211009470289e+01 9.98926382416937e+04 
8.13241348982823e+01 9.98738701764195e+04 
8.15272528948804e+01 9.98456700549740e+04 
8.17303892546740e+01 9.98223603901533e+04 
8.19335573112213e+01 9.97894672365369e+04 
8.21368014274263e+01 9.97694641301992e+04 
8.23398733234911e+01 9.97753505890925e+04 
8.25427383975605e+01 9.97892996288196e+04 
8.27454995878572e+01 9.97701187147126e+04 
8.29480798671471e+01 9.97678285865056e+04 
8.31506062535737e+01 9.97470396397619e+04 
8.33530393401760e+01 9.97486834033220e+04 
8.35553612257224e+01 9.97794616058065e+04 
8.37576211955306e+01 9.98174882999188e+04 
8.39598226381276e+01 9.98189501263681e+04 
8.41619894017817e+01 9.98397800818259e+04 
8.43642239682605e+01 9.98433192841206e+04 
8.45665203012387e+01 9.98659515746465e+04 
8.47689483564908e+01 9.99060846144834e+04 
8.49714940232389e+01 9.99499551859896e+04 
8.51741579640687e+01 9.99719134058708e+04 
8.53769978718437e+01 1.00006867370399e+05 
8.55799804902041e+01 1.00034149172413e+05 
8.57831240408108e+01 1.00065788047113e+05 
8.59864536951827e+01 1.00091999803390e+05 
8.61898160798553e+01 1.00115431805590e+05 
8.63932062744392e+01 1.00146049128907e+05 
8.65966229319829e+01 1.00173700069143e+05 
8.68000940443101e+01 1.00208943487263e+05 
8.70035825837327e+01 1.00229471328265e+05 
8.72070843440491e+01 1.00223648208044e+05 
8.74105419344450e+01 1.00211609498582e+05 
8.76138267437083e+01 1.00232318162732e+05 
8.78169205534772e+01 1.00237208726507e+05 
8.80199632675196e+01 1.00259365018042e+05 
8.82228781681249e+01 1.00256743461272e+05 
8.84256106973253e+01 1.00223365699802e+05 
8.86282246424383e+01 1.00184214693704e+05 
8.88307219110573e+01 1.00184539489479e+05 
8.90330924047535e+01 1.00166362468319e+05 
8.92355207597714e+01 1.00165381543181e+05 
8.94379379157647e+01 1.00142710761591e+05 
8.96403799089431e+01 1.00101919916823e+05 
8.98428436218644e+01 1.00058476438688e+05 
9.00453482475632e+01 1.00039567679645e+05 
9.02479204282358e+01 1.00009219531453e+05 
9.04506070166489e+01 9.99873748985861e+04 
9.06534221098573e+01 9.99572660492443e+04 
9.08563074156330e+01 9.99292593809814e+04 
9.10592331034942e+01 9.99040937321141e+04 
9.12622364660194e+01 9.98759926816436e+04 
9.14653252837018e+01 9.98495819593089e+04 
9.16684271913442e+01 9.98169049893557e+04 
9.18715866137494e+01 9.97934901932415e+04 
9.20747842683971e+01 9.97928296915765e+04 
9.22778651165516e+01 9.97992525807801e+04 
9.24808149399466e+01 9.97772268795680e+04 
9.26836400845213e+01 9.97696737996725e+04 
9.28863873614108e+01 9.97446460796436e+04 
9.30890085767134e+01 9.97411315014200e+04 
9.32914663544503e+01 9.97680076819474e+04 
9.34938317764641e+01 9.98023719134843e+04 
9.36961022577806e+01 9.97986985354168e+04 
9.38982898525573e+01 9.98150475146793e+04 
9.41005250280928e+01 9.98129265114283e+04 
9.43027848548941e+01 9.98314394378618e+04 
9.45051224941694e+01 9.98708606579152e+04 
9.47075391235569e+01 9.99153309434289e+04 
9.49100356403763e+01 9.99332299845845e+04 
9.51126679959551e+01 9.99667035110583e+04 
9.53154338342254e+01 9.99893844550000e+04 
9.55183731288411e+01 1.00020758415524e+05 
9.57215113888919e+01 1.00051904556829e+05 
9.59247849047671e+01 1.00081838715219e+05 
9.61281201802749e+01 1.00112002575092e+05 
9.63314994562056e+01 1.00142993755175e+05 
9.65349076935859e+01 1.00178451264076e+05 
9.67383385387505e+01 1.00202924309480e+05 
9.69418207081187e+01 1.00204717717802e+05 
9.71453287818878e+01 1.00200267961899e+05 
9.73487757563585e+01 1.00224511761962e+05 
9.75521003395735e+01 1.00235076105708e+05 
9.77553203876417e+01 1.00261770626508e+05 
9.79584256456356e+01 1.00264128378632e+05 
9.81613154578645e+01 1.00235446492716e+05 
9.83640728139437e+01 1.00200550829290e+05 
9.85666800715794e+01 1.00205759250462e+05 
9.87691229821461e+01 1.00191800317742e+05 
9.89716027992200e+01 1.00195568044204e+05 
9.91740397132955e+01 1.00176659810755e+05 
9.93764536462670e+01 1.00135726905069e+05 
9.95788576239822e+01 1.00090918679989e+05 
9.97812656950711e+01 1.00075692564201e+05 
9.99837025244658e+01 1.00046837703383e+05 
1.00186246746907e+02 1.00029026179503e+05 
