# Liste des scalaires : TEMPS pmat 
0.00000000000000e+00 1.00000000000000e+05 
2.04081632653061e-01 1.00000000000000e+05 
4.08042165141975e-01 1.00000000000000e+05 
6.11832106953319e-01 1.00000000000000e+05 
8.15421737498182e-01 1.00000000000000e+05 
1.01884831470558e+00 1.00000000000000e+05 
1.22207818930831e+00 1.00000000000000e+05 
1.42513098547652e+00 1.00000000000000e+05 
1.62798725493260e+00 1.00000000000000e+05 
1.83053493087979e+00 1.00000000000000e+05 
2.03291905653503e+00 1.00000000000000e+05 
2.23520224592158e+00 1.00000000000000e+05 
2.43733969254296e+00 1.00000000000000e+05 
2.63931827049832e+00 1.00000000000000e+05 
2.84120332396323e+00 1.00000000000000e+05 
3.04297858176904e+00 1.00000000000000e+05 
3.24460591464334e+00 1.00000000000000e+05 
3.44612291562131e+00 1.00000000000000e+05 
3.64760922308227e+00 1.00000000000000e+05 
3.84909249851467e+00 1.00000000000000e+05 
4.05064469773747e+00 1.00000000000000e+05 
4.25222294222906e+00 1.00000000000000e+05 
4.45380035517506e+00 1.00000000000000e+05 
4.65542063364273e+00 1.00000000000000e+05 
4.85715243419261e+00 1.00000000000000e+05 
5.05906045928525e+00 1.00000000000000e+05 
5.26119401899534e+00 1.00000000000000e+05 
5.46347898380931e+00 1.00000000000000e+05 
5.66591894484892e+00 1.00000000000000e+05 
5.86852800362132e+00 1.00000000000000e+05 
6.07136345597011e+00 1.00000000000000e+05 
6.27438265108359e+00 1.00000000000000e+05 
6.47752964045090e+00 1.00000000000000e+05 
6.68089073121200e+00 1.00000000000000e+05 
6.88429870550576e+00 1.00000000000000e+05 
7.08769636443068e+00 1.00000000000000e+05 
7.29110827962174e+00 1.00000000000000e+05 
7.49449373816632e+00 1.00000000000000e+05 
7.69790617884871e+00 1.00000000000000e+05 
7.90135044231191e+00 1.00000000000000e+05 
8.10473659770851e+00 1.00000000000000e+05 
8.30800948139133e+00 1.00000000000000e+05 
8.51115234273433e+00 1.00000000000000e+05 
8.71416193711340e+00 1.00000000000000e+05 
8.91719900347831e+00 1.00000000000000e+05 
9.12020204041872e+00 1.00000000000000e+05 
9.32319297435189e+00 1.00000000000000e+05 
9.52619174127014e+00 1.00000000000000e+05 
9.72921908834018e+00 1.00000000000000e+05 
9.93229912946381e+00 1.00000000000000e+05 
1.01354642235065e+01 1.00000000000000e+05 
1.03387225987006e+01 1.00000000000000e+05 
1.05420932760412e+01 1.00000000000000e+05 
1.07455601602491e+01 1.00000000000000e+05 
1.09490636153785e+01 1.00000000000000e+05 
1.11525952040860e+01 1.00000000000000e+05 
1.13559908728595e+01 1.00000000000000e+05 
1.15591577617810e+01 1.00000000000000e+05 
1.17622381240369e+01 1.00000000000000e+05 
1.19650888349948e+01 1.00000000000000e+05 
1.21677288877747e+01 1.00000000000000e+05 
1.23702013159276e+01 1.00000000000000e+05 
1.25725982340610e+01 1.00000000000000e+05 
1.27748516426287e+01 1.00000000000000e+05 
1.29769249867640e+01 1.00000000000000e+05 
1.31787998828658e+01 1.00000000000000e+05 
1.33806014179065e+01 1.00000000000000e+05 
1.35822734033907e+01 1.00000000000000e+05 
1.37839887339651e+01 1.00000000000000e+05 
1.39857022015949e+01 1.00000000000000e+05 
1.41874661286692e+01 1.00000000000000e+05 
1.43892101845392e+01 1.00000000000000e+05 
1.45910326674531e+01 1.00000000000000e+05 
1.47929375836209e+01 1.00000000000000e+05 
1.49949695660416e+01 1.00000000000000e+05 
1.51971475723012e+01 1.00000000000000e+05 
1.53995487529939e+01 1.00000000000000e+05 
1.56020957788436e+01 1.00000000000000e+05 
1.58048076652820e+01 1.00000000000000e+05 
1.60076888558614e+01 1.00000000000000e+05 
1.62106850728960e+01 1.00000000000000e+05 
1.64138636363558e+01 1.00000000000000e+05 
1.66171481416695e+01 1.00000000000000e+05 
1.68205318926791e+01 1.00000000000000e+05 
1.70239717971818e+01 1.00000000000000e+05 
1.72274242526830e+01 1.00000000000000e+05 
1.74308511498678e+01 1.00000000000000e+05 
1.76342505270569e+01 1.00000000000000e+05 
1.78376212420556e+01 1.00000000000000e+05 
1.80409883913594e+01 1.00000000000000e+05 
1.82443050346869e+01 1.00000000000000e+05 
1.84474327837354e+01 1.00000000000000e+05 
1.86505503053125e+01 1.00000000000000e+05 
1.88535932316970e+01 1.00000000000000e+05 
1.90565608622741e+01 1.00000000000000e+05 
1.92594853707276e+01 1.00000000000000e+05 
1.94623796526000e+01 1.00000000000000e+05 
1.96652593507810e+01 1.00000000000000e+05 
1.98682128225951e+01 1.00000000000000e+05 
2.00712299723808e+01 1.00000000000000e+05 
2.02743632772251e+01 1.00000000000000e+05 
2.04775974201162e+01 1.00000000000000e+05 
2.06808993432005e+01 1.00000000000000e+05 
2.08842816624739e+01 1.00000000000000e+05 
2.10877109245459e+01 1.00000000000000e+05 
2.12911865561413e+01 1.00000000000000e+05 
2.14946542636065e+01 1.00000000000000e+05 
2.16979483115182e+01 1.00000000000000e+05 
2.19009928614698e+01 1.00000000000000e+05 
2.21039017811684e+01 1.00000000000000e+05 
2.23066497283774e+01 1.00000000000000e+05 
2.25092177015210e+01 1.00000000000000e+05 
2.27116581345214e+01 1.00000000000000e+05 
2.29139334651086e+01 1.00000000000000e+05 
2.31160467477100e+01 1.00000000000000e+05 
2.33179868862948e+01 1.00000000000000e+05 
2.35199180822287e+01 1.00000000000000e+05 
2.37218051763256e+01 1.00000000000000e+05 
2.39236768880851e+01 1.00000000000000e+05 
2.41255552893581e+01 1.00000000000000e+05 
2.43274126484990e+01 1.00000000000000e+05 
2.45293056915018e+01 1.00000000000000e+05 
2.47312963943893e+01 1.00000000000000e+05 
2.49333962174227e+01 1.00000000000000e+05 
2.51357213393038e+01 1.00000000000000e+05 
2.53382018572701e+01 1.00000000000000e+05 
2.55408488073704e+01 1.00000000000000e+05 
2.57436471827663e+01 1.00000000000000e+05 
2.59465698142901e+01 1.00000000000000e+05 
2.61496583369765e+01 1.00000000000000e+05 
2.63529142216749e+01 1.00000000000000e+05 
2.65562742668140e+01 1.00000000000000e+05 
2.67596972761635e+01 1.00000000000000e+05 
2.69631506643780e+01 1.00000000000000e+05 
2.71666356359982e+01 1.00000000000000e+05 
2.73700949757860e+01 1.00000000000000e+05 
2.75735042909555e+01 1.00000000000000e+05 
2.77768698215134e+01 1.00000000000000e+05 
2.79801634091441e+01 1.00000000000000e+05 
2.81832311137916e+01 1.00000000000000e+05 
2.83862493691881e+01 1.00000000000000e+05 
2.85892005667304e+01 1.00000000000000e+05 
2.87920289759177e+01 1.00000000000000e+05 
2.89947855911169e+01 1.00000000000000e+05 
2.91974758167431e+01 1.00000000000000e+05 
2.94001081727549e+01 1.00000000000000e+05 
2.96028174869848e+01 1.00000000000000e+05 
2.98055746712193e+01 1.00000000000000e+05 
3.00084175396436e+01 1.00000000000000e+05 
3.02113309117389e+01 1.00000000000000e+05 
3.04143391710080e+01 1.00000000000000e+05 
3.06174347641709e+01 1.00000000000000e+05 
3.08206359225875e+01 1.00000000000000e+05 
3.10238921252226e+01 1.00000000000000e+05 
3.12271617071788e+01 1.00000000000000e+05 
3.14304933723914e+01 1.00000000000000e+05 
3.16338559333766e+01 1.00000000000000e+05 
3.18371697100234e+01 1.00000000000000e+05 
3.20402940171543e+01 1.00000000000000e+05 
3.22432411366959e+01 1.00000000000000e+05 
3.24460329241944e+01 1.00000000000000e+05 
3.26486468730478e+01 1.00000000000000e+05 
3.28510694083674e+01 1.00000000000000e+05 
3.30532799861897e+01 1.00000000000000e+05 
3.32554482102955e+01 1.00000000000000e+05 
3.34575453553804e+01 1.00000000000000e+05 
3.36595641500324e+01 1.00000000000000e+05 
3.38615486883824e+01 1.00000000000000e+05 
3.40634799904239e+01 1.00000000000000e+05 
3.42653996408576e+01 1.00000000000000e+05 
3.44673939566842e+01 1.00000000000000e+05 
3.46694612546547e+01 1.00000000000000e+05 
3.48717036107216e+01 1.00000000000000e+05 
3.50740862371626e+01 1.00000000000000e+05 
3.52766015885758e+01 1.00000000000000e+05 
3.54793183147402e+01 1.00000000000000e+05 
3.56821412870120e+01 1.00000000000000e+05 
3.58851172271814e+01 1.00000000000004e+05 
3.60883109456795e+01 1.00000000000040e+05 
3.62916365042183e+01 1.00000000000111e+05 
3.64950404477902e+01 1.00000000001320e+05 
3.66984690806315e+01 1.00000000173958e+05 
3.69019364923025e+01 1.00000000575212e+05 
3.71054357283456e+01 1.00000000996382e+05 
3.73088956361505e+01 1.00000001547328e+05 
3.75123241222096e+01 1.00000002520167e+05 
3.77157068996436e+01 1.00000004543769e+05 
3.79188884208807e+01 1.00000008179020e+05 
3.81219429731373e+01 1.00000013891875e+05 
3.83249696414713e+01 1.00000024570067e+05 
3.85278282028840e+01 1.00000041363508e+05 
3.87305789313831e+01 1.00000065899583e+05 
3.89332338669238e+01 1.00000105747895e+05 
3.91357862752962e+01 1.00000172775139e+05 
3.93384030966966e+01 1.00000263063292e+05 
3.95410271713939e+01 1.00000406272653e+05 
3.97436993424354e+01 1.00000602220774e+05 
3.99463921856252e+01 1.00000853216654e+05 
4.01491654750551e+01 1.00001208126472e+05 
4.03520289195442e+01 1.00001705537271e+05 
4.05550048910795e+01 1.00002280738509e+05 
4.07580864187294e+01 1.00003038633444e+05 
4.09612286775592e+01 1.00003909451318e+05 
4.11644223380052e+01 1.00004846756229e+05 
4.13676607110112e+01 1.00005952770018e+05 
4.15709452306063e+01 1.00007192014496e+05 
4.17742442700769e+01 1.00008383301998e+05 
4.19775135223546e+01 1.00009653380574e+05 
4.21806564457985e+01 1.00010839605677e+05 
4.23835704544603e+01 1.00011851167395e+05 
4.25863222546333e+01 1.00012788254447e+05 
4.27888279196484e+01 1.00013535470056e+05 
4.29912615982889e+01 1.00014126999529e+05 
4.31935852435500e+01 1.00014633786644e+05 
4.33957815205678e+01 1.00014946699959e+05 
4.35978979487543e+01 1.00015059677073e+05 
4.37999304200929e+01 1.00014897720804e+05 
4.40019076885360e+01 1.00014397493414e+05 
4.42039337320145e+01 1.00013896949039e+05 
4.44060001538986e+01 1.00013330445177e+05 
4.46081858574393e+01 1.00012638704869e+05 
4.48104711684930e+01 1.00011809499129e+05 
4.50128451538969e+01 1.00010677513279e+05 
4.52153736753591e+01 1.00009133258582e+05 
4.54180340147901e+01 1.00007656202538e+05 
4.56208710244056e+01 1.00006076748306e+05 
4.58239099702678e+01 1.00004393563794e+05 
4.60270996589638e+01 1.00002801257049e+05 
4.62304657697298e+01 1.00000939693450e+05 
4.64338688960506e+01 9.99987606293235e+04 
4.66373017077841e+01 9.99967337553781e+04 
4.68407572598015e+01 9.99945850173988e+04 
4.70442546395734e+01 9.99924604827327e+04 
4.72477386480636e+01 9.99906539481460e+04 
4.74511939246332e+01 9.99888212811382e+04 
4.76545330594890e+01 9.99870448263513e+04 
4.78577067285611e+01 9.99854980824819e+04 
4.80608753693268e+01 9.99838900514374e+04 
4.82638354697416e+01 9.99824339058005e+04 
4.84666467540706e+01 9.99814186236551e+04 
4.86693473168333e+01 9.99807411825549e+04 
4.88719019249858e+01 9.99805021768478e+04 
4.90745027720318e+01 9.99804340647557e+04 
4.92770764391171e+01 9.99803310340917e+04 
4.94796476958813e+01 9.99803853586781e+04 
4.96822204167646e+01 9.99807340059856e+04 
4.98848222239144e+01 9.99816320705931e+04 
5.00874761862161e+01 9.99831792242492e+04 
5.02902390157782e+01 9.99847305564863e+04 
5.04931165644340e+01 9.99862829432253e+04 
5.06960805910771e+01 9.99878150484073e+04 
5.08991333423157e+01 9.99893932919866e+04 
5.11022578645217e+01 9.99914028949167e+04 
5.13054423763076e+01 9.99938841649111e+04 
5.15086548546338e+01 9.99962009688174e+04 
5.17119065645690e+01 9.99984865036443e+04 
5.19151950423545e+01 1.00000678688230e+05 
5.21183745006488e+01 1.00002487291906e+05 
5.23214088774139e+01 1.00004405072256e+05 
5.25242324010963e+01 1.00006417862879e+05 
5.27269607076205e+01 1.00008181508188e+05 
5.29295441731976e+01 1.00009976216127e+05 
5.31319496968064e+01 1.00011646554727e+05 
5.33342472842059e+01 1.00012831330718e+05 
5.35364267211515e+01 1.00013773059969e+05 
5.37385040812235e+01 1.00014374484730e+05 
5.39406083094777e+01 1.00014812432473e+05 
5.41427161596012e+01 1.00015390467489e+05 
5.43448835302565e+01 1.00015896099718e+05 
5.45471108975266e+01 1.00016014108138e+05 
5.47493910082137e+01 1.00015725162765e+05 
5.49517879790564e+01 1.00014856420230e+05 
5.51543020530474e+01 1.00013927528484e+05 
5.53569745540088e+01 1.00013127191212e+05 
5.55598668189212e+01 1.00012391617130e+05 
5.57629126136038e+01 1.00011474294429e+05 
5.59661352293277e+01 1.00010085662748e+05 
5.61694921057413e+01 1.00008173222640e+05 
5.63728862466536e+01 1.00006341192951e+05 
5.65762995126502e+01 1.00004601090480e+05 
5.67797565324227e+01 1.00002950330090e+05 
5.69832411929876e+01 1.00001453404253e+05 
5.71867575597213e+01 9.99997061412581e+04 
5.73902142438224e+01 9.99976832134834e+04 
5.75935504013974e+01 9.99958287997108e+04 
5.77968428105782e+01 9.99940659420038e+04 
5.79999523007818e+01 9.99923898199583e+04 
5.82028720166861e+01 9.99910624624334e+04 
5.84056737401209e+01 9.99898140629242e+04 
5.86082924096970e+01 9.99887210513386e+04 
5.88109369357781e+01 9.99878205987500e+04 
5.90135188227780e+01 9.99868865022762e+04 
5.92160540509742e+01 9.99860512812460e+04 
5.94185604009779e+01 9.99855698249677e+04 
5.96210526984744e+01 9.99854528679264e+04 
5.98235501837237e+01 9.99858526415876e+04 
6.00261485722220e+01 9.99864188375740e+04 
6.02288361841210e+01 9.99868948812107e+04 
6.04316638201486e+01 9.99873637034608e+04 
6.06345686020863e+01 9.99880967602225e+04 
6.08375671479841e+01 9.99893570885674e+04 
6.10406211004055e+01 9.99911847270016e+04 
6.12437426280142e+01 9.99930256833362e+04 
6.14469164445446e+01 9.99947934514618e+04 
6.16501210676312e+01 9.99964474551158e+04 
6.18533579475247e+01 9.99980619317316e+04 
6.20566264173889e+01 9.99999975520953e+04 
6.22597817220211e+01 1.00002175999690e+05 
6.24627995534665e+01 1.00004131865214e+05 
6.26656673735378e+01 1.00005926417812e+05 
6.28683131616467e+01 1.00007533212606e+05 
6.30708195650471e+01 1.00008749683361e+05 
6.32731804840720e+01 1.00009906459559e+05 
6.34753919046854e+01 1.00010911347999e+05 
6.36776034541254e+01 1.00011744200196e+05 
6.38797873688976e+01 1.00012536026390e+05 
6.40819738273611e+01 1.00013176200574e+05 
6.42841784067253e+01 1.00013537326993e+05 
6.44863959670241e+01 1.00013567116909e+05 
6.46886801912706e+01 1.00013199853177e+05 
6.48910662140103e+01 1.00012697879652e+05 
6.50935819241049e+01 1.00012212392811e+05 
6.52963226964966e+01 1.00011675687522e+05 
6.54992405740070e+01 1.00010898112989e+05 
6.57023188561443e+01 1.00009677142435e+05 
6.59055500692646e+01 1.00007939871270e+05 
6.61089027901603e+01 1.00006171769927e+05 
6.63122766649993e+01 1.00004390987205e+05 
6.65156872049080e+01 1.00002665634955e+05 
6.67191280630788e+01 1.00000941749127e+05 
6.69226164912726e+01 9.99988628266431e+04 
6.71261325074319e+01 9.99964886011209e+04 
6.73296169036911e+01 9.99942759624689e+04 
6.75330252299440e+01 9.99921104849354e+04 
6.77363198433455e+01 9.99901136676798e+04 
6.79393888572186e+01 9.99884691491359e+04 
6.81423368894994e+01 9.99868403297811e+04 
6.83450708709156e+01 9.99853617140147e+04 
6.85478069710537e+01 9.99841366319221e+04 
6.87504560574697e+01 9.99829663523849e+04 
6.89530120509714e+01 9.99819917053261e+04 
6.91555074049377e+01 9.99814213404849e+04 
6.93579506481004e+01 9.99812187946877e+04 
6.95603538262472e+01 9.99815009584657e+04 
6.97628467070184e+01 9.99819233298162e+04 
6.99654031500043e+01 9.99823695136074e+04 
7.01680675370484e+01 9.99829284809897e+04 
7.03708128597538e+01 9.99837070623249e+04 
7.05736643918905e+01 9.99849664874638e+04 
7.07765856443493e+01 9.99867993078309e+04 
7.09796045256010e+01 9.99885777362893e+04 
7.11826613299295e+01 9.99903900891458e+04 
7.13857897479778e+01 9.99921541311203e+04 
7.15889661007472e+01 9.99938550653359e+04 
7.17921459341708e+01 9.99958687382791e+04 
7.19953726252105e+01 9.99981988868134e+04 
7.21985718027617e+01 1.00000342794307e+05 
7.24016476186381e+01 1.00002469354621e+05 
7.26045430537818e+01 1.00004471141269e+05 
7.28072213299480e+01 1.00006124881100e+05 
7.30097805999067e+01 1.00007822536913e+05 
7.32121446685061e+01 1.00009431334146e+05 
7.34144836407241e+01 1.00010817799184e+05 
7.36167644759561e+01 1.00012197254731e+05 
7.38189887804541e+01 1.00013432182247e+05 
7.40211919750683e+01 1.00014251506253e+05 
7.42233714635407e+01 1.00014775868041e+05 
7.44255673633598e+01 1.00014864565459e+05 
7.46278498585127e+01 1.00014779041197e+05 
7.48302306656735e+01 1.00014707320222e+05 
7.50327937384072e+01 1.00014538239003e+05 
7.52355063125583e+01 1.00014088645923e+05 
7.54383722282391e+01 1.00013180201303e+05 
7.56414216244544e+01 1.00011725512602e+05 
7.58445981321123e+01 1.00010258220736e+05 
7.60479184214261e+01 1.00008793196404e+05 
7.62512929186171e+01 1.00007349572219e+05 
7.64546964242765e+01 1.00005849176900e+05 
7.66581350680706e+01 1.00004019459543e+05 
7.68616010200597e+01 1.00001859981190e+05 
7.70651079936182e+01 9.99998511076484e+04 
7.72686113724331e+01 9.99978561962313e+04 
7.74720611152207e+01 9.99959686314227e+04 
7.76753133911698e+01 9.99943758545879e+04 
7.78784461857672e+01 9.99927077066094e+04 
7.80813340565300e+01 9.99910677616420e+04 
7.82841986758304e+01 9.99896687812709e+04 
7.84869562928645e+01 9.99883031126736e+04 
7.86895714902216e+01 9.99870786142141e+04 
7.88920942905549e+01 9.99862478791229e+04 
7.90945315913393e+01 9.99856705929538e+04 
7.92968840114831e+01 9.99854919792772e+04 
7.94993122078064e+01 9.99854787862051e+04 
7.97017694779022e+01 9.99854410171896e+04 
7.99042936798559e+01 9.99854998856094e+04 
8.01068697501696e+01 9.99858174234791e+04 
8.03095192442820e+01 9.99865329829348e+04 
8.05122783411067e+01 9.99878074613294e+04 
8.07151532943511e+01 9.99891089087958e+04 
8.09180874917751e+01 9.99904079011142e+04 
8.11211009470289e+01 9.99916888226631e+04 
8.13241348982823e+01 9.99930674545444e+04 
8.15272528948804e+01 9.99948218956094e+04 
8.17303892546740e+01 9.99969283143968e+04 
8.19335573112213e+01 9.99988871228422e+04 
8.21368014274263e+01 1.00000803628070e+05 
8.23398733234911e+01 1.00002608772599e+05 
8.25427383975605e+01 1.00004159222565e+05 
8.27454995878572e+01 1.00005826520321e+05 
8.29480798671471e+01 1.00007523107842e+05 
8.31506062535737e+01 1.00008974894297e+05 
8.33530393401760e+01 1.00010395812667e+05 
8.35553612257224e+01 1.00011687361872e+05 
8.37576211955306e+01 1.00012607741710e+05 
8.39598226381276e+01 1.00013336733033e+05 
8.41619894017817e+01 1.00013731693870e+05 
8.43642239682605e+01 1.00013928772136e+05 
8.45665203012387e+01 1.00014122545661e+05 
8.47689483564908e+01 1.00014183907548e+05 
8.49714940232389e+01 1.00013999374822e+05 
8.51741579640687e+01 1.00013437589609e+05 
8.53769978718437e+01 1.00012337004649e+05 
8.55799804902041e+01 1.00011166392512e+05 
8.57831240408108e+01 1.00010008198038e+05 
8.59864536951827e+01 1.00008856026987e+05 
8.61898160798553e+01 1.00007593337792e+05 
8.63932062744392e+01 1.00005918146538e+05 
8.65966229319829e+01 1.00003867054445e+05 
8.68000940443101e+01 1.00001927896462e+05 
8.70035825837327e+01 1.00000011132285e+05 
8.72070843440491e+01 9.99981637302155e+04 
8.74105419344450e+01 9.99965295306914e+04 
8.76138267437083e+01 9.99947296497065e+04 
8.78169205534772e+01 9.99928263630848e+04 
8.80199632675196e+01 9.99911531153805e+04 
8.82228781681249e+01 9.99895249103788e+04 
8.84256106973253e+01 9.99880512494005e+04 
8.86282246424383e+01 9.99869625626726e+04 
8.88307219110573e+01 9.99860310361901e+04 
8.90330924047535e+01 9.99854095906676e+04 
8.92355207597714e+01 9.99850082490553e+04 
8.94379379157647e+01 9.99846071389635e+04 
8.96403799089431e+01 9.99843473306681e+04 
8.98428436218644e+01 9.99844181514168e+04 
9.00453482475632e+01 9.99848619184070e+04 
9.02479204282358e+01 9.99858781910349e+04 
9.04506070166489e+01 9.99869602992984e+04 
9.06534221098573e+01 9.99880245193215e+04 
9.08563074156330e+01 9.99891015961573e+04 
9.10592331034942e+01 9.99902989057789e+04 
9.12622364660194e+01 9.99919464442048e+04 
9.14653252837018e+01 9.99940367951157e+04 
9.16684271913442e+01 9.99959899436742e+04 
9.18715866137494e+01 9.99979411231593e+04 
9.20747842683971e+01 9.99998023856127e+04 
9.22778651165516e+01 1.00001445726489e+05 
9.24808149399466e+01 1.00003286839524e+05 
9.26836400845213e+01 1.00005277579850e+05 
9.28863873614108e+01 1.00007032786562e+05 
9.30890085767134e+01 1.00008741384176e+05 
9.32914663544503e+01 1.00010308911285e+05 
9.34938317764641e+01 1.00011521016930e+05 
9.36961022577806e+01 1.00012609805808e+05 
9.38982898525573e+01 1.00013446569636e+05 
9.41005250280928e+01 1.00014043566763e+05 
9.43027848548941e+01 1.00014656093665e+05 
9.45051224941694e+01 1.00015137122500e+05 
9.47075391235569e+01 1.00015288941796e+05 
9.49100356403763e+01 1.00015077354245e+05 
9.51126679959551e+01 1.00014292040203e+05 
9.53154338342254e+01 1.00013392627796e+05 
9.55183731288411e+01 1.00012544686942e+05 
9.57215113888919e+01 1.00011679019710e+05 
9.59247849047671e+01 1.00010654986046e+05 
9.61281201802749e+01 1.00009126811370e+05 
9.63314994562056e+01 1.00007099912325e+05 
9.65349076935859e+01 1.00005181702153e+05 
9.67383385387505e+01 1.00003276426064e+05 
9.69418207081187e+01 1.00001430379102e+05 
9.71453287818878e+01 9.99997311028261e+04 
9.73487757563585e+01 9.99977822210457e+04 
9.75521003395735e+01 9.99956004743848e+04 
9.77553203876417e+01 9.99936317537853e+04 
9.79584256456356e+01 9.99917305350749e+04 
9.81613154578645e+01 9.99899726196052e+04 
9.83640728139437e+01 9.99885812712430e+04 
9.85666800715794e+01 9.99872921100503e+04 
9.87691229821461e+01 9.99862167618032e+04 
9.89716027992200e+01 9.99854035145285e+04 
9.91740397132955e+01 9.99845904672841e+04 
9.93764536462670e+01 9.99839478853194e+04 
9.95788576239822e+01 9.99836571720087e+04 
9.97812656950711e+01 9.99837520429413e+04 
9.99837025244658e+01 9.99844049499264e+04 
1.00186246746907e+02 9.99851901523999e+04 
