# Liste des scalaires : TEMPS pmat 
0.00000000000000e+00 1.00000000000000e+05 
2.04081632653061e-01 1.00000000000000e+05 
4.08042165141975e-01 1.00000000000000e+05 
6.11832106953319e-01 1.00000000000000e+05 
8.15421737498182e-01 1.00000000000000e+05 
1.01884831470558e+00 1.00000000000000e+05 
1.22207818930831e+00 1.00000000000000e+05 
1.42513098547652e+00 1.00000000000000e+05 
1.62798725493260e+00 1.00000000000000e+05 
1.83053493087979e+00 1.00000000000000e+05 
2.03291905653503e+00 1.00000000000000e+05 
2.23520224592158e+00 1.00000000000000e+05 
2.43733969254296e+00 1.00000000000000e+05 
2.63931827049832e+00 1.00000000000000e+05 
2.84120332396323e+00 1.00000000000000e+05 
3.04297858176904e+00 1.00000000000000e+05 
3.24460591464334e+00 1.00000000000000e+05 
3.44612291562131e+00 1.00000000000000e+05 
3.64760922308227e+00 1.00000000000000e+05 
3.84909249851467e+00 1.00000000000000e+05 
4.05064469773747e+00 1.00000000000000e+05 
4.25222294222906e+00 1.00000000000000e+05 
4.45380035517506e+00 1.00000000000000e+05 
4.65542063364273e+00 1.00000000000000e+05 
4.85715243419261e+00 1.00000000000000e+05 
5.05906045928525e+00 1.00000000000000e+05 
5.26119401899534e+00 1.00000000000000e+05 
5.46347898380931e+00 1.00000000000000e+05 
5.66591894484892e+00 1.00000000000000e+05 
5.86852800362132e+00 1.00000000000000e+05 
6.07136345597011e+00 1.00000000000000e+05 
6.27438265108359e+00 1.00000000000000e+05 
6.47752964045090e+00 1.00000000000000e+05 
6.68089073121200e+00 1.00000000000000e+05 
6.88429870550576e+00 1.00000000000000e+05 
7.08769636443068e+00 1.00000000000000e+05 
7.29110827962174e+00 1.00000000000000e+05 
7.49449373816632e+00 1.00000000000000e+05 
7.69790617884871e+00 1.00000000000000e+05 
7.90135044231191e+00 1.00000000000000e+05 
8.10473659770851e+00 1.00000000000000e+05 
8.30800948139133e+00 1.00000000000000e+05 
8.51115234273433e+00 1.00000000000000e+05 
8.71416193711340e+00 1.00000000000000e+05 
8.91719900347831e+00 1.00000000000000e+05 
9.12020204041872e+00 1.00000000000000e+05 
9.32319297435189e+00 1.00000000000000e+05 
9.52619174127014e+00 1.00000000000000e+05 
9.72921908834018e+00 1.00000000000000e+05 
9.93229912946381e+00 1.00000000000008e+05 
1.01354642235065e+01 1.00000000000463e+05 
1.03387225987006e+01 1.00000000041400e+05 
1.05420932760412e+01 1.00000000517220e+05 
1.07455601602491e+01 1.00000001334576e+05 
1.09490636153785e+01 1.00000002956683e+05 
1.11525952040860e+01 1.00000007691554e+05 
1.13559908728595e+01 1.00000018831783e+05 
1.15591577617810e+01 1.00000039761856e+05 
1.17622381240369e+01 1.00000074632463e+05 
1.19650888349948e+01 1.00000143918605e+05 
1.21677288877747e+01 1.00000260274032e+05 
1.23702013159276e+01 1.00000500752227e+05 
1.25725982340610e+01 1.00000917120680e+05 
1.27748516426287e+01 1.00001514144424e+05 
1.29769249867640e+01 1.00002275278298e+05 
1.31787998828658e+01 1.00003458561712e+05 
1.33806014179065e+01 1.00004957956425e+05 
1.35822734033907e+01 1.00007368276400e+05 
1.37839887339651e+01 1.00010660192803e+05 
1.39857022015949e+01 1.00014305394050e+05 
1.41874661286692e+01 1.00017938893972e+05 
1.43892101845392e+01 1.00022246514180e+05 
1.45910326674531e+01 1.00026478169756e+05 
1.47929375836209e+01 1.00031640464820e+05 
1.49949695660416e+01 1.00037542575202e+05 
1.51971475723012e+01 1.00042522362599e+05 
1.53995487529939e+01 1.00045987309801e+05 
1.56020957788436e+01 1.00048993745640e+05 
1.58048076652820e+01 1.00050725132642e+05 
1.60076888558614e+01 1.00051765869075e+05 
1.62106850728960e+01 1.00052717789155e+05 
1.64138636363558e+01 1.00052729371961e+05 
1.66171481416695e+01 1.00051309153013e+05 
1.68205318926791e+01 1.00048871122852e+05 
1.70239717971818e+01 1.00045694380674e+05 
1.72274242526830e+01 1.00041277333839e+05 
1.74308511498678e+01 1.00036082175850e+05 
1.76342505270569e+01 1.00031229066833e+05 
1.78376212420556e+01 1.00026215778478e+05 
1.80409883913594e+01 1.00020342691967e+05 
1.82443050346869e+01 1.00014583329945e+05 
1.84474327837354e+01 1.00007957493703e+05 
1.86505503053125e+01 1.00000570131293e+05 
1.88535932316970e+01 9.99948304853339e+04 
1.90565608622741e+01 9.99902474164162e+04 
1.92594853707276e+01 9.99854944523078e+04 
1.94623796526000e+01 9.99812153908506e+04 
1.96652593507810e+01 9.99766969042584e+04 
1.98682128225951e+01 9.99717104835902e+04 
2.00712299723808e+01 9.99685818815054e+04 
2.02743632772251e+01 9.99671721087149e+04 
2.04775974201162e+01 9.99664412056535e+04 
2.06808993432005e+01 9.99664558281155e+04 
2.08842816624739e+01 9.99672635570615e+04 
2.10877109245459e+01 9.99683524681991e+04 
2.12911865561413e+01 9.99703009920456e+04 
2.14946542636065e+01 9.99728826323478e+04 
2.16979483115182e+01 9.99760815573371e+04 
2.19009928614698e+01 9.99789842748559e+04 
2.21039017811684e+01 9.99819376997156e+04 
2.23066497283774e+01 9.99846884344924e+04 
2.25092177015210e+01 9.99864921080249e+04 
2.27116581345214e+01 9.99878831858903e+04 
2.29139334651086e+01 9.99890191965602e+04 
2.31160467477100e+01 9.99899158741152e+04 
2.33179868862948e+01 9.99903625408652e+04 
2.35199180822287e+01 9.99909460969360e+04 
2.37218051763256e+01 9.99910387350999e+04 
2.39236768880851e+01 9.99912017398129e+04 
2.41255552893581e+01 9.99912903386362e+04 
2.43274126484990e+01 9.99914739645917e+04 
2.45293056915018e+01 9.99912944413939e+04 
2.47312963943893e+01 9.99909488398812e+04 
2.49333962174227e+01 9.99903758130158e+04 
2.51357213393038e+01 9.99901629158860e+04 
2.53382018572701e+01 9.99901132958080e+04 
2.55408488073704e+01 9.99902450079355e+04 
2.57436471827663e+01 9.99901848535207e+04 
2.59465698142901e+01 9.99897310855456e+04 
2.61496583369765e+01 9.99891709510749e+04 
2.63529142216749e+01 9.99889852036435e+04 
2.65562742668140e+01 9.99893763879520e+04 
2.67596972761635e+01 9.99899981695282e+04 
2.69631506643780e+01 9.99906653425498e+04 
2.71666356359982e+01 9.99910678710218e+04 
2.73700949757860e+01 9.99912352483601e+04 
2.75735042909555e+01 9.99915203232696e+04 
2.77768698215134e+01 9.99925237214033e+04 
2.79801634091441e+01 9.99937079512923e+04 
2.81832311137916e+01 9.99951458333016e+04 
2.83862493691881e+01 9.99965919904208e+04 
2.85892005667304e+01 9.99976900617127e+04 
2.87920289759177e+01 9.99984489003825e+04 
2.89947855911169e+01 9.99997208720696e+04 
2.91974758167431e+01 1.00000890001564e+05 
2.94001081727549e+01 1.00002327832490e+05 
2.96028174869848e+01 1.00003893856228e+05 
2.98055746712193e+01 1.00004919570197e+05 
3.00084175396436e+01 1.00005280190294e+05 
3.02113309117389e+01 1.00005677607411e+05 
3.04143391710080e+01 1.00005776479052e+05 
3.06174347641709e+01 1.00006018403225e+05 
3.08206359225875e+01 1.00006393568068e+05 
3.10238921252226e+01 1.00006423638525e+05 
3.12271617071788e+01 1.00005977817456e+05 
3.14304933723914e+01 1.00004890049312e+05 
3.16338559333766e+01 1.00003710489854e+05 
3.18371697100234e+01 1.00002386517232e+05 
3.20402940171543e+01 1.00001269892439e+05 
3.22432411366959e+01 1.00000394113737e+05 
3.24460329241944e+01 9.99995901899983e+04 
3.26486468730478e+01 9.99980583746456e+04 
3.28510694083674e+01 9.99966220592031e+04 
3.30532799861897e+01 9.99949882198163e+04 
3.32554482102955e+01 9.99934990284936e+04 
3.34575453553804e+01 9.99925916465847e+04 
3.36595641500324e+01 9.99922166210919e+04 
3.38615486883824e+01 9.99914594389378e+04 
3.40634799904239e+01 9.99909290971692e+04 
3.42653996408576e+01 9.99903169789960e+04 
3.44673939566842e+01 9.99897039737654e+04 
3.46694612546547e+01 9.99894766366723e+04 
3.48717036107216e+01 9.99896635671683e+04 
3.50740862371626e+01 9.99897232922519e+04 
3.52766015885758e+01 9.99899419084985e+04 
3.54793183147402e+01 9.99900704856769e+04 
3.56821412870120e+01 9.99901455866416e+04 
3.58851172271814e+01 9.99903456225729e+04 
3.60883109456795e+01 9.99908113617485e+04 
3.62916365042183e+01 9.99916565535338e+04 
3.64950404477902e+01 9.99926323808372e+04 
3.66984690806315e+01 9.99936631695607e+04 
3.69019364923025e+01 9.99944916081838e+04 
3.71054357283456e+01 9.99951264094648e+04 
3.73088956361505e+01 9.99957531181293e+04 
3.75123241222096e+01 9.99970409455880e+04 
3.77157068996436e+01 9.99984151588179e+04 
3.79188884208807e+01 9.99999927644503e+04 
3.81219429731373e+01 1.00001577567879e+05 
3.83249696414713e+01 1.00002757769501e+05 
3.85278282028840e+01 1.00003564922928e+05 
3.87305789313831e+01 1.00004887780884e+05 
3.89332338669238e+01 1.00006067914668e+05 
3.91357862752962e+01 1.00007496960573e+05 
3.93384030966966e+01 1.00009039257250e+05 
3.95410271713939e+01 1.00010011089336e+05 
3.97436993424354e+01 1.00010254197114e+05 
3.99463921856252e+01 1.00010511163051e+05 
4.01491654750551e+01 1.00010472136448e+05 
4.03520289195442e+01 1.00010466712557e+05 
4.05550048910795e+01 1.00010665310061e+05 
4.07580864187294e+01 1.00010534968786e+05 
4.09612286775592e+01 1.00009831982135e+05 
4.11644223380052e+01 1.00008547003887e+05 
4.13676607110112e+01 1.00007112427426e+05 
4.15709452306063e+01 1.00005545389315e+05 
4.17742442700769e+01 1.00004157521311e+05 
4.19775135223546e+01 1.00003022394787e+05 
4.21806564457985e+01 1.00001870691880e+05 
4.23835704544603e+01 9.99999986954565e+04 
4.25863222546333e+01 9.99981595078118e+04 
4.27888279196484e+01 9.99962688104923e+04 
4.29912615982889e+01 9.99945862550739e+04 
4.31935852435500e+01 9.99935832284626e+04 
4.33957815205678e+01 9.99930764343335e+04 
4.35978979487543e+01 9.99921415347836e+04 
4.37999304200929e+01 9.99914192243412e+04 
4.40019076885360e+01 9.99906464521016e+04 
4.42039337320145e+01 9.99898777069423e+04 
4.44060001538986e+01 9.99895502829309e+04 
4.46081858574393e+01 9.99897472059797e+04 
4.48104711684930e+01 9.99897576548271e+04 
4.50128451538969e+01 9.99898818366350e+04 
4.52153736753591e+01 9.99898436582186e+04 
4.54180340147901e+01 9.99895007578261e+04 
4.56208710244056e+01 9.99893650752971e+04 
4.58239099702678e+01 9.99897192054204e+04 
4.60270996589638e+01 9.99904298169422e+04 
4.62304657697298e+01 9.99913526688891e+04 
4.64338688960506e+01 9.99921832070593e+04 
4.66373017077841e+01 9.99925362236658e+04 
4.68407572598015e+01 9.99926748953564e+04 
4.70442546395734e+01 9.99930018211335e+04 
4.72477386480636e+01 9.99939502726525e+04 
4.74511939246332e+01 9.99951307125559e+04 
4.76545330594890e+01 9.99963345155376e+04 
4.78577067285611e+01 9.99973401057607e+04 
4.80608753693268e+01 9.99979609433482e+04 
4.82638354697416e+01 9.99985326779412e+04 
4.84666467540706e+01 9.99997397082432e+04 
4.86693473168333e+01 1.00001003418750e+05 
4.88719019249858e+01 1.00002547919463e+05 
4.90745027720318e+01 1.00004157477843e+05 
4.92770764391171e+01 1.00005286405083e+05 
4.94796476958813e+01 1.00005883635437e+05 
4.96822204167646e+01 1.00006783178570e+05 
4.98848222239144e+01 1.00007431322734e+05 
5.00874761862161e+01 1.00008237206946e+05 
5.02902390157782e+01 1.00009279936547e+05 
5.04931165644340e+01 1.00009813374067e+05 
5.06960805910771e+01 1.00009664734556e+05 
5.08991333423157e+01 1.00009193020062e+05 
5.11022578645217e+01 1.00008418116129e+05 
5.13054423763076e+01 1.00007537712283e+05 
5.15086548546338e+01 1.00006849860647e+05 
5.17119065645690e+01 1.00006072365803e+05 
5.19151950423545e+01 1.00005025101705e+05 
5.21183745006488e+01 1.00003262363766e+05 
5.23214088774139e+01 1.00001365373855e+05 
5.25242324010963e+01 9.99993414892386e+04 
5.27269607076205e+01 9.99974272425478e+04 
5.29295441731976e+01 9.99959990472707e+04 
5.31319496968064e+01 9.99949311625027e+04 
5.33342472842059e+01 9.99933652676512e+04 
5.35364267211515e+01 9.99920285539240e+04 
5.37385040812235e+01 9.99905989455397e+04 
5.39406083094777e+01 9.99892392885104e+04 
5.41427161596012e+01 9.99886032053045e+04 
5.43448835302565e+01 9.99885885060385e+04 
5.45471108975266e+01 9.99884171965498e+04 
5.47493910082137e+01 9.99884484227305e+04 
5.49517879790564e+01 9.99883319685765e+04 
5.51543020530474e+01 9.99879781351069e+04 
5.53569745540088e+01 9.99879682411679e+04 
5.55598668189212e+01 9.99885641278792e+04 
5.57629126136038e+01 9.99894316920704e+04 
5.59661352293277e+01 9.99904507206428e+04 
5.61694921057413e+01 9.99913769683089e+04 
5.63728862466536e+01 9.99918799302524e+04 
5.65762995126502e+01 9.99922668884267e+04 
5.67797565324227e+01 9.99928976587607e+04 
5.69832411929876e+01 9.99941618773460e+04 
5.71867575597213e+01 9.99955935560708e+04 
5.73902142438224e+01 9.99970301309056e+04 
5.75935504013974e+01 9.99982549451214e+04 
5.77968428105782e+01 9.99990960928834e+04 
5.79999523007818e+01 9.99998775294027e+04 
5.82028720166861e+01 1.00001338047821e+05 
5.84056737401209e+01 1.00002810325293e+05 
5.86082924096970e+01 1.00004546250271e+05 
5.88109369357781e+01 1.00006353827891e+05 
5.90135188227780e+01 1.00007559484524e+05 
5.92160540509742e+01 1.00008260692258e+05 
5.94185604009779e+01 1.00009262134251e+05 
5.96210526984744e+01 1.00010004132486e+05 
5.98235501837237e+01 1.00010932804344e+05 
6.00261485722220e+01 1.00012059646945e+05 
6.02288361841210e+01 1.00012662273361e+05 
6.04316638201486e+01 1.00012485425996e+05 
6.06345686020863e+01 1.00011990502135e+05 
6.08375671479841e+01 1.00011144541423e+05 
6.10406211004055e+01 1.00010187847297e+05 
6.12437426280142e+01 1.00009480862426e+05 
6.14469164445446e+01 1.00008648969353e+05 
6.16501210676312e+01 1.00007476469662e+05 
6.18533579475247e+01 1.00005523383195e+05 
6.20566264173889e+01 1.00003448580178e+05 
6.22597817220211e+01 1.00001294196962e+05 
6.24627995534665e+01 9.99993581475822e+04 
6.26656673735378e+01 9.99979850289718e+04 
6.28683131616467e+01 9.99968380951568e+04 
6.30708195650471e+01 9.99950939919502e+04 
6.32731804840720e+01 9.99935073866867e+04 
6.34753919046854e+01 9.99919165428050e+04 
6.36776034541254e+01 9.99904661483129e+04 
6.38797873688976e+01 9.99898519441993e+04 
6.40819738273611e+01 9.99898551081736e+04 
6.42841784067253e+01 9.99896136011545e+04 
6.44863959670241e+01 9.99895306273830e+04 
6.46886801912706e+01 9.99893490272653e+04 
6.48910662140103e+01 9.99890474325551e+04 
6.50935819241049e+01 9.99891842536026e+04 
6.52963226964966e+01 9.99899036011309e+04 
6.54992405740070e+01 9.99907648683462e+04 
6.57023188561443e+01 9.99917724244125e+04 
6.59055500692646e+01 9.99927208594090e+04 
6.61089027901603e+01 9.99932969624161e+04 
6.63122766649993e+01 9.99938295673663e+04 
6.65156872049080e+01 9.99945767635031e+04 
6.67191280630788e+01 9.99958499953308e+04 
6.69226164912726e+01 9.99972547350868e+04 
6.71261325074319e+01 9.99985663017014e+04 
6.73296169036911e+01 9.99995920090625e+04 
6.75330252299440e+01 1.00000232691264e+05 
6.77363198433455e+01 1.00000799758457e+05 
6.79393888572186e+01 1.00001985915821e+05 
6.81423368894994e+01 1.00003259354739e+05 
6.83450708709156e+01 1.00004674973888e+05 
6.85478069710537e+01 1.00006095923107e+05 
6.87504560574697e+01 1.00006991318069e+05 
6.89530120509714e+01 1.00007364937305e+05 
6.91555074049377e+01 1.00008104509074e+05 
6.93579506481004e+01 1.00008644417448e+05 
6.95603538262472e+01 1.00009340803852e+05 
6.97628467070184e+01 1.00010190135107e+05 
6.99654031500043e+01 1.00010473099936e+05 
7.01680675370484e+01 1.00010074519604e+05 
7.03708128597538e+01 1.00009529979201e+05 
7.05736643918905e+01 1.00008668795211e+05 
7.07765856443493e+01 1.00007810586787e+05 
7.09796045256010e+01 1.00007166221264e+05 
7.11826613299295e+01 1.00006333890148e+05 
7.13857897479778e+01 1.00005154484462e+05 
7.15889661007472e+01 1.00003335700555e+05 
7.17921459341708e+01 1.00001387749848e+05 
7.19953726252105e+01 9.99994314464459e+04 
7.21985718027617e+01 9.99977008825662e+04 
7.24016476186381e+01 9.99964797373079e+04 
7.26045430537818e+01 9.99954557774137e+04 
7.28072213299480e+01 9.99938807896154e+04 
7.30097805999067e+01 9.99924057654157e+04 
7.32121446685061e+01 9.99909344374535e+04 
7.34144836407241e+01 9.99896080807690e+04 
7.36167644759561e+01 9.99889848315836e+04 
7.38189887804541e+01 9.99890413213326e+04 
7.40211919750683e+01 9.99888172575820e+04 
7.42233714635407e+01 9.99888217571846e+04 
7.44255673633598e+01 9.99888096907733e+04 
7.46278498585127e+01 9.99886629551652e+04 
7.48302306656735e+01 9.99889457028588e+04 
7.50327937384072e+01 9.99897531840319e+04 
7.52355063125583e+01 9.99906009934357e+04 
7.54383722282391e+01 9.99916456746579e+04 
7.56414216244544e+01 9.99925919725226e+04 
7.58445981321123e+01 9.99932214496207e+04 
7.60479184214261e+01 9.99938435551724e+04 
7.62512929186171e+01 9.99947145939869e+04 
7.64546964242765e+01 9.99960484656678e+04 
7.66581350680706e+01 9.99975480583100e+04 
7.68616010200597e+01 9.99989459361507e+04 
7.70651079936182e+01 1.00000011085361e+05 
7.72686113724331e+01 1.00000686670690e+05 
7.74720611152207e+01 1.00001253387083e+05 
7.76753133911698e+01 1.00002445193981e+05 
7.78784461857672e+01 1.00003749751451e+05 
7.80813340565300e+01 1.00005145051561e+05 
7.82841986758304e+01 1.00006508311143e+05 
7.84869562928645e+01 1.00007365090516e+05 
7.86895714902216e+01 1.00007788239381e+05 
7.88920942905549e+01 1.00008595551736e+05 
7.90945315913393e+01 1.00009283146967e+05 
7.92968840114831e+01 1.00010130387786e+05 
7.94993122078064e+01 1.00011116678870e+05 
7.97017694779022e+01 1.00011579659077e+05 
7.99042936798559e+01 1.00011394703648e+05 
8.01068697501696e+01 1.00011186876052e+05 
8.03095192442820e+01 1.00010644759286e+05 
8.05122783411067e+01 1.00010148779305e+05 
8.07151532943511e+01 1.00009883788722e+05 
8.09180874917751e+01 1.00009359834364e+05 
8.11211009470289e+01 1.00008402499651e+05 
8.13241348982823e+01 1.00006891035180e+05 
8.15272528948804e+01 1.00005195801357e+05 
8.17303892546740e+01 1.00003462356840e+05 
8.19335573112213e+01 1.00001942223652e+05 
8.21368014274263e+01 1.00000706380540e+05 
8.23398733234911e+01 9.99995648383149e+04 
8.25427383975605e+01 9.99977523561488e+04 
8.27454995878572e+01 9.99959543649230e+04 
8.29480798671471e+01 9.99941827097580e+04 
8.31506062535737e+01 9.99925550772263e+04 
8.33530393401760e+01 9.99916641779816e+04 
8.35553612257224e+01 9.99913539140574e+04 
8.37576211955306e+01 9.99906971575925e+04 
8.39598226381276e+01 9.99902525585563e+04 
8.41619894017817e+01 9.99897776123076e+04 
8.43642239682605e+01 9.99892717858212e+04 
8.45665203012387e+01 9.99892707921743e+04 
8.47689483564908e+01 9.99898625064763e+04 
8.49714940232389e+01 9.99903694717421e+04 
8.51741579640687e+01 9.99910439112589e+04 
8.53769978718437e+01 9.99916251762369e+04 
8.55799804902041e+01 9.99919084003817e+04 
8.57831240408108e+01 9.99923764419067e+04 
8.59864536951827e+01 9.99932095508685e+04 
8.61898160798553e+01 9.99944507331483e+04 
8.63932062744392e+01 9.99958438431471e+04 
8.65966229319829e+01 9.99971033654579e+04 
8.68000940443101e+01 9.99980391189856e+04 
8.70035825837327e+01 9.99986747824939e+04 
8.72070843440491e+01 9.99992792511697e+04 
8.74105419344450e+01 1.00000493236063e+05 
8.76138267437083e+01 1.00001807549949e+05 
8.78169205534772e+01 1.00003183416870e+05 
8.80199632675196e+01 1.00004517422570e+05 
8.82228781681249e+01 1.00005349214855e+05 
8.84256106973253e+01 1.00005874866800e+05 
8.86282246424383e+01 1.00006908221947e+05 
8.88307219110573e+01 1.00007840253610e+05 
8.90330924047535e+01 1.00009017047607e+05 
8.92355207597714e+01 1.00010289573684e+05 
8.94379379157647e+01 1.00011010070982e+05 
8.96403799089431e+01 1.00011039463286e+05 
8.98428436218644e+01 1.00011138747204e+05 
9.00453482475632e+01 1.00010931038844e+05 
9.02479204282358e+01 1.00010803717208e+05 
9.04506070166489e+01 1.00010931691842e+05 
9.06534221098573e+01 1.00010699265089e+05 
9.08563074156330e+01 1.00009945693410e+05 
9.10592331034942e+01 1.00008730760384e+05 
9.12622364660194e+01 1.00007280407256e+05 
9.14653252837018e+01 1.00005796879327e+05 
9.16684271913442e+01 1.00004569596829e+05 
9.18715866137494e+01 1.00003427467966e+05 
9.20747842683971e+01 1.00002247961610e+05 
9.22778651165516e+01 1.00000346838352e+05 
9.24808149399466e+01 9.99984181261685e+04 
9.26836400845213e+01 9.99964474288097e+04 
9.28863873614108e+01 9.99946253508104e+04 
9.30890085767134e+01 9.99935223203420e+04 
9.32914663544503e+01 9.99928949732666e+04 
9.34938317764641e+01 9.99918489290813e+04 
9.36961022577806e+01 9.99910213060368e+04 
9.38982898525573e+01 9.99901584875934e+04 
9.41005250280928e+01 9.99893345019053e+04 
9.43027848548941e+01 9.99891296217344e+04 
9.45051224941694e+01 9.99895554563088e+04 
9.47075391235569e+01 9.99898329794501e+04 
9.49100356403763e+01 9.99902969351892e+04 
9.51126679959551e+01 9.99906567232092e+04 
9.53154338342254e+01 9.99907152683794e+04 
9.55183731288411e+01 9.99910791463592e+04 
9.57215113888919e+01 9.99918889420641e+04 
9.59247849047671e+01 9.99930363141261e+04 
9.61281201802749e+01 9.99943458684900e+04 
9.63314994562056e+01 9.99955079926690e+04 
9.65349076935859e+01 9.99963134274899e+04 
9.67383385387505e+01 9.99969044216930e+04 
9.69418207081187e+01 9.99975672517793e+04 
9.71453287818878e+01 9.99988236750164e+04 
9.73487757563585e+01 1.00000217433820e+05 
9.75521003395735e+01 1.00001607740773e+05 
9.77553203876417e+01 1.00002854481683e+05 
9.79584256456356e+01 1.00003633411729e+05 
9.81613154578645e+01 1.00004184405846e+05 
9.83640728139437e+01 1.00005312988763e+05 
9.85666800715794e+01 1.00006400862428e+05 
9.87691229821461e+01 1.00007702936320e+05 
9.89716027992200e+01 1.00009076757189e+05 
9.91740397132955e+01 1.00009880301271e+05 
9.93764536462670e+01 1.00010068582650e+05 
9.95788576239822e+01 1.00010461383823e+05 
9.97812656950711e+01 1.00010576084359e+05 
9.99837025244658e+01 1.00010797929499e+05 
1.00186246746907e+02 1.00011296138147e+05 
