# Liste des scalaires : TEMPS pmat 
0.00000000000000e+00 1.00000000000000e+05 
2.04081632653061e-01 1.00000000000000e+05 
4.08042165141975e-01 1.00000000000000e+05 
6.11832106953319e-01 1.00000000000000e+05 
8.15421737498182e-01 1.00000000000000e+05 
1.01884831470558e+00 1.00000000000000e+05 
1.22207818930831e+00 1.00000000000000e+05 
1.42513098547652e+00 1.00000000000000e+05 
1.62798725493260e+00 1.00000000000000e+05 
1.83053493087979e+00 1.00000000000000e+05 
2.03291905653503e+00 1.00000000000000e+05 
2.23520224592158e+00 1.00000000000000e+05 
2.43733969254296e+00 1.00000000000000e+05 
2.63931827049832e+00 1.00000000000000e+05 
2.84120332396323e+00 1.00000000000000e+05 
3.04297858176904e+00 1.00000000000000e+05 
3.24460591464334e+00 1.00000000000000e+05 
3.44612291562131e+00 1.00000000000000e+05 
3.64760922308227e+00 1.00000000000000e+05 
3.84909249851467e+00 1.00000000000000e+05 
4.05064469773747e+00 1.00000000000000e+05 
4.25222294222906e+00 1.00000000000000e+05 
4.45380035517506e+00 1.00000000000000e+05 
4.65542063364273e+00 1.00000000000000e+05 
4.85715243419261e+00 1.00000000000000e+05 
5.05906045928525e+00 1.00000000000000e+05 
5.26119401899534e+00 1.00000000000000e+05 
5.46347898380931e+00 1.00000000000000e+05 
5.66591894484892e+00 1.00000000000000e+05 
5.86852800362132e+00 1.00000000000000e+05 
6.07136345597011e+00 1.00000000000000e+05 
6.27438265108359e+00 1.00000000000000e+05 
6.47752964045090e+00 1.00000000000000e+05 
6.68089073121200e+00 1.00000000000000e+05 
6.88429870550576e+00 1.00000000000000e+05 
7.08769636443068e+00 1.00000000000000e+05 
7.29110827962174e+00 1.00000000000000e+05 
7.49449373816632e+00 1.00000000000000e+05 
7.69790617884871e+00 1.00000000000000e+05 
7.90135044231191e+00 1.00000000000000e+05 
8.10473659770851e+00 1.00000000000000e+05 
8.30800948139133e+00 1.00000000000000e+05 
8.51115234273433e+00 1.00000000000000e+05 
8.71416193711340e+00 1.00000000000000e+05 
8.91719900347831e+00 1.00000000000000e+05 
9.12020204041872e+00 1.00000000000000e+05 
9.32319297435189e+00 1.00000000000000e+05 
9.52619174127014e+00 1.00000000000000e+05 
9.72921908834018e+00 1.00000000000000e+05 
9.93229912946381e+00 1.00000000000000e+05 
1.01354642235065e+01 1.00000000000000e+05 
1.03387225987006e+01 1.00000000000000e+05 
1.05420932760412e+01 1.00000000000000e+05 
1.07455601602491e+01 1.00000000000000e+05 
1.09490636153785e+01 1.00000000000000e+05 
1.11525952040860e+01 1.00000000000000e+05 
1.13559908728595e+01 1.00000000000000e+05 
1.15591577617810e+01 1.00000000000000e+05 
1.17622381240369e+01 1.00000000000000e+05 
1.19650888349948e+01 1.00000000000000e+05 
1.21677288877747e+01 1.00000000000000e+05 
1.23702013159276e+01 1.00000000000000e+05 
1.25725982340610e+01 1.00000000000000e+05 
1.27748516426287e+01 1.00000000000000e+05 
1.29769249867640e+01 1.00000000000000e+05 
1.31787998828658e+01 1.00000000000000e+05 
1.33806014179065e+01 1.00000000000000e+05 
1.35822734033907e+01 1.00000000000000e+05 
1.37839887339651e+01 1.00000000000000e+05 
1.39857022015949e+01 1.00000000000000e+05 
1.41874661286692e+01 1.00000000000000e+05 
1.43892101845392e+01 1.00000000000000e+05 
1.45910326674531e+01 1.00000000000000e+05 
1.47929375836209e+01 1.00000000000000e+05 
1.49949695660416e+01 1.00000000000000e+05 
1.51971475723012e+01 1.00000000000000e+05 
1.53995487529939e+01 1.00000000000000e+05 
1.56020957788436e+01 1.00000000000000e+05 
1.58048076652820e+01 1.00000000000000e+05 
1.60076888558614e+01 1.00000000000000e+05 
1.62106850728960e+01 1.00000000000000e+05 
1.64138636363558e+01 1.00000000000000e+05 
1.66171481416695e+01 1.00000000000000e+05 
1.68205318926791e+01 1.00000000000000e+05 
1.70239717971818e+01 1.00000000000000e+05 
1.72274242526830e+01 1.00000000000000e+05 
1.74308511498678e+01 1.00000000000000e+05 
1.76342505270569e+01 1.00000000000000e+05 
1.78376212420556e+01 1.00000000000000e+05 
1.80409883913594e+01 1.00000000000000e+05 
1.82443050346869e+01 1.00000000000000e+05 
1.84474327837354e+01 1.00000000000000e+05 
1.86505503053125e+01 1.00000000000000e+05 
1.88535932316970e+01 1.00000000000000e+05 
1.90565608622741e+01 1.00000000000000e+05 
1.92594853707276e+01 1.00000000000000e+05 
1.94623796526000e+01 1.00000000000000e+05 
1.96652593507810e+01 1.00000000000000e+05 
1.98682128225951e+01 1.00000000000000e+05 
2.00712299723808e+01 1.00000000000000e+05 
2.02743632772251e+01 1.00000000000000e+05 
2.04775974201162e+01 1.00000000000000e+05 
2.06808993432005e+01 1.00000000000001e+05 
2.08842816624739e+01 1.00000000000017e+05 
2.10877109245459e+01 1.00000000000529e+05 
2.12911865561413e+01 1.00000000016607e+05 
2.14946542636065e+01 1.00000000343716e+05 
2.16979483115182e+01 1.00000001091358e+05 
2.19009928614698e+01 1.00000002405051e+05 
2.21039017811684e+01 1.00000005071108e+05 
2.23066497283774e+01 1.00000010240437e+05 
2.25092177015210e+01 1.00000021110587e+05 
2.27116581345214e+01 1.00000042455130e+05 
2.29139334651086e+01 1.00000078203989e+05 
2.31160467477100e+01 1.00000142194449e+05 
2.33179868862948e+01 1.00000243651106e+05 
2.35199180822287e+01 1.00000403353031e+05 
2.37218051763256e+01 1.00000677219496e+05 
2.39236768880851e+01 1.00001114895409e+05 
2.41255552893581e+01 1.00001721846458e+05 
2.43274126484990e+01 1.00002622957270e+05 
2.45293056915018e+01 1.00003785498940e+05 
2.47312963943893e+01 1.00005289462955e+05 
2.49333962174227e+01 1.00007437224580e+05 
2.51357213393038e+01 1.00010297999744e+05 
2.53382018572701e+01 1.00013530765899e+05 
2.55408488073704e+01 1.00017553015458e+05 
2.57436471827663e+01 1.00021674247215e+05 
2.59465698142901e+01 1.00025893353858e+05 
2.61496583369765e+01 1.00030918503700e+05 
2.63529142216749e+01 1.00036660151531e+05 
2.65562742668140e+01 1.00041641620621e+05 
2.67596972761635e+01 1.00046751500045e+05 
2.69631506643780e+01 1.00050368504603e+05 
2.71666356359982e+01 1.00052622074185e+05 
2.73700949757860e+01 1.00054845661937e+05 
2.75735042909555e+01 1.00057326635350e+05 
2.77768698215134e+01 1.00058185300978e+05 
2.79801634091441e+01 1.00058436554116e+05 
2.81832311137916e+01 1.00056974381068e+05 
2.83862493691881e+01 1.00053668789208e+05 
2.85892005667304e+01 1.00049628726745e+05 
2.87920289759177e+01 1.00045871606684e+05 
2.89947855911169e+01 1.00041202568565e+05 
2.91974758167431e+01 1.00035603829766e+05 
2.94001081727549e+01 1.00029646441821e+05 
2.96028174869848e+01 1.00022427428858e+05 
2.98055746712193e+01 1.00014250473150e+05 
3.00084175396436e+01 1.00006039165982e+05 
3.02113309117389e+01 9.99983967606662e+04 
3.04143391710080e+01 9.99900070014706e+04 
3.06174347641709e+01 9.99829576899334e+04 
3.08206359225875e+01 9.99760244998266e+04 
3.10238921252226e+01 9.99685090006607e+04 
3.12271617071788e+01 9.99603536054088e+04 
3.14304933723914e+01 9.99540030443802e+04 
3.16338559333766e+01 9.99473464493833e+04 
3.18371697100234e+01 9.99430681149149e+04 
3.20402940171543e+01 9.99400906853414e+04 
3.22432411366959e+01 9.99368774454973e+04 
3.24460329241944e+01 9.99326432983742e+04 
3.26486468730478e+01 9.99304352074546e+04 
3.28510694083674e+01 9.99284075557430e+04 
3.30532799861897e+01 9.99284917350350e+04 
3.32554482102955e+01 9.99303782136604e+04 
3.34575453553804e+01 9.99324957471217e+04 
3.36595641500324e+01 9.99337019385042e+04 
3.38615486883824e+01 9.99362566105012e+04 
3.40634799904239e+01 9.99394802929156e+04 
3.42653996408576e+01 9.99438646636679e+04 
3.44673939566842e+01 9.99497989040326e+04 
3.46694612546547e+01 9.99564217477215e+04 
3.48717036107216e+01 9.99624931930762e+04 
3.50740862371626e+01 9.99688515051236e+04 
3.52766015885758e+01 9.99760534500777e+04 
3.54793183147402e+01 9.99829287700779e+04 
3.56821412870120e+01 9.99904092565114e+04 
3.58851172271814e+01 9.99984326663606e+04 
3.60883109456795e+01 1.00006371110212e+05 
3.62916365042183e+01 1.00013234992464e+05 
3.64950404477902e+01 1.00020521414438e+05 
3.66984690806315e+01 1.00026091808836e+05 
3.69019364923025e+01 1.00030948747507e+05 
3.71054357283456e+01 1.00035896908664e+05 
3.73088956361505e+01 1.00041164377665e+05 
3.75123241222096e+01 1.00044590314833e+05 
3.77157068996436e+01 1.00047958014645e+05 
3.79188884208807e+01 1.00049197817418e+05 
3.81219429731373e+01 1.00049061525612e+05 
3.83249696414713e+01 1.00048623902205e+05 
3.85278282028840e+01 1.00048792907384e+05 
3.87305789313831e+01 1.00047411753747e+05 
3.89332338669238e+01 1.00045525469924e+05 
3.91357862752962e+01 1.00042338514483e+05 
3.93384030966966e+01 1.00038013011308e+05 
3.95410271713939e+01 1.00033258553972e+05 
3.97436993424354e+01 1.00028995666757e+05 
3.99463921856252e+01 1.00024184195550e+05 
4.01491654750551e+01 1.00018792045558e+05 
4.03520289195442e+01 1.00013369170810e+05 
4.05550048910795e+01 1.00007572105637e+05 
4.07580864187294e+01 1.00001431819809e+05 
4.09612286775592e+01 9.99954512850062e+04 
4.11644223380052e+01 9.99899981152690e+04 
4.13676607110112e+01 9.99841417121666e+04 
4.15709452306063e+01 9.99793451930179e+04 
4.17742442700769e+01 9.99750563981643e+04 
4.19775135223546e+01 9.99706451392092e+04 
4.21806564457985e+01 9.99659995523177e+04 
4.23835704544603e+01 9.99626202652423e+04 
4.25863222546333e+01 9.99592461591368e+04 
4.27888279196484e+01 9.99574641959252e+04 
4.29912615982889e+01 9.99567840511992e+04 
4.31935852435500e+01 9.99562971097667e+04 
4.33957815205678e+01 9.99553964232640e+04 
4.35978979487543e+01 9.99558212944144e+04 
4.37999304200929e+01 9.99566963507333e+04 
4.40019076885360e+01 9.99588231064200e+04 
4.42039337320145e+01 9.99620988368552e+04 
4.44060001538986e+01 9.99658468806501e+04 
4.46081858574393e+01 9.99692721303703e+04 
4.48104711684930e+01 9.99734053963733e+04 
4.50128451538969e+01 9.99781215349453e+04 
4.52153736753591e+01 9.99830276804676e+04 
4.54180340147901e+01 9.99884857293121e+04 
4.56208710244056e+01 9.99944541693142e+04 
4.58239099702678e+01 1.00000386793898e+05 
4.60270996589638e+01 1.00005925980861e+05 
4.62304657697298e+01 1.00011781693631e+05 
4.64338688960506e+01 1.00016576169505e+05 
4.66373017077841e+01 1.00020917141899e+05 
4.68407572598015e+01 1.00025438712846e+05 
4.70442546395734e+01 1.00030266354835e+05 
4.72477386480636e+01 1.00033872556314e+05 
4.74511939246332e+01 1.00037373863598e+05 
4.76545330594890e+01 1.00039258784187e+05 
4.78577067285611e+01 1.00040033763662e+05 
4.80608753693268e+01 1.00040672266583e+05 
4.82638354697416e+01 1.00041827271146e+05 
4.84666467540706e+01 1.00041764886479e+05 
4.86693473168333e+01 1.00041339931320e+05 
4.88719019249858e+01 1.00039729921861e+05 
4.90745027720318e+01 1.00037034057726e+05 
4.92770764391171e+01 1.00033944233937e+05 
4.94796476958813e+01 1.00031302089614e+05 
4.96822204167646e+01 1.00028037662500e+05 
4.98848222239144e+01 1.00024292240635e+05 
5.00874761862161e+01 1.00020314972022e+05 
5.02902390157782e+01 1.00015726460256e+05 
5.04931165644340e+01 1.00010685714718e+05 
5.06960805910771e+01 1.00005724923769e+05 
5.08991333423157e+01 1.00000933481347e+05 
5.11022578645217e+01 9.99957050596054e+04 
5.13054423763076e+01 9.99911329933305e+04 
5.15086548546338e+01 9.99866409752667e+04 
5.17119065645690e+01 9.99817671776077e+04 
5.19151950423545e+01 9.99765593310171e+04 
5.21183745006488e+01 9.99722508241746e+04 
5.23214088774139e+01 9.99677808132448e+04 
5.25242324010963e+01 9.99646863743372e+04 
5.27269607076205e+01 9.99624285951498e+04 
5.29295441731976e+01 9.99601356097626e+04 
5.31319496968064e+01 9.99573432095530e+04 
5.33342472842059e+01 9.99558621998175e+04 
5.35364267211515e+01 9.99546916015656e+04 
5.37385040812235e+01 9.99550073017188e+04 
5.39406083094777e+01 9.99566342052544e+04 
5.41427161596012e+01 9.99586047579673e+04 
5.43448835302565e+01 9.99601544414258e+04 
5.45471108975266e+01 9.99627310941712e+04 
5.47493910082137e+01 9.99659137164805e+04 
5.49517879790564e+01 9.99698222703835e+04 
5.51543020530474e+01 9.99747197175898e+04 
5.53569745540088e+01 9.99802086868133e+04 
5.55598668189212e+01 9.99854488776804e+04 
5.57629126136038e+01 9.99907085603218e+04 
5.59661352293277e+01 9.99964709828496e+04 
5.61694921057413e+01 1.00001642730776e+05 
5.63728862466536e+01 1.00006857232802e+05 
5.65762995126502e+01 1.00012361703156e+05 
5.67797565324227e+01 1.00017920211575e+05 
5.69832411929876e+01 1.00022421434357e+05 
5.71867575597213e+01 1.00027010724146e+05 
5.73902142438224e+01 1.00030087362984e+05 
5.75935504013974e+01 1.00032357223568e+05 
5.77968428105782e+01 1.00034605122059e+05 
5.79999523007818e+01 1.00037223110370e+05 
5.82028720166861e+01 1.00038540509624e+05 
5.84056737401209e+01 1.00039613065294e+05 
5.86082924096970e+01 1.00039242601883e+05 
5.88109369357781e+01 1.00037752935435e+05 
5.90135188227780e+01 1.00035937227816e+05 
5.92160540509742e+01 1.00034539441800e+05 
5.94185604009779e+01 1.00032182512389e+05 
5.96210526984744e+01 1.00029281056299e+05 
5.98235501837237e+01 1.00025695541908e+05 
6.00261485722220e+01 1.00021312805499e+05 
6.02288361841210e+01 1.00016520529862e+05 
6.04316638201486e+01 1.00011986979554e+05 
6.06345686020863e+01 1.00007331056075e+05 
6.08375671479841e+01 1.00002172178585e+05 
6.10406211004055e+01 9.99973751674339e+04 
6.12437426280142e+01 9.99924503634348e+04 
6.14469164445446e+01 9.99871680046681e+04 
6.16501210676312e+01 9.99817535241254e+04 
6.18533579475247e+01 9.99770297249779e+04 
6.20566264173889e+01 9.99720609525705e+04 
6.22597817220211e+01 9.99683180692225e+04 
6.24627995534665e+01 9.99652873534610e+04 
6.26656673735378e+01 9.99621983535186e+04 
6.28683131616467e+01 9.99587538441936e+04 
6.30708195650471e+01 9.99565519000148e+04 
6.32731804840720e+01 9.99546128867629e+04 
6.34753919046854e+01 9.99542239531800e+04 
6.36776034541254e+01 9.99551009911379e+04 
6.38797873688976e+01 9.99563329569286e+04 
6.40819738273611e+01 9.99571451882243e+04 
6.42841784067253e+01 9.99591164576918e+04 
6.44863959670241e+01 9.99617499815713e+04 
6.46886801912706e+01 9.99653872523572e+04 
6.48910662140103e+01 9.99700872426699e+04 
6.50935819241049e+01 9.99754523353602e+04 
6.52963226964966e+01 9.99805989831289e+04 
6.54992405740070e+01 9.99860162350538e+04 
6.57023188561443e+01 9.99920571055814e+04 
6.59055500692646e+01 9.99977803151425e+04 
6.61089027901603e+01 1.00003764339265e+05 
6.63122766649993e+01 1.00010114065211e+05 
6.65156872049080e+01 1.00016449808894e+05 
6.67191280630788e+01 1.00021849652605e+05 
6.69226164912726e+01 1.00027420143929e+05 
6.71261325074319e+01 1.00031456052513e+05 
6.73296169036911e+01 1.00034657613031e+05 
6.75330252299440e+01 1.00037842076299e+05 
6.77363198433455e+01 1.00041306242437e+05 
6.79393888572186e+01 1.00043347230067e+05 
6.81423368894994e+01 1.00045125735071e+05 
6.83450708709156e+01 1.00045260632624e+05 
6.85478069710537e+01 1.00044129075248e+05 
6.87504560574697e+01 1.00042730325453e+05 
6.89530120509714e+01 1.00041870354527e+05 
6.91555074049377e+01 1.00039960592680e+05 
6.93579506481004e+01 1.00037525542636e+05 
6.95603538262472e+01 1.00034225889595e+05 
6.97628467070184e+01 1.00029971840120e+05 
6.99654031500043e+01 1.00025275110748e+05 
7.01680675370484e+01 1.00020952942154e+05 
7.03708128597538e+01 1.00016381875757e+05 
7.05736643918905e+01 1.00011256352676e+05 
7.07765856443493e+01 1.00006305443731e+05 
7.09796045256010e+01 1.00001011173176e+05 
7.11826613299295e+01 9.99953329300644e+04 
7.13857897479778e+01 9.99896143342776e+04 
7.15889661007472e+01 9.99844785828751e+04 
7.17921459341708e+01 9.99789803448638e+04 
7.19953726252105e+01 9.99746124140925e+04 
7.21985718027617e+01 9.99707721769354e+04 
7.24016476186381e+01 9.99667863974285e+04 
7.26045430537818e+01 9.99624987829190e+04 
7.28072213299480e+01 9.99594401958665e+04 
7.30097805999067e+01 9.99565152570133e+04 
7.32121446685061e+01 9.99552094953996e+04 
7.34144836407241e+01 9.99550901610833e+04 
7.36167644759561e+01 9.99552384627858e+04 
7.38189887804541e+01 9.99549553275805e+04 
7.40211919750683e+01 9.99559009073982e+04 
7.42233714635407e+01 9.99574371463868e+04 
7.44255673633598e+01 9.99601767061018e+04 
7.46278498585127e+01 9.99641247802451e+04 
7.48302306656735e+01 9.99686773879739e+04 
7.50327937384072e+01 9.99729389921200e+04 
7.52355063125583e+01 9.99777029031969e+04 
7.54383722282391e+01 9.99831486701404e+04 
7.56414216244544e+01 9.99886037598737e+04 
7.58445981321123e+01 9.99945616349972e+04 
7.60479184214261e+01 1.00000962580079e+05 
7.62512929186171e+01 1.00007278920986e+05 
7.64546964242765e+01 1.00012925668325e+05 
7.66581350680706e+01 1.00018914024390e+05 
7.68616010200597e+01 1.00023607671291e+05 
7.70651079936182e+01 1.00027722961117e+05 
7.72686113724331e+01 1.00031904484232e+05 
7.74720611152207e+01 1.00036267164313e+05 
7.76753133911698e+01 1.00039252825042e+05 
7.78784461857672e+01 1.00042108805288e+05 
7.80813340565300e+01 1.00043280177028e+05 
7.82841986758304e+01 1.00043289196273e+05 
7.84869562928645e+01 1.00043034002042e+05 
7.86895714902216e+01 1.00043256971225e+05 
7.88920942905549e+01 1.00042287816680e+05 
7.90945315913393e+01 1.00040832315270e+05 
7.92968840114831e+01 1.00038276793447e+05 
7.94993122078064e+01 1.00034657016917e+05 
7.97017694779022e+01 1.00030594549096e+05 
7.99042936798559e+01 1.00026921054134e+05 
8.01068697501696e+01 1.00022784379850e+05 
8.03095192442820e+01 1.00018077739288e+05 
8.05122783411067e+01 1.00013331282725e+05 
8.07151532943511e+01 1.00008079630977e+05 
8.09180874917751e+01 1.00002441707349e+05 
8.11211009470289e+01 9.99968648645557e+04 
8.13241348982823e+01 9.99917018338295e+04 
8.15272528948804e+01 9.99861066824959e+04 
8.17303892546740e+01 9.99814575946044e+04 
8.19335573112213e+01 9.99771365090047e+04 
8.21368014274263e+01 9.99726256935947e+04 
8.23398733234911e+01 9.99678946536156e+04 
8.25427383975605e+01 9.99643058451637e+04 
8.27454995878572e+01 9.99607412952929e+04 
8.29480798671471e+01 9.99587272990605e+04 
8.31506062535737e+01 9.99577586091121e+04 
8.33530393401760e+01 9.99569664320931e+04 
8.35553612257224e+01 9.99557860493210e+04 
8.37576211955306e+01 9.99558681008604e+04 
8.39598226381276e+01 9.99564594398502e+04 
8.41619894017817e+01 9.99583682014022e+04 
8.43642239682605e+01 9.99614944616495e+04 
8.45665203012387e+01 9.99651387819820e+04 
8.47689483564908e+01 9.99684700875761e+04 
8.49714940232389e+01 9.99725049400633e+04 
8.51741579640687e+01 9.99772442048544e+04 
8.53769978718437e+01 9.99822742297474e+04 
8.55799804902041e+01 9.99880008193982e+04 
8.57831240408108e+01 9.99942315375321e+04 
8.59864536951827e+01 1.00000315100553e+05 
8.61898160798553e+01 1.00005981415911e+05 
8.63932062744392e+01 1.00012072335442e+05 
8.65966229319829e+01 1.00017146419978e+05 
8.68000940443101e+01 1.00021876708986e+05 
8.70035825837327e+01 1.00026756515234e+05 
8.72070843440491e+01 1.00031741463647e+05 
8.74105419344450e+01 1.00035441906876e+05 
8.76138267437083e+01 1.00039098673929e+05 
8.78169205534772e+01 1.00041087066893e+05 
8.80199632675196e+01 1.00042003944254e+05 
8.82228781681249e+01 1.00042728415425e+05 
8.84256106973253e+01 1.00043840388176e+05 
8.86282246424383e+01 1.00043690652835e+05 
8.88307219110573e+01 1.00043112686963e+05 
8.90330924047535e+01 1.00041268009192e+05 
8.92355207597714e+01 1.00038298156080e+05 
8.94379379157647e+01 1.00034915187828e+05 
8.96403799089431e+01 1.00031966968755e+05 
8.98428436218644e+01 1.00028357550180e+05 
9.00453482475632e+01 1.00024156278196e+05 
9.02479204282358e+01 1.00019682465846e+05 
9.04506070166489e+01 1.00014571713843e+05 
9.06534221098573e+01 1.00009051290743e+05 
9.08563074156330e+01 1.00003717431832e+05 
9.10592331034942e+01 9.99986257025647e+04 
9.12622364660194e+01 9.99930556996174e+04 
9.14653252837018e+01 9.99882143243819e+04 
9.16684271913442e+01 9.99835062210757e+04 
9.18715866137494e+01 9.99785348382894e+04 
9.20747842683971e+01 9.99734149580055e+04 
9.22778651165516e+01 9.99693090372036e+04 
9.24808149399466e+01 9.99651355654696e+04 
9.26836400845213e+01 9.99624255600253e+04 
9.28863873614108e+01 9.99606345799427e+04 
9.30890085767134e+01 9.99589370171614e+04 
9.32914663544503e+01 9.99568614139067e+04 
9.34938317764641e+01 9.99560644655922e+04 
9.36961022577806e+01 9.99556854431101e+04 
9.38982898525573e+01 9.99567386064845e+04 
9.41005250280928e+01 9.99590201710078e+04 
9.43027848548941e+01 9.99617385933502e+04 
9.45051224941694e+01 9.99640917609426e+04 
9.47075391235569e+01 9.99673257499963e+04 
9.49100356403763e+01 9.99712711728714e+04 
9.51126679959551e+01 9.99758026730026e+04 
9.53154338342254e+01 9.99811749551132e+04 
9.55183731288411e+01 9.99870990627848e+04 
9.57215113888919e+01 9.99928405736186e+04 
9.59247849047671e+01 9.99984165809376e+04 
9.61281201802749e+01 1.00004504735053e+05 
9.63314994562056e+01 1.00009852713553e+05 
9.65349076935859e+01 1.00015080812170e+05 
9.67383385387505e+01 1.00020552596202e+05 
9.69418207081187e+01 1.00026078508268e+05 
9.71453287818878e+01 1.00030466972431e+05 
9.73487757563585e+01 1.00034899474674e+05 
9.75521003395735e+01 1.00037734997982e+05 
9.77553203876417e+01 1.00039590745338e+05 
9.79584256456356e+01 1.00041324310994e+05 
9.81613154578645e+01 1.00043417944903e+05 
9.83640728139437e+01 1.00044184705329e+05 
9.85666800715794e+01 1.00044582240309e+05 
9.87691229821461e+01 1.00043549903470e+05 
9.89716027992200e+01 1.00041331609820e+05 
9.91740397132955e+01 1.00038746965678e+05 
9.93764536462670e+01 1.00036619746770e+05 
9.95788576239822e+01 1.00033664292176e+05 
9.97812656950711e+01 1.00030108891746e+05 
9.99837025244658e+01 1.00026013245649e+05 
1.00186246746907e+02 1.00021140422170e+05 
