# Liste des scalaires : TEMPS pmat 
0.00000000000000e+00 1.00000000000000e+05 
2.04081632653061e-01 1.00000000000000e+05 
4.08042165141975e-01 1.00000000000000e+05 
6.11832106953319e-01 1.00000000000000e+05 
8.15421737498182e-01 1.00000000000000e+05 
1.01884831470558e+00 1.00000000000000e+05 
1.22207818930831e+00 1.00000000000000e+05 
1.42513098547652e+00 1.00000000000000e+05 
1.62798725493260e+00 1.00000000000000e+05 
1.83053493087979e+00 1.00000000000000e+05 
2.03291905653503e+00 1.00000000000000e+05 
2.23520224592158e+00 1.00000000000000e+05 
2.43733969254296e+00 1.00000000000000e+05 
2.63931827049832e+00 1.00000000000000e+05 
2.84120332396323e+00 1.00000000000000e+05 
3.04297858176904e+00 1.00000000000000e+05 
3.24460591464334e+00 1.00000000000000e+05 
3.44612291562131e+00 1.00000000000000e+05 
3.64760922308227e+00 1.00000000000000e+05 
3.84909249851467e+00 1.00000000000000e+05 
4.05064469773747e+00 1.00000000000000e+05 
4.25222294222906e+00 1.00000000000000e+05 
4.45380035517506e+00 1.00000000000000e+05 
4.65542063364273e+00 1.00000000000000e+05 
4.85715243419261e+00 1.00000000000000e+05 
5.05906045928525e+00 1.00000000000000e+05 
5.26119401899534e+00 1.00000000000000e+05 
5.46347898380931e+00 1.00000000000122e+05 
5.66591894484892e+00 1.00000000006590e+05 
5.86852800362132e+00 1.00000000375770e+05 
6.07136345597011e+00 1.00000001153115e+05 
6.27438265108359e+00 1.00000007882236e+05 
6.47752964045090e+00 1.00000029169948e+05 
6.68089073121200e+00 1.00000061228220e+05 
6.88429870550576e+00 1.00000161448222e+05 
7.08769636443068e+00 1.00000514087720e+05 
7.29110827962174e+00 1.00000988873418e+05 
7.49449373816632e+00 1.00002820353706e+05 
7.69790617884871e+00 1.00005990878665e+05 
7.90135044231191e+00 1.00008415419428e+05 
8.10473659770851e+00 1.00014831503005e+05 
8.30800948139133e+00 1.00027257502798e+05 
8.51115234273433e+00 1.00035645961229e+05 
8.71416193711340e+00 1.00052529211567e+05 
8.91719900347831e+00 1.00071602552678e+05 
9.12020204041872e+00 1.00076640621591e+05 
9.32319297435189e+00 1.00092181240197e+05 
9.52619174127014e+00 1.00111187327999e+05 
9.72921908834018e+00 1.00121576716278e+05 
9.93229912946381e+00 1.00133270998941e+05 
1.01354642235065e+01 1.00148135045471e+05 
1.03387225987006e+01 1.00145774134004e+05 
1.05420932760412e+01 1.00147970673129e+05 
1.07455601602491e+01 1.00144390823990e+05 
1.09490636153785e+01 1.00145326692735e+05 
1.11525952040860e+01 1.00140209467721e+05 
1.13559908728595e+01 1.00141128718659e+05 
1.15591577617810e+01 1.00133742853232e+05 
1.17622381240369e+01 1.00124121622462e+05 
1.19650888349948e+01 1.00103511822074e+05 
1.21677288877747e+01 1.00096051562512e+05 
1.23702013159276e+01 1.00078063402765e+05 
1.25725982340610e+01 1.00065845853219e+05 
1.27748516426287e+01 1.00056799973693e+05 
1.29769249867640e+01 1.00040231276157e+05 
1.31787998828658e+01 1.00011925596492e+05 
1.33806014179065e+01 9.99987906318000e+04 
1.35822734033907e+01 9.99748958004174e+04 
1.37839887339651e+01 9.99543386680214e+04 
1.39857022015949e+01 9.99465927670892e+04 
1.41874661286692e+01 9.99289512734710e+04 
1.43892101845392e+01 9.99042319943718e+04 
1.45910326674531e+01 9.98914777768226e+04 
1.47929375836209e+01 9.98723965895507e+04 
1.49949695660416e+01 9.98529358212823e+04 
1.51971475723012e+01 9.98505231831350e+04 
1.53995487529939e+01 9.98406747764028e+04 
1.56020957788436e+01 9.98309469688255e+04 
1.58048076652820e+01 9.98248927819416e+04 
1.60076888558614e+01 9.98193736416142e+04 
1.62106850728960e+01 9.98102469868054e+04 
1.64138636363558e+01 9.98150198544317e+04 
1.66171481416695e+01 9.98186799666365e+04 
1.68205318926791e+01 9.98295881909236e+04 
1.70239717971818e+01 9.98337011649277e+04 
1.72274242526830e+01 9.98445353514022e+04 
1.74308511498678e+01 9.98503066653901e+04 
1.76342505270569e+01 9.98598402435793e+04 
1.78376212420556e+01 9.98750591399312e+04 
1.80409883913594e+01 9.99012638498739e+04 
1.82443050346869e+01 9.99136836429837e+04 
1.84474327837354e+01 9.99356398180782e+04 
1.86505503053125e+01 9.99533902355451e+04 
1.88535932316970e+01 9.99622638927574e+04 
1.90565608622741e+01 9.99803544727375e+04 
1.92594853707276e+01 1.00007560015759e+05 
1.94623796526000e+01 1.00021052592505e+05 
1.96652593507810e+01 1.00041921387676e+05 
1.98682128225951e+01 1.00061646291014e+05 
2.00712299723808e+01 1.00065208769545e+05 
2.02743632772251e+01 1.00076516285450e+05 
2.04775974201162e+01 1.00091493319417e+05 
2.06808993432005e+01 1.00100570486985e+05 
2.08842816624739e+01 1.00112218449997e+05 
2.10877109245459e+01 1.00126228034979e+05 
2.12911865561413e+01 1.00125129037667e+05 
2.14946542636065e+01 1.00126421501662e+05 
2.16979483115182e+01 1.00124352578953e+05 
2.19009928614698e+01 1.00126293134618e+05 
2.21039017811684e+01 1.00124830496153e+05 
2.23066497283774e+01 1.00127060368489e+05 
2.25092177015210e+01 1.00122205915488e+05 
2.27116581345214e+01 1.00113116942660e+05 
2.29139334651086e+01 1.00095890713473e+05 
2.31160467477100e+01 1.00089347520251e+05 
2.33179868862948e+01 1.00075608402892e+05 
2.35199180822287e+01 1.00064977125896e+05 
2.37218051763256e+01 1.00057746583513e+05 
2.39236768880851e+01 1.00042033767084e+05 
2.41255552893581e+01 1.00017660253683e+05 
2.43274126484990e+01 1.00005748435351e+05 
2.45293056915018e+01 9.99862868939273e+04 
2.47312963943893e+01 9.99681150058476e+04 
2.49333962174227e+01 9.99619585911852e+04 
2.51357213393038e+01 9.99469295834544e+04 
2.53382018572701e+01 9.99266526698746e+04 
2.55408488073704e+01 9.99155538648957e+04 
2.57436471827663e+01 9.99003638079036e+04 
2.59465698142901e+01 9.98843910352539e+04 
2.61496583369765e+01 9.98834339418007e+04 
2.63529142216749e+01 9.98780314859948e+04 
2.65562742668140e+01 9.98737366882231e+04 
2.67596972761635e+01 9.98703149544526e+04 
2.69631506643780e+01 9.98689274357877e+04 
2.71666356359982e+01 9.98650400943283e+04 
2.73700949757860e+01 9.98705960136809e+04 
2.75735042909555e+01 9.98788674022112e+04 
2.77768698215134e+01 9.98943434421814e+04 
2.79801634091441e+01 9.99012364792011e+04 
2.81832311137916e+01 9.99153284508809e+04 
2.83862493691881e+01 9.99265207681517e+04 
2.85892005667304e+01 9.99355811066215e+04 
2.87920289759177e+01 9.99531353185356e+04 
2.89947855911169e+01 9.99795812015091e+04 
2.91974758167431e+01 9.99928447857713e+04 
2.94001081727549e+01 1.00013725920560e+05 
2.96028174869848e+01 1.00033020171706e+05 
2.98055746712193e+01 1.00040356902490e+05 
3.00084175396436e+01 1.00056587182782e+05 
3.02113309117389e+01 1.00077963353092e+05 
3.04143391710080e+01 1.00089892094030e+05 
3.06174347641709e+01 1.00105606744815e+05 
3.08206359225875e+01 1.00122070553503e+05 
3.10238921252226e+01 1.00123664298834e+05 
3.12271617071788e+01 1.00129705535762e+05 
3.14304933723914e+01 1.00134718788978e+05 
3.16338559333766e+01 1.00138841545708e+05 
3.18371697100234e+01 1.00140836093552e+05 
3.20402940171543e+01 1.00145471898362e+05 
3.22432411366959e+01 1.00140225034924e+05 
3.24460329241944e+01 1.00132680015374e+05 
3.26486468730478e+01 1.00118779987222e+05 
3.28510694083674e+01 1.00113068851458e+05 
3.30532799861897e+01 1.00100657005212e+05 
3.32554482102955e+01 1.00091299470791e+05 
3.34575453553804e+01 1.00081809286007e+05 
3.36595641500324e+01 1.00064284794679e+05 
3.38615486883824e+01 1.00038456281469e+05 
3.40634799904239e+01 1.00025254974330e+05 
3.42653996408576e+01 1.00004079824611e+05 
3.44673939566842e+01 9.99847404529671e+04 
3.46694612546547e+01 9.99751197239097e+04 
3.48717036107216e+01 9.99555165136482e+04 
3.50740862371626e+01 9.99296588384425e+04 
3.52766015885758e+01 9.99153754463955e+04 
3.54793183147402e+01 9.98958719291677e+04 
3.56821412870120e+01 9.98763573981694e+04 
3.58851172271814e+01 9.98724420655086e+04 
3.60883109456795e+01 9.98619491233478e+04 
3.62916365042183e+01 9.98514471223861e+04 
3.64950404477902e+01 9.98448806573565e+04 
3.66984690806315e+01 9.98393437053190e+04 
3.69019364923025e+01 9.98315683818104e+04 
3.71054357283456e+01 9.98360615861109e+04 
3.73088956361505e+01 9.98412895415532e+04 
3.75123241222096e+01 9.98531981805549e+04 
3.77157068996436e+01 9.98582798543451e+04 
3.79188884208807e+01 9.98703600788995e+04 
3.81219429731373e+01 9.98791163066071e+04 
3.83249696414713e+01 9.98890606414569e+04 
3.85278282028840e+01 9.99069605793216e+04 
3.87305789313831e+01 9.99345664031268e+04 
3.89332338669238e+01 9.99483594500537e+04 
3.91357862752962e+01 9.99708671596155e+04 
3.93384030966966e+01 9.99910153667527e+04 
3.95410271713939e+01 1.00000844408610e+05 
3.97436993424354e+01 1.00020803577967e+05 
3.99463921856252e+01 1.00047667553156e+05 
4.01491654750551e+01 1.00062567627511e+05 
4.03520289195442e+01 1.00082675964639e+05 
4.05550048910795e+01 1.00102604712037e+05 
4.07580864187294e+01 1.00107394964635e+05 
4.09612286775592e+01 1.00118387209557e+05 
4.11644223380052e+01 1.00129797642944e+05 
4.13676607110112e+01 1.00137847434960e+05 
4.15709452306063e+01 1.00145103316597e+05 
4.17742442700769e+01 1.00154281222712e+05 
4.19775135223546e+01 1.00151701956438e+05 
4.21806564457985e+01 1.00148271807345e+05 
4.23835704544603e+01 1.00139128850438e+05 
4.25863222546333e+01 1.00136156103284e+05 
4.27888279196484e+01 1.00127212137230e+05 
4.29912615982889e+01 1.00121067025870e+05 
4.31935852435500e+01 1.00112307330241e+05 
4.33957815205678e+01 1.00096152622690e+05 
4.35978979487543e+01 1.00071488092732e+05 
4.37999304200929e+01 1.00058924263540e+05 
4.40019076885360e+01 1.00038216195642e+05 
4.42039337320145e+01 1.00019667368978e+05 
4.44060001538986e+01 1.00009099449594e+05 
4.46081858574393e+01 9.99882406606961e+04 
4.48104711684930e+01 9.99601204372812e+04 
4.50128451538969e+01 9.99444713793548e+04 
4.52153736753591e+01 9.99225424785060e+04 
4.54180340147901e+01 9.99010451450813e+04 
4.56208710244056e+01 9.98948117646571e+04 
4.58239099702678e+01 9.98808072843699e+04 
4.60270996589638e+01 9.98652110987648e+04 
4.62304657697298e+01 9.98555364896068e+04 
4.64338688960506e+01 9.98453179302306e+04 
4.66373017077841e+01 9.98334150984786e+04 
4.68407572598015e+01 9.98353027848156e+04 
4.70442546395734e+01 9.98365017731664e+04 
4.72477386480636e+01 9.98432618019236e+04 
4.74511939246332e+01 9.98452930212204e+04 
4.76545330594890e+01 9.98533096849729e+04 
4.78577067285611e+01 9.98583638696909e+04 
4.80608753693268e+01 9.98672721673669e+04 
4.82638354697416e+01 9.98833019142322e+04 
4.84666467540706e+01 9.99091807318765e+04 
4.86693473168333e+01 9.99221795479254e+04 
4.88719019249858e+01 9.99441272077707e+04 
4.90745027720318e+01 9.99635215552571e+04 
4.92770764391171e+01 9.99746346988199e+04 
4.94796476958813e+01 9.99963117631916e+04 
4.96822204167646e+01 1.00026095950797e+05 
4.98848222239144e+01 1.00042727172643e+05 
5.00874761862161e+01 1.00065571781398e+05 
5.02902390157782e+01 1.00087497599278e+05 
5.04931165644340e+01 1.00094648839174e+05 
5.06960805910771e+01 1.00109260209691e+05 
5.08991333423157e+01 1.00125747745818e+05 
5.11022578645217e+01 1.00136701926406e+05 
5.13054423763076e+01 1.00148138130289e+05 
5.15086548546338e+01 1.00160715286261e+05 
5.17119065645690e+01 1.00160212606544e+05 
5.19151950423545e+01 1.00160214261329e+05 
5.21183745006488e+01 1.00155291682759e+05 
5.23214088774139e+01 1.00154685052992e+05 
5.25242324010963e+01 1.00148797235436e+05 
5.27269607076205e+01 1.00145463465223e+05 
5.29295441731976e+01 1.00137476777638e+05 
5.31319496968064e+01 1.00123186912365e+05 
5.33342472842059e+01 1.00100774289103e+05 
5.35364267211515e+01 1.00089257435534e+05 
5.37385040812235e+01 1.00069781668248e+05 
5.39406083094777e+01 1.00052686114274e+05 
5.41427161596012e+01 1.00041133790260e+05 
5.43448835302565e+01 1.00019528145265e+05 
5.45471108975266e+01 9.99901386221016e+04 
5.47493910082137e+01 9.99735579409481e+04 
5.49517879790564e+01 9.99498652894421e+04 
5.51543020530474e+01 9.99272878512799e+04 
5.53569745540088e+01 9.99189211533458e+04 
5.55598668189212e+01 9.99017856842699e+04 
5.57629126136038e+01 9.98817874961845e+04 
5.59661352293277e+01 9.98698634866311e+04 
5.61694921057413e+01 9.98561068474270e+04 
5.63728862466536e+01 9.98413094160900e+04 
5.65762995126502e+01 9.98413430832510e+04 
5.67797565324227e+01 9.98389894406828e+04 
5.69832411929876e+01 9.98405196998199e+04 
5.71867575597213e+01 9.98398248812728e+04 
5.73902142438224e+01 9.98437812654644e+04 
5.75935504013974e+01 9.98450372424628e+04 
5.77968428105782e+01 9.98530233646434e+04 
5.79999523007818e+01 9.98666478274727e+04 
5.82028720166861e+01 9.98893024183434e+04 
5.84056737401209e+01 9.99003638982627e+04 
5.86082924096970e+01 9.99200204912833e+04 
5.88109369357781e+01 9.99368673290714e+04 
5.90135188227780e+01 9.99482617700934e+04 
5.92160540509742e+01 9.99699664901672e+04 
5.94185604009779e+01 1.00000424076496e+05 
5.96210526984744e+01 1.00016887850667e+05 
5.98235501837237e+01 1.00040498224711e+05 
6.00261485722220e+01 1.00062640095091e+05 
6.02288361841210e+01 1.00070985404916e+05 
6.04316638201486e+01 1.00087984204480e+05 
6.06345686020863e+01 1.00108378087122e+05 
6.08375671479841e+01 1.00120833845672e+05 
6.10406211004055e+01 1.00135205731919e+05 
6.12437426280142e+01 1.00150259960575e+05 
6.14469164445446e+01 1.00151144311242e+05 
6.16501210676312e+01 1.00154338582903e+05 
6.18533579475247e+01 1.00154238632652e+05 
6.20566264173889e+01 1.00155982572870e+05 
6.22597817220211e+01 1.00153646949844e+05 
6.24627995534665e+01 1.00153650118163e+05 
6.26656673735378e+01 1.00146469139613e+05 
6.28683131616467e+01 1.00134297669125e+05 
6.30708195650471e+01 1.00114647629749e+05 
6.32731804840720e+01 1.00104767822212e+05 
6.34753919046854e+01 1.00087321219046e+05 
6.36776034541254e+01 1.00072548483655e+05 
6.38797873688976e+01 1.00060790772060e+05 
6.40819738273611e+01 1.00039463285747e+05 
6.42841784067253e+01 1.00010259285884e+05 
6.44863959670241e+01 9.99940716554047e+04 
6.46886801912706e+01 9.99703594640826e+04 
6.48910662140103e+01 9.99482156154589e+04 
6.50935819241049e+01 9.99384884857485e+04 
6.52963226964966e+01 9.99192504635099e+04 
6.54992405740070e+01 9.98957289789044e+04 
6.57023188561443e+01 9.98823937836932e+04 
6.59055500692646e+01 9.98658936266795e+04 
6.61089027901603e+01 9.98490261933103e+04 
6.63122766649993e+01 9.98475946336901e+04 
6.65156872049080e+01 9.98421366478719e+04 
6.67191280630788e+01 9.98386900149939e+04 
6.69226164912726e+01 9.98357917334000e+04 
6.71261325074319e+01 9.98360768104754e+04 
6.73296169036911e+01 9.98339757709417e+04 
6.75330252299440e+01 9.98412560532053e+04 
6.77363198433455e+01 9.98525440776247e+04 
6.79393888572186e+01 9.98716875900147e+04 
6.81423368894994e+01 9.98810365494530e+04 
6.83450708709156e+01 9.98984672954569e+04 
6.85478069710537e+01 9.99129066750897e+04 
6.87504560574697e+01 9.99248768476684e+04 
6.89530120509714e+01 9.99466917501149e+04 
6.91555074049377e+01 9.99775604717217e+04 
6.93579506481004e+01 9.99940189309895e+04 
6.95603538262472e+01 1.00018337583645e+05 
6.97628467070184e+01 1.00040625286276e+05 
6.99654031500043e+01 1.00050612666247e+05 
7.01680675370484e+01 1.00070176793109e+05 
7.03708128597538e+01 1.00094509236703e+05 
7.05736643918905e+01 1.00108631880279e+05 
7.07765856443493e+01 1.00125945008406e+05 
7.09796045256010e+01 1.00143261032227e+05 
7.11826613299295e+01 1.00145934595667e+05 
7.13857897479778e+01 1.00152581341781e+05 
7.15889661007472e+01 1.00157503551136e+05 
7.17921459341708e+01 1.00161648799061e+05 
7.19953726252105e+01 1.00162884325181e+05 
7.21985718027617e+01 1.00166074709755e+05 
7.24016476186381e+01 1.00160113666159e+05 
7.26045430537818e+01 1.00150656877314e+05 
7.28072213299480e+01 1.00134479220423e+05 
7.30097805999067e+01 1.00126530690420e+05 
7.32121446685061e+01 1.00111414221873e+05 
7.34144836407241e+01 1.00098973963148e+05 
7.36167644759561e+01 1.00087305348433e+05 
7.38189887804541e+01 1.00066687011310e+05 
7.40211919750683e+01 1.00038102101472e+05 
7.42233714635407e+01 1.00022254951191e+05 
7.44255673633598e+01 9.99986165478846e+04 
7.46278498585127e+01 9.99768687792487e+04 
7.48302306656735e+01 9.99657287037319e+04 
7.50327937384072e+01 9.99445792449236e+04 
7.52355063125583e+01 9.99180179007750e+04 
7.54383722282391e+01 9.99028430837439e+04 
7.56414216244544e+01 9.98833585593102e+04 
7.58445981321123e+01 9.98640295093158e+04 
7.60479184214261e+01 9.98601327003524e+04 
7.62512929186171e+01 9.98507443783884e+04 
7.64546964242765e+01 9.98420405277187e+04 
7.66581350680706e+01 9.98362863825591e+04 
7.68616010200597e+01 9.98324525409648e+04 
7.70651079936182e+01 9.98266821226362e+04 
7.72686113724331e+01 9.98322248826328e+04 
7.74720611152207e+01 9.98400543622963e+04 
7.76753133911698e+01 9.98547029368715e+04 
7.78784461857672e+01 9.98616646047608e+04 
7.80813340565300e+01 9.98761817578510e+04 
7.82841986758304e+01 9.98877367898483e+04 
7.84869562928645e+01 9.98994956518934e+04 
7.86895714902216e+01 9.99203960510347e+04 
7.88920942905549e+01 9.99504900536576e+04 
7.90945315913393e+01 9.99665045105907e+04 
7.92968840114831e+01 9.99909573632959e+04 
7.94993122078064e+01 1.00013045520219e+05 
7.97017694779022e+01 1.00024402189242e+05 
7.99042936798559e+01 1.00046022346796e+05 
8.01068697501696e+01 1.00073489828006e+05 
8.03095192442820e+01 1.00089145705762e+05 
8.05122783411067e+01 1.00109187595483e+05 
8.07151532943511e+01 1.00128792318635e+05 
8.09180874917751e+01 1.00133566354060e+05 
8.11211009470289e+01 1.00143945807945e+05 
8.13241348982823e+01 1.00153923414895e+05 
8.15272528948804e+01 1.00160719874788e+05 
8.17303892546740e+01 1.00165813405400e+05 
8.19335573112213e+01 1.00172525785248e+05 
8.21368014274263e+01 1.00168254248604e+05 
8.23398733234911e+01 1.00162151783476e+05 
8.25427383975605e+01 1.00150039675237e+05 
8.27454995878572e+01 1.00144404185312e+05 
8.29480798671471e+01 1.00132146660980e+05 
8.31506062535737e+01 1.00122653581825e+05 
8.33530393401760e+01 1.00111584724870e+05 
8.35553612257224e+01 1.00092416117685e+05 
8.37576211955306e+01 1.00065190727789e+05 
8.39598226381276e+01 1.00050244228102e+05 
8.41619894017817e+01 1.00027266051292e+05 
8.43642239682605e+01 1.00006483838538e+05 
8.45665203012387e+01 9.99943384389367e+04 
8.47689483564908e+01 9.99719368813630e+04 
8.49714940232389e+01 9.99431401070433e+04 
8.51741579640687e+01 9.99267469557503e+04 
8.53769978718437e+01 9.99049419115852e+04 
8.55799804902041e+01 9.98838152956491e+04 
8.57831240408108e+01 9.98777914800696e+04 
8.59864536951827e+01 9.98648779200867e+04 
8.61898160798553e+01 9.98511714332301e+04 
8.63932062744392e+01 9.98427230162621e+04 
8.65966229319829e+01 9.98347008340566e+04 
8.68000940443101e+01 9.98251500152057e+04 
8.70035825837327e+01 9.98286045567717e+04 
8.72070843440491e+01 9.98325208139770e+04 
8.74105419344450e+01 9.98420427673326e+04 
8.76138267437083e+01 9.98462425182906e+04 
8.78169205534772e+01 9.98570120001969e+04 
8.80199632675196e+01 9.98649164680418e+04 
8.82228781681249e+01 9.98758595013652e+04 
8.84256106973253e+01 9.98947794536259e+04 
8.86282246424383e+01 9.99227089483161e+04 
8.88307219110573e+01 9.99373816081047e+04 
8.90330924047535e+01 9.99607610866715e+04 
8.92355207597714e+01 9.99815356743712e+04 
8.94379379157647e+01 9.99937396573229e+04 
8.96403799089431e+01 1.00016579352263e+05 
8.98428436218644e+01 1.00046374902985e+05 
9.00453482475632e+01 1.00063048951346e+05 
9.02479204282358e+01 1.00085285146281e+05 
9.04506070166489e+01 1.00106553895488e+05 
9.06534221098573e+01 1.00113307105510e+05 
9.08563074156330e+01 1.00127104121251e+05 
9.10592331034942e+01 1.00141999375396e+05 
9.12622364660194e+01 1.00151347301329e+05 
9.14653252837018e+01 1.00160493662299e+05 
9.16684271913442e+01 1.00170779281082e+05 
9.18715866137494e+01 1.00168535833789e+05 
9.20747842683971e+01 1.00166193163613e+05 
9.22778651165516e+01 1.00158887713866e+05 
9.24808149399466e+01 1.00156018788706e+05 
9.26836400845213e+01 1.00147389665247e+05 
9.28863873614108e+01 1.00141375808744e+05 
9.30890085767134e+01 1.00131426897309e+05 
9.32914663544503e+01 1.00114537965116e+05 
9.34938317764641e+01 1.00089756719116e+05 
9.36961022577806e+01 1.00076372150916e+05 
9.38982898525573e+01 1.00054990514416e+05 
9.41005250280928e+01 1.00036045074360e+05 
9.43027848548941e+01 1.00023542755049e+05 
9.45051224941694e+01 1.00000836232698e+05 
9.47075391235569e+01 9.99709216393462e+04 
9.49100356403763e+01 9.99540294091797e+04 
9.51126679959551e+01 9.99307525552806e+04 
9.53154338342254e+01 9.99085627672404e+04 
9.55183731288411e+01 9.99007267808544e+04 
9.57215113888919e+01 9.98848226560891e+04 
9.59247849047671e+01 9.98667488361058e+04 
9.61281201802749e+01 9.98559505415730e+04 
9.63314994562056e+01 9.98441624917285e+04 
9.65349076935859e+01 9.98313024180049e+04 
9.67383385387505e+01 9.98326115215893e+04 
9.69418207081187e+01 9.98325893633244e+04 
9.71453287818878e+01 9.98368195437592e+04 
9.73487757563585e+01 9.98380579432488e+04 
9.75521003395735e+01 9.98447042500606e+04 
9.77553203876417e+01 9.98486849336789e+04 
9.79584256456356e+01 9.98582908650641e+04 
9.81613154578645e+01 9.98744637633228e+04 
9.83640728139437e+01 9.98992565779468e+04 
9.85666800715794e+01 9.99120159239096e+04 
9.87691229821461e+01 9.99334843191884e+04 
9.89716027992200e+01 9.99522124378333e+04 
9.91740397132955e+01 9.99647474987413e+04 
9.93764536462670e+01 9.99878892866859e+04 
9.95788576239822e+01 1.00018885579661e+05 
9.97812656950711e+01 1.00035957024745e+05 
9.99837025244658e+01 1.00059676054346e+05 
1.00186246746907e+02 1.00081966659096e+05 
