# Liste des scalaires : TEMPS pmat 
0.00000000000000e+00 1.00000000000000e+05 
1.58013544018059e-01 1.00000000000000e+05 
3.16027088036117e-01 1.00000000000000e+05 
4.74040632054176e-01 1.00000000000000e+05 
6.32054176072234e-01 1.00000000000000e+05 
7.90067720090293e-01 1.00000000000000e+05 
9.48081264108351e-01 1.00000000000000e+05 
1.10609480812641e+00 1.00000000000000e+05 
1.26410835214447e+00 1.00000000000000e+05 
1.42212189616253e+00 1.00000000000000e+05 
1.58013544018058e+00 1.00000000000000e+05 
1.73814898419864e+00 1.00000000000000e+05 
1.89616252821670e+00 1.00000000000000e+05 
2.05417607223476e+00 1.00000000000000e+05 
2.21218961625282e+00 1.00000000000000e+05 
2.37020316027088e+00 1.00000000000000e+05 
2.52821670428893e+00 1.00000000000000e+05 
2.68623024830699e+00 1.00000000000000e+05 
2.84424379232505e+00 1.00000000000000e+05 
3.00225733634311e+00 1.00000000000000e+05 
3.16027088036116e+00 1.00000000000000e+05 
3.31828442437922e+00 1.00000000000000e+05 
3.47629796839728e+00 1.00000000000000e+05 
3.63431151241534e+00 1.00000000000000e+05 
3.79232505643340e+00 1.00000000000000e+05 
3.95033860045145e+00 1.00000000000000e+05 
4.10835214446951e+00 1.00000000000000e+05 
4.26636568848757e+00 1.00000000000000e+05 
4.42437923250563e+00 1.00000000000000e+05 
4.58239277652368e+00 1.00000000000000e+05 
4.74040632054174e+00 1.00000000000000e+05 
4.89841986455980e+00 1.00000000000000e+05 
5.05643340857771e+00 1.00000000000000e+05 
5.21444695259555e+00 1.00000000000000e+05 
5.37246049661106e+00 1.00000000000000e+05 
5.53047404062163e+00 1.00000000000000e+05 
5.68848758460807e+00 1.00000000000000e+05 
5.84650112860433e+00 1.00000000000000e+05 
6.00451467131846e+00 1.00000000000000e+05 
6.16252820860419e+00 1.00000000000000e+05 
6.32054173855849e+00 1.00000000000000e+05 
6.47855526263600e+00 1.00000000000000e+05 
6.63656878322570e+00 1.00000000000000e+05 
6.79458230116958e+00 1.00000000000000e+05 
6.95259581572868e+00 1.00000000000000e+05 
7.11060926486710e+00 1.00000000000000e+05 
7.26862123211782e+00 1.00000000000000e+05 
7.42662869286748e+00 1.00000000000000e+05 
7.58462797993242e+00 1.00000000000000e+05 
7.74261562363004e+00 1.00000000000000e+05 
7.90058972087802e+00 1.00000000000000e+05 
8.05854876760864e+00 1.00000000000000e+05 
8.21649327583521e+00 1.00000000000000e+05 
8.37442375590179e+00 1.00000000000000e+05 
8.53234121474706e+00 1.00000000000000e+05 
8.69024692780629e+00 1.00000000000000e+05 
8.84814294511368e+00 1.00000000000000e+05 
9.00603027516490e+00 1.00000000000000e+05 
9.16391060602912e+00 1.00000000000000e+05 
9.32178516379403e+00 1.00000000000000e+05 
9.47965513838773e+00 1.00000000000000e+05 
9.63751817790166e+00 1.00000000000000e+05 
9.79537550224774e+00 1.00000000000000e+05 
9.95322697641788e+00 1.00000000000000e+05 
1.01110732028936e+01 1.00000000000000e+05 
1.02689146274544e+01 1.00000000000000e+05 
1.04267523201822e+01 1.00000000000000e+05 
1.05845878187241e+01 1.00000000000000e+05 
1.07424234235056e+01 1.00000000000000e+05 
1.09002605183067e+01 1.00000000000000e+05 
1.10581011989153e+01 1.00000000000000e+05 
1.12159469760981e+01 1.00000000000000e+05 
1.13737958277871e+01 1.00000000000000e+05 
1.15316485112955e+01 1.00000000000000e+05 
1.16895059234703e+01 1.00000000000000e+05 
1.18473678135275e+01 1.00000000000000e+05 
1.20052343190564e+01 1.00000000000000e+05 
1.21631037930394e+01 1.00000000000000e+05 
1.23209755736488e+01 1.00000000000000e+05 
1.24788506295067e+01 1.00000000000002e+05 
1.26367295773036e+01 1.00000000000091e+05 
1.27946116815903e+01 1.00000000006398e+05 
1.29524970895918e+01 1.00000000091624e+05 
1.31103853882209e+01 1.00000000620983e+05 
1.32682764852580e+01 1.00000001252527e+05 
1.34261706139616e+01 1.00000002447572e+05 
1.35840685957871e+01 1.00000004937050e+05 
1.37419698795382e+01 1.00000008990891e+05 
1.38998748238769e+01 1.00000015484759e+05 
1.40577825863761e+01 1.00000028925891e+05 
1.42156900780669e+01 1.00000049272424e+05 
1.43735971547495e+01 1.00000084620753e+05 
1.45315042337418e+01 1.00000149398669e+05 
1.46894115576050e+01 1.00000240411019e+05 
1.48473186395545e+01 1.00000366568930e+05 
1.50052256719272e+01 1.00000583271831e+05 
1.51631330578148e+01 1.00000875973050e+05 
1.53210408171837e+01 1.00001322055431e+05 
1.54789489338296e+01 1.00002009906522e+05 
1.56368576354914e+01 1.00002857301136e+05 
1.57947669611646e+01 1.00003825097446e+05 
1.59526770505537e+01 1.00005193367152e+05 
1.61105878565459e+01 1.00006850219734e+05 
1.62684993007154e+01 1.00009105765875e+05 
1.64264117696543e+01 1.00011974558048e+05 
1.65843252894251e+01 1.00015046759087e+05 
1.67422394503545e+01 1.00017670632775e+05 
1.69001543231263e+01 1.00020530157663e+05 
1.70580702178261e+01 1.00023585699338e+05 
1.72159869071440e+01 1.00027506608860e+05 
1.73739045484328e+01 1.00031353254873e+05 
1.75318230870977e+01 1.00034826350519e+05 
1.76897420386758e+01 1.00036194154889e+05 
1.78476617082648e+01 1.00036724728713e+05 
1.80055822852594e+01 1.00037261104481e+05 
1.81635032871374e+01 1.00038853392001e+05 
1.83214252006964e+01 1.00039727640313e+05 
1.84793480458620e+01 1.00040215558630e+05 
1.86372715456650e+01 1.00038560766858e+05 
1.87951957601081e+01 1.00035828644944e+05 
1.89531209484135e+01 1.00033327269058e+05 
1.91110441089809e+01 1.00031916415009e+05 
1.92689571504680e+01 1.00030020466972e+05 
1.94268607791625e+01 1.00027939039602e+05 
1.95847566159270e+01 1.00024684120696e+05 
1.97426455229279e+01 1.00020447353285e+05 
1.99005279081235e+01 1.00016465157072e+05 
2.00584049686281e+01 1.00013000467036e+05 
2.02162789927353e+01 1.00009640312770e+05 
2.03741510118332e+01 1.00006458577255e+05 
2.05320225312322e+01 1.00003436554905e+05 
2.06898943694514e+01 9.99999678725081e+04 
2.08477672335517e+01 9.99967546857867e+04 
2.10056381883608e+01 9.99936344497136e+04 
2.11635073392954e+01 9.99915624337474e+04 
2.13213744206154e+01 9.99900811877048e+04 
2.14792406064660e+01 9.99896466147411e+04 
2.16371055052497e+01 9.99894147655171e+04 
2.17949698598769e+01 9.99893122136147e+04 
2.19528346543289e+01 9.99890508290053e+04 
2.21107022379036e+01 9.99898012624185e+04 
2.22685735446671e+01 9.99906029349415e+04 
2.24264499128177e+01 9.99911753564905e+04 
2.25843313783613e+01 9.99913091644573e+04 
2.27422178371839e+01 9.99909207742035e+04 
2.29001082195325e+01 9.99896964507402e+04 
2.30580026165052e+01 9.99884225070324e+04 
2.32159006750456e+01 9.99867118650759e+04 
2.33738008250518e+01 9.99848849640008e+04 
2.35317021841015e+01 9.99828564905145e+04 
2.36896047805334e+01 9.99804689923380e+04 
2.38475089535193e+01 9.99772323630285e+04 
2.40054144059897e+01 9.99743565226371e+04 
2.41633212527943e+01 9.99713506092454e+04 
2.43212294708959e+01 9.99699191097634e+04 
2.44791391765311e+01 9.99689989966355e+04 
2.46370501927731e+01 9.99677811239207e+04 
2.47949629062368e+01 9.99653918270629e+04 
2.49528766385629e+01 9.99635277344166e+04 
2.51107912664912e+01 9.99616068437528e+04 
2.52687065421895e+01 9.99620615449300e+04 
2.54266227275827e+01 9.99634858122507e+04 
2.55845402635157e+01 9.99646226956342e+04 
2.57424589006128e+01 9.99645968498401e+04 
2.59003774090588e+01 9.99649629287689e+04 
2.60582956021659e+01 9.99652653315471e+04 
2.62162142568713e+01 9.99675660415595e+04 
2.63741334755089e+01 9.99707925365317e+04 
2.65320531896202e+01 9.99737242025488e+04 
2.66899728755107e+01 9.99757507777129e+04 
2.68478922917635e+01 9.99778222817794e+04 
2.70058116301977e+01 9.99797123493006e+04 
2.71637307927613e+01 9.99826196581716e+04 
2.73216502821697e+01 9.99861224755263e+04 
2.74795690311203e+01 9.99894187838007e+04 
2.76374879055499e+01 9.99924266055977e+04 
2.77954041756501e+01 9.99951935914240e+04 
2.79533191433170e+01 9.99978382065439e+04 
2.81112322788099e+01 1.00000598130180e+05 
2.82691420252821e+01 1.00003735553142e+05 
2.84270498359011e+01 1.00006880541910e+05 
2.85849551367456e+01 1.00010407795895e+05 
2.87428577035279e+01 1.00013597362802e+05 
2.89007576935424e+01 1.00016612000487e+05 
2.90586554385742e+01 1.00018703446257e+05 
2.92165508783833e+01 1.00020730429054e+05 
2.93744443359554e+01 1.00022903671494e+05 
2.95323353920958e+01 1.00025941300746e+05 
2.96902253081402e+01 1.00028528875392e+05 
2.98481142776169e+01 1.00030903546651e+05 
3.00059979647156e+01 1.00031508016726e+05 
3.01638770985754e+01 1.00031612528983e+05 
3.03217523516603e+01 1.00031975233896e+05 
3.04796254231717e+01 1.00033571250951e+05 
3.06374979890028e+01 1.00034688876289e+05 
3.07953682566008e+01 1.00035638168475e+05 
3.09532360866590e+01 1.00034481276101e+05 
3.11111009485845e+01 1.00032471034442e+05 
3.12689642148262e+01 1.00030659966716e+05 
3.14268269801884e+01 1.00030019746141e+05 
3.15846899752751e+01 1.00028945982968e+05 
3.17425539745552e+01 1.00027773830770e+05 
3.19004203627167e+01 1.00024922820712e+05 
3.20582896401381e+01 1.00021142521542e+05 
3.22161632234601e+01 1.00017434015090e+05 
3.23740425511432e+01 1.00014326694037e+05 
3.25319290751244e+01 1.00010996296945e+05 
3.26898202982419e+01 1.00007666232068e+05 
3.28477131228900e+01 1.00003765315003e+05 
3.30056072961437e+01 9.99991939680927e+04 
3.31635023672678e+01 9.99945564235202e+04 
3.33213991393358e+01 9.99897233396833e+04 
3.34792973573956e+01 9.99852333522697e+04 
3.36371967535133e+01 9.99809851181188e+04 
3.37950973023584e+01 9.99778911105206e+04 
3.39529995672097e+01 9.99747670625307e+04 
3.41109029852060e+01 9.99713716859198e+04 
3.42688076087386e+01 9.99669063414866e+04 
3.44267132713632e+01 9.99631557939763e+04 
3.45846196509400e+01 9.99596604277087e+04 
3.47425273496765e+01 9.99585122886044e+04 
3.49004361808860e+01 9.99579498045102e+04 
3.50583454950604e+01 9.99569670394946e+04 
3.52162538750963e+01 9.99544789358717e+04 
3.53741611804014e+01 9.99527326653981e+04 
3.55320682312856e+01 9.99511734773242e+04 
3.56899754216115e+01 9.99522966530678e+04 
3.58478829107651e+01 9.99544186174435e+04 
3.60057904151544e+01 9.99561637401980e+04 
3.61636981099972e+01 9.99566141654632e+04 
3.63216068904539e+01 9.99575503849647e+04 
3.64795154283054e+01 9.99585539475486e+04 
3.66374236436593e+01 9.99615353732488e+04 
3.67953327010769e+01 9.99654666890526e+04 
3.69532427717678e+01 9.99691282968356e+04 
3.71111532244148e+01 9.99720249739010e+04 
3.72690630548262e+01 9.99748698250445e+04 
3.74269718145581e+01 9.99776442451423e+04 
3.75848778454541e+01 9.99813064607517e+04 
3.77427791017932e+01 9.99856743913969e+04 
3.79006746564164e+01 9.99900838028392e+04 
3.80585658512143e+01 9.99946284133242e+04 
3.82164521350274e+01 9.99987880660890e+04 
3.83743339522929e+01 1.00002930173100e+05 
3.85322143263643e+01 1.00006582942347e+05 
3.86900941565614e+01 1.00010569611791e+05 
3.88479738779336e+01 1.00014941756194e+05 
3.90058528607593e+01 1.00020375111002e+05 
3.91637297505779e+01 1.00025131297523e+05 
3.93216059461941e+01 1.00029869703093e+05 
3.94794833120710e+01 1.00032551074818e+05 
3.96373600136444e+01 1.00034943206570e+05 
3.97952355988724e+01 1.00037917459019e+05 
3.99531105564116e+01 1.00042568122555e+05 
4.01109853768128e+01 1.00046492136238e+05 
4.02688608742397e+01 1.00050390147662e+05 
4.04267381798270e+01 1.00051084626712e+05 
4.05846137319020e+01 1.00050946435621e+05 
4.07424858509869e+01 1.00051419416742e+05 
4.09003545163728e+01 1.00053724605331e+05 
4.10582217788816e+01 1.00055602147140e+05 
4.12160877638797e+01 1.00057418111983e+05 
4.13739537347660e+01 1.00055799588670e+05 
4.15318203524083e+01 1.00052955088558e+05 
4.16896877430492e+01 1.00050517879795e+05 
4.18475567572815e+01 1.00049425725614e+05 
4.20054296452478e+01 1.00048159752961e+05 
4.21633067849416e+01 1.00046734939471e+05 
4.23211896909693e+01 1.00042766685870e+05 
4.24790781339048e+01 1.00037487762635e+05 
4.26369644682292e+01 1.00032251224951e+05 
4.27948546539027e+01 1.00027305254887e+05 
4.29527445839470e+01 1.00022642187461e+05 
4.31106359297670e+01 1.00017920522229e+05 
4.32685306520852e+01 1.00012668382195e+05 
4.34264288504664e+01 1.00006636133142e+05 
4.35843293098335e+01 1.00000313935090e+05 
4.37422323857132e+01 9.99932619896649e+04 
4.39001362271449e+01 9.99870962777876e+04 
4.40580408935821e+01 9.99809910579946e+04 
4.42159461004656e+01 9.99768118131814e+04 
4.43738520952394e+01 9.99726942029304e+04 
4.45317586334686e+01 9.99679649034459e+04 
4.46896655731558e+01 9.99615590679067e+04 
4.48475732386247e+01 9.99563643668823e+04 
4.50054818277984e+01 9.99512249283446e+04 
4.51633912296472e+01 9.99496430125987e+04 
4.53213012689940e+01 9.99489102548210e+04 
4.54792124514439e+01 9.99474965251627e+04 
4.56371248172869e+01 9.99440726828035e+04 
4.57950380337933e+01 9.99416833112767e+04 
4.59529529680012e+01 9.99393801189696e+04 
4.61108663642278e+01 9.99409284758383e+04 
4.62687784498702e+01 9.99437176821322e+04 
4.64266899654798e+01 9.99458617067982e+04 
4.65846018793389e+01 9.99462993295437e+04 
4.67425141840204e+01 9.99471306953636e+04 
4.69004273753813e+01 9.99478472443488e+04 
4.70583412575278e+01 9.99513251181278e+04 
4.72162558287896e+01 9.99560088671707e+04 
4.73741661075397e+01 9.99603322597368e+04 
4.75320700293228e+01 9.99637691359552e+04 
4.76899693645184e+01 9.99669003595559e+04 
4.78478625125830e+01 9.99698814462854e+04 
4.80057508638390e+01 9.99741470846881e+04 
4.81636362087960e+01 9.99793226722627e+04 
4.83215191917349e+01 9.99845447791102e+04 
4.84794017791262e+01 9.99900059814852e+04 
4.86372824178603e+01 9.99947669114420e+04 
4.87951610644304e+01 9.99993603119442e+04 
4.89530401011878e+01 1.00003348523563e+05 
4.91109183405868e+01 1.00007688675006e+05 
4.92687968866861e+01 1.00012422397982e+05 
4.94266754364972e+01 1.00018282894543e+05 
4.95845515595664e+01 1.00023182568843e+05 
4.97424261075137e+01 1.00027920286160e+05 
4.99003006335041e+01 1.00030292888361e+05 
5.00581763017773e+01 1.00032313415102e+05 
5.02160540122954e+01 1.00034928996466e+05 
5.03739320513093e+01 1.00039254596038e+05 
5.05318084517488e+01 1.00042619512950e+05 
5.06896830101217e+01 1.00045896821787e+05 
5.08475554530749e+01 1.00045991767891e+05 
5.10054253922244e+01 1.00045193543622e+05 
5.11632927122317e+01 1.00044976818059e+05 
5.13211591090027e+01 1.00046473059774e+05 
5.14790271138448e+01 1.00047280841452e+05 
5.16368950153983e+01 1.00048012413194e+05 
5.17947643683201e+01 1.00045748745380e+05 
5.19526361004011e+01 1.00042250674405e+05 
5.21105113953299e+01 1.00039107736704e+05 
5.22683913894592e+01 1.00037009715355e+05 
5.24262776968112e+01 1.00034591820662e+05 
5.25841708838473e+01 1.00032135351245e+05 
5.27420666524036e+01 1.00027936474741e+05 
5.28999618489546e+01 1.00022567249368e+05 
5.30578577998667e+01 1.00017244539732e+05 
5.32157572283380e+01 1.00011960738285e+05 
5.33736576041167e+01 1.00007000226943e+05 
5.35315607809438e+01 1.00002276810683e+05 
5.36894666299000e+01 9.99980338707866e+04 
5.38473734460421e+01 9.99933526321052e+04 
5.40052812691421e+01 9.99884320031470e+04 
5.41631892761518e+01 9.99824881563787e+04 
5.43210976391154e+01 9.99774260080500e+04 
5.44790065647947e+01 9.99726852786956e+04 
5.46369153234515e+01 9.99702547670856e+04 
5.47948247591204e+01 9.99681845573581e+04 
5.49527345816088e+01 9.99655950995240e+04 
5.51106448015583e+01 9.99613177890450e+04 
5.52685553466649e+01 9.99580995629725e+04 
5.54264665842849e+01 9.99551038868721e+04 
5.55843786559346e+01 9.99552685322394e+04 
5.57422916964500e+01 9.99563661317733e+04 
5.59002049245996e+01 9.99569100651427e+04 
5.60581165652534e+01 9.99557285402266e+04 
5.62160267790978e+01 9.99553648398715e+04 
5.63739360456862e+01 9.99550844848439e+04 
5.65318446490167e+01 9.99575709397492e+04 
5.66897535039061e+01 9.99611038123930e+04 
5.68476637724107e+01 9.99641076293051e+04 
5.70055749148130e+01 9.99658680329309e+04 
5.71634862686760e+01 9.99677254399476e+04 
5.73213958959964e+01 9.99694804432940e+04 
5.74793010243427e+01 9.99728799714097e+04 
5.76372006427965e+01 9.99772322006739e+04 
5.77950939663717e+01 9.99814578828785e+04 
5.79529832749989e+01 9.99854593808218e+04 
5.81108693165340e+01 9.99891010585229e+04 
5.82687509560842e+01 9.99926124777068e+04 
5.84266313769464e+01 9.99962694117523e+04 
5.85845125473362e+01 1.00000519441117e+05 
5.87423932111164e+01 1.00005023277212e+05 
5.89002729936823e+01 1.00010374855933e+05 
5.90581527151859e+01 1.00014991604807e+05 
5.92160322137457e+01 1.00019477156862e+05 
5.93739114996228e+01 1.00022332526630e+05 
5.95317886882425e+01 1.00025139738165e+05 
5.96896638636060e+01 1.00028464422724e+05 
5.98475378197668e+01 1.00033309859916e+05 
6.00054119865173e+01 1.00037204393367e+05 
6.01632862541559e+01 1.00041002919763e+05 
6.03211632133958e+01 1.00041894552821e+05 
6.04790393685606e+01 1.00042178103739e+05 
6.06369130750726e+01 1.00043078290675e+05 
6.07947845152142e+01 1.00045768921016e+05 
6.09526543879465e+01 1.00047683279124e+05 
6.11105223433906e+01 1.00049496288472e+05 
6.12683891572993e+01 1.00048096113683e+05 
6.14262556334736e+01 1.00045600566218e+05 
6.15841213812268e+01 1.00043603531819e+05 
6.17419872970758e+01 1.00043002408152e+05 
6.18998556369791e+01 1.00041937988922e+05 
6.20577270573682e+01 1.00040780163774e+05 
6.22156028064752e+01 1.00037208089205e+05 
6.23734839507439e+01 1.00032411068666e+05 
6.25313719458757e+01 1.00027768849633e+05 
6.26892653364233e+01 1.00023576195505e+05 
6.28471589494630e+01 1.00019406815050e+05 
6.30050539658638e+01 1.00015259932106e+05 
6.31629516032019e+01 1.00010482880398e+05 
6.33208526762621e+01 1.00004894908459e+05 
6.34787557016783e+01 9.99991558891157e+04 
6.36366621209855e+01 9.99927546665481e+04 
6.37945707388512e+01 9.99871293904729e+04 
6.39524799651022e+01 9.99817123775839e+04 
6.41103898945289e+01 9.99779637119087e+04 
6.42682996768123e+01 9.99742506786294e+04 
6.44262099946042e+01 9.99700810654558e+04 
6.45841203235132e+01 9.99643743989865e+04 
6.47420308141056e+01 9.99598277419557e+04 
6.48999413857551e+01 9.99554514757329e+04 
6.50578522130705e+01 9.99543094775380e+04 
6.52157621383260e+01 9.99538916963876e+04 
6.53736716684331e+01 9.99528955853857e+04 
6.55315818735089e+01 9.99500597154794e+04 
6.56894924466357e+01 9.99482937482603e+04 
6.58474019305714e+01 9.99467410040602e+04 
6.60053094171804e+01 9.99486154087967e+04 
6.61632151021049e+01 9.99516442707542e+04 
6.63211194929648e+01 9.99541402342518e+04 
6.64790238951629e+01 9.99550896644492e+04 
6.66369283078166e+01 9.99564324756315e+04 
6.67948331393927e+01 9.99577731740619e+04 
6.69527394440034e+01 9.99613921624155e+04 
6.71106470639483e+01 9.99660566658460e+04 
6.72685553183821e+01 9.99704454315662e+04 
6.74264597024061e+01 9.99741556718690e+04 
6.75843590419925e+01 9.99775780575533e+04 
6.77422535684911e+01 9.99808661554883e+04 
6.79001426201263e+01 9.99849827532610e+04 
6.80580282864847e+01 9.99898527984567e+04 
6.82159111158328e+01 9.99948604896498e+04 
6.83737930861987e+01 1.00000249165252e+05 
6.85316731580176e+01 1.00004959011376e+05 
6.86895517906449e+01 1.00009579781205e+05 
6.88474307150474e+01 1.00013288016240e+05 
6.90053081989569e+01 1.00017231124917e+05 
6.91631854542290e+01 1.00021627133378e+05 
6.93210605590817e+01 1.00027266474227e+05 
6.94789329603387e+01 1.00031934744986e+05 
6.96368026296308e+01 1.00036511337803e+05 
6.97946722052352e+01 1.00038464743627e+05 
6.99525422636531e+01 1.00040011394968e+05 
7.01104134175452e+01 1.00042157927561e+05 
7.02682863349460e+01 1.00046099829988e+05 
7.04261613776249e+01 1.00049138978369e+05 
7.05840389189998e+01 1.00052146997911e+05 
7.07419152096647e+01 1.00051796754935e+05 
7.08997875851045e+01 1.00050568900369e+05 
7.10576561988164e+01 1.00049911868233e+05 
7.12155224399363e+01 1.00050980045592e+05 
7.13733888211252e+01 1.00051479603550e+05 
7.15312552146323e+01 1.00051892976080e+05 
7.16891217538037e+01 1.00049162836532e+05 
7.18469894024299e+01 1.00045222671393e+05 
7.20048591249784e+01 1.00041577299837e+05 
7.21627323468697e+01 1.00038908599553e+05 
7.23206109024455e+01 1.00036052353402e+05 
7.24784954490941e+01 1.00033112612180e+05 
7.26363845290400e+01 1.00028397053077e+05 
7.27942734676224e+01 1.00022595678441e+05 
7.29521620226019e+01 1.00016745500702e+05 
7.31100537643340e+01 1.00010845749887e+05 
7.32679464204612e+01 1.00005435859900e+05 
7.34258410448585e+01 1.00000110461666e+05 
7.35837409539245e+01 9.99952685601977e+04 
7.37416437257822e+01 9.99900253160773e+04 
7.38995475254834e+01 9.99844168849626e+04 
7.40574552767677e+01 9.99777365106439e+04 
7.42153656889771e+01 9.99720574228704e+04 
7.43732764020060e+01 9.99665189070156e+04 
7.45311875013272e+01 9.99636072469404e+04 
7.46890982702211e+01 9.99610864388790e+04 
7.48470091952905e+01 9.99579897767646e+04 
7.50049203089887e+01 9.99530972196369e+04 
7.51628314776675e+01 9.99493561073515e+04 
7.53207423108823e+01 9.99457340092442e+04 
7.54786534052723e+01 9.99457854239306e+04 
7.56365652919325e+01 9.99468260966912e+04 
7.57944760696322e+01 9.99472952590738e+04 
7.59523842322763e+01 9.99459326541460e+04 
7.61102907052860e+01 9.99453841603778e+04 
7.62681956345978e+01 9.99449187590390e+04 
7.64260997846199e+01 9.99478024394798e+04 
7.65840035006254e+01 9.99518120233861e+04 
7.67419079524643e+01 9.99553193475554e+04 
7.68998130220342e+01 9.99574800412418e+04 
7.70577190529444e+01 9.99596728440195e+04 
7.72156246322281e+01 9.99617820407822e+04 
7.73735304351853e+01 9.99658824622349e+04 
7.75314321962536e+01 9.99709808343788e+04 
7.76893280918668e+01 9.99759691243622e+04 
7.78472194406838e+01 9.99806316374308e+04 
7.80051082848022e+01 9.99847496298626e+04 
7.81629925315635e+01 9.99887517160123e+04 
7.83208748693117e+01 9.99930500195769e+04 
7.84787573742400e+01 9.99979694602072e+04 
7.86366399901977e+01 1.00003211652300e+05 
7.87945213840157e+01 1.00009183731439e+05 
7.89524022580153e+01 1.00014286650498e+05 
7.91102822345851e+01 1.00019333170578e+05 
7.92681598504246e+01 1.00022725953469e+05 
7.94260346032737e+01 1.00026118684248e+05 
7.95839065415183e+01 1.00030075886008e+05 
7.97417762739281e+01 1.00035551735491e+05 
7.98996452426869e+01 1.00039971007012e+05 
8.00575144475735e+01 1.00044392392318e+05 
8.02153853484350e+01 1.00045703235578e+05 
8.03732595753060e+01 1.00046420505112e+05 
8.05311360044327e+01 1.00047792696759e+05 
8.06890123775687e+01 1.00051077774921e+05 
8.08468842047536e+01 1.00053514739369e+05 
8.10047525333100e+01 1.00055907023498e+05 
8.11626191499556e+01 1.00054678639035e+05 
8.13204847650461e+01 1.00052364232478e+05 
8.14783488435453e+01 1.00050560342881e+05 
8.16362118439805e+01 1.00050368049758e+05 
8.17940760681954e+01 1.00049723884958e+05 
8.19519420697887e+01 1.00049001028670e+05 
8.21098112939899e+01 1.00045391293784e+05 
8.22676847318654e+01 1.00040487165458e+05 
8.24255638214298e+01 1.00035745775595e+05 
8.25834499430324e+01 1.00031685042960e+05 
8.27413394366513e+01 1.00027698786569e+05 
8.28992294477559e+01 1.00023688951433e+05 
8.30571223195795e+01 1.00018578559056e+05 
8.32150170578953e+01 1.00012571719749e+05 
8.33729147817309e+01 1.00006395594782e+05 
8.35308144311052e+01 9.99997836309014e+04 
8.36887168341859e+01 9.99939208168990e+04 
8.38466229777523e+01 9.99881980886536e+04 
8.40045316549114e+01 9.99838266579223e+04 
8.41624411095586e+01 9.99793561580296e+04 
8.43203503968559e+01 9.99744159342713e+04 
8.44782605557664e+01 9.99680129556367e+04 
8.46361711006565e+01 9.99627387085846e+04 
8.47940815795453e+01 9.99576129783903e+04 
8.49519911103720e+01 9.99557744150462e+04 
8.51098990973984e+01 9.99545724849487e+04 
8.52678065112851e+01 9.99527688162267e+04 
8.54257138686154e+01 9.99490306746886e+04 
8.55836217801970e+01 9.99463885155349e+04 
8.57415292183254e+01 9.99439226370156e+04 
8.58994341398339e+01 9.99452901877231e+04 
8.60573367332196e+01 9.99477891636654e+04 
8.62152374038746e+01 9.99497299997951e+04 
8.63731375811182e+01 9.99499054135446e+04 
8.65310375987192e+01 9.99505765617834e+04 
8.66889375552248e+01 9.99512634190159e+04 
8.68468385039286e+01 9.99548196927985e+04 
8.70047412609430e+01 9.99594880830320e+04 
8.71626443614392e+01 9.99638364460151e+04 
8.73205479962068e+01 9.99672585206707e+04 
8.74784503206073e+01 9.99704809591158e+04 
8.76363495572885e+01 9.99736456479549e+04 
8.77942431849901e+01 9.99781134467861e+04 
8.79521325309210e+01 9.99834346713890e+04 
8.81100185611205e+01 9.99888763910261e+04 
8.82679028525337e+01 9.99944986246916e+04 
8.84257843073351e+01 9.99994440809048e+04 
8.85836638116007e+01 1.00004316556705e+05 
8.87415446242167e+01 1.00008512760078e+05 
8.88994240315965e+01 1.00013063988733e+05 
8.90573022819536e+01 1.00018069539442e+05 
8.92151767527825e+01 1.00024272940606e+05 
8.93730477224399e+01 1.00029481713581e+05 
8.95309156458027e+01 1.00034600042665e+05 
8.96887826912112e+01 1.00037056059632e+05 
8.98466499713213e+01 1.00039186479084e+05 
9.00045176380459e+01 1.00041973038871e+05 
9.01623865154936e+01 1.00046662214581e+05 
9.03202569356564e+01 1.00050393452300e+05 
9.04781297063303e+01 1.00054078292704e+05 
9.06360054524564e+01 1.00054089950505e+05 
9.07938823357972e+01 1.00053265280628e+05 
9.09517541470789e+01 1.00053057885218e+05 
9.11096225648372e+01 1.00054810640672e+05 
9.12674903529327e+01 1.00055933679401e+05 
9.14253570626701e+01 1.00056947219017e+05 
9.15832226822998e+01 1.00054304453598e+05 
9.17410881565195e+01 1.00050425962771e+05 
9.18989546135373e+01 1.00046944688723e+05 
9.20568232887804e+01 1.00044719299175e+05 
9.22146961573564e+01 1.00042289616723e+05 
9.23725738596910e+01 1.00039751559281e+05 
9.25304579588404e+01 1.00034971139041e+05 
9.26883440768282e+01 1.00029024196070e+05 
9.28462302163992e+01 1.00023082163928e+05 
9.30041188904351e+01 1.00017303942773e+05 
9.31620089406748e+01 1.00011963362130e+05 
9.33199003766930e+01 1.00006682049119e+05 
9.34777965434557e+01 1.00001494192694e+05 
9.36356962709857e+01 9.99957340509683e+04 
9.37935970223798e+01 9.99896121526193e+04 
9.39515016043418e+01 9.99825047087941e+04 
9.41094095639123e+01 9.99763732992427e+04 
9.42673176496791e+01 9.99703948943460e+04 
9.44252272261732e+01 9.99669180646676e+04 
9.45831367419679e+01 9.99636955159027e+04 
9.47410472060425e+01 9.99598616902765e+04 
9.48989573503301e+01 9.99541848085722e+04 
9.50568658739766e+01 9.99496896140092e+04 
9.52147728697819e+01 9.99453186197767e+04 
9.53726794597599e+01 9.99448485875710e+04 
9.55305867647987e+01 9.99453016151984e+04 
9.56884942753968e+01 9.99451564420533e+04 
9.58463997516093e+01 9.99430096159666e+04 
9.60043026249207e+01 9.99417527123523e+04 
9.61622035600294e+01 9.99406146921089e+04 
9.63201032160052e+01 9.99432874000629e+04 
9.64780023140949e+01 9.99471323860488e+04 
9.66359014564617e+01 9.99504000000752e+04 
9.67938016196219e+01 9.99520961364894e+04 
9.69517021660862e+01 9.99539424261324e+04 
9.71096039307884e+01 9.99557426034840e+04 
9.72675053659434e+01 9.99599354324348e+04 
9.74254084969254e+01 9.99652207324199e+04 
9.75833089937247e+01 9.99703506335455e+04 
9.77412039501997e+01 9.99749967997468e+04 
9.78990956464850e+01 9.99791811410642e+04 
9.80569824734498e+01 9.99832608411436e+04 
9.82148662686850e+01 9.99879119229538e+04 
9.83727491375352e+01 9.99932837827793e+04 
9.85306321990684e+01 9.99989551114804e+04 
9.86885141869873e+01 1.00005295375233e+05 
9.88463960415929e+01 1.00010772903856e+05 
9.90042760737878e+01 1.00016178883070e+05 
9.91621528526767e+01 1.00020009896682e+05 
9.93200261516929e+01 1.00023920748679e+05 
9.94778958586317e+01 1.00028407953067e+05 
9.96357631314534e+01 1.00034457323024e+05 
9.97936285106285e+01 1.00039402345462e+05 
9.99514940149456e+01 1.00044320020101e+05 
1.00109360548212e+02 1.00045958990835e+05 
