# Liste des scalaires : TEMPS pmat 
0.00000000000000e+00 1.00000000000000e+05 
1.58013544018059e-01 1.00000000000000e+05 
3.16027088036117e-01 1.00000000000000e+05 
4.74040632054176e-01 1.00000000000000e+05 
6.32054176072234e-01 1.00000000000000e+05 
7.90067720090293e-01 1.00000000000000e+05 
9.48081264108351e-01 1.00000000000000e+05 
1.10609480812641e+00 1.00000000000000e+05 
1.26410835214447e+00 1.00000000000000e+05 
1.42212189616253e+00 1.00000000000000e+05 
1.58013544018058e+00 1.00000000000000e+05 
1.73814898419864e+00 1.00000000000000e+05 
1.89616252821670e+00 1.00000000000000e+05 
2.05417607223476e+00 1.00000000000000e+05 
2.21218961625282e+00 1.00000000000000e+05 
2.37020316027088e+00 1.00000000000000e+05 
2.52821670428893e+00 1.00000000000000e+05 
2.68623024830699e+00 1.00000000000000e+05 
2.84424379232505e+00 1.00000000000000e+05 
3.00225733634311e+00 1.00000000000000e+05 
3.16027088036116e+00 1.00000000000000e+05 
3.31828442437922e+00 1.00000000000000e+05 
3.47629796839728e+00 1.00000000000000e+05 
3.63431151241534e+00 1.00000000000000e+05 
3.79232505643340e+00 1.00000000000000e+05 
3.95033860045145e+00 1.00000000000000e+05 
4.10835214446951e+00 1.00000000000000e+05 
4.26636568848757e+00 1.00000000000000e+05 
4.42437923250563e+00 1.00000000000000e+05 
4.58239277652368e+00 1.00000000000000e+05 
4.74040632054174e+00 1.00000000000000e+05 
4.89841986455980e+00 1.00000000000000e+05 
5.05643340857771e+00 1.00000000000000e+05 
5.21444695259555e+00 1.00000000000000e+05 
5.37246049661106e+00 1.00000000000000e+05 
5.53047404062163e+00 1.00000000000000e+05 
5.68848758460807e+00 1.00000000000000e+05 
5.84650112860433e+00 1.00000000000000e+05 
6.00451467131846e+00 1.00000000000000e+05 
6.16252820860419e+00 1.00000000000000e+05 
6.32054173855849e+00 1.00000000000000e+05 
6.47855526263600e+00 1.00000000000000e+05 
6.63656878322570e+00 1.00000000000000e+05 
6.79458230116958e+00 1.00000000000000e+05 
6.95259581572868e+00 1.00000000000000e+05 
7.11060926486710e+00 1.00000000000000e+05 
7.26862123211782e+00 1.00000000000000e+05 
7.42662869286748e+00 1.00000000000000e+05 
7.58462797993242e+00 1.00000000000000e+05 
7.74261562363004e+00 1.00000000000000e+05 
7.90058972087802e+00 1.00000000000000e+05 
8.05854876760864e+00 1.00000000000000e+05 
8.21649327583521e+00 1.00000000000000e+05 
8.37442375590179e+00 1.00000000000000e+05 
8.53234121474706e+00 1.00000000000000e+05 
8.69024692780629e+00 1.00000000000000e+05 
8.84814294511368e+00 1.00000000000000e+05 
9.00603027516490e+00 1.00000000000000e+05 
9.16391060602912e+00 1.00000000000000e+05 
9.32178516379403e+00 1.00000000000000e+05 
9.47965513838773e+00 1.00000000000000e+05 
9.63751817790166e+00 1.00000000000000e+05 
9.79537550224774e+00 1.00000000000000e+05 
9.95322697641788e+00 1.00000000000000e+05 
1.01110732028936e+01 1.00000000000000e+05 
1.02689146274544e+01 1.00000000000001e+05 
1.04267523201822e+01 1.00000000000006e+05 
1.05845878187241e+01 1.00000000000018e+05 
1.07424234235056e+01 1.00000000000057e+05 
1.09002605183067e+01 1.00000000000288e+05 
1.10581011989153e+01 1.00000000001112e+05 
1.12159469760981e+01 1.00000000011371e+05 
1.13737958277871e+01 1.00000000194991e+05 
1.15316485112955e+01 1.00000000522725e+05 
1.16895059234703e+01 1.00000001258740e+05 
1.18473678135275e+01 1.00000002127097e+05 
1.20052343190564e+01 1.00000003704519e+05 
1.21631037930394e+01 1.00000006188256e+05 
1.23209755736488e+01 1.00000010497945e+05 
1.24788506295067e+01 1.00000017264024e+05 
1.26367295773036e+01 1.00000029178058e+05 
1.27946116815903e+01 1.00000048541384e+05 
1.29524970895918e+01 1.00000077171111e+05 
1.31103853882209e+01 1.00000116001579e+05 
1.32682764852580e+01 1.00000173856957e+05 
1.34261706139616e+01 1.00000254495806e+05 
1.35840685957871e+01 1.00000380343505e+05 
1.37419698795382e+01 1.00000559489466e+05 
1.38998748238769e+01 1.00000793485798e+05 
1.40577825863761e+01 1.00001073369952e+05 
1.42156900780669e+01 1.00001439452708e+05 
1.43735971547495e+01 1.00001904866066e+05 
1.45315042337418e+01 1.00002553040574e+05 
1.46894115576050e+01 1.00003370264738e+05 
1.48473186395545e+01 1.00004310526993e+05 
1.50052256719272e+01 1.00005322163706e+05 
1.51631330578148e+01 1.00006495255213e+05 
1.53210408171837e+01 1.00007882585233e+05 
1.54789489338296e+01 1.00009607108102e+05 
1.56368576354914e+01 1.00011536742923e+05 
1.57947669611646e+01 1.00013477799466e+05 
1.59526770505537e+01 1.00015394138287e+05 
1.61105878565459e+01 1.00017371269061e+05 
1.62684993007154e+01 1.00019603468516e+05 
1.64264117696543e+01 1.00022065604065e+05 
1.65843252894251e+01 1.00024513854317e+05 
1.67422394503545e+01 1.00026576570733e+05 
1.69001543231263e+01 1.00028561438859e+05 
1.70580702178261e+01 1.00030323380157e+05 
1.72159869071440e+01 1.00032342257878e+05 
1.73739045484328e+01 1.00034225008076e+05 
1.75318230870977e+01 1.00035768519413e+05 
1.76897420386758e+01 1.00036635863625e+05 
1.78476617082648e+01 1.00037476111961e+05 
1.80055822852594e+01 1.00037910833492e+05 
1.81635032871374e+01 1.00038554060499e+05 
1.83214252006964e+01 1.00038695922828e+05 
1.84793480458620e+01 1.00038337549235e+05 
1.86372715456650e+01 1.00037306346157e+05 
1.87951957601081e+01 1.00036323821623e+05 
1.89531209484135e+01 1.00034947213832e+05 
1.91110441089809e+01 1.00033717909583e+05 
1.92689571504680e+01 1.00031836103325e+05 
1.94268607791625e+01 1.00029506382099e+05 
1.95847566159270e+01 1.00026783488931e+05 
1.97426455229279e+01 1.00024144248471e+05 
1.99005279081235e+01 1.00021255352557e+05 
2.00584049686281e+01 1.00018456964463e+05 
2.02162789927353e+01 1.00015026123878e+05 
2.03741510118332e+01 1.00011407231642e+05 
2.05320225312322e+01 1.00007767524089e+05 
2.06898943694514e+01 1.00004294154513e+05 
2.08477672335517e+01 1.00000666183594e+05 
2.10056381883608e+01 9.99971055819370e+04 
2.11635073392954e+01 9.99931291380094e+04 
2.13213744206154e+01 9.99892235643911e+04 
2.14792406064660e+01 9.99857073824494e+04 
2.16371055052497e+01 9.99823721268435e+04 
2.17949698598769e+01 9.99790313000898e+04 
2.19528346543289e+01 9.99756965208164e+04 
2.21107022379036e+01 9.99722803428186e+04 
2.22685735446671e+01 9.99691406196798e+04 
2.24264499128177e+01 9.99667047699891e+04 
2.25843313783613e+01 9.99644276300722e+04 
2.27422178371839e+01 9.99622852798728e+04 
2.29001082195325e+01 9.99600785411170e+04 
2.30580026165052e+01 9.99582028761488e+04 
2.32159006750456e+01 9.99568084648346e+04 
2.33738008250518e+01 9.99562868824716e+04 
2.35317021841015e+01 9.99558405822778e+04 
2.36896047805334e+01 9.99556639127802e+04 
2.38475089535193e+01 9.99554156810728e+04 
2.40054144059897e+01 9.99558686420898e+04 
2.41633212527943e+01 9.99568808630018e+04 
2.43212294708959e+01 9.99586382470761e+04 
2.44791391765311e+01 9.99603997717082e+04 
2.46370501927731e+01 9.99624133557810e+04 
2.47949629062368e+01 9.99644261437441e+04 
2.49528766385629e+01 9.99672585755040e+04 
2.51107912664912e+01 9.99705228358981e+04 
2.52687065421895e+01 9.99741331506991e+04 
2.54266227275827e+01 9.99776305457377e+04 
2.55845402635157e+01 9.99812686788467e+04 
2.57424589006128e+01 9.99849116547561e+04 
2.59003774090588e+01 9.99892186074363e+04 
2.60582956021659e+01 9.99935863457665e+04 
2.62162142568713e+01 9.99977463848818e+04 
2.63741334755089e+01 1.00001749358666e+05 
2.65320531896202e+01 1.00005724467755e+05 
2.66899728755107e+01 1.00009704220536e+05 
2.68478922917635e+01 1.00013899624806e+05 
2.70058116301977e+01 1.00017774156592e+05 
2.71637307927613e+01 1.00021001535646e+05 
2.73216502821697e+01 1.00024112662098e+05 
2.74795690311203e+01 1.00027021259353e+05 
2.76374879055499e+01 1.00029977863619e+05 
2.77954041756501e+01 1.00032678840685e+05 
2.79533191433170e+01 1.00034805723900e+05 
2.81112322788099e+01 1.00036108476063e+05 
2.82691420252821e+01 1.00037375686649e+05 
2.84270498359011e+01 1.00038343262342e+05 
2.85849551367456e+01 1.00039393124126e+05 
2.87428577035279e+01 1.00039860607038e+05 
2.89007576935424e+01 1.00039692250286e+05 
2.90586554385742e+01 1.00038831557783e+05 
2.92165508783833e+01 1.00038016926883e+05 
2.93744443359554e+01 1.00036895925569e+05 
2.95323353920958e+01 1.00035828716287e+05 
2.96902253081402e+01 1.00034066031169e+05 
2.98481142776169e+01 1.00031718204782e+05 
3.00059979647156e+01 1.00028992821401e+05 
3.01638770985754e+01 1.00026376261200e+05 
3.03217523516603e+01 1.00023431807385e+05 
3.04796254231717e+01 1.00020464724797e+05 
3.06374979890028e+01 1.00016752056026e+05 
3.07953682566008e+01 1.00012631626143e+05 
3.09532360866590e+01 1.00008514735337e+05 
3.11111009485845e+01 1.00004513381456e+05 
3.12689642148262e+01 1.00000218404378e+05 
3.14268269801884e+01 9.99958124792625e+04 
3.15846899752751e+01 9.99908786314199e+04 
3.17425539745552e+01 9.99858773651672e+04 
3.19004203627167e+01 9.99813153835318e+04 
3.20582896401381e+01 9.99768333264975e+04 
3.22161632234601e+01 9.99722889091237e+04 
3.23740425511432e+01 9.99676018613194e+04 
3.25319290751244e+01 9.99627980601775e+04 
3.26898202982419e+01 9.99583890678250e+04 
3.28477131228900e+01 9.99547550853955e+04 
3.30056072961437e+01 9.99511451648744e+04 
3.31635023672678e+01 9.99478093621665e+04 
3.33213991393358e+01 9.99443316517233e+04 
3.34792973573956e+01 9.99412561364093e+04 
3.36371967535133e+01 9.99389986751380e+04 
3.37950973023584e+01 9.99376778042062e+04 
3.39529995672097e+01 9.99363390010716e+04 
3.41109029852060e+01 9.99356093218481e+04 
3.42688076087386e+01 9.99348322804319e+04 
3.44267132713632e+01 9.99349311724453e+04 
3.45846196509400e+01 9.99360332014961e+04 
3.47425273496765e+01 9.99379315725680e+04 
3.49004361808860e+01 9.99398382939058e+04 
3.50583454950604e+01 9.99424758386928e+04 
3.52162538750963e+01 9.99452155995645e+04 
3.53741611804014e+01 9.99490745720088e+04 
3.55320682312856e+01 9.99537041477961e+04 
3.56899754216115e+01 9.99586717624701e+04 
3.58478829107651e+01 9.99635482722810e+04 
3.60057904151544e+01 9.99688999508402e+04 
3.61636981099972e+01 9.99743919590559e+04 
3.63216068904539e+01 9.99807264698707e+04 
3.64795154283054e+01 9.99872027224332e+04 
3.66374236436593e+01 9.99933341438803e+04 
3.67953327010769e+01 9.99993973228536e+04 
3.69532427717678e+01 1.00005566297477e+05 
3.71111532244148e+01 1.00011801986181e+05 
3.72690630548262e+01 1.00018299590711e+05 
3.74269718145581e+01 1.00024233562551e+05 
3.75848778454541e+01 1.00029320796262e+05 
3.77427791017932e+01 1.00034375720846e+05 
3.79006746564164e+01 1.00039157180776e+05 
3.80585658512143e+01 1.00043963969708e+05 
3.82164521350274e+01 1.00048426717236e+05 
3.83743339522929e+01 1.00051910157513e+05 
3.85322143263643e+01 1.00054384048745e+05 
3.86900941565614e+01 1.00056848011062e+05 
3.88479738779336e+01 1.00058749370390e+05 
3.90058528607593e+01 1.00060695006338e+05 
3.91637297505779e+01 1.00061859288796e+05 
3.93216059461941e+01 1.00061947654091e+05 
3.94794833120710e+01 1.00061193906578e+05 
3.96373600136444e+01 1.00060422938851e+05 
3.97952355988724e+01 1.00059059028857e+05 
3.99531105564116e+01 1.00057651316046e+05 
4.01109853768128e+01 1.00055242089263e+05 
4.02688608742397e+01 1.00051971130287e+05 
4.04267381798270e+01 1.00048215813620e+05 
4.05846137319020e+01 1.00044463230208e+05 
4.07424858509869e+01 1.00040185288224e+05 
4.09003545163728e+01 1.00035849143925e+05 
4.10582217788816e+01 1.00030567446015e+05 
4.12160877638797e+01 1.00024937455368e+05 
4.13739537347660e+01 1.00019281857479e+05 
4.15318203524083e+01 1.00013663072259e+05 
4.16896877430492e+01 1.00007772596147e+05 
4.18475567572815e+01 1.00001839612913e+05 
4.20054296452478e+01 9.99953091390350e+04 
4.21633067849416e+01 9.99890311493588e+04 
4.23211896909693e+01 9.99832747320019e+04 
4.24790781339048e+01 9.99775629654152e+04 
4.26369644682292e+01 9.99719446815787e+04 
4.27948546539027e+01 9.99663118061411e+04 
4.29527445839470e+01 9.99606487562027e+04 
4.31106359297670e+01 9.99557792811049e+04 
4.32685306520852e+01 9.99517809758051e+04 
4.34264288504664e+01 9.99478272919919e+04 
4.35843293098335e+01 9.99443568819163e+04 
4.37422323857132e+01 9.99409337020025e+04 
4.39001362271449e+01 9.99381086750146e+04 
4.40580408935821e+01 9.99364396251221e+04 
4.42159461004656e+01 9.99357533018918e+04 
4.43738520952394e+01 9.99351455734321e+04 
4.45317586334686e+01 9.99352472262957e+04 
4.46896655731558e+01 9.99354817883602e+04 
4.48475732386247e+01 9.99367450184197e+04 
4.50054818277984e+01 9.99390882865671e+04 
4.51633912296472e+01 9.99421572389195e+04 
4.53213012689940e+01 9.99453259853444e+04 
4.54792124514439e+01 9.99491302733204e+04 
4.56371248172869e+01 9.99530719105539e+04 
4.57950380337933e+01 9.99580967508322e+04 
4.59529529680012e+01 9.99636604064895e+04 
4.61108663642278e+01 9.99693666443051e+04 
4.62687784498702e+01 9.99750729961497e+04 
4.64266899654798e+01 9.99810534072904e+04 
4.65846018793389e+01 9.99871179583080e+04 
4.67425141840204e+01 9.99938461588957e+04 
4.69004273753813e+01 1.00000383573956e+05 
4.70583412575278e+01 1.00006430067036e+05 
4.72162558287896e+01 1.00012471043678e+05 
4.73741661075397e+01 1.00018416484335e+05 
4.75320700293228e+01 1.00024334033788e+05 
4.76899693645184e+01 1.00030331899864e+05 
4.78478625125830e+01 1.00035532670433e+05 
4.80057508638390e+01 1.00039880412884e+05 
4.81636362087960e+01 1.00044202736940e+05 
4.83215191917349e+01 1.00048110224465e+05 
4.84794017791262e+01 1.00051948568312e+05 
4.86372824178603e+01 1.00055295380177e+05 
4.87951610644304e+01 1.00057560248811e+05 
4.89530401011878e+01 1.00058914985904e+05 
4.91109183405868e+01 1.00060205055764e+05 
4.92687968866861e+01 1.00060939347450e+05 
4.94266754364972e+01 1.00061568259142e+05 
4.95845515595664e+01 1.00061330677213e+05 
4.97424261075137e+01 1.00060087727553e+05 
4.99003006335041e+01 1.00058141471043e+05 
5.00581763017773e+01 1.00056070063378e+05 
5.02160540122954e+01 1.00053384382873e+05 
5.03739320513093e+01 1.00050554737512e+05 
5.05318084517488e+01 1.00046683582712e+05 
5.06896830101217e+01 1.00042150056801e+05 
5.08475554530749e+01 1.00037292229837e+05 
5.10054253922244e+01 1.00032368822096e+05 
5.11632927122317e+01 1.00027014207334e+05 
5.13211591090027e+01 1.00021508848358e+05 
5.14790271138448e+01 1.00015159190183e+05 
5.16368950153983e+01 1.00008740649817e+05 
5.17947643683201e+01 1.00002622310027e+05 
5.19526361004011e+01 9.99965387198862e+04 
5.21105113953299e+01 9.99903618634821e+04 
5.22683913894592e+01 9.99841087946865e+04 
5.24262776968112e+01 9.99776018117241e+04 
5.25841708838473e+01 9.99716866750789e+04 
5.27420666524036e+01 9.99666435882031e+04 
5.28999618489546e+01 9.99617266518515e+04 
5.30578577998667e+01 9.99570991878150e+04 
5.32157572283380e+01 9.99524683390831e+04 
5.33736576041167e+01 9.99482616614575e+04 
5.35315607809438e+01 9.99450308180267e+04 
5.36894666299000e+01 9.99428882953243e+04 
5.38473734460421e+01 9.99409083380451e+04 
5.40052812691421e+01 9.99394655578957e+04 
5.41631892761518e+01 9.99380881568904e+04 
5.43210976391154e+01 9.99376124470420e+04 
5.44790065647947e+01 9.99381756772251e+04 
5.46369153234515e+01 9.99396369436563e+04 
5.47948247591204e+01 9.99412433817728e+04 
5.49527345816088e+01 9.99434486238920e+04 
5.51106448015583e+01 9.99458059269245e+04 
5.52685553466649e+01 9.99492517081275e+04 
5.54264665842849e+01 9.99534154033977e+04 
5.55843786559346e+01 9.99579902713180e+04 
5.57422916964500e+01 9.99626064601481e+04 
5.59002049245996e+01 9.99676533479346e+04 
5.60581165652534e+01 9.99728703622874e+04 
5.62160267790978e+01 9.99789102326699e+04 
5.63739360456862e+01 9.99850804795051e+04 
5.65318446490167e+01 9.99909888477557e+04 
5.66897535039061e+01 9.99968918875502e+04 
5.68476637724107e+01 1.00002880516047e+05 
5.70055749148130e+01 1.00008990005611e+05 
5.71634862686760e+01 1.00015406254859e+05 
5.73213958959964e+01 1.00021335549977e+05 
5.74793010243427e+01 1.00026482630121e+05 
5.76372006427965e+01 1.00031542462566e+05 
5.77950939663717e+01 1.00036399026008e+05 
5.79529832749989e+01 1.00041314170205e+05 
5.81108693165340e+01 1.00045959093056e+05 
5.82687509560842e+01 1.00049770150300e+05 
5.84266313769464e+01 1.00052584856553e+05 
5.85845125473362e+01 1.00055277842989e+05 
5.87423932111164e+01 1.00057527146182e+05 
5.89002729936823e+01 1.00059789321373e+05 
5.90581527151859e+01 1.00061332000744e+05 
5.92160322137457e+01 1.00061918222166e+05 
5.93739114996228e+01 1.00061612783369e+05 
5.95317886882425e+01 1.00061159540194e+05 
5.96896638636060e+01 1.00060154773710e+05 
5.98475378197668e+01 1.00059076714400e+05 
6.00054119865173e+01 1.00056966366637e+05 
6.01632862541559e+01 1.00054073808513e+05 
6.03211632133958e+01 1.00050587664571e+05 
6.04790393685606e+01 1.00046985885898e+05 
6.06369130750726e+01 1.00042834382465e+05 
6.07947845152142e+01 1.00038547691800e+05 
6.09526543879465e+01 1.00033263900789e+05 
6.11105223433906e+01 1.00027608061963e+05 
6.12683891572993e+01 1.00021896167660e+05 
6.14262556334736e+01 1.00016192425935e+05 
6.15841213812268e+01 1.00010161995010e+05 
6.17419872970758e+01 1.00003973550969e+05 
6.18998556369791e+01 9.99972005766849e+04 
6.20577270573682e+01 9.99906623430683e+04 
6.22156028064752e+01 9.99847123396318e+04 
6.23734839507439e+01 9.99788412243906e+04 
6.25313719458757e+01 9.99730263104700e+04 
6.26892653364233e+01 9.99671273257179e+04 
6.28471589494630e+01 9.99612643485109e+04 
6.30050539658638e+01 9.99561644827236e+04 
6.31629516032019e+01 9.99520494797495e+04 
6.33208526762621e+01 9.99480441754754e+04 
6.34787557016783e+01 9.99444385979791e+04 
6.36366621209855e+01 9.99407937090739e+04 
6.37945707388512e+01 9.99377613458305e+04 
6.39524799651022e+01 9.99357085209742e+04 
6.41103898945289e+01 9.99346440242305e+04 
6.42682996768123e+01 9.99336815756445e+04 
6.44262099946042e+01 9.99332450127389e+04 
6.45841203235132e+01 9.99328464761723e+04 
6.47420308141056e+01 9.99333662626122e+04 
6.48999413857551e+01 9.99348295100228e+04 
6.50578522130705e+01 9.99370070685344e+04 
6.52157621383260e+01 9.99392716306701e+04 
6.53736716684331e+01 9.99421680747302e+04 
6.55315818735089e+01 9.99452463310373e+04 
6.56894924466357e+01 9.99493214043271e+04 
6.58474019305714e+01 9.99540424241022e+04 
6.60053094171804e+01 9.99590156224107e+04 
6.61632151021049e+01 9.99640626289663e+04 
6.63211194929648e+01 9.99695802556596e+04 
6.64790238951629e+01 9.99753203978536e+04 
6.66369283078166e+01 9.99818204892449e+04 
6.67948331393927e+01 9.99883869219565e+04 
6.69527394440034e+01 9.99946289114587e+04 
6.71106470639483e+01 1.00000950735922e+05 
6.72685553183821e+01 1.00007380323833e+05 
6.74264597024061e+01 1.00013950745542e+05 
6.75843590419925e+01 1.00020801930490e+05 
6.77422535684911e+01 1.00027041364208e+05 
6.79001426201263e+01 1.00032488859448e+05 
6.80580282864847e+01 1.00037947321052e+05 
6.82159111158328e+01 1.00043133477606e+05 
6.83737930861987e+01 1.00048338777264e+05 
6.85316731580176e+01 1.00053184595933e+05 
6.86895517906449e+01 1.00056984501854e+05 
6.88474307150474e+01 1.00059818663615e+05 
6.90053081989569e+01 1.00062599015704e+05 
6.91631854542290e+01 1.00064805796239e+05 
6.93210605590817e+01 1.00066934596041e+05 
6.94789329603387e+01 1.00068265751411e+05 
6.96368026296308e+01 1.00068429337826e+05 
6.97946722052352e+01 1.00067746205456e+05 
6.99525422636531e+01 1.00066951748377e+05 
7.01104134175452e+01 1.00065473022435e+05 
7.02682863349460e+01 1.00063780099705e+05 
7.04261613776249e+01 1.00061051597095e+05 
7.05840389189998e+01 1.00057418765799e+05 
7.07419152096647e+01 1.00053354999251e+05 
7.08997875851045e+01 1.00049195403897e+05 
7.10576561988164e+01 1.00044466000748e+05 
7.12155224399363e+01 1.00039479682894e+05 
7.13733888211252e+01 1.00033620910789e+05 
7.15312552146323e+01 1.00027471739189e+05 
7.16891217538037e+01 1.00021464065204e+05 
7.18469894024299e+01 1.00015379857531e+05 
7.20048591249784e+01 1.00009083342554e+05 
7.21627323468697e+01 1.00002588064662e+05 
7.23206109024455e+01 9.99956866229876e+04 
7.24784954490941e+01 9.99891961569359e+04 
7.26363845290400e+01 9.99833981781964e+04 
7.27942734676224e+01 9.99775823765145e+04 
7.29521620226019e+01 9.99719461533805e+04 
7.31100537643340e+01 9.99662323951437e+04 
7.32679464204612e+01 9.99607206255853e+04 
7.34258410448585e+01 9.99561661180924e+04 
7.35837409539245e+01 9.99525939699032e+04 
7.37416437257822e+01 9.99490325646892e+04 
7.38995475254834e+01 9.99459875254136e+04 
7.40574552767677e+01 9.99430227783082e+04 
7.42153656889771e+01 9.99407767051861e+04 
7.43732764020060e+01 9.99397031694413e+04 
7.45311875013272e+01 9.99395125039172e+04 
7.46890982702211e+01 9.99393691665470e+04 
7.48470091952905e+01 9.99398480756856e+04 
7.50049203089887e+01 9.99405372461617e+04 
7.51628314776675e+01 9.99421756534328e+04 
7.53207423108823e+01 9.99447816529598e+04 
7.54786534052723e+01 9.99478455179173e+04 
7.56365652919325e+01 9.99509026268153e+04 
7.57944760696322e+01 9.99544822119394e+04 
7.59523842322763e+01 9.99583099487318e+04 
7.61102907052860e+01 9.99629226117695e+04 
7.62681956345978e+01 9.99679748258084e+04 
7.64260997846199e+01 9.99728804680982e+04 
7.65840035006254e+01 9.99777909668994e+04 
7.67419079524643e+01 9.99829359787398e+04 
7.68998130220342e+01 9.99882974383641e+04 
7.70577190529444e+01 9.99940190422787e+04 
7.72156246322281e+01 9.99995822464760e+04 
7.73735304351853e+01 1.00004540069982e+05 
7.75314321962536e+01 1.00009542573241e+05 
7.76893280918668e+01 1.00014514295301e+05 
7.78472194406838e+01 1.00019613957405e+05 
7.80051082848022e+01 1.00024641471423e+05 
7.81629925315635e+01 1.00029037720802e+05 
7.83208748693117e+01 1.00032655977804e+05 
7.84787573742400e+01 1.00036331390294e+05 
7.86366399901977e+01 1.00039731377518e+05 
7.87945213840157e+01 1.00043150184370e+05 
7.89524022580153e+01 1.00046111226528e+05 
7.91102822345851e+01 1.00048167342763e+05 
7.92681598504246e+01 1.00049512390574e+05 
7.94260346032737e+01 1.00050907786879e+05 
7.95839065415183e+01 1.00051815387396e+05 
7.97417762739281e+01 1.00052592670590e+05 
7.98996452426869e+01 1.00052659423510e+05 
8.00575144475735e+01 1.00051754295776e+05 
8.02153853484350e+01 1.00050370704515e+05 
8.03732595753060e+01 1.00049021291969e+05 
8.05311360044327e+01 1.00047080334274e+05 
8.06890123775687e+01 1.00044894241124e+05 
8.08468842047536e+01 1.00041958456029e+05 
8.10047525333100e+01 1.00038302535781e+05 
8.11626191499556e+01 1.00034601208378e+05 
8.13204847650461e+01 1.00030900513347e+05 
8.14783488435453e+01 1.00026768357871e+05 
8.16362118439805e+01 1.00022374745583e+05 
8.17940760681954e+01 1.00017445820842e+05 
8.19519420697887e+01 1.00012330249968e+05 
8.21098112939899e+01 1.00007621969457e+05 
8.22676847318654e+01 1.00002878582317e+05 
8.24255638214298e+01 9.99979930123105e+04 
8.25834499430324e+01 9.99929246680083e+04 
8.27413394366513e+01 9.99877375236918e+04 
8.28992294477559e+01 9.99829518189937e+04 
8.30571223195795e+01 9.99788628504016e+04 
8.32150170578953e+01 9.99747073925531e+04 
8.33729147817309e+01 9.99707483243912e+04 
8.35308144311052e+01 9.99667633684721e+04 
8.36887168341859e+01 9.99631150758173e+04 
8.38466229777523e+01 9.99603180796315e+04 
8.40045316549114e+01 9.99582649321469e+04 
8.41624411095586e+01 9.99561094342834e+04 
8.43203503968559e+01 9.99544253068239e+04 
8.44782605557664e+01 9.99529029628558e+04 
8.46361711006565e+01 9.99519767223717e+04 
8.47940815795453e+01 9.99520812241213e+04 
8.49519911103720e+01 9.99527090875082e+04 
8.51098990973984e+01 9.99532537315534e+04 
8.52678065112851e+01 9.99543797810802e+04 
8.54257138686154e+01 9.99557586325032e+04 
8.55836217801970e+01 9.99578370455899e+04 
8.57415292183254e+01 9.99607288141638e+04 
8.58994341398339e+01 9.99637088238685e+04 
8.60573367332196e+01 9.99666467739991e+04 
8.62152374038746e+01 9.99700241397304e+04 
8.63731375811182e+01 9.99736605093448e+04 
8.65310375987192e+01 9.99777897092328e+04 
8.66889375552248e+01 9.99822277251284e+04 
8.68468385039286e+01 9.99863166205703e+04 
8.70047412609430e+01 9.99904568508066e+04 
8.71626443614392e+01 9.99947938339075e+04 
8.73205479962068e+01 9.99993055575868e+04 
8.74784503206073e+01 1.00003975107451e+05 
8.76363495572885e+01 1.00008401510691e+05 
8.77942431849901e+01 1.00012235978406e+05 
8.79521325309210e+01 1.00016161484644e+05 
8.81100185611205e+01 1.00020013082835e+05 
8.82679028525337e+01 1.00023895963295e+05 
8.84257843073351e+01 1.00027590862666e+05 
8.85836638116007e+01 1.00030635767746e+05 
8.87415446242167e+01 1.00033066747627e+05 
8.88994240315965e+01 1.00035595346323e+05 
8.90573022819536e+01 1.00037812524675e+05 
8.92151767527825e+01 1.00039918880122e+05 
8.93730477224399e+01 1.00041621464188e+05 
8.95309156458027e+01 1.00042444103617e+05 
8.96887826912112e+01 1.00042792153406e+05 
8.98466499713213e+01 1.00043209348138e+05 
9.00045176380459e+01 1.00043133218414e+05 
9.01623865154936e+01 1.00042824868788e+05 
9.03202569356564e+01 1.00041933615797e+05 
9.04781297063303e+01 1.00040201012002e+05 
9.06360054524564e+01 1.00038270771312e+05 
9.07938823357972e+01 1.00036351774362e+05 
9.09517541470789e+01 1.00033938871030e+05 
9.11096225648372e+01 1.00031236509920e+05 
9.12674903529327e+01 1.00027992340497e+05 
9.14253570626701e+01 1.00024243133325e+05 
9.15832226822998e+01 1.00020664951748e+05 
9.17410881565195e+01 1.00017074120447e+05 
9.18989546135373e+01 1.00013146904201e+05 
9.20568232887804e+01 1.00008965154062e+05 
9.22146961573564e+01 1.00004485302687e+05 
9.23725738596910e+01 1.00000006135353e+05 
9.25304579588404e+01 9.99960374363821e+04 
9.26883440768282e+01 9.99919976400868e+04 
9.28462302163992e+01 9.99879186372691e+04 
9.30041188904351e+01 9.99837202934246e+04 
9.31620089406748e+01 9.99795732803758e+04 
9.33199003766930e+01 9.99759357371592e+04 
9.34777965434557e+01 9.99729483293407e+04 
9.36356962709857e+01 9.99698418971243e+04 
9.37935970223798e+01 9.99670238928094e+04 
9.39515016043418e+01 9.99642558791872e+04 
9.41094095639123e+01 9.99618671045020e+04 
9.42673176496791e+01 9.99603623077471e+04 
9.44252272261732e+01 9.99594192227204e+04 
9.45831367419679e+01 9.99583948605582e+04 
9.47410472060425e+01 9.99578664966288e+04 
9.48989573503301e+01 9.99575659659308e+04 
9.50568658739766e+01 9.99578546368231e+04 
9.52147728697819e+01 9.99590584745477e+04 
9.53726794597599e+01 9.99605516238777e+04 
9.55305867647987e+01 9.99620042770790e+04 
9.56884942753968e+01 9.99639821477874e+04 
9.58463997516093e+01 9.99662764622517e+04 
9.60043026249207e+01 9.99691389337365e+04 
9.61622035600294e+01 9.99726190526455e+04 
9.63201032160052e+01 9.99759742865313e+04 
9.64780023140949e+01 9.99793493895155e+04 
9.66359014564617e+01 9.99830790412104e+04 
9.67938016196219e+01 9.99870717354042e+04 
9.69517021660862e+01 9.99913927626778e+04 
9.71096039307884e+01 9.99958132571654e+04 
9.72675053659434e+01 9.99997542213828e+04 
9.74254084969254e+01 1.00003778163302e+05 
9.75833089937247e+01 1.00007911214438e+05 
9.77412039501997e+01 1.00012163789102e+05 
9.78990956464850e+01 1.00016423932705e+05 
9.80569824734498e+01 1.00020275975968e+05 
9.82148662686850e+01 1.00023508065687e+05 
9.83727491375352e+01 1.00026820537253e+05 
9.85306321990684e+01 1.00029946934574e+05 
9.86885141869873e+01 1.00033053069168e+05 
9.88463960415929e+01 1.00035852699697e+05 
9.90042760737878e+01 1.00037902142068e+05 
9.91621528526767e+01 1.00039403462253e+05 
9.93200261516929e+01 1.00040954749606e+05 
9.94778958586317e+01 1.00042117352075e+05 
9.96357631314534e+01 1.00043073296666e+05 
9.97936285106285e+01 1.00043548373203e+05 
9.99514940149456e+01 1.00043163576074e+05 
1.00109360548212e+02 1.00042419870268e+05 
