# Liste des scalaires : TEMPS pmat 
0.00000000000000e+00 1.00000000000000e+05 
1.58013544018059e-01 1.00000000000000e+05 
3.16027088036117e-01 1.00000000000000e+05 
4.74040632054176e-01 1.00000000000000e+05 
6.32054176072234e-01 1.00000000000000e+05 
7.90067720090293e-01 1.00000000000000e+05 
9.48081264108351e-01 1.00000000000000e+05 
1.10609480812641e+00 1.00000000000000e+05 
1.26410835214447e+00 1.00000000000000e+05 
1.42212189616253e+00 1.00000000000000e+05 
1.58013544018058e+00 1.00000000000000e+05 
1.73814898419864e+00 1.00000000000000e+05 
1.89616252821670e+00 1.00000000000000e+05 
2.05417607223476e+00 1.00000000000000e+05 
2.21218961625282e+00 1.00000000000000e+05 
2.37020316027088e+00 1.00000000000000e+05 
2.52821670428893e+00 1.00000000000000e+05 
2.68623024830699e+00 1.00000000000000e+05 
2.84424379232505e+00 1.00000000000000e+05 
3.00225733634311e+00 1.00000000000000e+05 
3.16027088036116e+00 1.00000000000000e+05 
3.31828442437922e+00 1.00000000000000e+05 
3.47629796839728e+00 1.00000000000000e+05 
3.63431151241534e+00 1.00000000000000e+05 
3.79232505643340e+00 1.00000000000000e+05 
3.95033860045145e+00 1.00000000000000e+05 
4.10835214446951e+00 1.00000000000000e+05 
4.26636568848757e+00 1.00000000000000e+05 
4.42437923250563e+00 1.00000000000000e+05 
4.58239277652368e+00 1.00000000000000e+05 
4.74040632054174e+00 1.00000000000000e+05 
4.89841986455980e+00 1.00000000000000e+05 
5.05643340857771e+00 1.00000000000000e+05 
5.21444695259555e+00 1.00000000000000e+05 
5.37246049661106e+00 1.00000000000000e+05 
5.53047404062163e+00 1.00000000000000e+05 
5.68848758460807e+00 1.00000000000000e+05 
5.84650112860433e+00 1.00000000000000e+05 
6.00451467131846e+00 1.00000000000000e+05 
6.16252820860419e+00 1.00000000000000e+05 
6.32054173855849e+00 1.00000000000000e+05 
6.47855526263600e+00 1.00000000000000e+05 
6.63656878322570e+00 1.00000000000000e+05 
6.79458230116958e+00 1.00000000000000e+05 
6.95259581572868e+00 1.00000000000000e+05 
7.11060926486710e+00 1.00000000000000e+05 
7.26862123211782e+00 1.00000000000000e+05 
7.42662869286748e+00 1.00000000000000e+05 
7.58462797993242e+00 1.00000000000000e+05 
7.74261562363004e+00 1.00000000000000e+05 
7.90058972087802e+00 1.00000000000000e+05 
8.05854876760864e+00 1.00000000000000e+05 
8.21649327583521e+00 1.00000000000000e+05 
8.37442375590179e+00 1.00000000000000e+05 
8.53234121474706e+00 1.00000000000000e+05 
8.69024692780629e+00 1.00000000000000e+05 
8.84814294511368e+00 1.00000000000000e+05 
9.00603027516490e+00 1.00000000000000e+05 
9.16391060602912e+00 1.00000000000000e+05 
9.32178516379403e+00 1.00000000000000e+05 
9.47965513838773e+00 1.00000000000000e+05 
9.63751817790166e+00 1.00000000000000e+05 
9.79537550224774e+00 1.00000000000000e+05 
9.95322697641788e+00 1.00000000000000e+05 
1.01110732028936e+01 1.00000000000000e+05 
1.02689146274544e+01 1.00000000000000e+05 
1.04267523201822e+01 1.00000000000000e+05 
1.05845878187241e+01 1.00000000000000e+05 
1.07424234235056e+01 1.00000000000000e+05 
1.09002605183067e+01 1.00000000000000e+05 
1.10581011989153e+01 1.00000000000000e+05 
1.12159469760981e+01 1.00000000000000e+05 
1.13737958277871e+01 1.00000000000000e+05 
1.15316485112955e+01 1.00000000000000e+05 
1.16895059234703e+01 1.00000000000000e+05 
1.18473678135275e+01 1.00000000000000e+05 
1.20052343190564e+01 1.00000000000000e+05 
1.21631037930394e+01 1.00000000000000e+05 
1.23209755736488e+01 1.00000000000000e+05 
1.24788506295067e+01 1.00000000000000e+05 
1.26367295773036e+01 1.00000000000000e+05 
1.27946116815903e+01 1.00000000000000e+05 
1.29524970895918e+01 1.00000000000000e+05 
1.31103853882209e+01 1.00000000000000e+05 
1.32682764852580e+01 1.00000000000000e+05 
1.34261706139616e+01 1.00000000000000e+05 
1.35840685957871e+01 1.00000000000000e+05 
1.37419698795382e+01 1.00000000000000e+05 
1.38998748238769e+01 1.00000000000000e+05 
1.40577825863761e+01 1.00000000000000e+05 
1.42156900780669e+01 1.00000000000000e+05 
1.43735971547495e+01 1.00000000000000e+05 
1.45315042337418e+01 1.00000000000000e+05 
1.46894115576050e+01 1.00000000000000e+05 
1.48473186395545e+01 1.00000000000000e+05 
1.50052256719272e+01 1.00000000000000e+05 
1.51631330578148e+01 1.00000000000000e+05 
1.53210408171837e+01 1.00000000000000e+05 
1.54789489338296e+01 1.00000000000000e+05 
1.56368576354914e+01 1.00000000000000e+05 
1.57947669611646e+01 1.00000000000000e+05 
1.59526770505537e+01 1.00000000000000e+05 
1.61105878565459e+01 1.00000000000000e+05 
1.62684993007154e+01 1.00000000000000e+05 
1.64264117696543e+01 1.00000000000000e+05 
1.65843252894251e+01 1.00000000000000e+05 
1.67422394503545e+01 1.00000000000000e+05 
1.69001543231263e+01 1.00000000000000e+05 
1.70580702178261e+01 1.00000000000000e+05 
1.72159869071440e+01 1.00000000000000e+05 
1.73739045484328e+01 1.00000000000000e+05 
1.75318230870977e+01 1.00000000000000e+05 
1.76897420386758e+01 1.00000000000000e+05 
1.78476617082648e+01 1.00000000000000e+05 
1.80055822852594e+01 1.00000000000000e+05 
1.81635032871374e+01 1.00000000000000e+05 
1.83214252006964e+01 1.00000000000000e+05 
1.84793480458620e+01 1.00000000000000e+05 
1.86372715456650e+01 1.00000000000000e+05 
1.87951957601081e+01 1.00000000000000e+05 
1.89531209484135e+01 1.00000000000000e+05 
1.91110441089809e+01 1.00000000000000e+05 
1.92689571504680e+01 1.00000000000000e+05 
1.94268607791625e+01 1.00000000000000e+05 
1.95847566159270e+01 1.00000000000000e+05 
1.97426455229279e+01 1.00000000000000e+05 
1.99005279081235e+01 1.00000000000000e+05 
2.00584049686281e+01 1.00000000000000e+05 
2.02162789927353e+01 1.00000000000000e+05 
2.03741510118332e+01 1.00000000000000e+05 
2.05320225312322e+01 1.00000000000000e+05 
2.06898943694514e+01 1.00000000000000e+05 
2.08477672335517e+01 1.00000000000000e+05 
2.10056381883608e+01 1.00000000000000e+05 
2.11635073392954e+01 1.00000000000000e+05 
2.13213744206154e+01 1.00000000000000e+05 
2.14792406064660e+01 1.00000000000000e+05 
2.16371055052497e+01 1.00000000000000e+05 
2.17949698598769e+01 1.00000000000000e+05 
2.19528346543289e+01 1.00000000000000e+05 
2.21107022379036e+01 1.00000000000000e+05 
2.22685735446671e+01 1.00000000000000e+05 
2.24264499128177e+01 1.00000000000000e+05 
2.25843313783613e+01 1.00000000000000e+05 
2.27422178371839e+01 1.00000000000000e+05 
2.29001082195325e+01 1.00000000000000e+05 
2.30580026165052e+01 1.00000000000000e+05 
2.32159006750456e+01 1.00000000000000e+05 
2.33738008250518e+01 1.00000000000000e+05 
2.35317021841015e+01 1.00000000000000e+05 
2.36896047805334e+01 1.00000000000000e+05 
2.38475089535193e+01 1.00000000000000e+05 
2.40054144059897e+01 1.00000000000000e+05 
2.41633212527943e+01 1.00000000000000e+05 
2.43212294708959e+01 1.00000000000000e+05 
2.44791391765311e+01 1.00000000000000e+05 
2.46370501927731e+01 1.00000000000000e+05 
2.47949629062368e+01 1.00000000000000e+05 
2.49528766385629e+01 1.00000000000000e+05 
2.51107912664912e+01 1.00000000000000e+05 
2.52687065421895e+01 1.00000000000000e+05 
2.54266227275827e+01 1.00000000000000e+05 
2.55845402635157e+01 1.00000000000000e+05 
2.57424589006128e+01 1.00000000000000e+05 
2.59003774090588e+01 1.00000000000000e+05 
2.60582956021659e+01 1.00000000000000e+05 
2.62162142568713e+01 1.00000000000000e+05 
2.63741334755089e+01 1.00000000000000e+05 
2.65320531896202e+01 1.00000000000000e+05 
2.66899728755107e+01 1.00000000000000e+05 
2.68478922917635e+01 1.00000000000000e+05 
2.70058116301977e+01 1.00000000000000e+05 
2.71637307927613e+01 1.00000000000000e+05 
2.73216502821697e+01 1.00000000000000e+05 
2.74795690311203e+01 1.00000000000000e+05 
2.76374879055499e+01 1.00000000000000e+05 
2.77954041756501e+01 1.00000000000000e+05 
2.79533191433170e+01 1.00000000000000e+05 
2.81112322788099e+01 1.00000000000000e+05 
2.82691420252821e+01 1.00000000000000e+05 
2.84270498359011e+01 1.00000000000000e+05 
2.85849551367456e+01 1.00000000000000e+05 
2.87428577035279e+01 1.00000000000000e+05 
2.89007576935424e+01 1.00000000000000e+05 
2.90586554385742e+01 1.00000000000000e+05 
2.92165508783833e+01 1.00000000000000e+05 
2.93744443359554e+01 1.00000000000000e+05 
2.95323353920958e+01 1.00000000000000e+05 
2.96902253081402e+01 1.00000000000000e+05 
2.98481142776169e+01 1.00000000000000e+05 
3.00059979647156e+01 1.00000000000000e+05 
3.01638770985754e+01 1.00000000000000e+05 
3.03217523516603e+01 1.00000000000000e+05 
3.04796254231717e+01 1.00000000000000e+05 
3.06374979890028e+01 1.00000000000000e+05 
3.07953682566008e+01 1.00000000000000e+05 
3.09532360866590e+01 1.00000000000000e+05 
3.11111009485845e+01 1.00000000000000e+05 
3.12689642148262e+01 1.00000000000000e+05 
3.14268269801884e+01 1.00000000000000e+05 
3.15846899752751e+01 1.00000000000000e+05 
3.17425539745552e+01 1.00000000000000e+05 
3.19004203627167e+01 1.00000000000000e+05 
3.20582896401381e+01 1.00000000000000e+05 
3.22161632234601e+01 1.00000000000000e+05 
3.23740425511432e+01 1.00000000000000e+05 
3.25319290751244e+01 1.00000000000000e+05 
3.26898202982419e+01 1.00000000000000e+05 
3.28477131228900e+01 1.00000000000000e+05 
3.30056072961437e+01 1.00000000000000e+05 
3.31635023672678e+01 1.00000000000000e+05 
3.33213991393358e+01 1.00000000000000e+05 
3.34792973573956e+01 1.00000000000000e+05 
3.36371967535133e+01 1.00000000000000e+05 
3.37950973023584e+01 1.00000000000000e+05 
3.39529995672097e+01 1.00000000000000e+05 
3.41109029852060e+01 1.00000000000000e+05 
3.42688076087386e+01 1.00000000000000e+05 
3.44267132713632e+01 1.00000000000000e+05 
3.45846196509400e+01 1.00000000000000e+05 
3.47425273496765e+01 1.00000000000000e+05 
3.49004361808860e+01 1.00000000000000e+05 
3.50583454950604e+01 1.00000000000000e+05 
3.52162538750963e+01 1.00000000000000e+05 
3.53741611804014e+01 1.00000000000000e+05 
3.55320682312856e+01 1.00000000000000e+05 
3.56899754216115e+01 1.00000000000000e+05 
3.58478829107651e+01 1.00000000000000e+05 
3.60057904151544e+01 1.00000000000000e+05 
3.61636981099972e+01 1.00000000000000e+05 
3.63216068904539e+01 1.00000000000000e+05 
3.64795154283054e+01 1.00000000000000e+05 
3.66374236436593e+01 1.00000000000000e+05 
3.67953327010769e+01 1.00000000000000e+05 
3.69532427717678e+01 1.00000000000000e+05 
3.71111532244148e+01 1.00000000000000e+05 
3.72690630548262e+01 1.00000000000000e+05 
3.74269718145581e+01 1.00000000000000e+05 
3.75848778454541e+01 1.00000000000000e+05 
3.77427791017932e+01 1.00000000000000e+05 
3.79006746564164e+01 1.00000000000000e+05 
3.80585658512143e+01 1.00000000000000e+05 
3.82164521350274e+01 1.00000000000000e+05 
3.83743339522929e+01 1.00000000000000e+05 
3.85322143263643e+01 1.00000000000000e+05 
3.86900941565614e+01 1.00000000000000e+05 
3.88479738779336e+01 1.00000000000000e+05 
3.90058528607593e+01 1.00000000000000e+05 
3.91637297505779e+01 1.00000000000004e+05 
3.93216059461941e+01 1.00000000000016e+05 
3.94794833120710e+01 1.00000000000052e+05 
3.96373600136444e+01 1.00000000000126e+05 
3.97952355988724e+01 1.00000000036971e+05 
3.99531105564116e+01 1.00000000509273e+05 
4.01109853768128e+01 1.00000001132205e+05 
4.02688608742397e+01 1.00000002011878e+05 
4.04267381798270e+01 1.00000003555503e+05 
4.05846137319020e+01 1.00000005979078e+05 
4.07424858509869e+01 1.00000010044003e+05 
4.09003545163728e+01 1.00000017207573e+05 
4.10582217788816e+01 1.00000028359605e+05 
4.12160877638797e+01 1.00000045923513e+05 
4.13739537347660e+01 1.00000075437779e+05 
4.15318203524083e+01 1.00000119899604e+05 
4.16896877430492e+01 1.00000184669649e+05 
4.18475567572815e+01 1.00000283489823e+05 
4.20054296452478e+01 1.00000422752773e+05 
4.21633067849416e+01 1.00000611419131e+05 
4.23211896909693e+01 1.00000884311362e+05 
4.24790781339048e+01 1.00001240018637e+05 
4.26369644682292e+01 1.00001682481624e+05 
4.27948546539027e+01 1.00002227757400e+05 
4.29527445839470e+01 1.00002897851963e+05 
4.31106359297670e+01 1.00003645584005e+05 
4.32685306520852e+01 1.00004562189227e+05 
4.34264288504664e+01 1.00005600896426e+05 
4.35843293098335e+01 1.00006703203768e+05 
4.37422323857132e+01 1.00007809449910e+05 
4.39001362271449e+01 1.00009027058164e+05 
4.40580408935821e+01 1.00010196585867e+05 
4.42159461004656e+01 1.00011475693085e+05 
4.43738520952394e+01 1.00012788866686e+05 
4.45317586334686e+01 1.00014006477423e+05 
4.46896655731558e+01 1.00014997722581e+05 
4.48475732386247e+01 1.00016000843710e+05 
4.50054818277984e+01 1.00016804011303e+05 
4.51633912296472e+01 1.00017616445237e+05 
4.53213012689940e+01 1.00018351459220e+05 
4.54792124514439e+01 1.00018823380415e+05 
4.56371248172869e+01 1.00018960323590e+05 
4.57950380337933e+01 1.00019028515027e+05 
4.59529529680012e+01 1.00018832134811e+05 
4.61108663642278e+01 1.00018590601623e+05 
4.62687784498702e+01 1.00018198451503e+05 
4.64266899654798e+01 1.00017510878971e+05 
4.65846018793389e+01 1.00016543130863e+05 
4.67425141840204e+01 1.00015467386976e+05 
4.69004273753813e+01 1.00014204746243e+05 
4.70583412575278e+01 1.00012893735209e+05 
4.72162558287896e+01 1.00011384390995e+05 
4.73741661075397e+01 1.00009683384203e+05 
4.75320700293228e+01 1.00007893549390e+05 
4.76899693645184e+01 1.00005982030621e+05 
4.78478625125830e+01 1.00004034918784e+05 
4.80057508638390e+01 1.00001977482613e+05 
4.81636362087960e+01 9.99997882051463e+04 
4.83215191917349e+01 9.99975817626701e+04 
4.84794017791262e+01 9.99955072482209e+04 
4.86372824178603e+01 9.99932858555324e+04 
4.87951610644304e+01 9.99911823129280e+04 
4.89530401011878e+01 9.99889190920142e+04 
4.91109183405868e+01 9.99865917567673e+04 
4.92687968866861e+01 9.99844439957866e+04 
4.94266754364972e+01 9.99826116139917e+04 
4.95845515595664e+01 9.99805986317204e+04 
4.97424261075137e+01 9.99787929699232e+04 
4.99003006335041e+01 9.99767880886391e+04 
5.00581763017773e+01 9.99748102902283e+04 
5.02160540122954e+01 9.99731551515809e+04 
5.03739320513093e+01 9.99719486966553e+04 
5.05318084517488e+01 9.99706100645233e+04 
5.06896830101217e+01 9.99695966569827e+04 
5.08475554530749e+01 9.99684208675234e+04 
5.10054253922244e+01 9.99674003448696e+04 
5.11632927122317e+01 9.99668365921197e+04 
5.13211591090027e+01 9.99668514679153e+04 
5.14790271138448e+01 9.99668985963353e+04 
5.16368950153983e+01 9.99673340627102e+04 
5.17947643683201e+01 9.99677895576560e+04 
5.19526361004011e+01 9.99684825969052e+04 
5.21105113953299e+01 9.99696504216503e+04 
5.22683913894592e+01 9.99713266071806e+04 
5.24262776968112e+01 9.99731980666105e+04 
5.25841708838473e+01 9.99753893753139e+04 
5.27420666524036e+01 9.99776826444132e+04 
5.28999618489546e+01 9.99802134757193e+04 
5.30578577998667e+01 9.99830069949081e+04 
5.32157572283380e+01 9.99859906675918e+04 
5.33736576041167e+01 9.99892277508845e+04 
5.35315607809438e+01 9.99925088647161e+04 
5.36894666299000e+01 9.99959435950218e+04 
5.38473734460421e+01 9.99994696080134e+04 
5.40052812691421e+01 1.00002958123464e+05 
5.41631892761518e+01 1.00006228091051e+05 
5.43210976391154e+01 1.00009758977616e+05 
5.44790065647947e+01 1.00013061746521e+05 
5.46369153234515e+01 1.00016535940580e+05 
5.47948247591204e+01 1.00019985029799e+05 
5.49527345816088e+01 1.00023026108603e+05 
5.51106448015583e+01 1.00025563584755e+05 
5.52685553466649e+01 1.00028311381952e+05 
5.54264665842849e+01 1.00030578479321e+05 
5.55843786559346e+01 1.00032958130236e+05 
5.57422916964500e+01 1.00035088680659e+05 
5.59002049245996e+01 1.00036648581965e+05 
5.60581165652534e+01 1.00037472922773e+05 
5.62160267790978e+01 1.00038294428889e+05 
5.63739360456862e+01 1.00038571836342e+05 
5.65318446490167e+01 1.00038814400828e+05 
5.66897535039061e+01 1.00038756895556e+05 
5.68476637724107e+01 1.00038057553062e+05 
5.70055749148130e+01 1.00036744180028e+05 
5.71634862686760e+01 1.00035329932887e+05 
5.73213958959964e+01 1.00033532198959e+05 
5.74793010243427e+01 1.00031690241286e+05 
5.76372006427965e+01 1.00029624963028e+05 
5.77950939663717e+01 1.00027148440447e+05 
5.79529832749989e+01 1.00024384541454e+05 
5.81108693165340e+01 1.00021461670686e+05 
5.82687509560842e+01 1.00018387622604e+05 
5.84266313769464e+01 1.00015205112946e+05 
5.85845125473362e+01 1.00011905062113e+05 
5.87423932111164e+01 1.00008522041440e+05 
5.89002729936823e+01 1.00005186085105e+05 
5.90581527151859e+01 1.00001591173486e+05 
5.92160322137457e+01 9.99980909342155e+04 
5.93739114996228e+01 9.99944269337955e+04 
5.95317886882425e+01 9.99907327756408e+04 
5.96896638636060e+01 9.99872469867541e+04 
5.98475378197668e+01 9.99840872412403e+04 
6.00054119865173e+01 9.99806671382363e+04 
6.01632862541559e+01 9.99776103331439e+04 
6.03211632133958e+01 9.99744452302857e+04 
6.04790393685606e+01 9.99714342784114e+04 
6.06369130750726e+01 9.99689030356720e+04 
6.07947845152142e+01 9.99669714209280e+04 
6.09526543879465e+01 9.99649411087749e+04 
6.11105223433906e+01 9.99634757249318e+04 
6.12683891572993e+01 9.99620462380126e+04 
6.14262556334736e+01 9.99609051073137e+04 
6.15841213812268e+01 9.99604129001809e+04 
6.17419872970758e+01 9.99606021231300e+04 
6.18998556369791e+01 9.99608892178957e+04 
6.20577270573682e+01 9.99617228182339e+04 
6.22156028064752e+01 9.99626578735111e+04 
6.23734839507439e+01 9.99638882491085e+04 
6.25313719458757e+01 9.99656556331836e+04 
6.26892653364233e+01 9.99679059831194e+04 
6.28471589494630e+01 9.99703072709052e+04 
6.30050539658638e+01 9.99730389629859e+04 
6.31629516032019e+01 9.99758651224507e+04 
6.33208526762621e+01 9.99788619620869e+04 
6.34787557016783e+01 9.99820967248290e+04 
6.36366621209855e+01 9.99854165031590e+04 
6.37945707388512e+01 9.99889149966214e+04 
6.39524799651022e+01 9.99923893509836e+04 
6.41103898945289e+01 9.99959382483917e+04 
6.42682996768123e+01 9.99995061081930e+04 
6.44262099946042e+01 1.00002979160899e+05 
6.45841203235132e+01 1.00006157454745e+05 
6.47420308141056e+01 1.00009518744571e+05 
6.48999413857551e+01 1.00012544486924e+05 
6.50578522130705e+01 1.00015621014189e+05 
6.52157621383260e+01 1.00018587640838e+05 
6.53736716684331e+01 1.00021200108247e+05 
6.55315818735089e+01 1.00023280370246e+05 
6.56894924466357e+01 1.00025498404658e+05 
6.58474019305714e+01 1.00027219045909e+05 
6.60053094171804e+01 1.00028980162295e+05 
6.61632151021049e+01 1.00030525552648e+05 
6.63211194929648e+01 1.00031579068641e+05 
6.64790238951629e+01 1.00032052690524e+05 
6.66369283078166e+01 1.00032535394835e+05 
6.67948331393927e+01 1.00032559369501e+05 
6.69527394440034e+01 1.00032561870070e+05 
6.71106470639483e+01 1.00032309211347e+05 
6.72685553183821e+01 1.00031548265053e+05 
6.74264597024061e+01 1.00030312720459e+05 
6.75843590419925e+01 1.00028984633876e+05 
6.77422535684911e+01 1.00027275085059e+05 
6.79001426201263e+01 1.00025483229837e+05 
6.80580282864847e+01 1.00023464410400e+05 
6.82159111158328e+01 1.00021095821247e+05 
6.83737930861987e+01 1.00018470289694e+05 
6.85316731580176e+01 1.00015645097127e+05 
6.86895517906449e+01 1.00012676398738e+05 
6.88474307150474e+01 1.00009550452441e+05 
6.90053081989569e+01 1.00006298553910e+05 
6.91631854542290e+01 1.00002992972598e+05 
6.93210605590817e+01 9.99997667674610e+04 
6.94789329603387e+01 9.99963099990808e+04 
6.96368026296308e+01 9.99930051402259e+04 
6.97946722052352e+01 9.99895618523669e+04 
6.99525422636531e+01 9.99861420565539e+04 
7.01104134175452e+01 9.99830277495283e+04 
7.02682863349460e+01 9.99803316964403e+04 
7.04261613776249e+01 9.99774588184442e+04 
7.05840389189998e+01 9.99750003181353e+04 
7.07419152096647e+01 9.99724803623412e+04 
7.08997875851045e+01 9.99701720490829e+04 
7.10576561988164e+01 9.99683693619017e+04 
7.12155224399363e+01 9.99671926352901e+04 
7.13733888211252e+01 9.99659934917618e+04 
7.15312552146323e+01 9.99652977754798e+04 
7.16891217538037e+01 9.99646406308551e+04 
7.18469894024299e+01 9.99642570084277e+04 
7.20048591249784e+01 9.99644580379275e+04 
7.21627323468697e+01 9.99652728868980e+04 
7.23206109024455e+01 9.99661846209730e+04 
7.24784954490941e+01 9.99675616737724e+04 
7.26363845290400e+01 9.99690078942298e+04 
7.27942734676224e+01 9.99707310628990e+04 
7.29521620226019e+01 9.99728899725510e+04 
7.31100537643340e+01 9.99753895617605e+04 
7.32679464204612e+01 9.99780868599652e+04 
7.34258410448585e+01 9.99810188793963e+04 
7.35837409539245e+01 9.99840925406815e+04 
7.37416437257822e+01 9.99873240389247e+04 
7.38995475254834e+01 9.99906654849451e+04 
7.40574552767677e+01 9.99939462854980e+04 
7.42153656889771e+01 9.99974707072565e+04 
7.43732764020060e+01 1.00000916274429e+05 
7.45311875013272e+01 1.00004516013840e+05 
7.46890982702211e+01 1.00008118175324e+05 
7.48470091952905e+01 1.00011473543041e+05 
7.50049203089887e+01 1.00014407383333e+05 
7.51628314776675e+01 1.00017569138164e+05 
7.53207423108823e+01 1.00020358309501e+05 
7.54786534052723e+01 1.00023257115541e+05 
7.56365652919325e+01 1.00025983647451e+05 
7.57944760696322e+01 1.00028210573645e+05 
7.59523842322763e+01 1.00029815350142e+05 
7.61102907052860e+01 1.00031508608744e+05 
7.62681956345978e+01 1.00032712288943e+05 
7.64260997846199e+01 1.00033949168240e+05 
7.65840035006254e+01 1.00034929482734e+05 
7.67419079524643e+01 1.00035312831612e+05 
7.68998130220342e+01 1.00035040659374e+05 
7.70577190529444e+01 1.00034721031595e+05 
7.72156246322281e+01 1.00033931581427e+05 
7.73735304351853e+01 1.00033118686267e+05 
7.75314321962536e+01 1.00032034645772e+05 
7.76893280918668e+01 1.00030468136825e+05 
7.78472194406838e+01 1.00028448973561e+05 
7.80051082848022e+01 1.00026260124863e+05 
7.81629925315635e+01 1.00023755029162e+05 
7.83208748693117e+01 1.00021143510184e+05 
7.84787573742400e+01 1.00018360989800e+05 
7.86366399901977e+01 1.00015363982745e+05 
7.87945213840157e+01 1.00012260543154e+05 
7.89524022580153e+01 1.00008913038186e+05 
7.91102822345851e+01 1.00005532129317e+05 
7.92681598504246e+01 1.00002000738518e+05 
7.94260346032737e+01 9.99984390825305e+04 
7.95839065415183e+01 9.99949962726596e+04 
7.97417762739281e+01 9.99918465847341e+04 
7.98996452426869e+01 9.99884454212953e+04 
8.00575144475735e+01 9.99853386810411e+04 
8.02153853484350e+01 9.99821081405283e+04 
8.03732595753060e+01 9.99790148444872e+04 
8.05311360044327e+01 9.99763397380250e+04 
8.06890123775687e+01 9.99742614324326e+04 
8.08468842047536e+01 9.99720332977840e+04 
8.10047525333100e+01 9.99703178300125e+04 
8.11626191499556e+01 9.99685393675681e+04 
8.13204847650461e+01 9.99670251889436e+04 
8.14783488435453e+01 9.99661094275165e+04 
8.16362118439805e+01 9.99658793314951e+04 
8.17940760681954e+01 9.99656986804583e+04 
8.19519420697887e+01 9.99660079736193e+04 
8.21098112939899e+01 9.99663619312064e+04 
8.22676847318654e+01 9.99669993730267e+04 
8.24255638214298e+01 9.99681993320814e+04 
8.25834499430324e+01 9.99699340122968e+04 
8.27413394366513e+01 9.99718188623075e+04 
8.28992294477559e+01 9.99740875854833e+04 
8.30571223195795e+01 9.99764329150174e+04 
8.32150170578953e+01 9.99789826793405e+04 
8.33729147817309e+01 9.99818266454661e+04 
8.35308144311052e+01 9.99848362699812e+04 
8.36887168341859e+01 9.99880646879794e+04 
8.38466229777523e+01 9.99913647268757e+04 
8.40045316549114e+01 9.99947823638531e+04 
8.41624411095586e+01 9.99982445437859e+04 
8.43203503968559e+01 1.00001637529941e+05 
8.44782605557664e+01 1.00004793912478e+05 
8.46361711006565e+01 1.00008165702521e+05 
8.47940815795453e+01 1.00011286597693e+05 
8.49519911103720e+01 1.00014503754362e+05 
8.51098990973984e+01 1.00017627361926e+05 
8.52678065112851e+01 1.00020335857710e+05 
8.54257138686154e+01 1.00022517520256e+05 
8.55836217801970e+01 1.00024865662354e+05 
8.57415292183254e+01 1.00026731328387e+05 
8.58994341398339e+01 1.00028654036150e+05 
8.60573367332196e+01 1.00030334109984e+05 
8.62152374038746e+01 1.00031481512919e+05 
8.63731375811182e+01 1.00031989081032e+05 
8.65310375987192e+01 1.00032511905486e+05 
8.66889375552248e+01 1.00032537200306e+05 
8.68468385039286e+01 1.00032542557038e+05 
8.70047412609430e+01 1.00032285859850e+05 
8.71626443614392e+01 1.00031488895028e+05 
8.73205479962068e+01 1.00030156692131e+05 
8.74784503206073e+01 1.00028718320723e+05 
8.76363495572885e+01 1.00026885222872e+05 
8.77942431849901e+01 1.00024987440022e+05 
8.79521325309210e+01 1.00022868247015e+05 
8.81100185611205e+01 1.00020384766492e+05 
8.82679028525337e+01 1.00017641866049e+05 
8.84257843073351e+01 1.00014706682453e+05 
8.85836638116007e+01 1.00011620405998e+05 
8.87415446242167e+01 1.00008394608334e+05 
8.88994240315965e+01 1.00005067750160e+05 
8.90573022819536e+01 1.00001697935401e+05 
8.92151767527825e+01 9.99984373042225e+04 
8.93730477224399e+01 9.99949616221918e+04 
8.95309156458027e+01 9.99916391928951e+04 
8.96887826912112e+01 9.99881888979434e+04 
8.98466499713213e+01 9.99848043859088e+04 
9.00045176380459e+01 9.99816949448168e+04 
9.01623865154936e+01 9.99790393217731e+04 
9.03202569356564e+01 9.99762405975962e+04 
9.04781297063303e+01 9.99738543573536e+04 
9.06360054524564e+01 9.99714377963210e+04 
9.07938823357972e+01 9.99692264086209e+04 
9.09517541470789e+01 9.99675090968067e+04 
9.11096225648372e+01 9.99664319660795e+04 
9.12674903529327e+01 9.99653575040322e+04 
9.14253570626701e+01 9.99648276978366e+04 
9.15832226822998e+01 9.99643354346730e+04 
9.17410881565195e+01 9.99641195550668e+04 
9.18989546135373e+01 9.99644768473244e+04 
9.20568232887804e+01 9.99654532925024e+04 
9.22146961573564e+01 9.99665536903918e+04 
9.23725738596910e+01 9.99681360917855e+04 
9.25304579588404e+01 9.99697753081222e+04 
9.26883440768282e+01 9.99716841612236e+04 
9.28462302163992e+01 9.99740211584413e+04 
9.30041188904351e+01 9.99766784750193e+04 
9.31620089406748e+01 9.99795184198016e+04 
9.33199003766930e+01 9.99825768316745e+04 
9.34777965434557e+01 9.99857646138348e+04 
9.36356962709857e+01 9.99890934405037e+04 
9.37935970223798e+01 9.99925260965007e+04 
9.39515016043418e+01 9.99958727194974e+04 
9.41094095639123e+01 9.99994204181193e+04 
9.42673176496791e+01 1.00002864349422e+05 
9.44252272261732e+01 1.00006443060685e+05 
9.45831367419679e+01 1.00010004760418e+05 
9.47410472060425e+01 1.00013350850172e+05 
9.48989573503301e+01 1.00016260869784e+05 
9.50568658739766e+01 1.00019342848695e+05 
9.52147728697819e+01 1.00022039412102e+05 
9.53726794597599e+01 1.00024820650859e+05 
9.55305867647987e+01 1.00027469672375e+05 
9.56884942753968e+01 1.00029655125246e+05 
9.58463997516093e+01 1.00031230325861e+05 
9.60043026249207e+01 1.00032877103093e+05 
9.61622035600294e+01 1.00033992730630e+05 
9.63201032160052e+01 1.00035147458323e+05 
9.64780023140949e+01 1.00036086214056e+05 
9.66359014564617e+01 1.00036475925203e+05 
9.67938016196219e+01 1.00036261284547e+05 
9.69517021660862e+01 1.00035971321817e+05 
9.71096039307884e+01 1.00035186182533e+05 
9.72675053659434e+01 1.00034380182770e+05 
9.74254084969254e+01 1.00033327433402e+05 
9.75833089937247e+01 1.00031807413689e+05 
9.77412039501997e+01 1.00029866082537e+05 
9.78990956464850e+01 1.00027767693915e+05 
9.80569824734498e+01 1.00025321384016e+05 
9.82148662686850e+01 1.00022743867865e+05 
9.83727491375352e+01 1.00019983013627e+05 
9.85306321990684e+01 1.00016989311339e+05 
9.86885141869873e+01 1.00013884496823e+05 
9.88463960415929e+01 1.00010524678847e+05 
9.90042760737878e+01 1.00007108020863e+05 
9.91621528526767e+01 1.00003506627626e+05 
9.93200261516929e+01 9.99998223695933e+04 
9.94778958586317e+01 9.99962255651379e+04 
9.96357631314534e+01 9.99928952981726e+04 
9.97936285106285e+01 9.99893053884680e+04 
9.99514940149456e+01 9.99859988907554e+04 
1.00109360548212e+02 9.99825220933469e+04 
