# Liste des scalaires : TEMPS pmat 
0.00000000000000e+00 1.00000000000000e+05 
1.58013544018059e-01 1.00000000000000e+05 
3.16027088036117e-01 1.00000000000000e+05 
4.74040632054176e-01 1.00000000000000e+05 
6.32054176072234e-01 1.00000000000000e+05 
7.90067720090293e-01 1.00000000000000e+05 
9.48081264108351e-01 1.00000000000000e+05 
1.10609480812641e+00 1.00000000000000e+05 
1.26410835214447e+00 1.00000000000000e+05 
1.42212189616253e+00 1.00000000000000e+05 
1.58013544018058e+00 1.00000000000000e+05 
1.73814898419864e+00 1.00000000000000e+05 
1.89616252821670e+00 1.00000000000000e+05 
2.05417607223476e+00 1.00000000000000e+05 
2.21218961625282e+00 1.00000000000000e+05 
2.37020316027088e+00 1.00000000000000e+05 
2.52821670428893e+00 1.00000000000000e+05 
2.68623024830699e+00 1.00000000000000e+05 
2.84424379232505e+00 1.00000000000000e+05 
3.00225733634311e+00 1.00000000000000e+05 
3.16027088036116e+00 1.00000000000000e+05 
3.31828442437922e+00 1.00000000000000e+05 
3.47629796839728e+00 1.00000000000000e+05 
3.63431151241534e+00 1.00000000000000e+05 
3.79232505643340e+00 1.00000000000000e+05 
3.95033860045145e+00 1.00000000000000e+05 
4.10835214446951e+00 1.00000000000000e+05 
4.26636568848757e+00 1.00000000000000e+05 
4.42437923250563e+00 1.00000000000000e+05 
4.58239277652368e+00 1.00000000000000e+05 
4.74040632054174e+00 1.00000000000000e+05 
4.89841986455980e+00 1.00000000000000e+05 
5.05643340857771e+00 1.00000000000000e+05 
5.21444695259555e+00 1.00000000000000e+05 
5.37246049661106e+00 1.00000000000000e+05 
5.53047404062163e+00 1.00000000000000e+05 
5.68848758460807e+00 1.00000000000000e+05 
5.84650112860433e+00 1.00000000000000e+05 
6.00451467131846e+00 1.00000000000000e+05 
6.16252820860419e+00 1.00000000000000e+05 
6.32054173855849e+00 1.00000000000000e+05 
6.47855526263600e+00 1.00000000000000e+05 
6.63656878322570e+00 1.00000000000000e+05 
6.79458230116958e+00 1.00000000000000e+05 
6.95259581572868e+00 1.00000000000000e+05 
7.11060926486710e+00 1.00000000000000e+05 
7.26862123211782e+00 1.00000000000000e+05 
7.42662869286748e+00 1.00000000000000e+05 
7.58462797993242e+00 1.00000000000000e+05 
7.74261562363004e+00 1.00000000000000e+05 
7.90058972087802e+00 1.00000000000000e+05 
8.05854876760864e+00 1.00000000000000e+05 
8.21649327583521e+00 1.00000000000000e+05 
8.37442375590179e+00 1.00000000000000e+05 
8.53234121474706e+00 1.00000000000000e+05 
8.69024692780629e+00 1.00000000000000e+05 
8.84814294511368e+00 1.00000000000000e+05 
9.00603027516490e+00 1.00000000000000e+05 
9.16391060602912e+00 1.00000000000000e+05 
9.32178516379403e+00 1.00000000000000e+05 
9.47965513838773e+00 1.00000000000000e+05 
9.63751817790166e+00 1.00000000000000e+05 
9.79537550224774e+00 1.00000000000000e+05 
9.95322697641788e+00 1.00000000000000e+05 
1.01110732028936e+01 1.00000000000000e+05 
1.02689146274544e+01 1.00000000000000e+05 
1.04267523201822e+01 1.00000000000000e+05 
1.05845878187241e+01 1.00000000000000e+05 
1.07424234235056e+01 1.00000000000000e+05 
1.09002605183067e+01 1.00000000000000e+05 
1.10581011989153e+01 1.00000000000000e+05 
1.12159469760981e+01 1.00000000000000e+05 
1.13737958277871e+01 1.00000000000000e+05 
1.15316485112955e+01 1.00000000000000e+05 
1.16895059234703e+01 1.00000000000000e+05 
1.18473678135275e+01 1.00000000000000e+05 
1.20052343190564e+01 1.00000000000000e+05 
1.21631037930394e+01 1.00000000000000e+05 
1.23209755736488e+01 1.00000000000000e+05 
1.24788506295067e+01 1.00000000000000e+05 
1.26367295773036e+01 1.00000000000000e+05 
1.27946116815903e+01 1.00000000000000e+05 
1.29524970895918e+01 1.00000000000000e+05 
1.31103853882209e+01 1.00000000000000e+05 
1.32682764852580e+01 1.00000000000000e+05 
1.34261706139616e+01 1.00000000000000e+05 
1.35840685957871e+01 1.00000000000000e+05 
1.37419698795382e+01 1.00000000000000e+05 
1.38998748238769e+01 1.00000000000000e+05 
1.40577825863761e+01 1.00000000000000e+05 
1.42156900780669e+01 1.00000000000000e+05 
1.43735971547495e+01 1.00000000000000e+05 
1.45315042337418e+01 1.00000000000000e+05 
1.46894115576050e+01 1.00000000000000e+05 
1.48473186395545e+01 1.00000000000000e+05 
1.50052256719272e+01 1.00000000000000e+05 
1.51631330578148e+01 1.00000000000000e+05 
1.53210408171837e+01 1.00000000000000e+05 
1.54789489338296e+01 1.00000000000000e+05 
1.56368576354914e+01 1.00000000000000e+05 
1.57947669611646e+01 1.00000000000000e+05 
1.59526770505537e+01 1.00000000000000e+05 
1.61105878565459e+01 1.00000000000000e+05 
1.62684993007154e+01 1.00000000000000e+05 
1.64264117696543e+01 1.00000000000000e+05 
1.65843252894251e+01 1.00000000000000e+05 
1.67422394503545e+01 1.00000000000000e+05 
1.69001543231263e+01 1.00000000000000e+05 
1.70580702178261e+01 1.00000000000000e+05 
1.72159869071440e+01 1.00000000000000e+05 
1.73739045484328e+01 1.00000000000000e+05 
1.75318230870977e+01 1.00000000000000e+05 
1.76897420386758e+01 1.00000000000000e+05 
1.78476617082648e+01 1.00000000000000e+05 
1.80055822852594e+01 1.00000000000000e+05 
1.81635032871374e+01 1.00000000000000e+05 
1.83214252006964e+01 1.00000000000000e+05 
1.84793480458620e+01 1.00000000000000e+05 
1.86372715456650e+01 1.00000000000000e+05 
1.87951957601081e+01 1.00000000000000e+05 
1.89531209484135e+01 1.00000000000000e+05 
1.91110441089809e+01 1.00000000000000e+05 
1.92689571504680e+01 1.00000000000000e+05 
1.94268607791625e+01 1.00000000000000e+05 
1.95847566159270e+01 1.00000000000000e+05 
1.97426455229279e+01 1.00000000000000e+05 
1.99005279081235e+01 1.00000000000000e+05 
2.00584049686281e+01 1.00000000000000e+05 
2.02162789927353e+01 1.00000000000001e+05 
2.03741510118332e+01 1.00000000000006e+05 
2.05320225312322e+01 1.00000000000034e+05 
2.06898943694514e+01 1.00000000000424e+05 
2.08477672335517e+01 1.00000000004446e+05 
2.10056381883608e+01 1.00000000051487e+05 
2.11635073392954e+01 1.00000000417922e+05 
2.13213744206154e+01 1.00000000724113e+05 
2.14792406064660e+01 1.00000001331497e+05 
2.16371055052497e+01 1.00000002250652e+05 
2.17949698598769e+01 1.00000003710466e+05 
2.19528346543289e+01 1.00000006170980e+05 
2.21107022379036e+01 1.00000009628323e+05 
2.22685735446671e+01 1.00000015602815e+05 
2.24264499128177e+01 1.00000023982335e+05 
2.25843313783613e+01 1.00000036261487e+05 
2.27422178371839e+01 1.00000054721971e+05 
2.29001082195325e+01 1.00000084231834e+05 
2.30580026165052e+01 1.00000122812505e+05 
2.32159006750456e+01 1.00000183488434e+05 
2.33738008250518e+01 1.00000265401960e+05 
2.35317021841015e+01 1.00000373381805e+05 
2.36896047805334e+01 1.00000522317640e+05 
2.38475089535193e+01 1.00000741533270e+05 
2.40054144059897e+01 1.00001011068360e+05 
2.41633212527943e+01 1.00001397266103e+05 
2.43212294708959e+01 1.00001898419775e+05 
2.44791391765311e+01 1.00002495204878e+05 
2.46370501927731e+01 1.00003249934517e+05 
2.47949629062368e+01 1.00004276578581e+05 
2.49528766385629e+01 1.00005474743194e+05 
2.51107912664912e+01 1.00007035833121e+05 
2.52687065421895e+01 1.00008978979049e+05 
2.54266227275827e+01 1.00011072960725e+05 
2.55845402635157e+01 1.00013471516704e+05 
2.57424589006128e+01 1.00016456234619e+05 
2.59003774090588e+01 1.00019671301082e+05 
2.60582956021659e+01 1.00023362254125e+05 
2.62162142568713e+01 1.00027470246728e+05 
2.63741334755089e+01 1.00031273797735e+05 
2.65320531896202e+01 1.00034894736280e+05 
2.66899728755107e+01 1.00038798080786e+05 
2.68478922917635e+01 1.00042112508488e+05 
2.70058116301977e+01 1.00045213018732e+05 
2.71637307927613e+01 1.00047737312945e+05 
2.73216502821697e+01 1.00049498436072e+05 
2.74795690311203e+01 1.00050342556737e+05 
2.76374879055499e+01 1.00050852923354e+05 
2.77954041756501e+01 1.00050599555497e+05 
2.79533191433170e+01 1.00049807161084e+05 
2.81112322788099e+01 1.00048438064977e+05 
2.82691420252821e+01 1.00046864100521e+05 
2.84270498359011e+01 1.00044628799103e+05 
2.85849551367456e+01 1.00042027042693e+05 
2.87428577035279e+01 1.00039211390392e+05 
2.89007576935424e+01 1.00035620837063e+05 
2.90586554385742e+01 1.00031657230239e+05 
2.92165508783833e+01 1.00027879465829e+05 
2.93744443359554e+01 1.00023688872402e+05 
2.95323353920958e+01 1.00018894927499e+05 
2.96902253081402e+01 1.00014393234330e+05 
2.98481142776169e+01 1.00009007735075e+05 
3.00059979647156e+01 1.00003319359050e+05 
3.01638770985754e+01 9.99981019926888e+04 
3.03217523516603e+01 9.99926863736467e+04 
3.04796254231717e+01 9.99865568341015e+04 
3.06374979890028e+01 9.99809921135316e+04 
3.07953682566008e+01 9.99748535548294e+04 
3.09532360866590e+01 9.99685663477511e+04 
3.11111009485845e+01 9.99630787391925e+04 
3.12689642148262e+01 9.99578508108834e+04 
3.14268269801884e+01 9.99522979852204e+04 
3.15846899752751e+01 9.99476246246053e+04 
3.17425539745552e+01 9.99429612277066e+04 
3.19004203627167e+01 9.99386036423044e+04 
3.20582896401381e+01 9.99351185253150e+04 
3.22161632234601e+01 9.99322970939884e+04 
3.23740425511432e+01 9.99296383735297e+04 
3.25319290751244e+01 9.99278853952625e+04 
3.26898202982419e+01 9.99267412815039e+04 
3.28477131228900e+01 9.99262779439065e+04 
3.30056072961437e+01 9.99263970892030e+04 
3.31635023672678e+01 9.99273687123873e+04 
3.33213991393358e+01 9.99287987783072e+04 
3.34792973573956e+01 9.99308434240030e+04 
3.36371967535133e+01 9.99337878747083e+04 
3.37950973023584e+01 9.99373866528480e+04 
3.39529995672097e+01 9.99410305797980e+04 
3.41109029852060e+01 9.99453998446595e+04 
3.42688076087386e+01 9.99504805395815e+04 
3.44267132713632e+01 9.99555961332652e+04 
3.45846196509400e+01 9.99617052113434e+04 
3.47425273496765e+01 9.99683120979452e+04 
3.49004361808860e+01 9.99744250179193e+04 
3.50583454950604e+01 9.99808849358177e+04 
3.52162538750963e+01 9.99880265377946e+04 
3.53741611804014e+01 9.99945874477693e+04 
3.55320682312856e+01 1.00001778583937e+05 
3.56899754216115e+01 1.00009099928998e+05 
3.58478829107651e+01 1.00015498104124e+05 
3.60057904151544e+01 1.00021721412516e+05 
3.61636981099972e+01 1.00028268177743e+05 
3.63216068904539e+01 1.00033828703005e+05 
3.64795154283054e+01 1.00039462579378e+05 
3.66374236436593e+01 1.00044800425185e+05 
3.67953327010769e+01 1.00049185520162e+05 
3.69532427717678e+01 1.00053014452674e+05 
3.71111532244148e+01 1.00056731119596e+05 
3.72690630548262e+01 1.00059455301730e+05 
3.74269718145581e+01 1.00061733952456e+05 
3.75848778454541e+01 1.00063486785226e+05 
3.77427791017932e+01 1.00064614372272e+05 
3.79006746564164e+01 1.00065062245075e+05 
3.80585658512143e+01 1.00065129600974e+05 
3.82164521350274e+01 1.00064560029309e+05 
3.83743339522929e+01 1.00063193521579e+05 
3.85322143263643e+01 1.00061184751032e+05 
3.86900941565614e+01 1.00058925116996e+05 
3.88479738779336e+01 1.00055958909901e+05 
3.90058528607593e+01 1.00052307297310e+05 
3.91637297505779e+01 1.00048357351994e+05 
3.93216059461941e+01 1.00043446827266e+05 
3.94794833120710e+01 1.00037847827722e+05 
3.96373600136444e+01 1.00032452287515e+05 
3.97952355988724e+01 1.00026567695188e+05 
3.99531105564116e+01 1.00019930018033e+05 
4.01109853768128e+01 1.00013543404243e+05 
4.02688608742397e+01 1.00006342131900e+05 
4.04267381798270e+01 9.99986866904699e+04 
4.05846137319020e+01 9.99916741686234e+04 
4.07424858509869e+01 9.99845833124121e+04 
4.09003545163728e+01 9.99768994299711e+04 
4.10582217788816e+01 9.99699489714097e+04 
4.12160877638797e+01 9.99626050389386e+04 
4.13739537347660e+01 9.99552833829503e+04 
4.15318203524083e+01 9.99488974055283e+04 
4.16896877430492e+01 9.99429684667338e+04 
4.18475567572815e+01 9.99368210839757e+04 
4.20054296452478e+01 9.99318929813228e+04 
4.21633067849416e+01 9.99271408157620e+04 
4.23211896909693e+01 9.99229604631463e+04 
4.24790781339048e+01 9.99197825585583e+04 
4.26369644682292e+01 9.99174944081938e+04 
4.27948546539027e+01 9.99155183245628e+04 
4.29527445839470e+01 9.99146138425776e+04 
4.31106359297670e+01 9.99144100414968e+04 
4.32685306520852e+01 9.99150438210887e+04 
4.34264288504664e+01 9.99162961097390e+04 
4.35843293098335e+01 9.99185900741302e+04 
4.37422323857132e+01 9.99215983271376e+04 
4.39001362271449e+01 9.99252210584224e+04 
4.40580408935821e+01 9.99299342669894e+04 
4.42159461004656e+01 9.99354775801565e+04 
4.43738520952394e+01 9.99410083478206e+04 
4.45317586334686e+01 9.99473877001811e+04 
4.46896655731558e+01 9.99546442924200e+04 
4.48475732386247e+01 9.99618403391880e+04 
4.50054818277984e+01 9.99701534950429e+04 
4.51633912296472e+01 9.99790585330974e+04 
4.53213012689940e+01 9.99873238509755e+04 
4.54792124514439e+01 9.99959735290472e+04 
4.56371248172869e+01 1.00005351574552e+05 
4.57950380337933e+01 1.00013964081821e+05 
4.59529529680012e+01 1.00023233793395e+05 
4.61108663642278e+01 1.00032582133067e+05 
4.62687784498702e+01 1.00040806830568e+05 
4.64266899654798e+01 1.00048717192744e+05 
4.65846018793389e+01 1.00056886207617e+05 
4.67425141840204e+01 1.00063667964182e+05 
4.69004273753813e+01 1.00070445984388e+05 
4.70583412575278e+01 1.00076616224510e+05 
4.72162558287896e+01 1.00081571543646e+05 
4.73741661075397e+01 1.00085716896713e+05 
4.75320700293228e+01 1.00089666287345e+05 
4.76899693645184e+01 1.00092195055016e+05 
4.78478625125830e+01 1.00094199650839e+05 
4.80057508638390e+01 1.00095350767214e+05 
4.81636362087960e+01 1.00095658307683e+05 
4.83215191917349e+01 1.00094921235435e+05 
4.84794017791262e+01 1.00093587379258e+05 
4.86372824178603e+01 1.00091329823991e+05 
4.87951610644304e+01 1.00088037963817e+05 
4.89530401011878e+01 1.00083764434052e+05 
4.91109183405868e+01 1.00079179303352e+05 
4.92687968866861e+01 1.00073599126221e+05 
4.94266754364972e+01 1.00067191599236e+05 
4.95845515595664e+01 1.00060575647244e+05 
4.97424261075137e+01 1.00052796480638e+05 
4.99003006335041e+01 1.00044302904886e+05 
5.00581763017773e+01 1.00036171017727e+05 
5.02160540122954e+01 1.00027436626214e+05 
5.03739320513093e+01 1.00017937906868e+05 
5.05318084517488e+01 1.00009054225786e+05 
5.06896830101217e+01 9.99992763921298e+04 
5.08475554530749e+01 9.99892203647318e+04 
5.10054253922244e+01 9.99801300326649e+04 
5.11632927122317e+01 9.99710231665805e+04 
5.13211591090027e+01 9.99614784703557e+04 
5.14790271138448e+01 9.99531829696204e+04 
5.16368950153983e+01 9.99445128932536e+04 
5.17947643683201e+01 9.99361895421703e+04 
5.19526361004011e+01 9.99291286903172e+04 
5.21105113953299e+01 9.99226767390485e+04 
5.22683913894592e+01 9.99162597427500e+04 
5.24262776968112e+01 9.99113905058169e+04 
5.25841708838473e+01 9.99067613501328e+04 
5.27420666524036e+01 9.99030430955883e+04 
5.28999618489546e+01 9.99005732052466e+04 
5.30578577998667e+01 9.98992182910266e+04 
5.32157572283380e+01 9.98983267463657e+04 
5.33736576041167e+01 9.98987912901626e+04 
5.35315607809438e+01 9.99000368736663e+04 
5.36894666299000e+01 9.99023490940504e+04 
5.38473734460421e+01 9.99053830525459e+04 
5.40052812691421e+01 9.99096384967268e+04 
5.41631892761518e+01 9.99146539710599e+04 
5.43210976391154e+01 9.99204258888109e+04 
5.44790065647947e+01 9.99273760552740e+04 
5.46369153234515e+01 9.99352522325149e+04 
5.47948247591204e+01 9.99431178173503e+04 
5.49527345816088e+01 9.99518980608288e+04 
5.51106448015583e+01 9.99615162758094e+04 
5.52685553466649e+01 9.99708371887184e+04 
5.54264665842849e+01 9.99812639743098e+04 
5.55843786559346e+01 9.99921097939814e+04 
5.57422916964500e+01 1.00002060489442e+05 
5.59002049245996e+01 1.00012188945679e+05 
5.60581165652534e+01 1.00022791742050e+05 
5.62160267790978e+01 1.00032112370564e+05 
5.63739360456862e+01 1.00041937099150e+05 
5.65318446490167e+01 1.00051332444527e+05 
5.66897535039061e+01 1.00059353431379e+05 
5.68476637724107e+01 1.00066748636414e+05 
5.70055749148130e+01 1.00074072525916e+05 
5.71634862686760e+01 1.00079620895203e+05 
5.73213958959964e+01 1.00085046312738e+05 
5.74793010243427e+01 1.00089548150914e+05 
5.76372006427965e+01 1.00092758477803e+05 
5.77950939663717e+01 1.00094910050566e+05 
5.79529832749989e+01 1.00096628109618e+05 
5.81108693165340e+01 1.00096903597741e+05 
5.82687509560842e+01 1.00096537242641e+05 
5.84266313769464e+01 1.00095174897741e+05 
5.85845125473362e+01 1.00093029397262e+05 
5.87423932111164e+01 1.00089721951304e+05 
5.89002729936823e+01 1.00085736194640e+05 
5.90581527151859e+01 1.00080985914239e+05 
5.92160322137457e+01 1.00075205342561e+05 
5.93739114996228e+01 1.00068546480361e+05 
5.95317886882425e+01 1.00061780895911e+05 
5.96896638636060e+01 1.00054094357175e+05 
5.98475378197668e+01 1.00045786432117e+05 
6.00054119865173e+01 1.00037562507673e+05 
6.01632862541559e+01 1.00028396900711e+05 
6.03211632133958e+01 1.00018771267453e+05 
6.04790393685606e+01 1.00009776698734e+05 
6.06369130750726e+01 1.00000397351748e+05 
6.07947845152142e+01 9.99905970013898e+04 
6.09526543879465e+01 9.99816405585102e+04 
6.11105223433906e+01 9.99720491979556e+04 
6.12683891572993e+01 9.99625705471530e+04 
6.14262556334736e+01 9.99541777382091e+04 
6.15841213812268e+01 9.99460940483161e+04 
6.17419872970758e+01 9.99379431669573e+04 
6.18998556369791e+01 9.99312202779489e+04 
6.20577270573682e+01 9.99243791796723e+04 
6.22156028064752e+01 9.99182355314707e+04 
6.23734839507439e+01 9.99134157931263e+04 
6.25313719458757e+01 9.99095242716817e+04 
6.26892653364233e+01 9.99059244989470e+04 
6.28471589494630e+01 9.99038837146662e+04 
6.30050539658638e+01 9.99022926572293e+04 
6.31629516032019e+01 9.99017825929772e+04 
6.33208526762621e+01 9.99023623891750e+04 
6.34787557016783e+01 9.99042396512357e+04 
6.36366621209855e+01 9.99067506662227e+04 
6.37945707388512e+01 9.99104297610023e+04 
6.39524799651022e+01 9.99150523646627e+04 
6.41103898945289e+01 9.99207042026440e+04 
6.42682996768123e+01 9.99267362400556e+04 
6.44262099946042e+01 9.99338949821244e+04 
6.45841203235132e+01 9.99417599453029e+04 
6.47420308141056e+01 9.99499062935638e+04 
6.48999413857551e+01 9.99591608534458e+04 
6.50578522130705e+01 9.99690963475150e+04 
6.52157621383260e+01 9.99785708674016e+04 
6.53736716684331e+01 9.99886364389873e+04 
6.55315818735089e+01 9.99993276249771e+04 
6.56894924466357e+01 1.00009203828074e+05 
6.58474019305714e+01 1.00019881147045e+05 
6.60053094171804e+01 1.00030519048872e+05 
6.61632151021049e+01 1.00039915550966e+05 
6.63211194929648e+01 1.00048987682265e+05 
6.64790238951629e+01 1.00058198870475e+05 
6.66369283078166e+01 1.00065719507201e+05 
6.67948331393927e+01 1.00073405519524e+05 
6.69527394440034e+01 1.00080304814609e+05 
6.71106470639483e+01 1.00085793165121e+05 
6.72685553183821e+01 1.00090339428460e+05 
6.74264597024061e+01 1.00094605795203e+05 
6.75843590419925e+01 1.00097180184470e+05 
6.77422535684911e+01 1.00099327656830e+05 
6.79001426201263e+01 1.00100445791867e+05 
6.80580282864847e+01 1.00100474886310e+05 
6.82159111158328e+01 1.00099294102407e+05 
6.83737930861987e+01 1.00097563367261e+05 
6.85316731580176e+01 1.00094694738153e+05 
6.86895517906449e+01 1.00090929806056e+05 
6.88474307150474e+01 1.00086197812267e+05 
6.90053081989569e+01 1.00081018914575e+05 
6.91631854542290e+01 1.00074719359899e+05 
6.93210605590817e+01 1.00067721608263e+05 
6.94789329603387e+01 1.00060388363987e+05 
6.96368026296308e+01 1.00051966968100e+05 
6.97946722052352e+01 1.00042885300283e+05 
6.99525422636531e+01 1.00034187633347e+05 
7.01104134175452e+01 1.00024851249853e+05 
7.02682863349460e+01 1.00014914573661e+05 
7.04261613776249e+01 1.00005636564063e+05 
7.05840389189998e+01 9.99954769004422e+04 
7.07419152096647e+01 9.99851631229540e+04 
7.08997875851045e+01 9.99758835089777e+04 
7.10576561988164e+01 9.99666354550514e+04 
7.12155224399363e+01 9.99570965034665e+04 
7.13733888211252e+01 9.99489002025410e+04 
7.15312552146323e+01 9.99403480842466e+04 
7.16891217538037e+01 9.99322570250511e+04 
7.18469894024299e+01 9.99255050579022e+04 
7.20048591249784e+01 9.99194658919405e+04 
7.21627323468697e+01 9.99135317494670e+04 
7.23206109024455e+01 9.99092076621470e+04 
7.24784954490941e+01 9.99051166768772e+04 
7.26363845290400e+01 9.99019694321145e+04 
7.27942734676224e+01 9.99000750704683e+04 
7.29521620226019e+01 9.98993547728288e+04 
7.31100537643340e+01 9.98991024231814e+04 
7.32679464204612e+01 9.99001865984313e+04 
7.34258410448585e+01 9.99020529077943e+04 
7.35837409539245e+01 9.99049467477922e+04 
7.37416437257822e+01 9.99085155028348e+04 
7.38995475254834e+01 9.99133129814010e+04 
7.40574552767677e+01 9.99187693325659e+04 
7.42153656889771e+01 9.99248986883090e+04 
7.43732764020060e+01 9.99321285791041e+04 
7.45311875013272e+01 9.99401894276793e+04 
7.46890982702211e+01 9.99481498917853e+04 
7.48470091952905e+01 9.99569748968726e+04 
7.50049203089887e+01 9.99665339710041e+04 
7.51628314776675e+01 9.99757412367391e+04 
7.53207423108823e+01 9.99860083667674e+04 
7.54786534052723e+01 9.99966387497502e+04 
7.56365652919325e+01 1.00006361003840e+05 
7.57944760696322e+01 1.00016231171459e+05 
7.59523842322763e+01 1.00026488745924e+05 
7.61102907052860e+01 1.00035442903101e+05 
7.62681956345978e+01 1.00044857548306e+05 
7.64260997846199e+01 1.00053843411610e+05 
7.65840035006254e+01 1.00061491569397e+05 
7.67419079524643e+01 1.00068512367144e+05 
7.68998130220342e+01 1.00075463188053e+05 
7.70577190529444e+01 1.00080715339367e+05 
7.72156246322281e+01 1.00085877995306e+05 
7.73735304351853e+01 1.00090173027397e+05 
7.75314321962536e+01 1.00093194123900e+05 
7.76893280918668e+01 1.00095170053263e+05 
7.78472194406838e+01 1.00096776347468e+05 
7.80051082848022e+01 1.00096939658769e+05 
7.81629925315635e+01 1.00096479732051e+05 
7.83208748693117e+01 1.00095066903723e+05 
7.84787573742400e+01 1.00092858922619e+05 
7.86366399901977e+01 1.00089506258902e+05 
7.87945213840157e+01 1.00085553172862e+05 
7.89524022580153e+01 1.00080824969103e+05 
7.91102822345851e+01 1.00075099677763e+05 
7.92681598504246e+01 1.00068511424990e+05 
7.94260346032737e+01 1.00061793207779e+05 
7.95839065415183e+01 1.00054151868407e+05 
7.97417762739281e+01 1.00045827170975e+05 
7.98996452426869e+01 1.00037634194967e+05 
8.00575144475735e+01 1.00028456213113e+05 
8.02153853484350e+01 1.00018860546526e+05 
8.03732595753060e+01 1.00009936744656e+05 
8.05311360044327e+01 1.00000667787328e+05 
8.06890123775687e+01 9.99909409005678e+04 
8.08468842047536e+01 9.99821322770116e+04 
8.10047525333100e+01 9.99726658557299e+04 
8.11626191499556e+01 9.99633328116284e+04 
8.13204847650461e+01 9.99551257403773e+04 
8.14783488435453e+01 9.99472260639495e+04 
8.16362118439805e+01 9.99392173562697e+04 
8.17940760681954e+01 9.99326860301390e+04 
8.19519420697887e+01 9.99260465708664e+04 
8.21098112939899e+01 9.99201259333220e+04 
8.22676847318654e+01 9.99155560304040e+04 
8.24255638214298e+01 9.99119042971471e+04 
8.25834499430324e+01 9.99085562218857e+04 
8.27413394366513e+01 9.99067798370670e+04 
8.28992294477559e+01 9.99054935081704e+04 
8.30571223195795e+01 9.99052521010594e+04 
8.32150170578953e+01 9.99060335935274e+04 
8.33729147817309e+01 9.99079892703718e+04 
8.35308144311052e+01 9.99105297069361e+04 
8.36887168341859e+01 9.99141085341415e+04 
8.38466229777523e+01 9.99185676649973e+04 
8.40045316549114e+01 9.99239371109612e+04 
8.41624411095586e+01 9.99296292004820e+04 
8.43203503968559e+01 9.99363270258804e+04 
8.44782605557664e+01 9.99437080112451e+04 
8.46361711006565e+01 9.99512405819048e+04 
8.47940815795453e+01 9.99598029944307e+04 
8.49519911103720e+01 9.99689505316552e+04 
8.51098990973984e+01 9.99776498613242e+04 
8.52678065112851e+01 9.99868724125117e+04 
8.54257138686154e+01 9.99966909665587e+04 
8.55836217801970e+01 1.00005805245048e+05 
8.57415292183254e+01 1.00015666751170e+05 
8.58994341398339e+01 1.00025569115831e+05 
8.60573367332196e+01 1.00034341778785e+05 
8.62152374038746e+01 1.00042840065638e+05 
8.63731375811182e+01 1.00051464350341e+05 
8.65310375987192e+01 1.00058599087660e+05 
8.66889375552248e+01 1.00065912219168e+05 
8.68468385039286e+01 1.00072542741173e+05 
8.70047412609430e+01 1.00077883972453e+05 
8.71626443614392e+01 1.00082431284316e+05 
8.73205479962068e+01 1.00086759075151e+05 
8.74784503206073e+01 1.00089548436858e+05 
8.76363495572885e+01 1.00092009042107e+05 
8.77942431849901e+01 1.00093528548605e+05 
8.79521325309210e+01 1.00094008744506e+05 
8.81100185611205e+01 1.00093439640945e+05 
8.82679028525337e+01 1.00092444541723e+05 
8.84257843073351e+01 1.00090328920315e+05 
8.85836638116007e+01 1.00087491017472e+05 
8.87415446242167e+01 1.00083777893307e+05 
8.88994240315965e+01 1.00079581444360e+05 
8.90573022819536e+01 1.00074391693301e+05 
8.92151767527825e+01 1.00068612372932e+05 
8.93730477224399e+01 1.00062397917639e+05 
8.95309156458027e+01 1.00055222973400e+05 
8.96887826912112e+01 1.00047334864596e+05 
8.98466499713213e+01 1.00039648162902e+05 
9.00045176380459e+01 1.00031322960116e+05 
9.01623865154936e+01 1.00022461193385e+05 
9.03202569356564e+01 1.00014035537891e+05 
9.04781297063303e+01 1.00004791268856e+05 
9.06360054524564e+01 9.99953499300419e+04 
9.07938823357972e+01 9.99866941145220e+04 
9.09517541470789e+01 9.99779577326541e+04 
9.11096225648372e+01 9.99688981411344e+04 
9.12674903529327e+01 9.99609264652424e+04 
9.14253570626701e+01 9.99524825105226e+04 
9.15832226822998e+01 9.99444030541989e+04 
9.17410881565195e+01 9.99375303801517e+04 
9.18989546135373e+01 9.99312148724659e+04 
9.20568232887804e+01 9.99249567263309e+04 
9.22146961573564e+01 9.99202036498875e+04 
9.23725738596910e+01 9.99155187811332e+04 
9.25304579588404e+01 9.99117306102102e+04 
9.26883440768282e+01 9.99091668284953e+04 
9.28462302163992e+01 9.99076179330036e+04 
9.30041188904351e+01 9.99063850255974e+04 
9.31620089406748e+01 9.99065134975639e+04 
9.33199003766930e+01 9.99072113525642e+04 
9.34777965434557e+01 9.99089129565651e+04 
9.36356962709857e+01 9.99114147119446e+04 
9.37935970223798e+01 9.99150198388202e+04 
9.39515016043418e+01 9.99191488204755e+04 
9.41094095639123e+01 9.99240029444337e+04 
9.42673176496791e+01 9.99297643760271e+04 
9.44252272261732e+01 9.99363186215038e+04 
9.45831367419679e+01 9.99429844107293e+04 
9.47410472060425e+01 9.99504909736864e+04 
9.48989573503301e+01 9.99585736842367e+04 
9.50568658739766e+01 9.99666099712380e+04 
9.52147728697819e+01 9.99756360842377e+04 
9.53726794597599e+01 9.99851195719349e+04 
9.55305867647987e+01 9.99939395358302e+04 
9.56884942753968e+01 1.00003014212912e+05 
9.58463997516093e+01 1.00012467665502e+05 
9.60043026249207e+01 1.00020959277568e+05 
9.61622035600294e+01 1.00030036693353e+05 
9.63201032160052e+01 1.00038842879630e+05 
9.64780023140949e+01 1.00046474019177e+05 
9.66359014564617e+01 1.00053648068097e+05 
9.67938016196219e+01 1.00060850396812e+05 
9.69517021660862e+01 1.00066569876730e+05 
9.71096039307884e+01 1.00072433595975e+05 
9.72675053659434e+01 1.00077530870738e+05 
9.74254084969254e+01 1.00081401559494e+05 
9.75833089937247e+01 1.00084392192611e+05 
9.77412039501997e+01 1.00087221095302e+05 
9.78990956464850e+01 1.00088593404324e+05 
9.80569824734498e+01 1.00089644224315e+05 
9.82148662686850e+01 1.00089754121573e+05 
9.83727491375352e+01 1.00088945499039e+05 
9.85306321990684e+01 1.00087106400603e+05 
9.86885141869873e+01 1.00084898818191e+05 
9.88463960415929e+01 1.00081740758971e+05 
9.90042760737878e+01 1.00077849232423e+05 
9.91621528526767e+01 1.00073107894957e+05 
9.93200261516929e+01 1.00067991052404e+05 
9.94778958586317e+01 1.00061952758172e+05 
9.96357631314534e+01 1.00055448156287e+05 
9.97936285106285e+01 1.00048734243287e+05 
9.99514940149456e+01 1.00041148273757e+05 
1.00109360548212e+02 1.00033000291164e+05 
