# Liste des scalaires : TEMPS pmat 
0.00000000000000e+00 1.00000000000000e+05 
1.58013544018059e-01 1.00000000000000e+05 
3.16027088036117e-01 1.00000000000000e+05 
4.74040632054176e-01 1.00000000000000e+05 
6.32054176072234e-01 1.00000000000000e+05 
7.90067720090293e-01 1.00000000000000e+05 
9.48081264108351e-01 1.00000000000000e+05 
1.10609480812641e+00 1.00000000000000e+05 
1.26410835214447e+00 1.00000000000000e+05 
1.42212189616253e+00 1.00000000000000e+05 
1.58013544018058e+00 1.00000000000000e+05 
1.73814898419864e+00 1.00000000000000e+05 
1.89616252821670e+00 1.00000000000000e+05 
2.05417607223476e+00 1.00000000000000e+05 
2.21218961625282e+00 1.00000000000000e+05 
2.37020316027088e+00 1.00000000000000e+05 
2.52821670428893e+00 1.00000000000000e+05 
2.68623024830699e+00 1.00000000000000e+05 
2.84424379232505e+00 1.00000000000000e+05 
3.00225733634311e+00 1.00000000000000e+05 
3.16027088036116e+00 1.00000000000000e+05 
3.31828442437922e+00 1.00000000000000e+05 
3.47629796839728e+00 1.00000000000000e+05 
3.63431151241534e+00 1.00000000000000e+05 
3.79232505643340e+00 1.00000000000000e+05 
3.95033860045145e+00 1.00000000000000e+05 
4.10835214446951e+00 1.00000000000000e+05 
4.26636568848757e+00 1.00000000000000e+05 
4.42437923250563e+00 1.00000000000000e+05 
4.58239277652368e+00 1.00000000000000e+05 
4.74040632054174e+00 1.00000000000000e+05 
4.89841986455980e+00 1.00000000000000e+05 
5.05643340857771e+00 1.00000000000000e+05 
5.21444695259555e+00 1.00000000000000e+05 
5.37246049661106e+00 1.00000000000000e+05 
5.53047404062163e+00 1.00000000000000e+05 
5.68848758460807e+00 1.00000000000000e+05 
5.84650112860433e+00 1.00000000000000e+05 
6.00451467131846e+00 1.00000000000000e+05 
6.16252820860419e+00 1.00000000000000e+05 
6.32054173855849e+00 1.00000000000000e+05 
6.47855526263600e+00 1.00000000000000e+05 
6.63656878322570e+00 1.00000000000000e+05 
6.79458230116958e+00 1.00000000000000e+05 
6.95259581572868e+00 1.00000000000000e+05 
7.11060926486710e+00 1.00000000000000e+05 
7.26862123211782e+00 1.00000000000000e+05 
7.42662869286748e+00 1.00000000000000e+05 
7.58462797993242e+00 1.00000000000000e+05 
7.74261562363004e+00 1.00000000000000e+05 
7.90058972087802e+00 1.00000000000000e+05 
8.05854876760864e+00 1.00000000000000e+05 
8.21649327583521e+00 1.00000000000000e+05 
8.37442375590179e+00 1.00000000000000e+05 
8.53234121474706e+00 1.00000000000000e+05 
8.69024692780629e+00 1.00000000000000e+05 
8.84814294511368e+00 1.00000000000000e+05 
9.00603027516490e+00 1.00000000000000e+05 
9.16391060602912e+00 1.00000000000000e+05 
9.32178516379403e+00 1.00000000000000e+05 
9.47965513838773e+00 1.00000000000000e+05 
9.63751817790166e+00 1.00000000000000e+05 
9.79537550224774e+00 1.00000000000000e+05 
9.95322697641788e+00 1.00000000000000e+05 
1.01110732028936e+01 1.00000000000000e+05 
1.02689146274544e+01 1.00000000000000e+05 
1.04267523201822e+01 1.00000000000000e+05 
1.05845878187241e+01 1.00000000000000e+05 
1.07424234235056e+01 1.00000000000000e+05 
1.09002605183067e+01 1.00000000000000e+05 
1.10581011989153e+01 1.00000000000000e+05 
1.12159469760981e+01 1.00000000000000e+05 
1.13737958277871e+01 1.00000000000000e+05 
1.15316485112955e+01 1.00000000000000e+05 
1.16895059234703e+01 1.00000000000000e+05 
1.18473678135275e+01 1.00000000000000e+05 
1.20052343190564e+01 1.00000000000000e+05 
1.21631037930394e+01 1.00000000000000e+05 
1.23209755736488e+01 1.00000000000000e+05 
1.24788506295067e+01 1.00000000000000e+05 
1.26367295773036e+01 1.00000000000000e+05 
1.27946116815903e+01 1.00000000000000e+05 
1.29524970895918e+01 1.00000000000000e+05 
1.31103853882209e+01 1.00000000000000e+05 
1.32682764852580e+01 1.00000000000000e+05 
1.34261706139616e+01 1.00000000000000e+05 
1.35840685957871e+01 1.00000000000000e+05 
1.37419698795382e+01 1.00000000000000e+05 
1.38998748238769e+01 1.00000000000000e+05 
1.40577825863761e+01 1.00000000000000e+05 
1.42156900780669e+01 1.00000000000001e+05 
1.43735971547495e+01 1.00000000000003e+05 
1.45315042337418e+01 1.00000000000007e+05 
1.46894115576050e+01 1.00000000000014e+05 
1.48473186395545e+01 1.00000000000498e+05 
1.50052256719272e+01 1.00000000030558e+05 
1.51631330578148e+01 1.00000000333611e+05 
1.53210408171837e+01 1.00000000963435e+05 
1.54789489338296e+01 1.00000001612283e+05 
1.56368576354914e+01 1.00000002774918e+05 
1.57947669611646e+01 1.00000004844843e+05 
1.59526770505537e+01 1.00000008231523e+05 
1.61105878565459e+01 1.00000013252959e+05 
1.62684993007154e+01 1.00000022051214e+05 
1.64264117696543e+01 1.00000035941402e+05 
1.65843252894251e+01 1.00000056553384e+05 
1.67422394503545e+01 1.00000086640606e+05 
1.69001543231263e+01 1.00000129711780e+05 
1.70580702178261e+01 1.00000186258083e+05 
1.72159869071440e+01 1.00000275948768e+05 
1.73739045484328e+01 1.00000399295551e+05 
1.75318230870977e+01 1.00000562915425e+05 
1.76897420386758e+01 1.00000768237905e+05 
1.78476617082648e+01 1.00001033379226e+05 
1.80055822852594e+01 1.00001346098904e+05 
1.81635032871374e+01 1.00001797162607e+05 
1.83214252006964e+01 1.00002347552722e+05 
1.84793480458620e+01 1.00003013361951e+05 
1.86372715456650e+01 1.00003741374512e+05 
1.87951957601081e+01 1.00004603579889e+05 
1.89531209484135e+01 1.00005539485721e+05 
1.91110441089809e+01 1.00006781790280e+05 
1.92689571504680e+01 1.00008154881846e+05 
1.94268607791625e+01 1.00009712708988e+05 
1.95847566159270e+01 1.00011216719757e+05 
1.97426455229279e+01 1.00012899364652e+05 
1.99005279081235e+01 1.00014642967769e+05 
2.00584049686281e+01 1.00016788359882e+05 
2.02162789927353e+01 1.00018985423927e+05 
2.03741510118332e+01 1.00021427088653e+05 
2.05320225312322e+01 1.00023583009252e+05 
2.06898943694514e+01 1.00025854725694e+05 
2.08477672335517e+01 1.00028135054136e+05 
2.10056381883608e+01 1.00030796142437e+05 
2.11635073392954e+01 1.00033288344921e+05 
2.13213744206154e+01 1.00036108822209e+05 
2.14792406064660e+01 1.00038429643081e+05 
2.16371055052497e+01 1.00040676769839e+05 
2.17949698598769e+01 1.00042842833857e+05 
2.19528346543289e+01 1.00045184220759e+05 
2.21107022379036e+01 1.00046902926260e+05 
2.22685735446671e+01 1.00049040783326e+05 
2.24264499128177e+01 1.00050626571838e+05 
2.25843313783613e+01 1.00051875476973e+05 
2.27422178371839e+01 1.00053033608275e+05 
2.29001082195325e+01 1.00053920394734e+05 
2.30580026165052e+01 1.00053749989410e+05 
2.32159006750456e+01 1.00054047894948e+05 
2.33738008250518e+01 1.00053941969865e+05 
2.35317021841015e+01 1.00053258931920e+05 
2.36896047805334e+01 1.00052562054041e+05 
2.38475089535193e+01 1.00050933544000e+05 
2.40054144059897e+01 1.00048035797413e+05 
2.41633212527943e+01 1.00045391711175e+05 
2.43212294708959e+01 1.00042644293267e+05 
2.44791391765311e+01 1.00039282494736e+05 
2.46370501927731e+01 1.00036134158387e+05 
2.47949629062368e+01 1.00031657107909e+05 
2.49528766385629e+01 1.00026528898503e+05 
2.51107912664912e+01 1.00021482949888e+05 
2.52687065421895e+01 1.00016986924466e+05 
2.54266227275827e+01 1.00011909968168e+05 
2.55845402635157e+01 1.00007200171848e+05 
2.57424589006128e+01 1.00001264923986e+05 
2.59003774090588e+01 9.99956496241254e+04 
2.60582956021659e+01 9.99896444548779e+04 
2.62162142568713e+01 9.99844896926998e+04 
2.63741334755089e+01 9.99790459613168e+04 
2.65320531896202e+01 9.99738531198992e+04 
2.66899728755107e+01 9.99678937084522e+04 
2.68478922917635e+01 9.99629519541817e+04 
2.70058116301977e+01 9.99572493411214e+04 
2.71637307927613e+01 9.99523339393527e+04 
2.73216502821697e+01 9.99474210718504e+04 
2.74795690311203e+01 9.99425670188455e+04 
2.76374879055499e+01 9.99374397099534e+04 
2.77954041756501e+01 9.99340456002692e+04 
2.79533191433170e+01 9.99298937286524e+04 
2.81112322788099e+01 9.99263640892050e+04 
2.82691420252821e+01 9.99232855873092e+04 
2.84270498359011e+01 9.99201579035948e+04 
2.85849551367456e+01 9.99175233606485e+04 
2.87428577035279e+01 9.99169165809297e+04 
2.89007576935424e+01 9.99156835418455e+04 
2.90586554385742e+01 9.99150752879970e+04 
2.92165508783833e+01 9.99153508645568e+04 
2.93744443359554e+01 9.99154764430923e+04 
2.95323353920958e+01 9.99168028087295e+04 
2.96902253081402e+01 9.99196321955276e+04 
2.98481142776169e+01 9.99221309759917e+04 
3.00059979647156e+01 9.99248870036444e+04 
3.01638770985754e+01 9.99286143445618e+04 
3.03217523516603e+01 9.99320843869766e+04 
3.04796254231717e+01 9.99369400818272e+04 
3.06374979890028e+01 9.99422524784181e+04 
3.07953682566008e+01 9.99475790599262e+04 
3.09532360866590e+01 9.99525437979766e+04 
3.11111009485845e+01 9.99583378212511e+04 
3.12689642148262e+01 9.99636939599140e+04 
3.14268269801884e+01 9.99703701332860e+04 
3.15846899752751e+01 9.99763796967310e+04 
3.17425539745552e+01 9.99826806707932e+04 
3.19004203627167e+01 9.99884344537636e+04 
3.20582896401381e+01 9.99945374623636e+04 
3.22161632234601e+01 1.00000178645427e+05 
3.23740425511432e+01 1.00006697594585e+05 
3.25319290751244e+01 1.00011777584501e+05 
3.26898202982419e+01 1.00017328736566e+05 
3.28477131228900e+01 1.00022306252271e+05 
3.30056072961437e+01 1.00027091677770e+05 
3.31635023672678e+01 1.00031601329580e+05 
3.33213991393358e+01 1.00036234158474e+05 
3.34792973573956e+01 1.00039116799346e+05 
3.36371967535133e+01 1.00042390157679e+05 
3.37950973023584e+01 1.00045257765624e+05 
3.39529995672097e+01 1.00047507976499e+05 
3.41109029852060e+01 1.00049637196924e+05 
3.42688076087386e+01 1.00051146050185e+05 
3.44267132713632e+01 1.00051160432079e+05 
3.45846196509400e+01 1.00051455632449e+05 
3.47425273496765e+01 1.00051388076637e+05 
3.49004361808860e+01 1.00050432311203e+05 
3.50583454950604e+01 1.00049657061421e+05 
3.52162538750963e+01 1.00047808566406e+05 
3.53741611804014e+01 1.00045136476619e+05 
3.55320682312856e+01 1.00042430397237e+05 
3.56899754216115e+01 1.00039572240278e+05 
3.58478829107651e+01 1.00035886004294e+05 
3.60057904151544e+01 1.00032579171223e+05 
3.61636981099972e+01 1.00028133888865e+05 
3.63216068904539e+01 1.00023815033987e+05 
3.64795154283054e+01 1.00019215443007e+05 
3.66374236436593e+01 1.00014578163882e+05 
3.67953327010769e+01 1.00009469003345e+05 
3.69532427717678e+01 1.00004854949171e+05 
3.71111532244148e+01 9.99993424189044e+04 
3.72690630548262e+01 9.99948978181311e+04 
3.74269718145581e+01 9.99900321297786e+04 
3.75848778454541e+01 9.99852539012592e+04 
3.77427791017932e+01 9.99805316531276e+04 
3.79006746564164e+01 9.99762862222178e+04 
3.80585658512143e+01 9.99718214793725e+04 
3.82164521350274e+01 9.99688577135124e+04 
3.83743339522929e+01 9.99655720549212e+04 
3.85322143263643e+01 9.99624318346016e+04 
3.86900941565614e+01 9.99598704380822e+04 
3.88479738779336e+01 9.99576579893551e+04 
3.90058528607593e+01 9.99559248082793e+04 
3.91637297505779e+01 9.99556099181533e+04 
3.93216059461941e+01 9.99552481314111e+04 
3.94794833120710e+01 9.99549684412656e+04 
3.96373600136444e+01 9.99555830637609e+04 
3.97952355988724e+01 9.99562556373092e+04 
3.99531105564116e+01 9.99579648473691e+04 
4.01109853768128e+01 9.99604296045912e+04 
4.02688608742397e+01 9.99630655642093e+04 
4.04267381798270e+01 9.99657159022193e+04 
4.05846137319020e+01 9.99692231109651e+04 
4.07424858509869e+01 9.99724974562098e+04 
4.09003545163728e+01 9.99769841246278e+04 
4.10582217788816e+01 9.99812600887344e+04 
4.12160877638797e+01 9.99859352171903e+04 
4.13739537347660e+01 9.99905041073168e+04 
4.15318203524083e+01 9.99956457314824e+04 
4.16896877430492e+01 1.00000387597481e+05 
4.18475567572815e+01 1.00006138339867e+05 
4.20054296452478e+01 1.00010781738053e+05 
4.21633067849416e+01 1.00015960294005e+05 
4.23211896909693e+01 1.00021006944545e+05 
4.24790781339048e+01 1.00026079984276e+05 
4.26369644682292e+01 1.00030777841111e+05 
4.27948546539027e+01 1.00035903265171e+05 
4.29527445839470e+01 1.00039495841156e+05 
4.31106359297670e+01 1.00043506242931e+05 
4.32685306520852e+01 1.00047356830570e+05 
4.34264288504664e+01 1.00050724397122e+05 
4.35843293098335e+01 1.00053794516630e+05 
4.37422323857132e+01 1.00056563441680e+05 
4.39001362271449e+01 1.00057849546075e+05 
4.40580408935821e+01 1.00059209220632e+05 
4.42159461004656e+01 1.00060425691832e+05 
4.43738520952394e+01 1.00060732803276e+05 
4.45317586334686e+01 1.00060877042528e+05 
4.46896655731558e+01 1.00060118761980e+05 
4.48475732386247e+01 1.00058372159927e+05 
4.50054818277984e+01 1.00056437290123e+05 
4.51633912296472e+01 1.00054483422034e+05 
4.53213012689940e+01 1.00051480644246e+05 
4.54792124514439e+01 1.00048502782665e+05 
4.56371248172869e+01 1.00044319147561e+05 
4.57950380337933e+01 1.00040038163898e+05 
4.59529529680012e+01 1.00035343254460e+05 
4.61108663642278e+01 1.00030742250167e+05 
4.62687784498702e+01 1.00025379535405e+05 
4.64266899654798e+01 1.00020135563629e+05 
4.65846018793389e+01 1.00013780835476e+05 
4.67425141840204e+01 1.00008278085780e+05 
4.69004273753813e+01 1.00002141913203e+05 
4.70583412575278e+01 9.99962784262358e+04 
4.72162558287896e+01 9.99901861962566e+04 
4.73741661075397e+01 9.99841995829087e+04 
4.75320700293228e+01 9.99775911553409e+04 
4.76899693645184e+01 9.99724390419932e+04 
4.78478625125830e+01 9.99667227488239e+04 
4.80057508638390e+01 9.99614291072219e+04 
4.81636362087960e+01 9.99565142022090e+04 
4.83215191917349e+01 9.99515713569776e+04 
4.84794017791262e+01 9.99466548295511e+04 
4.86372824178603e+01 9.99434070053049e+04 
4.87951610644304e+01 9.99397012852270e+04 
4.89530401011878e+01 9.99365233671500e+04 
4.91109183405868e+01 9.99343746942841e+04 
4.92687968866861e+01 9.99321066955583e+04 
4.94266754364972e+01 9.99305813484319e+04 
4.95845515595664e+01 9.99304236787545e+04 
4.97424261075137e+01 9.99301028216304e+04 
4.99003006335041e+01 9.99303489269010e+04 
5.00581763017773e+01 9.99318954572616e+04 
5.02160540122954e+01 9.99332351894105e+04 
5.03739320513093e+01 9.99357267696299e+04 
5.05318084517488e+01 9.99388157514332e+04 
5.06896830101217e+01 9.99420823305487e+04 
5.08475554530749e+01 9.99457798828304e+04 
5.10054253922244e+01 9.99505983640822e+04 
5.11632927122317e+01 9.99551918450793e+04 
5.13211591090027e+01 9.99609730804747e+04 
5.14790271138448e+01 9.99663042823399e+04 
5.16368950153983e+01 9.99720641949652e+04 
5.17947643683201e+01 9.99778748964455e+04 
5.19526361004011e+01 9.99842931763522e+04 
5.21105113953299e+01 9.99906089838918e+04 
5.22683913894592e+01 9.99977225244875e+04 
5.24262776968112e+01 1.00003549433076e+05 
5.25841708838473e+01 1.00009845669096e+05 
5.27420666524036e+01 1.00015865808489e+05 
5.28999618489546e+01 1.00021755257489e+05 
5.30578577998667e+01 1.00027714707123e+05 
5.32157572283380e+01 1.00033793541023e+05 
5.33736576041167e+01 1.00038200536871e+05 
5.35315607809438e+01 1.00042966628155e+05 
5.36894666299000e+01 1.00047150244812e+05 
5.38473734460421e+01 1.00050469143089e+05 
5.40052812691421e+01 1.00054035047135e+05 
5.41631892761518e+01 1.00056990731175e+05 
5.43210976391154e+01 1.00058472034056e+05 
5.44790065647947e+01 1.00060156808383e+05 
5.46369153234515e+01 1.00061061940015e+05 
5.47948247591204e+01 1.00060625161393e+05 
5.49527345816088e+01 1.00060596175921e+05 
5.51106448015583e+01 1.00059517376147e+05 
5.52685553466649e+01 1.00057765984373e+05 
5.54264665842849e+01 1.00055987023490e+05 
5.55843786559346e+01 1.00053502325217e+05 
5.57422916964500e+01 1.00049615556417e+05 
5.59002049245996e+01 1.00046229097369e+05 
5.60581165652534e+01 1.00041706154004e+05 
5.62160267790978e+01 1.00037457885438e+05 
5.63739360456862e+01 1.00033002788657e+05 
5.65318446490167e+01 1.00028051160166e+05 
5.66897535039061e+01 1.00022067849208e+05 
5.68476637724107e+01 1.00016428153489e+05 
5.70055749148130e+01 1.00009921706719e+05 
5.71634862686760e+01 1.00004469366004e+05 
5.73213958959964e+01 9.99986610802861e+04 
5.74793010243427e+01 9.99927384961604e+04 
5.76372006427965e+01 9.99865417735778e+04 
5.77950939663717e+01 9.99803863182122e+04 
5.79529832749989e+01 9.99739697756792e+04 
5.81108693165340e+01 9.99690340990453e+04 
5.82687509560842e+01 9.99637150024425e+04 
5.84266313769464e+01 9.99586858155611e+04 
5.85845125473362e+01 9.99543391841958e+04 
5.87423932111164e+01 9.99496289036695e+04 
5.89002729936823e+01 9.99453775779006e+04 
5.90581527151859e+01 9.99425750740206e+04 
5.92160322137457e+01 9.99394013458615e+04 
5.93739114996228e+01 9.99370369109476e+04 
5.95317886882425e+01 9.99360972891572e+04 
5.96896638636060e+01 9.99344757637536e+04 
5.98475378197668e+01 9.99339287127297e+04 
6.00054119865173e+01 9.99343892471326e+04 
6.01632862541559e+01 9.99346445275343e+04 
6.03211632133958e+01 9.99358476493078e+04 
6.04790393685606e+01 9.99388353638058e+04 
6.06369130750726e+01 9.99410409634707e+04 
6.07947845152142e+01 9.99445992578940e+04 
6.09526543879465e+01 9.99483130026345e+04 
6.11105223433906e+01 9.99520006220158e+04 
6.12683891572993e+01 9.99565319419912e+04 
6.14262556334736e+01 9.99626089891856e+04 
6.15841213812268e+01 9.99681404979945e+04 
6.17419872970758e+01 9.99748376333106e+04 
6.18998556369791e+01 9.99808117873850e+04 
6.20577270573682e+01 9.99869980338933e+04 
6.22156028064752e+01 9.99935436370734e+04 
6.23734839507439e+01 1.00000775657106e+05 
6.25313719458757e+01 1.00007911053615e+05 
6.26892653364233e+01 1.00015561218079e+05 
6.28471589494630e+01 1.00021731993485e+05 
6.30050539658638e+01 1.00028284943564e+05 
6.31629516032019e+01 1.00034613957578e+05 
6.33208526762621e+01 1.00040460576386e+05 
6.34787557016783e+01 1.00046767756512e+05 
6.36366621209855e+01 1.00052738003158e+05 
6.37945707388512e+01 1.00056965574150e+05 
6.39524799651022e+01 1.00061636146432e+05 
6.41103898945289e+01 1.00065425833015e+05 
6.42682996768123e+01 1.00067767124841e+05 
6.44262099946042e+01 1.00070927909881e+05 
6.45841203235132e+01 1.00073089568136e+05 
6.47420308141056e+01 1.00073897587234e+05 
6.48999413857551e+01 1.00075077464905e+05 
6.50578522130705e+01 1.00075085653088e+05 
6.52157621383260e+01 1.00073115654922e+05 
6.53736716684331e+01 1.00072002776716e+05 
6.55315818735089e+01 1.00069582569436e+05 
6.56894924466357e+01 1.00066662287078e+05 
6.58474019305714e+01 1.00063946236504e+05 
6.60053094171804e+01 1.00060165998651e+05 
6.61632151021049e+01 1.00054477742743e+05 
6.63211194929648e+01 1.00049412896142e+05 
6.64790238951629e+01 1.00043147073515e+05 
6.66369283078166e+01 1.00037319698854e+05 
6.67948331393927e+01 1.00031471093244e+05 
6.69527394440034e+01 1.00024995163392e+05 
6.71106470639483e+01 1.00017389681264e+05 
6.72685553183821e+01 1.00010016171449e+05 
6.74264597024061e+01 1.00001937063862e+05 
6.75843590419925e+01 9.99951310452722e+04 
6.77422535684911e+01 9.99881407622082e+04 
6.79001426201263e+01 9.99812724899537e+04 
6.80580282864847e+01 9.99744783724043e+04 
6.82159111158328e+01 9.99673828207157e+04 
6.83737930861987e+01 9.99603369798942e+04 
6.85316731580176e+01 9.99549244401511e+04 
6.86895517906449e+01 9.99491630510384e+04 
6.88474307150474e+01 9.99442734464193e+04 
6.90053081989569e+01 9.99406346478892e+04 
6.91631854542290e+01 9.99362137125734e+04 
6.93210605590817e+01 9.99325887246855e+04 
6.94789329603387e+01 9.99304658773246e+04 
6.96368026296308e+01 9.99279565874103e+04 
6.97946722052352e+01 9.99266634725564e+04 
6.99525422636531e+01 9.99274628237024e+04 
7.01104134175452e+01 9.99272605074357e+04 
7.02682863349460e+01 9.99283188189081e+04 
7.04261613776249e+01 9.99301401506609e+04 
7.05840389189998e+01 9.99315566998061e+04 
7.07419152096647e+01 9.99342304018034e+04 
7.08997875851045e+01 9.99390831370676e+04 
7.10576561988164e+01 9.99429873997371e+04 
7.12155224399363e+01 9.99482104494261e+04 
7.13733888211252e+01 9.99532945082694e+04 
7.15312552146323e+01 9.99580583322994e+04 
7.16891217538037e+01 9.99637400504460e+04 
7.18469894024299e+01 9.99709813350213e+04 
7.20048591249784e+01 9.99776921099731e+04 
7.21627323468697e+01 9.99852840320343e+04 
7.23206109024455e+01 9.99918880630077e+04 
7.24784954490941e+01 9.99983980385317e+04 
7.26363845290400e+01 1.00005102875997e+05 
7.27942734676224e+01 1.00012226359214e+05 
7.29521620226019e+01 1.00019399551588e+05 
7.31100537643340e+01 1.00026707526282e+05 
7.32679464204612e+01 1.00032538015568e+05 
7.34258410448585e+01 1.00038521175702e+05 
7.35837409539245e+01 1.00044001447240e+05 
7.37416437257822e+01 1.00048589239977e+05 
7.38995475254834e+01 1.00053882983707e+05 
7.40574552767677e+01 1.00058556231417e+05 
7.42153656889771e+01 1.00061730107541e+05 
7.43732764020060e+01 1.00065207658686e+05 
7.45311875013272e+01 1.00067663222078e+05 
7.46890982702211e+01 1.00068242355299e+05 
7.48470091952905e+01 1.00069834268508e+05 
7.50049203089887e+01 1.00070244721325e+05 
7.51628314776675e+01 1.00069710349327e+05 
7.53207423108823e+01 1.00069598658619e+05 
7.54786534052723e+01 1.00068172650584e+05 
7.56365652919325e+01 1.00064543399038e+05 
7.57944760696322e+01 1.00061959265254e+05 
7.59523842322763e+01 1.00058071899017e+05 
7.61102907052860e+01 1.00054009870429e+05 
7.62681956345978e+01 1.00050248218392e+05 
7.64260997846199e+01 1.00045365887164e+05 
7.65840035006254e+01 1.00038600796219e+05 
7.67419079524643e+01 1.00032532427256e+05 
7.68998130220342e+01 1.00025420122568e+05 
7.70577190529444e+01 1.00018997259399e+05 
7.72156246322281e+01 1.00012717224160e+05 
7.73735304351853e+01 1.00005915645415e+05 
7.75314321962536e+01 9.99982862160569e+04 
7.76893280918668e+01 9.99908331545224e+04 
7.78472194406838e+01 9.99829843559865e+04 
7.80051082848022e+01 9.99765262780188e+04 
7.81629925315635e+01 9.99699986938153e+04 
7.83208748693117e+01 9.99637201168188e+04 
7.84787573742400e+01 9.99579272860914e+04 
7.86366399901977e+01 9.99517250988966e+04 
7.87945213840157e+01 9.99459242576269e+04 
7.89524022580153e+01 9.99417459432902e+04 
7.91102822345851e+01 9.99372946052213e+04 
7.92681598504246e+01 9.99338346845363e+04 
7.94260346032737e+01 9.99320196225987e+04 
7.95839065415183e+01 9.99293501083395e+04 
7.97417762739281e+01 9.99277924605342e+04 
7.98996452426869e+01 9.99274882788388e+04 
8.00575144475735e+01 9.99268459231741e+04 
8.02153853484350e+01 9.99274655147159e+04 
8.03732595753060e+01 9.99302978872161e+04 
8.05311360044327e+01 9.99321069368921e+04 
8.06890123775687e+01 9.99353137194186e+04 
8.08468842047536e+01 9.99388887879810e+04 
8.10047525333100e+01 9.99421577855711e+04 
8.11626191499556e+01 9.99465163994025e+04 
8.13204847650461e+01 9.99528955786432e+04 
8.14783488435453e+01 9.99584641970800e+04 
8.16362118439805e+01 9.99652297727331e+04 
8.17940760681954e+01 9.99714438530515e+04 
8.19519420697887e+01 9.99775125415813e+04 
8.21098112939899e+01 9.99841651323989e+04 
8.22676847318654e+01 9.99919071294512e+04 
8.24255638214298e+01 9.99992789567469e+04 
8.25834499430324e+01 1.00007244451137e+05 
8.27413394366513e+01 1.00013854353115e+05 
8.28992294477559e+01 1.00020504897419e+05 
8.30571223195795e+01 1.00027038319083e+05 
8.32150170578953e+01 1.00033430584269e+05 
8.33729147817309e+01 1.00040069637344e+05 
8.35308144311052e+01 1.00046466154025e+05 
8.36887168341859e+01 1.00051203463533e+05 
8.38466229777523e+01 1.00056195320623e+05 
8.40045316549114e+01 1.00060439782912e+05 
8.41624411095586e+01 1.00063351761691e+05 
8.43203503968559e+01 1.00067042002608e+05 
8.44782605557664e+01 1.00069835207774e+05 
8.46361711006565e+01 1.00071193969753e+05 
8.47940815795453e+01 1.00072873589896e+05 
8.49519911103720e+01 1.00073469104758e+05 
8.51098990973984e+01 1.00071999747191e+05 
8.52678065112851e+01 1.00071490925994e+05 
8.54257138686154e+01 1.00069700311971e+05 
8.55836217801970e+01 1.00067306925276e+05 
8.57415292183254e+01 1.00065211837958e+05 
8.58994341398339e+01 1.00062010765486e+05 
8.60573367332196e+01 1.00056699106381e+05 
8.62152374038746e+01 1.00052203404147e+05 
8.63731375811182e+01 1.00046462975542e+05 
8.65310375987192e+01 1.00040995537943e+05 
8.66889375552248e+01 1.00035652947016e+05 
8.68468385039286e+01 1.00029520281937e+05 
8.70047412609430e+01 1.00021957792460e+05 
8.71626443614392e+01 1.00014820322694e+05 
8.73205479962068e+01 1.00006905857113e+05 
8.74784503206073e+01 1.00000118550082e+05 
8.76363495572885e+01 9.99932884756144e+04 
8.77942431849901e+01 9.99863767635554e+04 
8.79521325309210e+01 9.99792514096793e+04 
8.81100185611205e+01 9.99719586282454e+04 
8.82679028525337e+01 9.99646493590058e+04 
8.84257843073351e+01 9.99589332529249e+04 
8.85836638116007e+01 9.99529679162716e+04 
8.87415446242167e+01 9.99476627285741e+04 
8.88994240315965e+01 9.99435116601487e+04 
8.90573022819536e+01 9.99385877318496e+04 
8.92151767527825e+01 9.99344307022389e+04 
8.93730477224399e+01 9.99318757316050e+04 
8.95309156458027e+01 9.99289529891629e+04 
8.96887826912112e+01 9.99271863020572e+04 
8.98466499713213e+01 9.99274677125142e+04 
9.00045176380459e+01 9.99267730997872e+04 
9.01623865154936e+01 9.99273579262823e+04 
9.03202569356564e+01 9.99289070901222e+04 
9.04781297063303e+01 9.99300801518246e+04 
9.06360054524564e+01 9.99324639536939e+04 
9.07938823357972e+01 9.99370789914611e+04 
9.09517541470789e+01 9.99407144718671e+04 
9.11096225648372e+01 9.99456891657010e+04 
9.12674903529327e+01 9.99507031995620e+04 
9.14253570626701e+01 9.99554696050307e+04 
9.15832226822998e+01 9.99611181179989e+04 
9.17410881565195e+01 9.99684581605624e+04 
9.18989546135373e+01 9.99752110221255e+04 
9.20568232887804e+01 9.99829083057719e+04 
9.22146961573564e+01 9.99896503319956e+04 
9.23725738596910e+01 9.99963463161331e+04 
9.25304579588404e+01 1.00003258512744e+05 
9.26883440768282e+01 1.00010722360192e+05 
9.28462302163992e+01 1.00018171667960e+05 
9.30041188904351e+01 1.00025793986183e+05 
9.31620089406748e+01 1.00031836754793e+05 
9.33199003766930e+01 1.00038082802785e+05 
9.34777965434557e+01 1.00043853112861e+05 
9.36356962709857e+01 1.00048828754089e+05 
9.37935970223798e+01 1.00054458285967e+05 
9.39515016043418e+01 1.00059437649633e+05 
9.41094095639123e+01 1.00062766531243e+05 
9.42673176496791e+01 1.00066479930005e+05 
9.44252272261732e+01 1.00069094636364e+05 
9.45831367419679e+01 1.00069936833310e+05 
9.47410472060425e+01 1.00071799114429e+05 
9.48989573503301e+01 1.00072421571774e+05 
9.50568658739766e+01 1.00071893996904e+05 
9.52147728697819e+01 1.00071790625250e+05 
9.53726794597599e+01 1.00070470894462e+05 
9.55305867647987e+01 1.00066934275437e+05 
9.56884942753968e+01 1.00064508461629e+05 
9.58463997516093e+01 1.00060737504512e+05 
9.60043026249207e+01 1.00056680877480e+05 
9.61622035600294e+01 1.00052933462098e+05 
9.63201032160052e+01 1.00048136822554e+05 
9.64780023140949e+01 1.00041395577906e+05 
9.66359014564617e+01 1.00035420069183e+05 
9.67938016196219e+01 1.00028392110343e+05 
9.69517021660862e+01 1.00021982920506e+05 
9.71096039307884e+01 1.00015727017607e+05 
9.72675053659434e+01 1.00009006092311e+05 
9.74254084969254e+01 1.00001324966853e+05 
9.75833089937247e+01 9.99938837556023e+04 
9.77412039501997e+01 9.99860257439446e+04 
9.78990956464850e+01 9.99795403200315e+04 
9.80569824734498e+01 9.99729747498300e+04 
9.82148662686850e+01 9.99666974797036e+04 
9.83727491375352e+01 9.99607769023611e+04 
9.85306321990684e+01 9.99544073579680e+04 
9.86885141869873e+01 9.99484443448558e+04 
9.88463960415929e+01 9.99441310833305e+04 
9.90042760737878e+01 9.99395176311088e+04 
9.91621528526767e+01 9.99359058624998e+04 
9.93200261516929e+01 9.99338180038458e+04 
9.94778958586317e+01 9.99308019028511e+04 
9.96357631314534e+01 9.99288807952042e+04 
9.97936285106285e+01 9.99283324209156e+04 
9.99514940149456e+01 9.99273866915383e+04 
1.00109360548212e+02 9.99277156253750e+04 
