# Liste des scalaires : TEMPS pmat 
0.00000000000000e+00 1.00000000000000e+05 
1.58013544018059e-01 1.00000000000000e+05 
3.16027088036117e-01 1.00000000000000e+05 
4.74040632054176e-01 1.00000000000000e+05 
6.32054176072234e-01 1.00000000000000e+05 
7.90067720090293e-01 1.00000000000000e+05 
9.48081264108351e-01 1.00000000000000e+05 
1.10609480812641e+00 1.00000000000000e+05 
1.26410835214447e+00 1.00000000000000e+05 
1.42212189616253e+00 1.00000000000000e+05 
1.58013544018058e+00 1.00000000000000e+05 
1.73814898419864e+00 1.00000000000000e+05 
1.89616252821670e+00 1.00000000000000e+05 
2.05417607223476e+00 1.00000000000000e+05 
2.21218961625282e+00 1.00000000000000e+05 
2.37020316027088e+00 1.00000000000000e+05 
2.52821670428893e+00 1.00000000000000e+05 
2.68623024830699e+00 1.00000000000000e+05 
2.84424379232505e+00 1.00000000000000e+05 
3.00225733634311e+00 1.00000000000000e+05 
3.16027088036116e+00 1.00000000000000e+05 
3.31828442437922e+00 1.00000000000000e+05 
3.47629796839728e+00 1.00000000000000e+05 
3.63431151241534e+00 1.00000000000000e+05 
3.79232505643340e+00 1.00000000000000e+05 
3.95033860045145e+00 1.00000000000000e+05 
4.10835214446951e+00 1.00000000000000e+05 
4.26636568848757e+00 1.00000000000000e+05 
4.42437923250563e+00 1.00000000000000e+05 
4.58239277652368e+00 1.00000000000000e+05 
4.74040632054174e+00 1.00000000000000e+05 
4.89841986455980e+00 1.00000000000000e+05 
5.05643340857771e+00 1.00000000000000e+05 
5.21444695259555e+00 1.00000000000000e+05 
5.37246049661106e+00 1.00000000000000e+05 
5.53047404062163e+00 1.00000000000000e+05 
5.68848758460807e+00 1.00000000000000e+05 
5.84650112860433e+00 1.00000000000000e+05 
6.00451467131846e+00 1.00000000000000e+05 
6.16252820860419e+00 1.00000000000000e+05 
6.32054173855849e+00 1.00000000000000e+05 
6.47855526263600e+00 1.00000000000000e+05 
6.63656878322570e+00 1.00000000000000e+05 
6.79458230116958e+00 1.00000000000000e+05 
6.95259581572868e+00 1.00000000000000e+05 
7.11060926486710e+00 1.00000000000000e+05 
7.26862123211782e+00 1.00000000000000e+05 
7.42662869286748e+00 1.00000000000000e+05 
7.58462797993242e+00 1.00000000000000e+05 
7.74261562363004e+00 1.00000000000000e+05 
7.90058972087802e+00 1.00000000000000e+05 
8.05854876760864e+00 1.00000000000000e+05 
8.21649327583521e+00 1.00000000000000e+05 
8.37442375590179e+00 1.00000000000000e+05 
8.53234121474706e+00 1.00000000000000e+05 
8.69024692780629e+00 1.00000000000000e+05 
8.84814294511368e+00 1.00000000000000e+05 
9.00603027516490e+00 1.00000000000000e+05 
9.16391060602912e+00 1.00000000000000e+05 
9.32178516379403e+00 1.00000000000000e+05 
9.47965513838773e+00 1.00000000000000e+05 
9.63751817790166e+00 1.00000000000000e+05 
9.79537550224774e+00 1.00000000000000e+05 
9.95322697641788e+00 1.00000000000000e+05 
1.01110732028936e+01 1.00000000000000e+05 
1.02689146274544e+01 1.00000000000000e+05 
1.04267523201822e+01 1.00000000000000e+05 
1.05845878187241e+01 1.00000000000000e+05 
1.07424234235056e+01 1.00000000000000e+05 
1.09002605183067e+01 1.00000000000000e+05 
1.10581011989153e+01 1.00000000000000e+05 
1.12159469760981e+01 1.00000000000000e+05 
1.13737958277871e+01 1.00000000000000e+05 
1.15316485112955e+01 1.00000000000000e+05 
1.16895059234703e+01 1.00000000000000e+05 
1.18473678135275e+01 1.00000000000000e+05 
1.20052343190564e+01 1.00000000000000e+05 
1.21631037930394e+01 1.00000000000000e+05 
1.23209755736488e+01 1.00000000000000e+05 
1.24788506295067e+01 1.00000000000000e+05 
1.26367295773036e+01 1.00000000000000e+05 
1.27946116815903e+01 1.00000000000000e+05 
1.29524970895918e+01 1.00000000000000e+05 
1.31103853882209e+01 1.00000000000000e+05 
1.32682764852580e+01 1.00000000000000e+05 
1.34261706139616e+01 1.00000000000000e+05 
1.35840685957871e+01 1.00000000000000e+05 
1.37419698795382e+01 1.00000000000000e+05 
1.38998748238769e+01 1.00000000000000e+05 
1.40577825863761e+01 1.00000000000000e+05 
1.42156900780669e+01 1.00000000000000e+05 
1.43735971547495e+01 1.00000000000000e+05 
1.45315042337418e+01 1.00000000000000e+05 
1.46894115576050e+01 1.00000000000000e+05 
1.48473186395545e+01 1.00000000000000e+05 
1.50052256719272e+01 1.00000000000000e+05 
1.51631330578148e+01 1.00000000000000e+05 
1.53210408171837e+01 1.00000000000000e+05 
1.54789489338296e+01 1.00000000000000e+05 
1.56368576354914e+01 1.00000000000000e+05 
1.57947669611646e+01 1.00000000000000e+05 
1.59526770505537e+01 1.00000000000000e+05 
1.61105878565459e+01 1.00000000000000e+05 
1.62684993007154e+01 1.00000000000000e+05 
1.64264117696543e+01 1.00000000000000e+05 
1.65843252894251e+01 1.00000000000000e+05 
1.67422394503545e+01 1.00000000000000e+05 
1.69001543231263e+01 1.00000000000000e+05 
1.70580702178261e+01 1.00000000000000e+05 
1.72159869071440e+01 1.00000000000000e+05 
1.73739045484328e+01 1.00000000000000e+05 
1.75318230870977e+01 1.00000000000000e+05 
1.76897420386758e+01 1.00000000000000e+05 
1.78476617082648e+01 1.00000000000000e+05 
1.80055822852594e+01 1.00000000000000e+05 
1.81635032871374e+01 1.00000000000000e+05 
1.83214252006964e+01 1.00000000000000e+05 
1.84793480458620e+01 1.00000000000000e+05 
1.86372715456650e+01 1.00000000000000e+05 
1.87951957601081e+01 1.00000000000000e+05 
1.89531209484135e+01 1.00000000000000e+05 
1.91110441089809e+01 1.00000000000000e+05 
1.92689571504680e+01 1.00000000000000e+05 
1.94268607791625e+01 1.00000000000000e+05 
1.95847566159270e+01 1.00000000000000e+05 
1.97426455229279e+01 1.00000000000000e+05 
1.99005279081235e+01 1.00000000000000e+05 
2.00584049686281e+01 1.00000000000000e+05 
2.02162789927353e+01 1.00000000000000e+05 
2.03741510118332e+01 1.00000000000000e+05 
2.05320225312322e+01 1.00000000000000e+05 
2.06898943694514e+01 1.00000000000000e+05 
2.08477672335517e+01 1.00000000000000e+05 
2.10056381883608e+01 1.00000000000000e+05 
2.11635073392954e+01 1.00000000000000e+05 
2.13213744206154e+01 1.00000000000001e+05 
2.14792406064660e+01 1.00000000000007e+05 
2.16371055052497e+01 1.00000000000045e+05 
2.17949698598769e+01 1.00000000000133e+05 
2.19528346543289e+01 1.00000000000209e+05 
2.21107022379036e+01 1.00000000000629e+05 
2.22685735446671e+01 1.00000000001289e+05 
2.24264499128177e+01 1.00000000010969e+05 
2.25843313783613e+01 1.00000000061158e+05 
2.27422178371839e+01 1.00000000342102e+05 
2.29001082195325e+01 1.00000000704006e+05 
2.30580026165052e+01 1.00000001009400e+05 
2.32159006750456e+01 1.00000001503356e+05 
2.33738008250518e+01 1.00000002461452e+05 
2.35317021841015e+01 1.00000004206684e+05 
2.36896047805334e+01 1.00000006635089e+05 
2.38475089535193e+01 1.00000010286982e+05 
2.40054144059897e+01 1.00000015897723e+05 
2.41633212527943e+01 1.00000023950260e+05 
2.43212294708959e+01 1.00000037338283e+05 
2.44791391765311e+01 1.00000059981526e+05 
2.46370501927731e+01 1.00000094843066e+05 
2.47949629062368e+01 1.00000149882369e+05 
2.49528766385629e+01 1.00000235675087e+05 
2.51107912664912e+01 1.00000357522006e+05 
2.52687065421895e+01 1.00000537845661e+05 
2.54266227275827e+01 1.00000805251017e+05 
2.55845402635157e+01 1.00001189781983e+05 
2.57424589006128e+01 1.00001775099326e+05 
2.59003774090588e+01 1.00002662292561e+05 
2.60582956021659e+01 1.00003965199469e+05 
2.62162142568713e+01 1.00005864429280e+05 
2.63741334755089e+01 1.00008519411087e+05 
2.65320531896202e+01 1.00011944238767e+05 
2.66899728755107e+01 1.00016266900989e+05 
2.68478922917635e+01 1.00021430041955e+05 
2.70058116301977e+01 1.00027107971116e+05 
2.71637307927613e+01 1.00033200219317e+05 
2.73216502821697e+01 1.00039471119091e+05 
2.74795690311203e+01 1.00045424667097e+05 
2.76374879055499e+01 1.00050845335433e+05 
2.77954041756501e+01 1.00055393053787e+05 
2.79533191433170e+01 1.00058790732218e+05 
2.81112322788099e+01 1.00061072541876e+05 
2.82691420252821e+01 1.00062294102043e+05 
2.84270498359011e+01 1.00062480232539e+05 
2.85849551367456e+01 1.00061711793504e+05 
2.87428577035279e+01 1.00060096376361e+05 
2.89007576935424e+01 1.00057734311275e+05 
2.90586554385742e+01 1.00054564102582e+05 
2.92165508783833e+01 1.00050746765465e+05 
2.93744443359554e+01 1.00046317370399e+05 
2.95323353920958e+01 1.00041343450708e+05 
2.96902253081402e+01 1.00035970422028e+05 
2.98481142776169e+01 1.00030673327523e+05 
3.00059979647156e+01 1.00025137649260e+05 
3.01638770985754e+01 1.00019265027523e+05 
3.03217523516603e+01 1.00013260590939e+05 
3.04796254231717e+01 1.00007490497974e+05 
3.06374979890028e+01 1.00001568654487e+05 
3.07953682566008e+01 9.99959525132144e+04 
3.09532360866590e+01 9.99903020179954e+04 
3.11111009485845e+01 9.99845578727046e+04 
3.12689642148262e+01 9.99789664404584e+04 
3.14268269801884e+01 9.99737376486006e+04 
3.15846899752751e+01 9.99685167065446e+04 
3.17425539745552e+01 9.99634357630455e+04 
3.19004203627167e+01 9.99583703948576e+04 
3.20582896401381e+01 9.99535292893939e+04 
3.22161632234601e+01 9.99489277067821e+04 
3.23740425511432e+01 9.99445858846053e+04 
3.25319290751244e+01 9.99404224301493e+04 
3.26898202982419e+01 9.99362704194695e+04 
3.28477131228900e+01 9.99323183450420e+04 
3.30056072961437e+01 9.99288857197609e+04 
3.31635023672678e+01 9.99259385150518e+04 
3.33213991393358e+01 9.99234373671009e+04 
3.34792973573956e+01 9.99215312703691e+04 
3.36371967535133e+01 9.99197431171370e+04 
3.37950973023584e+01 9.99186095733165e+04 
3.39529995672097e+01 9.99183645801687e+04 
3.41109029852060e+01 9.99187733879935e+04 
3.42688076087386e+01 9.99200618287776e+04 
3.44267132713632e+01 9.99222804094822e+04 
3.45846196509400e+01 9.99247449777815e+04 
3.47425273496765e+01 9.99278963094531e+04 
3.49004361808860e+01 9.99319765922257e+04 
3.50583454950604e+01 9.99366339014145e+04 
3.52162538750963e+01 9.99416128232201e+04 
3.53741611804014e+01 9.99473022665256e+04 
3.55320682312856e+01 9.99530999616526e+04 
3.56899754216115e+01 9.99593231306470e+04 
3.58478829107651e+01 9.99658732226893e+04 
3.60057904151544e+01 9.99725906591835e+04 
3.61636981099972e+01 9.99792474446717e+04 
3.63216068904539e+01 9.99860787291268e+04 
3.64795154283054e+01 9.99927992342317e+04 
3.66374236436593e+01 9.99995365151610e+04 
3.67953327010769e+01 1.00006268920910e+05 
3.69532427717678e+01 1.00012933805356e+05 
3.71111532244148e+01 1.00019394538045e+05 
3.72690630548262e+01 1.00025589653605e+05 
3.74269718145581e+01 1.00031600159308e+05 
3.75848778454541e+01 1.00037443924159e+05 
3.77427791017932e+01 1.00042682432444e+05 
3.79006746564164e+01 1.00047675524651e+05 
3.80585658512143e+01 1.00052270225279e+05 
3.82164521350274e+01 1.00056297799908e+05 
3.83743339522929e+01 1.00060305350236e+05 
3.85322143263643e+01 1.00063996699832e+05 
3.86900941565614e+01 1.00066938374054e+05 
3.88479738779336e+01 1.00069230723300e+05 
3.90058528607593e+01 1.00070839731338e+05 
3.91637297505779e+01 1.00071692073031e+05 
3.93216059461941e+01 1.00072698646195e+05 
3.94794833120710e+01 1.00073387764964e+05 
3.96373600136444e+01 1.00073009483644e+05 
3.97952355988724e+01 1.00071833267701e+05 
3.99531105564116e+01 1.00069908757736e+05 
4.01109853768128e+01 1.00067238186071e+05 
4.02688608742397e+01 1.00064757154410e+05 
4.04267381798270e+01 1.00061989378245e+05 
4.05846137319020e+01 1.00058209521161e+05 
4.07424858509869e+01 1.00053835389509e+05 
4.09003545163728e+01 1.00048891457129e+05 
4.10582217788816e+01 1.00043463650044e+05 
4.12160877638797e+01 1.00038147506836e+05 
4.13739537347660e+01 1.00032611095783e+05 
4.15318203524083e+01 1.00026601338310e+05 
4.16896877430492e+01 1.00020277481906e+05 
4.18475567572815e+01 1.00013658608397e+05 
4.20054296452478e+01 1.00006908111261e+05 
4.21633067849416e+01 1.00000193036736e+05 
4.23211896909693e+01 9.99934584439013e+04 
4.24790781339048e+01 9.99868701468114e+04 
4.26369644682292e+01 9.99804923784486e+04 
4.27948546539027e+01 9.99743107893265e+04 
4.29527445839470e+01 9.99684003326175e+04 
4.31106359297670e+01 9.99624630305482e+04 
4.32685306520852e+01 9.99567009246794e+04 
4.34264288504664e+01 9.99516245152588e+04 
4.35843293098335e+01 9.99471043483473e+04 
4.37422323857132e+01 9.99433273178108e+04 
4.39001362271449e+01 9.99401891160164e+04 
4.40580408935821e+01 9.99370803927348e+04 
4.42159461004656e+01 9.99344755412378e+04 
4.43738520952394e+01 9.99328423262069e+04 
4.45317586334686e+01 9.99320542427932e+04 
4.46896655731558e+01 9.99322673393578e+04 
4.48475732386247e+01 9.99333565826115e+04 
4.50054818277984e+01 9.99345504276275e+04 
4.51633912296472e+01 9.99362649558133e+04 
4.53213012689940e+01 9.99390636648958e+04 
4.54792124514439e+01 9.99425975098885e+04 
4.56371248172869e+01 9.99470339474841e+04 
4.57950380337933e+01 9.99521582797418e+04 
4.59529529680012e+01 9.99572827967287e+04 
4.61108663642278e+01 9.99627460481344e+04 
4.62687784498702e+01 9.99689200592094e+04 
4.64266899654798e+01 9.99753875794961e+04 
4.65846018793389e+01 9.99821439998347e+04 
4.67425141840204e+01 9.99890605304416e+04 
4.69004273753813e+01 9.99956219652959e+04 
4.70583412575278e+01 1.00002045884511e+05 
4.72162558287896e+01 1.00008258607327e+05 
4.73741661075397e+01 1.00014123508934e+05 
4.75320700293228e+01 1.00019615909015e+05 
4.76899693645184e+01 1.00024668786899e+05 
4.78478625125830e+01 1.00029147251036e+05 
4.80057508638390e+01 1.00033167876306e+05 
4.81636362087960e+01 1.00036477513456e+05 
4.83215191917349e+01 1.00039125807631e+05 
4.84794017791262e+01 1.00041376940852e+05 
4.86372824178603e+01 1.00043096735267e+05 
4.87951610644304e+01 1.00044561187635e+05 
4.89530401011878e+01 1.00045505664118e+05 
4.91109183405868e+01 1.00045707160637e+05 
4.92687968866861e+01 1.00045429642000e+05 
4.94266754364972e+01 1.00044684721446e+05 
4.95845515595664e+01 1.00043469240327e+05 
4.97424261075137e+01 1.00042340972030e+05 
4.99003006335041e+01 1.00040846662616e+05 
5.00581763017773e+01 1.00038726849533e+05 
5.02160540122954e+01 1.00036278992369e+05 
5.03739320513093e+01 1.00033599874830e+05 
5.05318084517488e+01 1.00030568027499e+05 
5.06896830101217e+01 1.00027852898036e+05 
5.08475554530749e+01 1.00024894736728e+05 
5.10054253922244e+01 1.00021454540317e+05 
5.11632927122317e+01 1.00017872679889e+05 
5.13211591090027e+01 1.00014200100025e+05 
5.14790271138448e+01 1.00010274397656e+05 
5.16368950153983e+01 1.00006722346688e+05 
5.17947643683201e+01 1.00003104388315e+05 
5.19526361004011e+01 9.99992055295139e+04 
5.21105113953299e+01 9.99953110048948e+04 
5.22683913894592e+01 9.99913976787920e+04 
5.24262776968112e+01 9.99873901676753e+04 
5.25841708838473e+01 9.99836785255894e+04 
5.27420666524036e+01 9.99801132888001e+04 
5.28999618489546e+01 9.99763957944306e+04 
5.30578577998667e+01 9.99729046420516e+04 
5.32157572283380e+01 9.99694807544093e+04 
5.33736576041167e+01 9.99662982440289e+04 
5.35315607809438e+01 9.99632959425979e+04 
5.36894666299000e+01 9.99606007222132e+04 
5.38473734460421e+01 9.99583585369403e+04 
5.40052812691421e+01 9.99564374990907e+04 
5.41631892761518e+01 9.99547635987769e+04 
5.43210976391154e+01 9.99536459509723e+04 
5.44790065647947e+01 9.99527372802004e+04 
5.46369153234515e+01 9.99524010473077e+04 
5.47948247591204e+01 9.99526301747508e+04 
5.49527345816088e+01 9.99533981340951e+04 
5.51106448015583e+01 9.99544574462421e+04 
5.52685553466649e+01 9.99561587006804e+04 
5.54264665842849e+01 9.99578657489738e+04 
5.55843786559346e+01 9.99600759926080e+04 
5.57422916964500e+01 9.99630269168834e+04 
5.59002049245996e+01 9.99664648232206e+04 
5.60581165652534e+01 9.99702525494886e+04 
5.62160267790978e+01 9.99746128409266e+04 
5.63739360456862e+01 9.99787957492177e+04 
5.65318446490167e+01 9.99832396793673e+04 
5.66897535039061e+01 9.99882458753817e+04 
5.68476637724107e+01 9.99934254688799e+04 
5.70055749148130e+01 9.99986459430619e+04 
5.71634862686760e+01 1.00003971082101e+05 
5.73213958959964e+01 1.00008836611118e+05 
5.74793010243427e+01 1.00013538645483e+05 
5.76372006427965e+01 1.00018377979970e+05 
5.77950939663717e+01 1.00022856600429e+05 
5.79529832749989e+01 1.00026976097141e+05 
5.81108693165340e+01 1.00030869056317e+05 
5.82687509560842e+01 1.00034388156667e+05 
5.84266313769464e+01 1.00037659330378e+05 
5.85845125473362e+01 1.00040379736659e+05 
5.87423932111164e+01 1.00042633621639e+05 
5.89002729936823e+01 1.00044710064501e+05 
5.90581527151859e+01 1.00046322672553e+05 
5.92160322137457e+01 1.00047810288604e+05 
5.93739114996228e+01 1.00048852332928e+05 
5.95317886882425e+01 1.00049249782667e+05 
5.96896638636060e+01 1.00049248583364e+05 
5.98475378197668e+01 1.00048830416271e+05 
6.00054119865173e+01 1.00047831235675e+05 
6.01632862541559e+01 1.00046919009292e+05 
6.03211632133958e+01 1.00045572479992e+05 
6.04790393685606e+01 1.00043533307066e+05 
6.06369130750726e+01 1.00041022443319e+05 
6.07947845152142e+01 1.00038274730953e+05 
6.09526543879465e+01 1.00034959335885e+05 
6.11105223433906e+01 1.00031841908275e+05 
6.12683891572993e+01 1.00028394316673e+05 
6.14262556334736e+01 1.00024369849242e+05 
6.15841213812268e+01 1.00020049135714e+05 
6.17419872970758e+01 1.00015643513029e+05 
6.18998556369791e+01 1.00010819052313e+05 
6.20577270573682e+01 1.00006214014924e+05 
6.22156028064752e+01 1.00001457007828e+05 
6.23734839507439e+01 9.99963711046100e+04 
6.25313719458757e+01 9.99913236941761e+04 
6.26892653364233e+01 9.99863882267435e+04 
6.28471589494630e+01 9.99814194915868e+04 
6.30050539658638e+01 9.99766129676428e+04 
6.31629516032019e+01 9.99718543803839e+04 
6.33208526762621e+01 9.99673831619764e+04 
6.34787557016783e+01 9.99632455872244e+04 
6.36366621209855e+01 9.99595322024121e+04 
6.37945707388512e+01 9.99562189049658e+04 
6.39524799651022e+01 9.99531524988283e+04 
6.41103898945289e+01 9.99505749849654e+04 
6.42682996768123e+01 9.99486640711226e+04 
6.44262099946042e+01 9.99474099094610e+04 
6.45841203235132e+01 9.99466636303948e+04 
6.47420308141056e+01 9.99466036852382e+04 
6.48999413857551e+01 9.99466772967995e+04 
6.50578522130705e+01 9.99472514696777e+04 
6.52157621383260e+01 9.99486099962919e+04 
6.53736716684331e+01 9.99505547341919e+04 
6.55315818735089e+01 9.99529559898099e+04 
6.56894924466357e+01 9.99560724603387e+04 
6.58474019305714e+01 9.99591477445574e+04 
6.60053094171804e+01 9.99626734420205e+04 
6.61632151021049e+01 9.99669807704721e+04 
6.63211194929648e+01 9.99717047863082e+04 
6.64790238951629e+01 9.99767109732206e+04 
6.66369283078166e+01 9.99821527707408e+04 
6.67948331393927e+01 9.99872461843276e+04 
6.69527394440034e+01 9.99923996977781e+04 
6.71106470639483e+01 9.99978793447929e+04 
6.72685553183821e+01 1.00003333329420e+05 
6.74264597024061e+01 1.00008586629580e+05 
6.75843590419925e+01 1.00013801524254e+05 
6.77422535684911e+01 1.00018467915532e+05 
6.79001426201263e+01 1.00022900891254e+05 
6.80580282864847e+01 1.00027125557601e+05 
6.82159111158328e+01 1.00030976304779e+05 
6.83737930861987e+01 1.00034485415810e+05 
6.85316731580176e+01 1.00037616103749e+05 
6.86895517906449e+01 1.00040474538807e+05 
6.88474307150474e+01 1.00042930002044e+05 
6.90053081989569e+01 1.00044967420835e+05 
6.91631854542290e+01 1.00046472694379e+05 
6.93210605590817e+01 1.00047679190801e+05 
6.94789329603387e+01 1.00048341563547e+05 
6.96368026296308e+01 1.00048927377158e+05 
6.97946722052352e+01 1.00049066073425e+05 
6.99525422636531e+01 1.00048462647865e+05 
7.01104134175452e+01 1.00047401142152e+05 
7.02682863349460e+01 1.00045975793054e+05 
7.04261613776249e+01 1.00043869835295e+05 
7.05840389189998e+01 1.00041843576087e+05 
7.07419152096647e+01 1.00039399621856e+05 
7.08997875851045e+01 1.00036258928460e+05 
7.10576561988164e+01 1.00032733071685e+05 
7.12155224399363e+01 1.00028991608316e+05 
7.13733888211252e+01 1.00024728253345e+05 
7.15312552146323e+01 1.00020646828582e+05 
7.16891217538037e+01 1.00016304315185e+05 
7.18469894024299e+01 1.00011496641827e+05 
7.20048591249784e+01 1.00006521648802e+05 
7.21627323468697e+01 1.00001484800130e+05 
7.23206109024455e+01 9.99962358261443e+04 
7.24784954490941e+01 9.99912103383839e+04 
7.26363845290400e+01 9.99862603775337e+04 
7.27942734676224e+01 9.99811394617782e+04 
7.29521620226019e+01 9.99762278277606e+04 
7.31100537643340e+01 9.99714811611293e+04 
7.32679464204612e+01 9.99670365869398e+04 
7.34258410448585e+01 9.99629266944527e+04 
7.35837409539245e+01 9.99591256082120e+04 
7.37416437257822e+01 9.99557573665063e+04 
7.38995475254834e+01 9.99529336706516e+04 
7.40574552767677e+01 9.99505442625131e+04 
7.42153656889771e+01 9.99488506494789e+04 
7.43732764020060e+01 9.99475191176832e+04 
7.45311875013272e+01 9.99468334945263e+04 
7.46890982702211e+01 9.99468649238643e+04 
7.48470091952905e+01 9.99473624767779e+04 
7.50049203089887e+01 9.99484139346281e+04 
7.51628314776675e+01 9.99501929889217e+04 
7.53207423108823e+01 9.99520756808472e+04 
7.54786534052723e+01 9.99545128992769e+04 
7.56365652919325e+01 9.99577052074122e+04 
7.57944760696322e+01 9.99614505967367e+04 
7.59523842322763e+01 9.99655285042220e+04 
7.61102907052860e+01 9.99702728458563e+04 
7.62681956345978e+01 9.99749127072600e+04 
7.64260997846199e+01 9.99799089450750e+04 
7.65840035006254e+01 9.99854296218887e+04 
7.67419079524643e+01 9.99911238008543e+04 
7.68998130220342e+01 9.99967602755271e+04 
7.70577190529444e+01 1.00002562426143e+05 
7.72156246322281e+01 1.00007939186208e+05 
7.73735304351853e+01 1.00013170570840e+05 
7.75314321962536e+01 1.00018519443281e+05 
7.76893280918668e+01 1.00023530532986e+05 
7.78472194406838e+01 1.00028103515261e+05 
7.80051082848022e+01 1.00032394417629e+05 
7.81629925315635e+01 1.00036258538527e+05 
7.83208748693117e+01 1.00039823616924e+05 
7.84787573742400e+01 1.00042916708784e+05 
7.86366399901977e+01 1.00045492289567e+05 
7.87945213840157e+01 1.00047588481971e+05 
7.89524022580153e+01 1.00049141854084e+05 
7.91102822345851e+01 1.00050482013259e+05 
7.92681598504246e+01 1.00051335230821e+05 
7.94260346032737e+01 1.00051573267495e+05 
7.95839065415183e+01 1.00051305196441e+05 
7.97417762739281e+01 1.00050556350818e+05 
7.98996452426869e+01 1.00049155424823e+05 
8.00575144475735e+01 1.00047738108255e+05 
8.02153853484350e+01 1.00045805928261e+05 
8.03732595753060e+01 1.00043190717330e+05 
8.05311360044327e+01 1.00040111048384e+05 
8.06890123775687e+01 1.00036828717432e+05 
8.08468842047536e+01 1.00032924867010e+05 
8.10047525333100e+01 1.00029103632588e+05 
8.11626191499556e+01 1.00024881342528e+05 
8.13204847650461e+01 1.00020194510482e+05 
8.14783488435453e+01 1.00015329380390e+05 
8.16362118439805e+01 1.00010540410851e+05 
8.17940760681954e+01 1.00005342757595e+05 
8.19519420697887e+01 1.00000319846341e+05 
8.21098112939899e+01 9.99950728815719e+04 
8.22676847318654e+01 9.99896912558320e+04 
8.24255638214298e+01 9.99844116671433e+04 
8.25834499430324e+01 9.99793774920721e+04 
8.27413394366513e+01 9.99743750157094e+04 
8.28992294477559e+01 9.99695890919399e+04 
8.30571223195795e+01 9.99649631851476e+04 
8.32150170578953e+01 9.99605608442011e+04 
8.33729147817309e+01 9.99566312880515e+04 
8.35308144311052e+01 9.99532010337717e+04 
8.36887168341859e+01 9.99503131173765e+04 
8.38466229777523e+01 9.99478425261023e+04 
8.40045316549114e+01 9.99459458471897e+04 
8.41624411095586e+01 9.99446174976280e+04 
8.43203503968559e+01 9.99440221317105e+04 
8.44782605557664e+01 9.99439127998438e+04 
8.46361711006565e+01 9.99446029284688e+04 
8.47940815795453e+01 9.99456344901336e+04 
8.49519911103720e+01 9.99472738311654e+04 
8.51098990973984e+01 9.99496042704045e+04 
8.52678065112851e+01 9.99525158058025e+04 
8.54257138686154e+01 9.99556657483791e+04 
8.55836217801970e+01 9.99595836105606e+04 
8.57415292183254e+01 9.99636662600610e+04 
8.58994341398339e+01 9.99683215503663e+04 
8.60573367332196e+01 9.99735432195176e+04 
8.62152374038746e+01 9.99790934760222e+04 
8.63731375811182e+01 9.99846671397646e+04 
8.65310375987192e+01 9.99906686066822e+04 
8.66889375552248e+01 9.99964495753432e+04 
8.68468385039286e+01 1.00002403910662e+05 
8.70047412609430e+01 1.00008436142328e+05 
8.71626443614392e+01 1.00014306230154e+05 
8.73205479962068e+01 1.00019737509181e+05 
8.74784503206073e+01 1.00025017700820e+05 
8.76363495572885e+01 1.00029855020033e+05 
8.77942431849901e+01 1.00034413331513e+05 
8.79521325309210e+01 1.00038678343137e+05 
8.81100185611205e+01 1.00042391764864e+05 
8.82679028525337e+01 1.00045525752427e+05 
8.84257843073351e+01 1.00048147755659e+05 
8.85836638116007e+01 1.00050417566568e+05 
8.87415446242167e+01 1.00052273594689e+05 
8.88994240315965e+01 1.00053611374508e+05 
8.90573022819536e+01 1.00054234094789e+05 
8.92151767527825e+01 1.00054568216579e+05 
8.93730477224399e+01 1.00054229996253e+05 
8.95309156458027e+01 1.00053661347172e+05 
8.96887826912112e+01 1.00052569137076e+05 
8.98466499713213e+01 1.00050805327211e+05 
9.00045176380459e+01 1.00048656234390e+05 
9.01623865154936e+01 1.00046298030236e+05 
9.03202569356564e+01 1.00043238022613e+05 
9.04781297063303e+01 1.00040067133399e+05 
9.06360054524564e+01 1.00036428898155e+05 
9.07938823357972e+01 1.00032297577637e+05 
9.09517541470789e+01 1.00027871246467e+05 
9.11096225648372e+01 1.00023548025833e+05 
9.12674903529327e+01 1.00018706122671e+05 
9.14253570626701e+01 1.00013883376732e+05 
9.15832226822998e+01 1.00008709386691e+05 
9.17410881565195e+01 1.00003338113761e+05 
9.18989546135373e+01 9.99979706529551e+04 
9.20568232887804e+01 9.99928244393462e+04 
9.22146961573564e+01 9.99874726955465e+04 
9.23725738596910e+01 9.99822510086810e+04 
9.25304579588404e+01 9.99770094536652e+04 
9.26883440768282e+01 9.99718874199388e+04 
9.28462302163992e+01 9.99670819746627e+04 
9.30041188904351e+01 9.99626974156692e+04 
9.31620089406748e+01 9.99585945753486e+04 
9.33199003766930e+01 9.99547655909917e+04 
9.34777965434557e+01 9.99513069555604e+04 
9.36356962709857e+01 9.99483193239044e+04 
9.37935970223798e+01 9.99458627576573e+04 
9.39515016043418e+01 9.99440682252566e+04 
9.41094095639123e+01 9.99430150925713e+04 
9.42673176496791e+01 9.99423386279343e+04 
9.44252272261732e+01 9.99423434849091e+04 
9.45831367419679e+01 9.99429292490613e+04 
9.47410472060425e+01 9.99440923286942e+04 
9.48989573503301e+01 9.99457851334133e+04 
9.50568658739766e+01 9.99482071310701e+04 
9.52147728697819e+01 9.99508532361844e+04 
9.53726794597599e+01 9.99540362832284e+04 
9.55305867647987e+01 9.99578945699732e+04 
9.56884942753968e+01 9.99622408793161e+04 
9.58463997516093e+01 9.99667490372615e+04 
9.60043026249207e+01 9.99719668344149e+04 
9.61622035600294e+01 9.99772427813607e+04 
9.63201032160052e+01 9.99829334161731e+04 
9.64780023140949e+01 9.99889703925317e+04 
9.66359014564617e+01 9.99951093334203e+04 
9.67938016196219e+01 1.00001031013383e+05 
9.69517021660862e+01 1.00007113159094e+05 
9.71096039307884e+01 1.00012890063237e+05 
9.72675053659434e+01 1.00018649222092e+05 
9.74254084969254e+01 1.00024236815272e+05 
9.75833089937247e+01 1.00029465567677e+05 
9.77412039501997e+01 1.00034109785223e+05 
9.78990956464850e+01 1.00038467720135e+05 
9.80569824734498e+01 1.00042400783772e+05 
9.82148662686850e+01 1.00045996249918e+05 
9.83727491375352e+01 1.00049170486264e+05 
9.85306321990684e+01 1.00051742489744e+05 
9.86885141869873e+01 1.00053624772098e+05 
9.88463960415929e+01 1.00054962886499e+05 
9.90042760737878e+01 1.00056041716022e+05 
9.91621528526767e+01 1.00056679068595e+05 
9.93200261516929e+01 1.00056628718362e+05 
9.94778958586317e+01 1.00056015840284e+05 
9.96357631314534e+01 1.00055027505354e+05 
9.97936285106285e+01 1.00053367845060e+05 
9.99514940149456e+01 1.00051576641939e+05 
1.00109360548212e+02 1.00049255677130e+05 
