# Liste des scalaires : TEMPS pmat 
0.00000000000000e+00 1.00000000000000e+05 
1.58013544018059e-01 1.00000000000000e+05 
3.16027088036117e-01 1.00000000000000e+05 
4.74040632054176e-01 1.00000000000000e+05 
6.32054176072234e-01 1.00000000000000e+05 
7.90067720090293e-01 1.00000000000000e+05 
9.48081264108351e-01 1.00000000000000e+05 
1.10609480812641e+00 1.00000000000000e+05 
1.26410835214447e+00 1.00000000000000e+05 
1.42212189616253e+00 1.00000000000000e+05 
1.58013544018058e+00 1.00000000000000e+05 
1.73814898419864e+00 1.00000000000000e+05 
1.89616252821670e+00 1.00000000000000e+05 
2.05417607223476e+00 1.00000000000000e+05 
2.21218961625282e+00 1.00000000000000e+05 
2.37020316027088e+00 1.00000000000000e+05 
2.52821670428893e+00 1.00000000000000e+05 
2.68623024830699e+00 1.00000000000000e+05 
2.84424379232505e+00 1.00000000000000e+05 
3.00225733634311e+00 1.00000000000000e+05 
3.16027088036116e+00 1.00000000000000e+05 
3.31828442437922e+00 1.00000000000000e+05 
3.47629796839728e+00 1.00000000000000e+05 
3.63431151241534e+00 1.00000000000000e+05 
3.79232505643340e+00 1.00000000000000e+05 
3.95033860045145e+00 1.00000000000062e+05 
4.10835214446951e+00 1.00000000000547e+05 
4.26636568848757e+00 1.00000000003682e+05 
4.42437923250563e+00 1.00000000045750e+05 
4.58239277652368e+00 1.00000000711124e+05 
4.74040632054174e+00 1.00000001856760e+05 
4.89841986455980e+00 1.00000005109082e+05 
5.05643340857771e+00 1.00000013699857e+05 
5.21444695259555e+00 1.00000031781535e+05 
5.37246049661106e+00 1.00000066476953e+05 
5.53047404062163e+00 1.00000145422003e+05 
5.68848758460807e+00 1.00000305120562e+05 
5.84650112860433e+00 1.00000602346301e+05 
6.00451467131846e+00 1.00001085338774e+05 
6.16252820860419e+00 1.00002001521086e+05 
6.32054173855849e+00 1.00003370707852e+05 
6.47855526263600e+00 1.00005117966178e+05 
6.63656878322570e+00 1.00008547888072e+05 
6.79458230116958e+00 1.00013480724847e+05 
6.95259581572868e+00 1.00019267770512e+05 
7.11060926486710e+00 1.00028174314481e+05 
7.26862123211782e+00 1.00038718738256e+05 
7.42662869286748e+00 1.00049052043933e+05 
7.58462797993242e+00 1.00062831945892e+05 
7.74261562363004e+00 1.00078899991009e+05 
7.90058972087802e+00 1.00093018996783e+05 
8.05854876760864e+00 1.00110151958463e+05 
8.21649327583521e+00 1.00126659330094e+05 
8.37442375590179e+00 1.00139315246682e+05 
8.53234121474706e+00 1.00153399628831e+05 
8.69024692780629e+00 1.00168324428316e+05 
8.84814294511368e+00 1.00178205233891e+05 
9.00603027516490e+00 1.00189074466757e+05 
9.16391060602912e+00 1.00197592200536e+05 
9.32178516379403e+00 1.00200925810950e+05 
9.47965513838773e+00 1.00203429259397e+05 
9.63751817790166e+00 1.00205402855889e+05 
9.79537550224774e+00 1.00202451586773e+05 
9.95322697641788e+00 1.00198908854805e+05 
1.01110732028936e+01 1.00193813806307e+05 
1.02689146274544e+01 1.00185060959776e+05 
1.04267523201822e+01 1.00173712297458e+05 
1.05845878187241e+01 1.00161183910422e+05 
1.07424234235056e+01 1.00146088002149e+05 
1.09002605183067e+01 1.00129150675680e+05 
1.10581011989153e+01 1.00112304327034e+05 
1.12159469760981e+01 1.00094643990878e+05 
1.13737958277871e+01 1.00073166765156e+05 
1.15316485112955e+01 1.00050371726770e+05 
1.16895059234703e+01 1.00028343926031e+05 
1.18473678135275e+01 1.00003825984278e+05 
1.20052343190564e+01 9.99812584719718e+04 
1.21631037930394e+01 9.99610223070278e+04 
1.23209755736488e+01 9.99367449558054e+04 
1.24788506295067e+01 9.99114041120093e+04 
1.26367295773036e+01 9.98895594942992e+04 
1.27946116815903e+01 9.98654971754587e+04 
1.29524970895918e+01 9.98444878141026e+04 
1.31103853882209e+01 9.98282596928872e+04 
1.32682764852580e+01 9.98091146294847e+04 
1.34261706139616e+01 9.97892466181552e+04 
1.35840685957871e+01 9.97745977077289e+04 
1.37419698795382e+01 9.97586602922156e+04 
1.38998748238769e+01 9.97461598832084e+04 
1.40577825863761e+01 9.97394737675807e+04 
1.42156900780669e+01 9.97319339547538e+04 
1.43735971547495e+01 9.97247026777503e+04 
1.45315042337418e+01 9.97227027273275e+04 
1.46894115576050e+01 9.97213826137635e+04 
1.48473186395545e+01 9.97224011695352e+04 
1.50052256719272e+01 9.97280502789293e+04 
1.51631330578148e+01 9.97355001892230e+04 
1.53210408171837e+01 9.97446651561039e+04 
1.54789489338296e+01 9.97562456266347e+04 
1.56368576354914e+01 9.97700343319396e+04 
1.57947669611646e+01 9.97850476226023e+04 
1.59526770505537e+01 9.98018117819913e+04 
1.61105878565459e+01 9.98222550431781e+04 
1.62684993007154e+01 9.98450128810288e+04 
1.64264117696543e+01 9.98669898514606e+04 
1.65843252894251e+01 9.98923040897355e+04 
1.67422394503545e+01 9.99167551573621e+04 
1.69001543231263e+01 9.99391758923894e+04 
1.70580702178261e+01 9.99656776167261e+04 
1.72159869071440e+01 9.99940763806257e+04 
1.73739045484328e+01 1.00018394422033e+05 
1.75318230870977e+01 1.00045665065911e+05 
1.76897420386758e+01 1.00070392841933e+05 
1.78476617082648e+01 1.00089921879987e+05 
1.80055822852594e+01 1.00112556996893e+05 
1.81635032871374e+01 1.00136614060416e+05 
1.83214252006964e+01 1.00154304360330e+05 
1.84793480458620e+01 1.00173897407618e+05 
1.86372715456650e+01 1.00190368085430e+05 
1.87951957601081e+01 1.00200364186062e+05 
1.89531209484135e+01 1.00211503879561e+05 
1.91110441089809e+01 1.00222555586908e+05 
1.92689571504680e+01 1.00227746147650e+05 
1.94268607791625e+01 1.00233315500716e+05 
1.95847566159270e+01 1.00236449308106e+05 
1.97426455229279e+01 1.00233838001234e+05 
1.99005279081235e+01 1.00229666541126e+05 
2.00584049686281e+01 1.00224632881253e+05 
2.02162789927353e+01 1.00216305013321e+05 
2.03741510118332e+01 1.00206735173354e+05 
2.05320225312322e+01 1.00196193872806e+05 
2.06898943694514e+01 1.00182718554916e+05 
2.08477672335517e+01 1.00166111211845e+05 
2.10056381883608e+01 1.00147871649738e+05 
2.11635073392954e+01 1.00129227926971e+05 
2.13213744206154e+01 1.00108096066291e+05 
2.14792406064660e+01 1.00088028337441e+05 
2.16371055052497e+01 1.00068760373013e+05 
2.17949698598769e+01 1.00045448002928e+05 
2.19528346543289e+01 1.00020371650660e+05 
2.21107022379036e+01 9.99979697857800e+04 
2.22685735446671e+01 9.99727338181679e+04 
2.24264499128177e+01 9.99499151230339e+04 
2.25843313783613e+01 9.99309791629417e+04 
2.27422178371839e+01 9.99082523084318e+04 
2.29001082195325e+01 9.98841697281896e+04 
2.30580026165052e+01 9.98648479254007e+04 
2.32159006750456e+01 9.98432666028664e+04 
2.33738008250518e+01 9.98247645301340e+04 
2.35317021841015e+01 9.98120619169532e+04 
2.36896047805334e+01 9.97970693523004e+04 
2.38475089535193e+01 9.97817311308067e+04 
2.40054144059897e+01 9.97717233596677e+04 
2.41633212527943e+01 9.97608493333792e+04 
2.43212294708959e+01 9.97530532216061e+04 
2.44791391765311e+01 9.97513526279265e+04 
2.46370501927731e+01 9.97496050816870e+04 
2.47949629062368e+01 9.97488104224980e+04 
2.49528766385629e+01 9.97522415482736e+04 
2.51107912664912e+01 9.97568432741123e+04 
2.52687065421895e+01 9.97632636434091e+04 
2.54266227275827e+01 9.97735581939844e+04 
2.55845402635157e+01 9.97863714432017e+04 
2.57424589006128e+01 9.98012380351450e+04 
2.59003774090588e+01 9.98174235547338e+04 
2.60582956021659e+01 9.98365435418182e+04 
2.62162142568713e+01 9.98561204771107e+04 
2.63741334755089e+01 9.98760686723518e+04 
2.65320531896202e+01 9.99000753587900e+04 
2.66899728755107e+01 9.99264205387723e+04 
2.68478922917635e+01 9.99504153752538e+04 
2.70058116301977e+01 9.99779145383584e+04 
2.71637307927613e+01 1.00003852332722e+05 
2.73216502821697e+01 1.00026250036127e+05 
2.74795690311203e+01 1.00052551864300e+05 
2.76374879055499e+01 1.00080610837946e+05 
2.77954041756501e+01 1.00103319016396e+05 
2.79533191433170e+01 1.00128744333476e+05 
2.81112322788099e+01 1.00151228532047e+05 
2.82691420252821e+01 1.00167461051937e+05 
2.84270498359011e+01 1.00185966731046e+05 
2.85849551367456e+01 1.00205098106702e+05 
2.87428577035279e+01 1.00217719914630e+05 
2.89007576935424e+01 1.00231662375002e+05 
2.90586554385742e+01 1.00242602381763e+05 
2.92165508783833e+01 1.00246815202745e+05 
2.93744443359554e+01 1.00251028880176e+05 
2.95323353920958e+01 1.00254552707647e+05 
2.96902253081402e+01 1.00252832297090e+05 
2.98481142776169e+01 1.00250491804107e+05 
3.00059979647156e+01 1.00246359938218e+05 
3.01638770985754e+01 1.00237498909764e+05 
3.03217523516603e+01 1.00226401485116e+05 
3.04796254231717e+01 1.00213646407141e+05 
3.06374979890028e+01 1.00198597769110e+05 
3.07953682566008e+01 1.00181667862969e+05 
3.09532360866590e+01 1.00164734119880e+05 
3.11111009485845e+01 1.00146441135733e+05 
3.12689642148262e+01 1.00124435689093e+05 
3.14268269801884e+01 1.00100591044045e+05 
3.15846899752751e+01 1.00077897881895e+05 
3.17425539745552e+01 1.00052678631851e+05 
3.19004203627167e+01 1.00029276337583e+05 
3.20582896401381e+01 1.00008063607519e+05 
3.22161632234601e+01 9.99827967917054e+04 
3.23740425511432e+01 9.99559804420823e+04 
3.25319290751244e+01 9.99331101060418e+04 
3.26898202982419e+01 9.99078718789176e+04 
3.28477131228900e+01 9.98853833053476e+04 
3.30056072961437e+01 9.98677986010787e+04 
3.31635023672678e+01 9.98471269320919e+04 
3.33213991393358e+01 9.98254838708150e+04 
3.34792973573956e+01 9.98092788184644e+04 
3.36371967535133e+01 9.97915856578538e+04 
3.37950973023584e+01 9.97772691194649e+04 
3.39529995672097e+01 9.97692587247656e+04 
3.41109029852060e+01 9.97600965207175e+04 
3.42688076087386e+01 9.97513971097108e+04 
3.44267132713632e+01 9.97480519203876e+04 
3.45846196509400e+01 9.97450643186611e+04 
3.47425273496765e+01 9.97446952063444e+04 
3.49004361808860e+01 9.97497681574646e+04 
3.50583454950604e+01 9.97564683296007e+04 
3.52162538750963e+01 9.97649431769983e+04 
3.53741611804014e+01 9.97756267113865e+04 
3.55320682312856e+01 9.97882502035622e+04 
3.56899754216115e+01 9.98024024879714e+04 
3.58478829107651e+01 9.98193012624672e+04 
3.60057904151544e+01 9.98395085425734e+04 
3.61636981099972e+01 9.98620015401113e+04 
3.63216068904539e+01 9.98840504561087e+04 
3.64795154283054e+01 9.99091721143937e+04 
3.66374236436593e+01 9.99335781896048e+04 
3.67953327010769e+01 9.99565677626946e+04 
3.69532427717678e+01 9.99835626872517e+04 
3.71111532244148e+01 1.00012594850418e+05 
3.72690630548262e+01 1.00037574634202e+05 
3.74269718145581e+01 1.00065440561774e+05 
3.75848778454541e+01 1.00090852453921e+05 
3.77427791017932e+01 1.00111241975356e+05 
3.79006746564164e+01 1.00134728690068e+05 
3.80585658512143e+01 1.00159225330800e+05 
3.82164521350274e+01 1.00177525808006e+05 
3.83743339522929e+01 1.00197631685391e+05 
3.85322143263643e+01 1.00214509351527e+05 
3.86900941565614e+01 1.00224587068594e+05 
3.88479738779336e+01 1.00235889067110e+05 
3.90058528607593e+01 1.00246861596371e+05 
3.91637297505779e+01 1.00251755316576e+05 
3.93216059461941e+01 1.00257080369789e+05 
3.94794833120710e+01 1.00259746379549e+05 
3.96373600136444e+01 1.00256396133561e+05 
3.97952355988724e+01 1.00251595446361e+05 
3.99531105564116e+01 1.00245581834391e+05 
4.01109853768128e+01 1.00236037030355e+05 
4.02688608742397e+01 1.00225516490364e+05 
4.04267381798270e+01 1.00214020182240e+05 
4.05846137319020e+01 1.00199128144042e+05 
4.07424858509869e+01 1.00181128882531e+05 
4.09003545163728e+01 1.00161307354205e+05 
4.10582217788816e+01 1.00141009064831e+05 
4.12160877638797e+01 1.00118582015180e+05 
4.13739537347660e+01 1.00097200891563e+05 
4.15318203524083e+01 1.00076180904224e+05 
4.16896877430492e+01 1.00051240204200e+05 
4.18475567572815e+01 1.00024569074646e+05 
4.20054296452478e+01 1.00000582588116e+05 
4.21633067849416e+01 9.99741210736076e+04 
4.23211896909693e+01 9.99501516475726e+04 
4.24790781339048e+01 9.99298065082684e+04 
4.26369644682292e+01 9.99057844083906e+04 
4.27948546539027e+01 9.98806438250887e+04 
4.29527445839470e+01 9.98602932518696e+04 
4.31106359297670e+01 9.98379156791738e+04 
4.32685306520852e+01 9.98187347853869e+04 
4.34264288504664e+01 9.98054402319319e+04 
4.35843293098335e+01 9.97899086978165e+04 
4.37422323857132e+01 9.97742721576902e+04 
4.39001362271449e+01 9.97641945638466e+04 
4.40580408935821e+01 9.97532883709136e+04 
4.42159461004656e+01 9.97455294346941e+04 
4.43738520952394e+01 9.97440820298744e+04 
4.45317586334686e+01 9.97426009515048e+04 
4.46896655731558e+01 9.97421382209443e+04 
4.48475732386247e+01 9.97461765199943e+04 
4.50054818277984e+01 9.97511553214034e+04 
4.51633912296472e+01 9.97579215125820e+04 
4.53213012689940e+01 9.97689920528513e+04 
4.54792124514439e+01 9.97823900859004e+04 
4.56371248172869e+01 9.97979591113318e+04 
4.57950380337933e+01 9.98150787368678e+04 
4.59529529680012e+01 9.98347181556247e+04 
4.61108663642278e+01 9.98547679692779e+04 
4.62687784498702e+01 9.98756087999155e+04 
4.64266899654798e+01 9.99003248791533e+04 
4.65846018793389e+01 9.99273308624412e+04 
4.67425141840204e+01 9.99522151622741e+04 
4.69004273753813e+01 9.99801873051211e+04 
4.70583412575278e+01 1.00006516402020e+05 
4.72162558287896e+01 1.00029635250474e+05 
4.73741661075397e+01 1.00056529495750e+05 
4.75320700293228e+01 1.00084959109182e+05 
4.76899693645184e+01 1.00108199587420e+05 
4.78478625125830e+01 1.00133836774050e+05 
4.80057508638390e+01 1.00156392648286e+05 
4.81636362087960e+01 1.00172729164612e+05 
4.83215191917349e+01 1.00191231714120e+05 
4.84794017791262e+01 1.00210310153298e+05 
4.86372824178603e+01 1.00222728935551e+05 
4.87951610644304e+01 1.00236210706477e+05 
4.89530401011878e+01 1.00246552853415e+05 
4.91109183405868e+01 1.00250023051252e+05 
4.92687968866861e+01 1.00253600184159e+05 
4.94266754364972e+01 1.00256395616751e+05 
4.95845515595664e+01 1.00254092544529e+05 
4.97424261075137e+01 1.00250982206542e+05 
4.99003006335041e+01 1.00246191203085e+05 
5.00581763017773e+01 1.00236605988210e+05 
5.02160540122954e+01 1.00224987058929e+05 
5.03739320513093e+01 1.00211651388041e+05 
5.05318084517488e+01 1.00196023431391e+05 
5.06896830101217e+01 1.00178771892870e+05 
5.08475554530749e+01 1.00161470878187e+05 
5.10054253922244e+01 1.00142570478300e+05 
5.11632927122317e+01 1.00120185817075e+05 
5.13211591090027e+01 1.00096048009845e+05 
5.14790271138448e+01 1.00073027659376e+05 
5.16368950153983e+01 1.00047679549924e+05 
5.17947643683201e+01 1.00024058678493e+05 
5.19526361004011e+01 1.00002485044240e+05 
5.21105113953299e+01 9.99769337707469e+04 
5.22683913894592e+01 9.99499578146865e+04 
5.24262776968112e+01 9.99268833756004e+04 
5.25841708838473e+01 9.99014678941076e+04 
5.27420666524036e+01 9.98788938479188e+04 
5.28999618489546e+01 9.98612532820823e+04 
5.30578577998667e+01 9.98404347804483e+04 
5.32157572283380e+01 9.98190229276014e+04 
5.33736576041167e+01 9.98029774676463e+04 
5.35315607809438e+01 9.97852844065283e+04 
5.36894666299000e+01 9.97709616374372e+04 
5.38473734460421e+01 9.97631023573978e+04 
5.40052812691421e+01 9.97539495847389e+04 
5.41631892761518e+01 9.97453292630123e+04 
5.43210976391154e+01 9.97420455193472e+04 
5.44790065647947e+01 9.97385431266001e+04 
5.46369153234515e+01 9.97377431699748e+04 
5.47948247591204e+01 9.97426355115505e+04 
5.49527345816088e+01 9.97489992825261e+04 
5.51106448015583e+01 9.97568875751446e+04 
5.52685553466649e+01 9.97674711399031e+04 
5.54264665842849e+01 9.97795349324777e+04 
5.55843786559346e+01 9.97930688339059e+04 
5.57422916964500e+01 9.98096883508407e+04 
5.59002049245996e+01 9.98295395565725e+04 
5.60581165652534e+01 9.98516282361322e+04 
5.62160267790978e+01 9.98736890203306e+04 
5.63739360456862e+01 9.98985361358877e+04 
5.65318446490167e+01 9.99227027489279e+04 
5.66897535039061e+01 9.99457898841359e+04 
5.68476637724107e+01 9.99729243459962e+04 
5.70055749148130e+01 1.00002075493119e+05 
5.71634862686760e+01 1.00027599985076e+05 
5.73213958959964e+01 1.00055951857173e+05 
5.74793010243427e+01 1.00081760144120e+05 
5.76372006427965e+01 1.00102844073388e+05 
5.77950939663717e+01 1.00127178724199e+05 
5.79529832749989e+01 1.00152419104033e+05 
5.81108693165340e+01 1.00171606960925e+05 
5.82687509560842e+01 1.00192753925072e+05 
5.84266313769464e+01 1.00210462606310e+05 
5.85845125473362e+01 1.00221253138509e+05 
5.87423932111164e+01 1.00233542055955e+05 
5.89002729936823e+01 1.00245536873057e+05 
5.90581527151859e+01 1.00251241106304e+05 
5.92160322137457e+01 1.00257613818095e+05 
5.93739114996228e+01 1.00261035923548e+05 
5.95317886882425e+01 1.00258220856070e+05 
5.96896638636060e+01 1.00254438468176e+05 
5.98475378197668e+01 1.00249382025486e+05 
6.00054119865173e+01 1.00240463938710e+05 
6.01632862541559e+01 1.00230804247729e+05 
6.03211632133958e+01 1.00220016285819e+05 
6.04790393685606e+01 1.00205680370460e+05 
6.06369130750726e+01 1.00188535040040e+05 
6.07947845152142e+01 1.00169716863217e+05 
6.09526543879465e+01 1.00150210351934e+05 
6.11105223433906e+01 1.00128730012593e+05 
6.12683891572993e+01 1.00108110049760e+05 
6.14262556334736e+01 1.00087635379007e+05 
6.15841213812268e+01 1.00063304909965e+05 
6.17419872970758e+01 1.00037378297139e+05 
6.18998556369791e+01 1.00013900378527e+05 
6.20577270573682e+01 9.99878715577567e+04 
6.22156028064752e+01 9.99641786453854e+04 
6.23734839507439e+01 9.99439531268991e+04 
6.25313719458757e+01 9.99199022420072e+04 
6.26892653364233e+01 9.98947724028455e+04 
6.28471589494630e+01 9.98743455545191e+04 
6.30050539658638e+01 9.98516555329717e+04 
6.31629516032019e+01 9.98320833370678e+04 
6.33208526762621e+01 9.98184115089863e+04 
6.34787557016783e+01 9.98023804483075e+04 
6.36366621209855e+01 9.97859669455801e+04 
6.37945707388512e+01 9.97752511055854e+04 
6.39524799651022e+01 9.97633758305579e+04 
6.41103898945289e+01 9.97546350472159e+04 
6.42682996768123e+01 9.97524071417165e+04 
6.44262099946042e+01 9.97498399879075e+04 
6.45841203235132e+01 9.97481666065680e+04 
6.47420308141056e+01 9.97509252661891e+04 
6.48999413857551e+01 9.97545873535739e+04 
6.50578522130705e+01 9.97601170365320e+04 
6.52157621383260e+01 9.97702417350436e+04 
6.53736716684331e+01 9.97823332513257e+04 
6.55315818735089e+01 9.97964203389708e+04 
6.56894924466357e+01 9.98125135493729e+04 
6.58474019305714e+01 9.98307385504734e+04 
6.60053094171804e+01 9.98494747917923e+04 
6.61632151021049e+01 9.98694266127509e+04 
6.63211194929648e+01 9.98930970123016e+04 
6.64790238951629e+01 9.99189387811502e+04 
6.66369283078166e+01 9.99432051910220e+04 
6.67948331393927e+01 9.99703448823557e+04 
6.69527394440034e+01 9.99959404944858e+04 
6.71106470639483e+01 1.00018786014661e+05 
6.72685553183821e+01 1.00045517853504e+05 
6.74264597024061e+01 1.00073689173745e+05 
6.75843590419925e+01 1.00097271032881e+05 
6.77422535684911e+01 1.00123214430630e+05 
6.79001426201263e+01 1.00146126048998e+05 
6.80580282864847e+01 1.00163171243952e+05 
6.82159111158328e+01 1.00182599158730e+05 
6.83737930861987e+01 1.00202795580944e+05 
6.85316731580176e+01 1.00216527204540e+05 
6.86895517906449e+01 1.00231489384611e+05 
6.88474307150474e+01 1.00243159548588e+05 
6.90053081989569e+01 1.00247974782398e+05 
6.91631854542290e+01 1.00253225347736e+05 
6.93210605590817e+01 1.00258085104960e+05 
6.94789329603387e+01 1.00257074049394e+05 
6.96368026296308e+01 1.00255705427792e+05 
6.97946722052352e+01 1.00252573263313e+05 
6.99525422636531e+01 1.00244287207776e+05 
7.01104134175452e+01 1.00233946596896e+05 
7.02682863349460e+01 1.00222118685863e+05 
7.04261613776249e+01 1.00207853197984e+05 
7.05840389189998e+01 1.00192090101489e+05 
7.07419152096647e+01 1.00176019616997e+05 
7.08997875851045e+01 1.00157996685906e+05 
7.10576561988164e+01 1.00136548065143e+05 
7.12155224399363e+01 1.00113394246391e+05 
7.13733888211252e+01 1.00091065017678e+05 
7.15312552146323e+01 1.00066379698067e+05 
7.16891217538037e+01 1.00043225246522e+05 
7.18469894024299e+01 1.00021821001442e+05 
7.20048591249784e+01 9.99963860458242e+04 
7.21627323468697e+01 9.99694890847688e+04 
7.23206109024455e+01 9.99462875487821e+04 
7.24784954490941e+01 9.99204956730493e+04 
7.26363845290400e+01 9.98974292357428e+04 
7.27942734676224e+01 9.98791439239996e+04 
7.29521620226019e+01 9.98574568262886e+04 
7.31100537643340e+01 9.98350923088722e+04 
7.32679464204612e+01 9.98181579561123e+04 
7.34258410448585e+01 9.97992507406432e+04 
7.35837409539245e+01 9.97836411764737e+04 
7.37416437257822e+01 9.97745770135417e+04 
7.38995475254834e+01 9.97638566797753e+04 
7.40574552767677e+01 9.97535208461502e+04 
7.42153656889771e+01 9.97487403314093e+04 
7.43732764020060e+01 9.97432731103914e+04 
7.45311875013272e+01 9.97406541668140e+04 
7.46890982702211e+01 9.97440001466576e+04 
7.48470091952905e+01 9.97482010187608e+04 
7.50049203089887e+01 9.97539205260222e+04 
7.51628314776675e+01 9.97630697945790e+04 
7.53207423108823e+01 9.97731781110397e+04 
7.54786534052723e+01 9.97847406933652e+04 
7.56365652919325e+01 9.97998066114307e+04 
7.57944760696322e+01 9.98179059257347e+04 
7.59523842322763e+01 9.98381730522006e+04 
7.61102907052860e+01 9.98589250893934e+04 
7.62681956345978e+01 9.98822386734018e+04 
7.64260997846199e+01 9.99050499044183e+04 
7.65840035006254e+01 9.99274139504458e+04 
7.67419079524643e+01 9.99538237575525e+04 
7.68998130220342e+01 9.99822574720825e+04 
7.70577190529444e+01 1.00007612100026e+05 
7.72156246322281e+01 1.00035873559170e+05 
7.73735304351853e+01 1.00061742042290e+05 
7.75314321962536e+01 1.00083379692402e+05 
7.76893280918668e+01 1.00108493532056e+05 
7.78472194406838e+01 1.00134746490434e+05 
7.80051082848022e+01 1.00155264580669e+05 
7.81629925315635e+01 1.00177921476079e+05 
7.83208748693117e+01 1.00197191259291e+05 
7.84787573742400e+01 1.00209808223525e+05 
7.86366399901977e+01 1.00224119992000e+05 
7.87945213840157e+01 1.00238438426975e+05 
7.89524022580153e+01 1.00246455024877e+05 
7.91102822345851e+01 1.00255216348707e+05 
7.92681598504246e+01 1.00260959061307e+05 
7.94260346032737e+01 1.00260107483959e+05 
7.95839065415183e+01 1.00258601720637e+05 
7.97417762739281e+01 1.00256026126176e+05 
7.98996452426869e+01 1.00248953602831e+05 
8.00575144475735e+01 1.00241015951779e+05 
8.02153853484350e+01 1.00231697068444e+05 
8.03732595753060e+01 1.00218455398677e+05 
8.05311360044327e+01 1.00202426493668e+05 
8.06890123775687e+01 1.00184637842422e+05 
8.08468842047536e+01 1.00165699434797e+05 
8.10047525333100e+01 1.00144579256097e+05 
8.11626191499556e+01 1.00123990427769e+05 
8.13204847650461e+01 1.00103246273337e+05 
8.14783488435453e+01 1.00078587524509e+05 
8.16362118439805e+01 1.00052197723255e+05 
8.17940760681954e+01 1.00028124770913e+05 
8.19519420697887e+01 1.00001316937590e+05 
8.21098112939899e+01 9.99767159960711e+04 
8.22676847318654e+01 9.99554902226329e+04 
8.24255638214298e+01 9.99302802326736e+04 
8.25834499430324e+01 9.99038433200976e+04 
8.27413394366513e+01 9.98822312439757e+04 
8.28992294477559e+01 9.98581510443599e+04 
8.30571223195795e+01 9.98372591125286e+04 
8.32150170578953e+01 9.98223859778679e+04 
8.33729147817309e+01 9.98048693316733e+04 
8.35308144311052e+01 9.97868006862770e+04 
8.36887168341859e+01 9.97748178884660e+04 
8.38466229777523e+01 9.97614792485141e+04 
8.40045316549114e+01 9.97513685654702e+04 
8.41624411095586e+01 9.97480364961640e+04 
8.43203503968559e+01 9.97441932088298e+04 
8.44782605557664e+01 9.97410507716958e+04 
8.46361711006565e+01 9.97428158933561e+04 
8.47940815795453e+01 9.97454561075287e+04 
8.49519911103720e+01 9.97500483895500e+04 
8.51098990973984e+01 9.97595206848362e+04 
8.52678065112851e+01 9.97708899859515e+04 
8.54257138686154e+01 9.97842143262359e+04 
8.55836217801970e+01 9.97999239766773e+04 
8.57415292183254e+01 9.98176220682113e+04 
8.58994341398339e+01 9.98358786977354e+04 
8.60573367332196e+01 9.98558110970211e+04 
8.62152374038746e+01 9.98794303899622e+04 
8.63731375811182e+01 9.99052224429018e+04 
8.65310375987192e+01 9.99298077061112e+04 
8.66889375552248e+01 9.99572226106203e+04 
8.68468385039286e+01 9.99831644705931e+04 
8.70047412609430e+01 1.00006725382168e+05 
8.71626443614392e+01 1.00034264419601e+05 
8.73205479962068e+01 1.00063446883736e+05 
8.74784503206073e+01 1.00088077265345e+05 
8.76363495572885e+01 1.00115145740684e+05 
8.77942431849901e+01 1.00139195978459e+05 
8.79521325309210e+01 1.00157598680293e+05 
8.81100185611205e+01 1.00178598660225e+05 
8.82679028525337e+01 1.00200378749315e+05 
8.84257843073351e+01 1.00215806832006e+05 
8.85836638116007e+01 1.00232476928969e+05 
8.87415446242167e+01 1.00245637633316e+05 
8.88994240315965e+01 1.00251991000111e+05 
8.90573022819536e+01 1.00258953189773e+05 
8.92151767527825e+01 1.00265490476988e+05 
8.93730477224399e+01 1.00265977866164e+05 
8.95309156458027e+01 1.00266226086345e+05 
8.96887826912112e+01 1.00264260830084e+05 
8.98466499713213e+01 1.00256876750705e+05 
9.00045176380459e+01 1.00247496004884e+05 
9.01623865154936e+01 1.00236590465705e+05 
9.03202569356564e+01 1.00223139711846e+05 
9.04781297063303e+01 1.00208016126233e+05 
9.06360054524564e+01 1.00192276617377e+05 
9.07938823357972e+01 1.00174210507455e+05 
9.09517541470789e+01 1.00152572407777e+05 
9.11096225648372e+01 1.00129080589732e+05 
9.12674903529327e+01 1.00106232925460e+05 
9.14253570626701e+01 1.00080787952065e+05 
9.15832226822998e+01 1.00056780386064e+05 
9.17410881565195e+01 1.00034461193217e+05 
9.18989546135373e+01 1.00007998444442e+05 
9.20568232887804e+01 9.99799050174642e+04 
9.22146961573564e+01 9.99555613745228e+04 
9.23725738596910e+01 9.99284678957839e+04 
9.25304579588404e+01 9.99041359338679e+04 
9.26883440768282e+01 9.98846419743000e+04 
9.28462302163992e+01 9.98615583156726e+04 
9.30041188904351e+01 9.98376528155268e+04 
9.31620089406748e+01 9.98193633435863e+04 
9.33199003766930e+01 9.97990209354366e+04 
9.34777965434557e+01 9.97820703169926e+04 
9.36356962709857e+01 9.97719336969094e+04 
9.37935970223798e+01 9.97597789863119e+04 
9.39515016043418e+01 9.97479390365593e+04 
9.41094095639123e+01 9.97420422714040e+04 
9.42673176496791e+01 9.97353069775160e+04 
9.44252272261732e+01 9.97316281316982e+04 
9.45831367419679e+01 9.97342779626929e+04 
9.47410472060425e+01 9.97375220483258e+04 
9.48989573503301e+01 9.97422657910978e+04 
9.50568658739766e+01 9.97509548664809e+04 
9.52147728697819e+01 9.97604593169049e+04 
9.53726794597599e+01 9.97715302108501e+04 
9.55305867647987e+01 9.97864675378229e+04 
9.56884942753968e+01 9.98043637990745e+04 
9.58463997516093e+01 9.98244611489779e+04 
9.60043026249207e+01 9.98454107638979e+04 
9.61622035600294e+01 9.98688657724407e+04 
9.63201032160052e+01 9.98918949833796e+04 
9.64780023140949e+01 9.99148170777768e+04 
9.66359014564617e+01 9.99418346888441e+04 
9.67938016196219e+01 9.99709369361315e+04 
9.69517021660862e+01 9.99972468176014e+04 
9.71096039307884e+01 1.00026398653924e+05 
9.72675053659434e+01 1.00053169289274e+05 
9.74254084969254e+01 1.00075917129469e+05 
9.75833089937247e+01 1.00102337956906e+05 
9.77412039501997e+01 1.00129960502213e+05 
9.78990956464850e+01 1.00151995789949e+05 
9.80569824734498e+01 1.00176051048979e+05 
9.82148662686850e+01 1.00196628887956e+05 
9.83727491375352e+01 1.00210723154512e+05 
9.85306321990684e+01 1.00226542765656e+05 
9.86885141869873e+01 1.00242417697945e+05 
9.88463960415929e+01 1.00251985696120e+05 
9.90042760737878e+01 1.00262131644021e+05 
9.91621528526767e+01 1.00269052939392e+05 
9.93200261516929e+01 1.00269281688064e+05 
9.94778958586317e+01 1.00269082600511e+05 
9.96357631314534e+01 1.00267785776620e+05 
9.97936285106285e+01 1.00261706007762e+05 
9.99514940149456e+01 1.00254589632127e+05 
1.00109360548212e+02 1.00246015057454e+05 
