# Liste des scalaires : TEMPS pmat 
0.00000000000000e+00 1.00000000000000e+05 
1.58013544018059e-01 1.00000000000000e+05 
3.16027088036117e-01 1.00000000000000e+05 
4.74040632054176e-01 1.00000000000000e+05 
6.32054176072234e-01 1.00000000000000e+05 
7.90067720090293e-01 1.00000000000000e+05 
9.48081264108351e-01 1.00000000000000e+05 
1.10609480812641e+00 1.00000000000000e+05 
1.26410835214447e+00 1.00000000000000e+05 
1.42212189616253e+00 1.00000000000000e+05 
1.58013544018058e+00 1.00000000000000e+05 
1.73814898419864e+00 1.00000000000000e+05 
1.89616252821670e+00 1.00000000000000e+05 
2.05417607223476e+00 1.00000000000000e+05 
2.21218961625282e+00 1.00000000000000e+05 
2.37020316027088e+00 1.00000000000000e+05 
2.52821670428893e+00 1.00000000000000e+05 
2.68623024830699e+00 1.00000000000000e+05 
2.84424379232505e+00 1.00000000000000e+05 
3.00225733634311e+00 1.00000000000000e+05 
3.16027088036116e+00 1.00000000000000e+05 
3.31828442437922e+00 1.00000000000000e+05 
3.47629796839728e+00 1.00000000000000e+05 
3.63431151241534e+00 1.00000000000000e+05 
3.79232505643340e+00 1.00000000000000e+05 
3.95033860045145e+00 1.00000000000000e+05 
4.10835214446951e+00 1.00000000000000e+05 
4.26636568848757e+00 1.00000000000000e+05 
4.42437923250563e+00 1.00000000000000e+05 
4.58239277652368e+00 1.00000000000000e+05 
4.74040632054174e+00 1.00000000000000e+05 
4.89841986455980e+00 1.00000000000000e+05 
5.05643340857771e+00 1.00000000000000e+05 
5.21444695259555e+00 1.00000000000000e+05 
5.37246049661106e+00 1.00000000000000e+05 
5.53047404062163e+00 1.00000000000000e+05 
5.68848758460807e+00 1.00000000000000e+05 
5.84650112860433e+00 1.00000000000000e+05 
6.00451467131846e+00 1.00000000000000e+05 
6.16252820860419e+00 1.00000000000000e+05 
6.32054173855849e+00 1.00000000000000e+05 
6.47855526263600e+00 1.00000000000000e+05 
6.63656878322570e+00 1.00000000000000e+05 
6.79458230116958e+00 1.00000000000000e+05 
6.95259581572868e+00 1.00000000000000e+05 
7.11060926486710e+00 1.00000000000000e+05 
7.26862123211782e+00 1.00000000000000e+05 
7.42662869286748e+00 1.00000000000000e+05 
7.58462797993242e+00 1.00000000000000e+05 
7.74261562363004e+00 1.00000000000000e+05 
7.90058972087802e+00 1.00000000000000e+05 
8.05854876760864e+00 1.00000000000000e+05 
8.21649327583521e+00 1.00000000000000e+05 
8.37442375590179e+00 1.00000000000000e+05 
8.53234121474706e+00 1.00000000000000e+05 
8.69024692780629e+00 1.00000000000000e+05 
8.84814294511368e+00 1.00000000000000e+05 
9.00603027516490e+00 1.00000000000000e+05 
9.16391060602912e+00 1.00000000000000e+05 
9.32178516379403e+00 1.00000000000000e+05 
9.47965513838773e+00 1.00000000000000e+05 
9.63751817790166e+00 1.00000000000000e+05 
9.79537550224774e+00 1.00000000000000e+05 
9.95322697641788e+00 1.00000000000000e+05 
1.01110732028936e+01 1.00000000000000e+05 
1.02689146274544e+01 1.00000000000000e+05 
1.04267523201822e+01 1.00000000000000e+05 
1.05845878187241e+01 1.00000000000000e+05 
1.07424234235056e+01 1.00000000000000e+05 
1.09002605183067e+01 1.00000000000000e+05 
1.10581011989153e+01 1.00000000000000e+05 
1.12159469760981e+01 1.00000000000000e+05 
1.13737958277871e+01 1.00000000000000e+05 
1.15316485112955e+01 1.00000000000000e+05 
1.16895059234703e+01 1.00000000000000e+05 
1.18473678135275e+01 1.00000000000000e+05 
1.20052343190564e+01 1.00000000000000e+05 
1.21631037930394e+01 1.00000000000000e+05 
1.23209755736488e+01 1.00000000000000e+05 
1.24788506295067e+01 1.00000000000000e+05 
1.26367295773036e+01 1.00000000000000e+05 
1.27946116815903e+01 1.00000000000000e+05 
1.29524970895918e+01 1.00000000000000e+05 
1.31103853882209e+01 1.00000000000000e+05 
1.32682764852580e+01 1.00000000000000e+05 
1.34261706139616e+01 1.00000000000000e+05 
1.35840685957871e+01 1.00000000000000e+05 
1.37419698795382e+01 1.00000000000000e+05 
1.38998748238769e+01 1.00000000000000e+05 
1.40577825863761e+01 1.00000000000000e+05 
1.42156900780669e+01 1.00000000000000e+05 
1.43735971547495e+01 1.00000000000000e+05 
1.45315042337418e+01 1.00000000000000e+05 
1.46894115576050e+01 1.00000000000000e+05 
1.48473186395545e+01 1.00000000000000e+05 
1.50052256719272e+01 1.00000000000000e+05 
1.51631330578148e+01 1.00000000000000e+05 
1.53210408171837e+01 1.00000000000000e+05 
1.54789489338296e+01 1.00000000000000e+05 
1.56368576354914e+01 1.00000000000000e+05 
1.57947669611646e+01 1.00000000000000e+05 
1.59526770505537e+01 1.00000000000000e+05 
1.61105878565459e+01 1.00000000000000e+05 
1.62684993007154e+01 1.00000000000000e+05 
1.64264117696543e+01 1.00000000000000e+05 
1.65843252894251e+01 1.00000000000000e+05 
1.67422394503545e+01 1.00000000000000e+05 
1.69001543231263e+01 1.00000000000000e+05 
1.70580702178261e+01 1.00000000000000e+05 
1.72159869071440e+01 1.00000000000000e+05 
1.73739045484328e+01 1.00000000000000e+05 
1.75318230870977e+01 1.00000000000000e+05 
1.76897420386758e+01 1.00000000000000e+05 
1.78476617082648e+01 1.00000000000000e+05 
1.80055822852594e+01 1.00000000000000e+05 
1.81635032871374e+01 1.00000000000010e+05 
1.83214252006964e+01 1.00000000000282e+05 
1.84793480458620e+01 1.00000000004458e+05 
1.86372715456650e+01 1.00000000055729e+05 
1.87951957601081e+01 1.00000000487755e+05 
1.89531209484135e+01 1.00000000855744e+05 
1.91110441089809e+01 1.00000001591047e+05 
1.92689571504680e+01 1.00000003099497e+05 
1.94268607791625e+01 1.00000005605357e+05 
1.95847566159270e+01 1.00000009180097e+05 
1.97426455229279e+01 1.00000014100260e+05 
1.99005279081235e+01 1.00000022150376e+05 
2.00584049686281e+01 1.00000038296541e+05 
2.02162789927353e+01 1.00000066905197e+05 
2.03741510118332e+01 1.00000108400340e+05 
2.05320225312322e+01 1.00000162788311e+05 
2.06898943694514e+01 1.00000230791084e+05 
2.08477672335517e+01 1.00000330031160e+05 
2.10056381883608e+01 1.00000505354660e+05 
2.11635073392954e+01 1.00000780483510e+05 
2.13213744206154e+01 1.00001130223469e+05 
2.14792406064660e+01 1.00001536311613e+05 
2.16371055052497e+01 1.00001984145118e+05 
2.17949698598769e+01 1.00002556741041e+05 
2.19528346543289e+01 1.00003443872374e+05 
2.21107022379036e+01 1.00004679160246e+05 
2.22685735446671e+01 1.00006036189301e+05 
2.24264499128177e+01 1.00007396366508e+05 
2.25843313783613e+01 1.00008641619878e+05 
2.27422178371839e+01 1.00009995031198e+05 
2.29001082195325e+01 1.00011802303556e+05 
2.30580026165052e+01 1.00014061938010e+05 
2.32159006750456e+01 1.00016164829371e+05 
2.33738008250518e+01 1.00017844151756e+05 
2.35317021841015e+01 1.00018924001220e+05 
2.36896047805334e+01 1.00019813037364e+05 
2.38475089535193e+01 1.00020832462902e+05 
2.40054144059897e+01 1.00022064201379e+05 
2.41633212527943e+01 1.00023026396451e+05 
2.43212294708959e+01 1.00023320329315e+05 
2.44791391765311e+01 1.00022940696789e+05 
2.46370501927731e+01 1.00022440495637e+05 
2.47949629062368e+01 1.00021694550425e+05 
2.49528766385629e+01 1.00020943016851e+05 
2.51107912664912e+01 1.00020263660680e+05 
2.52687065421895e+01 1.00019098660597e+05 
2.54266227275827e+01 1.00017532946112e+05 
2.55845402635157e+01 1.00016079155908e+05 
2.57424589006128e+01 1.00014315521304e+05 
2.59003774090588e+01 1.00012338578275e+05 
2.60582956021659e+01 1.00010577313867e+05 
2.62162142568713e+01 1.00008751228000e+05 
2.63741334755089e+01 1.00006976793788e+05 
2.65320531896202e+01 1.00005569251129e+05 
2.66899728755107e+01 1.00003750538316e+05 
2.68478922917635e+01 1.00001645270252e+05 
2.70058116301977e+01 9.99998212928686e+04 
2.71637307927613e+01 9.99981086452206e+04 
2.73216502821697e+01 9.99966967592593e+04 
2.74795690311203e+01 9.99956341885544e+04 
2.76374879055499e+01 9.99941752914747e+04 
2.77954041756501e+01 9.99923391020545e+04 
2.79533191433170e+01 9.99907612891118e+04 
2.81112322788099e+01 9.99893780537959e+04 
2.82691420252821e+01 9.99883635395725e+04 
2.84270498359011e+01 9.99877330967326e+04 
2.85849551367456e+01 9.99869986315061e+04 
2.87428577035279e+01 9.99861344911333e+04 
2.89007576935424e+01 9.99855659471649e+04 
2.90586554385742e+01 9.99853581765170e+04 
2.92165508783833e+01 9.99853533843919e+04 
2.93744443359554e+01 9.99857285978446e+04 
2.95323353920958e+01 9.99863139539265e+04 
2.96902253081402e+01 9.99868977466843e+04 
2.98481142776169e+01 9.99874914197528e+04 
3.00059979647156e+01 9.99880788651510e+04 
3.01638770985754e+01 9.99884820460840e+04 
3.03217523516603e+01 9.99888873436211e+04 
3.04796254231717e+01 9.99892901687713e+04 
3.06374979890028e+01 9.99897022650357e+04 
3.07953682566008e+01 9.99900932022134e+04 
3.09532360866590e+01 9.99904135257516e+04 
3.11111009485845e+01 9.99905303119950e+04 
3.12689642148262e+01 9.99905403573923e+04 
3.14268269801884e+01 9.99905148374351e+04 
3.15846899752751e+01 9.99905255950285e+04 
3.17425539745552e+01 9.99905992203618e+04 
3.19004203627167e+01 9.99907203386833e+04 
3.20582896401381e+01 9.99907905241098e+04 
3.22161632234601e+01 9.99907120299343e+04 
3.23740425511432e+01 9.99905182823372e+04 
3.25319290751244e+01 9.99903491359185e+04 
3.26898202982419e+01 9.99903296907876e+04 
3.28477131228900e+01 9.99904507598388e+04 
3.30056072961437e+01 9.99906931817578e+04 
3.31635023672678e+01 9.99907781782323e+04 
3.33213991393358e+01 9.99907911766678e+04 
3.34792973573956e+01 9.99908411829981e+04 
3.36371967535133e+01 9.99910651450422e+04 
3.37950973023584e+01 9.99914950178404e+04 
3.39529995672097e+01 9.99921640107419e+04 
3.41109029852060e+01 9.99926881827925e+04 
3.42688076087386e+01 9.99932380563979e+04 
3.44267132713632e+01 9.99938803889327e+04 
3.45846196509400e+01 9.99945933898517e+04 
3.47425273496765e+01 9.99954514414443e+04 
3.49004361808860e+01 9.99965008850210e+04 
3.50583454950604e+01 9.99973768138587e+04 
3.52162538750963e+01 9.99983263086341e+04 
3.53741611804014e+01 9.99994232691753e+04 
3.55320682312856e+01 1.00000452865356e+05 
3.56899754216115e+01 1.00001458817148e+05 
3.58478829107651e+01 1.00002478393528e+05 
3.60057904151544e+01 1.00003252956389e+05 
3.61636981099972e+01 1.00004156617813e+05 
3.63216068904539e+01 1.00005203112095e+05 
3.64795154283054e+01 1.00006112987247e+05 
3.66374236436593e+01 1.00006863501855e+05 
3.67953327010769e+01 1.00007430734398e+05 
3.69532427717678e+01 1.00007822404679e+05 
3.71111532244148e+01 1.00008318002693e+05 
3.72690630548262e+01 1.00008881075254e+05 
3.74269718145581e+01 1.00009279419828e+05 
3.75848778454541e+01 1.00009438061379e+05 
3.77427791017932e+01 1.00009385516309e+05 
3.79006746564164e+01 1.00009291134080e+05 
3.80585658512143e+01 1.00009256693421e+05 
3.82164521350274e+01 1.00009160933006e+05 
3.83743339522929e+01 1.00008903781385e+05 
3.85322143263643e+01 1.00008470079836e+05 
3.86900941565614e+01 1.00007878837473e+05 
3.88479738779336e+01 1.00007367711541e+05 
3.90058528607593e+01 1.00006781264636e+05 
3.91637297505779e+01 1.00005947369872e+05 
3.93216059461941e+01 1.00004967462915e+05 
3.94794833120710e+01 1.00003921070843e+05 
3.96373600136444e+01 1.00002899900491e+05 
3.97952355988724e+01 1.00002083931657e+05 
3.99531105564116e+01 1.00001104049410e+05 
4.01109853768128e+01 9.99998323714365e+04 
4.02688608742397e+01 9.99984839103345e+04 
4.04267381798270e+01 9.99972514721066e+04 
4.05846137319020e+01 9.99962342307996e+04 
4.07424858509869e+01 9.99954816681683e+04 
4.09003545163728e+01 9.99945871125710e+04 
4.10582217788816e+01 9.99934585996844e+04 
4.12160877638797e+01 9.99923135221243e+04 
4.13739537347660e+01 9.99914115719952e+04 
4.15318203524083e+01 9.99908190679082e+04 
4.16896877430492e+01 9.99903948148981e+04 
4.18475567572815e+01 9.99898916045104e+04 
4.20054296452478e+01 9.99892840564090e+04 
4.21633067849416e+01 9.99886876637339e+04 
4.23211896909693e+01 9.99883356297534e+04 
4.24790781339048e+01 9.99882371257552e+04 
4.26369644682292e+01 9.99881348771604e+04 
4.27948546539027e+01 9.99879874533970e+04 
4.29527445839470e+01 9.99879042715831e+04 
4.31106359297670e+01 9.99878445991372e+04 
4.32685306520852e+01 9.99880218719177e+04 
4.34264288504664e+01 9.99883431174232e+04 
4.35843293098335e+01 9.99885377430544e+04 
4.37422323857132e+01 9.99888226765144e+04 
4.39001362271449e+01 9.99892744475754e+04 
4.40580408935821e+01 9.99897909427890e+04 
4.42159461004656e+01 9.99903875551773e+04 
4.43738520952394e+01 9.99911070469082e+04 
4.45317586334686e+01 9.99915666079590e+04 
4.46896655731558e+01 9.99921068804744e+04 
4.48475732386247e+01 9.99929088519616e+04 
4.50054818277984e+01 9.99937923005328e+04 
4.51633912296472e+01 9.99946866594292e+04 
4.53213012689940e+01 9.99955706073055e+04 
4.54792124514439e+01 9.99961616185558e+04 
4.56371248172869e+01 9.99969086979503e+04 
4.57950380337933e+01 9.99979184552290e+04 
4.59529529680012e+01 9.99990716700094e+04 
4.61108663642278e+01 1.00000191403338e+05 
4.62687784498702e+01 1.00001218471762e+05 
4.64266899654798e+01 1.00002015561676e+05 
4.65846018793389e+01 1.00003045390021e+05 
4.67425141840204e+01 1.00004257993743e+05 
4.69004273753813e+01 1.00005515521748e+05 
4.70583412575278e+01 1.00006624691352e+05 
4.72162558287896e+01 1.00007496705172e+05 
4.73741661075397e+01 1.00008267193871e+05 
4.75320700293228e+01 1.00009226932901e+05 
4.76899693645184e+01 1.00010239935254e+05 
4.78478625125830e+01 1.00011162224362e+05 
4.80057508638390e+01 1.00011858270055e+05 
4.81636362087960e+01 1.00012234827339e+05 
4.83215191917349e+01 1.00012644084423e+05 
4.84794017791262e+01 1.00013203094986e+05 
4.86372824178603e+01 1.00013666102895e+05 
4.87951610644304e+01 1.00013932652589e+05 
4.89530401011878e+01 1.00013936959171e+05 
4.91109183405868e+01 1.00013663375831e+05 
4.92687968866861e+01 1.00013562241000e+05 
4.94266754364972e+01 1.00013460740338e+05 
4.95845515595664e+01 1.00013113775738e+05 
4.97424261075137e+01 1.00012494974206e+05 
4.99003006335041e+01 1.00011757746558e+05 
5.00581763017773e+01 1.00010814019864e+05 
5.02160540122954e+01 1.00010169306965e+05 
5.03739320513093e+01 1.00009398500489e+05 
5.05318084517488e+01 1.00008315654950e+05 
5.06896830101217e+01 1.00006972162161e+05 
5.08475554530749e+01 1.00005653677642e+05 
5.10054253922244e+01 1.00004393339683e+05 
5.11632927122317e+01 1.00003493832718e+05 
5.13211591090027e+01 1.00002371444648e+05 
5.14790271138448e+01 1.00001008366206e+05 
5.16368950153983e+01 9.99994368799980e+04 
5.17947643683201e+01 9.99980381602149e+04 
5.19526361004011e+01 9.99969118897333e+04 
5.21105113953299e+01 9.99960604815367e+04 
5.22683913894592e+01 9.99949835986059e+04 
5.24262776968112e+01 9.99937729784955e+04 
5.25841708838473e+01 9.99924544779180e+04 
5.27420666524036e+01 9.99913573163567e+04 
5.28999618489546e+01 9.99906185081482e+04 
5.30578577998667e+01 9.99900019346684e+04 
5.32157572283380e+01 9.99891961674832e+04 
5.33736576041167e+01 9.99884060351504e+04 
5.35315607809438e+01 9.99876601789410e+04 
5.36894666299000e+01 9.99871354262465e+04 
5.38473734460421e+01 9.99869729979502e+04 
5.40052812691421e+01 9.99867671532278e+04 
5.41631892761518e+01 9.99864523752751e+04 
5.43210976391154e+01 9.99863184808158e+04 
5.44790065647947e+01 9.99863431139123e+04 
5.46369153234515e+01 9.99865433801951e+04 
5.47948247591204e+01 9.99869722502861e+04 
5.49527345816088e+01 9.99871855887104e+04 
5.51106448015583e+01 9.99874647392677e+04 
5.52685553466649e+01 9.99880184617234e+04 
5.54264665842849e+01 9.99887957047736e+04 
5.55843786559346e+01 9.99896022001669e+04 
5.57422916964500e+01 9.99905431400163e+04 
5.59002049245996e+01 9.99911863133868e+04 
5.60581165652534e+01 9.99919721393468e+04 
5.62160267790978e+01 9.99930870875358e+04 
5.63739360456862e+01 9.99944397372956e+04 
5.65318446490167e+01 9.99957152084119e+04 
5.66897535039061e+01 9.99968754766992e+04 
5.68476637724107e+01 9.99976921177779e+04 
5.70055749148130e+01 9.99987426106374e+04 
5.71634862686760e+01 1.00000011054752e+05 
5.73213958959964e+01 1.00001468617365e+05 
5.74793010243427e+01 1.00002733072724e+05 
5.76372006427965e+01 1.00003687478408e+05 
5.77950939663717e+01 1.00004416616275e+05 
5.79529832749989e+01 1.00005359523903e+05 
5.81108693165340e+01 1.00006368934310e+05 
5.82687509560842e+01 1.00007435435013e+05 
5.84266313769464e+01 1.00008267876712e+05 
5.85845125473362e+01 1.00008724718449e+05 
5.87423932111164e+01 1.00009084907139e+05 
5.89002729936823e+01 1.00009532701406e+05 
5.90581527151859e+01 1.00009825726247e+05 
5.92160322137457e+01 1.00010052111975e+05 
5.93739114996228e+01 1.00010111365632e+05 
5.95317886882425e+01 1.00009906784838e+05 
5.96896638636060e+01 1.00009767753687e+05 
5.98475378197668e+01 1.00009559417453e+05 
6.00054119865173e+01 1.00009080697437e+05 
6.01632862541559e+01 1.00008463240297e+05 
6.03211632133958e+01 1.00007804493293e+05 
6.04790393685606e+01 1.00007056242400e+05 
6.06369130750726e+01 1.00006485610128e+05 
6.07947845152142e+01 1.00005699155301e+05 
6.09526543879465e+01 1.00004589863329e+05 
6.11105223433906e+01 1.00003322031177e+05 
6.12683891572993e+01 1.00002181640437e+05 
6.14262556334736e+01 1.00001246337317e+05 
6.15841213812268e+01 1.00000596809091e+05 
6.17419872970758e+01 9.99997544379592e+04 
6.18998556369791e+01 9.99986615268042e+04 
6.20577270573682e+01 9.99974049033608e+04 
6.22156028064752e+01 9.99963743384007e+04 
6.23734839507439e+01 9.99956681424513e+04 
6.25313719458757e+01 9.99951961139684e+04 
6.26892653364233e+01 9.99945450895557e+04 
6.28471589494630e+01 9.99937793178878e+04 
6.30050539658638e+01 9.99928830880819e+04 
6.31629516032019e+01 9.99922010076191e+04 
6.33208526762621e+01 9.99918928759480e+04 
6.34787557016783e+01 9.99916958628302e+04 
6.36366621209855e+01 9.99914168999511e+04 
6.37945707388512e+01 9.99912028226056e+04 
6.39524799651022e+01 9.99909091074322e+04 
6.41103898945289e+01 9.99907769128836e+04 
6.42682996768123e+01 9.99909139318829e+04 
6.44262099946042e+01 9.99909870501582e+04 
6.45841203235132e+01 9.99910838578398e+04 
6.47420308141056e+01 9.99913887949562e+04 
6.48999413857551e+01 9.99917124938207e+04 
6.50578522130705e+01 9.99920908363740e+04 
6.52157621383260e+01 9.99926305858092e+04 
6.53736716684331e+01 9.99930204134655e+04 
6.55315818735089e+01 9.99935323864791e+04 
6.56894924466357e+01 9.99943653211223e+04 
6.58474019305714e+01 9.99953191728978e+04 
6.60053094171804e+01 9.99962332499427e+04 
6.61632151021049e+01 9.99971621872172e+04 
6.63211194929648e+01 9.99978655580222e+04 
6.64790238951629e+01 9.99988152117862e+04 
6.66369283078166e+01 1.00000077925619e+05 
6.67948331393927e+01 1.00001446835871e+05 
6.69527394440034e+01 1.00002643521078e+05 
6.71106470639483e+01 1.00003621657715e+05 
6.72685553183821e+01 1.00004376139932e+05 
6.74264597024061e+01 1.00005352698887e+05 
6.75843590419925e+01 1.00006500486971e+05 
6.77422535684911e+01 1.00007683426829e+05 
6.79001426201263e+01 1.00008603070644e+05 
6.80580282864847e+01 1.00009154826315e+05 
6.82159111158328e+01 1.00009568813849e+05 
6.83737930861987e+01 1.00010093325924e+05 
6.85316731580176e+01 1.00010580385169e+05 
6.86895517906449e+01 1.00011022853376e+05 
6.88474307150474e+01 1.00011234601162e+05 
6.90053081989569e+01 1.00011099797769e+05 
6.91631854542290e+01 1.00010946542787e+05 
6.93210605590817e+01 1.00010739379008e+05 
6.94789329603387e+01 1.00010324275332e+05 
6.96368026296308e+01 1.00009833866256e+05 
6.97946722052352e+01 1.00009251545263e+05 
6.99525422636531e+01 1.00008442934570e+05 
7.01104134175452e+01 1.00007712728602e+05 
7.02682863349460e+01 1.00006787113279e+05 
7.04261613776249e+01 1.00005536485773e+05 
7.05840389189998e+01 1.00004211236770e+05 
7.07419152096647e+01 1.00002964433374e+05 
7.08997875851045e+01 1.00001773906614e+05 
7.10576561988164e+01 1.00000791185298e+05 
7.12155224399363e+01 9.99995688201426e+04 
7.13733888211252e+01 9.99980481373190e+04 
7.15312552146323e+01 9.99965415323025e+04 
7.16891217538037e+01 9.99952661505082e+04 
7.18469894024299e+01 9.99942903695262e+04 
7.20048591249784e+01 9.99935516587609e+04 
7.21627323468697e+01 9.99926391066173e+04 
7.23206109024455e+01 9.99915514301405e+04 
7.24784954490941e+01 9.99904724583732e+04 
7.26363845290400e+01 9.99896554736556e+04 
7.27942734676224e+01 9.99892051365441e+04 
7.29521620226019e+01 9.99888945792455e+04 
7.31100537643340e+01 9.99885179217580e+04 
7.32679464204612e+01 9.99881304796950e+04 
7.34258410448585e+01 9.99877925949947e+04 
7.35837409539245e+01 9.99876952498109e+04 
7.37416437257822e+01 9.99879114174569e+04 
7.38995475254834e+01 9.99881531038698e+04 
7.40574552767677e+01 9.99884304683644e+04 
7.42153656889771e+01 9.99888723433762e+04 
7.43732764020060e+01 9.99893415603812e+04 
7.45311875013272e+01 9.99899202162890e+04 
7.46890982702211e+01 9.99906848130142e+04 
7.48470091952905e+01 9.99913316132267e+04 
7.50049203089887e+01 9.99920983648553e+04 
7.51628314776675e+01 9.99931472057124e+04 
7.53207423108823e+01 9.99942290899184e+04 
7.54786534052723e+01 9.99953260011930e+04 
7.56365652919325e+01 9.99964762124369e+04 
7.57944760696322e+01 9.99974178912018e+04 
7.59523842322763e+01 9.99985818636820e+04 
7.61102907052860e+01 1.00000067391334e+05 
7.62681956345978e+01 1.00001561006100e+05 
7.64260997846199e+01 1.00002921497831e+05 
7.65840035006254e+01 1.00004135662278e+05 
7.67419079524643e+01 1.00005126013099e+05 
7.68998130220342e+01 1.00006326927885e+05 
7.70577190529444e+01 1.00007753445363e+05 
7.72156246322281e+01 1.00009118284455e+05 
7.73735304351853e+01 1.00010230964170e+05 
7.75314321962536e+01 1.00011021693554e+05 
7.76893280918668e+01 1.00011655380316e+05 
7.78472194406838e+01 1.00012417643610e+05 
7.80051082848022e+01 1.00013234565523e+05 
7.81629925315635e+01 1.00013919951582e+05 
7.83208748693117e+01 1.00014325187211e+05 
7.84787573742400e+01 1.00014369584672e+05 
7.86366399901977e+01 1.00014359633248e+05 
7.87945213840157e+01 1.00014358211726e+05 
7.89524022580153e+01 1.00014218280432e+05 
7.91102822345851e+01 1.00013959780459e+05 
7.92681598504246e+01 1.00013486577972e+05 
7.94260346032737e+01 1.00012747445452e+05 
7.95839065415183e+01 1.00012081343429e+05 
7.97417762739281e+01 1.00011281113820e+05 
7.98996452426869e+01 1.00010215631711e+05 
8.00575144475735e+01 1.00009062239787e+05 
8.02153853484350e+01 1.00007848477992e+05 
8.03732595753060e+01 1.00006539439258e+05 
8.05311360044327e+01 1.00005420047641e+05 
8.06890123775687e+01 1.00004048614891e+05 
8.08468842047536e+01 1.00002362021589e+05 
8.10047525333100e+01 1.00000665395539e+05 
8.11626191499556e+01 9.99990965402234e+04 
8.13204847650461e+01 9.99977028239938e+04 
8.14783488435453e+01 9.99965782276094e+04 
8.16362118439805e+01 9.99952440147917e+04 
8.17940760681954e+01 9.99936846413262e+04 
8.19519420697887e+01 9.99921949170163e+04 
8.21098112939899e+01 9.99909554030399e+04 
8.22676847318654e+01 9.99900448214952e+04 
8.24255638214298e+01 9.99893194596825e+04 
8.25834499430324e+01 9.99884491670337e+04 
8.27413394366513e+01 9.99874909452880e+04 
8.28992294477559e+01 9.99866365772329e+04 
8.30571223195795e+01 9.99860455461951e+04 
8.32150170578953e+01 9.99858241308493e+04 
8.33729147817309e+01 9.99856957523361e+04 
8.35308144311052e+01 9.99855246821520e+04 
8.36887168341859e+01 9.99854603920092e+04 
8.38466229777523e+01 9.99854913372273e+04 
8.40045316549114e+01 9.99857890374518e+04 
8.41624411095586e+01 9.99862967037804e+04 
8.43203503968559e+01 9.99867365157640e+04 
8.44782605557664e+01 9.99872775561104e+04 
8.46361711006565e+01 9.99880114870447e+04 
8.47940815795453e+01 9.99888368543870e+04 
8.49519911103720e+01 9.99897425289095e+04 
8.51098990973984e+01 9.99908317052945e+04 
8.52678065112851e+01 9.99917212970590e+04 
8.54257138686154e+01 9.99927468389470e+04 
8.55836217801970e+01 9.99940737120649e+04 
8.57415292183254e+01 9.99954956890346e+04 
8.58994341398339e+01 9.99969098516303e+04 
8.60573367332196e+01 9.99982948059162e+04 
8.62152374038746e+01 9.99994158587155e+04 
8.63731375811182e+01 1.00000750979296e+05 
8.65310375987192e+01 1.00002335671843e+05 
8.66889375552248e+01 1.00003955616965e+05 
8.68468385039286e+01 1.00005398073633e+05 
8.70047412609430e+01 1.00006597210402e+05 
8.71626443614392e+01 1.00007558397439e+05 
8.73205479962068e+01 1.00008697862362e+05 
8.74784503206073e+01 1.00009973419483e+05 
8.76363495572885e+01 1.00011200130285e+05 
8.77942431849901e+01 1.00012165690330e+05 
8.79521325309210e+01 1.00012770964410e+05 
8.81100185611205e+01 1.00013240941024e+05 
8.82679028525337e+01 1.00013801341546e+05 
8.84257843073351e+01 1.00014334678045e+05 
8.85836638116007e+01 1.00014758840253e+05 
8.87415446242167e+01 1.00014913786884e+05 
8.88994240315965e+01 1.00014713753080e+05 
8.90573022819536e+01 1.00014509114660e+05 
8.92151767527825e+01 1.00014290044398e+05 
8.93730477224399e+01 1.00013878704757e+05 
8.95309156458027e+01 1.00013324963542e+05 
8.96887826912112e+01 1.00012619106439e+05 
8.98466499713213e+01 1.00011674847586e+05 
9.00045176380459e+01 1.00010836060142e+05 
9.01623865154936e+01 1.00009858969422e+05 
9.03202569356564e+01 1.00008573088407e+05 
9.04781297063303e+01 1.00007171257143e+05 
9.06360054524564e+01 1.00005772366178e+05 
9.07938823357972e+01 1.00004358992665e+05 
9.09517541470789e+01 1.00003186876962e+05 
9.11096225648372e+01 1.00001801076851e+05 
9.12674903529327e+01 1.00000128818693e+05 
9.14253570626701e+01 9.99984365311749e+04 
9.15832226822998e+01 9.99969224186872e+04 
9.17410881565195e+01 9.99956457743695e+04 
9.18989546135373e+01 9.99946501127538e+04 
9.20568232887804e+01 9.99934795491617e+04 
9.22146961573564e+01 9.99921307466325e+04 
9.23725738596910e+01 9.99908002520664e+04 
9.25304579588404e+01 9.99897241115905e+04 
9.26883440768282e+01 9.99889865780588e+04 
9.28462302163992e+01 9.99884031332678e+04 
9.30041188904351e+01 9.99877273587114e+04 
9.31620089406748e+01 9.99870230275687e+04 
9.33199003766930e+01 9.99864247711341e+04 
9.34777965434557e+01 9.99861038346198e+04 
9.36356962709857e+01 9.99861312474242e+04 
9.37935970223798e+01 9.99862097249159e+04 
9.39515016043418e+01 9.99862796303361e+04 
9.41094095639123e+01 9.99865106904100e+04 
9.42673176496791e+01 9.99868380858566e+04 
9.44252272261732e+01 9.99873351844123e+04 
9.45831367419679e+01 9.99880742350310e+04 
9.47410472060425e+01 9.99887084160175e+04 
9.48989573503301e+01 9.99894513059354e+04 
9.50568658739766e+01 9.99904910688015e+04 
9.52147728697819e+01 9.99915606553376e+04 
9.53726794597599e+01 9.99927194866136e+04 
9.55305867647987e+01 9.99940044239455e+04 
9.56884942753968e+01 9.99950686025873e+04 
9.58463997516093e+01 9.99963306403047e+04 
9.60043026249207e+01 9.99979160787897e+04 
9.61622035600294e+01 9.99995657639317e+04 
9.63201032160052e+01 1.00001116331548e+05 
9.64780023140949e+01 1.00002529541987e+05 
9.66359014564617e+01 1.00003686674114e+05 
9.67938016196219e+01 1.00005072201609e+05 
9.69517021660862e+01 1.00006695514165e+05 
9.71096039307884e+01 1.00008289755786e+05 
9.72675053659434e+01 1.00009631616333e+05 
9.74254084969254e+01 1.00010608201067e+05 
9.75833089937247e+01 1.00011405099525e+05 
9.77412039501997e+01 1.00012363214476e+05 
9.78990956464850e+01 1.00013391779909e+05 
9.80569824734498e+01 1.00014294489103e+05 
9.82148662686850e+01 1.00014930076627e+05 
9.83727491375352e+01 1.00015130827072e+05 
9.85306321990684e+01 1.00015240578893e+05 
9.86885141869873e+01 1.00015406703265e+05 
9.88463960415929e+01 1.00015457906300e+05 
9.90042760737878e+01 1.00015394226670e+05 
9.91621528526767e+01 1.00015034035767e+05 
9.93200261516929e+01 1.00014421372848e+05 
9.94778958586317e+01 1.00013869575895e+05 
9.96357631314534e+01 1.00013136648957e+05 
9.97936285106285e+01 1.00012129755023e+05 
9.99514940149456e+01 1.00011104914555e+05 
1.00109360548212e+02 1.00009952445042e+05 
