# Liste des scalaires : TEMPS pmat 
0.00000000000000e+00 1.00000000000000e+05 
1.58013544018059e-01 1.00000000000000e+05 
3.16027088036117e-01 1.00000000000000e+05 
4.74040632054176e-01 1.00000000000000e+05 
6.32054176072234e-01 1.00000000000000e+05 
7.90067720090293e-01 1.00000000000000e+05 
9.48081264108351e-01 1.00000000000000e+05 
1.10609480812641e+00 1.00000000000000e+05 
1.26410835214447e+00 1.00000000000000e+05 
1.42212189616253e+00 1.00000000000000e+05 
1.58013544018058e+00 1.00000000000000e+05 
1.73814898419864e+00 1.00000000000000e+05 
1.89616252821670e+00 1.00000000000000e+05 
2.05417607223476e+00 1.00000000000000e+05 
2.21218961625282e+00 1.00000000000000e+05 
2.37020316027088e+00 1.00000000000000e+05 
2.52821670428893e+00 1.00000000000000e+05 
2.68623024830699e+00 1.00000000000000e+05 
2.84424379232505e+00 1.00000000000000e+05 
3.00225733634311e+00 1.00000000000000e+05 
3.16027088036116e+00 1.00000000000000e+05 
3.31828442437922e+00 1.00000000000000e+05 
3.47629796839728e+00 1.00000000000000e+05 
3.63431151241534e+00 1.00000000000000e+05 
3.79232505643340e+00 1.00000000000000e+05 
3.95033860045145e+00 1.00000000000000e+05 
4.10835214446951e+00 1.00000000000000e+05 
4.26636568848757e+00 1.00000000000000e+05 
4.42437923250563e+00 1.00000000000000e+05 
4.58239277652368e+00 1.00000000000000e+05 
4.74040632054174e+00 1.00000000000000e+05 
4.89841986455980e+00 1.00000000000000e+05 
5.05643340857771e+00 1.00000000000000e+05 
5.21444695259555e+00 1.00000000000000e+05 
5.37246049661106e+00 1.00000000000000e+05 
5.53047404062163e+00 1.00000000000000e+05 
5.68848758460807e+00 1.00000000000000e+05 
5.84650112860433e+00 1.00000000000000e+05 
6.00451467131846e+00 1.00000000000000e+05 
6.16252820860419e+00 1.00000000000000e+05 
6.32054173855849e+00 1.00000000000000e+05 
6.47855526263600e+00 1.00000000000000e+05 
6.63656878322570e+00 1.00000000000000e+05 
6.79458230116958e+00 1.00000000000000e+05 
6.95259581572868e+00 1.00000000000000e+05 
7.11060926486710e+00 1.00000000000000e+05 
7.26862123211782e+00 1.00000000000000e+05 
7.42662869286748e+00 1.00000000000000e+05 
7.58462797993242e+00 1.00000000000000e+05 
7.74261562363004e+00 1.00000000000000e+05 
7.90058972087802e+00 1.00000000000000e+05 
8.05854876760864e+00 1.00000000000000e+05 
8.21649327583521e+00 1.00000000000000e+05 
8.37442375590179e+00 1.00000000000000e+05 
8.53234121474706e+00 1.00000000000000e+05 
8.69024692780629e+00 1.00000000000000e+05 
8.84814294511368e+00 1.00000000000000e+05 
9.00603027516490e+00 1.00000000000000e+05 
9.16391060602912e+00 1.00000000000000e+05 
9.32178516379403e+00 1.00000000000000e+05 
9.47965513838773e+00 1.00000000000000e+05 
9.63751817790166e+00 1.00000000000000e+05 
9.79537550224774e+00 1.00000000000000e+05 
9.95322697641788e+00 1.00000000000000e+05 
1.01110732028936e+01 1.00000000000000e+05 
1.02689146274544e+01 1.00000000000000e+05 
1.04267523201822e+01 1.00000000000000e+05 
1.05845878187241e+01 1.00000000000000e+05 
1.07424234235056e+01 1.00000000000000e+05 
1.09002605183067e+01 1.00000000000000e+05 
1.10581011989153e+01 1.00000000000000e+05 
1.12159469760981e+01 1.00000000000000e+05 
1.13737958277871e+01 1.00000000000000e+05 
1.15316485112955e+01 1.00000000000000e+05 
1.16895059234703e+01 1.00000000000000e+05 
1.18473678135275e+01 1.00000000000000e+05 
1.20052343190564e+01 1.00000000000000e+05 
1.21631037930394e+01 1.00000000000000e+05 
1.23209755736488e+01 1.00000000000000e+05 
1.24788506295067e+01 1.00000000000000e+05 
1.26367295773036e+01 1.00000000000000e+05 
1.27946116815903e+01 1.00000000000000e+05 
1.29524970895918e+01 1.00000000000000e+05 
1.31103853882209e+01 1.00000000000000e+05 
1.32682764852580e+01 1.00000000000000e+05 
1.34261706139616e+01 1.00000000000000e+05 
1.35840685957871e+01 1.00000000000000e+05 
1.37419698795382e+01 1.00000000000000e+05 
1.38998748238769e+01 1.00000000000000e+05 
1.40577825863761e+01 1.00000000000000e+05 
1.42156900780669e+01 1.00000000000000e+05 
1.43735971547495e+01 1.00000000000000e+05 
1.45315042337418e+01 1.00000000000000e+05 
1.46894115576050e+01 1.00000000000000e+05 
1.48473186395545e+01 1.00000000000000e+05 
1.50052256719272e+01 1.00000000000000e+05 
1.51631330578148e+01 1.00000000000000e+05 
1.53210408171837e+01 1.00000000000000e+05 
1.54789489338296e+01 1.00000000000000e+05 
1.56368576354914e+01 1.00000000000000e+05 
1.57947669611646e+01 1.00000000000000e+05 
1.59526770505537e+01 1.00000000000000e+05 
1.61105878565459e+01 1.00000000000000e+05 
1.62684993007154e+01 1.00000000000000e+05 
1.64264117696543e+01 1.00000000000000e+05 
1.65843252894251e+01 1.00000000000000e+05 
1.67422394503545e+01 1.00000000000000e+05 
1.69001543231263e+01 1.00000000000000e+05 
1.70580702178261e+01 1.00000000000000e+05 
1.72159869071440e+01 1.00000000000000e+05 
1.73739045484328e+01 1.00000000000000e+05 
1.75318230870977e+01 1.00000000000000e+05 
1.76897420386758e+01 1.00000000000000e+05 
1.78476617082648e+01 1.00000000000000e+05 
1.80055822852594e+01 1.00000000000000e+05 
1.81635032871374e+01 1.00000000000000e+05 
1.83214252006964e+01 1.00000000000000e+05 
1.84793480458620e+01 1.00000000000000e+05 
1.86372715456650e+01 1.00000000000000e+05 
1.87951957601081e+01 1.00000000000000e+05 
1.89531209484135e+01 1.00000000000000e+05 
1.91110441089809e+01 1.00000000000000e+05 
1.92689571504680e+01 1.00000000000000e+05 
1.94268607791625e+01 1.00000000000000e+05 
1.95847566159270e+01 1.00000000000000e+05 
1.97426455229279e+01 1.00000000000000e+05 
1.99005279081235e+01 1.00000000000000e+05 
2.00584049686281e+01 1.00000000000000e+05 
2.02162789927353e+01 1.00000000000000e+05 
2.03741510118332e+01 1.00000000000000e+05 
2.05320225312322e+01 1.00000000000000e+05 
2.06898943694514e+01 1.00000000000000e+05 
2.08477672335517e+01 1.00000000000000e+05 
2.10056381883608e+01 1.00000000000000e+05 
2.11635073392954e+01 1.00000000000000e+05 
2.13213744206154e+01 1.00000000000000e+05 
2.14792406064660e+01 1.00000000000000e+05 
2.16371055052497e+01 1.00000000000000e+05 
2.17949698598769e+01 1.00000000000000e+05 
2.19528346543289e+01 1.00000000000000e+05 
2.21107022379036e+01 1.00000000000000e+05 
2.22685735446671e+01 1.00000000000000e+05 
2.24264499128177e+01 1.00000000000000e+05 
2.25843313783613e+01 1.00000000000000e+05 
2.27422178371839e+01 1.00000000000000e+05 
2.29001082195325e+01 1.00000000000000e+05 
2.30580026165052e+01 1.00000000000000e+05 
2.32159006750456e+01 1.00000000000000e+05 
2.33738008250518e+01 1.00000000000000e+05 
2.35317021841015e+01 1.00000000000000e+05 
2.36896047805334e+01 1.00000000000000e+05 
2.38475089535193e+01 1.00000000000000e+05 
2.40054144059897e+01 1.00000000000000e+05 
2.41633212527943e+01 1.00000000000000e+05 
2.43212294708959e+01 1.00000000000000e+05 
2.44791391765311e+01 1.00000000000000e+05 
2.46370501927731e+01 1.00000000000000e+05 
2.47949629062368e+01 1.00000000000000e+05 
2.49528766385629e+01 1.00000000000000e+05 
2.51107912664912e+01 1.00000000000000e+05 
2.52687065421895e+01 1.00000000000000e+05 
2.54266227275827e+01 1.00000000000000e+05 
2.55845402635157e+01 1.00000000000000e+05 
2.57424589006128e+01 1.00000000000000e+05 
2.59003774090588e+01 1.00000000000000e+05 
2.60582956021659e+01 1.00000000000000e+05 
2.62162142568713e+01 1.00000000000000e+05 
2.63741334755089e+01 1.00000000000000e+05 
2.65320531896202e+01 1.00000000000000e+05 
2.66899728755107e+01 1.00000000000000e+05 
2.68478922917635e+01 1.00000000000000e+05 
2.70058116301977e+01 1.00000000000000e+05 
2.71637307927613e+01 1.00000000000000e+05 
2.73216502821697e+01 1.00000000000000e+05 
2.74795690311203e+01 1.00000000000000e+05 
2.76374879055499e+01 1.00000000000000e+05 
2.77954041756501e+01 1.00000000000000e+05 
2.79533191433170e+01 1.00000000000000e+05 
2.81112322788099e+01 1.00000000000000e+05 
2.82691420252821e+01 1.00000000000000e+05 
2.84270498359011e+01 1.00000000000000e+05 
2.85849551367456e+01 1.00000000000000e+05 
2.87428577035279e+01 1.00000000000000e+05 
2.89007576935424e+01 1.00000000000000e+05 
2.90586554385742e+01 1.00000000000000e+05 
2.92165508783833e+01 1.00000000000000e+05 
2.93744443359554e+01 1.00000000000000e+05 
2.95323353920958e+01 1.00000000000000e+05 
2.96902253081402e+01 1.00000000000000e+05 
2.98481142776169e+01 1.00000000000000e+05 
3.00059979647156e+01 1.00000000000000e+05 
3.01638770985754e+01 1.00000000000000e+05 
3.03217523516603e+01 1.00000000000000e+05 
3.04796254231717e+01 1.00000000000000e+05 
3.06374979890028e+01 1.00000000000000e+05 
3.07953682566008e+01 1.00000000000000e+05 
3.09532360866590e+01 1.00000000000000e+05 
3.11111009485845e+01 1.00000000000000e+05 
3.12689642148262e+01 1.00000000000000e+05 
3.14268269801884e+01 1.00000000000000e+05 
3.15846899752751e+01 1.00000000000000e+05 
3.17425539745552e+01 1.00000000000000e+05 
3.19004203627167e+01 1.00000000000000e+05 
3.20582896401381e+01 1.00000000000000e+05 
3.22161632234601e+01 1.00000000000000e+05 
3.23740425511432e+01 1.00000000000000e+05 
3.25319290751244e+01 1.00000000000000e+05 
3.26898202982419e+01 1.00000000000000e+05 
3.28477131228900e+01 1.00000000000000e+05 
3.30056072961437e+01 1.00000000000000e+05 
3.31635023672678e+01 1.00000000000000e+05 
3.33213991393358e+01 1.00000000000000e+05 
3.34792973573956e+01 1.00000000000000e+05 
3.36371967535133e+01 1.00000000000000e+05 
3.37950973023584e+01 1.00000000000000e+05 
3.39529995672097e+01 1.00000000000000e+05 
3.41109029852060e+01 1.00000000000000e+05 
3.42688076087386e+01 1.00000000000000e+05 
3.44267132713632e+01 1.00000000000000e+05 
3.45846196509400e+01 1.00000000000000e+05 
3.47425273496765e+01 1.00000000000000e+05 
3.49004361808860e+01 1.00000000000000e+05 
3.50583454950604e+01 1.00000000000000e+05 
3.52162538750963e+01 1.00000000000000e+05 
3.53741611804014e+01 1.00000000000000e+05 
3.55320682312856e+01 1.00000000000000e+05 
3.56899754216115e+01 1.00000000000000e+05 
3.58478829107651e+01 1.00000000000000e+05 
3.60057904151544e+01 1.00000000000000e+05 
3.61636981099972e+01 1.00000000000000e+05 
3.63216068904539e+01 1.00000000000000e+05 
3.64795154283054e+01 1.00000000000000e+05 
3.66374236436593e+01 1.00000000000000e+05 
3.67953327010769e+01 1.00000000000000e+05 
3.69532427717678e+01 1.00000000000000e+05 
3.71111532244148e+01 1.00000000000000e+05 
3.72690630548262e+01 1.00000000000000e+05 
3.74269718145581e+01 1.00000000000000e+05 
3.75848778454541e+01 1.00000000000000e+05 
3.77427791017932e+01 1.00000000000000e+05 
3.79006746564164e+01 1.00000000000000e+05 
3.80585658512143e+01 1.00000000000000e+05 
3.82164521350274e+01 1.00000000000000e+05 
3.83743339522929e+01 1.00000000000000e+05 
3.85322143263643e+01 1.00000000000000e+05 
3.86900941565614e+01 1.00000000000000e+05 
3.88479738779336e+01 1.00000000000000e+05 
3.90058528607593e+01 1.00000000000000e+05 
3.91637297505779e+01 1.00000000000000e+05 
3.93216059461941e+01 1.00000000000000e+05 
3.94794833120710e+01 1.00000000000000e+05 
3.96373600136444e+01 1.00000000000000e+05 
3.97952355988724e+01 1.00000000000000e+05 
3.99531105564116e+01 1.00000000000000e+05 
4.01109853768128e+01 1.00000000000000e+05 
4.02688608742397e+01 1.00000000000000e+05 
4.04267381798270e+01 1.00000000000000e+05 
4.05846137319020e+01 1.00000000000000e+05 
4.07424858509869e+01 1.00000000000000e+05 
4.09003545163728e+01 1.00000000000000e+05 
4.10582217788816e+01 1.00000000000000e+05 
4.12160877638797e+01 1.00000000000000e+05 
4.13739537347660e+01 1.00000000000000e+05 
4.15318203524083e+01 1.00000000000000e+05 
4.16896877430492e+01 1.00000000000000e+05 
4.18475567572815e+01 1.00000000000020e+05 
4.20054296452478e+01 1.00000000000057e+05 
4.21633067849416e+01 1.00000000000121e+05 
4.23211896909693e+01 1.00000000000153e+05 
4.24790781339048e+01 1.00000000000221e+05 
4.26369644682292e+01 1.00000000037189e+05 
4.27948546539027e+01 1.00000000627607e+05 
4.29527445839470e+01 1.00000001492832e+05 
4.31106359297670e+01 1.00000002883857e+05 
4.32685306520852e+01 1.00000004780523e+05 
4.34264288504664e+01 1.00000008085236e+05 
4.35843293098335e+01 1.00000013891547e+05 
4.37422323857132e+01 1.00000024712343e+05 
4.39001362271449e+01 1.00000042711459e+05 
4.40580408935821e+01 1.00000072386014e+05 
4.42159461004656e+01 1.00000117415376e+05 
4.43738520952394e+01 1.00000189665495e+05 
4.45317586334686e+01 1.00000298251794e+05 
4.46896655731558e+01 1.00000460625123e+05 
4.48475732386247e+01 1.00000671562091e+05 
4.50054818277984e+01 1.00000942180147e+05 
4.51633912296472e+01 1.00001265122219e+05 
4.53213012689940e+01 1.00001673572774e+05 
4.54792124514439e+01 1.00002160965818e+05 
4.56371248172869e+01 1.00002733396238e+05 
4.57950380337933e+01 1.00003318649793e+05 
4.59529529680012e+01 1.00003938524023e+05 
4.61108663642278e+01 1.00004572690493e+05 
4.62687784498702e+01 1.00005289950240e+05 
4.64266899654798e+01 1.00006050009966e+05 
4.65846018793389e+01 1.00006838176389e+05 
4.67425141840204e+01 1.00007539802278e+05 
4.69004273753813e+01 1.00008231177401e+05 
4.70583412575278e+01 1.00008916123699e+05 
4.72162558287896e+01 1.00009685867230e+05 
4.73741661075397e+01 1.00010476410294e+05 
4.75320700293228e+01 1.00011242086718e+05 
4.76899693645184e+01 1.00011860306421e+05 
4.78478625125830e+01 1.00012431596237e+05 
4.80057508638390e+01 1.00012982488087e+05 
4.81636362087960e+01 1.00013595766192e+05 
4.83215191917349e+01 1.00014194251667e+05 
4.84794017791262e+01 1.00014692418053e+05 
4.86372824178603e+01 1.00014984741825e+05 
4.87951610644304e+01 1.00015180095837e+05 
4.89530401011878e+01 1.00015329553434e+05 
4.91109183405868e+01 1.00015479281562e+05 
4.92687968866861e+01 1.00015568741275e+05 
4.94266754364972e+01 1.00015496266335e+05 
4.95845515595664e+01 1.00015216534662e+05 
4.97424261075137e+01 1.00014797523582e+05 
4.99003006335041e+01 1.00014315951251e+05 
5.00581763017773e+01 1.00013764970766e+05 
5.02160540122954e+01 1.00013109067978e+05 
5.03739320513093e+01 1.00012216538411e+05 
5.05318084517488e+01 1.00011157735689e+05 
5.06896830101217e+01 1.00009944742656e+05 
5.08475554530749e+01 1.00008665367777e+05 
5.10054253922244e+01 1.00007224410674e+05 
5.11632927122317e+01 1.00005661380749e+05 
5.13211591090027e+01 1.00003892143928e+05 
5.14790271138448e+01 1.00002122888250e+05 
5.16368950153983e+01 1.00000276596859e+05 
5.17947643683201e+01 9.99984245901460e+04 
5.19526361004011e+01 9.99963936640412e+04 
5.21105113953299e+01 9.99943118518265e+04 
5.22683913894592e+01 9.99921876418443e+04 
5.24262776968112e+01 9.99903057837485e+04 
5.25841708838473e+01 9.99884771394413e+04 
5.27420666524036e+01 9.99867080358457e+04 
5.28999618489546e+01 9.99847952157170e+04 
5.30578577998667e+01 9.99829336407676e+04 
5.32157572283380e+01 9.99812317636267e+04 
5.33736576041167e+01 9.99799488000496e+04 
5.35315607809438e+01 9.99788405526144e+04 
5.36894666299000e+01 9.99778178820699e+04 
5.38473734460421e+01 9.99767450331449e+04 
5.40052812691421e+01 9.99757836224404e+04 
5.41631892761518e+01 9.99751864563556e+04 
5.43210976391154e+01 9.99750768224403e+04 
5.44790065647947e+01 9.99752060651486e+04 
5.46369153234515e+01 9.99753901293547e+04 
5.47948247591204e+01 9.99756139163145e+04 
5.49527345816088e+01 9.99760274698896e+04 
5.51106448015583e+01 9.99768386314859e+04 
5.52685553466649e+01 9.99779964353922e+04 
5.54264665842849e+01 9.99793785935815e+04 
5.55843786559346e+01 9.99808060186831e+04 
5.57422916964500e+01 9.99823676250836e+04 
5.59002049245996e+01 9.99840706932535e+04 
5.60581165652534e+01 9.99861076374317e+04 
5.62160267790978e+01 9.99882428300132e+04 
5.63739360456862e+01 9.99905168882900e+04 
5.65318446490167e+01 9.99927866393597e+04 
5.66897535039061e+01 9.99952228006009e+04 
5.68476637724107e+01 9.99977210194056e+04 
5.70055749148130e+01 1.00000371378151e+05 
5.71634862686760e+01 1.00002847143970e+05 
5.73213958959964e+01 1.00005322085996e+05 
5.74793010243427e+01 1.00007723933936e+05 
5.76372006427965e+01 1.00010257649698e+05 
5.77950939663717e+01 1.00012717869329e+05 
5.79529832749989e+01 1.00015051230205e+05 
5.81108693165340e+01 1.00016934211098e+05 
5.82687509560842e+01 1.00018638828672e+05 
5.84266313769464e+01 1.00020219504755e+05 
5.85845125473362e+01 1.00021849916383e+05 
5.87423932111164e+01 1.00023293981137e+05 
5.89002729936823e+01 1.00024380233431e+05 
5.90581527151859e+01 1.00024918057198e+05 
5.92160322137457e+01 1.00025200138307e+05 
5.93739114996228e+01 1.00025396316198e+05 
5.95317886882425e+01 1.00025497263062e+05 
5.96896638636060e+01 1.00025433111008e+05 
5.98475378197668e+01 1.00024891027310e+05 
6.00054119865173e+01 1.00023867717988e+05 
6.01632862541559e+01 1.00022538837177e+05 
6.03211632133958e+01 1.00021136157884e+05 
6.04790393685606e+01 1.00019589844640e+05 
6.06369130750726e+01 1.00017831682699e+05 
6.07947845152142e+01 1.00015644357650e+05 
6.09526543879465e+01 1.00013286004828e+05 
6.11105223433906e+01 1.00010770038426e+05 
6.12683891572993e+01 1.00008276216959e+05 
6.14262556334736e+01 1.00005604039034e+05 
6.15841213812268e+01 1.00002835324552e+05 
6.17419872970758e+01 9.99998537884330e+04 
6.18998556369791e+01 9.99970447729292e+04 
6.20577270573682e+01 9.99942345176871e+04 
6.22156028064752e+01 9.99915194872591e+04 
6.23734839507439e+01 9.99886564202899e+04 
6.25313719458757e+01 9.99858461957280e+04 
6.26892653364233e+01 9.99831324012610e+04 
6.28471589494630e+01 9.99808947640043e+04 
6.30050539658638e+01 9.99788331303091e+04 
6.31629516032019e+01 9.99769033291382e+04 
6.33208526762621e+01 9.99749066505174e+04 
6.34787557016783e+01 9.99730945912913e+04 
6.36366621209855e+01 9.99716642173842e+04 
6.37945707388512e+01 9.99708401935734e+04 
6.39524799651022e+01 9.99702942930574e+04 
6.41103898945289e+01 9.99698850504316e+04 
6.42682996768123e+01 9.99695468051164e+04 
6.44262099946042e+01 9.99694255072184e+04 
6.45841203235132e+01 9.99698065816424e+04 
6.47420308141056e+01 9.99707241566946e+04 
6.48999413857551e+01 9.99719566207089e+04 
6.50578522130705e+01 9.99732673327510e+04 
6.52157621383260e+01 9.99747085519043e+04 
6.53736716684331e+01 9.99763680873708e+04 
6.55315818735089e+01 9.99784979573909e+04 
6.56894924466357e+01 9.99808547476047e+04 
6.58474019305714e+01 9.99833885313656e+04 
6.60053094171804e+01 9.99858907377207e+04 
6.61632151021049e+01 9.99885553709616e+04 
6.63211194929648e+01 9.99913045981532e+04 
6.64790238951629e+01 9.99943046520396e+04 
6.66369283078166e+01 9.99971572994698e+04 
6.67948331393927e+01 1.00000007090703e+05 
6.69527394440034e+01 1.00002746345988e+05 
6.71106470639483e+01 1.00005606945363e+05 
6.72685553183821e+01 1.00008394122114e+05 
6.74264597024061e+01 1.00011095956940e+05 
6.75843590419925e+01 1.00013325460745e+05 
6.77422535684911e+01 1.00015383271190e+05 
6.79001426201263e+01 1.00017277241782e+05 
6.80580282864847e+01 1.00019212122059e+05 
6.82159111158328e+01 1.00020925476081e+05 
6.83737930861987e+01 1.00022277786729e+05 
6.85316731580176e+01 1.00023049276857e+05 
6.86895517906449e+01 1.00023574100353e+05 
6.88474307150474e+01 1.00023979169101e+05 
6.90053081989569e+01 1.00024336300830e+05 
6.91631854542290e+01 1.00024457369149e+05 
6.93210605590817e+01 1.00024146496339e+05 
6.94789329603387e+01 1.00023364699710e+05 
6.96368026296308e+01 1.00022338228376e+05 
6.97946722052352e+01 1.00021271007639e+05 
6.99525422636531e+01 1.00020127867564e+05 
7.01104134175452e+01 1.00018805198792e+05 
7.02682863349460e+01 1.00017082559181e+05 
7.04261613776249e+01 1.00015159739958e+05 
7.05840389189998e+01 1.00013098111066e+05 
7.07419152096647e+01 1.00011087315349e+05 
7.08997875851045e+01 1.00008962471248e+05 
7.10576561988164e+01 1.00006754422105e+05 
7.12155224399363e+01 1.00004314633202e+05 
7.13733888211252e+01 1.00001967383348e+05 
7.15312552146323e+01 9.99996027526838e+04 
7.16891217538037e+01 9.99973299983225e+04 
7.18469894024299e+01 9.99949426252403e+04 
7.20048591249784e+01 9.99925785898214e+04 
7.21627323468697e+01 9.99902176248527e+04 
7.23206109024455e+01 9.99881948998485e+04 
7.24784954490941e+01 9.99862608396908e+04 
7.26363845290400e+01 9.99844246622966e+04 
7.27942734676224e+01 9.99825021742335e+04 
7.29521620226019e+01 9.99806927621973e+04 
7.31100537643340e+01 9.99790971677958e+04 
7.32679464204612e+01 9.99779731413501e+04 
7.34258410448585e+01 9.99770265793832e+04 
7.35837409539245e+01 9.99761733995022e+04 
7.37416437257822e+01 9.99752943309143e+04 
7.38995475254834e+01 9.99745897245083e+04 
7.40574552767677e+01 9.99742865582603e+04 
7.42153656889771e+01 9.99744733344029e+04 
7.43732764020060e+01 9.99748862865440e+04 
7.45311875013272e+01 9.99753715739463e+04 
7.46890982702211e+01 9.99759256632068e+04 
7.48470091952905e+01 9.99766876778468e+04 
7.50049203089887e+01 9.99778751880478e+04 
7.51628314776675e+01 9.99793805918340e+04 
7.53207423108823e+01 9.99810927422123e+04 
7.54786534052723e+01 9.99828163372815e+04 
7.56365652919325e+01 9.99846888924199e+04 
7.57944760696322e+01 9.99867202449252e+04 
7.59523842322763e+01 9.99890826595479e+04 
7.61102907052860e+01 9.99914762137045e+04 
7.62681956345978e+01 9.99939624192379e+04 
7.64260997846199e+01 9.99964121403205e+04 
7.65840035006254e+01 9.99990232043401e+04 
7.67419079524643e+01 1.00001684247869e+05 
7.68998130220342e+01 1.00004447909670e+05 
7.70577190529444e+01 1.00006941633972e+05 
7.72156246322281e+01 1.00009395319036e+05 
7.73735304351853e+01 1.00011753222011e+05 
7.75314321962536e+01 1.00014245606992e+05 
7.76893280918668e+01 1.00016658251589e+05 
7.78472194406838e+01 1.00018921192695e+05 
7.80051082848022e+01 1.00020684439940e+05 
7.81629925315635e+01 1.00022270388606e+05 
7.83208748693117e+01 1.00023737925834e+05 
7.84787573742400e+01 1.00025266178066e+05 
7.86366399901977e+01 1.00026605118728e+05 
7.87945213840157e+01 1.00027588402634e+05 
7.89524022580153e+01 1.00027976001928e+05 
7.91102822345851e+01 1.00028075958440e+05 
7.92681598504246e+01 1.00028074860999e+05 
7.94260346032737e+01 1.00028004972663e+05 
7.95839065415183e+01 1.00027765737194e+05 
7.97417762739281e+01 1.00027046300747e+05 
7.98996452426869e+01 1.00025831083393e+05 
8.00575144475735e+01 1.00024318098868e+05 
8.02153853484350e+01 1.00022753748205e+05 
8.03732595753060e+01 1.00021071743442e+05 
8.05311360044327e+01 1.00019185459867e+05 
8.06890123775687e+01 1.00016885576549e+05 
8.08468842047536e+01 1.00014427572824e+05 
8.10047525333100e+01 1.00011807549911e+05 
8.11626191499556e+01 1.00009217598875e+05 
8.13204847650461e+01 1.00006454016299e+05 
8.14783488435453e+01 1.00003602291401e+05 
8.16362118439805e+01 1.00000542478072e+05 
8.17940760681954e+01 9.99976769220152e+04 
8.19519420697887e+01 9.99948162355509e+04 
8.21098112939899e+01 9.99920673616493e+04 
8.22676847318654e+01 9.99891722784059e+04 
8.24255638214298e+01 9.99863417386893e+04 
8.25834499430324e+01 9.99836066144838e+04 
8.27413394366513e+01 9.99813645230124e+04 
8.28992294477559e+01 9.99792829671032e+04 
8.30571223195795e+01 9.99773461511892e+04 
8.32150170578953e+01 9.99753289105033e+04 
8.33729147817309e+01 9.99735137884501e+04 
8.35308144311052e+01 9.99720478273709e+04 
8.36887168341859e+01 9.99712037462107e+04 
8.38466229777523e+01 9.99706369630149e+04 
8.40045316549114e+01 9.99702065490860e+04 
8.41624411095586e+01 9.99697979063577e+04 
8.43203503968559e+01 9.99696511189823e+04 
8.44782605557664e+01 9.99699708385513e+04 
8.46361711006565e+01 9.99708446816175e+04 
8.47940815795453e+01 9.99720224849041e+04 
8.49519911103720e+01 9.99732702046379e+04 
8.51098990973984e+01 9.99746275145606e+04 
8.52678065112851e+01 9.99762029234852e+04 
8.54257138686154e+01 9.99782484305506e+04 
8.55836217801970e+01 9.99805376696400e+04 
8.57415292183254e+01 9.99830083781550e+04 
8.58994341398339e+01 9.99854460919392e+04 
8.60573367332196e+01 9.99880465484092e+04 
8.62152374038746e+01 9.99907545223926e+04 
8.63731375811182e+01 9.99937366325672e+04 
8.65310375987192e+01 9.99966100725107e+04 
8.66889375552248e+01 9.99995164835191e+04 
8.68468385039286e+01 1.00002327700619e+05 
8.70047412609430e+01 1.00005300552775e+05 
8.71626443614392e+01 1.00008249071790e+05 
8.73205479962068e+01 1.00011187512835e+05 
8.74784503206073e+01 1.00013700867847e+05 
8.76363495572885e+01 1.00016095555077e+05 
8.77942431849901e+01 1.00018364389316e+05 
8.79521325309210e+01 1.00020735061023e+05 
8.81100185611205e+01 1.00022947340610e+05 
8.82679028525337e+01 1.00024868793030e+05 
8.84257843073351e+01 1.00026173437421e+05 
8.85836638116007e+01 1.00027247010961e+05 
8.87415446242167e+01 1.00028203836292e+05 
8.88994240315965e+01 1.00029184064048e+05 
8.90573022819536e+01 1.00029927716868e+05 
8.92151767527825e+01 1.00030178346396e+05 
8.93730477224399e+01 1.00029830449809e+05 
8.95309156458027e+01 1.00029190170458e+05 
8.96887826912112e+01 1.00028458860079e+05 
8.98466499713213e+01 1.00027647067538e+05 
9.00045176380459e+01 1.00026591367343e+05 
9.01623865154936e+01 1.00025021597653e+05 
9.03202569356564e+01 1.00023081155274e+05 
9.04781297063303e+01 1.00020889437409e+05 
9.06360054524564e+01 1.00018691213841e+05 
9.07938823357972e+01 1.00016322716284e+05 
9.09517541470789e+01 1.00013786303477e+05 
9.11096225648372e+01 1.00010874611477e+05 
9.12674903529327e+01 1.00007957099200e+05 
9.14253570626701e+01 1.00004949743730e+05 
9.15832226822998e+01 1.00002014033271e+05 
9.17410881565195e+01 9.99989024051925e+04 
9.18989546135373e+01 9.99957641346997e+04 
9.20568232887804e+01 9.99925452284835e+04 
9.22146961573564e+01 9.99896861429848e+04 
9.23725738596910e+01 9.99869045288938e+04 
9.25304579588404e+01 9.99842601440547e+04 
9.26883440768282e+01 9.99814827582548e+04 
9.28462302163992e+01 9.99788339885929e+04 
9.30041188904351e+01 9.99764089093551e+04 
9.31620089406748e+01 9.99745958933292e+04 
9.33199003766930e+01 9.99730161976900e+04 
9.34777965434557e+01 9.99715986021767e+04 
9.36356962709857e+01 9.99701545659358e+04 
9.37935970223798e+01 9.99689384796065e+04 
9.39515016043418e+01 9.99682108571522e+04 
9.41094095639123e+01 9.99681935798350e+04 
9.42673176496791e+01 9.99685103221738e+04 
9.44252272261732e+01 9.99689240548030e+04 
9.45831367419679e+01 9.99694112792999e+04 
9.47410472060425e+01 9.99702089581586e+04 
9.48989573503301e+01 9.99715648583201e+04 
9.50568658739766e+01 9.99733984126805e+04 
9.52147728697819e+01 9.99755223280832e+04 
9.53726794597599e+01 9.99776912200663e+04 
9.55305867647987e+01 9.99800508965827e+04 
9.56884942753968e+01 9.99826250172602e+04 
9.58463997516093e+01 9.99856413328988e+04 
9.60043026249207e+01 9.99887392055731e+04 
9.61622035600294e+01 9.99919663574096e+04 
9.63201032160052e+01 9.99951272864318e+04 
9.64780023140949e+01 9.99984757618835e+04 
9.66359014564617e+01 1.00001872967887e+05 
9.67938016196219e+01 1.00005410823135e+05 
9.69517021660862e+01 1.00008612531985e+05 
9.71096039307884e+01 1.00011745745068e+05 
9.72675053659434e+01 1.00014719306594e+05 
9.74254084969254e+01 1.00017817384316e+05 
9.75833089937247e+01 1.00020776903186e+05 
9.77412039501997e+01 1.00023520979758e+05 
9.78990956464850e+01 1.00025622693766e+05 
9.80569824734498e+01 1.00027476136111e+05 
9.82148662686850e+01 1.00029141683918e+05 
9.83727491375352e+01 1.00030839307866e+05 
9.85306321990684e+01 1.00032281264193e+05 
9.86885141869873e+01 1.00033275627730e+05 
9.88463960415929e+01 1.00033511043629e+05 
9.90042760737878e+01 1.00033394095805e+05 
9.91621528526767e+01 1.00033181083525e+05 
9.93200261516929e+01 1.00032887434228e+05 
9.94778958586317e+01 1.00032368142219e+05 
9.96357631314534e+01 1.00031282000581e+05 
9.97936285106285e+01 1.00029643773784e+05 
9.99514940149456e+01 1.00027674631661e+05 
1.00109360548212e+02 1.00025655230000e+05 
