# Liste des scalaires : TEMPS pmat 
0.00000000000000e+00 1.00000000000000e+05 
1.58013544018059e-01 1.00000000000000e+05 
3.16027088036117e-01 1.00000000000000e+05 
4.74040632054176e-01 1.00000000000000e+05 
6.32054176072234e-01 1.00000000000000e+05 
7.90067720090293e-01 1.00000000000000e+05 
9.48081264108351e-01 1.00000000000000e+05 
1.10609480812641e+00 1.00000000000000e+05 
1.26410835214447e+00 1.00000000000000e+05 
1.42212189616253e+00 1.00000000000000e+05 
1.58013544018058e+00 1.00000000000000e+05 
1.73814898419864e+00 1.00000000000000e+05 
1.89616252821670e+00 1.00000000000000e+05 
2.05417607223476e+00 1.00000000000000e+05 
2.21218961625282e+00 1.00000000000000e+05 
2.37020316027088e+00 1.00000000000000e+05 
2.52821670428893e+00 1.00000000000000e+05 
2.68623024830699e+00 1.00000000000000e+05 
2.84424379232505e+00 1.00000000000000e+05 
3.00225733634311e+00 1.00000000000000e+05 
3.16027088036116e+00 1.00000000000000e+05 
3.31828442437922e+00 1.00000000000000e+05 
3.47629796839728e+00 1.00000000000000e+05 
3.63431151241534e+00 1.00000000000000e+05 
3.79232505643340e+00 1.00000000000000e+05 
3.95033860045145e+00 1.00000000000000e+05 
4.10835214446951e+00 1.00000000000000e+05 
4.26636568848757e+00 1.00000000000000e+05 
4.42437923250563e+00 1.00000000000000e+05 
4.58239277652368e+00 1.00000000000000e+05 
4.74040632054174e+00 1.00000000000000e+05 
4.89841986455980e+00 1.00000000000000e+05 
5.05643340857771e+00 1.00000000000000e+05 
5.21444695259555e+00 1.00000000000000e+05 
5.37246049661106e+00 1.00000000000000e+05 
5.53047404062163e+00 1.00000000000000e+05 
5.68848758460807e+00 1.00000000000000e+05 
5.84650112860433e+00 1.00000000000000e+05 
6.00451467131846e+00 1.00000000000000e+05 
6.16252820860419e+00 1.00000000000000e+05 
6.32054173855849e+00 1.00000000000000e+05 
6.47855526263600e+00 1.00000000000000e+05 
6.63656878322570e+00 1.00000000000000e+05 
6.79458230116958e+00 1.00000000000000e+05 
6.95259581572868e+00 1.00000000000000e+05 
7.11060926486710e+00 1.00000000000000e+05 
7.26862123211782e+00 1.00000000000000e+05 
7.42662869286748e+00 1.00000000000000e+05 
7.58462797993242e+00 1.00000000000000e+05 
7.74261562363004e+00 1.00000000000000e+05 
7.90058972087802e+00 1.00000000000000e+05 
8.05854876760864e+00 1.00000000000000e+05 
8.21649327583521e+00 1.00000000000000e+05 
8.37442375590179e+00 1.00000000000000e+05 
8.53234121474706e+00 1.00000000000000e+05 
8.69024692780629e+00 1.00000000000000e+05 
8.84814294511368e+00 1.00000000000000e+05 
9.00603027516490e+00 1.00000000000000e+05 
9.16391060602912e+00 1.00000000000000e+05 
9.32178516379403e+00 1.00000000000000e+05 
9.47965513838773e+00 1.00000000000000e+05 
9.63751817790166e+00 1.00000000000000e+05 
9.79537550224774e+00 1.00000000000000e+05 
9.95322697641788e+00 1.00000000000000e+05 
1.01110732028936e+01 1.00000000000000e+05 
1.02689146274544e+01 1.00000000000000e+05 
1.04267523201822e+01 1.00000000000000e+05 
1.05845878187241e+01 1.00000000000000e+05 
1.07424234235056e+01 1.00000000000000e+05 
1.09002605183067e+01 1.00000000000000e+05 
1.10581011989153e+01 1.00000000000000e+05 
1.12159469760981e+01 1.00000000000000e+05 
1.13737958277871e+01 1.00000000000000e+05 
1.15316485112955e+01 1.00000000000000e+05 
1.16895059234703e+01 1.00000000000000e+05 
1.18473678135275e+01 1.00000000000000e+05 
1.20052343190564e+01 1.00000000000000e+05 
1.21631037930394e+01 1.00000000000000e+05 
1.23209755736488e+01 1.00000000000000e+05 
1.24788506295067e+01 1.00000000000000e+05 
1.26367295773036e+01 1.00000000000000e+05 
1.27946116815903e+01 1.00000000000000e+05 
1.29524970895918e+01 1.00000000000000e+05 
1.31103853882209e+01 1.00000000000000e+05 
1.32682764852580e+01 1.00000000000000e+05 
1.34261706139616e+01 1.00000000000000e+05 
1.35840685957871e+01 1.00000000000000e+05 
1.37419698795382e+01 1.00000000000000e+05 
1.38998748238769e+01 1.00000000000000e+05 
1.40577825863761e+01 1.00000000000000e+05 
1.42156900780669e+01 1.00000000000000e+05 
1.43735971547495e+01 1.00000000000000e+05 
1.45315042337418e+01 1.00000000000000e+05 
1.46894115576050e+01 1.00000000000000e+05 
1.48473186395545e+01 1.00000000000000e+05 
1.50052256719272e+01 1.00000000000000e+05 
1.51631330578148e+01 1.00000000000000e+05 
1.53210408171837e+01 1.00000000000000e+05 
1.54789489338296e+01 1.00000000000000e+05 
1.56368576354914e+01 1.00000000000000e+05 
1.57947669611646e+01 1.00000000000000e+05 
1.59526770505537e+01 1.00000000000000e+05 
1.61105878565459e+01 1.00000000000000e+05 
1.62684993007154e+01 1.00000000000000e+05 
1.64264117696543e+01 1.00000000000000e+05 
1.65843252894251e+01 1.00000000000000e+05 
1.67422394503545e+01 1.00000000000000e+05 
1.69001543231263e+01 1.00000000000000e+05 
1.70580702178261e+01 1.00000000000000e+05 
1.72159869071440e+01 1.00000000000000e+05 
1.73739045484328e+01 1.00000000000000e+05 
1.75318230870977e+01 1.00000000000000e+05 
1.76897420386758e+01 1.00000000000000e+05 
1.78476617082648e+01 1.00000000000000e+05 
1.80055822852594e+01 1.00000000000000e+05 
1.81635032871374e+01 1.00000000000000e+05 
1.83214252006964e+01 1.00000000000000e+05 
1.84793480458620e+01 1.00000000000000e+05 
1.86372715456650e+01 1.00000000000000e+05 
1.87951957601081e+01 1.00000000000000e+05 
1.89531209484135e+01 1.00000000000000e+05 
1.91110441089809e+01 1.00000000000000e+05 
1.92689571504680e+01 1.00000000000000e+05 
1.94268607791625e+01 1.00000000000000e+05 
1.95847566159270e+01 1.00000000000000e+05 
1.97426455229279e+01 1.00000000000000e+05 
1.99005279081235e+01 1.00000000000000e+05 
2.00584049686281e+01 1.00000000000000e+05 
2.02162789927353e+01 1.00000000000000e+05 
2.03741510118332e+01 1.00000000000000e+05 
2.05320225312322e+01 1.00000000000000e+05 
2.06898943694514e+01 1.00000000000000e+05 
2.08477672335517e+01 1.00000000000000e+05 
2.10056381883608e+01 1.00000000000000e+05 
2.11635073392954e+01 1.00000000000000e+05 
2.13213744206154e+01 1.00000000000000e+05 
2.14792406064660e+01 1.00000000000000e+05 
2.16371055052497e+01 1.00000000000000e+05 
2.17949698598769e+01 1.00000000000000e+05 
2.19528346543289e+01 1.00000000000000e+05 
2.21107022379036e+01 1.00000000000000e+05 
2.22685735446671e+01 1.00000000000000e+05 
2.24264499128177e+01 1.00000000000000e+05 
2.25843313783613e+01 1.00000000000000e+05 
2.27422178371839e+01 1.00000000000000e+05 
2.29001082195325e+01 1.00000000000000e+05 
2.30580026165052e+01 1.00000000000000e+05 
2.32159006750456e+01 1.00000000000000e+05 
2.33738008250518e+01 1.00000000000000e+05 
2.35317021841015e+01 1.00000000000000e+05 
2.36896047805334e+01 1.00000000000000e+05 
2.38475089535193e+01 1.00000000000000e+05 
2.40054144059897e+01 1.00000000000000e+05 
2.41633212527943e+01 1.00000000000000e+05 
2.43212294708959e+01 1.00000000000000e+05 
2.44791391765311e+01 1.00000000000000e+05 
2.46370501927731e+01 1.00000000000000e+05 
2.47949629062368e+01 1.00000000000000e+05 
2.49528766385629e+01 1.00000000000000e+05 
2.51107912664912e+01 1.00000000000000e+05 
2.52687065421895e+01 1.00000000000000e+05 
2.54266227275827e+01 1.00000000000000e+05 
2.55845402635157e+01 1.00000000000000e+05 
2.57424589006128e+01 1.00000000000000e+05 
2.59003774090588e+01 1.00000000000000e+05 
2.60582956021659e+01 1.00000000000000e+05 
2.62162142568713e+01 1.00000000000000e+05 
2.63741334755089e+01 1.00000000000000e+05 
2.65320531896202e+01 1.00000000000000e+05 
2.66899728755107e+01 1.00000000000000e+05 
2.68478922917635e+01 1.00000000000000e+05 
2.70058116301977e+01 1.00000000000000e+05 
2.71637307927613e+01 1.00000000000000e+05 
2.73216502821697e+01 1.00000000000000e+05 
2.74795690311203e+01 1.00000000000000e+05 
2.76374879055499e+01 1.00000000000000e+05 
2.77954041756501e+01 1.00000000000000e+05 
2.79533191433170e+01 1.00000000000000e+05 
2.81112322788099e+01 1.00000000000000e+05 
2.82691420252821e+01 1.00000000000000e+05 
2.84270498359011e+01 1.00000000000000e+05 
2.85849551367456e+01 1.00000000000000e+05 
2.87428577035279e+01 1.00000000000000e+05 
2.89007576935424e+01 1.00000000000000e+05 
2.90586554385742e+01 1.00000000000000e+05 
2.92165508783833e+01 1.00000000000000e+05 
2.93744443359554e+01 1.00000000000000e+05 
2.95323353920958e+01 1.00000000000000e+05 
2.96902253081402e+01 1.00000000000000e+05 
2.98481142776169e+01 1.00000000000000e+05 
3.00059979647156e+01 1.00000000000000e+05 
3.01638770985754e+01 1.00000000000000e+05 
3.03217523516603e+01 1.00000000000000e+05 
3.04796254231717e+01 1.00000000000000e+05 
3.06374979890028e+01 1.00000000000000e+05 
3.07953682566008e+01 1.00000000000000e+05 
3.09532360866590e+01 1.00000000000000e+05 
3.11111009485845e+01 1.00000000000000e+05 
3.12689642148262e+01 1.00000000000000e+05 
3.14268269801884e+01 1.00000000000000e+05 
3.15846899752751e+01 1.00000000000000e+05 
3.17425539745552e+01 1.00000000000000e+05 
3.19004203627167e+01 1.00000000000000e+05 
3.20582896401381e+01 1.00000000000000e+05 
3.22161632234601e+01 1.00000000000000e+05 
3.23740425511432e+01 1.00000000000000e+05 
3.25319290751244e+01 1.00000000000000e+05 
3.26898202982419e+01 1.00000000000000e+05 
3.28477131228900e+01 1.00000000000000e+05 
3.30056072961437e+01 1.00000000000000e+05 
3.31635023672678e+01 1.00000000000000e+05 
3.33213991393358e+01 1.00000000000000e+05 
3.34792973573956e+01 1.00000000000000e+05 
3.36371967535133e+01 1.00000000000000e+05 
3.37950973023584e+01 1.00000000000000e+05 
3.39529995672097e+01 1.00000000000000e+05 
3.41109029852060e+01 1.00000000000000e+05 
3.42688076087386e+01 1.00000000000000e+05 
3.44267132713632e+01 1.00000000000000e+05 
3.45846196509400e+01 1.00000000000000e+05 
3.47425273496765e+01 1.00000000000000e+05 
3.49004361808860e+01 1.00000000000000e+05 
3.50583454950604e+01 1.00000000000000e+05 
3.52162538750963e+01 1.00000000000000e+05 
3.53741611804014e+01 1.00000000000000e+05 
3.55320682312856e+01 1.00000000000000e+05 
3.56899754216115e+01 1.00000000000000e+05 
3.58478829107651e+01 1.00000000000000e+05 
3.60057904151544e+01 1.00000000000000e+05 
3.61636981099972e+01 1.00000000000000e+05 
3.63216068904539e+01 1.00000000000000e+05 
3.64795154283054e+01 1.00000000000000e+05 
3.66374236436593e+01 1.00000000000000e+05 
3.67953327010769e+01 1.00000000000000e+05 
3.69532427717678e+01 1.00000000000000e+05 
3.71111532244148e+01 1.00000000000000e+05 
3.72690630548262e+01 1.00000000000000e+05 
3.74269718145581e+01 1.00000000000000e+05 
3.75848778454541e+01 1.00000000000000e+05 
3.77427791017932e+01 1.00000000000000e+05 
3.79006746564164e+01 1.00000000000000e+05 
3.80585658512143e+01 1.00000000000000e+05 
3.82164521350274e+01 1.00000000000000e+05 
3.83743339522929e+01 1.00000000000000e+05 
3.85322143263643e+01 1.00000000000000e+05 
3.86900941565614e+01 1.00000000000000e+05 
3.88479738779336e+01 1.00000000000000e+05 
3.90058528607593e+01 1.00000000000000e+05 
3.91637297505779e+01 1.00000000000000e+05 
3.93216059461941e+01 1.00000000000000e+05 
3.94794833120710e+01 1.00000000000000e+05 
3.96373600136444e+01 1.00000000000000e+05 
3.97952355988724e+01 1.00000000000000e+05 
3.99531105564116e+01 1.00000000000000e+05 
4.01109853768128e+01 1.00000000000000e+05 
4.02688608742397e+01 1.00000000000000e+05 
4.04267381798270e+01 1.00000000000000e+05 
4.05846137319020e+01 1.00000000000000e+05 
4.07424858509869e+01 1.00000000000000e+05 
4.09003545163728e+01 1.00000000000000e+05 
4.10582217788816e+01 1.00000000000000e+05 
4.12160877638797e+01 1.00000000000000e+05 
4.13739537347660e+01 1.00000000000000e+05 
4.15318203524083e+01 1.00000000000000e+05 
4.16896877430492e+01 1.00000000000000e+05 
4.18475567572815e+01 1.00000000000000e+05 
4.20054296452478e+01 1.00000000000000e+05 
4.21633067849416e+01 1.00000000000000e+05 
4.23211896909693e+01 1.00000000000000e+05 
4.24790781339048e+01 1.00000000000000e+05 
4.26369644682292e+01 1.00000000000000e+05 
4.27948546539027e+01 1.00000000000000e+05 
4.29527445839470e+01 1.00000000000000e+05 
4.31106359297670e+01 1.00000000000000e+05 
4.32685306520852e+01 1.00000000000000e+05 
4.34264288504664e+01 1.00000000000000e+05 
4.35843293098335e+01 1.00000000000000e+05 
4.37422323857132e+01 1.00000000000000e+05 
4.39001362271449e+01 1.00000000000000e+05 
4.40580408935821e+01 1.00000000000000e+05 
4.42159461004656e+01 1.00000000000000e+05 
4.43738520952394e+01 1.00000000000000e+05 
4.45317586334686e+01 1.00000000000000e+05 
4.46896655731558e+01 1.00000000000000e+05 
4.48475732386247e+01 1.00000000000000e+05 
4.50054818277984e+01 1.00000000000000e+05 
4.51633912296472e+01 1.00000000000000e+05 
4.53213012689940e+01 1.00000000000000e+05 
4.54792124514439e+01 1.00000000000000e+05 
4.56371248172869e+01 1.00000000000000e+05 
4.57950380337933e+01 1.00000000000000e+05 
4.59529529680012e+01 1.00000000000000e+05 
4.61108663642278e+01 1.00000000000000e+05 
4.62687784498702e+01 1.00000000000000e+05 
4.64266899654798e+01 1.00000000000000e+05 
4.65846018793389e+01 1.00000000000000e+05 
4.67425141840204e+01 1.00000000000000e+05 
4.69004273753813e+01 1.00000000000000e+05 
4.70583412575278e+01 1.00000000000000e+05 
4.72162558287896e+01 1.00000000000000e+05 
4.73741661075397e+01 1.00000000000000e+05 
4.75320700293228e+01 1.00000000000000e+05 
4.76899693645184e+01 1.00000000000000e+05 
4.78478625125830e+01 1.00000000000000e+05 
4.80057508638390e+01 1.00000000000000e+05 
4.81636362087960e+01 1.00000000000000e+05 
4.83215191917349e+01 1.00000000000000e+05 
4.84794017791262e+01 1.00000000000000e+05 
4.86372824178603e+01 1.00000000000000e+05 
4.87951610644304e+01 1.00000000000000e+05 
4.89530401011878e+01 1.00000000000000e+05 
4.91109183405868e+01 1.00000000000000e+05 
4.92687968866861e+01 1.00000000000003e+05 
4.94266754364972e+01 1.00000000000048e+05 
4.95845515595664e+01 1.00000000000101e+05 
4.97424261075137e+01 1.00000000016554e+05 
4.99003006335041e+01 1.00000000305545e+05 
5.00581763017773e+01 1.00000000533090e+05 
5.02160540122954e+01 1.00000000885188e+05 
5.03739320513093e+01 1.00000001261544e+05 
5.05318084517488e+01 1.00000001770062e+05 
5.06896830101217e+01 1.00000002608280e+05 
5.08475554530749e+01 1.00000003735376e+05 
5.10054253922244e+01 1.00000005704143e+05 
5.11632927122317e+01 1.00000008728029e+05 
5.13211591090027e+01 1.00000013040984e+05 
5.14790271138448e+01 1.00000019235637e+05 
5.16368950153983e+01 1.00000027622678e+05 
5.17947643683201e+01 1.00000038558267e+05 
5.19526361004011e+01 1.00000055897740e+05 
5.21105113953299e+01 1.00000079828285e+05 
5.22683913894592e+01 1.00000110570132e+05 
5.24262776968112e+01 1.00000151025574e+05 
5.25841708838473e+01 1.00000202610951e+05 
5.27420666524036e+01 1.00000262748251e+05 
5.28999618489546e+01 1.00000351438396e+05 
5.30578577998667e+01 1.00000467009789e+05 
5.32157572283380e+01 1.00000600349299e+05 
5.33736576041167e+01 1.00000757408899e+05 
5.35315607809438e+01 1.00000945088009e+05 
5.36894666299000e+01 1.00001133198649e+05 
5.38473734460421e+01 1.00001390194323e+05 
5.40052812691421e+01 1.00001709522132e+05 
5.41631892761518e+01 1.00002033263340e+05 
5.43210976391154e+01 1.00002361791730e+05 
5.44790065647947e+01 1.00002728527292e+05 
5.46369153234515e+01 1.00003016618675e+05 
5.47948247591204e+01 1.00003388651704e+05 
5.49527345816088e+01 1.00003832775230e+05 
5.51106448015583e+01 1.00004226421976e+05 
5.52685553466649e+01 1.00004538347407e+05 
5.54264665842849e+01 1.00004864150970e+05 
5.55843786559346e+01 1.00005000112966e+05 
5.57422916964500e+01 1.00005164961314e+05 
5.59002049245996e+01 1.00005391650978e+05 
5.60581165652534e+01 1.00005593340903e+05 
5.62160267790978e+01 1.00005641852753e+05 
5.63739360456862e+01 1.00005681144123e+05 
5.65318446490167e+01 1.00005546935133e+05 
5.66897535039061e+01 1.00005379781208e+05 
5.68476637724107e+01 1.00005272685142e+05 
5.70055749148130e+01 1.00005239485661e+05 
5.71634862686760e+01 1.00005067463809e+05 
5.73213958959964e+01 1.00004870897499e+05 
5.74793010243427e+01 1.00004621706507e+05 
5.76372006427965e+01 1.00004336312019e+05 
5.77950939663717e+01 1.00004010723571e+05 
5.79529832749989e+01 1.00003854781504e+05 
5.81108693165340e+01 1.00003650909329e+05 
5.82687509560842e+01 1.00003404320795e+05 
5.84266313769464e+01 1.00003251394827e+05 
5.85845125473362e+01 1.00003048780212e+05 
5.87423932111164e+01 1.00002806922667e+05 
5.89002729936823e+01 1.00002682278923e+05 
5.90581527151859e+01 1.00002548109175e+05 
5.92160322137457e+01 1.00002375487033e+05 
5.93739114996228e+01 1.00002340377399e+05 
5.95317886882425e+01 1.00002238001264e+05 
5.96896638636060e+01 1.00002030802750e+05 
5.98475378197668e+01 1.00001850044401e+05 
6.00054119865173e+01 1.00001648994165e+05 
6.01632862541559e+01 1.00001395337086e+05 
6.03211632133958e+01 1.00001259160866e+05 
6.04790393685606e+01 1.00001027614544e+05 
6.06369130750726e+01 1.00000642418461e+05 
6.07947845152142e+01 1.00000287123543e+05 
6.09526543879465e+01 9.99999552124022e+04 
6.11105223433906e+01 9.99996027116967e+04 
6.12683891572993e+01 9.99994086364607e+04 
6.14262556334736e+01 9.99991247436715e+04 
6.15841213812268e+01 9.99987271238534e+04 
6.17419872970758e+01 9.99984162864762e+04 
6.18998556369791e+01 9.99982062318485e+04 
6.20577270573682e+01 9.99979742577731e+04 
6.22156028064752e+01 9.99979251246445e+04 
6.23734839507439e+01 9.99978320193525e+04 
6.25313719458757e+01 9.99976826942226e+04 
6.26892653364233e+01 9.99975257232218e+04 
6.28471589494630e+01 9.99974816337616e+04 
6.30050539658638e+01 9.99973763092406e+04 
6.31629516032019e+01 9.99973914016640e+04 
6.33208526762621e+01 9.99973908848850e+04 
6.34787557016783e+01 9.99973329986416e+04 
6.36366621209855e+01 9.99971901012113e+04 
6.37945707388512e+01 9.99971092952624e+04 
6.39524799651022e+01 9.99969770416832e+04 
6.41103898945289e+01 9.99969360513889e+04 
6.42682996768123e+01 9.99969183476578e+04 
6.44262099946042e+01 9.99968783643855e+04 
6.45841203235132e+01 9.99967391888580e+04 
6.47420308141056e+01 9.99966582362166e+04 
6.48999413857551e+01 9.99965594319724e+04 
6.50578522130705e+01 9.99965682649218e+04 
6.52157621383260e+01 9.99966366159503e+04 
6.53736716684331e+01 9.99967002180100e+04 
6.55315818735089e+01 9.99966507555978e+04 
6.56894924466357e+01 9.99966910549324e+04 
6.58474019305714e+01 9.99967475114791e+04 
6.60053094171804e+01 9.99968841384540e+04 
6.61632151021049e+01 9.99971262663267e+04 
6.63211194929648e+01 9.99974343452942e+04 
6.64790238951629e+01 9.99976092944790e+04 
6.66369283078166e+01 9.99978331159947e+04 
6.67948331393927e+01 9.99981028585469e+04 
6.69527394440034e+01 9.99983533058368e+04 
6.71106470639483e+01 9.99987166391616e+04 
6.72685553183821e+01 9.99991155229610e+04 
6.74264597024061e+01 9.99993553207286e+04 
6.75843590419925e+01 9.99995548601782e+04 
6.77422535684911e+01 9.99997893895130e+04 
6.79001426201263e+01 9.99998534431856e+04 
6.80580282864847e+01 9.99999772002556e+04 
6.82159111158328e+01 1.00000151849776e+05 
6.83737930861987e+01 1.00000259325781e+05 
6.85316731580176e+01 1.00000302261236e+05 
6.86895517906449e+01 1.00000376576178e+05 
6.88474307150474e+01 1.00000273699321e+05 
6.90053081989569e+01 1.00000157885571e+05 
6.91631854542290e+01 1.00000116280864e+05 
6.93210605590817e+01 1.00000157561860e+05 
6.94789329603387e+01 1.00000162747897e+05 
6.96368026296308e+01 1.00000127183973e+05 
6.97946722052352e+01 9.99999694046735e+04 
6.99525422636531e+01 9.99997514619455e+04 
7.01104134175452e+01 9.99995429305677e+04 
7.02682863349460e+01 9.99994901487271e+04 
7.04261613776249e+01 9.99994130873521e+04 
7.05840389189998e+01 9.99992900677090e+04 
7.07419152096647e+01 9.99991257860178e+04 
7.08997875851045e+01 9.99988668377319e+04 
7.10576561988164e+01 9.99985600452827e+04 
7.12155224399363e+01 9.99984363138446e+04 
7.13733888211252e+01 9.99983453721386e+04 
7.15312552146323e+01 9.99982336244192e+04 
7.16891217538037e+01 9.99981413602586e+04 
7.18469894024299e+01 9.99979453374999e+04 
7.20048591249784e+01 9.99976801945020e+04 
7.21627323468697e+01 9.99975334956788e+04 
7.23206109024455e+01 9.99974367915558e+04 
7.24784954490941e+01 9.99973624535467e+04 
7.26363845290400e+01 9.99973623114834e+04 
7.27942734676224e+01 9.99973089285012e+04 
7.29521620226019e+01 9.99971973814992e+04 
7.31100537643340e+01 9.99971468587297e+04 
7.32679464204612e+01 9.99971637531834e+04 
7.34258410448585e+01 9.99972275967366e+04 
7.35837409539245e+01 9.99973749217486e+04 
7.37416437257822e+01 9.99975386135153e+04 
7.38995475254834e+01 9.99976678964655e+04 
7.40574552767677e+01 9.99977676362991e+04 
7.42153656889771e+01 9.99979282605945e+04 
7.43732764020060e+01 9.99981445429109e+04 
7.45311875013272e+01 9.99983737960986e+04 
7.46890982702211e+01 9.99986710971336e+04 
7.48470091952905e+01 9.99989910220915e+04 
7.50049203089887e+01 9.99992071258973e+04 
7.51628314776675e+01 9.99994353163784e+04 
7.53207423108823e+01 9.99997203772935e+04 
7.54786534052723e+01 9.99999439978062e+04 
7.56365652919325e+01 1.00000263629619e+05 
7.57944760696322e+01 1.00000645566507e+05 
7.59523842322763e+01 1.00000917484458e+05 
7.61102907052860e+01 1.00001159176899e+05 
7.62681956345978e+01 1.00001444484386e+05 
7.64260997846199e+01 1.00001603163602e+05 
7.65840035006254e+01 1.00001852826494e+05 
7.67419079524643e+01 1.00002199336751e+05 
7.68998130220342e+01 1.00002417144534e+05 
7.70577190529444e+01 1.00002544992936e+05 
7.72156246322281e+01 1.00002691263482e+05 
7.73735304351853e+01 1.00002692090762e+05 
7.75314321962536e+01 1.00002751989407e+05 
7.76893280918668e+01 1.00002879995323e+05 
7.78472194406838e+01 1.00002947885002e+05 
7.80051082848022e+01 1.00002886228202e+05 
7.81629925315635e+01 1.00002793542802e+05 
7.83208748693117e+01 1.00002590535003e+05 
7.84787573742400e+01 1.00002386126929e+05 
7.86366399901977e+01 1.00002194364017e+05 
7.87945213840157e+01 1.00002023838015e+05 
7.89524022580153e+01 1.00001729887848e+05 
7.91102822345851e+01 1.00001385242881e+05 
7.92681598504246e+01 1.00001032733634e+05 
7.94260346032737e+01 1.00000624271947e+05 
7.95839065415183e+01 1.00000212047284e+05 
7.97417762739281e+01 9.99998537310151e+04 
7.98996452426869e+01 9.99994379066164e+04 
8.00575144475735e+01 9.99989628490565e+04 
8.02153853484350e+01 9.99986195509603e+04 
8.03732595753060e+01 9.99981995865221e+04 
8.05311360044327e+01 9.99977267378126e+04 
8.06890123775687e+01 9.99973557232820e+04 
8.08468842047536e+01 9.99970277107059e+04 
8.10047525333100e+01 9.99966431113855e+04 
8.11626191499556e+01 9.99965024343743e+04 
8.13204847650461e+01 9.99962950952951e+04 
8.14783488435453e+01 9.99960213083349e+04 
8.16362118439805e+01 9.99957744962035e+04 
8.17940760681954e+01 9.99956817157727e+04 
8.19519420697887e+01 9.99955514932326e+04 
8.21098112939899e+01 9.99956480727249e+04 
8.22676847318654e+01 9.99957019015481e+04 
8.24255638214298e+01 9.99956676058388e+04 
8.25834499430324e+01 9.99956439884300e+04 
8.27413394366513e+01 9.99957759836411e+04 
8.28992294477559e+01 9.99958964648286e+04 
8.30571223195795e+01 9.99961506345131e+04 
8.32150170578953e+01 9.99963896347687e+04 
8.33729147817309e+01 9.99966142466528e+04 
8.35308144311052e+01 9.99967686467209e+04 
8.36887168341859e+01 9.99970520873687e+04 
8.38466229777523e+01 9.99973790303015e+04 
8.40045316549114e+01 9.99976896632427e+04 
8.41624411095586e+01 9.99980452684358e+04 
8.43203503968559e+01 9.99984287957923e+04 
8.44782605557664e+01 9.99987331261959e+04 
8.46361711006565e+01 9.99990975660178e+04 
8.47940815795453e+01 9.99995174373452e+04 
8.49519911103720e+01 9.99997672954549e+04 
8.51098990973984e+01 1.00000093295421e+05 
8.52678065112851e+01 1.00000504817057e+05 
8.54257138686154e+01 1.00000832105911e+05 
8.55836217801970e+01 1.00001141215100e+05 
8.57415292183254e+01 1.00001518077779e+05 
8.58994341398339e+01 1.00001668200093e+05 
8.60573367332196e+01 1.00001882214643e+05 
8.62152374038746e+01 1.00002208560105e+05 
8.63731375811182e+01 1.00002471156216e+05 
8.65310375987192e+01 1.00002625451399e+05 
8.66889375552248e+01 1.00002828680569e+05 
8.68468385039286e+01 1.00002819978691e+05 
8.70047412609430e+01 1.00002853518562e+05 
8.71626443614392e+01 1.00002979876298e+05 
8.73205479962068e+01 1.00003053025435e+05 
8.74784503206073e+01 1.00002999087052e+05 
8.76363495572885e+01 1.00002959553628e+05 
8.77942431849901e+01 1.00002778314190e+05 
8.79521325309210e+01 1.00002595333001e+05 
8.81100185611205e+01 1.00002429638695e+05 
8.82679028525337e+01 1.00002284064386e+05 
8.84257843073351e+01 1.00002023540519e+05 
8.85836638116007e+01 1.00001752642088e+05 
8.87415446242167e+01 1.00001466097374e+05 
8.88994240315965e+01 1.00001129084122e+05 
8.90573022819536e+01 1.00000765484098e+05 
8.92151767527825e+01 1.00000435570963e+05 
8.93730477224399e+01 1.00000063944850e+05 
8.95309156458027e+01 9.99996503335038e+04 
8.96887826912112e+01 9.99993450715228e+04 
8.98466499713213e+01 9.99989562532366e+04 
9.00045176380459e+01 9.99985049280095e+04 
9.01623865154936e+01 9.99981223949804e+04 
9.03202569356564e+01 9.99977741428352e+04 
9.04781297063303e+01 9.99973761928622e+04 
9.06360054524564e+01 9.99971885920990e+04 
9.07938823357972e+01 9.99969222137789e+04 
9.09517541470789e+01 9.99965602983241e+04 
9.11096225648372e+01 9.99962626501645e+04 
9.12674903529327e+01 9.99960832343779e+04 
9.14253570626701e+01 9.99958673977954e+04 
9.15832226822998e+01 9.99958802106122e+04 
9.17410881565195e+01 9.99958514029836e+04 
9.18989546135373e+01 9.99957416538583e+04 
9.20568232887804e+01 9.99956588016391e+04 
9.22146961573564e+01 9.99956986717425e+04 
9.23725738596910e+01 9.99957621863779e+04 
9.25304579588404e+01 9.99959649347901e+04 
9.26883440768282e+01 9.99961700415837e+04 
9.28462302163992e+01 9.99963835054707e+04 
9.30041188904351e+01 9.99965384643468e+04 
9.31620089406748e+01 9.99968044538755e+04 
9.33199003766930e+01 9.99971139912479e+04 
9.34777965434557e+01 9.99974309290126e+04 
9.36356962709857e+01 9.99978314702195e+04 
9.37935970223798e+01 9.99982922865672e+04 
9.39515016043418e+01 9.99986741095720e+04 
9.41094095639123e+01 9.99990872029263e+04 
9.42673176496791e+01 9.99995638708764e+04 
9.44252272261732e+01 9.99998815617937e+04 
9.45831367419679e+01 1.00000302533609e+05 
9.47410472060425e+01 1.00000833832129e+05 
9.48989573503301e+01 1.00001275321446e+05 
9.50568658739766e+01 1.00001664673429e+05 
9.52147728697819e+01 1.00002112383485e+05 
9.53726794597599e+01 1.00002296503916e+05 
9.55305867647987e+01 1.00002562596166e+05 
9.56884942753968e+01 1.00002976836873e+05 
9.58463997516093e+01 1.00003340438598e+05 
9.60043026249207e+01 1.00003567409908e+05 
9.61622035600294e+01 1.00003853201498e+05 
9.63201032160052e+01 1.00003873060247e+05 
9.64780023140949e+01 1.00003940218526e+05 
9.66359014564617e+01 1.00004131349415e+05 
9.67938016196219e+01 1.00004302589214e+05 
9.69517021660862e+01 1.00004321865950e+05 
9.71096039307884e+01 1.00004330211570e+05 
9.72675053659434e+01 1.00004166040611e+05 
9.74254084969254e+01 1.00003997781982e+05 
9.75833089937247e+01 1.00003883269453e+05 
9.77412039501997e+01 1.00003817318422e+05 
9.78990956464850e+01 1.00003599588573e+05 
9.80569824734498e+01 1.00003352017042e+05 
9.82148662686850e+01 1.00003081857989e+05 
9.83727491375352e+01 1.00002758476475e+05 
9.85306321990684e+01 1.00002400229613e+05 
9.86885141869873e+01 1.00002096534465e+05 
9.88463960415929e+01 1.00001744184997e+05 
9.90042760737878e+01 1.00001344156114e+05 
9.91621528526767e+01 1.00001067492962e+05 
9.93200261516929e+01 1.00000687394158e+05 
9.94778958586317e+01 1.00000227281516e+05 
9.96357631314534e+01 9.99998327459272e+04 
9.97936285106285e+01 9.99994593420631e+04 
9.99514940149456e+01 9.99990349246750e+04 
1.00109360548212e+02 9.99988506796784e+04 
