# Liste des scalaires : TEMPS pmat 
0.00000000000000e+00 1.00000000000000e+05 
1.58013544018059e-01 1.00000000000000e+05 
3.16027088036117e-01 1.00000000000000e+05 
4.74040632054176e-01 1.00000000000000e+05 
6.32054176072234e-01 1.00000000000000e+05 
7.90067720090293e-01 1.00000000000000e+05 
9.48081264108351e-01 1.00000000000000e+05 
1.10609480812641e+00 1.00000000000000e+05 
1.26410835214447e+00 1.00000000000000e+05 
1.42212189616253e+00 1.00000000000000e+05 
1.58013544018058e+00 1.00000000000000e+05 
1.73814898419864e+00 1.00000000000000e+05 
1.89616252821670e+00 1.00000000000000e+05 
2.05417607223476e+00 1.00000000000000e+05 
2.21218961625282e+00 1.00000000000000e+05 
2.37020316027088e+00 1.00000000000000e+05 
2.52821670428893e+00 1.00000000000000e+05 
2.68623024830699e+00 1.00000000000000e+05 
2.84424379232505e+00 1.00000000000000e+05 
3.00225733634311e+00 1.00000000000000e+05 
3.16027088036116e+00 1.00000000000000e+05 
3.31828442437922e+00 1.00000000000000e+05 
3.47629796839728e+00 1.00000000000000e+05 
3.63431151241534e+00 1.00000000000000e+05 
3.79232505643340e+00 1.00000000000000e+05 
3.95033860045145e+00 1.00000000000000e+05 
4.10835214446951e+00 1.00000000000000e+05 
4.26636568848757e+00 1.00000000000000e+05 
4.42437923250563e+00 1.00000000000000e+05 
4.58239277652368e+00 1.00000000000000e+05 
4.74040632054174e+00 1.00000000000000e+05 
4.89841986455980e+00 1.00000000000000e+05 
5.05643340857771e+00 1.00000000000000e+05 
5.21444695259555e+00 1.00000000000000e+05 
5.37246049661106e+00 1.00000000000000e+05 
5.53047404062163e+00 1.00000000000000e+05 
5.68848758460807e+00 1.00000000000000e+05 
5.84650112860433e+00 1.00000000000000e+05 
6.00451467131846e+00 1.00000000000000e+05 
6.16252820860419e+00 1.00000000000000e+05 
6.32054173855849e+00 1.00000000000000e+05 
6.47855526263600e+00 1.00000000000000e+05 
6.63656878322570e+00 1.00000000000000e+05 
6.79458230116958e+00 1.00000000000000e+05 
6.95259581572868e+00 1.00000000000000e+05 
7.11060926486710e+00 1.00000000000000e+05 
7.26862123211782e+00 1.00000000000000e+05 
7.42662869286748e+00 1.00000000000000e+05 
7.58462797993242e+00 1.00000000000000e+05 
7.74261562363004e+00 1.00000000000000e+05 
7.90058972087802e+00 1.00000000000000e+05 
8.05854876760864e+00 1.00000000000000e+05 
8.21649327583521e+00 1.00000000000000e+05 
8.37442375590179e+00 1.00000000000000e+05 
8.53234121474706e+00 1.00000000000000e+05 
8.69024692780629e+00 1.00000000000000e+05 
8.84814294511368e+00 1.00000000000000e+05 
9.00603027516490e+00 1.00000000000000e+05 
9.16391060602912e+00 1.00000000000000e+05 
9.32178516379403e+00 1.00000000000000e+05 
9.47965513838773e+00 1.00000000000000e+05 
9.63751817790166e+00 1.00000000000000e+05 
9.79537550224774e+00 1.00000000000000e+05 
9.95322697641788e+00 1.00000000000000e+05 
1.01110732028936e+01 1.00000000000000e+05 
1.02689146274544e+01 1.00000000000000e+05 
1.04267523201822e+01 1.00000000000000e+05 
1.05845878187241e+01 1.00000000000000e+05 
1.07424234235056e+01 1.00000000000000e+05 
1.09002605183067e+01 1.00000000000000e+05 
1.10581011989153e+01 1.00000000000000e+05 
1.12159469760981e+01 1.00000000000000e+05 
1.13737958277871e+01 1.00000000000000e+05 
1.15316485112955e+01 1.00000000000000e+05 
1.16895059234703e+01 1.00000000000000e+05 
1.18473678135275e+01 1.00000000000000e+05 
1.20052343190564e+01 1.00000000000000e+05 
1.21631037930394e+01 1.00000000000000e+05 
1.23209755736488e+01 1.00000000000000e+05 
1.24788506295067e+01 1.00000000000000e+05 
1.26367295773036e+01 1.00000000000000e+05 
1.27946116815903e+01 1.00000000000000e+05 
1.29524970895918e+01 1.00000000000000e+05 
1.31103853882209e+01 1.00000000000000e+05 
1.32682764852580e+01 1.00000000000000e+05 
1.34261706139616e+01 1.00000000000000e+05 
1.35840685957871e+01 1.00000000000000e+05 
1.37419698795382e+01 1.00000000000000e+05 
1.38998748238769e+01 1.00000000000000e+05 
1.40577825863761e+01 1.00000000000000e+05 
1.42156900780669e+01 1.00000000000000e+05 
1.43735971547495e+01 1.00000000000000e+05 
1.45315042337418e+01 1.00000000000000e+05 
1.46894115576050e+01 1.00000000000000e+05 
1.48473186395545e+01 1.00000000000000e+05 
1.50052256719272e+01 1.00000000000000e+05 
1.51631330578148e+01 1.00000000000000e+05 
1.53210408171837e+01 1.00000000000000e+05 
1.54789489338296e+01 1.00000000000000e+05 
1.56368576354914e+01 1.00000000000000e+05 
1.57947669611646e+01 1.00000000000000e+05 
1.59526770505537e+01 1.00000000000000e+05 
1.61105878565459e+01 1.00000000000000e+05 
1.62684993007154e+01 1.00000000000000e+05 
1.64264117696543e+01 1.00000000000000e+05 
1.65843252894251e+01 1.00000000000000e+05 
1.67422394503545e+01 1.00000000000000e+05 
1.69001543231263e+01 1.00000000000000e+05 
1.70580702178261e+01 1.00000000000000e+05 
1.72159869071440e+01 1.00000000000000e+05 
1.73739045484328e+01 1.00000000000000e+05 
1.75318230870977e+01 1.00000000000000e+05 
1.76897420386758e+01 1.00000000000000e+05 
1.78476617082648e+01 1.00000000000000e+05 
1.80055822852594e+01 1.00000000000000e+05 
1.81635032871374e+01 1.00000000000000e+05 
1.83214252006964e+01 1.00000000000000e+05 
1.84793480458620e+01 1.00000000000000e+05 
1.86372715456650e+01 1.00000000000000e+05 
1.87951957601081e+01 1.00000000000000e+05 
1.89531209484135e+01 1.00000000000000e+05 
1.91110441089809e+01 1.00000000000000e+05 
1.92689571504680e+01 1.00000000000000e+05 
1.94268607791625e+01 1.00000000000000e+05 
1.95847566159270e+01 1.00000000000000e+05 
1.97426455229279e+01 1.00000000000000e+05 
1.99005279081235e+01 1.00000000000000e+05 
2.00584049686281e+01 1.00000000000000e+05 
2.02162789927353e+01 1.00000000000000e+05 
2.03741510118332e+01 1.00000000000000e+05 
2.05320225312322e+01 1.00000000000000e+05 
2.06898943694514e+01 1.00000000000000e+05 
2.08477672335517e+01 1.00000000000000e+05 
2.10056381883608e+01 1.00000000000000e+05 
2.11635073392954e+01 1.00000000000000e+05 
2.13213744206154e+01 1.00000000000000e+05 
2.14792406064660e+01 1.00000000000000e+05 
2.16371055052497e+01 1.00000000000000e+05 
2.17949698598769e+01 1.00000000000000e+05 
2.19528346543289e+01 1.00000000000000e+05 
2.21107022379036e+01 1.00000000000000e+05 
2.22685735446671e+01 1.00000000000000e+05 
2.24264499128177e+01 1.00000000000000e+05 
2.25843313783613e+01 1.00000000000000e+05 
2.27422178371839e+01 1.00000000000000e+05 
2.29001082195325e+01 1.00000000000000e+05 
2.30580026165052e+01 1.00000000000000e+05 
2.32159006750456e+01 1.00000000000000e+05 
2.33738008250518e+01 1.00000000000000e+05 
2.35317021841015e+01 1.00000000000000e+05 
2.36896047805334e+01 1.00000000000000e+05 
2.38475089535193e+01 1.00000000000000e+05 
2.40054144059897e+01 1.00000000000000e+05 
2.41633212527943e+01 1.00000000000000e+05 
2.43212294708959e+01 1.00000000000000e+05 
2.44791391765311e+01 1.00000000000000e+05 
2.46370501927731e+01 1.00000000000000e+05 
2.47949629062368e+01 1.00000000000000e+05 
2.49528766385629e+01 1.00000000000000e+05 
2.51107912664912e+01 1.00000000000000e+05 
2.52687065421895e+01 1.00000000000000e+05 
2.54266227275827e+01 1.00000000000000e+05 
2.55845402635157e+01 1.00000000000000e+05 
2.57424589006128e+01 1.00000000000000e+05 
2.59003774090588e+01 1.00000000000000e+05 
2.60582956021659e+01 1.00000000000000e+05 
2.62162142568713e+01 1.00000000000000e+05 
2.63741334755089e+01 1.00000000000000e+05 
2.65320531896202e+01 1.00000000000000e+05 
2.66899728755107e+01 1.00000000000000e+05 
2.68478922917635e+01 1.00000000000000e+05 
2.70058116301977e+01 1.00000000000000e+05 
2.71637307927613e+01 1.00000000000000e+05 
2.73216502821697e+01 1.00000000000006e+05 
2.74795690311203e+01 1.00000000000049e+05 
2.76374879055499e+01 1.00000000000504e+05 
2.77954041756501e+01 1.00000000061337e+05 
2.79533191433170e+01 1.00000000602640e+05 
2.81112322788099e+01 1.00000001042411e+05 
2.82691420252821e+01 1.00000001747450e+05 
2.84270498359011e+01 1.00000002958501e+05 
2.85849551367456e+01 1.00000004764376e+05 
2.87428577035279e+01 1.00000007735989e+05 
2.89007576935424e+01 1.00000012495302e+05 
2.90586554385742e+01 1.00000019670343e+05 
2.92165508783833e+01 1.00000030369567e+05 
2.93744443359554e+01 1.00000047497137e+05 
2.95323353920958e+01 1.00000072485533e+05 
2.96902253081402e+01 1.00000108015936e+05 
2.98481142776169e+01 1.00000159148888e+05 
3.00059979647156e+01 1.00000227725787e+05 
3.01638770985754e+01 1.00000321855127e+05 
3.03217523516603e+01 1.00000458179612e+05 
3.04796254231717e+01 1.00000636036957e+05 
3.06374979890028e+01 1.00000858179530e+05 
3.07953682566008e+01 1.00001144498160e+05 
3.09532360866590e+01 1.00001478909676e+05 
3.11111009485845e+01 1.00001898194208e+05 
3.12689642148262e+01 1.00002448621761e+05 
3.14268269801884e+01 1.00003082857362e+05 
3.15846899752751e+01 1.00003757129957e+05 
3.17425539745552e+01 1.00004516481839e+05 
3.19004203627167e+01 1.00005246920383e+05 
3.20582896401381e+01 1.00006073588789e+05 
3.22161632234601e+01 1.00007097248197e+05 
3.23740425511432e+01 1.00008108278568e+05 
3.25319290751244e+01 1.00008955317976e+05 
3.26898202982419e+01 1.00009706044997e+05 
3.28477131228900e+01 1.00010166419743e+05 
3.30056072961437e+01 1.00010667183645e+05 
3.31635023672678e+01 1.00011401177782e+05 
3.33213991393358e+01 1.00012023356055e+05 
3.34792973573956e+01 1.00012255400742e+05 
3.36371967535133e+01 1.00012208987114e+05 
3.37950973023584e+01 1.00011755355284e+05 
3.39529995672097e+01 1.00011403050716e+05 
3.41109029852060e+01 1.00011387335793e+05 
3.42688076087386e+01 1.00011380645696e+05 
3.44267132713632e+01 1.00010960898451e+05 
3.45846196509400e+01 1.00010095499895e+05 
3.47425273496765e+01 1.00009034066347e+05 
3.49004361808860e+01 1.00008031861862e+05 
3.50583454950604e+01 1.00007346024314e+05 
3.52162538750963e+01 1.00006826289396e+05 
3.53741611804014e+01 1.00006068568035e+05 
3.55320682312856e+01 1.00004920266671e+05 
3.56899754216115e+01 1.00003754357420e+05 
3.58478829107651e+01 1.00002696823771e+05 
3.60057904151544e+01 1.00001885039628e+05 
3.61636981099972e+01 1.00001300661005e+05 
3.63216068904539e+01 1.00000744661596e+05 
3.64795154283054e+01 1.00000023189794e+05 
3.66374236436593e+01 9.99994482880784e+04 
3.67953327010769e+01 9.99989299147776e+04 
3.69532427717678e+01 9.99985542687315e+04 
3.71111532244148e+01 9.99983083789079e+04 
3.72690630548262e+01 9.99982090811447e+04 
3.74269718145581e+01 9.99981156103264e+04 
3.75848778454541e+01 9.99981568442087e+04 
3.77427791017932e+01 9.99980965144467e+04 
3.79006746564164e+01 9.99978814133784e+04 
3.80585658512143e+01 9.99975563284829e+04 
3.82164521350274e+01 9.99973262045031e+04 
3.83743339522929e+01 9.99970792490471e+04 
3.85322143263643e+01 9.99968287036254e+04 
3.86900941565614e+01 9.99964605829818e+04 
3.88479738779336e+01 9.99958433242473e+04 
3.90058528607593e+01 9.99950773549507e+04 
3.91637297505779e+01 9.99944200685796e+04 
3.93216059461941e+01 9.99938258723243e+04 
3.94794833120710e+01 9.99934010660800e+04 
3.96373600136444e+01 9.99929258763667e+04 
3.97952355988724e+01 9.99922879863031e+04 
3.99531105564116e+01 9.99916094515665e+04 
4.01109853768128e+01 9.99911446012854e+04 
4.02688608742397e+01 9.99908002959618e+04 
4.04267381798270e+01 9.99907115065100e+04 
4.05846137319020e+01 9.99906050051244e+04 
4.07424858509869e+01 9.99903472341802e+04 
4.09003545163728e+01 9.99901062047473e+04 
4.10582217788816e+01 9.99901483481649e+04 
4.12160877638797e+01 9.99903826157946e+04 
4.13739537347660e+01 9.99907834888919e+04 
4.15318203524083e+01 9.99911635693074e+04 
4.16896877430492e+01 9.99913730005793e+04 
4.18475567572815e+01 9.99915767058831e+04 
4.20054296452478e+01 9.99920233991718e+04 
4.21633067849416e+01 9.99926904093788e+04 
4.23211896909693e+01 9.99934323417138e+04 
4.24790781339048e+01 9.99941237360124e+04 
4.26369644682292e+01 9.99946420322230e+04 
4.27948546539027e+01 9.99951271703884e+04 
4.29527445839470e+01 9.99958016273568e+04 
4.31106359297670e+01 9.99966817595468e+04 
4.32685306520852e+01 9.99975690901442e+04 
4.34264288504664e+01 9.99984065303840e+04 
4.35843293098335e+01 9.99991469341277e+04 
4.37422323857132e+01 9.99998582636889e+04 
4.39001362271449e+01 1.00000627837572e+05 
4.40580408935821e+01 1.00001536082205e+05 
4.42159461004656e+01 1.00002320478097e+05 
4.43738520952394e+01 1.00003053435247e+05 
4.45317586334686e+01 1.00003726966664e+05 
4.46896655731558e+01 1.00004356759560e+05 
4.48475732386247e+01 1.00004906696953e+05 
4.50054818277984e+01 1.00005476020796e+05 
4.51633912296472e+01 1.00005844035265e+05 
4.53213012689940e+01 1.00006165576141e+05 
4.54792124514439e+01 1.00006561287011e+05 
4.56371248172869e+01 1.00006926903699e+05 
4.57950380337933e+01 1.00007101933278e+05 
4.59529529680012e+01 1.00007188976365e+05 
4.61108663642278e+01 1.00007034817474e+05 
4.62687784498702e+01 1.00006825288004e+05 
4.64266899654798e+01 1.00006728307321e+05 
4.65846018793389e+01 1.00006600121080e+05 
4.67425141840204e+01 1.00006236691548e+05 
4.69004273753813e+01 1.00005705913461e+05 
4.70583412575278e+01 1.00004992676848e+05 
4.72162558287896e+01 1.00004212235498e+05 
4.73741661075397e+01 1.00003497576010e+05 
4.75320700293228e+01 1.00002759705242e+05 
4.76899693645184e+01 1.00001901317770e+05 
4.78478625125830e+01 1.00000925425510e+05 
4.80057508638390e+01 9.99998894928473e+04 
4.81636362087960e+01 9.99987691924327e+04 
4.83215191917349e+01 9.99975739101624e+04 
4.84794017791262e+01 9.99963680400192e+04 
4.86372824178603e+01 9.99952154658335e+04 
4.87951610644304e+01 9.99941133855859e+04 
4.89530401011878e+01 9.99932075256847e+04 
4.91109183405868e+01 9.99922233450161e+04 
4.92687968866861e+01 9.99910092004437e+04 
4.94266754364972e+01 9.99897758355510e+04 
4.95845515595664e+01 9.99888611670951e+04 
4.97424261075137e+01 9.99882067435645e+04 
4.99003006335041e+01 9.99879750352614e+04 
5.00581763017773e+01 9.99876370069158e+04 
5.02160540122954e+01 9.99868999515654e+04 
5.03739320513093e+01 9.99861404533951e+04 
5.05318084517488e+01 9.99858526709923e+04 
5.06896830101217e+01 9.99860550972883e+04 
5.08475554530749e+01 9.99868098961093e+04 
5.10054253922244e+01 9.99874340815852e+04 
5.11632927122317e+01 9.99875374779286e+04 
5.13211591090027e+01 9.99875971718665e+04 
5.14790271138448e+01 9.99881528726907e+04 
5.16368950153983e+01 9.99892477313279e+04 
5.17947643683201e+01 9.99907190545776e+04 
5.19526361004011e+01 9.99920902804087e+04 
5.21105113953299e+01 9.99930974931839e+04 
5.22683913894592e+01 9.99939217736316e+04 
5.24262776968112e+01 9.99949716010204e+04 
5.25841708838473e+01 9.99964322204927e+04 
5.27420666524036e+01 9.99980674121110e+04 
5.28999618489546e+01 9.99996854843347e+04 
5.30578577998667e+01 1.00001176803394e+05 
5.32157572283380e+01 1.00002536143422e+05 
5.33736576041167e+01 1.00003861350304e+05 
5.35315607809438e+01 1.00005255696961e+05 
5.36894666299000e+01 1.00006522699723e+05 
5.38473734460421e+01 1.00007869580701e+05 
5.40052812691421e+01 1.00009469721548e+05 
5.41631892761518e+01 1.00011047472167e+05 
5.43210976391154e+01 1.00012198973933e+05 
5.44790065647947e+01 1.00013090197565e+05 
5.46369153234515e+01 1.00013542959666e+05 
5.47948247591204e+01 1.00014136945472e+05 
5.49527345816088e+01 1.00015274671654e+05 
5.51106448015583e+01 1.00016531469502e+05 
5.52685553466649e+01 1.00017157256343e+05 
5.54264665842849e+01 1.00017180156957e+05 
5.55843786559346e+01 1.00016593738938e+05 
5.57422916964500e+01 1.00016212704142e+05 
5.59002049245996e+01 1.00016515616664e+05 
5.60581165652534e+01 1.00017054920013e+05 
5.62160267790978e+01 1.00016964282230e+05 
5.63739360456862e+01 1.00016098231320e+05 
5.65318446490167e+01 1.00014748623114e+05 
5.66897535039061e+01 1.00013506921600e+05 
5.68476637724107e+01 1.00012795239163e+05 
5.70055749148130e+01 1.00012322891181e+05 
5.71634862686760e+01 1.00011410076984e+05 
5.73213958959964e+01 1.00009924779098e+05 
5.74793010243427e+01 1.00008056888137e+05 
5.76372006427965e+01 1.00006187316445e+05 
5.77950939663717e+01 1.00004565399847e+05 
5.79529832749989e+01 1.00003094959288e+05 
5.81108693165340e+01 1.00001524660845e+05 
5.82687509560842e+01 9.99996824204956e+04 
5.84266313769464e+01 9.99978440742062e+04 
5.85845125473362e+01 9.99958297061807e+04 
5.87423932111164e+01 9.99937823719884e+04 
5.89002729936823e+01 9.99917880927926e+04 
5.90581527151859e+01 9.99900265194660e+04 
5.92160322137457e+01 9.99884204263635e+04 
5.93739114996228e+01 9.99871915733680e+04 
5.95317886882425e+01 9.99858233416562e+04 
5.96896638636060e+01 9.99840306656148e+04 
5.98475378197668e+01 9.99821358507181e+04 
6.00054119865173e+01 9.99808645963363e+04 
6.01632862541559e+01 9.99801208854258e+04 
6.03211632133958e+01 9.99800537722508e+04 
6.04790393685606e+01 9.99798344594895e+04 
6.06369130750726e+01 9.99790607149302e+04 
6.07947845152142e+01 9.99779736050053e+04 
6.09526543879465e+01 9.99776723890497e+04 
6.11105223433906e+01 9.99781976482219e+04 
6.12683891572993e+01 9.99793800519342e+04 
6.14262556334736e+01 9.99803842187357e+04 
6.15841213812268e+01 9.99807313782789e+04 
6.17419872970758e+01 9.99809269584147e+04 
6.18998556369791e+01 9.99817346096741e+04 
6.20577270573682e+01 9.99832463334804e+04 
6.22156028064752e+01 9.99852039398878e+04 
6.23734839507439e+01 9.99870741323894e+04 
6.25313719458757e+01 9.99885883742178e+04 
6.26892653364233e+01 9.99898045745688e+04 
6.28471589494630e+01 9.99912698276015e+04 
6.30050539658638e+01 9.99931730180985e+04 
6.31629516032019e+01 9.99952422792658e+04 
6.33208526762621e+01 9.99973928456310e+04 
6.34787557016783e+01 9.99993679763991e+04 
6.36366621209855e+01 1.00001230320540e+05 
6.37945707388512e+01 1.00003040520781e+05 
6.39524799651022e+01 1.00004838601597e+05 
6.41103898945289e+01 1.00006349440208e+05 
6.42682996768123e+01 1.00008024205232e+05 
6.44262099946042e+01 1.00009964138119e+05 
6.45841203235132e+01 1.00011964667358e+05 
6.47420308141056e+01 1.00013455096532e+05 
6.48999413857551e+01 1.00014616745761e+05 
6.50578522130705e+01 1.00015188073638e+05 
6.52157621383260e+01 1.00015894535068e+05 
6.53736716684331e+01 1.00017178929040e+05 
6.55315818735089e+01 1.00018653131134e+05 
6.56894924466357e+01 1.00019451916210e+05 
6.58474019305714e+01 1.00019578082336e+05 
6.60053094171804e+01 1.00018963347406e+05 
6.61632151021049e+01 1.00018520378150e+05 
6.63211194929648e+01 1.00018759049769e+05 
6.64790238951629e+01 1.00019213529739e+05 
6.66369283078166e+01 1.00019016734232e+05 
6.67948331393927e+01 1.00018039180279e+05 
6.69527394440034e+01 1.00016570275425e+05 
6.71106470639483e+01 1.00015046545251e+05 
6.72685553183821e+01 1.00013995384774e+05 
6.74264597024061e+01 1.00013173912281e+05 
6.75843590419925e+01 1.00011918902972e+05 
6.77422535684911e+01 1.00010125217096e+05 
6.79001426201263e+01 1.00008017679621e+05 
6.80580282864847e+01 1.00005898369734e+05 
6.82159111158328e+01 1.00003855857971e+05 
6.83737930861987e+01 1.00001942128186e+05 
6.85316731580176e+01 9.99999832297737e+04 
6.86895517906449e+01 9.99979154447401e+04 
6.88474307150474e+01 9.99960045705721e+04 
6.90053081989569e+01 9.99939442885549e+04 
6.91631854542290e+01 9.99916813911042e+04 
6.93210605590817e+01 9.99894193306393e+04 
6.94789329603387e+01 9.99875720332538e+04 
6.96368026296308e+01 9.99860824471429e+04 
6.97946722052352e+01 9.99851522288741e+04 
6.99525422636531e+01 9.99840878661283e+04 
7.01104134175452e+01 9.99824931619052e+04 
7.02682863349460e+01 9.99807592313372e+04 
7.04261613776249e+01 9.99797606047846e+04 
7.05840389189998e+01 9.99794920609629e+04 
7.07419152096647e+01 9.99800515657127e+04 
7.08997875851045e+01 9.99804116333279e+04 
7.10576561988164e+01 9.99800500449461e+04 
7.12155224399363e+01 9.99794470870187e+04 
7.13733888211252e+01 9.99795809163378e+04 
7.15312552146323e+01 9.99806124537205e+04 
7.16891217538037e+01 9.99821910849598e+04 
7.18469894024299e+01 9.99837300942167e+04 
7.20048591249784e+01 9.99846948442460e+04 
7.21627323468697e+01 9.99853209494605e+04 
7.23206109024455e+01 9.99863773403516e+04 
7.24784954490941e+01 9.99880775272462e+04 
7.26363845290400e+01 9.99901408038813e+04 
7.27942734676224e+01 9.99922135470208e+04 
7.29521620226019e+01 9.99940270346548e+04 
7.31100537643340e+01 9.99956352924290e+04 
7.32679464204612e+01 9.99972727272019e+04 
7.34258410448585e+01 9.99991162618540e+04 
7.35837409539245e+01 1.00000915741132e+05 
7.37416437257822e+01 1.00002921058089e+05 
7.38995475254834e+01 1.00004985058788e+05 
7.40574552767677e+01 1.00007002408055e+05 
7.42153656889771e+01 1.00008712789395e+05 
7.43732764020060e+01 1.00010162153141e+05 
7.45311875013272e+01 1.00011192121996e+05 
7.46890982702211e+01 1.00012409035585e+05 
7.48470091952905e+01 1.00014119526338e+05 
7.50049203089887e+01 1.00016002076713e+05 
7.51628314776675e+01 1.00017227980320e+05 
7.53207423108823e+01 1.00017838890569e+05 
7.54786534052723e+01 1.00017764690219e+05 
7.56365652919325e+01 1.00017892449303e+05 
7.57944760696322e+01 1.00018610745278e+05 
7.59523842322763e+01 1.00019783684033e+05 
7.61102907052860e+01 1.00020197383188e+05 
7.62681956345978e+01 1.00019721061437e+05 
7.64260997846199e+01 1.00018578441063e+05 
7.65840035006254e+01 1.00017626323800e+05 
7.67419079524643e+01 1.00017305279880e+05 
7.68998130220342e+01 1.00017154556749e+05 
7.70577190529444e+01 1.00016453835108e+05 
7.72156246322281e+01 1.00015034952148e+05 
7.73735304351853e+01 1.00013124531391e+05 
7.75314321962536e+01 1.00011264151703e+05 
7.76893280918668e+01 1.00009687759460e+05 
7.78472194406838e+01 1.00008341930300e+05 
7.80051082848022e+01 1.00006789901885e+05 
7.81629925315635e+01 1.00004852100208e+05 
7.83208748693117e+01 1.00002787048249e+05 
7.84787573742400e+01 1.00000578963704e+05 
7.86366399901977e+01 9.99984702319937e+04 
7.87945213840157e+01 9.99964024693100e+04 
7.89524022580153e+01 9.99944963443504e+04 
7.91102822345851e+01 9.99926801937280e+04 
7.92681598504246e+01 9.99912422279477e+04 
7.94260346032737e+01 9.99896369109516e+04 
7.95839065415183e+01 9.99876927186166e+04 
7.97417762739281e+01 9.99856797613824e+04 
7.98996452426869e+01 9.99842667901709e+04 
8.00575144475735e+01 9.99833301814672e+04 
8.02153853484350e+01 9.99830805048355e+04 
8.03732595753060e+01 9.99826883733572e+04 
8.05311360044327e+01 9.99816989390779e+04 
8.06890123775687e+01 9.99804892408375e+04 
8.08468842047536e+01 9.99799843266817e+04 
8.10047525333100e+01 9.99803299962462e+04 
8.11626191499556e+01 9.99814025384797e+04 
8.13204847650461e+01 9.99822700844710e+04 
8.14783488435453e+01 9.99824763117926e+04 
8.16362118439805e+01 9.99824468085066e+04 
8.17940760681954e+01 9.99830093841673e+04 
8.19519420697887e+01 9.99843504265376e+04 
8.21098112939899e+01 9.99861681080393e+04 
8.22676847318654e+01 9.99878871303963e+04 
8.24255638214298e+01 9.99892311768289e+04 
8.25834499430324e+01 9.99902138724031e+04 
8.27413394366513e+01 9.99914597247432e+04 
8.28992294477559e+01 9.99931567849664e+04 
8.30571223195795e+01 9.99950418650660e+04 
8.32150170578953e+01 9.99970463541938e+04 
8.33729147817309e+01 9.99988620194454e+04 
8.35308144311052e+01 1.00000535512341e+05 
8.36887168341859e+01 1.00002162389499e+05 
8.38466229777523e+01 1.00003762339350e+05 
8.40045316549114e+01 1.00005163285619e+05 
8.41624411095586e+01 1.00006717743364e+05 
8.43203503968559e+01 1.00008541151707e+05 
8.44782605557664e+01 1.00010431020990e+05 
8.46361711006565e+01 1.00011874149357e+05 
8.47940815795453e+01 1.00012942490123e+05 
8.49519911103720e+01 1.00013467138309e+05 
8.51098990973984e+01 1.00014166688987e+05 
8.52678065112851e+01 1.00015451781312e+05 
8.54257138686154e+01 1.00016959813575e+05 
8.55836217801970e+01 1.00017820943645e+05 
8.57415292183254e+01 1.00018000534636e+05 
8.58994341398339e+01 1.00017450757963e+05 
8.60573367332196e+01 1.00017119313187e+05 
8.62152374038746e+01 1.00017446428728e+05 
8.63731375811182e+01 1.00018081526908e+05 
8.65310375987192e+01 1.00018070335633e+05 
8.66889375552248e+01 1.00017257646032e+05 
8.68468385039286e+01 1.00015866345837e+05 
8.70047412609430e+01 1.00014545092426e+05 
8.71626443614392e+01 1.00013687749031e+05 
8.73205479962068e+01 1.00013067497672e+05 
8.74784503206073e+01 1.00012038487223e+05 
8.76363495572885e+01 1.00010440235443e+05 
8.77942431849901e+01 1.00008487650355e+05 
8.79521325309210e+01 1.00006508807553e+05 
8.81100185611205e+01 1.00004716733286e+05 
8.82679028525337e+01 1.00003065867359e+05 
8.84257843073351e+01 1.00001349823496e+05 
8.85836638116007e+01 9.99994436068436e+04 
8.87415446242167e+01 9.99976259877858e+04 
8.88994240315965e+01 9.99956254258820e+04 
8.90573022819536e+01 9.99935606906425e+04 
8.92151767527825e+01 9.99915187777968e+04 
8.93730477224399e+01 9.99897745062430e+04 
8.95309156458027e+01 9.99882965404829e+04 
8.96887826912112e+01 9.99872909994783e+04 
8.98466499713213e+01 9.99861585120229e+04 
9.00045176380459e+01 9.99845681067868e+04 
9.01623865154936e+01 9.99828411099925e+04 
9.03202569356564e+01 9.99817743290146e+04 
9.04781297063303e+01 9.99813426180398e+04 
9.06360054524564e+01 9.99816597625873e+04 
9.07938823357972e+01 9.99817893428463e+04 
9.09517541470789e+01 9.99812895768758e+04 
9.11096225648372e+01 9.99804807038891e+04 
9.12674903529327e+01 9.99804025856243e+04 
9.14253570626701e+01 9.99812085632549e+04 
9.15832226822998e+01 9.99826177409975e+04 
9.17410881565195e+01 9.99838132952691e+04 
9.18989546135373e+01 9.99845264983335e+04 
9.20568232887804e+01 9.99849341015048e+04 
9.22146961573564e+01 9.99858034071937e+04 
9.23725738596910e+01 9.99873750711038e+04 
9.25304579588404e+01 9.99893473866803e+04 
9.26883440768282e+01 9.99912711584336e+04 
9.28462302163992e+01 9.99928648485856e+04 
9.30041188904351e+01 9.99942057607067e+04 
9.31620089406748e+01 9.99956795312142e+04 
9.33199003766930e+01 9.99974703725704e+04 
9.34777965434557e+01 9.99993021279206e+04 
9.36356962709857e+01 1.00001296779514e+05 
9.37935970223798e+01 1.00003205140776e+05 
9.39515016043418e+01 1.00005054977814e+05 
9.41094095639123e+01 1.00006719699283e+05 
9.42673176496791e+01 1.00008256581881e+05 
9.44252272261732e+01 1.00009430039622e+05 
9.45831367419679e+01 1.00010805403779e+05 
9.47410472060425e+01 1.00012555462343e+05 
9.48989573503301e+01 1.00014441084344e+05 
9.50568658739766e+01 1.00015741618950e+05 
9.52147728697819e+01 1.00016543804619e+05 
9.53726794597599e+01 1.00016716620296e+05 
9.55305867647987e+01 1.00017088838422e+05 
9.56884942753968e+01 1.00018127330913e+05 
9.58463997516093e+01 1.00019403172945e+05 
9.60043026249207e+01 1.00019996680807e+05 
9.61622035600294e+01 1.00019781214250e+05 
9.63201032160052e+01 1.00018865668261e+05 
9.64780023140949e+01 1.00018136793671e+05 
9.66359014564617e+01 1.00018120182970e+05 
9.67938016196219e+01 1.00018320470470e+05 
9.69517021660862e+01 1.00017892000165e+05 
9.71096039307884e+01 1.00016652607747e+05 
9.72675053659434e+01 1.00014878867608e+05 
9.74254084969254e+01 1.00013149443148e+05 
9.75833089937247e+01 1.00011861374657e+05 
9.77412039501997e+01 1.00010833427064e+05 
9.78990956464850e+01 1.00009443954506e+05 
9.80569824734498e+01 1.00007518912954e+05 
9.82148662686850e+01 1.00005333127390e+05 
9.83727491375352e+01 1.00003145742831e+05 
9.85306321990684e+01 1.00001057530612e+05 
9.86885141869873e+01 9.99991123344938e+04 
9.88463960415929e+01 9.99972118803727e+04 
9.90042760737878e+01 9.99952503328640e+04 
9.91621528526767e+01 9.99935117010426e+04 
9.93200261516929e+01 9.99916391296860e+04 
9.94778958586317e+01 9.99895533361571e+04 
9.96357631314534e+01 9.99874653146701e+04 
9.97936285106285e+01 9.99858407127034e+04 
9.99514940149456e+01 9.99846138117297e+04 
1.00109360548212e+02 9.99839991097413e+04 
