# Liste des scalaires : TEMPS pmat 
0.00000000000000e+00 1.00000000000000e+05 
1.58013544018059e-01 1.00000000000000e+05 
3.16027088036117e-01 1.00000000000000e+05 
4.74040632054176e-01 1.00000000000000e+05 
6.32054176072234e-01 1.00000000000000e+05 
7.90067720090293e-01 1.00000000000000e+05 
9.48081264108351e-01 1.00000000000000e+05 
1.10609480812641e+00 1.00000000000000e+05 
1.26410835214447e+00 1.00000000000000e+05 
1.42212189616253e+00 1.00000000000000e+05 
1.58013544018058e+00 1.00000000000000e+05 
1.73814898419864e+00 1.00000000000000e+05 
1.89616252821670e+00 1.00000000000000e+05 
2.05417607223476e+00 1.00000000000000e+05 
2.21218961625282e+00 1.00000000000000e+05 
2.37020316027088e+00 1.00000000000000e+05 
2.52821670428893e+00 1.00000000000000e+05 
2.68623024830699e+00 1.00000000000000e+05 
2.84424379232505e+00 1.00000000000000e+05 
3.00225733634311e+00 1.00000000000000e+05 
3.16027088036116e+00 1.00000000000000e+05 
3.31828442437922e+00 1.00000000000000e+05 
3.47629796839728e+00 1.00000000000000e+05 
3.63431151241534e+00 1.00000000000000e+05 
3.79232505643340e+00 1.00000000000000e+05 
3.95033860045145e+00 1.00000000000000e+05 
4.10835214446951e+00 1.00000000000000e+05 
4.26636568848757e+00 1.00000000000000e+05 
4.42437923250563e+00 1.00000000000000e+05 
4.58239277652368e+00 1.00000000000000e+05 
4.74040632054174e+00 1.00000000000000e+05 
4.89841986455980e+00 1.00000000000000e+05 
5.05643340857771e+00 1.00000000000000e+05 
5.21444695259555e+00 1.00000000000000e+05 
5.37246049661106e+00 1.00000000000000e+05 
5.53047404062163e+00 1.00000000000000e+05 
5.68848758460807e+00 1.00000000000000e+05 
5.84650112860433e+00 1.00000000000000e+05 
6.00451467131846e+00 1.00000000000000e+05 
6.16252820860419e+00 1.00000000000000e+05 
6.32054173855849e+00 1.00000000000000e+05 
6.47855526263600e+00 1.00000000000000e+05 
6.63656878322570e+00 1.00000000000000e+05 
6.79458230116958e+00 1.00000000000000e+05 
6.95259581572868e+00 1.00000000000000e+05 
7.11060926486710e+00 1.00000000000000e+05 
7.26862123211782e+00 1.00000000000000e+05 
7.42662869286748e+00 1.00000000000000e+05 
7.58462797993242e+00 1.00000000000000e+05 
7.74261562363004e+00 1.00000000000000e+05 
7.90058972087802e+00 1.00000000000000e+05 
8.05854876760864e+00 1.00000000000000e+05 
8.21649327583521e+00 1.00000000000000e+05 
8.37442375590179e+00 1.00000000000000e+05 
8.53234121474706e+00 1.00000000000000e+05 
8.69024692780629e+00 1.00000000000000e+05 
8.84814294511368e+00 1.00000000000000e+05 
9.00603027516490e+00 1.00000000000000e+05 
9.16391060602912e+00 1.00000000000000e+05 
9.32178516379403e+00 1.00000000000000e+05 
9.47965513838773e+00 1.00000000000000e+05 
9.63751817790166e+00 1.00000000000000e+05 
9.79537550224774e+00 1.00000000000000e+05 
9.95322697641788e+00 1.00000000000000e+05 
1.01110732028936e+01 1.00000000000000e+05 
1.02689146274544e+01 1.00000000000000e+05 
1.04267523201822e+01 1.00000000000000e+05 
1.05845878187241e+01 1.00000000000000e+05 
1.07424234235056e+01 1.00000000000000e+05 
1.09002605183067e+01 1.00000000000000e+05 
1.10581011989153e+01 1.00000000000000e+05 
1.12159469760981e+01 1.00000000000000e+05 
1.13737958277871e+01 1.00000000000000e+05 
1.15316485112955e+01 1.00000000000000e+05 
1.16895059234703e+01 1.00000000000000e+05 
1.18473678135275e+01 1.00000000000000e+05 
1.20052343190564e+01 1.00000000000000e+05 
1.21631037930394e+01 1.00000000000000e+05 
1.23209755736488e+01 1.00000000000000e+05 
1.24788506295067e+01 1.00000000000000e+05 
1.26367295773036e+01 1.00000000000000e+05 
1.27946116815903e+01 1.00000000000000e+05 
1.29524970895918e+01 1.00000000000000e+05 
1.31103853882209e+01 1.00000000000000e+05 
1.32682764852580e+01 1.00000000000000e+05 
1.34261706139616e+01 1.00000000000000e+05 
1.35840685957871e+01 1.00000000000000e+05 
1.37419698795382e+01 1.00000000000000e+05 
1.38998748238769e+01 1.00000000000000e+05 
1.40577825863761e+01 1.00000000000000e+05 
1.42156900780669e+01 1.00000000000000e+05 
1.43735971547495e+01 1.00000000000000e+05 
1.45315042337418e+01 1.00000000000000e+05 
1.46894115576050e+01 1.00000000000000e+05 
1.48473186395545e+01 1.00000000000000e+05 
1.50052256719272e+01 1.00000000000000e+05 
1.51631330578148e+01 1.00000000000000e+05 
1.53210408171837e+01 1.00000000000000e+05 
1.54789489338296e+01 1.00000000000000e+05 
1.56368576354914e+01 1.00000000000000e+05 
1.57947669611646e+01 1.00000000000000e+05 
1.59526770505537e+01 1.00000000000000e+05 
1.61105878565459e+01 1.00000000000000e+05 
1.62684993007154e+01 1.00000000000000e+05 
1.64264117696543e+01 1.00000000000000e+05 
1.65843252894251e+01 1.00000000000000e+05 
1.67422394503545e+01 1.00000000000000e+05 
1.69001543231263e+01 1.00000000000000e+05 
1.70580702178261e+01 1.00000000000000e+05 
1.72159869071440e+01 1.00000000000000e+05 
1.73739045484328e+01 1.00000000000000e+05 
1.75318230870977e+01 1.00000000000000e+05 
1.76897420386758e+01 1.00000000000000e+05 
1.78476617082648e+01 1.00000000000000e+05 
1.80055822852594e+01 1.00000000000000e+05 
1.81635032871374e+01 1.00000000000000e+05 
1.83214252006964e+01 1.00000000000000e+05 
1.84793480458620e+01 1.00000000000000e+05 
1.86372715456650e+01 1.00000000000000e+05 
1.87951957601081e+01 1.00000000000000e+05 
1.89531209484135e+01 1.00000000000000e+05 
1.91110441089809e+01 1.00000000000000e+05 
1.92689571504680e+01 1.00000000000000e+05 
1.94268607791625e+01 1.00000000000000e+05 
1.95847566159270e+01 1.00000000000000e+05 
1.97426455229279e+01 1.00000000000000e+05 
1.99005279081235e+01 1.00000000000000e+05 
2.00584049686281e+01 1.00000000000000e+05 
2.02162789927353e+01 1.00000000000000e+05 
2.03741510118332e+01 1.00000000000000e+05 
2.05320225312322e+01 1.00000000000000e+05 
2.06898943694514e+01 1.00000000000000e+05 
2.08477672335517e+01 1.00000000000000e+05 
2.10056381883608e+01 1.00000000000000e+05 
2.11635073392954e+01 1.00000000000000e+05 
2.13213744206154e+01 1.00000000000000e+05 
2.14792406064660e+01 1.00000000000000e+05 
2.16371055052497e+01 1.00000000000000e+05 
2.17949698598769e+01 1.00000000000000e+05 
2.19528346543289e+01 1.00000000000000e+05 
2.21107022379036e+01 1.00000000000000e+05 
2.22685735446671e+01 1.00000000000000e+05 
2.24264499128177e+01 1.00000000000000e+05 
2.25843313783613e+01 1.00000000000000e+05 
2.27422178371839e+01 1.00000000000002e+05 
2.29001082195325e+01 1.00000000024817e+05 
2.30580026165052e+01 1.00000000335664e+05 
2.32159006750456e+01 1.00000001036236e+05 
2.33738008250518e+01 1.00000001966568e+05 
2.35317021841015e+01 1.00000003411358e+05 
2.36896047805334e+01 1.00000006395855e+05 
2.38475089535193e+01 1.00000012105837e+05 
2.40054144059897e+01 1.00000021712072e+05 
2.41633212527943e+01 1.00000038357291e+05 
2.43212294708959e+01 1.00000066708114e+05 
2.44791391765311e+01 1.00000111690756e+05 
2.46370501927731e+01 1.00000185247667e+05 
2.47949629062368e+01 1.00000305384674e+05 
2.49528766385629e+01 1.00000485957781e+05 
2.51107912664912e+01 1.00000753878244e+05 
2.52687065421895e+01 1.00001150604939e+05 
2.54266227275827e+01 1.00001692073215e+05 
2.55845402635157e+01 1.00002416032851e+05 
2.57424589006128e+01 1.00003365943030e+05 
2.59003774090588e+01 1.00004572105036e+05 
2.60582956021659e+01 1.00005970793033e+05 
2.62162142568713e+01 1.00007672043588e+05 
2.63741334755089e+01 1.00009570048908e+05 
2.65320531896202e+01 1.00011641775048e+05 
2.66899728755107e+01 1.00013913091767e+05 
2.68478922917635e+01 1.00016434691398e+05 
2.70058116301977e+01 1.00018888045105e+05 
2.71637307927613e+01 1.00021590628182e+05 
2.73216502821697e+01 1.00024151942981e+05 
2.74795690311203e+01 1.00026714477990e+05 
2.76374879055499e+01 1.00029420249565e+05 
2.77954041756501e+01 1.00032109294142e+05 
2.79533191433170e+01 1.00034267863559e+05 
2.81112322788099e+01 1.00036429499802e+05 
2.82691420252821e+01 1.00037996840204e+05 
2.84270498359011e+01 1.00039373411121e+05 
2.85849551367456e+01 1.00040839512623e+05 
2.87428577035279e+01 1.00041831054616e+05 
2.89007576935424e+01 1.00041845539123e+05 
2.90586554385742e+01 1.00041614213552e+05 
2.92165508783833e+01 1.00040683801608e+05 
2.93744443359554e+01 1.00039667625249e+05 
2.95323353920958e+01 1.00038591333126e+05 
2.96902253081402e+01 1.00036897482441e+05 
2.98481142776169e+01 1.00034420132704e+05 
3.00059979647156e+01 1.00031514978492e+05 
3.01638770985754e+01 1.00028074730579e+05 
3.03217523516603e+01 1.00024691073097e+05 
3.04796254231717e+01 1.00021363913602e+05 
3.06374979890028e+01 1.00017351341362e+05 
3.07953682566008e+01 1.00013055264594e+05 
3.09532360866590e+01 1.00008282729765e+05 
3.11111009485845e+01 1.00003452231521e+05 
3.12689642148262e+01 9.99987986014654e+04 
3.14268269801884e+01 9.99942560057223e+04 
3.15846899752751e+01 9.99893776291596e+04 
3.17425539745552e+01 9.99847271315149e+04 
3.19004203627167e+01 9.99796916384723e+04 
3.20582896401381e+01 9.99750216044175e+04 
3.22161632234601e+01 9.99705787794737e+04 
3.23740425511432e+01 9.99661784601729e+04 
3.25319290751244e+01 9.99617711188470e+04 
3.26898202982419e+01 9.99578473051390e+04 
3.28477131228900e+01 9.99535301062485e+04 
3.30056072961437e+01 9.99498328823807e+04 
3.31635023672678e+01 9.99462092753061e+04 
3.33213991393358e+01 9.99424351863686e+04 
3.34792973573956e+01 9.99389111345754e+04 
3.36371967535133e+01 9.99361480839929e+04 
3.37950973023584e+01 9.99331700989290e+04 
3.39529995672097e+01 9.99310676521336e+04 
3.41109029852060e+01 9.99291235682743e+04 
3.42688076087386e+01 9.99269748950035e+04 
3.44267132713632e+01 9.99255051451453e+04 
3.45846196509400e+01 9.99252917863830e+04 
3.47425273496765e+01 9.99252793994516e+04 
3.49004361808860e+01 9.99264182031213e+04 
3.50583454950604e+01 9.99277221901877e+04 
3.52162538750963e+01 9.99290563849754e+04 
3.53741611804014e+01 9.99313496085665e+04 
3.55320682312856e+01 9.99348804759013e+04 
3.56899754216115e+01 9.99391558093742e+04 
3.58478829107651e+01 9.99444019458823e+04 
3.60057904151544e+01 9.99496309972772e+04 
3.61636981099972e+01 9.99545244066195e+04 
3.63216068904539e+01 9.99604545126386e+04 
3.64795154283054e+01 9.99673166155928e+04 
3.66374236436593e+01 9.99749481647910e+04 
3.67953327010769e+01 9.99828061165776e+04 
3.69532427717678e+01 9.99903297119418e+04 
3.71111532244148e+01 9.99972937039178e+04 
3.72690630548262e+01 1.00004878917111e+05 
3.74269718145581e+01 1.00012607093119e+05 
3.75848778454541e+01 1.00021017255785e+05 
3.77427791017932e+01 1.00028793553646e+05 
3.79006746564164e+01 1.00035944556896e+05 
3.80585658512143e+01 1.00042476364999e+05 
3.82164521350274e+01 1.00048866822251e+05 
3.83743339522929e+01 1.00054633501978e+05 
3.85322143263643e+01 1.00060886731698e+05 
3.86900941565614e+01 1.00065657293370e+05 
3.88479738779336e+01 1.00069806783348e+05 
3.90058528607593e+01 1.00073525171953e+05 
3.91637297505779e+01 1.00076461722266e+05 
3.93216059461941e+01 1.00078223033572e+05 
3.94794833120710e+01 1.00080123825713e+05 
3.96373600136444e+01 1.00080459728442e+05 
3.97952355988724e+01 1.00080372462502e+05 
3.99531105564116e+01 1.00080203908404e+05 
4.01109853768128e+01 1.00078915885365e+05 
4.02688608742397e+01 1.00076332904348e+05 
4.04267381798270e+01 1.00073430748080e+05 
4.05846137319020e+01 1.00069443095804e+05 
4.07424858509869e+01 1.00065531113265e+05 
4.09003545163728e+01 1.00061857941891e+05 
4.10582217788816e+01 1.00056962732570e+05 
4.12160877638797e+01 1.00051129157823e+05 
4.13739537347660e+01 1.00044821957447e+05 
4.15318203524083e+01 1.00038088974544e+05 
4.16896877430492e+01 1.00031535710774e+05 
4.18475567572815e+01 1.00025736387975e+05 
4.20054296452478e+01 1.00019222668832e+05 
4.21633067849416e+01 1.00012178670820e+05 
4.23211896909693e+01 1.00004475337765e+05 
4.24790781339048e+01 9.99971676310501e+04 
4.26369644682292e+01 9.99903067161819e+04 
4.27948546539027e+01 9.99842509948684e+04 
4.29527445839470e+01 9.99781338422797e+04 
4.31106359297670e+01 9.99721011024078e+04 
4.32685306520852e+01 9.99654792097109e+04 
4.34264288504664e+01 9.99598567269089e+04 
4.35843293098335e+01 9.99548153472297e+04 
4.37422323857132e+01 9.99503874359427e+04 
4.39001362271449e+01 9.99465085507107e+04 
4.40580408935821e+01 9.99433320642062e+04 
4.42159461004656e+01 9.99398327303947e+04 
4.43738520952394e+01 9.99376847592498e+04 
4.45317586334686e+01 9.99360053309820e+04 
4.46896655731558e+01 9.99346533846336e+04 
4.48475732386247e+01 9.99343326897664e+04 
4.50054818277984e+01 9.99350260076143e+04 
4.51633912296472e+01 9.99358121571857e+04 
4.53213012689940e+01 9.99378647241500e+04 
4.54792124514439e+01 9.99402238912817e+04 
4.56371248172869e+01 9.99426124477742e+04 
4.57950380337933e+01 9.99460274591409e+04 
4.59529529680012e+01 9.99503148777035e+04 
4.61108663642278e+01 9.99550306819612e+04 
4.62687784498702e+01 9.99604367836552e+04 
4.64266899654798e+01 9.99657242929648e+04 
4.65846018793389e+01 9.99705601040424e+04 
4.67425141840204e+01 9.99761798272843e+04 
4.69004273753813e+01 9.99822602908788e+04 
4.70583412575278e+01 9.99887793426891e+04 
4.72162558287896e+01 9.99951618277649e+04 
4.73741661075397e+01 1.00001151630622e+05 
4.75320700293228e+01 1.00006454532810e+05 
4.76899693645184e+01 1.00011892677794e+05 
4.78478625125830e+01 1.00017236614139e+05 
4.80057508638390e+01 1.00022998753018e+05 
4.81636362087960e+01 1.00027989071796e+05 
4.83215191917349e+01 1.00032412925488e+05 
4.84794017791262e+01 1.00036250401200e+05 
4.86372824178603e+01 1.00039629766953e+05 
4.87951610644304e+01 1.00042459534358e+05 
4.89530401011878e+01 1.00045598255587e+05 
4.91109183405868e+01 1.00047603024451e+05 
4.92687968866861e+01 1.00049226812351e+05 
4.94266754364972e+01 1.00050506312212e+05 
4.95845515595664e+01 1.00050992853744e+05 
4.97424261075137e+01 1.00050561071277e+05 
4.99003006335041e+01 1.00050273768258e+05 
5.00581763017773e+01 1.00049004534996e+05 
5.02160540122954e+01 1.00047507114221e+05 
5.03739320513093e+01 1.00045976511651e+05 
5.05318084517488e+01 1.00043511076929e+05 
5.06896830101217e+01 1.00040336865704e+05 
5.08475554530749e+01 1.00036895632259e+05 
5.10054253922244e+01 1.00032787452383e+05 
5.11632927122317e+01 1.00028755559940e+05 
5.13211591090027e+01 1.00024975416974e+05 
5.14790271138448e+01 1.00020370151307e+05 
5.16368950153983e+01 1.00015326394606e+05 
5.17947643683201e+01 1.00009871856846e+05 
5.19526361004011e+01 1.00004314665110e+05 
5.21105113953299e+01 9.99988864099286e+04 
5.22683913894592e+01 9.99938340733079e+04 
5.24262776968112e+01 9.99884805482250e+04 
5.25841708838473e+01 9.99831668252853e+04 
5.27420666524036e+01 9.99773895746092e+04 
5.28999618489546e+01 9.99720767581896e+04 
5.30578577998667e+01 9.99670602647012e+04 
5.32157572283380e+01 9.99624099904600e+04 
5.33736576041167e+01 9.99580121884800e+04 
5.35315607809438e+01 9.99542191480040e+04 
5.36894666299000e+01 9.99501451440292e+04 
5.38473734460421e+01 9.99471431905232e+04 
5.40052812691421e+01 9.99444480358006e+04 
5.41631892761518e+01 9.99420291880657e+04 
5.43210976391154e+01 9.99403535513726e+04 
5.44790065647947e+01 9.99397814073937e+04 
5.46369153234515e+01 9.99391709398230e+04 
5.47948247591204e+01 9.99397601526485e+04 
5.49527345816088e+01 9.99405961449761e+04 
5.51106448015583e+01 9.99415787727152e+04 
5.52685553466649e+01 9.99436380800546e+04 
5.54264665842849e+01 9.99465947071570e+04 
5.55843786559346e+01 9.99498846348706e+04 
5.57422916964500e+01 9.99540112211554e+04 
5.59002049245996e+01 9.99581731088207e+04 
5.60581165652534e+01 9.99621991127497e+04 
5.62160267790978e+01 9.99671510060637e+04 
5.63739360456862e+01 9.99726042690400e+04 
5.65318446490167e+01 9.99785033713790e+04 
5.66897535039061e+01 9.99845796128865e+04 
5.68476637724107e+01 9.99904851411658e+04 
5.70055749148130e+01 9.99960488010723e+04 
5.71634862686760e+01 1.00002022583394e+05 
5.73213958959964e+01 1.00007838641693e+05 
5.74793010243427e+01 1.00014134870493e+05 
5.76372006427965e+01 1.00020008177812e+05 
5.77950939663717e+01 1.00025490431339e+05 
5.79529832749989e+01 1.00030576955248e+05 
5.81108693165340e+01 1.00035451228489e+05 
5.82687509560842e+01 1.00039690729100e+05 
5.84266313769464e+01 1.00044281144610e+05 
5.85845125473362e+01 1.00047882895542e+05 
5.87423932111164e+01 1.00051141939747e+05 
5.89002729936823e+01 1.00054102393845e+05 
5.90581527151859e+01 1.00056391503576e+05 
5.92160322137457e+01 1.00057711905452e+05 
5.93739114996228e+01 1.00059152588369e+05 
5.95317886882425e+01 1.00059529800300e+05 
5.96896638636060e+01 1.00059644420401e+05 
5.98475378197668e+01 1.00059587135340e+05 
6.00054119865173e+01 1.00058600073524e+05 
6.01632862541559e+01 1.00056778911529e+05 
6.03211632133958e+01 1.00054742049878e+05 
6.04790393685606e+01 1.00051926094556e+05 
6.06369130750726e+01 1.00048899498560e+05 
6.07947845152142e+01 1.00045886532943e+05 
6.09526543879465e+01 1.00042012318624e+05 
6.11105223433906e+01 1.00037646606284e+05 
6.12683891572993e+01 1.00032844066232e+05 
6.14262556334736e+01 1.00027649094203e+05 
6.15841213812268e+01 1.00022477982236e+05 
6.17419872970758e+01 1.00017522120418e+05 
6.18998556369791e+01 1.00012037196556e+05 
6.20577270573682e+01 1.00006490613265e+05 
6.22156028064752e+01 1.00000407266234e+05 
6.23734839507439e+01 9.99945050294564e+04 
6.25313719458757e+01 9.99888041903412e+04 
6.26892653364233e+01 9.99834467011133e+04 
6.28471589494630e+01 9.99781151589749e+04 
6.30050539658638e+01 9.99731833609596e+04 
6.31629516032019e+01 9.99677837048295e+04 
6.33208526762621e+01 9.99631446417097e+04 
6.34787557016783e+01 9.99588472824437e+04 
6.36366621209855e+01 9.99548869819894e+04 
6.37945707388512e+01 9.99514565808674e+04 
6.39524799651022e+01 9.99488384870025e+04 
6.41103898945289e+01 9.99460615277683e+04 
6.42682996768123e+01 9.99443649659158e+04 
6.44262099946042e+01 9.99430290805373e+04 
6.45841203235132e+01 9.99420074995526e+04 
6.47420308141056e+01 9.99419486643732e+04 
6.48999413857551e+01 9.99427155060333e+04 
6.50578522130705e+01 9.99437492662384e+04 
6.52157621383260e+01 9.99457596564078e+04 
6.53736716684331e+01 9.99479409453950e+04 
6.55315818735089e+01 9.99503193597949e+04 
6.56894924466357e+01 9.99537263135209e+04 
6.58474019305714e+01 9.99577638649209e+04 
6.60053094171804e+01 9.99621376050885e+04 
6.61632151021049e+01 9.99670424118998e+04 
6.63211194929648e+01 9.99719423777154e+04 
6.64790238951629e+01 9.99767217381979e+04 
6.66369283078166e+01 9.99821674241990e+04 
6.67948331393927e+01 9.99877586370157e+04 
6.69527394440034e+01 9.99938236790934e+04 
6.71106470639483e+01 9.99997332233332e+04 
6.72685553183821e+01 1.00005401118965e+05 
6.74264597024061e+01 1.00010756790106e+05 
6.75843590419925e+01 1.00016201229669e+05 
6.77422535684911e+01 1.00021165629323e+05 
6.79001426201263e+01 1.00026545209032e+05 
6.80580282864847e+01 1.00031185415380e+05 
6.82159111158328e+01 1.00035480293786e+05 
6.83737930861987e+01 1.00039496183453e+05 
6.85316731580176e+01 1.00043018420553e+05 
6.86895517906449e+01 1.00045715104237e+05 
6.88474307150474e+01 1.00048626284061e+05 
6.90053081989569e+01 1.00050541109698e+05 
6.91631854542290e+01 1.00052162812579e+05 
6.93210605590817e+01 1.00053615354782e+05 
6.94789329603387e+01 1.00054187219669e+05 
6.96368026296308e+01 1.00053900860985e+05 
6.97946722052352e+01 1.00053571633389e+05 
6.99525422636531e+01 1.00052337618060e+05 
7.01104134175452e+01 1.00050963250500e+05 
7.02682863349460e+01 1.00049416861090e+05 
7.04261613776249e+01 1.00047053640664e+05 
7.05840389189998e+01 1.00044023670766e+05 
7.07419152096647e+01 1.00040700197383e+05 
7.08997875851045e+01 1.00036756060871e+05 
7.10576561988164e+01 1.00032822317955e+05 
7.12155224399363e+01 1.00028968474035e+05 
7.13733888211252e+01 1.00024364199924e+05 
7.15312552146323e+01 1.00019516180905e+05 
7.16891217538037e+01 1.00014232517362e+05 
7.18469894024299e+01 1.00008856459869e+05 
7.20048591249784e+01 1.00003583589208e+05 
7.21627323468697e+01 9.99985328845328e+04 
7.23206109024455e+01 9.99932255166047e+04 
7.24784954490941e+01 9.99881228324090e+04 
7.26363845290400e+01 9.99825192430489e+04 
7.27942734676224e+01 9.99773898897130e+04 
7.29521620226019e+01 9.99724979804238e+04 
7.31100537643340e+01 9.99678548937914e+04 
7.32679464204612e+01 9.99634830488319e+04 
7.34258410448585e+01 9.99597455529965e+04 
7.35837409539245e+01 9.99557004215127e+04 
7.37416437257822e+01 9.99526079173877e+04 
7.38995475254834e+01 9.99497723886348e+04 
7.40574552767677e+01 9.99471768470601e+04 
7.42153656889771e+01 9.99452828264166e+04 
7.43732764020060e+01 9.99444552516580e+04 
7.45311875013272e+01 9.99434872139045e+04 
7.46890982702211e+01 9.99435936876790e+04 
7.48470091952905e+01 9.99439834981984e+04 
7.50049203089887e+01 9.99445723266987e+04 
7.51628314776675e+01 9.99461440616818e+04 
7.53207423108823e+01 9.99485229734184e+04 
7.54786534052723e+01 9.99511708865791e+04 
7.56365652919325e+01 9.99546303989549e+04 
7.57944760696322e+01 9.99581859632984e+04 
7.59523842322763e+01 9.99617252811783e+04 
7.61102907052860e+01 9.99661040843078e+04 
7.62681956345978e+01 9.99708978085863e+04 
7.64260997846199e+01 9.99761029217257e+04 
7.65840035006254e+01 9.99815365418307e+04 
7.67419079524643e+01 9.99868721653386e+04 
7.68998130220342e+01 9.99920077926201e+04 
7.70577190529444e+01 9.99975357019041e+04 
7.72156246322281e+01 1.00002876835452e+05 
7.73735304351853e+01 1.00008647854989e+05 
7.75314321962536e+01 1.00014101448913e+05 
7.76893280918668e+01 1.00019223563252e+05 
7.78472194406838e+01 1.00024045394051e+05 
7.80051082848022e+01 1.00028686548090e+05 
7.81629925315635e+01 1.00032718432422e+05 
7.83208748693117e+01 1.00037083230703e+05 
7.84787573742400e+01 1.00040568820055e+05 
7.86366399901977e+01 1.00043793204570e+05 
7.87945213840157e+01 1.00046745829002e+05 
7.89524022580153e+01 1.00049085994767e+05 
7.91102822345851e+01 1.00050542801371e+05 
7.92681598504246e+01 1.00052138030424e+05 
7.94260346032737e+01 1.00052783731380e+05 
7.95839065415183e+01 1.00053169104389e+05 
7.97417762739281e+01 1.00053369223672e+05 
7.98996452426869e+01 1.00052701725284e+05 
8.00575144475735e+01 1.00051384649798e+05 
8.02153853484350e+01 1.00049864707991e+05 
8.03732595753060e+01 1.00047528895859e+05 
8.05311360044327e+01 1.00045097793434e+05 
8.06890123775687e+01 1.00042566870128e+05 
8.08468842047536e+01 1.00039232971238e+05 
8.10047525333100e+01 1.00035527314831e+05 
8.11626191499556e+01 1.00031453781950e+05 
8.13204847650461e+01 1.00026968227612e+05 
8.14783488435453e+01 1.00022480207155e+05 
8.16362118439805e+01 1.00018079908535e+05 
8.17940760681954e+01 1.00013195784036e+05 
8.19519420697887e+01 1.00008322342223e+05 
8.21098112939899e+01 1.00002998329762e+05 
8.22676847318654e+01 9.99977435759641e+04 
8.24255638214298e+01 9.99926603995084e+04 
8.25834499430324e+01 9.99877964711043e+04 
8.27413394366513e+01 9.99828925981669e+04 
8.28992294477559e+01 9.99784352089994e+04 
8.30571223195795e+01 9.99735363471283e+04 
8.32150170578953e+01 9.99692561254285e+04 
8.33729147817309e+01 9.99652034579649e+04 
8.35308144311052e+01 9.99614002441143e+04 
8.36887168341859e+01 9.99580502214127e+04 
8.38466229777523e+01 9.99554440695466e+04 
8.40045316549114e+01 9.99526582421491e+04 
8.41624411095586e+01 9.99507908767639e+04 
8.43203503968559e+01 9.99492288207693e+04 
8.44782605557664e+01 9.99478929838827e+04 
8.46361711006565e+01 9.99474159068365e+04 
8.47940815795453e+01 9.99477076837132e+04 
8.49519911103720e+01 9.99481454172932e+04 
8.51098990973984e+01 9.99494835359639e+04 
8.52678065112851e+01 9.99510229961694e+04 
8.54257138686154e+01 9.99527662623367e+04 
8.55836217801970e+01 9.99553840842889e+04 
8.57415292183254e+01 9.99585645348562e+04 
8.58994341398339e+01 9.99620521402301e+04 
8.60573367332196e+01 9.99661261677136e+04 
8.62152374038746e+01 9.99702527242401e+04 
8.63731375811182e+01 9.99743568383583e+04 
8.65310375987192e+01 9.99790750078893e+04 
8.66889375552248e+01 9.99838904843224e+04 
8.68468385039286e+01 9.99891461168096e+04 
8.70047412609430e+01 9.99943971242886e+04 
8.71626443614392e+01 9.99995151996119e+04 
8.73205479962068e+01 1.00004485210685e+05 
8.74784503206073e+01 1.00009582940392e+05 
8.76363495572885e+01 1.00014210311278e+05 
8.77942431849901e+01 1.00019239796210e+05 
8.79521325309210e+01 1.00023752847403e+05 
8.81100185611205e+01 1.00028046851586e+05 
8.82679028525337e+01 1.00032181342464e+05 
8.84257843073351e+01 1.00035931554542e+05 
8.85836638116007e+01 1.00038864205557e+05 
8.87415446242167e+01 1.00042040776848e+05 
8.88994240315965e+01 1.00044380894293e+05 
8.90573022819536e+01 1.00046488351996e+05 
8.92151767527825e+01 1.00048500806119e+05 
8.93730477224399e+01 1.00049734893482e+05 
8.95309156458027e+01 1.00050055900345e+05 
8.96887826912112e+01 1.00050431454979e+05 
8.98466499713213e+01 1.00049988530374e+05 
9.00045176380459e+01 1.00049361431660e+05 
9.01623865154936e+01 1.00048539089413e+05 
9.03202569356564e+01 1.00046941086443e+05 
9.04781297063303e+01 1.00044747275525e+05 
9.06360054524564e+01 1.00042244324826e+05 
9.07938823357972e+01 1.00039061290309e+05 
9.09517541470789e+01 1.00035916232403e+05 
9.11096225648372e+01 1.00032721466832e+05 
9.12674903529327e+01 1.00028794926667e+05 
9.14253570626701e+01 1.00024656636492e+05 
9.15832226822998e+01 1.00020138525083e+05 
9.17410881565195e+01 1.00015371829841e+05 
9.18989546135373e+01 1.00010634857931e+05 
9.20568232887804e+01 1.00005968930520e+05 
9.22146961573564e+01 1.00001013889845e+05 
9.23725738596910e+01 9.99963178104014e+04 
9.25304579588404e+01 9.99911657866546e+04 
9.26883440768282e+01 9.99862938625487e+04 
9.28462302163992e+01 9.99815670128174e+04 
9.30041188904351e+01 9.99769583397139e+04 
9.31620089406748e+01 9.99725672642928e+04 
9.33199003766930e+01 9.99688158639140e+04 
9.34777965434557e+01 9.99647332088247e+04 
9.36356962709857e+01 9.99614053189751e+04 
9.37935970223798e+01 9.99582996814825e+04 
9.39515016043418e+01 9.99553739019954e+04 
9.41094095639123e+01 9.99530031995939e+04 
9.42673176496791e+01 9.99517182344987e+04 
9.44252272261732e+01 9.99502781748176e+04 
9.45831367419679e+01 9.99497634552774e+04 
9.47410472060425e+01 9.99495187823704e+04 
9.48989573503301e+01 9.99494583060524e+04 
9.50568658739766e+01 9.99503201932700e+04 
9.52147728697819e+01 9.99519489543757e+04 
9.53726794597599e+01 9.99538205354610e+04 
9.55305867647987e+01 9.99565000237117e+04 
9.56884942753968e+01 9.99592896798881e+04 
9.58463997516093e+01 9.99621537062194e+04 
9.60043026249207e+01 9.99658240051463e+04 
9.61622035600294e+01 9.99698847405237e+04 
9.63201032160052e+01 9.99743318847124e+04 
9.64780023140949e+01 9.99790699652092e+04 
9.66359014564617e+01 9.99837924450252e+04 
9.67938016196219e+01 9.99884527825995e+04 
9.69517021660862e+01 9.99935288153540e+04 
9.71096039307884e+01 9.99984110423477e+04 
9.72675053659434e+01 1.00003673345756e+05 
9.74254084969254e+01 1.00008749663319e+05 
9.75833089937247e+01 1.00013585547846e+05 
9.77412039501997e+01 1.00018271380338e+05 
9.78990956464850e+01 1.00022853877605e+05 
9.80569824734498e+01 1.00026772961840e+05 
9.82148662686850e+01 1.00030999750341e+05 
9.83727491375352e+01 1.00034485177793e+05 
9.85306321990684e+01 1.00037816411077e+05 
9.86885141869873e+01 1.00040980333647e+05 
9.88463960415929e+01 1.00043549846967e+05 
9.90042760737878e+01 1.00045210841124e+05 
9.91621528526767e+01 1.00047006698682e+05 
9.93200261516929e+01 1.00047962282617e+05 
9.94778958586317e+01 1.00048690810616e+05 
9.96357631314534e+01 1.00049307166976e+05 
9.97936285106285e+01 1.00049120515025e+05 
9.99514940149456e+01 1.00048124222632e+05 
1.00109360548212e+02 1.00047014196496e+05 
