# Liste des scalaires : TEMPS pmat 
0.00000000000000e+00 1.00000000000000e+05 
1.58013544018059e-01 1.00000000000000e+05 
3.16027088036117e-01 1.00000000000000e+05 
4.74040632054176e-01 1.00000000000000e+05 
6.32054176072234e-01 1.00000000000000e+05 
7.90067720090293e-01 1.00000000000000e+05 
9.48081264108351e-01 1.00000000000000e+05 
1.10609480812641e+00 1.00000000000000e+05 
1.26410835214447e+00 1.00000000000000e+05 
1.42212189616253e+00 1.00000000000000e+05 
1.58013544018058e+00 1.00000000000000e+05 
1.73814898419864e+00 1.00000000000000e+05 
1.89616252821670e+00 1.00000000000000e+05 
2.05417607223476e+00 1.00000000000000e+05 
2.21218961625282e+00 1.00000000000000e+05 
2.37020316027088e+00 1.00000000000000e+05 
2.52821670428893e+00 1.00000000000000e+05 
2.68623024830699e+00 1.00000000000000e+05 
2.84424379232505e+00 1.00000000000000e+05 
3.00225733634311e+00 1.00000000000000e+05 
3.16027088036116e+00 1.00000000000000e+05 
3.31828442437922e+00 1.00000000000000e+05 
3.47629796839728e+00 1.00000000000000e+05 
3.63431151241534e+00 1.00000000000000e+05 
3.79232505643340e+00 1.00000000000000e+05 
3.95033860045145e+00 1.00000000000000e+05 
4.10835214446951e+00 1.00000000000000e+05 
4.26636568848757e+00 1.00000000000000e+05 
4.42437923250563e+00 1.00000000000000e+05 
4.58239277652368e+00 1.00000000000000e+05 
4.74040632054174e+00 1.00000000000000e+05 
4.89841986455980e+00 1.00000000000000e+05 
5.05643340857771e+00 1.00000000000000e+05 
5.21444695259555e+00 1.00000000000000e+05 
5.37246049661106e+00 1.00000000000000e+05 
5.53047404062163e+00 1.00000000000000e+05 
5.68848758460807e+00 1.00000000000000e+05 
5.84650112860433e+00 1.00000000000000e+05 
6.00451467131846e+00 1.00000000000000e+05 
6.16252820860419e+00 1.00000000000000e+05 
6.32054173855849e+00 1.00000000000000e+05 
6.47855526263600e+00 1.00000000000000e+05 
6.63656878322570e+00 1.00000000000000e+05 
6.79458230116958e+00 1.00000000000000e+05 
6.95259581572868e+00 1.00000000000000e+05 
7.11060926486710e+00 1.00000000000000e+05 
7.26862123211782e+00 1.00000000000000e+05 
7.42662869286748e+00 1.00000000000000e+05 
7.58462797993242e+00 1.00000000000000e+05 
7.74261562363004e+00 1.00000000000000e+05 
7.90058972087802e+00 1.00000000000000e+05 
8.05854876760864e+00 1.00000000000000e+05 
8.21649327583521e+00 1.00000000000000e+05 
8.37442375590179e+00 1.00000000000000e+05 
8.53234121474706e+00 1.00000000000000e+05 
8.69024692780629e+00 1.00000000000000e+05 
8.84814294511368e+00 1.00000000000000e+05 
9.00603027516490e+00 1.00000000000000e+05 
9.16391060602912e+00 1.00000000000000e+05 
9.32178516379403e+00 1.00000000000000e+05 
9.47965513838773e+00 1.00000000000000e+05 
9.63751817790166e+00 1.00000000000000e+05 
9.79537550224774e+00 1.00000000000000e+05 
9.95322697641788e+00 1.00000000000000e+05 
1.01110732028936e+01 1.00000000000000e+05 
1.02689146274544e+01 1.00000000000000e+05 
1.04267523201822e+01 1.00000000000000e+05 
1.05845878187241e+01 1.00000000000000e+05 
1.07424234235056e+01 1.00000000000000e+05 
1.09002605183067e+01 1.00000000000000e+05 
1.10581011989153e+01 1.00000000000000e+05 
1.12159469760981e+01 1.00000000000000e+05 
1.13737958277871e+01 1.00000000000000e+05 
1.15316485112955e+01 1.00000000000000e+05 
1.16895059234703e+01 1.00000000000000e+05 
1.18473678135275e+01 1.00000000000000e+05 
1.20052343190564e+01 1.00000000000000e+05 
1.21631037930394e+01 1.00000000000000e+05 
1.23209755736488e+01 1.00000000000000e+05 
1.24788506295067e+01 1.00000000000000e+05 
1.26367295773036e+01 1.00000000000000e+05 
1.27946116815903e+01 1.00000000000000e+05 
1.29524970895918e+01 1.00000000000000e+05 
1.31103853882209e+01 1.00000000000000e+05 
1.32682764852580e+01 1.00000000000000e+05 
1.34261706139616e+01 1.00000000000000e+05 
1.35840685957871e+01 1.00000000000000e+05 
1.37419698795382e+01 1.00000000000000e+05 
1.38998748238769e+01 1.00000000000000e+05 
1.40577825863761e+01 1.00000000000000e+05 
1.42156900780669e+01 1.00000000000000e+05 
1.43735971547495e+01 1.00000000000000e+05 
1.45315042337418e+01 1.00000000000000e+05 
1.46894115576050e+01 1.00000000000000e+05 
1.48473186395545e+01 1.00000000000002e+05 
1.50052256719272e+01 1.00000000000021e+05 
1.51631330578148e+01 1.00000000000077e+05 
1.53210408171837e+01 1.00000000007470e+05 
1.54789489338296e+01 1.00000000364568e+05 
1.56368576354914e+01 1.00000000693040e+05 
1.57947669611646e+01 1.00000001323170e+05 
1.59526770505537e+01 1.00000002205361e+05 
1.61105878565459e+01 1.00000003805651e+05 
1.62684993007154e+01 1.00000006556404e+05 
1.64264117696543e+01 1.00000012363638e+05 
1.65843252894251e+01 1.00000022362979e+05 
1.67422394503545e+01 1.00000039125535e+05 
1.69001543231263e+01 1.00000060544672e+05 
1.70580702178261e+01 1.00000091951828e+05 
1.72159869071440e+01 1.00000140942297e+05 
1.73739045484328e+01 1.00000232477275e+05 
1.75318230870977e+01 1.00000379176407e+05 
1.76897420386758e+01 1.00000604422510e+05 
1.78476617082648e+01 1.00000864531659e+05 
1.80055822852594e+01 1.00001192201222e+05 
1.81635032871374e+01 1.00001634989580e+05 
1.83214252006964e+01 1.00002379787339e+05 
1.84793480458620e+01 1.00003498261349e+05 
1.86372715456650e+01 1.00005059409351e+05 
1.87951957601081e+01 1.00006642955199e+05 
1.89531209484135e+01 1.00008222631144e+05 
1.91110441089809e+01 1.00009873514567e+05 
1.92689571504680e+01 1.00012392534389e+05 
1.94268607791625e+01 1.00015851773794e+05 
1.95847566159270e+01 1.00019977581567e+05 
1.97426455229279e+01 1.00023271398330e+05 
1.99005279081235e+01 1.00025345021628e+05 
2.00584049686281e+01 1.00026496436427e+05 
2.02162789927353e+01 1.00028848050805e+05 
2.03741510118332e+01 1.00032437188137e+05 
2.05320225312322e+01 1.00036142331834e+05 
2.06898943694514e+01 1.00038239309082e+05 
2.08477672335517e+01 1.00038160117219e+05 
2.10056381883608e+01 1.00036736931482e+05 
2.11635073392954e+01 1.00036582081799e+05 
2.13213744206154e+01 1.00037715773239e+05 
2.14792406064660e+01 1.00037890962251e+05 
2.16371055052497e+01 1.00037132643291e+05 
2.17949698598769e+01 1.00034492095189e+05 
2.19528346543289e+01 1.00031278127320e+05 
2.21107022379036e+01 1.00029151635042e+05 
2.22685735446671e+01 1.00028105831394e+05 
2.24264499128177e+01 1.00025371740631e+05 
2.25843313783613e+01 1.00022368977893e+05 
2.27422178371839e+01 1.00018854109994e+05 
2.29001082195325e+01 1.00016164375055e+05 
2.30580026165052e+01 1.00013981182948e+05 
2.32159006750456e+01 1.00011864622380e+05 
2.33738008250518e+01 1.00007771874800e+05 
2.35317021841015e+01 1.00003918208329e+05 
2.36896047805334e+01 1.00000352301230e+05 
2.38475089535193e+01 9.99980413710894e+04 
2.40054144059897e+01 9.99954311667670e+04 
2.41633212527943e+01 9.99919909675403e+04 
2.43212294708959e+01 9.99867096324464e+04 
2.44791391765311e+01 9.99823285795561e+04 
2.46370501927731e+01 9.99789432869045e+04 
2.47949629062368e+01 9.99771627084318e+04 
2.49528766385629e+01 9.99743414547449e+04 
2.51107912664912e+01 9.99699086173171e+04 
2.52687065421895e+01 9.99643642472240e+04 
2.54266227275827e+01 9.99603656365593e+04 
2.55845402635157e+01 9.99585787969667e+04 
2.57424589006128e+01 9.99586465591268e+04 
2.59003774090588e+01 9.99571071091037e+04 
2.60582956021659e+01 9.99537206161967e+04 
2.62162142568713e+01 9.99505221399941e+04 
2.63741334755089e+01 9.99493424499989e+04 
2.65320531896202e+01 9.99503933300576e+04 
2.66899728755107e+01 9.99530728031887e+04 
2.68478922917635e+01 9.99543627829738e+04 
2.70058116301977e+01 9.99540705217977e+04 
2.71637307927613e+01 9.99555482399038e+04 
2.73216502821697e+01 9.99575377954511e+04 
2.74795690311203e+01 9.99618129669949e+04 
2.76374879055499e+01 9.99662984359044e+04 
2.77954041756501e+01 9.99697740620951e+04 
2.79533191433170e+01 9.99725519395494e+04 
2.81112322788099e+01 9.99778487365069e+04 
2.82691420252821e+01 9.99832378680472e+04 
2.84270498359011e+01 9.99888026153910e+04 
2.85849551367456e+01 9.99928471234257e+04 
2.87428577035279e+01 9.99966321927508e+04 
2.89007576935424e+01 1.00001007119708e+05 
2.90586554385742e+01 1.00007748313617e+05 
2.92165508783833e+01 1.00013241325960e+05 
2.93744443359554e+01 1.00017023870007e+05 
2.95323353920958e+01 1.00018281750089e+05 
2.96902253081402e+01 1.00019981227725e+05 
2.98481142776169e+01 1.00023290358567e+05 
3.00059979647156e+01 1.00027755195288e+05 
3.01638770985754e+01 1.00030522802977e+05 
3.03217523516603e+01 1.00031234497516e+05 
3.04796254231717e+01 1.00029796231165e+05 
3.06374979890028e+01 1.00029216105670e+05 
3.07953682566008e+01 1.00030340300726e+05 
3.09532360866590e+01 1.00031215516384e+05 
3.11111009485845e+01 1.00030809422663e+05 
3.12689642148262e+01 1.00028951652072e+05 
3.14268269801884e+01 1.00026052123671e+05 
3.15846899752751e+01 1.00024140491594e+05 
3.17425539745552e+01 1.00023263362908e+05 
3.19004203627167e+01 1.00021401669465e+05 
3.20582896401381e+01 1.00018849841275e+05 
3.22161632234601e+01 1.00015449746796e+05 
3.23740425511432e+01 1.00012457788157e+05 
3.25319290751244e+01 1.00010022947843e+05 
3.26898202982419e+01 1.00007751907702e+05 
3.28477131228900e+01 1.00003897847931e+05 
3.30056072961437e+01 1.00000215140854e+05 
3.31635023672678e+01 9.99967233779318e+04 
3.33213991393358e+01 9.99945130819751e+04 
3.34792973573956e+01 9.99922886827359e+04 
3.36371967535133e+01 9.99892874134080e+04 
3.37950973023584e+01 9.99848334438363e+04 
3.39529995672097e+01 9.99811147467266e+04 
3.41109029852060e+01 9.99785893743273e+04 
3.42688076087386e+01 9.99778249413285e+04 
3.44267132713632e+01 9.99764614240779e+04 
3.45846196509400e+01 9.99737208793021e+04 
3.47425273496765e+01 9.99701911647252e+04 
3.49004361808860e+01 9.99679521789250e+04 
3.50583454950604e+01 9.99672751882249e+04 
3.52162538750963e+01 9.99682859888721e+04 
3.53741611804014e+01 9.99683335803243e+04 
3.55320682312856e+01 9.99667918808746e+04 
3.56899754216115e+01 9.99655182035585e+04 
3.58478829107651e+01 9.99655435581774e+04 
3.60057904151544e+01 9.99670452651201e+04 
3.61636981099972e+01 9.99695065496699e+04 
3.63216068904539e+01 9.99711197822416e+04 
3.64795154283054e+01 9.99716895197703e+04 
3.66374236436593e+01 9.99732651879142e+04 
3.67953327010769e+01 9.99754860897135e+04 
3.69532427717678e+01 9.99787996359684e+04 
3.71111532244148e+01 9.99819891849065e+04 
3.72690630548262e+01 9.99845113388057e+04 
3.74269718145581e+01 9.99868217164264e+04 
3.75848778454541e+01 9.99907807754889e+04 
3.77427791017932e+01 9.99945519348095e+04 
3.79006746564164e+01 9.99982208012882e+04 
3.80585658512143e+01 1.00000714159350e+05 
3.82164521350274e+01 1.00003114575852e+05 
3.83743339522929e+01 1.00006077622950e+05 
3.85322143263643e+01 1.00010612174735e+05 
3.86900941565614e+01 1.00014258154027e+05 
3.88479738779336e+01 1.00016866265361e+05 
3.90058528607593e+01 1.00017777104926e+05 
3.91637297505779e+01 1.00019075494780e+05 
3.93216059461941e+01 1.00021486613237e+05 
3.94794833120710e+01 1.00024792927614e+05 
3.96373600136444e+01 1.00026894997168e+05 
3.97952355988724e+01 1.00027567090678e+05 
3.99531105564116e+01 1.00026768039727e+05 
4.01109853768128e+01 1.00026712251312e+05 
4.02688608742397e+01 1.00027948435837e+05 
4.04267381798270e+01 1.00029277942160e+05 
4.05846137319020e+01 1.00029397289084e+05 
4.07424858509869e+01 1.00028337440877e+05 
4.09003545163728e+01 1.00026408939126e+05 
4.10582217788816e+01 1.00025287131457e+05 
4.12160877638797e+01 1.00025159028621e+05 
4.13739537347660e+01 1.00024362719140e+05 
4.15318203524083e+01 1.00023200124378e+05 
4.16896877430492e+01 1.00021030666878e+05 
4.18475567572815e+01 1.00018628369134e+05 
4.20054296452478e+01 1.00016980866123e+05 
4.21633067849416e+01 1.00015890124859e+05 
4.23211896909693e+01 1.00013642284853e+05 
4.24790781339048e+01 1.00011184919616e+05 
4.26369644682292e+01 1.00008480169128e+05 
4.27948546539027e+01 1.00006409386073e+05 
4.29527445839470e+01 1.00004641556726e+05 
4.31106359297670e+01 1.00002650217110e+05 
4.32685306520852e+01 9.99994228433006e+04 
4.34264288504664e+01 9.99965509232997e+04 
4.35843293098335e+01 9.99940010444258e+04 
4.37422323857132e+01 9.99925834969937e+04 
4.39001362271449e+01 9.99910787096280e+04 
4.40580408935821e+01 9.99888050473579e+04 
4.42159461004656e+01 9.99855220067695e+04 
4.43738520952394e+01 9.99830432162822e+04 
4.45317586334686e+01 9.99815031808593e+04 
4.46896655731558e+01 9.99812609285499e+04 
4.48475732386247e+01 9.99804814662331e+04 
4.50054818277984e+01 9.99786362122661e+04 
4.51633912296472e+01 9.99763865803988e+04 
4.53213012689940e+01 9.99750589882046e+04 
4.54792124514439e+01 9.99750154563261e+04 
4.56371248172869e+01 9.99761210642043e+04 
4.57950380337933e+01 9.99764668067903e+04 
4.59529529680012e+01 9.99758171317349e+04 
4.61108663642278e+01 9.99755342240483e+04 
4.62687784498702e+01 9.99759993577228e+04 
4.64266899654798e+01 9.99774090387661e+04 
4.65846018793389e+01 9.99794417531276e+04 
4.67425141840204e+01 9.99808267881811e+04 
4.69004273753813e+01 9.99815175898316e+04 
4.70583412575278e+01 9.99829795300728e+04 
4.72162558287896e+01 9.99848687020235e+04 
4.73741661075397e+01 9.99873190199415e+04 
4.75320700293228e+01 9.99894336083522e+04 
4.76899693645184e+01 9.99910670131245e+04 
4.78478625125830e+01 9.99926484630447e+04 
4.80057508638390e+01 9.99953732764769e+04 
4.81636362087960e+01 9.99978813180513e+04 
4.83215191917349e+01 1.00000175170767e+05 
4.84794017791262e+01 1.00001566399654e+05 
4.86372824178603e+01 1.00002887628631e+05 
4.87951610644304e+01 1.00004734574233e+05 
4.89530401011878e+01 1.00007598966521e+05 
4.91109183405868e+01 1.00009730355076e+05 
4.92687968866861e+01 1.00011128568642e+05 
4.94266754364972e+01 1.00011374040387e+05 
4.95845515595664e+01 1.00011943191146e+05 
4.97424261075137e+01 1.00013332577220e+05 
4.99003006335041e+01 1.00015318222556e+05 
5.00581763017773e+01 1.00016530273788e+05 
5.02160540122954e+01 1.00016699145062e+05 
5.03739320513093e+01 1.00015861532820e+05 
5.05318084517488e+01 1.00015665558122e+05 
5.06896830101217e+01 1.00016373780591e+05 
5.08475554530749e+01 1.00017107809558e+05 
5.10054253922244e+01 1.00017119846054e+05 
5.11632927122317e+01 1.00016383113808e+05 
5.13211591090027e+01 1.00015118820369e+05 
5.14790271138448e+01 1.00014465706215e+05 
5.16368950153983e+01 1.00014518014991e+05 
5.17947643683201e+01 1.00014098190954e+05 
5.19526361004011e+01 1.00013456443895e+05 
5.21105113953299e+01 1.00012134355192e+05 
5.22683913894592e+01 1.00010734525442e+05 
5.24262776968112e+01 1.00009892705959e+05 
5.25841708838473e+01 1.00009447035127e+05 
5.27420666524036e+01 1.00008118280399e+05 
5.28999618489546e+01 1.00006633032001e+05 
5.30578577998667e+01 1.00004977463218e+05 
5.32157572283380e+01 1.00003769007283e+05 
5.33736576041167e+01 1.00002673971082e+05 
5.35315607809438e+01 1.00001398571985e+05 
5.36894666299000e+01 9.99992025994880e+04 
5.38473734460421e+01 9.99972955491933e+04 
5.40052812691421e+01 9.99956949082040e+04 
5.41631892761518e+01 9.99948772119045e+04 
5.43210976391154e+01 9.99939095204206e+04 
5.44790065647947e+01 9.99923237598782e+04 
5.46369153234515e+01 9.99899461276050e+04 
5.47948247591204e+01 9.99882824182310e+04 
5.49527345816088e+01 9.99874564230732e+04 
5.51106448015583e+01 9.99875738013548e+04 
5.52685553466649e+01 9.99871159041783e+04 
5.54264665842849e+01 9.99857842499263e+04 
5.55843786559346e+01 9.99841586661196e+04 
5.57422916964500e+01 9.99832801118150e+04 
5.59002049245996e+01 9.99834909818843e+04 
5.60581165652534e+01 9.99845342684743e+04 
5.62160267790978e+01 9.99849143721743e+04 
5.63739360456862e+01 9.99844479421018e+04 
5.65318446490167e+01 9.99843627350771e+04 
5.66897535039061e+01 9.99847473803177e+04 
5.68476637724107e+01 9.99859643184154e+04 
5.70055749148130e+01 9.99875380044956e+04 
5.71634862686760e+01 9.99884760465208e+04 
5.73213958959964e+01 9.99888780439412e+04 
5.74793010243427e+01 9.99899716363477e+04 
5.76372006427965e+01 9.99913900121050e+04 
5.77950939663717e+01 9.99931863421036e+04 
5.79529832749989e+01 9.99945873146876e+04 
5.81108693165340e+01 9.99956160937756e+04 
5.82687509560842e+01 9.99966337672445e+04 
5.84266313769464e+01 9.99986378895344e+04 
5.85845125473362e+01 1.00000355468499e+05 
5.87423932111164e+01 1.00001892742645e+05 
5.89002729936823e+01 1.00002672446528e+05 
5.90581527151859e+01 1.00003402879607e+05 
5.92160322137457e+01 1.00004514858699e+05 
5.93739114996228e+01 1.00006514285842e+05 
5.95317886882425e+01 1.00007943156663e+05 
5.96896638636060e+01 1.00008705459650e+05 
5.98475378197668e+01 1.00008540391433e+05 
6.00054119865173e+01 1.00008724474680e+05 
6.01632862541559e+01 1.00009576420508e+05 
6.03211632133958e+01 1.00010889037133e+05 
6.04790393685606e+01 1.00011648266721e+05 
6.06369130750726e+01 1.00011529254813e+05 
6.07947845152142e+01 1.00010637662480e+05 
6.09526543879465e+01 1.00010283783935e+05 
6.11105223433906e+01 1.00010677669177e+05 
6.12683891572993e+01 1.00011091420123e+05 
6.14262556334736e+01 1.00010996182342e+05 
6.15841213812268e+01 1.00010276448477e+05 
6.17419872970758e+01 1.00009147032307e+05 
6.18998556369791e+01 1.00008549553931e+05 
6.20577270573682e+01 1.00008397452798e+05 
6.22156028064752e+01 1.00007840703670e+05 
6.23734839507439e+01 1.00007169139703e+05 
6.25313719458757e+01 1.00006039539131e+05 
6.26892653364233e+01 1.00004880468111e+05 
6.28471589494630e+01 1.00004094411414e+05 
6.30050539658638e+01 1.00003615257338e+05 
6.31629516032019e+01 1.00002305419894e+05 
6.33208526762621e+01 1.00001022941798e+05 
6.34787557016783e+01 9.99996360139206e+04 
6.36366621209855e+01 9.99987144992657e+04 
6.37945707388512e+01 9.99978532993191e+04 
6.39524799651022e+01 9.99967646285330e+04 
6.41103898945289e+01 9.99948895384900e+04 
6.42682996768123e+01 9.99933834366693e+04 
6.44262099946042e+01 9.99922671744603e+04 
6.45841203235132e+01 9.99918968266034e+04 
6.47420308141056e+01 9.99912604376057e+04 
6.48999413857551e+01 9.99900143853503e+04 
6.50578522130705e+01 9.99881677605680e+04 
6.52157621383260e+01 9.99869489394750e+04 
6.53736716684331e+01 9.99866093431854e+04 
6.55315818735089e+01 9.99872692367477e+04 
6.56894924466357e+01 9.99873499317405e+04 
6.58474019305714e+01 9.99866109191184e+04 
6.60053094171804e+01 9.99857269387466e+04 
6.61632151021049e+01 9.99855246980311e+04 
6.63211194929648e+01 9.99862354345229e+04 
6.64790238951629e+01 9.99876115167461e+04 
6.66369283078166e+01 9.99884254973733e+04 
6.67948331393927e+01 9.99885532863212e+04 
6.69527394440034e+01 9.99890772427721e+04 
6.71106470639483e+01 9.99897898349252e+04 
6.72685553183821e+01 9.99912048011901e+04 
6.74264597024061e+01 9.99928467067046e+04 
6.75843590419925e+01 9.99939686750777e+04 
6.77422535684911e+01 9.99946412707962e+04 
6.79001426201263e+01 9.99961806014564e+04 
6.80580282864847e+01 9.99977044391154e+04 
6.82159111158328e+01 9.99993406167275e+04 
6.83737930861987e+01 1.00000463052001e+05 
6.85316731580176e+01 1.00001455254083e+05 
6.86895517906449e+01 1.00002571699261e+05 
6.88474307150474e+01 1.00004602704231e+05 
6.90053081989569e+01 1.00006198159011e+05 
6.91631854542290e+01 1.00007351131099e+05 
6.93210605590817e+01 1.00007664980609e+05 
6.94789329603387e+01 1.00008110236276e+05 
6.96368026296308e+01 1.00009084670802e+05 
6.97946722052352e+01 1.00010817281949e+05 
6.99525422636531e+01 1.00011926247236e+05 
7.01104134175452e+01 1.00012226546296e+05 
7.02682863349460e+01 1.00011600136867e+05 
7.04261613776249e+01 1.00011461451092e+05 
7.05840389189998e+01 1.00012029356599e+05 
7.07419152096647e+01 1.00012911771221e+05 
7.08997875851045e+01 1.00013262497139e+05 
7.10576561988164e+01 1.00012802938412e+05 
7.12155224399363e+01 1.00011743904470e+05 
7.13733888211252e+01 1.00011234826093e+05 
7.15312552146323e+01 1.00011388920559e+05 
7.16891217538037e+01 1.00011376685006e+05 
7.18469894024299e+01 1.00011090088683e+05 
7.20048591249784e+01 1.00010176460055e+05 
7.21627323468697e+01 1.00008971433937e+05 
7.23206109024455e+01 1.00008189055047e+05 
7.24784954490941e+01 1.00007917654655e+05 
7.26363845290400e+01 1.00007162885316e+05 
7.27942734676224e+01 1.00006261095232e+05 
7.29521620226019e+01 1.00004978355686e+05 
7.31100537643340e+01 1.00003908635487e+05 
7.32679464204612e+01 1.00003091296821e+05 
7.34258410448585e+01 1.00002287755041e+05 
7.35837409539245e+01 1.00000670921317e+05 
7.37416437257822e+01 9.99992672302875e+04 
7.38995475254834e+01 9.99979343116857e+04 
7.40574552767677e+01 9.99971806923195e+04 
7.42153656889771e+01 9.99963605170015e+04 
7.43732764020060e+01 9.99951165092233e+04 
7.45311875013272e+01 9.99930150092719e+04 
7.46890982702211e+01 9.99914581492312e+04 
7.48470091952905e+01 9.99904836329441e+04 
7.50049203089887e+01 9.99903768245123e+04 
7.51628314776675e+01 9.99898525798492e+04 
7.53207423108823e+01 9.99885784353449e+04 
7.54786534052723e+01 9.99867993781696e+04 
7.56365652919325e+01 9.99856918757187e+04 
7.57944760696322e+01 9.99855728953999e+04 
7.59523842322763e+01 9.99864871385868e+04 
7.61102907052860e+01 9.99867227585184e+04 
7.62681956345978e+01 9.99860980813837e+04 
7.64260997846199e+01 9.99855367225739e+04 
7.65840035006254e+01 9.99856227845005e+04 
7.67419079524643e+01 9.99864714002319e+04 
7.68998130220342e+01 9.99879118153262e+04 
7.70577190529444e+01 9.99888406187229e+04 
7.72156246322281e+01 9.99891241989453e+04 
7.73735304351853e+01 9.99899399654511e+04 
7.75314321962536e+01 9.99909126023249e+04 
7.76893280918668e+01 9.99924099008407e+04 
7.78472194406838e+01 9.99938634673687e+04 
7.80051082848022e+01 9.99949743943835e+04 
7.81629925315635e+01 9.99959534114408e+04 
7.83208748693117e+01 9.99978026887580e+04 
7.84787573742400e+01 9.99994799175402e+04 
7.86366399901977e+01 1.00001032405358e+05 
7.87945213840157e+01 1.00001955895451e+05 
7.89524022580153e+01 1.00002882314569e+05 
7.91102822345851e+01 1.00004168878951e+05 
7.92681598504246e+01 1.00006335715520e+05 
7.94260346032737e+01 1.00007918929000e+05 
7.95839065415183e+01 1.00008910858668e+05 
7.97417762739281e+01 1.00009004302282e+05 
7.98996452426869e+01 1.00009438390930e+05 
8.00575144475735e+01 1.00010584004886e+05 
8.02153853484350e+01 1.00012318955585e+05 
8.03732595753060e+01 1.00013407861961e+05 
8.05311360044327e+01 1.00013612817897e+05 
8.06890123775687e+01 1.00012882649887e+05 
8.08468842047536e+01 1.00012794792065e+05 
8.10047525333100e+01 1.00013534066450e+05 
8.11626191499556e+01 1.00014400018595e+05 
8.13204847650461e+01 1.00014640495430e+05 
8.14783488435453e+01 1.00014135483385e+05 
8.16362118439805e+01 1.00013091092404e+05 
8.17940760681954e+01 1.00012631645055e+05 
8.19519420697887e+01 1.00012736280529e+05 
8.21098112939899e+01 1.00012488562811e+05 
8.22676847318654e+01 1.00012028262549e+05 
8.24255638214298e+01 1.00010924889644e+05 
8.25834499430324e+01 1.00009639161051e+05 
8.27413394366513e+01 1.00008805107376e+05 
8.28992294477559e+01 1.00008364565552e+05 
8.30571223195795e+01 1.00007122273017e+05 
8.32150170578953e+01 1.00005785038137e+05 
8.33729147817309e+01 1.00004269646220e+05 
8.35308144311052e+01 1.00003138011784e+05 
8.36887168341859e+01 1.00002066293014e+05 
8.38466229777523e+01 1.00000779206155e+05 
8.40045316549114e+01 9.99986127534685e+04 
8.41624411095586e+01 9.99968019492427e+04 
8.43203503968559e+01 9.99953484397661e+04 
8.44782605557664e+01 9.99946482854650e+04 
8.46361711006565e+01 9.99936925229206e+04 
8.47940815795453e+01 9.99920567953123e+04 
8.49519911103720e+01 9.99896249939633e+04 
8.51098990973984e+01 9.99879777113345e+04 
8.52678065112851e+01 9.99871982657538e+04 
8.54257138686154e+01 9.99874031556720e+04 
8.55836217801970e+01 9.99870288097354e+04 
8.57415292183254e+01 9.99857853007693e+04 
8.58994341398339e+01 9.99842636247964e+04 
8.60573367332196e+01 9.99835034847212e+04 
8.62152374038746e+01 9.99838366351245e+04 
8.63731375811182e+01 9.99849771631874e+04 
8.65310375987192e+01 9.99854668019047e+04 
8.66889375552248e+01 9.99851273429384e+04 
8.68468385039286e+01 9.99851406375278e+04 
8.70047412609430e+01 9.99855630304404e+04 
8.71626443614392e+01 9.99867800346385e+04 
8.73205479962068e+01 9.99883538737160e+04 
8.74784503206073e+01 9.99893438250887e+04 
8.76363495572885e+01 9.99898467706394e+04 
8.77942431849901e+01 9.99911277808361e+04 
8.79521325309210e+01 9.99925713447334e+04 
8.81100185611205e+01 9.99942505276685e+04 
8.82679028525337e+01 9.99955652954281e+04 
8.84257843073351e+01 9.99966600162246e+04 
8.85836638116007e+01 9.99978447782734e+04 
8.87415446242167e+01 9.99999834778402e+04 
8.88994240315965e+01 1.00001789766768e+05 
8.90573022819536e+01 1.00003261904998e+05 
8.92151767527825e+01 1.00003919235568e+05 
8.93730477224399e+01 1.00004713882581e+05 
8.95309156458027e+01 1.00006046375479e+05 
8.96887826912112e+01 1.00008219773442e+05 
8.98466499713213e+01 1.00009713343372e+05 
9.00045176380459e+01 1.00010439128420e+05 
9.01623865154936e+01 1.00010262989979e+05 
9.03202569356564e+01 1.00010570097355e+05 
9.04781297063303e+01 1.00011648794108e+05 
9.06360054524564e+01 1.00013144081300e+05 
9.07938823357972e+01 1.00014002094070e+05 
9.09517541470789e+01 1.00013952435665e+05 
9.11096225648372e+01 1.00013159630058e+05 
9.12674903529327e+01 1.00013009946887e+05 
9.14253570626701e+01 1.00013663735650e+05 
9.15832226822998e+01 1.00014246500992e+05 
9.17410881565195e+01 1.00014268587510e+05 
9.18989546135373e+01 1.00013621159839e+05 
9.20568232887804e+01 1.00012482274867e+05 
9.22146961573564e+01 1.00011926380493e+05 
9.23725738596910e+01 1.00011960213990e+05 
9.25304579588404e+01 1.00011497157250e+05 
9.26883440768282e+01 1.00010718073964e+05 
9.28462302163992e+01 1.00009441403087e+05 
9.30041188904351e+01 1.00008222198184e+05 
9.31620089406748e+01 1.00007347055921e+05 
9.33199003766930e+01 1.00006585701243e+05 
9.34777965434557e+01 1.00004930527231e+05 
9.36356962709857e+01 1.00003384250785e+05 
9.37935970223798e+01 1.00001821505787e+05 
9.39515016043418e+01 1.00000761534729e+05 
9.41094095639123e+01 9.99996540701661e+04 
9.42673176496791e+01 9.99981722504195e+04 
9.44252272261732e+01 9.99957296233731e+04 
9.45831367419679e+01 9.99938117318156e+04 
9.47410472060425e+01 9.99924451276369e+04 
9.48989573503301e+01 9.99919674336522e+04 
9.50568658739766e+01 9.99910897329492e+04 
9.52147728697819e+01 9.99894288763531e+04 
9.53726794597599e+01 9.99871208874954e+04 
9.55305867647987e+01 9.99856210446221e+04 
9.56884942753968e+01 9.99851452343247e+04 
9.58463997516093e+01 9.99857714128514e+04 
9.60043026249207e+01 9.99856556880061e+04 
9.61622035600294e+01 9.99846267351144e+04 
9.63201032160052e+01 9.99835398519431e+04 
9.64780023140949e+01 9.99833354142238e+04 
9.66359014564617e+01 9.99840085258455e+04 
9.67938016196219e+01 9.99854094224150e+04 
9.69517021660862e+01 9.99861807630339e+04 
9.71096039307884e+01 9.99862314666577e+04 
9.72675053659434e+01 9.99868689380969e+04 
9.74254084969254e+01 9.99876654345790e+04 
9.75833089937247e+01 9.99892600724128e+04 
9.77412039501997e+01 9.99909046407206e+04 
9.78990956464850e+01 9.99921569128306e+04 
9.80569824734498e+01 9.99931356183981e+04 
9.82148662686850e+01 9.99950243573068e+04 
9.83727491375352e+01 9.99968546357513e+04 
9.85306321990684e+01 9.99986760106840e+04 
9.86885141869873e+01 9.99998941754302e+04 
9.88463960415929e+01 1.00001097260423e+05 
9.90042760737878e+01 1.00002636071299e+05 
9.91621528526767e+01 1.00005170961220e+05 
9.93200261516929e+01 1.00007119308710e+05 
9.94778958586317e+01 1.00008472993256e+05 
9.96357631314534e+01 1.00008858123347e+05 
9.97936285106285e+01 1.00009577909986e+05 
9.99514940149456e+01 1.00011064791661e+05 
1.00109360548212e+02 1.00013286869119e+05 
