# Liste des scalaires : TEMPS pmat 
0.00000000000000e+00 1.00000000000000e+05 
1.58013544018059e-01 1.00000000000000e+05 
3.16027088036117e-01 1.00000000000000e+05 
4.74040632054176e-01 1.00000000000000e+05 
6.32054176072234e-01 1.00000000000000e+05 
7.90067720090293e-01 1.00000000000000e+05 
9.48081264108351e-01 1.00000000000000e+05 
1.10609480812641e+00 1.00000000000000e+05 
1.26410835214447e+00 1.00000000000000e+05 
1.42212189616253e+00 1.00000000000000e+05 
1.58013544018058e+00 1.00000000000000e+05 
1.73814898419864e+00 1.00000000000000e+05 
1.89616252821670e+00 1.00000000000000e+05 
2.05417607223476e+00 1.00000000000000e+05 
2.21218961625282e+00 1.00000000000000e+05 
2.37020316027088e+00 1.00000000000000e+05 
2.52821670428893e+00 1.00000000000000e+05 
2.68623024830699e+00 1.00000000000000e+05 
2.84424379232505e+00 1.00000000000000e+05 
3.00225733634311e+00 1.00000000000000e+05 
3.16027088036116e+00 1.00000000000000e+05 
3.31828442437922e+00 1.00000000000000e+05 
3.47629796839728e+00 1.00000000000000e+05 
3.63431151241534e+00 1.00000000000000e+05 
3.79232505643340e+00 1.00000000000000e+05 
3.95033860045145e+00 1.00000000000000e+05 
4.10835214446951e+00 1.00000000000000e+05 
4.26636568848757e+00 1.00000000000000e+05 
4.42437923250563e+00 1.00000000000000e+05 
4.58239277652368e+00 1.00000000000000e+05 
4.74040632054174e+00 1.00000000000000e+05 
4.89841986455980e+00 1.00000000000000e+05 
5.05643340857771e+00 1.00000000000000e+05 
5.21444695259555e+00 1.00000000000000e+05 
5.37246049661106e+00 1.00000000000000e+05 
5.53047404062163e+00 1.00000000000000e+05 
5.68848758460807e+00 1.00000000000000e+05 
5.84650112860433e+00 1.00000000000000e+05 
6.00451467131846e+00 1.00000000000000e+05 
6.16252820860419e+00 1.00000000000000e+05 
6.32054173855849e+00 1.00000000000000e+05 
6.47855526263600e+00 1.00000000000000e+05 
6.63656878322570e+00 1.00000000000000e+05 
6.79458230116958e+00 1.00000000000000e+05 
6.95259581572868e+00 1.00000000000000e+05 
7.11060926486710e+00 1.00000000000000e+05 
7.26862123211782e+00 1.00000000000000e+05 
7.42662869286748e+00 1.00000000000000e+05 
7.58462797993242e+00 1.00000000000000e+05 
7.74261562363004e+00 1.00000000000000e+05 
7.90058972087802e+00 1.00000000000000e+05 
8.05854876760864e+00 1.00000000000000e+05 
8.21649327583521e+00 1.00000000000000e+05 
8.37442375590179e+00 1.00000000000000e+05 
8.53234121474706e+00 1.00000000000000e+05 
8.69024692780629e+00 1.00000000000000e+05 
8.84814294511368e+00 1.00000000000000e+05 
9.00603027516490e+00 1.00000000000000e+05 
9.16391060602912e+00 1.00000000000000e+05 
9.32178516379403e+00 1.00000000000000e+05 
9.47965513838773e+00 1.00000000000000e+05 
9.63751817790166e+00 1.00000000000000e+05 
9.79537550224774e+00 1.00000000000000e+05 
9.95322697641788e+00 1.00000000000000e+05 
1.01110732028936e+01 1.00000000000000e+05 
1.02689146274544e+01 1.00000000000000e+05 
1.04267523201822e+01 1.00000000000000e+05 
1.05845878187241e+01 1.00000000000000e+05 
1.07424234235056e+01 1.00000000000000e+05 
1.09002605183067e+01 1.00000000000000e+05 
1.10581011989153e+01 1.00000000000000e+05 
1.12159469760981e+01 1.00000000000000e+05 
1.13737958277871e+01 1.00000000000000e+05 
1.15316485112955e+01 1.00000000000000e+05 
1.16895059234703e+01 1.00000000000000e+05 
1.18473678135275e+01 1.00000000000000e+05 
1.20052343190564e+01 1.00000000000000e+05 
1.21631037930394e+01 1.00000000000000e+05 
1.23209755736488e+01 1.00000000000000e+05 
1.24788506295067e+01 1.00000000000000e+05 
1.26367295773036e+01 1.00000000000000e+05 
1.27946116815903e+01 1.00000000000000e+05 
1.29524970895918e+01 1.00000000000000e+05 
1.31103853882209e+01 1.00000000000000e+05 
1.32682764852580e+01 1.00000000000000e+05 
1.34261706139616e+01 1.00000000000000e+05 
1.35840685957871e+01 1.00000000000000e+05 
1.37419698795382e+01 1.00000000000000e+05 
1.38998748238769e+01 1.00000000000000e+05 
1.40577825863761e+01 1.00000000000000e+05 
1.42156900780669e+01 1.00000000000000e+05 
1.43735971547495e+01 1.00000000000000e+05 
1.45315042337418e+01 1.00000000000000e+05 
1.46894115576050e+01 1.00000000000000e+05 
1.48473186395545e+01 1.00000000000000e+05 
1.50052256719272e+01 1.00000000000000e+05 
1.51631330578148e+01 1.00000000000000e+05 
1.53210408171837e+01 1.00000000000000e+05 
1.54789489338296e+01 1.00000000000000e+05 
1.56368576354914e+01 1.00000000000000e+05 
1.57947669611646e+01 1.00000000000000e+05 
1.59526770505537e+01 1.00000000000000e+05 
1.61105878565459e+01 1.00000000000000e+05 
1.62684993007154e+01 1.00000000000000e+05 
1.64264117696543e+01 1.00000000000000e+05 
1.65843252894251e+01 1.00000000000000e+05 
1.67422394503545e+01 1.00000000000000e+05 
1.69001543231263e+01 1.00000000000000e+05 
1.70580702178261e+01 1.00000000000000e+05 
1.72159869071440e+01 1.00000000000000e+05 
1.73739045484328e+01 1.00000000000000e+05 
1.75318230870977e+01 1.00000000000000e+05 
1.76897420386758e+01 1.00000000000000e+05 
1.78476617082648e+01 1.00000000000000e+05 
1.80055822852594e+01 1.00000000000000e+05 
1.81635032871374e+01 1.00000000000000e+05 
1.83214252006964e+01 1.00000000000000e+05 
1.84793480458620e+01 1.00000000000000e+05 
1.86372715456650e+01 1.00000000000000e+05 
1.87951957601081e+01 1.00000000000000e+05 
1.89531209484135e+01 1.00000000000000e+05 
1.91110441089809e+01 1.00000000000000e+05 
1.92689571504680e+01 1.00000000000000e+05 
1.94268607791625e+01 1.00000000000000e+05 
1.95847566159270e+01 1.00000000000000e+05 
1.97426455229279e+01 1.00000000000000e+05 
1.99005279081235e+01 1.00000000000000e+05 
2.00584049686281e+01 1.00000000000000e+05 
2.02162789927353e+01 1.00000000000000e+05 
2.03741510118332e+01 1.00000000000000e+05 
2.05320225312322e+01 1.00000000000000e+05 
2.06898943694514e+01 1.00000000000000e+05 
2.08477672335517e+01 1.00000000000000e+05 
2.10056381883608e+01 1.00000000000000e+05 
2.11635073392954e+01 1.00000000000000e+05 
2.13213744206154e+01 1.00000000000000e+05 
2.14792406064660e+01 1.00000000000000e+05 
2.16371055052497e+01 1.00000000000000e+05 
2.17949698598769e+01 1.00000000000000e+05 
2.19528346543289e+01 1.00000000000000e+05 
2.21107022379036e+01 1.00000000000000e+05 
2.22685735446671e+01 1.00000000000000e+05 
2.24264499128177e+01 1.00000000000000e+05 
2.25843313783613e+01 1.00000000000000e+05 
2.27422178371839e+01 1.00000000000000e+05 
2.29001082195325e+01 1.00000000000000e+05 
2.30580026165052e+01 1.00000000000000e+05 
2.32159006750456e+01 1.00000000000000e+05 
2.33738008250518e+01 1.00000000000000e+05 
2.35317021841015e+01 1.00000000000000e+05 
2.36896047805334e+01 1.00000000000000e+05 
2.38475089535193e+01 1.00000000000000e+05 
2.40054144059897e+01 1.00000000000000e+05 
2.41633212527943e+01 1.00000000000000e+05 
2.43212294708959e+01 1.00000000000000e+05 
2.44791391765311e+01 1.00000000000000e+05 
2.46370501927731e+01 1.00000000000000e+05 
2.47949629062368e+01 1.00000000000000e+05 
2.49528766385629e+01 1.00000000000000e+05 
2.51107912664912e+01 1.00000000000000e+05 
2.52687065421895e+01 1.00000000000000e+05 
2.54266227275827e+01 1.00000000000000e+05 
2.55845402635157e+01 1.00000000000000e+05 
2.57424589006128e+01 1.00000000000000e+05 
2.59003774090588e+01 1.00000000000000e+05 
2.60582956021659e+01 1.00000000000000e+05 
2.62162142568713e+01 1.00000000000000e+05 
2.63741334755089e+01 1.00000000000000e+05 
2.65320531896202e+01 1.00000000000000e+05 
2.66899728755107e+01 1.00000000000000e+05 
2.68478922917635e+01 1.00000000000000e+05 
2.70058116301977e+01 1.00000000000000e+05 
2.71637307927613e+01 1.00000000000000e+05 
2.73216502821697e+01 1.00000000000000e+05 
2.74795690311203e+01 1.00000000000000e+05 
2.76374879055499e+01 1.00000000000000e+05 
2.77954041756501e+01 1.00000000000000e+05 
2.79533191433170e+01 1.00000000000000e+05 
2.81112322788099e+01 1.00000000000000e+05 
2.82691420252821e+01 1.00000000000000e+05 
2.84270498359011e+01 1.00000000000000e+05 
2.85849551367456e+01 1.00000000000000e+05 
2.87428577035279e+01 1.00000000000000e+05 
2.89007576935424e+01 1.00000000000000e+05 
2.90586554385742e+01 1.00000000000000e+05 
2.92165508783833e+01 1.00000000000000e+05 
2.93744443359554e+01 1.00000000000000e+05 
2.95323353920958e+01 1.00000000000000e+05 
2.96902253081402e+01 1.00000000000000e+05 
2.98481142776169e+01 1.00000000000000e+05 
3.00059979647156e+01 1.00000000000000e+05 
3.01638770985754e+01 1.00000000000000e+05 
3.03217523516603e+01 1.00000000000000e+05 
3.04796254231717e+01 1.00000000000000e+05 
3.06374979890028e+01 1.00000000000000e+05 
3.07953682566008e+01 1.00000000000000e+05 
3.09532360866590e+01 1.00000000000000e+05 
3.11111009485845e+01 1.00000000000000e+05 
3.12689642148262e+01 1.00000000000000e+05 
3.14268269801884e+01 1.00000000000000e+05 
3.15846899752751e+01 1.00000000000000e+05 
3.17425539745552e+01 1.00000000000000e+05 
3.19004203627167e+01 1.00000000000000e+05 
3.20582896401381e+01 1.00000000000000e+05 
3.22161632234601e+01 1.00000000000000e+05 
3.23740425511432e+01 1.00000000000000e+05 
3.25319290751244e+01 1.00000000000000e+05 
3.26898202982419e+01 1.00000000000000e+05 
3.28477131228900e+01 1.00000000000000e+05 
3.30056072961437e+01 1.00000000000000e+05 
3.31635023672678e+01 1.00000000000000e+05 
3.33213991393358e+01 1.00000000000000e+05 
3.34792973573956e+01 1.00000000000000e+05 
3.36371967535133e+01 1.00000000000005e+05 
3.37950973023584e+01 1.00000000000030e+05 
3.39529995672097e+01 1.00000000000069e+05 
3.41109029852060e+01 1.00000000000161e+05 
3.42688076087386e+01 1.00000000001551e+05 
3.44267132713632e+01 1.00000000029440e+05 
3.45846196509400e+01 1.00000000457386e+05 
3.47425273496765e+01 1.00000001543654e+05 
3.49004361808860e+01 1.00000003093099e+05 
3.50583454950604e+01 1.00000005659612e+05 
3.52162538750963e+01 1.00000009926495e+05 
3.53741611804014e+01 1.00000016139717e+05 
3.55320682312856e+01 1.00000027831946e+05 
3.56899754216115e+01 1.00000047803069e+05 
3.58478829107651e+01 1.00000081449134e+05 
3.60057904151544e+01 1.00000144830679e+05 
3.61636981099972e+01 1.00000262887218e+05 
3.63216068904539e+01 1.00000435592981e+05 
3.64795154283054e+01 1.00000718320016e+05 
3.66374236436593e+01 1.00001113436635e+05 
3.67953327010769e+01 1.00001636436810e+05 
3.69532427717678e+01 1.00002344635677e+05 
3.71111532244148e+01 1.00003247619683e+05 
3.72690630548262e+01 1.00004279905802e+05 
3.74269718145581e+01 1.00005481153344e+05 
3.75848778454541e+01 1.00006786645949e+05 
3.77427791017932e+01 1.00008217786322e+05 
3.79006746564164e+01 1.00009754380821e+05 
3.80585658512143e+01 1.00011307578858e+05 
3.82164521350274e+01 1.00012841262583e+05 
3.83743339522929e+01 1.00014312367184e+05 
3.85322143263643e+01 1.00015692579495e+05 
3.86900941565614e+01 1.00017048607146e+05 
3.88479738779336e+01 1.00018310647450e+05 
3.90058528607593e+01 1.00019396625178e+05 
3.91637297505779e+01 1.00020339740695e+05 
3.93216059461941e+01 1.00021056128713e+05 
3.94794833120710e+01 1.00021552662549e+05 
3.96373600136444e+01 1.00021906345070e+05 
3.97952355988724e+01 1.00022096639331e+05 
3.99531105564116e+01 1.00021960336093e+05 
4.01109853768128e+01 1.00021655453637e+05 
4.02688608742397e+01 1.00021077632213e+05 
4.04267381798270e+01 1.00020290389095e+05 
4.05846137319020e+01 1.00019289176101e+05 
4.07424858509869e+01 1.00018042085186e+05 
4.09003545163728e+01 1.00016541782941e+05 
4.10582217788816e+01 1.00014896269922e+05 
4.12160877638797e+01 1.00013084090610e+05 
4.13739537347660e+01 1.00011165531839e+05 
4.15318203524083e+01 1.00009051321727e+05 
4.16896877430492e+01 1.00006746817686e+05 
4.18475567572815e+01 1.00004367356684e+05 
4.20054296452478e+01 1.00001969841155e+05 
4.21633067849416e+01 9.99996519309674e+04 
4.23211896909693e+01 9.99974174178254e+04 
4.24790781339048e+01 9.99950735565558e+04 
4.26369644682292e+01 9.99926630601232e+04 
4.27948546539027e+01 9.99903580193282e+04 
4.29527445839470e+01 9.99881548635676e+04 
4.31106359297670e+01 9.99862014354838e+04 
4.32685306520852e+01 9.99844415206277e+04 
4.34264288504664e+01 9.99826421448485e+04 
4.35843293098335e+01 9.99808301735482e+04 
4.37422323857132e+01 9.99792003826339e+04 
4.39001362271449e+01 9.99777529010734e+04 
4.40580408935821e+01 9.99766114837591e+04 
4.42159461004656e+01 9.99757362793388e+04 
4.43738520952394e+01 9.99749409624152e+04 
4.45317586334686e+01 9.99742174694084e+04 
4.46896655731558e+01 9.99736808953389e+04 
4.48475732386247e+01 9.99733451476782e+04 
4.50054818277984e+01 9.99733108919792e+04 
4.51633912296472e+01 9.99735118365276e+04 
4.53213012689940e+01 9.99738283557846e+04 
4.54792124514439e+01 9.99741607402748e+04 
4.56371248172869e+01 9.99746321874884e+04 
4.57950380337933e+01 9.99751752114280e+04 
4.59529529680012e+01 9.99757936824095e+04 
4.61108663642278e+01 9.99764954382202e+04 
4.62687784498702e+01 9.99773694436124e+04 
4.64266899654798e+01 9.99782837331996e+04 
4.65846018793389e+01 9.99792484296042e+04 
4.67425141840204e+01 9.99802186604551e+04 
4.69004273753813e+01 9.99811973750921e+04 
4.70583412575278e+01 9.99822127543277e+04 
4.72162558287896e+01 9.99834874248012e+04 
4.73741661075397e+01 9.99849587733673e+04 
4.75320700293228e+01 9.99865660269598e+04 
4.76899693645184e+01 9.99881394237136e+04 
4.78478625125830e+01 9.99896632718919e+04 
4.80057508638390e+01 9.99911459744309e+04 
4.81636362087960e+01 9.99928717114391e+04 
4.83215191917349e+01 9.99948504100265e+04 
4.84794017791262e+01 9.99969431903666e+04 
4.86372824178603e+01 9.99989597720716e+04 
4.87951610644304e+01 1.00000792890331e+05 
4.89530401011878e+01 1.00002492816304e+05 
4.91109183405868e+01 1.00004329119896e+05 
4.92687968866861e+01 1.00006367157781e+05 
4.94266754364972e+01 1.00008439614003e+05 
4.95845515595664e+01 1.00010397620957e+05 
4.97424261075137e+01 1.00012109264221e+05 
4.99003006335041e+01 1.00013618599796e+05 
5.00581763017773e+01 1.00015132537484e+05 
5.02160540122954e+01 1.00016712905921e+05 
5.03739320513093e+01 1.00018273277890e+05 
5.05318084517488e+01 1.00019718613608e+05 
5.06896830101217e+01 1.00020906292702e+05 
5.08475554530749e+01 1.00021853408086e+05 
5.10054253922244e+01 1.00022688576105e+05 
5.11632927122317e+01 1.00023510458755e+05 
5.13211591090027e+01 1.00024213756796e+05 
5.14790271138448e+01 1.00024821189687e+05 
5.16368950153983e+01 1.00025188910331e+05 
5.17947643683201e+01 1.00025353319463e+05 
5.19526361004011e+01 1.00025273727829e+05 
5.21105113953299e+01 1.00024999763429e+05 
5.22683913894592e+01 1.00024491485023e+05 
5.24262776968112e+01 1.00023903179001e+05 
5.25841708838473e+01 1.00023136993865e+05 
5.27420666524036e+01 1.00022244731267e+05 
5.28999618489546e+01 1.00021067949557e+05 
5.30578577998667e+01 1.00019634797357e+05 
5.32157572283380e+01 1.00017997298172e+05 
5.33736576041167e+01 1.00016357555123e+05 
5.35315607809438e+01 1.00014702079488e+05 
5.36894666299000e+01 1.00013066011546e+05 
5.38473734460421e+01 1.00011186771810e+05 
5.40052812691421e+01 1.00009044797594e+05 
5.41631892761518e+01 1.00006744751949e+05 
5.43210976391154e+01 1.00004474192674e+05 
5.44790065647947e+01 1.00002349229198e+05 
5.46369153234515e+01 1.00000340462835e+05 
5.47948247591204e+01 9.99981674341708e+04 
5.49527345816088e+01 9.99957777764170e+04 
5.51106448015583e+01 9.99933432167232e+04 
5.52685553466649e+01 9.99909849252292e+04 
5.54264665842849e+01 9.99888813134657e+04 
5.55843786559346e+01 9.99870202221736e+04 
5.57422916964500e+01 9.99851268133190e+04 
5.59002049245996e+01 9.99831841818888e+04 
5.60581165652534e+01 9.99814122606486e+04 
5.62160267790978e+01 9.99797467806807e+04 
5.63739360456862e+01 9.99784581363243e+04 
5.65318446490167e+01 9.99774730828804e+04 
5.66897535039061e+01 9.99766742465954e+04 
5.68476637724107e+01 9.99759998038672e+04 
5.70055749148130e+01 9.99755860777155e+04 
5.71634862686760e+01 9.99752992114754e+04 
5.73213958959964e+01 9.99753278381769e+04 
5.74793010243427e+01 9.99755866430065e+04 
5.76372006427965e+01 9.99761273143135e+04 
5.77950939663717e+01 9.99768845362721e+04 
5.79529832749989e+01 9.99779009472716e+04 
5.81108693165340e+01 9.99789701344651e+04 
5.82687509560842e+01 9.99801874863948e+04 
5.84266313769464e+01 9.99814923155284e+04 
5.85845125473362e+01 9.99830584087239e+04 
5.87423932111164e+01 9.99848538172293e+04 
5.89002729936823e+01 9.99868242926096e+04 
5.90581527151859e+01 9.99887628948980e+04 
5.92160322137457e+01 9.99906439592556e+04 
5.93739114996228e+01 9.99924370075508e+04 
5.95317886882425e+01 9.99943994644144e+04 
5.96896638636060e+01 9.99965417582633e+04 
5.98475378197668e+01 9.99987261433974e+04 
6.00054119865173e+01 1.00000807954344e+05 
6.01632862541559e+01 1.00002662489756e+05 
6.03211632133958e+01 1.00004287812229e+05 
6.04790393685606e+01 1.00005975624977e+05 
6.06369130750726e+01 1.00007780324142e+05 
6.07947845152142e+01 1.00009443232062e+05 
6.09526543879465e+01 1.00011017819940e+05 
6.11105223433906e+01 1.00012272531061e+05 
6.12683891572993e+01 1.00013249587276e+05 
6.14262556334736e+01 1.00014149284059e+05 
6.15841213812268e+01 1.00015021114556e+05 
6.17419872970758e+01 1.00015740797351e+05 
6.18998556369791e+01 1.00016388662219e+05 
6.20577270573682e+01 1.00016750562542e+05 
6.22156028064752e+01 1.00016900207695e+05 
6.23734839507439e+01 1.00016850768131e+05 
6.25313719458757e+01 1.00016659036670e+05 
6.26892653364233e+01 1.00016255844017e+05 
6.28471589494630e+01 1.00015820643031e+05 
6.30050539658638e+01 1.00015195030491e+05 
6.31629516032019e+01 1.00014444954387e+05 
6.33208526762621e+01 1.00013441556389e+05 
6.34787557016783e+01 1.00012186223979e+05 
6.36366621209855e+01 1.00010711688445e+05 
6.37945707388512e+01 1.00009251010988e+05 
6.39524799651022e+01 1.00007750876793e+05 
6.41103898945289e+01 1.00006254847845e+05 
6.42682996768123e+01 1.00004541707527e+05 
6.44262099946042e+01 1.00002581172146e+05 
6.45841203235132e+01 1.00000492528259e+05 
6.47420308141056e+01 9.99984737522183e+04 
6.48999413857551e+01 9.99965825372163e+04 
6.50578522130705e+01 9.99948685553332e+04 
6.52157621383260e+01 9.99930454720078e+04 
6.53736716684331e+01 9.99910728747470e+04 
6.55315818735089e+01 9.99891415228878e+04 
6.56894924466357e+01 9.99873162846565e+04 
6.58474019305714e+01 9.99857993275810e+04 
6.60053094171804e+01 9.99845596137977e+04 
6.61632151021049e+01 9.99834248742189e+04 
6.63211194929648e+01 9.99823396775255e+04 
6.64790238951629e+01 9.99814517127295e+04 
6.66369283078166e+01 9.99806861406628e+04 
6.67948331393927e+01 9.99802649764984e+04 
6.69527394440034e+01 9.99801258397758e+04 
6.71106470639483e+01 9.99802425876735e+04 
6.72685553183821e+01 9.99805614123434e+04 
6.74264597024061e+01 9.99811389030077e+04 
6.75843590419925e+01 9.99817685314556e+04 
6.77422535684911e+01 9.99826192101380e+04 
6.79001426201263e+01 9.99836213470620e+04 
6.80580282864847e+01 9.99848915342999e+04 
6.82159111158328e+01 9.99864080550283e+04 
6.83737930861987e+01 9.99881186468287e+04 
6.85316731580176e+01 9.99897912990167e+04 
6.86895517906449e+01 9.99914776723548e+04 
6.88474307150474e+01 9.99931296071329e+04 
6.90053081989569e+01 9.99949782434817e+04 
6.91631854542290e+01 9.99970483971694e+04 
6.93210605590817e+01 9.99992111935725e+04 
6.94789329603387e+01 1.00001272046588e+05 
6.96368026296308e+01 1.00003164844392e+05 
6.97946722052352e+01 1.00004855150060e+05 
6.99525422636531e+01 1.00006634005982e+05 
7.01104134175452e+01 1.00008562613702e+05 
7.02682863349460e+01 1.00010441996586e+05 
7.04261613776249e+01 1.00012209876296e+05 
7.05840389189998e+01 1.00013677332401e+05 
7.07419152096647e+01 1.00014877458634e+05 
7.08997875851045e+01 1.00016015703505e+05 
7.10576561988164e+01 1.00017190397799e+05 
7.12155224399363e+01 1.00018248664877e+05 
7.13733888211252e+01 1.00019224411230e+05 
7.15312552146323e+01 1.00019896804521e+05 
7.16891217538037e+01 1.00020329532348e+05 
7.18469894024299e+01 1.00020578911810e+05 
7.20048591249784e+01 1.00020736259463e+05 
7.21627323468697e+01 1.00020709708743e+05 
7.23206109024455e+01 1.00020658975022e+05 
7.24784954490941e+01 1.00020392829338e+05 
7.26363845290400e+01 1.00019962196799e+05 
7.27942734676224e+01 1.00019269372964e+05 
7.29521620226019e+01 1.00018346879833e+05 
7.31100537643340e+01 1.00017177826957e+05 
7.32679464204612e+01 1.00016011437689e+05 
7.34258410448585e+01 1.00014733465615e+05 
7.35837409539245e+01 1.00013388787997e+05 
7.37416437257822e+01 1.00011772731857e+05 
7.38995475254834e+01 1.00009843850760e+05 
7.40574552767677e+01 1.00007716894457e+05 
7.42153656889771e+01 1.00005623469621e+05 
7.43732764020060e+01 1.00003618085003e+05 
7.45311875013272e+01 1.00001660412141e+05 
7.46890982702211e+01 9.99995756177347e+04 
7.48470091952905e+01 9.99972457106389e+04 
7.50049203089887e+01 9.99947998566962e+04 
7.51628314776675e+01 9.99924248785601e+04 
7.53207423108823e+01 9.99902877404217e+04 
7.54786534052723e+01 9.99883851619588e+04 
7.56365652919325e+01 9.99864990398804e+04 
7.57944760696322e+01 9.99845242262624e+04 
7.59523842322763e+01 9.99826303163810e+04 
7.61102907052860e+01 9.99808279947625e+04 
7.62681956345978e+01 9.99794049511905e+04 
7.64260997846199e+01 9.99782934360682e+04 
7.65840035006254e+01 9.99773959719136e+04 
7.67419079524643e+01 9.99766188932069e+04 
7.68998130220342e+01 9.99760924957571e+04 
7.70577190529444e+01 9.99756416463592e+04 
7.72156246322281e+01 9.99755290939136e+04 
7.73735304351853e+01 9.99756676156041e+04 
7.75314321962536e+01 9.99761181402538e+04 
7.76893280918668e+01 9.99768334176934e+04 
7.78472194406838e+01 9.99778404302190e+04 
7.80051082848022e+01 9.99788535799305e+04 
7.81629925315635e+01 9.99800280472482e+04 
7.83208748693117e+01 9.99812922136340e+04 
7.84787573742400e+01 9.99828373217071e+04 
7.86366399901977e+01 9.99846853106177e+04 
7.87945213840157e+01 9.99867533919552e+04 
7.89524022580153e+01 9.99887604682067e+04 
7.91102822345851e+01 9.99906944444683e+04 
7.92681598504246e+01 9.99925584701755e+04 
7.94260346032737e+01 9.99946052494500e+04 
7.95839065415183e+01 9.99969161159399e+04 
7.97417762739281e+01 9.99993291072933e+04 
7.98996452426869e+01 1.00001634145613e+05 
8.00575144475735e+01 1.00003713889677e+05 
8.02153853484350e+01 1.00005538605955e+05 
8.03732595753060e+01 1.00007406190953e+05 
8.05311360044327e+01 1.00009430179187e+05 
8.06890123775687e+01 1.00011413944764e+05 
8.08468842047536e+01 1.00013288882403e+05 
8.10047525333100e+01 1.00014820404544e+05 
8.11626191499556e+01 1.00016065444710e+05 
8.13204847650461e+01 1.00017172929684e+05 
8.14783488435453e+01 1.00018265105346e+05 
8.16362118439805e+01 1.00019212845871e+05 
8.17940760681954e+01 1.00020114352578e+05 
8.19519420697887e+01 1.00020710694980e+05 
8.21098112939899e+01 1.00021067487302e+05 
8.22676847318654e+01 1.00021150688807e+05 
8.24255638214298e+01 1.00021050496417e+05 
8.25834499430324e+01 1.00020719094167e+05 
8.27413394366513e+01 1.00020408620071e+05 
8.28992294477559e+01 1.00019894574499e+05 
8.30571223195795e+01 1.00019243939171e+05 
8.32150170578953e+01 1.00018273432486e+05 
8.33729147817309e+01 1.00016996166932e+05 
8.35308144311052e+01 1.00015459195016e+05 
8.36887168341859e+01 1.00013982533081e+05 
8.38466229777523e+01 1.00012466509576e+05 
8.40045316549114e+01 1.00010965654801e+05 
8.41624411095586e+01 1.00009206064145e+05 
8.43203503968559e+01 1.00007122358322e+05 
8.44782605557664e+01 1.00004860464782e+05 
8.46361711006565e+01 1.00002689979490e+05 
8.47940815795453e+01 1.00000691632282e+05 
8.49519911103720e+01 9.99988511958907e+04 
8.51098990973984e+01 9.99969055337544e+04 
8.52678065112851e+01 9.99947492449440e+04 
8.54257138686154e+01 9.99925441628793e+04 
8.55836217801970e+01 9.99904247135778e+04 
8.57415292183254e+01 9.99886458545881e+04 
8.58994341398339e+01 9.99871554462859e+04 
8.60573367332196e+01 9.99857786135954e+04 
8.62152374038746e+01 9.99843773813544e+04 
8.63731375811182e+01 9.99831067793175e+04 
8.65310375987192e+01 9.99819208852162e+04 
8.66889375552248e+01 9.99811021205254e+04 
8.68468385039286e+01 9.99805684810434e+04 
8.70047412609430e+01 9.99803060075183e+04 
8.71626443614392e+01 9.99802128417156e+04 
8.73205479962068e+01 9.99803622563616e+04 
8.74784503206073e+01 9.99805369200928e+04 
8.76363495572885e+01 9.99809738871664e+04 
8.77942431849901e+01 9.99815784676082e+04 
8.79521325309210e+01 9.99824974352861e+04 
8.81100185611205e+01 9.99836844981471e+04 
8.82679028525337e+01 9.99851044515178e+04 
8.84257843073351e+01 9.99864689447115e+04 
8.85836638116007e+01 9.99878922858318e+04 
8.87415446242167e+01 9.99893114180810e+04 
8.88994240315965e+01 9.99909854998170e+04 
8.90573022819536e+01 9.99929498486774e+04 
8.92151767527825e+01 9.99950547739941e+04 
8.93730477224399e+01 9.99970594225184e+04 
8.95309156458027e+01 9.99988915175814e+04 
8.96887826912112e+01 1.00000602410252e+05 
8.98466499713213e+01 1.00002389609541e+05 
9.00045176380459e+01 1.00004363744883e+05 
9.01623865154936e+01 1.00006400104869e+05 
9.03202569356564e+01 1.00008322517639e+05 
9.04781297063303e+01 1.00009947370280e+05 
9.06360054524564e+01 1.00011300968322e+05 
9.07938823357972e+01 1.00012597921812e+05 
9.09517541470789e+01 1.00013982206393e+05 
9.11096225648372e+01 1.00015292083614e+05 
9.12674903529327e+01 1.00016519885045e+05 
9.14253570626701e+01 1.00017401748607e+05 
9.15832226822998e+01 1.00018020834562e+05 
9.17410881565195e+01 1.00018446818509e+05 
9.18989546135373e+01 1.00018818406744e+05 
9.20568232887804e+01 1.00019034356434e+05 
9.22146961573564e+01 1.00019236851050e+05 
9.23725738596910e+01 1.00019186569957e+05 
9.25304579588404e+01 1.00018949230728e+05 
9.26883440768282e+01 1.00018418658518e+05 
9.28462302163992e+01 1.00017677768162e+05 
9.30041188904351e+01 1.00016710729713e+05 
9.31620089406748e+01 1.00015781873618e+05 
9.33199003766930e+01 1.00014727726887e+05 
9.34777965434557e+01 1.00013606567226e+05 
9.36356962709857e+01 1.00012186462604e+05 
9.37935970223798e+01 1.00010467902027e+05 
9.39515016043418e+01 1.00008540662136e+05 
9.41094095639123e+01 1.00006693679122e+05 
9.42673176496791e+01 1.00004936200308e+05 
9.44252272261732e+01 1.00003254918005e+05 
9.45831367419679e+01 1.00001376346136e+05 
9.47410472060425e+01 9.99992384117366e+04 
9.48989573503301e+01 9.99969553236518e+04 
9.50568658739766e+01 9.99947874558728e+04 
9.52147728697819e+01 9.99928267823721e+04 
9.53726794597599e+01 9.99911082272494e+04 
9.55305867647987e+01 9.99893791114979e+04 
9.56884942753968e+01 9.99874864474812e+04 
9.58463997516093e+01 9.99856538384960e+04 
9.60043026249207e+01 9.99839436574068e+04 
9.61622035600294e+01 9.99825887392961e+04 
9.63201032160052e+01 9.99815275987545e+04 
9.64780023140949e+01 9.99806592874823e+04 
9.66359014564617e+01 9.99798622454824e+04 
9.67938016196219e+01 9.99792583871958e+04 
9.69517021660862e+01 9.99787201394301e+04 
9.71096039307884e+01 9.99785017428788e+04 
9.72675053659434e+01 9.99785239203348e+04 
9.74254084969254e+01 9.99788585274252e+04 
9.75833089937247e+01 9.99794192915527e+04 
9.77412039501997e+01 9.99802309551075e+04 
9.78990956464850e+01 9.99810244658366e+04 
9.80569824734498e+01 9.99819901466171e+04 
9.82148662686850e+01 9.99830542379855e+04 
9.83727491375352e+01 9.99844174064736e+04 
9.85306321990684e+01 9.99860828318787e+04 
9.86885141869873e+01 9.99879645837713e+04 
9.88463960415929e+01 9.99897564903740e+04 
9.90042760737878e+01 9.99915025580173e+04 
9.91621528526767e+01 9.99931850716804e+04 
9.93200261516929e+01 9.99950766869159e+04 
9.94778958586317e+01 9.99972481897777e+04 
9.96357631314534e+01 9.99995324993779e+04 
9.97936285106285e+01 1.00001691209609e+05 
9.99514940149456e+01 1.00003627049967e+05 
1.00109360548212e+02 1.00005335962039e+05 
