# Liste des scalaires : TEMPS pmat 
0.00000000000000e+00 1.00000000000000e+05 
1.58013544018059e-01 1.00000000000000e+05 
3.16027088036117e-01 1.00000000000000e+05 
4.74040632054176e-01 1.00000000000000e+05 
6.32054176072234e-01 1.00000000000000e+05 
7.90067720090293e-01 1.00000000000000e+05 
9.48081264108351e-01 1.00000000000000e+05 
1.10609480812641e+00 1.00000000000000e+05 
1.26410835214447e+00 1.00000000000000e+05 
1.42212189616253e+00 1.00000000000000e+05 
1.58013544018058e+00 1.00000000000000e+05 
1.73814898419864e+00 1.00000000000000e+05 
1.89616252821670e+00 1.00000000000000e+05 
2.05417607223476e+00 1.00000000000000e+05 
2.21218961625282e+00 1.00000000000000e+05 
2.37020316027088e+00 1.00000000000000e+05 
2.52821670428893e+00 1.00000000000000e+05 
2.68623024830699e+00 1.00000000000000e+05 
2.84424379232505e+00 1.00000000000000e+05 
3.00225733634311e+00 1.00000000000000e+05 
3.16027088036116e+00 1.00000000000000e+05 
3.31828442437922e+00 1.00000000000000e+05 
3.47629796839728e+00 1.00000000000000e+05 
3.63431151241534e+00 1.00000000000000e+05 
3.79232505643340e+00 1.00000000000000e+05 
3.95033860045145e+00 1.00000000000000e+05 
4.10835214446951e+00 1.00000000000000e+05 
4.26636568848757e+00 1.00000000000000e+05 
4.42437923250563e+00 1.00000000000000e+05 
4.58239277652368e+00 1.00000000000000e+05 
4.74040632054174e+00 1.00000000000000e+05 
4.89841986455980e+00 1.00000000000000e+05 
5.05643340857771e+00 1.00000000000000e+05 
5.21444695259555e+00 1.00000000000000e+05 
5.37246049661106e+00 1.00000000000000e+05 
5.53047404062163e+00 1.00000000000000e+05 
5.68848758460807e+00 1.00000000000000e+05 
5.84650112860433e+00 1.00000000000000e+05 
6.00451467131846e+00 1.00000000000000e+05 
6.16252820860419e+00 1.00000000000000e+05 
6.32054173855849e+00 1.00000000000000e+05 
6.47855526263600e+00 1.00000000000000e+05 
6.63656878322570e+00 1.00000000000000e+05 
6.79458230116958e+00 1.00000000000000e+05 
6.95259581572868e+00 1.00000000000000e+05 
7.11060926486710e+00 1.00000000000000e+05 
7.26862123211782e+00 1.00000000000000e+05 
7.42662869286748e+00 1.00000000000000e+05 
7.58462797993242e+00 1.00000000000000e+05 
7.74261562363004e+00 1.00000000000000e+05 
7.90058972087802e+00 1.00000000000000e+05 
8.05854876760864e+00 1.00000000000000e+05 
8.21649327583521e+00 1.00000000000000e+05 
8.37442375590179e+00 1.00000000000000e+05 
8.53234121474706e+00 1.00000000000000e+05 
8.69024692780629e+00 1.00000000000000e+05 
8.84814294511368e+00 1.00000000000000e+05 
9.00603027516490e+00 1.00000000000000e+05 
9.16391060602912e+00 1.00000000000000e+05 
9.32178516379403e+00 1.00000000000000e+05 
9.47965513838773e+00 1.00000000000000e+05 
9.63751817790166e+00 1.00000000000000e+05 
9.79537550224774e+00 1.00000000000000e+05 
9.95322697641788e+00 1.00000000000000e+05 
1.01110732028936e+01 1.00000000000000e+05 
1.02689146274544e+01 1.00000000000000e+05 
1.04267523201822e+01 1.00000000000000e+05 
1.05845878187241e+01 1.00000000000000e+05 
1.07424234235056e+01 1.00000000000000e+05 
1.09002605183067e+01 1.00000000000000e+05 
1.10581011989153e+01 1.00000000000000e+05 
1.12159469760981e+01 1.00000000000000e+05 
1.13737958277871e+01 1.00000000000000e+05 
1.15316485112955e+01 1.00000000000000e+05 
1.16895059234703e+01 1.00000000000000e+05 
1.18473678135275e+01 1.00000000000000e+05 
1.20052343190564e+01 1.00000000000000e+05 
1.21631037930394e+01 1.00000000000000e+05 
1.23209755736488e+01 1.00000000000000e+05 
1.24788506295067e+01 1.00000000000000e+05 
1.26367295773036e+01 1.00000000000000e+05 
1.27946116815903e+01 1.00000000000000e+05 
1.29524970895918e+01 1.00000000000000e+05 
1.31103853882209e+01 1.00000000000000e+05 
1.32682764852580e+01 1.00000000000000e+05 
1.34261706139616e+01 1.00000000000000e+05 
1.35840685957871e+01 1.00000000000000e+05 
1.37419698795382e+01 1.00000000000000e+05 
1.38998748238769e+01 1.00000000000000e+05 
1.40577825863761e+01 1.00000000000000e+05 
1.42156900780669e+01 1.00000000000000e+05 
1.43735971547495e+01 1.00000000000000e+05 
1.45315042337418e+01 1.00000000000000e+05 
1.46894115576050e+01 1.00000000000000e+05 
1.48473186395545e+01 1.00000000000000e+05 
1.50052256719272e+01 1.00000000000000e+05 
1.51631330578148e+01 1.00000000000000e+05 
1.53210408171837e+01 1.00000000000000e+05 
1.54789489338296e+01 1.00000000000000e+05 
1.56368576354914e+01 1.00000000000000e+05 
1.57947669611646e+01 1.00000000000000e+05 
1.59526770505537e+01 1.00000000000000e+05 
1.61105878565459e+01 1.00000000000000e+05 
1.62684993007154e+01 1.00000000000000e+05 
1.64264117696543e+01 1.00000000000000e+05 
1.65843252894251e+01 1.00000000000000e+05 
1.67422394503545e+01 1.00000000000000e+05 
1.69001543231263e+01 1.00000000000000e+05 
1.70580702178261e+01 1.00000000000000e+05 
1.72159869071440e+01 1.00000000000000e+05 
1.73739045484328e+01 1.00000000000000e+05 
1.75318230870977e+01 1.00000000000000e+05 
1.76897420386758e+01 1.00000000000000e+05 
1.78476617082648e+01 1.00000000000000e+05 
1.80055822852594e+01 1.00000000000000e+05 
1.81635032871374e+01 1.00000000000000e+05 
1.83214252006964e+01 1.00000000000000e+05 
1.84793480458620e+01 1.00000000000000e+05 
1.86372715456650e+01 1.00000000000000e+05 
1.87951957601081e+01 1.00000000000000e+05 
1.89531209484135e+01 1.00000000000000e+05 
1.91110441089809e+01 1.00000000000000e+05 
1.92689571504680e+01 1.00000000000000e+05 
1.94268607791625e+01 1.00000000000000e+05 
1.95847566159270e+01 1.00000000000000e+05 
1.97426455229279e+01 1.00000000000000e+05 
1.99005279081235e+01 1.00000000000000e+05 
2.00584049686281e+01 1.00000000000000e+05 
2.02162789927353e+01 1.00000000000000e+05 
2.03741510118332e+01 1.00000000000000e+05 
2.05320225312322e+01 1.00000000000000e+05 
2.06898943694514e+01 1.00000000000000e+05 
2.08477672335517e+01 1.00000000000000e+05 
2.10056381883608e+01 1.00000000000000e+05 
2.11635073392954e+01 1.00000000000000e+05 
2.13213744206154e+01 1.00000000000000e+05 
2.14792406064660e+01 1.00000000000000e+05 
2.16371055052497e+01 1.00000000000000e+05 
2.17949698598769e+01 1.00000000000000e+05 
2.19528346543289e+01 1.00000000000000e+05 
2.21107022379036e+01 1.00000000000000e+05 
2.22685735446671e+01 1.00000000000000e+05 
2.24264499128177e+01 1.00000000000000e+05 
2.25843313783613e+01 1.00000000000000e+05 
2.27422178371839e+01 1.00000000000000e+05 
2.29001082195325e+01 1.00000000000000e+05 
2.30580026165052e+01 1.00000000000000e+05 
2.32159006750456e+01 1.00000000000000e+05 
2.33738008250518e+01 1.00000000000000e+05 
2.35317021841015e+01 1.00000000000000e+05 
2.36896047805334e+01 1.00000000000000e+05 
2.38475089535193e+01 1.00000000000000e+05 
2.40054144059897e+01 1.00000000000000e+05 
2.41633212527943e+01 1.00000000000000e+05 
2.43212294708959e+01 1.00000000000000e+05 
2.44791391765311e+01 1.00000000000000e+05 
2.46370501927731e+01 1.00000000000000e+05 
2.47949629062368e+01 1.00000000000000e+05 
2.49528766385629e+01 1.00000000000000e+05 
2.51107912664912e+01 1.00000000000000e+05 
2.52687065421895e+01 1.00000000000000e+05 
2.54266227275827e+01 1.00000000000000e+05 
2.55845402635157e+01 1.00000000000000e+05 
2.57424589006128e+01 1.00000000000000e+05 
2.59003774090588e+01 1.00000000000000e+05 
2.60582956021659e+01 1.00000000000000e+05 
2.62162142568713e+01 1.00000000000000e+05 
2.63741334755089e+01 1.00000000000000e+05 
2.65320531896202e+01 1.00000000000000e+05 
2.66899728755107e+01 1.00000000000000e+05 
2.68478922917635e+01 1.00000000000000e+05 
2.70058116301977e+01 1.00000000000000e+05 
2.71637307927613e+01 1.00000000000000e+05 
2.73216502821697e+01 1.00000000000000e+05 
2.74795690311203e+01 1.00000000000000e+05 
2.76374879055499e+01 1.00000000000000e+05 
2.77954041756501e+01 1.00000000000000e+05 
2.79533191433170e+01 1.00000000000000e+05 
2.81112322788099e+01 1.00000000000000e+05 
2.82691420252821e+01 1.00000000000000e+05 
2.84270498359011e+01 1.00000000000000e+05 
2.85849551367456e+01 1.00000000000000e+05 
2.87428577035279e+01 1.00000000000000e+05 
2.89007576935424e+01 1.00000000000000e+05 
2.90586554385742e+01 1.00000000000000e+05 
2.92165508783833e+01 1.00000000000000e+05 
2.93744443359554e+01 1.00000000000000e+05 
2.95323353920958e+01 1.00000000000000e+05 
2.96902253081402e+01 1.00000000000000e+05 
2.98481142776169e+01 1.00000000000000e+05 
3.00059979647156e+01 1.00000000000000e+05 
3.01638770985754e+01 1.00000000000000e+05 
3.03217523516603e+01 1.00000000000000e+05 
3.04796254231717e+01 1.00000000000000e+05 
3.06374979890028e+01 1.00000000000000e+05 
3.07953682566008e+01 1.00000000000000e+05 
3.09532360866590e+01 1.00000000000000e+05 
3.11111009485845e+01 1.00000000000000e+05 
3.12689642148262e+01 1.00000000000000e+05 
3.14268269801884e+01 1.00000000000000e+05 
3.15846899752751e+01 1.00000000000000e+05 
3.17425539745552e+01 1.00000000000000e+05 
3.19004203627167e+01 1.00000000000000e+05 
3.20582896401381e+01 1.00000000000000e+05 
3.22161632234601e+01 1.00000000000000e+05 
3.23740425511432e+01 1.00000000000000e+05 
3.25319290751244e+01 1.00000000000004e+05 
3.26898202982419e+01 1.00000000000029e+05 
3.28477131228900e+01 1.00000000000180e+05 
3.30056072961437e+01 1.00000000031096e+05 
3.31635023672678e+01 1.00000000330713e+05 
3.33213991393358e+01 1.00000000858065e+05 
3.34792973573956e+01 1.00000001352274e+05 
3.36371967535133e+01 1.00000002134322e+05 
3.37950973023584e+01 1.00000003398543e+05 
3.39529995672097e+01 1.00000005331162e+05 
3.41109029852060e+01 1.00000008133954e+05 
3.42688076087386e+01 1.00000012667553e+05 
3.44267132713632e+01 1.00000020323030e+05 
3.45846196509400e+01 1.00000031627163e+05 
3.47425273496765e+01 1.00000048347002e+05 
3.49004361808860e+01 1.00000069791024e+05 
3.50583454950604e+01 1.00000100350249e+05 
3.52162538750963e+01 1.00000144037704e+05 
3.53741611804014e+01 1.00000210658186e+05 
3.55320682312856e+01 1.00000300120699e+05 
3.56899754216115e+01 1.00000419615313e+05 
3.58478829107651e+01 1.00000558205075e+05 
3.60057904151544e+01 1.00000735636532e+05 
3.61636981099972e+01 1.00000966875555e+05 
3.63216068904539e+01 1.00001283840252e+05 
3.64795154283054e+01 1.00001662291142e+05 
3.66374236436593e+01 1.00002110136213e+05 
3.67953327010769e+01 1.00002566746560e+05 
3.69532427717678e+01 1.00003077661054e+05 
3.71111532244148e+01 1.00003678163006e+05 
3.72690630548262e+01 1.00004406864244e+05 
3.74269718145581e+01 1.00005160254166e+05 
3.75848778454541e+01 1.00005925729983e+05 
3.77427791017932e+01 1.00006572582710e+05 
3.79006746564164e+01 1.00007162621909e+05 
3.80585658512143e+01 1.00007801206210e+05 
3.82164521350274e+01 1.00008484327499e+05 
3.83743339522929e+01 1.00009049376969e+05 
3.85322143263643e+01 1.00009493226529e+05 
3.86900941565614e+01 1.00009720067730e+05 
3.88479738779336e+01 1.00009777867595e+05 
3.90058528607593e+01 1.00009867274679e+05 
3.91637297505779e+01 1.00009966625604e+05 
3.93216059461941e+01 1.00009898274392e+05 
3.94794833120710e+01 1.00009694431469e+05 
3.96373600136444e+01 1.00009302797251e+05 
3.97952355988724e+01 1.00008782252454e+05 
3.99531105564116e+01 1.00008362126620e+05 
4.01109853768128e+01 1.00007916889250e+05 
4.02688608742397e+01 1.00007340328830e+05 
4.04267381798270e+01 1.00006672480070e+05 
4.05846137319020e+01 1.00005922062142e+05 
4.07424858509869e+01 1.00005127899817e+05 
4.09003545163728e+01 1.00004476979729e+05 
4.10582217788816e+01 1.00003808657278e+05 
4.12160877638797e+01 1.00003081993260e+05 
4.13739537347660e+01 1.00002312935212e+05 
4.15318203524083e+01 1.00001544334723e+05 
4.16896877430492e+01 1.00000809935957e+05 
4.18475567572815e+01 1.00000182290784e+05 
4.20054296452478e+01 9.99995225263521e+04 
4.21633067849416e+01 9.99988461618919e+04 
4.23211896909693e+01 9.99981451275301e+04 
4.24790781339048e+01 9.99974685781462e+04 
4.26369644682292e+01 9.99968876247492e+04 
4.27948546539027e+01 9.99963665785520e+04 
4.29527445839470e+01 9.99958662376227e+04 
4.31106359297670e+01 9.99954635815578e+04 
4.32685306520852e+01 9.99951050370912e+04 
4.34264288504664e+01 9.99948146456526e+04 
4.35843293098335e+01 9.99946775798633e+04 
4.37422323857132e+01 9.99945929140468e+04 
4.39001362271449e+01 9.99945518713727e+04 
4.40580408935821e+01 9.99946125505949e+04 
4.42159461004656e+01 9.99947242639380e+04 
4.43738520952394e+01 9.99948269474003e+04 
4.45317586334686e+01 9.99949571519429e+04 
4.46896655731558e+01 9.99950047138536e+04 
4.48475732386247e+01 9.99950357262978e+04 
4.50054818277984e+01 9.99951484334646e+04 
4.51633912296472e+01 9.99952834138665e+04 
4.53213012689940e+01 9.99954126242330e+04 
4.54792124514439e+01 9.99955526901559e+04 
4.56371248172869e+01 9.99955937381482e+04 
4.57950380337933e+01 9.99956144753212e+04 
4.59529529680012e+01 9.99957659368461e+04 
4.61108663642278e+01 9.99960356803012e+04 
4.62687784498702e+01 9.99963508998502e+04 
4.64266899654798e+01 9.99967185756256e+04 
4.65846018793389e+01 9.99969830466435e+04 
4.67425141840204e+01 9.99972129420919e+04 
4.69004273753813e+01 9.99975495154065e+04 
4.70583412575278e+01 9.99980068660329e+04 
4.72162558287896e+01 9.99984892787258e+04 
4.73741661075397e+01 9.99989678066012e+04 
4.75320700293228e+01 9.99993318358739e+04 
4.76899693645184e+01 9.99996180241124e+04 
4.78478625125830e+01 9.99999538575856e+04 
4.80057508638390e+01 1.00000351485704e+05 
4.81636362087960e+01 1.00000756591013e+05 
4.83215191917349e+01 1.00001104790613e+05 
4.84794017791262e+01 1.00001363252533e+05 
4.86372824178603e+01 1.00001580186973e+05 
4.87951610644304e+01 1.00001777232080e+05 
4.89530401011878e+01 1.00001974349670e+05 
4.91109183405868e+01 1.00002150084722e+05 
4.92687968866861e+01 1.00002261116928e+05 
4.94266754364972e+01 1.00002318804518e+05 
4.95845515595664e+01 1.00002391797116e+05 
4.97424261075137e+01 1.00002419347034e+05 
4.99003006335041e+01 1.00002422266241e+05 
5.00581763017773e+01 1.00002393018880e+05 
5.02160540122954e+01 1.00002306609739e+05 
5.03739320513093e+01 1.00002204867741e+05 
5.05318084517488e+01 1.00002127003972e+05 
5.06896830101217e+01 1.00001974259382e+05 
5.08475554530749e+01 1.00001795177909e+05 
5.10054253922244e+01 1.00001588803054e+05 
5.11632927122317e+01 1.00001351558273e+05 
5.13211591090027e+01 1.00001131909779e+05 
5.14790271138448e+01 1.00000929546485e+05 
5.16368950153983e+01 1.00000653083636e+05 
5.17947643683201e+01 1.00000357962657e+05 
5.19526361004011e+01 1.00000085340966e+05 
5.21105113953299e+01 9.99998273456737e+04 
5.22683913894592e+01 9.99995868201225e+04 
5.24262776968112e+01 9.99993026650898e+04 
5.25841708838473e+01 9.99989337289230e+04 
5.27420666524036e+01 9.99985289867578e+04 
5.28999618489546e+01 9.99981628511401e+04 
5.30578577998667e+01 9.99978285342181e+04 
5.32157572283380e+01 9.99974830715871e+04 
5.33736576041167e+01 9.99970189100288e+04 
5.35315607809438e+01 9.99964699915226e+04 
5.36894666299000e+01 9.99958954622559e+04 
5.38473734460421e+01 9.99954315209037e+04 
5.40052812691421e+01 9.99950654562180e+04 
5.41631892761518e+01 9.99947072427414e+04 
5.43210976391154e+01 9.99942298285539e+04 
5.44790065647947e+01 9.99937562758488e+04 
5.46369153234515e+01 9.99933172501714e+04 
5.47948247591204e+01 9.99930497647233e+04 
5.49527345816088e+01 9.99929098466482e+04 
5.51106448015583e+01 9.99927415912671e+04 
5.52685553466649e+01 9.99924593617883e+04 
5.54264665842849e+01 9.99922319340577e+04 
5.55843786559346e+01 9.99920574137455e+04 
5.57422916964500e+01 9.99920408599668e+04 
5.59002049245996e+01 9.99921282331564e+04 
5.60581165652534e+01 9.99921708711005e+04 
5.62160267790978e+01 9.99921637903950e+04 
5.63739360456862e+01 9.99922653334887e+04 
5.65318446490167e+01 9.99924499198197e+04 
5.66897535039061e+01 9.99927424906280e+04 
5.68476637724107e+01 9.99930828916471e+04 
5.70055749148130e+01 9.99933437854632e+04 
5.71634862686760e+01 9.99936216666257e+04 
5.73213958959964e+01 9.99940138571392e+04 
5.74793010243427e+01 9.99944716793552e+04 
5.76372006427965e+01 9.99949566550011e+04 
5.77950939663717e+01 9.99954055275071e+04 
5.79529832749989e+01 9.99957475413163e+04 
5.81108693165340e+01 9.99961689791616e+04 
5.82687509560842e+01 9.99967078852813e+04 
5.84266313769464e+01 9.99973264546231e+04 
5.85845125473362e+01 9.99979382550004e+04 
5.87423932111164e+01 9.99984628594574e+04 
5.89002729936823e+01 9.99988870055302e+04 
5.90581527151859e+01 9.99994285943230e+04 
5.92160322137457e+01 1.00000043808380e+05 
5.93739114996228e+01 1.00000727470531e+05 
5.95317886882425e+01 1.00001359035574e+05 
5.96896638636060e+01 1.00001897726412e+05 
5.98475378197668e+01 1.00002365744965e+05 
6.00054119865173e+01 1.00002957004321e+05 
6.01632862541559e+01 1.00003559847357e+05 
6.03211632133958e+01 1.00004192264740e+05 
6.04790393685606e+01 1.00004759247219e+05 
6.06369130750726e+01 1.00005255845192e+05 
6.07947845152142e+01 1.00005737370767e+05 
6.09526543879465e+01 1.00006317179787e+05 
6.11105223433906e+01 1.00006828441586e+05 
6.12683891572993e+01 1.00007269008830e+05 
6.14262556334736e+01 1.00007630899175e+05 
6.15841213812268e+01 1.00007944900369e+05 
6.17419872970758e+01 1.00008288905862e+05 
6.18998556369791e+01 1.00008635161013e+05 
6.20577270573682e+01 1.00008790173390e+05 
6.22156028064752e+01 1.00008806043569e+05 
6.23734839507439e+01 1.00008742113894e+05 
6.25313719458757e+01 1.00008633799366e+05 
6.26892653364233e+01 1.00008623834102e+05 
6.28471589494630e+01 1.00008532037882e+05 
6.30050539658638e+01 1.00008216688275e+05 
6.31629516032019e+01 1.00007720041067e+05 
6.33208526762621e+01 1.00007179153117e+05 
6.34787557016783e+01 1.00006651141404e+05 
6.36366621209855e+01 1.00006277194101e+05 
6.37945707388512e+01 1.00005762892966e+05 
6.39524799651022e+01 1.00005024067291e+05 
6.41103898945289e+01 1.00004117493074e+05 
6.42682996768123e+01 1.00003230414508e+05 
6.44262099946042e+01 1.00002405325633e+05 
6.45841203235132e+01 1.00001746069355e+05 
6.47420308141056e+01 1.00000918775556e+05 
6.48999413857551e+01 9.99999577336287e+04 
6.50578522130705e+01 9.99988994888343e+04 
6.52157621383260e+01 9.99979127121085e+04 
6.53736716684331e+01 9.99970617251197e+04 
6.55315818735089e+01 9.99963171101907e+04 
6.56894924466357e+01 9.99954575163980e+04 
6.58474019305714e+01 9.99946492448720e+04 
6.60053094171804e+01 9.99938366149378e+04 
6.61632151021049e+01 9.99931450485436e+04 
6.63211194929648e+01 9.99925373193831e+04 
6.64790238951629e+01 9.99920132675145e+04 
6.66369283078166e+01 9.99914545328431e+04 
6.67948331393927e+01 9.99910593287784e+04 
6.69527394440034e+01 9.99907417316114e+04 
6.71106470639483e+01 9.99905140962845e+04 
6.72685553183821e+01 9.99903135886745e+04 
6.74264597024061e+01 9.99900735567337e+04 
6.75843590419925e+01 9.99899310197801e+04 
6.77422535684911e+01 9.99900306304617e+04 
6.79001426201263e+01 9.99902636475895e+04 
6.80580282864847e+01 9.99905169610788e+04 
6.82159111158328e+01 9.99907332467828e+04 
6.83737930861987e+01 9.99908481034494e+04 
6.85316731580176e+01 9.99911101983960e+04 
6.86895517906449e+01 9.99916548038926e+04 
6.88474307150474e+01 9.99923568014325e+04 
6.90053081989569e+01 9.99930588873457e+04 
6.91631854542290e+01 9.99936957362038e+04 
6.93210605590817e+01 9.99941767300102e+04 
6.94789329603387e+01 9.99948510800789e+04 
6.96368026296308e+01 9.99957677522544e+04 
6.97946722052352e+01 9.99968226744382e+04 
6.99525422636531e+01 9.99978359252737e+04 
7.01104134175452e+01 9.99987568648972e+04 
7.02682863349460e+01 9.99995284755616e+04 
7.04261613776249e+01 1.00000455977476e+05 
7.05840389189998e+01 1.00001479275453e+05 
7.07419152096647e+01 1.00002585723638e+05 
7.08997875851045e+01 1.00003632216417e+05 
7.10576561988164e+01 1.00004557511182e+05 
7.12155224399363e+01 1.00005356932928e+05 
7.13733888211252e+01 1.00006236876088e+05 
7.15312552146323e+01 1.00007041905872e+05 
7.16891217538037e+01 1.00007817102768e+05 
7.18469894024299e+01 1.00008473802973e+05 
7.20048591249784e+01 1.00009066074586e+05 
7.21627323468697e+01 1.00009569883976e+05 
7.23206109024455e+01 1.00010045470919e+05 
7.24784954490941e+01 1.00010316588034e+05 
7.26363845290400e+01 1.00010440504769e+05 
7.27942734676224e+01 1.00010457914665e+05 
7.29521620226019e+01 1.00010455437955e+05 
7.31100537643340e+01 1.00010472499578e+05 
7.32679464204612e+01 1.00010323188137e+05 
7.34258410448585e+01 1.00009871236477e+05 
7.35837409539245e+01 1.00009250877677e+05 
7.37416437257822e+01 1.00008605475323e+05 
7.38995475254834e+01 1.00007974421473e+05 
7.40574552767677e+01 1.00007417256525e+05 
7.42153656889771e+01 1.00006629409568e+05 
7.43732764020060e+01 1.00005595045928e+05 
7.45311875013272e+01 1.00004405236942e+05 
7.46890982702211e+01 1.00003290673711e+05 
7.48470091952905e+01 1.00002241431337e+05 
7.50049203089887e+01 1.00001343797425e+05 
7.51628314776675e+01 1.00000244442261e+05 
7.53207423108823e+01 9.99990154473264e+04 
7.54786534052723e+01 9.99977218579027e+04 
7.56365652919325e+01 9.99965703164782e+04 
7.57944760696322e+01 9.99955791371426e+04 
7.59523842322763e+01 9.99947236009694e+04 
7.61102907052860e+01 9.99937577808290e+04 
7.62681956345978e+01 9.99928265173525e+04 
7.64260997846199e+01 9.99919340347375e+04 
7.65840035006254e+01 9.99912161404542e+04 
7.67419079524643e+01 9.99906071867721e+04 
7.68998130220342e+01 9.99900924902082e+04 
7.70577190529444e+01 9.99895611362556e+04 
7.72156246322281e+01 9.99891885692853e+04 
7.73735304351853e+01 9.99889377004148e+04 
7.75314321962536e+01 9.99888156924029e+04 
7.76893280918668e+01 9.99887355467376e+04 
7.78472194406838e+01 9.99886215417317e+04 
7.80051082848022e+01 9.99886706006842e+04 
7.81629925315635e+01 9.99889359516886e+04 
7.83208748693117e+01 9.99893213167242e+04 
7.84787573742400e+01 9.99897896888668e+04 
7.86366399901977e+01 9.99902483727806e+04 
7.87945213840157e+01 9.99906192095981e+04 
7.89524022580153e+01 9.99911843405075e+04 
7.91102822345851e+01 9.99919988717335e+04 
7.92681598504246e+01 9.99929622036417e+04 
7.94260346032737e+01 9.99939032745559e+04 
7.95839065415183e+01 9.99948224383687e+04 
7.97417762739281e+01 9.99955887418322e+04 
7.98996452426869e+01 9.99965678311118e+04 
8.00575144475735e+01 9.99977258238398e+04 
8.02153853484350e+01 9.99990095963149e+04 
8.03732595753060e+01 1.00000207046691e+05 
8.05311360044327e+01 1.00001301008849e+05 
8.06890123775687e+01 1.00002262060296e+05 
8.08468842047536e+01 1.00003356487215e+05 
8.10047525333100e+01 1.00004482366039e+05 
8.11626191499556e+01 1.00005626324483e+05 
8.13204847650461e+01 1.00006611302222e+05 
8.14783488435453e+01 1.00007480041988e+05 
8.16362118439805e+01 1.00008230421041e+05 
8.17940760681954e+01 1.00009021765693e+05 
8.19519420697887e+01 1.00009663938469e+05 
8.21098112939899e+01 1.00010183895742e+05 
8.22676847318654e+01 1.00010553844355e+05 
8.24255638214298e+01 1.00010811393379e+05 
8.25834499430324e+01 1.00011057213490e+05 
8.27413394366513e+01 1.00011172869665e+05 
8.28992294477559e+01 1.00011052474336e+05 
8.30571223195795e+01 1.00010773812935e+05 
8.32150170578953e+01 1.00010418135419e+05 
8.33729147817309e+01 1.00010029974492e+05 
8.35308144311052e+01 1.00009696828657e+05 
8.36887168341859e+01 1.00009162417170e+05 
8.38466229777523e+01 1.00008371123052e+05 
8.40045316549114e+01 1.00007418406860e+05 
8.41624411095586e+01 1.00006484974867e+05 
8.43203503968559e+01 1.00005611799338e+05 
8.44782605557664e+01 1.00004850427884e+05 
8.46361711006565e+01 1.00003884760457e+05 
8.47940815795453e+01 1.00002723902479e+05 
8.49519911103720e+01 1.00001474018596e+05 
8.51098990973984e+01 1.00000343266324e+05 
8.52678065112851e+01 9.99993230412161e+04 
8.54257138686154e+01 9.99984430352182e+04 
8.55836217801970e+01 9.99974362490746e+04 
8.57415292183254e+01 9.99963924479814e+04 
8.58994341398339e+01 9.99953446671194e+04 
8.60573367332196e+01 9.99944093374619e+04 
8.62152374038746e+01 9.99936503513569e+04 
8.63731375811182e+01 9.99930131974286e+04 
8.65310375987192e+01 9.99923137154416e+04 
8.66889375552248e+01 9.99917045345128e+04 
8.68468385039286e+01 9.99911712170883e+04 
8.70047412609430e+01 9.99907685774898e+04 
8.71626443614392e+01 9.99904531290538e+04 
8.73205479962068e+01 9.99901697881088e+04 
8.74784503206073e+01 9.99899624844327e+04 
8.76363495572885e+01 9.99899222059294e+04 
8.77942431849901e+01 9.99899991186158e+04 
8.79521325309210e+01 9.99901484767976e+04 
8.81100185611205e+01 9.99903132053397e+04 
8.82679028525337e+01 9.99904299372482e+04 
8.84257843073351e+01 9.99906988133466e+04 
8.85836638116007e+01 9.99912030861019e+04 
8.87415446242167e+01 9.99918519227985e+04 
8.88994240315965e+01 9.99925091160399e+04 
8.90573022819536e+01 9.99931370510288e+04 
8.92151767527825e+01 9.99936730541532e+04 
8.93730477224399e+01 9.99943865907285e+04 
8.95309156458027e+01 9.99953158662159e+04 
8.96887826912112e+01 9.99963676103003e+04 
8.98466499713213e+01 9.99973353106887e+04 
9.00045176380459e+01 9.99982514067687e+04 
9.01623865154936e+01 9.99990550450658e+04 
9.03202569356564e+01 1.00000021526220e+05 
9.04781297063303e+01 1.00001083341470e+05 
9.06360054524564e+01 1.00002215907730e+05 
9.07938823357972e+01 1.00003268661188e+05 
9.09517541470789e+01 1.00004193242511e+05 
9.11096225648372e+01 1.00005022916568e+05 
9.12674903529327e+01 1.00005955787248e+05 
9.14253570626701e+01 1.00006843461919e+05 
9.15832226822998e+01 1.00007690551696e+05 
9.17410881565195e+01 1.00008379257213e+05 
9.18989546135373e+01 1.00008968807937e+05 
9.20568232887804e+01 1.00009492252057e+05 
9.22146961573564e+01 1.00009984103143e+05 
9.23725738596910e+01 1.00010313738509e+05 
9.25304579588404e+01 1.00010505832519e+05 
9.26883440768282e+01 1.00010518371221e+05 
9.28462302163992e+01 1.00010523608139e+05 
9.30041188904351e+01 1.00010547751927e+05 
9.31620089406748e+01 1.00010424469977e+05 
9.33199003766930e+01 1.00010050630725e+05 
9.34777965434557e+01 1.00009533795983e+05 
9.36356962709857e+01 1.00008958063904e+05 
9.37935970223798e+01 1.00008372330425e+05 
9.39515016043418e+01 1.00007875569959e+05 
9.41094095639123e+01 1.00007195527839e+05 
9.42673176496791e+01 1.00006271840332e+05 
9.44252272261732e+01 1.00005221881015e+05 
9.45831367419679e+01 1.00004215692275e+05 
9.47410472060425e+01 1.00003272765430e+05 
9.48989573503301e+01 1.00002465425610e+05 
9.50568658739766e+01 1.00001465045723e+05 
9.52147728697819e+01 1.00000341779347e+05 
9.53726794597599e+01 9.99991515169831e+04 
9.55305867647987e+01 9.99980672723675e+04 
9.56884942753968e+01 9.99971167333538e+04 
9.58463997516093e+01 9.99962898871284e+04 
9.60043026249207e+01 9.99953490073038e+04 
9.61622035600294e+01 9.99944276723004e+04 
9.63201032160052e+01 9.99935434856296e+04 
9.64780023140949e+01 9.99927858860057e+04 
9.66359014564617e+01 9.99921431135269e+04 
9.67938016196219e+01 9.99916073413891e+04 
9.69517021660862e+01 9.99910373226621e+04 
9.71096039307884e+01 9.99905923578969e+04 
9.72675053659434e+01 9.99902539027713e+04 
9.74254084969254e+01 9.99900318112199e+04 
9.75833089937247e+01 9.99898768409161e+04 
9.77412039501997e+01 9.99897073608233e+04 
9.78990956464850e+01 9.99896489501181e+04 
9.80569824734498e+01 9.99898056530419e+04 
9.82148662686850e+01 9.99900859690112e+04 
9.83727491375352e+01 9.99904280935498e+04 
9.85306321990684e+01 9.99907799451439e+04 
9.86885141869873e+01 9.99910593822238e+04 
9.88463960415929e+01 9.99915094896053e+04 
9.90042760737878e+01 9.99921849980543e+04 
9.91621528526767e+01 9.99930044727291e+04 
9.93200261516929e+01 9.99938094858942e+04 
9.94778958586317e+01 9.99945673573057e+04 
9.96357631314534e+01 9.99952051180933e+04 
9.97936285106285e+01 9.99960408184151e+04 
9.99514940149456e+01 9.99970505513774e+04 
1.00109360548212e+02 9.99981847739492e+04 
