# Liste des scalaires : TEMPS pmat 
0.00000000000000e+00 1.00000000000000e+05 
1.58013544018059e-01 1.00000000000000e+05 
3.16027088036117e-01 1.00000000000000e+05 
4.74040632054176e-01 1.00000000000000e+05 
6.32054176072234e-01 1.00000000000000e+05 
7.90067720090293e-01 1.00000000000000e+05 
9.48081264108351e-01 1.00000000000000e+05 
1.10609480812641e+00 1.00000000000000e+05 
1.26410835214447e+00 1.00000000000000e+05 
1.42212189616253e+00 1.00000000000000e+05 
1.58013544018058e+00 1.00000000000000e+05 
1.73814898419864e+00 1.00000000000000e+05 
1.89616252821670e+00 1.00000000000000e+05 
2.05417607223476e+00 1.00000000000000e+05 
2.21218961625282e+00 1.00000000000000e+05 
2.37020316027088e+00 1.00000000000000e+05 
2.52821670428893e+00 1.00000000000000e+05 
2.68623024830699e+00 1.00000000000000e+05 
2.84424379232505e+00 1.00000000000000e+05 
3.00225733634311e+00 1.00000000000000e+05 
3.16027088036116e+00 1.00000000000000e+05 
3.31828442437922e+00 1.00000000000000e+05 
3.47629796839728e+00 1.00000000000000e+05 
3.63431151241534e+00 1.00000000000000e+05 
3.79232505643340e+00 1.00000000000000e+05 
3.95033860045145e+00 1.00000000000000e+05 
4.10835214446951e+00 1.00000000000000e+05 
4.26636568848757e+00 1.00000000000000e+05 
4.42437923250563e+00 1.00000000000000e+05 
4.58239277652368e+00 1.00000000000000e+05 
4.74040632054174e+00 1.00000000000000e+05 
4.89841986455980e+00 1.00000000000000e+05 
5.05643340857771e+00 1.00000000000000e+05 
5.21444695259555e+00 1.00000000000000e+05 
5.37246049661106e+00 1.00000000000000e+05 
5.53047404062163e+00 1.00000000000000e+05 
5.68848758460807e+00 1.00000000000000e+05 
5.84650112860433e+00 1.00000000000000e+05 
6.00451467131846e+00 1.00000000000000e+05 
6.16252820860419e+00 1.00000000000000e+05 
6.32054173855849e+00 1.00000000000000e+05 
6.47855526263600e+00 1.00000000000000e+05 
6.63656878322570e+00 1.00000000000000e+05 
6.79458230116958e+00 1.00000000000000e+05 
6.95259581572868e+00 1.00000000000000e+05 
7.11060926486710e+00 1.00000000000000e+05 
7.26862123211782e+00 1.00000000000000e+05 
7.42662869286748e+00 1.00000000000000e+05 
7.58462797993242e+00 1.00000000000000e+05 
7.74261562363004e+00 1.00000000000000e+05 
7.90058972087802e+00 1.00000000000000e+05 
8.05854876760864e+00 1.00000000000000e+05 
8.21649327583521e+00 1.00000000000000e+05 
8.37442375590179e+00 1.00000000000000e+05 
8.53234121474706e+00 1.00000000000000e+05 
8.69024692780629e+00 1.00000000000000e+05 
8.84814294511368e+00 1.00000000000000e+05 
9.00603027516490e+00 1.00000000000000e+05 
9.16391060602912e+00 1.00000000000000e+05 
9.32178516379403e+00 1.00000000000000e+05 
9.47965513838773e+00 1.00000000000000e+05 
9.63751817790166e+00 1.00000000000000e+05 
9.79537550224774e+00 1.00000000000000e+05 
9.95322697641788e+00 1.00000000000000e+05 
1.01110732028936e+01 1.00000000000000e+05 
1.02689146274544e+01 1.00000000000000e+05 
1.04267523201822e+01 1.00000000000000e+05 
1.05845878187241e+01 1.00000000000000e+05 
1.07424234235056e+01 1.00000000000000e+05 
1.09002605183067e+01 1.00000000000000e+05 
1.10581011989153e+01 1.00000000000000e+05 
1.12159469760981e+01 1.00000000000000e+05 
1.13737958277871e+01 1.00000000000000e+05 
1.15316485112955e+01 1.00000000000000e+05 
1.16895059234703e+01 1.00000000000000e+05 
1.18473678135275e+01 1.00000000000000e+05 
1.20052343190564e+01 1.00000000000000e+05 
1.21631037930394e+01 1.00000000000000e+05 
1.23209755736488e+01 1.00000000000000e+05 
1.24788506295067e+01 1.00000000000000e+05 
1.26367295773036e+01 1.00000000000000e+05 
1.27946116815903e+01 1.00000000000000e+05 
1.29524970895918e+01 1.00000000000000e+05 
1.31103853882209e+01 1.00000000000000e+05 
1.32682764852580e+01 1.00000000000000e+05 
1.34261706139616e+01 1.00000000000000e+05 
1.35840685957871e+01 1.00000000000000e+05 
1.37419698795382e+01 1.00000000000000e+05 
1.38998748238769e+01 1.00000000000000e+05 
1.40577825863761e+01 1.00000000000000e+05 
1.42156900780669e+01 1.00000000000000e+05 
1.43735971547495e+01 1.00000000000000e+05 
1.45315042337418e+01 1.00000000000000e+05 
1.46894115576050e+01 1.00000000000000e+05 
1.48473186395545e+01 1.00000000000000e+05 
1.50052256719272e+01 1.00000000000000e+05 
1.51631330578148e+01 1.00000000000000e+05 
1.53210408171837e+01 1.00000000000000e+05 
1.54789489338296e+01 1.00000000000000e+05 
1.56368576354914e+01 1.00000000000000e+05 
1.57947669611646e+01 1.00000000000000e+05 
1.59526770505537e+01 1.00000000000000e+05 
1.61105878565459e+01 1.00000000000000e+05 
1.62684993007154e+01 1.00000000000000e+05 
1.64264117696543e+01 1.00000000000000e+05 
1.65843252894251e+01 1.00000000000000e+05 
1.67422394503545e+01 1.00000000000000e+05 
1.69001543231263e+01 1.00000000000000e+05 
1.70580702178261e+01 1.00000000000000e+05 
1.72159869071440e+01 1.00000000000000e+05 
1.73739045484328e+01 1.00000000000000e+05 
1.75318230870977e+01 1.00000000000000e+05 
1.76897420386758e+01 1.00000000000000e+05 
1.78476617082648e+01 1.00000000000000e+05 
1.80055822852594e+01 1.00000000000000e+05 
1.81635032871374e+01 1.00000000000000e+05 
1.83214252006964e+01 1.00000000000000e+05 
1.84793480458620e+01 1.00000000000000e+05 
1.86372715456650e+01 1.00000000000000e+05 
1.87951957601081e+01 1.00000000000000e+05 
1.89531209484135e+01 1.00000000000000e+05 
1.91110441089809e+01 1.00000000000000e+05 
1.92689571504680e+01 1.00000000000000e+05 
1.94268607791625e+01 1.00000000000000e+05 
1.95847566159270e+01 1.00000000000000e+05 
1.97426455229279e+01 1.00000000000000e+05 
1.99005279081235e+01 1.00000000000000e+05 
2.00584049686281e+01 1.00000000000000e+05 
2.02162789927353e+01 1.00000000000000e+05 
2.03741510118332e+01 1.00000000000000e+05 
2.05320225312322e+01 1.00000000000000e+05 
2.06898943694514e+01 1.00000000000000e+05 
2.08477672335517e+01 1.00000000000000e+05 
2.10056381883608e+01 1.00000000000000e+05 
2.11635073392954e+01 1.00000000000000e+05 
2.13213744206154e+01 1.00000000000000e+05 
2.14792406064660e+01 1.00000000000000e+05 
2.16371055052497e+01 1.00000000000000e+05 
2.17949698598769e+01 1.00000000000000e+05 
2.19528346543289e+01 1.00000000000000e+05 
2.21107022379036e+01 1.00000000000000e+05 
2.22685735446671e+01 1.00000000000000e+05 
2.24264499128177e+01 1.00000000000000e+05 
2.25843313783613e+01 1.00000000000000e+05 
2.27422178371839e+01 1.00000000000000e+05 
2.29001082195325e+01 1.00000000000000e+05 
2.30580026165052e+01 1.00000000000000e+05 
2.32159006750456e+01 1.00000000000000e+05 
2.33738008250518e+01 1.00000000000000e+05 
2.35317021841015e+01 1.00000000000000e+05 
2.36896047805334e+01 1.00000000000000e+05 
2.38475089535193e+01 1.00000000000000e+05 
2.40054144059897e+01 1.00000000000000e+05 
2.41633212527943e+01 1.00000000000000e+05 
2.43212294708959e+01 1.00000000000000e+05 
2.44791391765311e+01 1.00000000000000e+05 
2.46370501927731e+01 1.00000000000000e+05 
2.47949629062368e+01 1.00000000000000e+05 
2.49528766385629e+01 1.00000000000000e+05 
2.51107912664912e+01 1.00000000000000e+05 
2.52687065421895e+01 1.00000000000000e+05 
2.54266227275827e+01 1.00000000000000e+05 
2.55845402635157e+01 1.00000000000000e+05 
2.57424589006128e+01 1.00000000000000e+05 
2.59003774090588e+01 1.00000000000000e+05 
2.60582956021659e+01 1.00000000000000e+05 
2.62162142568713e+01 1.00000000000000e+05 
2.63741334755089e+01 1.00000000000000e+05 
2.65320531896202e+01 1.00000000000000e+05 
2.66899728755107e+01 1.00000000000000e+05 
2.68478922917635e+01 1.00000000000000e+05 
2.70058116301977e+01 1.00000000000000e+05 
2.71637307927613e+01 1.00000000000000e+05 
2.73216502821697e+01 1.00000000000000e+05 
2.74795690311203e+01 1.00000000000000e+05 
2.76374879055499e+01 1.00000000000000e+05 
2.77954041756501e+01 1.00000000000000e+05 
2.79533191433170e+01 1.00000000000000e+05 
2.81112322788099e+01 1.00000000000000e+05 
2.82691420252821e+01 1.00000000000000e+05 
2.84270498359011e+01 1.00000000000000e+05 
2.85849551367456e+01 1.00000000000000e+05 
2.87428577035279e+01 1.00000000000000e+05 
2.89007576935424e+01 1.00000000000000e+05 
2.90586554385742e+01 1.00000000000000e+05 
2.92165508783833e+01 1.00000000000000e+05 
2.93744443359554e+01 1.00000000000000e+05 
2.95323353920958e+01 1.00000000000000e+05 
2.96902253081402e+01 1.00000000000000e+05 
2.98481142776169e+01 1.00000000000000e+05 
3.00059979647156e+01 1.00000000000000e+05 
3.01638770985754e+01 1.00000000000000e+05 
3.03217523516603e+01 1.00000000000000e+05 
3.04796254231717e+01 1.00000000000000e+05 
3.06374979890028e+01 1.00000000000000e+05 
3.07953682566008e+01 1.00000000000000e+05 
3.09532360866590e+01 1.00000000000000e+05 
3.11111009485845e+01 1.00000000000000e+05 
3.12689642148262e+01 1.00000000000000e+05 
3.14268269801884e+01 1.00000000000000e+05 
3.15846899752751e+01 1.00000000000000e+05 
3.17425539745552e+01 1.00000000000000e+05 
3.19004203627167e+01 1.00000000000000e+05 
3.20582896401381e+01 1.00000000000000e+05 
3.22161632234601e+01 1.00000000000000e+05 
3.23740425511432e+01 1.00000000000000e+05 
3.25319290751244e+01 1.00000000000000e+05 
3.26898202982419e+01 1.00000000000000e+05 
3.28477131228900e+01 1.00000000000000e+05 
3.30056072961437e+01 1.00000000000000e+05 
3.31635023672678e+01 1.00000000000000e+05 
3.33213991393358e+01 1.00000000000000e+05 
3.34792973573956e+01 1.00000000000000e+05 
3.36371967535133e+01 1.00000000000006e+05 
3.37950973023584e+01 1.00000000000027e+05 
3.39529995672097e+01 1.00000000000174e+05 
3.41109029852060e+01 1.00000000006888e+05 
3.42688076087386e+01 1.00000000227365e+05 
3.44267132713632e+01 1.00000000913045e+05 
3.45846196509400e+01 1.00000001947499e+05 
3.47425273496765e+01 1.00000003764955e+05 
3.49004361808860e+01 1.00000006577326e+05 
3.50583454950604e+01 1.00000011875784e+05 
3.52162538750963e+01 1.00000019962292e+05 
3.53741611804014e+01 1.00000033757816e+05 
3.55320682312856e+01 1.00000056264514e+05 
3.56899754216115e+01 1.00000094049629e+05 
3.58478829107651e+01 1.00000148268126e+05 
3.60057904151544e+01 1.00000234473199e+05 
3.61636981099972e+01 1.00000347984773e+05 
3.63216068904539e+01 1.00000513174016e+05 
3.64795154283054e+01 1.00000741920606e+05 
3.66374236436593e+01 1.00001065777073e+05 
3.67953327010769e+01 1.00001462216798e+05 
3.69532427717678e+01 1.00001987982884e+05 
3.71111532244148e+01 1.00002571773898e+05 
3.72690630548262e+01 1.00003282622858e+05 
3.74269718145581e+01 1.00004107650152e+05 
3.75848778454541e+01 1.00005086578794e+05 
3.77427791017932e+01 1.00006114684228e+05 
3.79006746564164e+01 1.00007253054334e+05 
3.80585658512143e+01 1.00008323623846e+05 
3.82164521350274e+01 1.00009420247109e+05 
3.83743339522929e+01 1.00010510256446e+05 
3.85322143263643e+01 1.00011635710585e+05 
3.86900941565614e+01 1.00012707878414e+05 
3.88479738779336e+01 1.00013751468468e+05 
3.90058528607593e+01 1.00014621884543e+05 
3.91637297505779e+01 1.00015404442400e+05 
3.93216059461941e+01 1.00016075601678e+05 
3.94794833120710e+01 1.00016680661905e+05 
3.96373600136444e+01 1.00017193250391e+05 
3.97952355988724e+01 1.00017591067893e+05 
3.99531105564116e+01 1.00017758052459e+05 
4.01109853768128e+01 1.00017769168935e+05 
4.02688608742397e+01 1.00017604490516e+05 
4.04267381798270e+01 1.00017339557425e+05 
4.05846137319020e+01 1.00017018036137e+05 
4.07424858509869e+01 1.00016584254248e+05 
4.09003545163728e+01 1.00016013781759e+05 
4.10582217788816e+01 1.00015333676768e+05 
4.12160877638797e+01 1.00014562994943e+05 
4.13739537347660e+01 1.00013803818645e+05 
4.15318203524083e+01 1.00013091584786e+05 
4.16896877430492e+01 1.00012355385454e+05 
4.18475567572815e+01 1.00011583115360e+05 
4.20054296452478e+01 1.00010827154606e+05 
4.21633067849416e+01 1.00010041662230e+05 
4.23211896909693e+01 1.00009305406865e+05 
4.24790781339048e+01 1.00008605258296e+05 
4.26369644682292e+01 1.00007831173479e+05 
4.27948546539027e+01 1.00006955683390e+05 
4.29527445839470e+01 1.00005986875942e+05 
4.31106359297670e+01 1.00004804004093e+05 
4.32685306520852e+01 1.00003429975790e+05 
4.34264288504664e+01 1.00001941590156e+05 
4.35843293098335e+01 1.00000151874349e+05 
4.37422323857132e+01 9.99982429487329e+04 
4.39001362271449e+01 9.99961240328987e+04 
4.40580408935821e+01 9.99937163781373e+04 
4.42159461004656e+01 9.99910274103985e+04 
4.43738520952394e+01 9.99883107321278e+04 
4.45317586334686e+01 9.99854056246405e+04 
4.46896655731558e+01 9.99827079477039e+04 
4.48475732386247e+01 9.99800136148094e+04 
4.50054818277984e+01 9.99773189828121e+04 
4.51633912296472e+01 9.99745816715950e+04 
4.53213012689940e+01 9.99720592749395e+04 
4.54792124514439e+01 9.99697124558057e+04 
4.56371248172869e+01 9.99678551467355e+04 
4.57950380337933e+01 9.99662894733111e+04 
4.59529529680012e+01 9.99650402163836e+04 
4.61108663642278e+01 9.99640431790181e+04 
4.62687784498702e+01 9.99633374694108e+04 
4.64266899654798e+01 9.99630333525416e+04 
4.65846018793389e+01 9.99632926914002e+04 
4.67425141840204e+01 9.99639350884959e+04 
4.69004273753813e+01 9.99650383278836e+04 
4.70583412575278e+01 9.99664404073813e+04 
4.72162558287896e+01 9.99680327302455e+04 
4.73741661075397e+01 9.99699964619497e+04 
4.75320700293228e+01 9.99722690989166e+04 
4.76899693645184e+01 9.99748330812182e+04 
4.78478625125830e+01 9.99776988339411e+04 
4.80057508638390e+01 9.99807157622865e+04 
4.81636362087960e+01 9.99837182243691e+04 
4.83215191917349e+01 9.99869042106090e+04 
4.84794017791262e+01 9.99900836486409e+04 
4.86372824178603e+01 9.99933080739037e+04 
4.87951610644304e+01 9.99966046968430e+04 
4.89530401011878e+01 9.99998439269912e+04 
4.91109183405868e+01 1.00002912912972e+05 
4.92687968866861e+01 1.00005947004998e+05 
4.94266754364972e+01 1.00008739162296e+05 
4.95845515595664e+01 1.00011394665071e+05 
4.97424261075137e+01 1.00013932260076e+05 
4.99003006335041e+01 1.00016249095719e+05 
5.00581763017773e+01 1.00018324680162e+05 
5.02160540122954e+01 1.00020212858127e+05 
5.03739320513093e+01 1.00021743688254e+05 
5.05318084517488e+01 1.00023038395356e+05 
5.06896830101217e+01 1.00024116714191e+05 
5.08475554530749e+01 1.00025003988783e+05 
5.10054253922244e+01 1.00025626707925e+05 
5.11632927122317e+01 1.00026003370558e+05 
5.13211591090027e+01 1.00026033195213e+05 
5.14790271138448e+01 1.00025841905707e+05 
5.16368950153983e+01 1.00025416036956e+05 
5.17947643683201e+01 1.00024824063720e+05 
5.19526361004011e+01 1.00024073498041e+05 
5.21105113953299e+01 1.00023034971512e+05 
5.22683913894592e+01 1.00021706832179e+05 
5.24262776968112e+01 1.00020147824820e+05 
5.25841708838473e+01 1.00018388646417e+05 
5.27420666524036e+01 1.00016521243659e+05 
5.28999618489546e+01 1.00014573745097e+05 
5.30578577998667e+01 1.00012403554165e+05 
5.32157572283380e+01 1.00010136662294e+05 
5.33736576041167e+01 1.00007748738026e+05 
5.35315607809438e+01 1.00005271697176e+05 
5.36894666299000e+01 1.00002811309017e+05 
5.38473734460421e+01 1.00000442599399e+05 
5.40052812691421e+01 9.99980424431230e+04 
5.41631892761518e+01 9.99957767065543e+04 
5.43210976391154e+01 9.99935235317654e+04 
5.44790065647947e+01 9.99913274994857e+04 
5.46369153234515e+01 9.99892808411798e+04 
5.47948247591204e+01 9.99873900844231e+04 
5.49527345816088e+01 9.99856478063955e+04 
5.51106448015583e+01 9.99841887158875e+04 
5.52685553466649e+01 9.99828761359137e+04 
5.54264665842849e+01 9.99817712007766e+04 
5.55843786559346e+01 9.99808605048716e+04 
5.57422916964500e+01 9.99801820100011e+04 
5.59002049245996e+01 9.99797820535193e+04 
5.60581165652534e+01 9.99796823974641e+04 
5.62160267790978e+01 9.99798017682379e+04 
5.63739360456862e+01 9.99801984864738e+04 
5.65318446490167e+01 9.99808271012655e+04 
5.66897535039061e+01 9.99816249106621e+04 
5.68476637724107e+01 9.99827007795861e+04 
5.70055749148130e+01 9.99839981067996e+04 
5.71634862686760e+01 9.99854937554065e+04 
5.73213958959964e+01 9.99871821022004e+04 
5.74793010243427e+01 9.99889961654938e+04 
5.76372006427965e+01 9.99908554714903e+04 
5.77950939663717e+01 9.99928464696832e+04 
5.79529832749989e+01 9.99948515155286e+04 
5.81108693165340e+01 9.99969123507361e+04 
5.82687509560842e+01 9.99989914558345e+04 
5.84266313769464e+01 1.00001025281218e+05 
5.85845125473362e+01 1.00002976047588e+05 
5.87423932111164e+01 1.00004896982650e+05 
5.89002729936823e+01 1.00006668329948e+05 
5.90581527151859e+01 1.00008371002263e+05 
5.92160322137457e+01 1.00009953013102e+05 
5.93739114996228e+01 1.00011360584017e+05 
5.95317886882425e+01 1.00012616808007e+05 
5.96896638636060e+01 1.00013733717250e+05 
5.98475378197668e+01 1.00014629135721e+05 
6.00054119865173e+01 1.00015385378922e+05 
6.01632862541559e+01 1.00015948361643e+05 
6.03211632133958e+01 1.00016313014267e+05 
6.04790393685606e+01 1.00016516594674e+05 
6.06369130750726e+01 1.00016526725621e+05 
6.07947845152142e+01 1.00016337126147e+05 
6.09526543879465e+01 1.00016003868502e+05 
6.11105223433906e+01 1.00015466119633e+05 
6.12683891572993e+01 1.00014747515610e+05 
6.14262556334736e+01 1.00013928276235e+05 
6.15841213812268e+01 1.00012895027591e+05 
6.17419872970758e+01 1.00011703701598e+05 
6.18998556369791e+01 1.00010392534821e+05 
6.20577270573682e+01 1.00008929355484e+05 
6.22156028064752e+01 1.00007357988790e+05 
6.23734839507439e+01 1.00005739422682e+05 
6.25313719458757e+01 1.00003961823989e+05 
6.26892653364233e+01 1.00002136463607e+05 
6.28471589494630e+01 1.00000251494957e+05 
6.30050539658638e+01 9.99983046802990e+04 
6.31629516032019e+01 9.99963543657447e+04 
6.33208526762621e+01 9.99944243762350e+04 
6.34787557016783e+01 9.99924586160022e+04 
6.36366621209855e+01 9.99906190917919e+04 
6.37945707388512e+01 9.99888255226107e+04 
6.39524799651022e+01 9.99871223041772e+04 
6.41103898945289e+01 9.99855571630649e+04 
6.42682996768123e+01 9.99841295611550e+04 
6.44262099946042e+01 9.99828490682625e+04 
6.45841203235132e+01 9.99818287257503e+04 
6.47420308141056e+01 9.99809823805665e+04 
6.48999413857551e+01 9.99803846443777e+04 
6.50578522130705e+01 9.99800446839285e+04 
6.52157621383260e+01 9.99798829880689e+04 
6.53736716684331e+01 9.99799769855428e+04 
6.55315818735089e+01 9.99803331250505e+04 
6.56894924466357e+01 9.99808833998170e+04 
6.58474019305714e+01 9.99816986133745e+04 
6.60053094171804e+01 9.99827766918375e+04 
6.61632151021049e+01 9.99839788331814e+04 
6.63211194929648e+01 9.99854162723213e+04 
6.64790238951629e+01 9.99869937278092e+04 
6.66369283078166e+01 9.99886890835124e+04 
6.67948331393927e+01 9.99905353326405e+04 
6.69527394440034e+01 9.99925217402948e+04 
6.71106470639483e+01 9.99945198753699e+04 
6.72685553183821e+01 9.99966242947267e+04 
6.74264597024061e+01 9.99987064827587e+04 
6.75843590419925e+01 1.00000742914062e+05 
6.77422535684911e+01 1.00002760294250e+05 
6.79001426201263e+01 1.00004708566383e+05 
6.80580282864847e+01 1.00006572605295e+05 
6.82159111158328e+01 1.00008389820124e+05 
6.83737930861987e+01 1.00010049309925e+05 
6.85316731580176e+01 1.00011544331392e+05 
6.86895517906449e+01 1.00012894269353e+05 
6.88474307150474e+01 1.00014042250011e+05 
6.90053081989569e+01 1.00015063610146e+05 
6.91631854542290e+01 1.00015907184132e+05 
6.93210605590817e+01 1.00016570057816e+05 
6.94789329603387e+01 1.00017045603219e+05 
6.96368026296308e+01 1.00017326491254e+05 
6.97946722052352e+01 1.00017360691543e+05 
6.99525422636531e+01 1.00017287701672e+05 
7.01104134175452e+01 1.00017027813321e+05 
7.02682863349460e+01 1.00016603303216e+05 
7.04261613776249e+01 1.00016047680823e+05 
7.05840389189998e+01 1.00015316120758e+05 
7.07419152096647e+01 1.00014385316387e+05 
7.08997875851045e+01 1.00013391480158e+05 
7.10576561988164e+01 1.00012236617749e+05 
7.12155224399363e+01 1.00010990288911e+05 
7.13733888211252e+01 1.00009691784491e+05 
7.15312552146323e+01 1.00008276705756e+05 
7.16891217538037e+01 1.00006737855876e+05 
7.18469894024299e+01 1.00005169191024e+05 
7.20048591249784e+01 1.00003460737152e+05 
7.21627323468697e+01 1.00001719664894e+05 
7.23206109024455e+01 9.99999878777683e+04 
7.24784954490941e+01 9.99982028171049e+04 
7.26363845290400e+01 9.99963914762772e+04 
7.27942734676224e+01 9.99945827286233e+04 
7.29521620226019e+01 9.99926914570728e+04 
7.31100537643340e+01 9.99908675882958e+04 
7.32679464204612e+01 9.99891212773866e+04 
7.34258410448585e+01 9.99874233476946e+04 
7.35837409539245e+01 9.99857862472510e+04 
7.37416437257822e+01 9.99842211281183e+04 
7.38995475254834e+01 9.99827195657517e+04 
7.40574552767677e+01 9.99814057630021e+04 
7.42153656889771e+01 9.99802566711404e+04 
7.43732764020060e+01 9.99792950006303e+04 
7.45311875013272e+01 9.99785518256657e+04 
7.46890982702211e+01 9.99779459076841e+04 
7.48470091952905e+01 9.99775437701011e+04 
7.50049203089887e+01 9.99774001104860e+04 
7.51628314776675e+01 9.99774720354833e+04 
7.53207423108823e+01 9.99778088736132e+04 
7.54786534052723e+01 9.99784281780035e+04 
7.56365652919325e+01 9.99791951453085e+04 
7.57944760696322e+01 9.99802037793822e+04 
7.59523842322763e+01 9.99814454098764e+04 
7.61102907052860e+01 9.99828572548642e+04 
7.62681956345978e+01 9.99845038782706e+04 
7.64260997846199e+01 9.99863902481780e+04 
7.65840035006254e+01 9.99883402931426e+04 
7.67419079524643e+01 9.99905022742594e+04 
7.68998130220342e+01 9.99927503062090e+04 
7.70577190529444e+01 9.99950382278801e+04 
7.72156246322281e+01 9.99974280683191e+04 
7.73735304351853e+01 9.99998616308960e+04 
7.75314321962536e+01 1.00002248154937e+05 
7.76893280918668e+01 1.00004687244342e+05 
7.78472194406838e+01 1.00007021847769e+05 
7.80051082848022e+01 1.00009224068609e+05 
7.81629925315635e+01 1.00011340741494e+05 
7.83208748693117e+01 1.00013342870763e+05 
7.84787573742400e+01 1.00015196937058e+05 
7.86366399901977e+01 1.00016974870611e+05 
7.87945213840157e+01 1.00018534793909e+05 
7.89524022580153e+01 1.00019881077003e+05 
7.91102822345851e+01 1.00021022720056e+05 
7.92681598504246e+01 1.00021929812557e+05 
7.94260346032737e+01 1.00022698000397e+05 
7.95839065415183e+01 1.00023263858979e+05 
7.97417762739281e+01 1.00023594978778e+05 
7.98996452426869e+01 1.00023721578163e+05 
8.00575144475735e+01 1.00023621472204e+05 
8.02153853484350e+01 1.00023294583475e+05 
8.03732595753060e+01 1.00022841926240e+05 
8.05311360044327e+01 1.00022187436597e+05 
8.06890123775687e+01 1.00021310047987e+05 
8.08468842047536e+01 1.00020277147071e+05 
8.10047525333100e+01 1.00019069499881e+05 
8.11626191499556e+01 1.00017715280369e+05 
8.13204847650461e+01 1.00016287709811e+05 
8.14783488435453e+01 1.00014690472131e+05 
8.16362118439805e+01 1.00012942122071e+05 
8.17940760681954e+01 1.00011123367837e+05 
8.19519420697887e+01 1.00009183051554e+05 
8.21098112939899e+01 1.00007172655435e+05 
8.22676847318654e+01 1.00005139980134e+05 
8.24255638214298e+01 1.00002987666287e+05 
8.25834499430324e+01 1.00000792702647e+05 
8.27413394366513e+01 9.99986159681617e+04 
8.28992294477559e+01 9.99964081599547e+04 
8.30571223195795e+01 9.99942090084710e+04 
8.32150170578953e+01 9.99920820594909e+04 
8.33729147817309e+01 9.99899110370789e+04 
8.35308144311052e+01 9.99878588621386e+04 
8.36887168341859e+01 9.99859134025599e+04 
8.38466229777523e+01 9.99840567917708e+04 
8.40045316549114e+01 9.99823237672182e+04 
8.41624411095586e+01 9.99807283973385e+04 
8.43203503968559e+01 9.99792969282586e+04 
8.44782605557664e+01 9.99781286016533e+04 
8.46361711006565e+01 9.99771719394767e+04 
8.47940815795453e+01 9.99764548537763e+04 
8.49519911103720e+01 9.99759715923688e+04 
8.51098990973984e+01 9.99756990039302e+04 
8.52678065112851e+01 9.99756927044319e+04 
8.54257138686154e+01 9.99760099560055e+04 
8.55836217801970e+01 9.99765693890756e+04 
8.57415292183254e+01 9.99774021023950e+04 
8.58994341398339e+01 9.99785110217285e+04 
8.60573367332196e+01 9.99797975349472e+04 
8.62152374038746e+01 9.99813550646340e+04 
8.63731375811182e+01 9.99831453112437e+04 
8.65310375987192e+01 9.99851152144547e+04 
8.66889375552248e+01 9.99872790209636e+04 
8.68468385039286e+01 9.99895972148358e+04 
8.70047412609430e+01 9.99919760268913e+04 
8.71626443614392e+01 9.99945009741839e+04 
8.73205479962068e+01 9.99970558961331e+04 
8.74784503206073e+01 9.99995981982131e+04 
8.76363495572885e+01 1.00002143955142e+05 
8.77942431849901e+01 1.00004629305202e+05 
8.79521325309210e+01 1.00007030992040e+05 
8.81100185611205e+01 1.00009398383507e+05 
8.82679028525337e+01 1.00011586767398e+05 
8.84257843073351e+01 1.00013607490226e+05 
8.85836638116007e+01 1.00015473670715e+05 
8.87415446242167e+01 1.00017132384350e+05 
8.88994240315965e+01 1.00018631170311e+05 
8.90573022819536e+01 1.00019919024783e+05 
8.92151767527825e+01 1.00020949627101e+05 
8.93730477224399e+01 1.00021737683905e+05 
8.95309156458027e+01 1.00022279192890e+05 
8.96887826912112e+01 1.00022584800111e+05 
8.98466499713213e+01 1.00022687812842e+05 
9.00045176380459e+01 1.00022568192421e+05 
9.01623865154936e+01 1.00022182611218e+05 
9.03202569356564e+01 1.00021597259821e+05 
9.04781297063303e+01 1.00020802110984e+05 
9.06360054524564e+01 1.00019792584964e+05 
9.07938823357972e+01 1.00018660032959e+05 
9.09517541470789e+01 1.00017359718328e+05 
9.11096225648372e+01 1.00015869192944e+05 
9.12674903529327e+01 1.00014276170424e+05 
9.14253570626701e+01 1.00012561302694e+05 
9.15832226822998e+01 1.00010747379426e+05 
9.17410881565195e+01 1.00008879936843e+05 
9.18989546135373e+01 1.00006885068876e+05 
9.20568232887804e+01 1.00004820732322e+05 
9.22146961573564e+01 1.00002745156374e+05 
9.23725738596910e+01 1.00000615731772e+05 
9.25304579588404e+01 9.99984738577345e+04 
9.26883440768282e+01 9.99963707629369e+04 
9.28462302163992e+01 9.99941958246183e+04 
9.30041188904351e+01 9.99921068979945e+04 
9.31620089406748e+01 9.99900877677377e+04 
9.33199003766930e+01 9.99881080070506e+04 
9.34777965434557e+01 9.99861917658553e+04 
9.36356962709857e+01 9.99844058507079e+04 
9.37935970223798e+01 9.99826911221972e+04 
9.39515016043418e+01 9.99812051049470e+04 
9.41094095639123e+01 9.99798850984056e+04 
9.42673176496791e+01 9.99787507138485e+04 
9.44252272261732e+01 9.99777905797000e+04 
9.45831367419679e+01 9.99770417344885e+04 
9.47410472060425e+01 9.99765113747368e+04 
9.48989573503301e+01 9.99762883329288e+04 
9.50568658739766e+01 9.99762946440500e+04 
9.52147728697819e+01 9.99765671161916e+04 
9.53726794597599e+01 9.99770979151144e+04 
9.55305867647987e+01 9.99778148265349e+04 
9.56884942753968e+01 9.99788132121211e+04 
9.58463997516093e+01 9.99800686493681e+04 
9.60043026249207e+01 9.99815237763130e+04 
9.61622035600294e+01 9.99832108566976e+04 
9.63201032160052e+01 9.99851216372420e+04 
9.64780023140949e+01 9.99871348347023e+04 
9.66359014564617e+01 9.99893673491041e+04 
9.67938016196219e+01 9.99916829082212e+04 
9.69517021660862e+01 9.99940767226684e+04 
9.71096039307884e+01 9.99965736768335e+04 
9.72675053659434e+01 9.99991331563041e+04 
9.74254084969254e+01 1.00001611789516e+05 
9.75833089937247e+01 1.00004146010894e+05 
9.77412039501997e+01 1.00006543138412e+05 
9.78990956464850e+01 1.00008816877229e+05 
9.80569824734498e+01 1.00010996556308e+05 
9.82148662686850e+01 1.00013058005157e+05 
9.83727491375352e+01 1.00014908540169e+05 
9.85306321990684e+01 1.00016684137481e+05 
9.86885141869873e+01 1.00018206696802e+05 
9.88463960415929e+01 1.00019509365061e+05 
9.90042760737878e+01 1.00020597898612e+05 
9.91621528526767e+01 1.00021459556327e+05 
9.93200261516929e+01 1.00022127232191e+05 
9.94778958586317e+01 1.00022578164674e+05 
9.96357631314534e+01 1.00022775967490e+05 
9.97936285106285e+01 1.00022754197989e+05 
9.99514940149456e+01 1.00022514660394e+05 
1.00109360548212e+02 1.00022064181842e+05 
