# Liste des scalaires : TEMPS pmat 
0.00000000000000e+00 1.00000000000000e+05 
1.58013544018059e-01 1.00000000000000e+05 
3.16027088036117e-01 1.00000000000000e+05 
4.74040632054176e-01 1.00000000000000e+05 
6.32054176072234e-01 1.00000000000000e+05 
7.90067720090293e-01 1.00000000000000e+05 
9.48081264108351e-01 1.00000000000000e+05 
1.10609480812641e+00 1.00000000000000e+05 
1.26410835214447e+00 1.00000000000000e+05 
1.42212189616253e+00 1.00000000000000e+05 
1.58013544018058e+00 1.00000000000000e+05 
1.73814898419864e+00 1.00000000000000e+05 
1.89616252821670e+00 1.00000000000000e+05 
2.05417607223476e+00 1.00000000000000e+05 
2.21218961625282e+00 1.00000000000000e+05 
2.37020316027088e+00 1.00000000000000e+05 
2.52821670428893e+00 1.00000000000000e+05 
2.68623024830699e+00 1.00000000000000e+05 
2.84424379232505e+00 1.00000000000000e+05 
3.00225733634311e+00 1.00000000000000e+05 
3.16027088036116e+00 1.00000000000000e+05 
3.31828442437922e+00 1.00000000000000e+05 
3.47629796839728e+00 1.00000000000000e+05 
3.63431151241534e+00 1.00000000000000e+05 
3.79232505643340e+00 1.00000000000000e+05 
3.95033860045145e+00 1.00000000000000e+05 
4.10835214446951e+00 1.00000000000000e+05 
4.26636568848757e+00 1.00000000000000e+05 
4.42437923250563e+00 1.00000000000000e+05 
4.58239277652368e+00 1.00000000000000e+05 
4.74040632054174e+00 1.00000000000000e+05 
4.89841986455980e+00 1.00000000000000e+05 
5.05643340857771e+00 1.00000000000000e+05 
5.21444695259555e+00 1.00000000000000e+05 
5.37246049661106e+00 1.00000000000000e+05 
5.53047404062163e+00 1.00000000000000e+05 
5.68848758460807e+00 1.00000000000000e+05 
5.84650112860433e+00 1.00000000000000e+05 
6.00451467131846e+00 1.00000000000000e+05 
6.16252820860419e+00 1.00000000000000e+05 
6.32054173855849e+00 1.00000000000000e+05 
6.47855526263600e+00 1.00000000000000e+05 
6.63656878322570e+00 1.00000000000000e+05 
6.79458230116958e+00 1.00000000000000e+05 
6.95259581572868e+00 1.00000000000000e+05 
7.11060926486710e+00 1.00000000000000e+05 
7.26862123211782e+00 1.00000000000000e+05 
7.42662869286748e+00 1.00000000000000e+05 
7.58462797993242e+00 1.00000000000000e+05 
7.74261562363004e+00 1.00000000000000e+05 
7.90058972087802e+00 1.00000000000000e+05 
8.05854876760864e+00 1.00000000000000e+05 
8.21649327583521e+00 1.00000000000000e+05 
8.37442375590179e+00 1.00000000000000e+05 
8.53234121474706e+00 1.00000000000000e+05 
8.69024692780629e+00 1.00000000000000e+05 
8.84814294511368e+00 1.00000000000000e+05 
9.00603027516490e+00 1.00000000000000e+05 
9.16391060602912e+00 1.00000000000000e+05 
9.32178516379403e+00 1.00000000000000e+05 
9.47965513838773e+00 1.00000000000000e+05 
9.63751817790166e+00 1.00000000000000e+05 
9.79537550224774e+00 1.00000000000000e+05 
9.95322697641788e+00 1.00000000000000e+05 
1.01110732028936e+01 1.00000000000000e+05 
1.02689146274544e+01 1.00000000000000e+05 
1.04267523201822e+01 1.00000000000000e+05 
1.05845878187241e+01 1.00000000000000e+05 
1.07424234235056e+01 1.00000000000000e+05 
1.09002605183067e+01 1.00000000000000e+05 
1.10581011989153e+01 1.00000000000000e+05 
1.12159469760981e+01 1.00000000000000e+05 
1.13737958277871e+01 1.00000000000000e+05 
1.15316485112955e+01 1.00000000000002e+05 
1.16895059234703e+01 1.00000000000019e+05 
1.18473678135275e+01 1.00000000000682e+05 
1.20052343190564e+01 1.00000000024617e+05 
1.21631037930394e+01 1.00000000337574e+05 
1.23209755736488e+01 1.00000000742369e+05 
1.24788506295067e+01 1.00000001531095e+05 
1.26367295773036e+01 1.00000002914292e+05 
1.27946116815903e+01 1.00000004958011e+05 
1.29524970895918e+01 1.00000008514064e+05 
1.31103853882209e+01 1.00000015734052e+05 
1.32682764852580e+01 1.00000027615260e+05 
1.34261706139616e+01 1.00000049707796e+05 
1.35840685957871e+01 1.00000083574773e+05 
1.37419698795382e+01 1.00000126617090e+05 
1.38998748238769e+01 1.00000193921077e+05 
1.40577825863761e+01 1.00000317400105e+05 
1.42156900780669e+01 1.00000495780394e+05 
1.43735971547495e+01 1.00000782461359e+05 
1.45315042337418e+01 1.00001170049820e+05 
1.46894115576050e+01 1.00001596308112e+05 
1.48473186395545e+01 1.00002177681796e+05 
1.50052256719272e+01 1.00003139107372e+05 
1.51631330578148e+01 1.00004359374172e+05 
1.53210408171837e+01 1.00006017722268e+05 
1.54789489338296e+01 1.00007938709352e+05 
1.56368576354914e+01 1.00009689753241e+05 
1.57947669611646e+01 1.00011754950718e+05 
1.59526770505537e+01 1.00014879396303e+05 
1.61105878565459e+01 1.00018291986318e+05 
1.62684993007154e+01 1.00021956092033e+05 
1.64264117696543e+01 1.00025216693883e+05 
1.65843252894251e+01 1.00027273386158e+05 
1.67422394503545e+01 1.00029465894501e+05 
1.69001543231263e+01 1.00033019996346e+05 
1.70580702178261e+01 1.00036392909181e+05 
1.72159869071440e+01 1.00038863360908e+05 
1.73739045484328e+01 1.00039603134168e+05 
1.75318230870977e+01 1.00038633589908e+05 
1.76897420386758e+01 1.00038174533291e+05 
1.78476617082648e+01 1.00039066559452e+05 
1.80055822852594e+01 1.00040178119212e+05 
1.81635032871374e+01 1.00039658703069e+05 
1.83214252006964e+01 1.00037023444029e+05 
1.84793480458620e+01 1.00033215343819e+05 
1.86372715456650e+01 1.00030226102403e+05 
1.87951957601081e+01 1.00028095260656e+05 
1.89531209484135e+01 1.00026653913144e+05 
1.91110441089809e+01 1.00024266327772e+05 
1.92689571504680e+01 1.00020310657719e+05 
1.94268607791625e+01 1.00016038454518e+05 
1.95847566159270e+01 1.00012716004304e+05 
1.97426455229279e+01 1.00009425663234e+05 
1.99005279081235e+01 1.00006971903383e+05 
2.00584049686281e+01 1.00004486370298e+05 
2.02162789927353e+01 1.00001580812532e+05 
2.03741510118332e+01 9.99988090779221e+04 
2.05320225312322e+01 9.99964810774662e+04 
2.06898943694514e+01 9.99931070646023e+04 
2.08477672335517e+01 9.99901101397570e+04 
2.10056381883608e+01 9.99875657728965e+04 
2.11635073392954e+01 9.99852945388594e+04 
2.13213744206154e+01 9.99836366775474e+04 
2.14792406064660e+01 9.99818207638210e+04 
2.16371055052497e+01 9.99782864994356e+04 
2.17949698598769e+01 9.99746360887355e+04 
2.19528346543289e+01 9.99719658830377e+04 
2.21107022379036e+01 9.99704944099911e+04 
2.22685735446671e+01 9.99703142777498e+04 
2.24264499128177e+01 9.99698375416456e+04 
2.25843313783613e+01 9.99677288170325e+04 
2.27422178371839e+01 9.99654756940509e+04 
2.29001082195325e+01 9.99647511975646e+04 
2.30580026165052e+01 9.99658605977468e+04 
2.32159006750456e+01 9.99684240903324e+04 
2.33738008250518e+01 9.99704916212426e+04 
2.35317021841015e+01 9.99715307096414e+04 
2.36896047805334e+01 9.99721806081863e+04 
2.38475089535193e+01 9.99742761727673e+04 
2.40054144059897e+01 9.99777664468439e+04 
2.41633212527943e+01 9.99817733422882e+04 
2.43212294708959e+01 9.99848913512630e+04 
2.44791391765311e+01 9.99876765924693e+04 
2.46370501927731e+01 9.99896162332404e+04 
2.47949629062368e+01 9.99916537146954e+04 
2.49528766385629e+01 9.99938860164501e+04 
2.51107912664912e+01 9.99959261731124e+04 
2.52687065421895e+01 9.99974073373223e+04 
2.54266227275827e+01 9.99992858516010e+04 
2.55845402635157e+01 1.00000529275193e+05 
2.57424589006128e+01 1.00001100618446e+05 
2.59003774090588e+01 1.00001033634042e+05 
2.60582956021659e+01 1.00000637676035e+05 
2.62162142568713e+01 1.00000223150245e+05 
2.63741334755089e+01 1.00000549759925e+05 
2.65320531896202e+01 1.00000928875850e+05 
2.66899728755107e+01 1.00000560000001e+05 
2.68478922917635e+01 9.99993416451614e+04 
2.70058116301977e+01 9.99980306847051e+04 
2.71637307927613e+01 9.99971336447481e+04 
2.73216502821697e+01 9.99967763158825e+04 
2.74795690311203e+01 9.99968748078820e+04 
2.76374879055499e+01 9.99966165283776e+04 
2.77954041756501e+01 9.99957123230866e+04 
2.79533191433170e+01 9.99948182828048e+04 
2.81112322788099e+01 9.99944070915143e+04 
2.82691420252821e+01 9.99941335653144e+04 
2.84270498359011e+01 9.99941999326841e+04 
2.85849551367456e+01 9.99943484541391e+04 
2.87428577035279e+01 9.99942377406370e+04 
2.89007576935424e+01 9.99941799669696e+04 
2.90586554385742e+01 9.99944862072965e+04 
2.92165508783833e+01 9.99945431925224e+04 
2.93744443359554e+01 9.99945322102879e+04 
2.95323353920958e+01 9.99947883906794e+04 
2.96902253081402e+01 9.99951901868765e+04 
2.98481142776169e+01 9.99956458175020e+04 
3.00059979647156e+01 9.99962391579896e+04 
3.01638770985754e+01 9.99963614691781e+04 
3.03217523516603e+01 9.99960959806999e+04 
3.04796254231717e+01 9.99959961951306e+04 
3.06374979890028e+01 9.99963923174252e+04 
3.07953682566008e+01 9.99968943645408e+04 
3.09532360866590e+01 9.99973071198463e+04 
3.11111009485845e+01 9.99972769396125e+04 
3.12689642148262e+01 9.99968950244307e+04 
3.14268269801884e+01 9.99965833173759e+04 
3.15846899752751e+01 9.99969397498077e+04 
3.17425539745552e+01 9.99975397263388e+04 
3.19004203627167e+01 9.99977708479186e+04 
3.20582896401381e+01 9.99977192182538e+04 
3.22161632234601e+01 9.99974668905248e+04 
3.23740425511432e+01 9.99971320079286e+04 
3.25319290751244e+01 9.99973489478150e+04 
3.26898202982419e+01 9.99978737549139e+04 
3.28477131228900e+01 9.99979243169583e+04 
3.30056072961437e+01 9.99979975110392e+04 
3.31635023672678e+01 9.99980766210832e+04 
3.33213991393358e+01 9.99980061935678e+04 
3.34792973573956e+01 9.99981651152474e+04 
3.36371967535133e+01 9.99984729165083e+04 
3.37950973023584e+01 9.99983235589044e+04 
3.39529995672097e+01 9.99985190926581e+04 
3.41109029852060e+01 9.99988634130977e+04 
3.42688076087386e+01 9.99989866306743e+04 
3.44267132713632e+01 9.99990046312424e+04 
3.45846196509400e+01 9.99989576434170e+04 
3.47425273496765e+01 9.99986962763651e+04 
3.49004361808860e+01 9.99989254494297e+04 
3.50583454950604e+01 9.99994335303906e+04 
3.52162538750963e+01 9.99997742917400e+04 
3.53741611804014e+01 9.99997489104040e+04 
3.55320682312856e+01 9.99995676287384e+04 
3.56899754216115e+01 9.99994308555079e+04 
3.58478829107651e+01 9.99997312141355e+04 
3.60057904151544e+01 1.00000265501070e+05 
3.61636981099972e+01 1.00000613509350e+05 
3.63216068904539e+01 1.00000403244787e+05 
3.64795154283054e+01 9.99999909360576e+04 
3.66374236436593e+01 9.99998929410379e+04 
3.67953327010769e+01 1.00000087257411e+05 
3.69532427717678e+01 1.00000486461497e+05 
3.71111532244148e+01 1.00000821867011e+05 
3.72690630548262e+01 1.00000673377010e+05 
3.74269718145581e+01 1.00000346895360e+05 
3.75848778454541e+01 1.00000423352774e+05 
3.77427791017932e+01 1.00000609860205e+05 
3.79006746564164e+01 1.00000902175714e+05 
3.80585658512143e+01 1.00001258690162e+05 
3.82164521350274e+01 1.00001330404345e+05 
3.83743339522929e+01 1.00001266679148e+05 
3.85322143263643e+01 1.00001553282648e+05 
3.86900941565614e+01 1.00001734996203e+05 
3.88479738779336e+01 1.00001853609751e+05 
3.90058528607593e+01 1.00002069745404e+05 
3.91637297505779e+01 1.00002265512212e+05 
3.93216059461941e+01 1.00002416358242e+05 
3.94794833120710e+01 1.00002803812696e+05 
3.96373600136444e+01 1.00002979706479e+05 
3.97952355988724e+01 1.00002952895387e+05 
3.99531105564116e+01 1.00002951668641e+05 
4.01109853768128e+01 1.00003133124386e+05 
4.02688608742397e+01 1.00003292646404e+05 
4.04267381798270e+01 1.00003493483258e+05 
4.05846137319020e+01 1.00003476319662e+05 
4.07424858509869e+01 1.00003222712123e+05 
4.09003545163728e+01 1.00002934690538e+05 
4.10582217788816e+01 1.00002945508906e+05 
4.12160877638797e+01 1.00002945589944e+05 
4.13739537347660e+01 1.00002766534861e+05 
4.15318203524083e+01 1.00002369080220e+05 
4.16896877430492e+01 1.00001775460643e+05 
4.18475567572815e+01 1.00001148196429e+05 
4.20054296452478e+01 1.00000904845572e+05 
4.21633067849416e+01 1.00000775807451e+05 
4.23211896909693e+01 1.00000404312913e+05 
4.24790781339048e+01 9.99999143181363e+04 
4.26369644682292e+01 9.99993544075742e+04 
4.27948546539027e+01 9.99987954321691e+04 
4.29527445839470e+01 9.99985610791304e+04 
4.31106359297670e+01 9.99984901860925e+04 
4.32685306520852e+01 9.99981631980745e+04 
4.34264288504664e+01 9.99978161166807e+04 
4.35843293098335e+01 9.99974831065178e+04 
4.37422323857132e+01 9.99971957587663e+04 
4.39001362271449e+01 9.99971443908383e+04 
4.40580408935821e+01 9.99971339823453e+04 
4.42159461004656e+01 9.99968884725560e+04 
4.43738520952394e+01 9.99966483784219e+04 
4.45317586334686e+01 9.99964868853636e+04 
4.46896655731558e+01 9.99963152474620e+04 
4.48475732386247e+01 9.99961760600840e+04 
4.50054818277984e+01 9.99960782928113e+04 
4.51633912296472e+01 9.99958905087311e+04 
4.53213012689940e+01 9.99958131558641e+04 
4.54792124514439e+01 9.99959124102182e+04 
4.56371248172869e+01 9.99959795372237e+04 
4.57950380337933e+01 9.99958720308685e+04 
4.59529529680012e+01 9.99957913998989e+04 
4.61108663642278e+01 9.99957225475499e+04 
4.62687784498702e+01 9.99957806575877e+04 
4.64266899654798e+01 9.99960373929864e+04 
4.65846018793389e+01 9.99962140963705e+04 
4.67425141840204e+01 9.99960815622395e+04 
4.69004273753813e+01 9.99960128556729e+04 
4.70583412575278e+01 9.99961103474720e+04 
4.72162558287896e+01 9.99963443917352e+04 
4.73741661075397e+01 9.99967648377459e+04 
4.75320700293228e+01 9.99971955060572e+04 
4.76899693645184e+01 9.99973340718696e+04 
4.78478625125830e+01 9.99975046727556e+04 
4.80057508638390e+01 9.99978689646669e+04 
4.81636362087960e+01 9.99983163941170e+04 
4.83215191917349e+01 9.99988289484273e+04 
4.84794017791262e+01 9.99993924658298e+04 
4.86372824178603e+01 9.99998007553616e+04 
4.87951610644304e+01 1.00000182746479e+05 
4.89530401011878e+01 1.00000712851942e+05 
4.91109183405868e+01 1.00001277860401e+05 
4.92687968866861e+01 1.00001727873730e+05 
4.94266754364972e+01 1.00002229323346e+05 
4.95845515595664e+01 1.00002728474227e+05 
4.97424261075137e+01 1.00003099477075e+05 
4.99003006335041e+01 1.00003492288415e+05 
5.00581763017773e+01 1.00003858550297e+05 
5.02160540122954e+01 1.00003978592079e+05 
5.03739320513093e+01 1.00004089376864e+05 
5.05318084517488e+01 1.00004299588536e+05 
5.06896830101217e+01 1.00004395015941e+05 
5.08475554530749e+01 1.00004433938728e+05 
5.10054253922244e+01 1.00004419476945e+05 
5.11632927122317e+01 1.00004222741551e+05 
5.13211591090027e+01 1.00004051349799e+05 
5.14790271138448e+01 1.00004084882533e+05 
5.16368950153983e+01 1.00004034456547e+05 
5.17947643683201e+01 1.00003817218774e+05 
5.19526361004011e+01 1.00003501770363e+05 
5.21105113953299e+01 1.00003064149596e+05 
5.22683913894592e+01 1.00002653220216e+05 
5.24262776968112e+01 1.00002484444580e+05 
5.25841708838473e+01 1.00002370825288e+05 
5.27420666524036e+01 1.00002082651873e+05 
5.28999618489546e+01 1.00001711618054e+05 
5.30578577998667e+01 1.00001283378131e+05 
5.32157572283380e+01 1.00000906913653e+05 
5.33736576041167e+01 1.00000764011206e+05 
5.35315607809438e+01 1.00000606236134e+05 
5.36894666299000e+01 1.00000229142533e+05 
5.38473734460421e+01 9.99997326511340e+04 
5.40052812691421e+01 9.99991852722120e+04 
5.41631892761518e+01 9.99985926920967e+04 
5.43210976391154e+01 9.99981096665249e+04 
5.44790065647947e+01 9.99976610418626e+04 
5.46369153234515e+01 9.99971016312048e+04 
5.47948247591204e+01 9.99964605165368e+04 
5.49527345816088e+01 9.99959019054588e+04 
5.51106448015583e+01 9.99952933176131e+04 
5.52685553466649e+01 9.99947255011656e+04 
5.54264665842849e+01 9.99942527151720e+04 
5.55843786559346e+01 9.99937575455310e+04 
5.57422916964500e+01 9.99931449356311e+04 
5.59002049245996e+01 9.99926654256553e+04 
5.60581165652534e+01 9.99921425688960e+04 
5.62160267790978e+01 9.99915688891684e+04 
5.63739360456862e+01 9.99912055298168e+04 
5.65318446490167e+01 9.99909585218187e+04 
5.66897535039061e+01 9.99905882908036e+04 
5.68476637724107e+01 9.99903882909873e+04 
5.70055749148130e+01 9.99902538855355e+04 
5.71634862686760e+01 9.99900912582024e+04 
5.73213958959964e+01 9.99901792707231e+04 
5.74793010243427e+01 9.99904477786529e+04 
5.76372006427965e+01 9.99906087089315e+04 
5.77950939663717e+01 9.99908714818584e+04 
5.79529832749989e+01 9.99913201461692e+04 
5.81108693165340e+01 9.99918149268659e+04 
5.82687509560842e+01 9.99925229754527e+04 
5.84266313769464e+01 9.99933509039621e+04 
5.85845125473362e+01 9.99941099659426e+04 
5.87423932111164e+01 9.99948173607933e+04 
5.89002729936823e+01 9.99956898617244e+04 
5.90581527151859e+01 9.99966950323156e+04 
5.92160322137457e+01 9.99978050359350e+04 
5.93739114996228e+01 9.99989384415042e+04 
5.95317886882425e+01 1.00000142408820e+05 
5.96896638636060e+01 1.00001137212852e+05 
5.98475378197668e+01 1.00002157035215e+05 
6.00054119865173e+01 1.00003260659325e+05 
6.01632862541559e+01 1.00004249986298e+05 
6.03211632133958e+01 1.00005123419002e+05 
6.04790393685606e+01 1.00006198269174e+05 
6.06369130750726e+01 1.00007025274074e+05 
6.07947845152142e+01 1.00007674288494e+05 
6.09526543879465e+01 1.00008292338125e+05 
6.11105223433906e+01 1.00008668501002e+05 
6.12683891572993e+01 1.00008852205769e+05 
6.14262556334736e+01 1.00009285490637e+05 
6.15841213812268e+01 1.00009547988808e+05 
6.17419872970758e+01 1.00009539814545e+05 
6.18998556369791e+01 1.00009477583880e+05 
6.20577270573682e+01 1.00009213602619e+05 
6.22156028064752e+01 1.00008801890675e+05 
6.23734839507439e+01 1.00008629595892e+05 
6.25313719458757e+01 1.00008461271860e+05 
6.26892653364233e+01 1.00008148745892e+05 
6.28471589494630e+01 1.00007839524501e+05 
6.30050539658638e+01 1.00007369326752e+05 
6.31629516032019e+01 1.00006733946936e+05 
6.33208526762621e+01 1.00006203199734e+05 
6.34787557016783e+01 1.00005719988972e+05 
6.36366621209855e+01 1.00005121648111e+05 
6.37945707388512e+01 1.00004485154879e+05 
6.39524799651022e+01 1.00003694316808e+05 
6.41103898945289e+01 1.00002769912752e+05 
6.42682996768123e+01 1.00001815747717e+05 
6.44262099946042e+01 1.00000983881823e+05 
6.45841203235132e+01 1.00000092583844e+05 
6.47420308141056e+01 9.99991739687633e+04 
6.48999413857551e+01 9.99982693933746e+04 
6.50578522130705e+01 9.99973450836006e+04 
6.52157621383260e+01 9.99962823576246e+04 
6.53736716684331e+01 9.99954306499162e+04 
6.55315818735089e+01 9.99946091271733e+04 
6.56894924466357e+01 9.99937659406285e+04 
6.58474019305714e+01 9.99930854910895e+04 
6.60053094171804e+01 9.99924823957882e+04 
6.61632151021049e+01 9.99916465819547e+04 
6.63211194929648e+01 9.99910473755718e+04 
6.64790238951629e+01 9.99905981030521e+04 
6.66369283078166e+01 9.99901645429743e+04 
6.67948331393927e+01 9.99900485043219e+04 
6.69527394440034e+01 9.99901189852435e+04 
6.71106470639483e+01 9.99899385095585e+04 
6.72685553183821e+01 9.99899154862404e+04 
6.74264597024061e+01 9.99901592706651e+04 
6.75843590419925e+01 9.99904935373606e+04 
6.77422535684911e+01 9.99911277030629e+04 
6.79001426201263e+01 9.99919084598681e+04 
6.80580282864847e+01 9.99925356290078e+04 
6.82159111158328e+01 9.99931161318763e+04 
6.83737930861987e+01 9.99939224678351e+04 
6.85316731580176e+01 9.99948333541325e+04 
6.86895517906449e+01 9.99958817729546e+04 
6.88474307150474e+01 9.99970059300537e+04 
6.90053081989569e+01 9.99981034754670e+04 
6.91631854542290e+01 9.99989497758915e+04 
6.93210605590817e+01 9.99998528800179e+04 
6.94789329603387e+01 1.00000853788687e+05 
6.96368026296308e+01 1.00001797041544e+05 
6.97946722052352e+01 1.00002746094006e+05 
6.99525422636531e+01 1.00003814015928e+05 
7.01104134175452e+01 1.00004553282074e+05 
7.02682863349460e+01 1.00005189328409e+05 
7.04261613776249e+01 1.00005880493357e+05 
7.05840389189998e+01 1.00006374442964e+05 
7.07419152096647e+01 1.00006798690607e+05 
7.08997875851045e+01 1.00007405708042e+05 
7.10576561988164e+01 1.00007750941931e+05 
7.12155224399363e+01 1.00007882169391e+05 
7.13733888211252e+01 1.00008032207890e+05 
7.15312552146323e+01 1.00007948642257e+05 
7.16891217538037e+01 1.00007743270993e+05 
7.18469894024299e+01 1.00007688105986e+05 
7.20048591249784e+01 1.00007531231061e+05 
7.21627323468697e+01 1.00007214622430e+05 
7.23206109024455e+01 1.00006979548894e+05 
7.24784954490941e+01 1.00006620802634e+05 
7.26363845290400e+01 1.00006136968371e+05 
7.27942734676224e+01 1.00005766606989e+05 
7.29521620226019e+01 1.00005450894171e+05 
7.31100537643340e+01 1.00005081905678e+05 
7.32679464204612e+01 1.00004785894105e+05 
7.34258410448585e+01 1.00004390270043e+05 
7.35837409539245e+01 1.00003797052752e+05 
7.37416437257822e+01 1.00003218956167e+05 
7.38995475254834e+01 1.00002749267996e+05 
7.40574552767677e+01 1.00002179543018e+05 
7.42153656889771e+01 1.00001603641244e+05 
7.43732764020060e+01 1.00000988001470e+05 
7.45311875013272e+01 1.00000244056905e+05 
7.46890982702211e+01 9.99994988637478e+04 
7.48470091952905e+01 9.99989824587353e+04 
7.50049203089887e+01 9.99984247145432e+04 
7.51628314776675e+01 9.99978298447686e+04 
7.53207423108823e+01 9.99972841398286e+04 
7.54786534052723e+01 9.99966716218323e+04 
7.56365652919325e+01 9.99959866730705e+04 
7.57944760696322e+01 9.99955601134061e+04 
7.59523842322763e+01 9.99951521493231e+04 
7.61102907052860e+01 9.99946488138974e+04 
7.62681956345978e+01 9.99943334613602e+04 
7.64260997846199e+01 9.99940889624361e+04 
7.65840035006254e+01 9.99937612607130e+04 
7.67419079524643e+01 9.99936533850679e+04 
7.68998130220342e+01 9.99936424595366e+04 
7.70577190529444e+01 9.99935095493525e+04 
7.72156246322281e+01 9.99935808245221e+04 
7.73735304351853e+01 9.99938052718440e+04 
7.75314321962536e+01 9.99939519220741e+04 
7.76893280918668e+01 9.99942035261606e+04 
7.78472194406838e+01 9.99946353141765e+04 
7.80051082848022e+01 9.99950303350159e+04 
7.81629925315635e+01 9.99955611508474e+04 
7.83208748693117e+01 9.99962327113626e+04 
7.84787573742400e+01 9.99968181009671e+04 
7.86366399901977e+01 9.99972908334379e+04 
7.87945213840157e+01 9.99979244855875e+04 
7.89524022580153e+01 9.99986038738183e+04 
7.91102822345851e+01 9.99993220232121e+04 
7.92681598504246e+01 1.00000146120152e+05 
7.94260346032737e+01 1.00000944538160e+05 
7.95839065415183e+01 1.00001468113859e+05 
7.97417762739281e+01 1.00002045828119e+05 
7.98996452426869e+01 1.00002723379890e+05 
8.00575144475735e+01 1.00003295208792e+05 
8.02153853484350e+01 1.00003876090921e+05 
8.03732595753060e+01 1.00004468648585e+05 
8.05311360044327e+01 1.00004749411194e+05 
8.06890123775687e+01 1.00004985132202e+05 
8.08468842047536e+01 1.00005343246560e+05 
8.10047525333100e+01 1.00005551286447e+05 
8.11626191499556e+01 1.00005674412442e+05 
8.13204847650461e+01 1.00005807898918e+05 
8.14783488435453e+01 1.00005708271644e+05 
8.16362118439805e+01 1.00005495752466e+05 
8.17940760681954e+01 1.00005425865893e+05 
8.19519420697887e+01 1.00005263799350e+05 
8.21098112939899e+01 1.00004974774645e+05 
8.22676847318654e+01 1.00004715585906e+05 
8.24255638214298e+01 1.00004393325295e+05 
8.25834499430324e+01 1.00004043158513e+05 
8.27413394366513e+01 1.00003881961650e+05 
8.28992294477559e+01 1.00003705358425e+05 
8.30571223195795e+01 1.00003349742161e+05 
8.32150170578953e+01 1.00002988352505e+05 
8.33729147817309e+01 1.00002629524698e+05 
8.35308144311052e+01 1.00002197029970e+05 
8.36887168341859e+01 1.00001850622746e+05 
8.38466229777523e+01 1.00001466684027e+05 
8.40045316549114e+01 1.00000899946671e+05 
8.41624411095586e+01 1.00000316554448e+05 
8.43203503968559e+01 9.99998483363737e+04 
8.44782605557664e+01 9.99992873378433e+04 
8.46361711006565e+01 9.99987473636423e+04 
8.47940815795453e+01 9.99982387287910e+04 
8.49519911103720e+01 9.99976361891014e+04 
8.51098990973984e+01 9.99970431834447e+04 
8.52678065112851e+01 9.99966839118102e+04 
8.54257138686154e+01 9.99962521850214e+04 
8.55836217801970e+01 9.99957344878435e+04 
8.57415292183254e+01 9.99953162762453e+04 
8.58994341398339e+01 9.99948994156317e+04 
8.60573367332196e+01 9.99944651174160e+04 
8.62152374038746e+01 9.99943001261696e+04 
8.63731375811182e+01 9.99941456787822e+04 
8.65310375987192e+01 9.99938615792820e+04 
8.66889375552248e+01 9.99937683734096e+04 
8.68468385039286e+01 9.99937947596868e+04 
8.70047412609430e+01 9.99938061362457e+04 
8.71626443614392e+01 9.99940267119486e+04 
8.73205479962068e+01 9.99943446691685e+04 
8.74784503206073e+01 9.99945221887523e+04 
8.76363495572885e+01 9.99948353776647e+04 
8.77942431849901e+01 9.99953149329824e+04 
8.79521325309210e+01 9.99957807199529e+04 
8.81100185611205e+01 9.99962780592607e+04 
8.82679028525337e+01 9.99969143877079e+04 
8.84257843073351e+01 9.99974702559009e+04 
8.85836638116007e+01 9.99980688744815e+04 
8.87415446242167e+01 9.99987929688953e+04 
8.88994240315965e+01 9.99995049027134e+04 
8.90573022819536e+01 1.00000050838861e+05 
8.92151767527825e+01 1.00000696972368e+05 
8.93730477224399e+01 1.00001362312193e+05 
8.95309156458027e+01 1.00001968985177e+05 
8.96887826912112e+01 1.00002646552692e+05 
8.98466499713213e+01 1.00003330643528e+05 
9.00045176380459e+01 1.00003718407056e+05 
9.01623865154936e+01 1.00004114901409e+05 
9.03202569356564e+01 1.00004589780776e+05 
9.04781297063303e+01 1.00004930144826e+05 
9.06360054524564e+01 1.00005244145662e+05 
9.07938823357972e+01 1.00005562409459e+05 
9.09517541470789e+01 1.00005610061401e+05 
9.11096225648372e+01 1.00005592799496e+05 
9.12674903529327e+01 1.00005690122887e+05 
9.14253570626701e+01 1.00005676212794e+05 
9.15832226822998e+01 1.00005550301705e+05 
9.17410881565195e+01 1.00005413430839e+05 
9.18989546135373e+01 1.00005153009960e+05 
9.20568232887804e+01 1.00004837069053e+05 
9.22146961573564e+01 1.00004708461979e+05 
9.23725738596910e+01 1.00004573667388e+05 
9.25304579588404e+01 1.00004286090114e+05 
9.26883440768282e+01 1.00004007751357e+05 
9.28462302163992e+01 1.00003734539284e+05 
9.30041188904351e+01 1.00003455022633e+05 
9.31620089406748e+01 1.00003357059774e+05 
9.33199003766930e+01 1.00003232682035e+05 
9.34777965434557e+01 1.00002888862983e+05 
9.36356962709857e+01 1.00002533551616e+05 
9.37935970223798e+01 1.00002222063449e+05 
9.39515016043418e+01 1.00001800765877e+05 
9.41094095639123e+01 1.00001427088043e+05 
9.42673176496791e+01 1.00001050426180e+05 
9.44252272261732e+01 1.00000545472397e+05 
9.45831367419679e+01 1.00000116088607e+05 
9.47410472060425e+01 9.99998735000766e+04 
9.48989573503301e+01 9.99995341299681e+04 
9.50568658739766e+01 9.99991327615377e+04 
9.52147728697819e+01 9.99987139204132e+04 
9.53726794597599e+01 9.99982321326587e+04 
9.55305867647987e+01 9.99978169426799e+04 
9.56884942753968e+01 9.99976470228918e+04 
9.58463997516093e+01 9.99974011029281e+04 
9.60043026249207e+01 9.99969786656677e+04 
9.61622035600294e+01 9.99966225665343e+04 
9.63201032160052e+01 9.99963680896316e+04 
9.64780023140949e+01 9.99961820684480e+04 
9.66359014564617e+01 9.99962438305781e+04 
9.67938016196219e+01 9.99963051719440e+04 
9.69517021660862e+01 9.99961386090127e+04 
9.71096039307884e+01 9.99960384325898e+04 
9.72675053659434e+01 9.99961215468175e+04 
9.74254084969254e+01 9.99962323225202e+04 
9.75833089937247e+01 9.99964869473934e+04 
9.77412039501997e+01 9.99968395750734e+04 
9.78990956464850e+01 9.99970283142705e+04 
9.80569824734498e+01 9.99972723262764e+04 
9.82148662686850e+01 9.99977209414122e+04 
9.83727491375352e+01 9.99981250654210e+04 
9.85306321990684e+01 9.99984625327080e+04 
9.86885141869873e+01 9.99989024388948e+04 
9.88463960415929e+01 9.99992797375174e+04 
9.90042760737878e+01 9.99996630664448e+04 
9.91621528526767e+01 1.00000211363877e+05 
9.93200261516929e+01 1.00000692805324e+05 
9.94778958586317e+01 1.00000946118603e+05 
9.96357631314534e+01 1.00001294920327e+05 
9.97936285106285e+01 1.00001742475935e+05 
9.99514940149456e+01 1.00002127803538e+05 
1.00109360548212e+02 1.00002551456438e+05 
