# Liste des scalaires : TEMPS pmat 
0.00000000000000e+00 1.00000000000000e+05 
1.58013544018059e-01 1.00000000000000e+05 
3.16027088036117e-01 1.00000000000000e+05 
4.74040632054176e-01 1.00000000000000e+05 
6.32054176072234e-01 1.00000000000000e+05 
7.90067720090293e-01 1.00000000000000e+05 
9.48081264108351e-01 1.00000000000000e+05 
1.10609480812641e+00 1.00000000000000e+05 
1.26410835214447e+00 1.00000000000000e+05 
1.42212189616253e+00 1.00000000000000e+05 
1.58013544018058e+00 1.00000000000000e+05 
1.73814898419864e+00 1.00000000000000e+05 
1.89616252821670e+00 1.00000000000000e+05 
2.05417607223476e+00 1.00000000000000e+05 
2.21218961625282e+00 1.00000000000000e+05 
2.37020316027088e+00 1.00000000000000e+05 
2.52821670428893e+00 1.00000000000000e+05 
2.68623024830699e+00 1.00000000000000e+05 
2.84424379232505e+00 1.00000000000000e+05 
3.00225733634311e+00 1.00000000000000e+05 
3.16027088036116e+00 1.00000000000000e+05 
3.31828442437922e+00 1.00000000000000e+05 
3.47629796839728e+00 1.00000000000000e+05 
3.63431151241534e+00 1.00000000000000e+05 
3.79232505643340e+00 1.00000000000000e+05 
3.95033860045145e+00 1.00000000000000e+05 
4.10835214446951e+00 1.00000000000000e+05 
4.26636568848757e+00 1.00000000000000e+05 
4.42437923250563e+00 1.00000000000000e+05 
4.58239277652368e+00 1.00000000000000e+05 
4.74040632054174e+00 1.00000000000000e+05 
4.89841986455980e+00 1.00000000000000e+05 
5.05643340857771e+00 1.00000000000000e+05 
5.21444695259555e+00 1.00000000000000e+05 
5.37246049661106e+00 1.00000000000000e+05 
5.53047404062163e+00 1.00000000000000e+05 
5.68848758460807e+00 1.00000000000000e+05 
5.84650112860433e+00 1.00000000000000e+05 
6.00451467131846e+00 1.00000000000000e+05 
6.16252820860419e+00 1.00000000000003e+05 
6.32054173855849e+00 1.00000000000038e+05 
6.47855526263600e+00 1.00000000000250e+05 
6.63656878322570e+00 1.00000000001636e+05 
6.79458230116958e+00 1.00000000010793e+05 
6.95259581572868e+00 1.00000000076753e+05 
7.11060926486710e+00 1.00000000562748e+05 
7.26862123211782e+00 1.00000001182474e+05 
7.42662869286748e+00 1.00000002099403e+05 
7.58462797993242e+00 1.00000004228102e+05 
7.74261562363004e+00 1.00000007238066e+05 
7.90058972087802e+00 1.00000013564465e+05 
8.05854876760864e+00 1.00000026954877e+05 
8.21649327583521e+00 1.00000052290451e+05 
8.37442375590179e+00 1.00000078720107e+05 
8.53234121474706e+00 1.00000132270189e+05 
8.69024692780629e+00 1.00000193642908e+05 
8.84814294511368e+00 1.00000307623177e+05 
9.00603027516490e+00 1.00000499515268e+05 
9.16391060602912e+00 1.00000802228744e+05 
9.32178516379403e+00 1.00001066007379e+05 
9.47965513838773e+00 1.00001531695028e+05 
9.63751817790166e+00 1.00001978153919e+05 
9.79537550224774e+00 1.00002746493609e+05 
9.95322697641788e+00 1.00003809283730e+05 
1.01110732028936e+01 1.00005278561319e+05 
1.02689146274544e+01 1.00006371338102e+05 
1.04267523201822e+01 1.00008045903838e+05 
1.05845878187241e+01 1.00009387800378e+05 
1.07424234235056e+01 1.00011603538568e+05 
1.09002605183067e+01 1.00014120687618e+05 
1.10581011989153e+01 1.00017291290905e+05 
1.12159469760981e+01 1.00019296371620e+05 
1.13737958277871e+01 1.00021870710678e+05 
1.15316485112955e+01 1.00023549842756e+05 
1.16895059234703e+01 1.00026476793686e+05 
1.18473678135275e+01 1.00029089535244e+05 
1.20052343190564e+01 1.00032234456366e+05 
1.21631037930394e+01 1.00033820839558e+05 
1.23209755736488e+01 1.00035282462667e+05 
1.24788506295067e+01 1.00035866877655e+05 
1.26367295773036e+01 1.00037645751686e+05 
1.27946116815903e+01 1.00038457916656e+05 
1.29524970895918e+01 1.00039515761672e+05 
1.31103853882209e+01 1.00039487050683e+05 
1.32682764852580e+01 1.00038585571724e+05 
1.34261706139616e+01 1.00037467069272e+05 
1.35840685957871e+01 1.00037063331823e+05 
1.37419698795382e+01 1.00035514095058e+05 
1.38998748238769e+01 1.00033835869253e+05 
1.40577825863761e+01 1.00032048205282e+05 
1.42156900780669e+01 1.00028962844855e+05 
1.43735971547495e+01 1.00026516823279e+05 
1.45315042337418e+01 1.00024099724752e+05 
1.46894115576050e+01 1.00020756820540e+05 
1.48473186395545e+01 1.00016967443867e+05 
1.50052256719272e+01 1.00014067540087e+05 
1.51631330578148e+01 1.00009800320008e+05 
1.53210408171837e+01 1.00006789760656e+05 
1.54789489338296e+01 1.00003016807742e+05 
1.56368576354914e+01 9.99988779024793e+04 
1.57947669611646e+01 9.99940562530387e+04 
1.59526770505537e+01 9.99909007736921e+04 
1.61105878565459e+01 9.99867473948246e+04 
1.62684993007154e+01 9.99841494328579e+04 
1.64264117696543e+01 9.99801446888223e+04 
1.65843252894251e+01 9.99764894343990e+04 
1.67422394503545e+01 9.99721040743728e+04 
1.69001543231263e+01 9.99696556447764e+04 
1.70580702178261e+01 9.99668797278067e+04 
1.72159869071440e+01 9.99654994812525e+04 
1.73739045484328e+01 9.99624978339762e+04 
1.75318230870977e+01 9.99605461672269e+04 
1.76897420386758e+01 9.99581045133914e+04 
1.78476617082648e+01 9.99572985504669e+04 
1.80055822852594e+01 9.99570360367879e+04 
1.81635032871374e+01 9.99575766862800e+04 
1.83214252006964e+01 9.99568516317361e+04 
1.84793480458620e+01 9.99575895278331e+04 
1.86372715456650e+01 9.99582671617966e+04 
1.87951957601081e+01 9.99596648576200e+04 
1.89531209484135e+01 9.99623916455112e+04 
1.91110441089809e+01 9.99649806679668e+04 
1.92689571504680e+01 9.99670599568004e+04 
1.94268607791625e+01 9.99705638020463e+04 
1.95847566159270e+01 9.99745088388539e+04 
1.97426455229279e+01 9.99778680774642e+04 
1.99005279081235e+01 9.99829445148094e+04 
2.00584049686281e+01 9.99868236668544e+04 
2.02162789927353e+01 9.99911511187656e+04 
2.03741510118332e+01 9.99962943777148e+04 
2.05320225312322e+01 1.00002238257425e+05 
2.06898943694514e+01 1.00006366874144e+05 
2.08477672335517e+01 1.00011935101149e+05 
2.10056381883608e+01 1.00015526503776e+05 
2.11635073392954e+01 1.00020442409305e+05 
2.13213744206154e+01 1.00025101125319e+05 
2.14792406064660e+01 1.00030650409822e+05 
2.16371055052497e+01 1.00033783900052e+05 
2.17949698598769e+01 1.00037487658003e+05 
2.19528346543289e+01 1.00039065738420e+05 
2.21107022379036e+01 1.00042474291045e+05 
2.22685735446671e+01 1.00044602893401e+05 
2.24264499128177e+01 1.00047568550606e+05 
2.25843313783613e+01 1.00048409791796e+05 
2.27422178371839e+01 1.00048793528412e+05 
2.29001082195325e+01 1.00047618181736e+05 
2.30580026165052e+01 1.00048206662345e+05 
2.32159006750456e+01 1.00046997131287e+05 
2.33738008250518e+01 1.00046380707318e+05 
2.35317021841015e+01 1.00044617247619e+05 
2.36896047805334e+01 1.00041586494022e+05 
2.38475089535193e+01 1.00038058665762e+05 
2.40054144059897e+01 1.00035759398366e+05 
2.41633212527943e+01 1.00031744678504e+05 
2.43212294708959e+01 1.00027944696121e+05 
2.44791391765311e+01 1.00024276265366e+05 
2.46370501927731e+01 1.00018997713546e+05 
2.47949629062368e+01 1.00014390630229e+05 
2.49528766385629e+01 1.00010078147443e+05 
2.51107912664912e+01 1.00004664347105e+05 
2.52687065421895e+01 9.99990060715623e+04 
2.54266227275827e+01 9.99946616849756e+04 
2.55845402635157e+01 9.99888244961825e+04 
2.57424589006128e+01 9.99845434893150e+04 
2.59003774090588e+01 9.99795341173391e+04 
2.60582956021659e+01 9.99743540368290e+04 
2.62162142568713e+01 9.99686172285970e+04 
2.63741334755089e+01 9.99649626414572e+04 
2.65320531896202e+01 9.99604325246866e+04 
2.66899728755107e+01 9.99578495785408e+04 
2.68478922917635e+01 9.99537614720191e+04 
2.70058116301977e+01 9.99504811736055e+04 
2.71637307927613e+01 9.99465314775549e+04 
2.73216502821697e+01 9.99447612307181e+04 
2.74795690311203e+01 9.99430205278080e+04 
2.76374879055499e+01 9.99430301935917e+04 
2.77954041756501e+01 9.99412828371495e+04 
2.79533191433170e+01 9.99411040043348e+04 
2.81112322788099e+01 9.99403550340840e+04 
2.82691420252821e+01 9.99410965946411e+04 
2.84270498359011e+01 9.99428212523984e+04 
2.85849551367456e+01 9.99454970617158e+04 
2.87428577035279e+01 9.99467215315153e+04 
2.89007576935424e+01 9.99497822270041e+04 
2.90586554385742e+01 9.99525930624798e+04 
2.92165508783833e+01 9.99556772532463e+04 
2.93744443359554e+01 9.99604085525572e+04 
2.95323353920958e+01 9.99648958919598e+04 
2.96902253081402e+01 9.99687772932853e+04 
2.98481142776169e+01 9.99741798849531e+04 
3.00059979647156e+01 9.99798119141430e+04 
3.01638770985754e+01 9.99842760424882e+04 
3.03217523516603e+01 9.99905366168677e+04 
3.04796254231717e+01 9.99953289475919e+04 
3.06374979890028e+01 1.00000655329977e+05 
3.07953682566008e+01 1.00006545228235e+05 
3.09532360866590e+01 1.00013085216054e+05 
3.11111009485845e+01 1.00017321311756e+05 
3.12689642148262e+01 1.00022729650530e+05 
3.14268269801884e+01 1.00025848898753e+05 
3.15846899752751e+01 1.00030434297733e+05 
3.17425539745552e+01 1.00034354167158e+05 
3.19004203627167e+01 1.00039156126974e+05 
3.20582896401381e+01 1.00041407196017e+05 
3.22161632234601e+01 1.00043788331412e+05 
3.23740425511432e+01 1.00043917577367e+05 
3.25319290751244e+01 1.00046023561826e+05 
3.26898202982419e+01 1.00046487110670e+05 
3.28477131228900e+01 1.00047876337981e+05 
3.30056072961437e+01 1.00047371104269e+05 
3.31635023672678e+01 1.00045990148018e+05 
3.33213991393358e+01 1.00043149296367e+05 
3.34792973573956e+01 1.00042212350569e+05 
3.36371967535133e+01 1.00039374065858e+05 
3.37950973023584e+01 1.00037320436904e+05 
3.39529995672097e+01 1.00034551226791e+05 
3.41109029852060e+01 1.00030303767759e+05 
3.42688076087386e+01 1.00025821577254e+05 
3.44267132713632e+01 1.00022608417973e+05 
3.45846196509400e+01 1.00017842761169e+05 
3.47425273496765e+01 1.00013476186969e+05 
3.49004361808860e+01 1.00009653535323e+05 
3.50583454950604e+01 1.00004204684438e+05 
3.52162538750963e+01 9.99997265426310e+04 
3.53741611804014e+01 9.99954487596611e+04 
3.55320682312856e+01 9.99904287814625e+04 
3.56899754216115e+01 9.99852118711083e+04 
3.58478829107651e+01 9.99815688565725e+04 
3.60057904151544e+01 9.99765941046067e+04 
3.61636981099972e+01 9.99734925227492e+04 
3.63216068904539e+01 9.99694120839309e+04 
3.64795154283054e+01 9.99656215115833e+04 
3.66374236436593e+01 9.99611506216819e+04 
3.67953327010769e+01 9.99588053482407e+04 
3.69532427717678e+01 9.99558731178556e+04 
3.71111532244148e+01 9.99551497398747e+04 
3.72690630548262e+01 9.99526151253469e+04 
3.74269718145581e+01 9.99513448619361e+04 
3.75848778454541e+01 9.99491683753979e+04 
3.77427791017932e+01 9.99489594389995e+04 
3.79006746564164e+01 9.99491389616168e+04 
3.80585658512143e+01 9.99511451957953e+04 
3.82164521350274e+01 9.99511133892787e+04 
3.83743339522929e+01 9.99529251980455e+04 
3.85322143263643e+01 9.99539052810016e+04 
3.86900941565614e+01 9.99559716003106e+04 
3.88479738779336e+01 9.99592838829951e+04 
3.90058528607593e+01 9.99633904767884e+04 
3.91637297505779e+01 9.99659624242111e+04 
3.93216059461941e+01 9.99702787588488e+04 
3.94794833120710e+01 9.99741823791367e+04 
3.96373600136444e+01 9.99779294982383e+04 
3.97952355988724e+01 9.99833602801642e+04 
3.99531105564116e+01 9.99882068654767e+04 
4.01109853768128e+01 9.99925926608504e+04 
4.02688608742397e+01 9.99980505771714e+04 
4.04267381798270e+01 1.00003703108094e+05 
4.05846137319020e+01 1.00007902038394e+05 
4.07424858509869e+01 1.00013634413759e+05 
4.09003545163728e+01 1.00017552777188e+05 
4.10582217788816e+01 1.00022246323994e+05 
4.12160877638797e+01 1.00026896392990e+05 
4.13739537347660e+01 1.00032237538499e+05 
4.15318203524083e+01 1.00035341418121e+05 
4.16896877430492e+01 1.00039197668292e+05 
4.18475567572815e+01 1.00040669257105e+05 
4.20054296452478e+01 1.00043814899009e+05 
4.21633067849416e+01 1.00045853893774e+05 
4.23211896909693e+01 1.00048863203533e+05 
4.24790781339048e+01 1.00049667431598e+05 
4.26369644682292e+01 1.00050210850975e+05 
4.27948546539027e+01 1.00048651091493e+05 
4.29527445839470e+01 1.00049149358884e+05 
4.31106359297670e+01 1.00047888375945e+05 
4.32685306520852e+01 1.00047642376255e+05 
4.34264288504664e+01 1.00045947312708e+05 
4.35843293098335e+01 1.00043165071723e+05 
4.37422323857132e+01 1.00039190768509e+05 
4.39001362271449e+01 1.00036980518395e+05 
4.40580408935821e+01 1.00033007296041e+05 
4.42159461004656e+01 1.00029801869910e+05 
4.43738520952394e+01 1.00026274119816e+05 
4.45317586334686e+01 1.00021228085965e+05 
4.46896655731558e+01 1.00016264577127e+05 
4.48475732386247e+01 1.00012285074284e+05 
4.50054818277984e+01 1.00007021846386e+05 
4.51633912296472e+01 1.00002057624062e+05 
4.53213012689940e+01 9.99979488373122e+04 
4.54792124514439e+01 9.99922862613315e+04 
4.56371248172869e+01 9.99879091293793e+04 
4.57950380337933e+01 9.99833850231779e+04 
4.59529529680012e+01 9.99784391994380e+04 
4.61108663642278e+01 9.99732204315930e+04 
4.62687784498702e+01 9.99697916065532e+04 
4.64266899654798e+01 9.99652567540640e+04 
4.65846018793389e+01 9.99628299287233e+04 
4.67425141840204e+01 9.99591316509059e+04 
4.69004273753813e+01 9.99559928139803e+04 
4.70583412575278e+01 9.99520788444464e+04 
4.72162558287896e+01 9.99503282941302e+04 
4.73741661075397e+01 9.99482638885137e+04 
4.75320700293228e+01 9.99484539811911e+04 
4.76899693645184e+01 9.99466550761202e+04 
4.78478625125830e+01 9.99462691262866e+04 
4.80057508638390e+01 9.99449432118563e+04 
4.81636362087960e+01 9.99454317483574e+04 
4.83215191917349e+01 9.99465494430813e+04 
4.84794017791262e+01 9.99493023482352e+04 
4.86372824178603e+01 9.99501432933462e+04 
4.87951610644304e+01 9.99528230737407e+04 
4.89530401011878e+01 9.99548478925109e+04 
4.91109183405868e+01 9.99577105398471e+04 
4.92687968866861e+01 9.99620083074695e+04 
4.94266754364972e+01 9.99667017419564e+04 
4.95845515595664e+01 9.99702398833888e+04 
4.97424261075137e+01 9.99754229882130e+04 
4.99003006335041e+01 9.99804414141645e+04 
5.00581763017773e+01 9.99848831337080e+04 
5.02160540122954e+01 9.99910261236107e+04 
5.03739320513093e+01 9.99960986757567e+04 
5.05318084517488e+01 1.00001178018615e+05 
5.06896830101217e+01 1.00007112866170e+05 
5.08475554530749e+01 1.00013471121925e+05 
5.10054253922244e+01 1.00017993621343e+05 
5.11632927122317e+01 1.00023818885736e+05 
5.13211591090027e+01 1.00027501564208e+05 
5.14790271138448e+01 1.00032281077291e+05 
5.16368950153983e+01 1.00036847377418e+05 
5.17947643683201e+01 1.00042246854115e+05 
5.19526361004011e+01 1.00045270481571e+05 
5.21105113953299e+01 1.00048755243371e+05 
5.22683913894592e+01 1.00049866616238e+05 
5.24262776968112e+01 1.00052733934304e+05 
5.25841708838473e+01 1.00054426595652e+05 
5.27420666524036e+01 1.00057039622559e+05 
5.28999618489546e+01 1.00057533121495e+05 
5.30578577998667e+01 1.00057537414946e+05 
5.32157572283380e+01 1.00055707328156e+05 
5.33736576041167e+01 1.00055679072457e+05 
5.35315607809438e+01 1.00054017620117e+05 
5.36894666299000e+01 1.00053140131503e+05 
5.38473734460421e+01 1.00051039271422e+05 
5.40052812691421e+01 1.00047723318829e+05 
5.41631892761518e+01 1.00043642855422e+05 
5.43210976391154e+01 1.00040863923385e+05 
5.44790065647947e+01 1.00036458182243e+05 
5.46369153234515e+01 1.00032459263188e+05 
5.47948247591204e+01 1.00028449301193e+05 
5.49527345816088e+01 1.00022861805612e+05 
5.51106448015583e+01 1.00017756717410e+05 
5.52685553466649e+01 1.00013088167057e+05 
5.54264665842849e+01 1.00007255716180e+05 
5.55843786559346e+01 1.00001365346545e+05 
5.57422916964500e+01 9.99967503771360e+04 
5.59002049245996e+01 9.99906696540647e+04 
5.60581165652534e+01 9.99862187854822e+04 
5.62160267790978e+01 9.99811575017086e+04 
5.63739360456862e+01 9.99758295811277e+04 
5.65318446490167e+01 9.99699928497387e+04 
5.66897535039061e+01 9.99663067649382e+04 
5.68476637724107e+01 9.99617491394621e+04 
5.70055749148130e+01 9.99594337962061e+04 
5.71634862686760e+01 9.99556054958008e+04 
5.73213958959964e+01 9.99524996855059e+04 
5.74793010243427e+01 9.99486132909224e+04 
5.76372006427965e+01 9.99470336804388e+04 
5.77950939663717e+01 9.99455240388801e+04 
5.79529832749989e+01 9.99461073824818e+04 
5.81108693165340e+01 9.99448288156088e+04 
5.82687509560842e+01 9.99450808159083e+04 
5.84266313769464e+01 9.99446208928495e+04 
5.85845125473362e+01 9.99457517791786e+04 
5.87423932111164e+01 9.99479019675674e+04 
5.89002729936823e+01 9.99512025624643e+04 
5.90581527151859e+01 9.99530302176786e+04 
5.92160322137457e+01 9.99565613166914e+04 
5.93739114996228e+01 9.99597440632841e+04 
5.95317886882425e+01 9.99632267085416e+04 
5.96896638636060e+01 9.99682594358162e+04 
5.98475378197668e+01 9.99730366070477e+04 
6.00054119865173e+01 9.99772478876468e+04 
6.01632862541559e+01 9.99827390836509e+04 
6.03211632133958e+01 9.99884289865788e+04 
6.04790393685606e+01 9.99930343813747e+04 
6.06369130750726e+01 9.99991880153668e+04 
6.07947845152142e+01 1.00003783133770e+05 
6.09526543879465e+01 1.00008942278007e+05 
6.11105223433906e+01 1.00014485422432e+05 
6.12683891572993e+01 1.00020695690033e+05 
6.14262556334736e+01 1.00024792199556e+05 
6.15841213812268e+01 1.00029820100882e+05 
6.17419872970758e+01 1.00032569597244e+05 
6.18998556369791e+01 1.00036750839461e+05 
6.20577270573682e+01 1.00040332582703e+05 
6.22156028064752e+01 1.00044818883777e+05 
6.23734839507439e+01 1.00046953657373e+05 
6.25313719458757e+01 1.00049098205499e+05 
6.26892653364233e+01 1.00049071534642e+05 
6.28471589494630e+01 1.00050824577767e+05 
6.30050539658638e+01 1.00051179111165e+05 
6.31629516032019e+01 1.00052388419555e+05 
6.33208526762621e+01 1.00051774176555e+05 
6.34787557016783e+01 1.00050275355278e+05 
6.36366621209855e+01 1.00047363237035e+05 
6.37945707388512e+01 1.00046003251670e+05 
6.39524799651022e+01 1.00042967329026e+05 
6.41103898945289e+01 1.00040510508741e+05 
6.42682996768123e+01 1.00037314667565e+05 
6.44262099946042e+01 1.00032653090780e+05 
6.45841203235132e+01 1.00027717631174e+05 
6.47420308141056e+01 1.00023697113035e+05 
6.48999413857551e+01 1.00018222843258e+05 
6.50578522130705e+01 1.00012994385998e+05 
6.52157621383260e+01 1.00008318343163e+05 
6.53736716684331e+01 1.00002061069324e+05 
6.55315818735089e+01 9.99967464982997e+04 
6.56894924466357e+01 9.99914724511998e+04 
6.58474019305714e+01 9.99854951401510e+04 
6.60053094171804e+01 9.99793605109558e+04 
6.61632151021049e+01 9.99749652450327e+04 
6.63211194929648e+01 9.99693720320666e+04 
6.64790238951629e+01 9.99658023103696e+04 
6.66369283078166e+01 9.99613027642370e+04 
6.67948331393927e+01 9.99571442034279e+04 
6.69527394440034e+01 9.99523995321909e+04 
6.71106470639483e+01 9.99499547752484e+04 
6.72685553183821e+01 9.99471080033120e+04 
6.74264597024061e+01 9.99467051053106e+04 
6.75843590419925e+01 9.99445882420402e+04 
6.77422535684911e+01 9.99438452002978e+04 
6.79001426201263e+01 9.99423095530540e+04 
6.80580282864847e+01 9.99427925338028e+04 
6.82159111158328e+01 9.99438637011398e+04 
6.83737930861987e+01 9.99468814941569e+04 
6.85316731580176e+01 9.99479898978214e+04 
6.86895517906449e+01 9.99510382360989e+04 
6.88474307150474e+01 9.99533227848168e+04 
6.90053081989569e+01 9.99565933735883e+04 
6.91631854542290e+01 9.99612393154300e+04 
6.93210605590817e+01 9.99666573974201e+04 
6.94789329603387e+01 9.99706961325732e+04 
6.96368026296308e+01 9.99765316784237e+04 
6.97946722052352e+01 9.99819850780839e+04 
6.99525422636531e+01 9.99870690874295e+04 
7.01104134175452e+01 9.99938389632655e+04 
7.02682863349460e+01 9.99998661312425e+04 
7.04261613776249e+01 1.00005528275094e+05 
7.05840389189998e+01 1.00012210604775e+05 
7.07419152096647e+01 1.00019024019932e+05 
7.08997875851045e+01 1.00024166338880e+05 
7.10576561988164e+01 1.00030655290413e+05 
7.12155224399363e+01 1.00035150433115e+05 
7.13733888211252e+01 1.00040342582318e+05 
7.15312552146323e+01 1.00045350462648e+05 
7.16891217538037e+01 1.00050897293309e+05 
7.18469894024299e+01 1.00054145423477e+05 
7.20048591249784e+01 1.00057872951245e+05 
7.21627323468697e+01 1.00059139184907e+05 
7.23206109024455e+01 1.00061878036282e+05 
7.24784954490941e+01 1.00063322366911e+05 
7.26363845290400e+01 1.00065523701379e+05 
7.27942734676224e+01 1.00065627748780e+05 
7.29521620226019e+01 1.00065214526895e+05 
7.31100537643340e+01 1.00062726644959e+05 
7.32679464204612e+01 1.00062000192254e+05 
7.34258410448585e+01 1.00059328257859e+05 
7.35837409539245e+01 1.00057449776357e+05 
7.37416437257822e+01 1.00054390145673e+05 
7.38995475254834e+01 1.00050027084989e+05 
7.40574552767677e+01 1.00044591452360e+05 
7.42153656889771e+01 1.00040638924725e+05 
7.43732764020060e+01 1.00034759506262e+05 
7.45311875013272e+01 1.00029508203354e+05 
7.46890982702211e+01 1.00024297822667e+05 
7.48470091952905e+01 1.00017442657819e+05 
7.50049203089887e+01 1.00010820150238e+05 
7.51628314776675e+01 1.00004949489235e+05 
7.53207423108823e+01 9.99977021488748e+04 
7.54786534052723e+01 9.99907379360658e+04 
7.56365652919325e+01 9.99850815239800e+04 
7.57944760696322e+01 9.99779031452162e+04 
7.59523842322763e+01 9.99721880595221e+04 
7.61102907052860e+01 9.99662754564074e+04 
7.62681956345978e+01 9.99600105917522e+04 
7.64260997846199e+01 9.99536296154645e+04 
7.65840035006254e+01 9.99494042265206e+04 
7.67419079524643e+01 9.99443057547710e+04 
7.68998130220342e+01 9.99414344128528e+04 
7.70577190529444e+01 9.99374827240758e+04 
7.72156246322281e+01 9.99343878248195e+04 
7.73735304351853e+01 9.99308470285361e+04 
7.75314321962536e+01 9.99295743632135e+04 
7.76893280918668e+01 9.99284175260470e+04 
7.78472194406838e+01 9.99295671532887e+04 
7.80051082848022e+01 9.99290976808790e+04 
7.81629925315635e+01 9.99305686909663e+04 
7.83208748693117e+01 9.99314840690626e+04 
7.84787573742400e+01 9.99339355263027e+04 
7.86366399901977e+01 9.99375269665692e+04 
7.87945213840157e+01 9.99427179588278e+04 
7.89524022580153e+01 9.99462983043192e+04 
7.91102822345851e+01 9.99521774776755e+04 
7.92681598504246e+01 9.99574876484871e+04 
7.94260346032737e+01 9.99630034958807e+04 
7.95839065415183e+01 9.99702214332215e+04 
7.97417762739281e+01 9.99776963479802e+04 
7.98996452426869e+01 9.99840724669274e+04 
8.00575144475735e+01 9.99923379343780e+04 
8.02153853484350e+01 1.00000222651372e+05 
8.03732595753060e+01 1.00006888846996e+05 
8.05311360044327e+01 1.00015231200253e+05 
8.06890123775687e+01 1.00022353674804e+05 
8.08468842047536e+01 1.00029246820930e+05 
8.10047525333100e+01 1.00036844283890e+05 
8.11626191499556e+01 1.00044337808979e+05 
8.13204847650461e+01 1.00049610205610e+05 
8.14783488435453e+01 1.00055821124433e+05 
8.16362118439805e+01 1.00059799548151e+05 
8.17940760681954e+01 1.00064410417042e+05 
8.19519420697887e+01 1.00068313674844e+05 
8.21098112939899e+01 1.00072484850425e+05 
8.22676847318654e+01 1.00074344934319e+05 
8.24255638214298e+01 1.00076146445108e+05 
8.25834499430324e+01 1.00075575115532e+05 
8.27413394366513e+01 1.00076354910502e+05 
8.28992294477559e+01 1.00075264092170e+05 
8.30571223195795e+01 1.00074726414557e+05 
8.32150170578953e+01 1.00072586425750e+05 
8.33729147817309e+01 1.00069470637770e+05 
8.35308144311052e+01 1.00064590208759e+05 
8.36887168341859e+01 1.00061358258506e+05 
8.38466229777523e+01 1.00055836377244e+05 
8.40045316549114e+01 1.00051079828046e+05 
8.41624411095586e+01 1.00045896266816e+05 
8.43203503968559e+01 1.00039195210539e+05 
8.44782605557664e+01 1.00031879870313e+05 
8.46361711006565e+01 1.00025965860934e+05 
8.47940815795453e+01 1.00018008367329e+05 
8.49519911103720e+01 1.00010769968700e+05 
8.51098990973984e+01 1.00004363911882e+05 
8.52678065112851e+01 9.99963139565369e+04 
8.54257138686154e+01 9.99889289344620e+04 
8.55836217801970e+01 9.99822155316620e+04 
8.57415292183254e+01 9.99743338331544e+04 
8.58994341398339e+01 9.99668499456602e+04 
8.60573367332196e+01 9.99612456264512e+04 
8.62152374038746e+01 9.99543669461697e+04 
8.63731375811182e+01 9.99493060843750e+04 
8.65310375987192e+01 9.99439664671015e+04 
8.66889375552248e+01 9.99387342528392e+04 
8.68468385039286e+01 9.99334645114640e+04 
8.70047412609430e+01 9.99305100734134e+04 
8.71626443614392e+01 9.99270897252796e+04 
8.73205479962068e+01 9.99260166595384e+04 
8.74784503206073e+01 9.99237305768732e+04 
8.76363495572885e+01 9.99228700304833e+04 
8.77942431849901e+01 9.99216226665163e+04 
8.79521325309210e+01 9.99223566659099e+04 
8.81100185611205e+01 9.99236575130533e+04 
8.82679028525337e+01 9.99270867400015e+04 
8.84257843073351e+01 9.99288629221349e+04 
8.85836638116007e+01 9.99329195687073e+04 
8.87415446242167e+01 9.99363737432214e+04 
8.88994240315965e+01 9.99407339407237e+04 
8.90573022819536e+01 9.99464765359819e+04 
8.92151767527825e+01 9.99533448634031e+04 
8.93730477224399e+01 9.99586642244237e+04 
8.95309156458027e+01 9.99663400906221e+04 
8.96887826912112e+01 9.99734082730636e+04 
8.98466499713213e+01 9.99800135581281e+04 
9.00045176380459e+01 9.99883398214328e+04 
9.01623865154936e+01 9.99963852186259e+04 
9.03202569356564e+01 1.00003512874297e+05 
9.04781297063303e+01 1.00012262217689e+05 
9.06360054524564e+01 1.00020600922315e+05 
9.07938823357972e+01 1.00027199431085e+05 
9.09517541470789e+01 1.00035215140314e+05 
9.11096225648372e+01 1.00041624488048e+05 
9.12674903529327e+01 1.00047967659855e+05 
9.14253570626701e+01 1.00054599236551e+05 
9.15832226822998e+01 1.00061111054276e+05 
9.17410881565195e+01 1.00065248783649e+05 
9.18989546135373e+01 1.00069947509661e+05 
9.20568232887804e+01 1.00072365720440e+05 
9.22146961573564e+01 1.00075552695605e+05 
9.23725738596910e+01 1.00077613659380e+05 
9.25304579588404e+01 1.00079905090967e+05 
9.26883440768282e+01 1.00080092881851e+05 
9.28462302163992e+01 1.00079872506740e+05 
9.30041188904351e+01 1.00077465121835e+05 
9.31620089406748e+01 1.00076423682646e+05 
9.33199003766930e+01 1.00073275053427e+05 
9.34777965434557e+01 1.00070683099859e+05 
9.36356962709857e+01 1.00066969803037e+05 
9.37935970223798e+01 1.00062033463825e+05 
9.39515016043418e+01 1.00055741925928e+05 
9.41094095639123e+01 1.00051012091721e+05 
9.42673176496791e+01 1.00043954564103e+05 
9.44252272261732e+01 1.00037652687655e+05 
9.45831367419679e+01 1.00031509575164e+05 
9.47410472060425e+01 1.00023794255272e+05 
9.48989573503301e+01 1.00015953357028e+05 
9.50568658739766e+01 1.00009309097519e+05 
9.52147728697819e+01 1.00000851088267e+05 
9.53726794597599e+01 9.99930470251718e+04 
9.55305867647987e+01 9.99866351518998e+04 
9.56884942753968e+01 9.99787168391621e+04 
9.58463997516093e+01 9.99719477168724e+04 
9.60043026249207e+01 9.99655680288682e+04 
9.61622035600294e+01 9.99584569833321e+04 
9.63201032160052e+01 9.99516465352779e+04 
9.64780023140949e+01 9.99470402503966e+04 
9.66359014564617e+01 9.99415121401225e+04 
9.67938016196219e+01 9.99380586521396e+04 
9.69517021660862e+01 9.99340210065123e+04 
9.71096039307884e+01 9.99306132329741e+04 
9.72675053659434e+01 9.99270454114909e+04 
9.74254084969254e+01 9.99257405784358e+04 
9.75833089937247e+01 9.99244031875689e+04 
9.77412039501997e+01 9.99253631389096e+04 
9.78990956464850e+01 9.99249567088333e+04 
9.80569824734498e+01 9.99264035132226e+04 
9.82148662686850e+01 9.99273625043976e+04 
9.83727491375352e+01 9.99298671816114e+04 
9.85306321990684e+01 9.99333052407321e+04 
9.86885141869873e+01 9.99384842639447e+04 
9.88463960415929e+01 9.99420193413269e+04 
9.90042760737878e+01 9.99479077944233e+04 
9.91621528526767e+01 9.99531175020946e+04 
9.93200261516929e+01 9.99586206073340e+04 
9.94778958586317e+01 9.99656569295113e+04 
9.96357631314534e+01 9.99732187453631e+04 
9.97936285106285e+01 9.99794283882251e+04 
9.99514940149456e+01 9.99877288438679e+04 
1.00109360548212e+02 9.99954274408246e+04 
