# Liste des scalaires : TEMPS pmat 
0.00000000000000e+00 1.00000000000000e+05 
1.58013544018059e-01 1.00000000000000e+05 
3.16027088036117e-01 1.00000000000000e+05 
4.74040632054176e-01 1.00000000000000e+05 
6.32054176072234e-01 1.00000000000000e+05 
7.90067720090293e-01 1.00000000000000e+05 
9.48081264108351e-01 1.00000000000000e+05 
1.10609480812641e+00 1.00000000000000e+05 
1.26410835214447e+00 1.00000000000000e+05 
1.42212189616253e+00 1.00000000000000e+05 
1.58013544018058e+00 1.00000000000000e+05 
1.73814898419864e+00 1.00000000000000e+05 
1.89616252821670e+00 1.00000000000000e+05 
2.05417607223476e+00 1.00000000000000e+05 
2.21218961625282e+00 1.00000000000000e+05 
2.37020316027088e+00 1.00000000000000e+05 
2.52821670428893e+00 1.00000000000000e+05 
2.68623024830699e+00 1.00000000000000e+05 
2.84424379232505e+00 1.00000000000000e+05 
3.00225733634311e+00 1.00000000000000e+05 
3.16027088036116e+00 1.00000000000000e+05 
3.31828442437922e+00 1.00000000000000e+05 
3.47629796839728e+00 1.00000000000000e+05 
3.63431151241534e+00 1.00000000000000e+05 
3.79232505643340e+00 1.00000000000000e+05 
3.95033860045145e+00 1.00000000000000e+05 
4.10835214446951e+00 1.00000000000000e+05 
4.26636568848757e+00 1.00000000000000e+05 
4.42437923250563e+00 1.00000000000000e+05 
4.58239277652368e+00 1.00000000000000e+05 
4.74040632054174e+00 1.00000000000000e+05 
4.89841986455980e+00 1.00000000000000e+05 
5.05643340857771e+00 1.00000000000000e+05 
5.21444695259555e+00 1.00000000000000e+05 
5.37246049661106e+00 1.00000000000000e+05 
5.53047404062163e+00 1.00000000000000e+05 
5.68848758460807e+00 1.00000000000000e+05 
5.84650112860433e+00 1.00000000000000e+05 
6.00451467131846e+00 1.00000000000000e+05 
6.16252820860419e+00 1.00000000000000e+05 
6.32054173855849e+00 1.00000000000000e+05 
6.47855526263600e+00 1.00000000000000e+05 
6.63656878322570e+00 1.00000000000000e+05 
6.79458230116958e+00 1.00000000000000e+05 
6.95259581572868e+00 1.00000000000000e+05 
7.11060926486710e+00 1.00000000000000e+05 
7.26862123211782e+00 1.00000000000000e+05 
7.42662869286748e+00 1.00000000000000e+05 
7.58462797993242e+00 1.00000000000000e+05 
7.74261562363004e+00 1.00000000000000e+05 
7.90058972087802e+00 1.00000000000000e+05 
8.05854876760864e+00 1.00000000000000e+05 
8.21649327583521e+00 1.00000000000000e+05 
8.37442375590179e+00 1.00000000000000e+05 
8.53234121474706e+00 1.00000000000000e+05 
8.69024692780629e+00 1.00000000000000e+05 
8.84814294511368e+00 1.00000000000000e+05 
9.00603027516490e+00 1.00000000000000e+05 
9.16391060602912e+00 1.00000000000000e+05 
9.32178516379403e+00 1.00000000000000e+05 
9.47965513838773e+00 1.00000000000000e+05 
9.63751817790166e+00 1.00000000000000e+05 
9.79537550224774e+00 1.00000000000000e+05 
9.95322697641788e+00 1.00000000000000e+05 
1.01110732028936e+01 1.00000000000000e+05 
1.02689146274544e+01 1.00000000000000e+05 
1.04267523201822e+01 1.00000000000000e+05 
1.05845878187241e+01 1.00000000000000e+05 
1.07424234235056e+01 1.00000000000000e+05 
1.09002605183067e+01 1.00000000000000e+05 
1.10581011989153e+01 1.00000000000000e+05 
1.12159469760981e+01 1.00000000000000e+05 
1.13737958277871e+01 1.00000000000000e+05 
1.15316485112955e+01 1.00000000000000e+05 
1.16895059234703e+01 1.00000000000000e+05 
1.18473678135275e+01 1.00000000000000e+05 
1.20052343190564e+01 1.00000000000000e+05 
1.21631037930394e+01 1.00000000000000e+05 
1.23209755736488e+01 1.00000000000000e+05 
1.24788506295067e+01 1.00000000000000e+05 
1.26367295773036e+01 1.00000000000000e+05 
1.27946116815903e+01 1.00000000000001e+05 
1.29524970895918e+01 1.00000000000025e+05 
1.31103853882209e+01 1.00000000000330e+05 
1.32682764852580e+01 1.00000000000807e+05 
1.34261706139616e+01 1.00000000071133e+05 
1.35840685957871e+01 1.00000000682322e+05 
1.37419698795382e+01 1.00000001393172e+05 
1.38998748238769e+01 1.00000002665738e+05 
1.40577825863761e+01 1.00000004865063e+05 
1.42156900780669e+01 1.00000009171910e+05 
1.43735971547495e+01 1.00000016681067e+05 
1.45315042337418e+01 1.00000029450560e+05 
1.46894115576050e+01 1.00000051030389e+05 
1.48473186395545e+01 1.00000086070354e+05 
1.50052256719272e+01 1.00000140684745e+05 
1.51631330578148e+01 1.00000229733299e+05 
1.53210408171837e+01 1.00000358482819e+05 
1.54789489338296e+01 1.00000554848144e+05 
1.56368576354914e+01 1.00000841707659e+05 
1.57947669611646e+01 1.00001246773684e+05 
1.59526770505537e+01 1.00001771581174e+05 
1.61105878565459e+01 1.00002511322141e+05 
1.62684993007154e+01 1.00003380852268e+05 
1.64264117696543e+01 1.00004556744740e+05 
1.65843252894251e+01 1.00006071408042e+05 
1.67422394503545e+01 1.00007961014307e+05 
1.69001543231263e+01 1.00010011503591e+05 
1.70580702178261e+01 1.00012571578931e+05 
1.72159869071440e+01 1.00015030785173e+05 
1.73739045484328e+01 1.00017986008518e+05 
1.75318230870977e+01 1.00021407294965e+05 
1.76897420386758e+01 1.00025219997483e+05 
1.78476617082648e+01 1.00028590281948e+05 
1.80055822852594e+01 1.00032350254086e+05 
1.81635032871374e+01 1.00035345138646e+05 
1.83214252006964e+01 1.00038499892028e+05 
1.84793480458620e+01 1.00042003995568e+05 
1.86372715456650e+01 1.00045567273408e+05 
1.87951957601081e+01 1.00048169360027e+05 
1.89531209484135e+01 1.00050723182436e+05 
1.91110441089809e+01 1.00052377524899e+05 
1.92689571504680e+01 1.00053433811156e+05 
1.94268607791625e+01 1.00054431381133e+05 
1.95847566159270e+01 1.00054927294298e+05 
1.97426455229279e+01 1.00054750432330e+05 
1.99005279081235e+01 1.00054017530484e+05 
2.00584049686281e+01 1.00052816383830e+05 
2.02162789927353e+01 1.00050347149213e+05 
2.03741510118332e+01 1.00047164490071e+05 
2.05320225312322e+01 1.00043439679970e+05 
2.06898943694514e+01 1.00039896097232e+05 
2.08477672335517e+01 1.00035779749698e+05 
2.10056381883608e+01 1.00031930995830e+05 
2.11635073392954e+01 1.00026872159419e+05 
2.13213744206154e+01 1.00020682512632e+05 
2.14792406064660e+01 1.00014081134118e+05 
2.16371055052497e+01 1.00008564275603e+05 
2.17949698598769e+01 1.00002520566838e+05 
2.19528346543289e+01 9.99973139113531e+04 
2.21107022379036e+01 9.99913280606067e+04 
2.22685735446671e+01 9.99843526347618e+04 
2.24264499128177e+01 9.99774182376565e+04 
2.25843313783613e+01 9.99717982945917e+04 
2.27422178371839e+01 9.99659558689382e+04 
2.29001082195325e+01 9.99610745323660e+04 
2.30580026165052e+01 9.99561677202014e+04 
2.32159006750456e+01 9.99506698004506e+04 
2.33738008250518e+01 9.99455748293088e+04 
2.35317021841015e+01 9.99415588063888e+04 
2.36896047805334e+01 9.99376581196565e+04 
2.38475089535193e+01 9.99346483651295e+04 
2.40054144059897e+01 9.99324730339207e+04 
2.41633212527943e+01 9.99302785635038e+04 
2.43212294708959e+01 9.99287421752998e+04 
2.44791391765311e+01 9.99277869045921e+04 
2.46370501927731e+01 9.99272436839383e+04 
2.47949629062368e+01 9.99272364977013e+04 
2.49528766385629e+01 9.99286605162526e+04 
2.51107912664912e+01 9.99308142939245e+04 
2.52687065421895e+01 9.99336339297373e+04 
2.54266227275827e+01 9.99362807646545e+04 
2.55845402635157e+01 9.99396284174864e+04 
2.57424589006128e+01 9.99429119662813e+04 
2.59003774090588e+01 9.99478196009031e+04 
2.60582956021659e+01 9.99539581798858e+04 
2.62162142568713e+01 9.99605865205866e+04 
2.63741334755089e+01 9.99664238829665e+04 
2.65320531896202e+01 9.99728170193771e+04 
2.66899728755107e+01 9.99787867083880e+04 
2.68478922917635e+01 9.99859450347156e+04 
2.70058116301977e+01 9.99944110520331e+04 
2.71637307927613e+01 1.00003152539060e+05 
2.73216502821697e+01 1.00010098043992e+05 
2.74795690311203e+01 1.00017324310067e+05 
2.76374879055499e+01 1.00023359925111e+05 
2.77954041756501e+01 1.00029757947876e+05 
2.79533191433170e+01 1.00037006771999e+05 
2.81112322788099e+01 1.00043801592317e+05 
2.82691420252821e+01 1.00048890906038e+05 
2.84270498359011e+01 1.00053576760077e+05 
2.85849551367456e+01 1.00057115777926e+05 
2.87428577035279e+01 1.00059868011003e+05 
2.89007576935424e+01 1.00062621113253e+05 
2.90586554385742e+01 1.00064494846425e+05 
2.92165508783833e+01 1.00065443623310e+05 
2.93744443359554e+01 1.00065659773768e+05 
2.95323353920958e+01 1.00065448982479e+05 
2.96902253081402e+01 1.00063652750894e+05 
2.98481142776169e+01 1.00061142658142e+05 
3.00059979647156e+01 1.00057802058872e+05 
3.01638770985754e+01 1.00054799284072e+05 
3.03217523516603e+01 1.00051000987249e+05 
3.04796254231717e+01 1.00047696577822e+05 
3.06374979890028e+01 1.00042805452735e+05 
3.07953682566008e+01 1.00036688961454e+05 
3.09532360866590e+01 1.00030251126296e+05 
3.11111009485845e+01 1.00024861860218e+05 
3.12689642148262e+01 1.00019028534856e+05 
3.14268269801884e+01 1.00013687489081e+05 
3.15846899752751e+01 1.00007420126039e+05 
3.17425539745552e+01 9.99999658813580e+04 
3.19004203627167e+01 9.99923800155109e+04 
3.20582896401381e+01 9.99864548817414e+04 
3.22161632234601e+01 9.99802345016762e+04 
3.23740425511432e+01 9.99749838593888e+04 
3.25319290751244e+01 9.99693917338498e+04 
3.26898202982419e+01 9.99629820442292e+04 
3.28477131228900e+01 9.99569992382085e+04 
3.30056072961437e+01 9.99523124435624e+04 
3.31635023672678e+01 9.99476696270014e+04 
3.33213991393358e+01 9.99440019849897e+04 
3.34792973573956e+01 9.99409310529526e+04 
3.36371967535133e+01 9.99376663383784e+04 
3.37950973023584e+01 9.99351182980078e+04 
3.39529995672097e+01 9.99334158767136e+04 
3.41109029852060e+01 9.99318485803542e+04 
3.42688076087386e+01 9.99310444447297e+04 
3.44267132713632e+01 9.99315594514608e+04 
3.45846196509400e+01 9.99327819225931e+04 
3.47425273496765e+01 9.99346399084178e+04 
3.49004361808860e+01 9.99363677740730e+04 
3.50583454950604e+01 9.99386359389272e+04 
3.52162538750963e+01 9.99409917158184e+04 
3.53741611804014e+01 9.99448766775714e+04 
3.55320682312856e+01 9.99499261780017e+04 
3.56899754216115e+01 9.99553355337140e+04 
3.58478829107651e+01 9.99598859660608e+04 
3.60057904151544e+01 9.99649467237665e+04 
3.61636981099972e+01 9.99698175585066e+04 
3.63216068904539e+01 9.99759126889822e+04 
3.64795154283054e+01 9.99832829070214e+04 
3.66374236436593e+01 9.99908441668012e+04 
3.67953327010769e+01 9.99968624424597e+04 
3.69532427717678e+01 1.00003203146672e+05 
3.71111532244148e+01 1.00008633827734e+05 
3.72690630548262e+01 1.00014709781904e+05 
3.74269718145581e+01 1.00021746564193e+05 
3.75848778454541e+01 1.00028349335099e+05 
3.77427791017932e+01 1.00033574790624e+05 
3.79006746564164e+01 1.00038613767192e+05 
3.80585658512143e+01 1.00042630058206e+05 
3.82164521350274e+01 1.00046343820564e+05 
3.83743339522929e+01 1.00050403920798e+05 
3.85322143263643e+01 1.00053812594491e+05 
3.86900941565614e+01 1.00056259311277e+05 
3.88479738779336e+01 1.00058512746732e+05 
3.90058528607593e+01 1.00060008341358e+05 
3.91637297505779e+01 1.00060395413800e+05 
3.93216059461941e+01 1.00060251368964e+05 
3.94794833120710e+01 1.00059429072216e+05 
3.96373600136444e+01 1.00058678929691e+05 
3.97952355988724e+01 1.00057375299411e+05 
3.99531105564116e+01 1.00055904855956e+05 
4.01109853768128e+01 1.00052996950167e+05 
4.02688608742397e+01 1.00049025138877e+05 
4.04267381798270e+01 1.00044668071793e+05 
4.05846137319020e+01 1.00041069736231e+05 
4.07424858509869e+01 1.00036852209962e+05 
4.09003545163728e+01 1.00032791046850e+05 
4.10582217788816e+01 1.00027474959240e+05 
4.12160877638797e+01 1.00020945516089e+05 
4.13739537347660e+01 1.00014139343862e+05 
4.15318203524083e+01 1.00008673210006e+05 
4.16896877430492e+01 1.00002801836477e+05 
4.18475567572815e+01 9.99975527677297e+04 
4.20054296452478e+01 9.99914851531477e+04 
4.21633067849416e+01 9.99844846559176e+04 
4.23211896909693e+01 9.99776602326789e+04 
4.24790781339048e+01 9.99720885870687e+04 
4.26369644682292e+01 9.99664783263935e+04 
4.27948546539027e+01 9.99617403126665e+04 
4.29527445839470e+01 9.99569152072002e+04 
4.31106359297670e+01 9.99517312620567e+04 
4.32685306520852e+01 9.99471029014597e+04 
4.34264288504664e+01 9.99433937376826e+04 
4.35843293098335e+01 9.99400212957011e+04 
4.37422323857132e+01 9.99375324853032e+04 
4.39001362271449e+01 9.99357879904795e+04 
4.40580408935821e+01 9.99344042004708e+04 
4.42159461004656e+01 9.99337020564902e+04 
4.43738520952394e+01 9.99332878082005e+04 
4.45317586334686e+01 9.99334989876959e+04 
4.46896655731558e+01 9.99341720306653e+04 
4.48475732386247e+01 9.99361423629365e+04 
4.50054818277984e+01 9.99390827986333e+04 
4.51633912296472e+01 9.99426839790392e+04 
4.53213012689940e+01 9.99457323515945e+04 
4.54792124514439e+01 9.99495637392123e+04 
4.56371248172869e+01 9.99532038537632e+04 
4.57950380337933e+01 9.99583899420971e+04 
4.59529529680012e+01 9.99648066485427e+04 
4.61108663642278e+01 9.99716479608884e+04 
4.62687784498702e+01 9.99776384415721e+04 
4.64266899654798e+01 9.99841239077703e+04 
4.65846018793389e+01 9.99900858515960e+04 
4.67425141840204e+01 9.99970725666824e+04 
4.69004273753813e+01 1.00005181702000e+05 
4.70583412575278e+01 1.00013517299329e+05 
4.72162558287896e+01 1.00020239804114e+05 
4.73741661075397e+01 1.00027201914041e+05 
4.75320700293228e+01 1.00032942592414e+05 
4.76899693645184e+01 1.00038981067253e+05 
4.78478625125830e+01 1.00045619288975e+05 
4.80057508638390e+01 1.00051814804853e+05 
4.81636362087960e+01 1.00056685536524e+05 
4.83215191917349e+01 1.00061216572539e+05 
4.84794017791262e+01 1.00064565369825e+05 
4.86372824178603e+01 1.00067235167463e+05 
4.87951610644304e+01 1.00069742037183e+05 
4.89530401011878e+01 1.00071445629644e+05 
4.91109183405868e+01 1.00072534355444e+05 
4.92687968866861e+01 1.00073020134025e+05 
4.94266754364972e+01 1.00072910696653e+05 
4.95845515595664e+01 1.00071424911002e+05 
4.97424261075137e+01 1.00069019393896e+05 
4.99003006335041e+01 1.00065826415690e+05 
5.00581763017773e+01 1.00063065573829e+05 
5.02160540122954e+01 1.00059571811163e+05 
5.03739320513093e+01 1.00056327279622e+05 
5.05318084517488e+01 1.00051534872132e+05 
5.06896830101217e+01 1.00045450424936e+05 
5.08475554530749e+01 1.00038996224451e+05 
5.10054253922244e+01 1.00033634626600e+05 
5.11632927122317e+01 1.00027785410012e+05 
5.13211591090027e+01 1.00022385850885e+05 
5.14790271138448e+01 1.00015909264724e+05 
5.16368950153983e+01 1.00008228419579e+05 
5.17947643683201e+01 1.00000358299615e+05 
5.19526361004011e+01 9.99940885169894e+04 
5.21105113953299e+01 9.99874712813559e+04 
5.22683913894592e+01 9.99818554446747e+04 
5.24262776968112e+01 9.99756650517696e+04 
5.25841708838473e+01 9.99686279100339e+04 
5.27420666524036e+01 9.99619949601299e+04 
5.28999618489546e+01 9.99566671779580e+04 
5.30578577998667e+01 9.99513220520541e+04 
5.32157572283380e+01 9.99470554213504e+04 
5.33736576041167e+01 9.99430428400757e+04 
5.35315607809438e+01 9.99388977001838e+04 
5.36894666299000e+01 9.99354299592884e+04 
5.38473734460421e+01 9.99327815110305e+04 
5.40052812691421e+01 9.99305034785376e+04 
5.41631892761518e+01 9.99290103067084e+04 
5.43210976391154e+01 9.99286028713598e+04 
5.44790065647947e+01 9.99287740148569e+04 
5.46369153234515e+01 9.99296100622832e+04 
5.47948247591204e+01 9.99304107687389e+04 
5.49527345816088e+01 9.99318604550509e+04 
5.51106448015583e+01 9.99334568252177e+04 
5.52685553466649e+01 9.99365482417778e+04 
5.54264665842849e+01 9.99406686214016e+04 
5.55843786559346e+01 9.99452405787008e+04 
5.57422916964500e+01 9.99490504087714e+04 
5.59002049245996e+01 9.99535372993323e+04 
5.60581165652534e+01 9.99576576883931e+04 
5.62160267790978e+01 9.99632374909017e+04 
5.63739360456862e+01 9.99701670783125e+04 
5.65318446490167e+01 9.99775197128937e+04 
5.66897535039061e+01 9.99834591327504e+04 
5.68476637724107e+01 9.99899225939632e+04 
5.70055749148130e+01 9.99955519387436e+04 
5.71634862686760e+01 1.00002220638348e+05 
5.73213958959964e+01 1.00010005300118e+05 
5.74793010243427e+01 1.00017810697570e+05 
5.76372006427965e+01 1.00024033594796e+05 
5.77950939663717e+01 1.00030284523192e+05 
5.79529832749989e+01 1.00035463162178e+05 
5.81108693165340e+01 1.00040692204619e+05 
5.82687509560842e+01 1.00046427943484e+05 
5.84266313769464e+01 1.00051511194569e+05 
5.85845125473362e+01 1.00055454918580e+05 
5.87423932111164e+01 1.00059034122923e+05 
5.89002729936823e+01 1.00061793215095e+05 
5.90581527151859e+01 1.00063538899767e+05 
5.92160322137457e+01 1.00064865046645e+05 
5.93739114996228e+01 1.00065341083587e+05 
5.95317886882425e+01 1.00065668508622e+05 
5.96896638636060e+01 1.00065253802487e+05 
5.98475378197668e+01 1.00064741051656e+05 
6.00054119865173e+01 1.00062673322425e+05 
6.01632862541559e+01 1.00059590550711e+05 
6.03211632133958e+01 1.00055723788544e+05 
6.04790393685606e+01 1.00052767528796e+05 
6.06369130750726e+01 1.00049016320116e+05 
6.07947845152142e+01 1.00045677282255e+05 
6.09526543879465e+01 1.00040885687082e+05 
6.11105223433906e+01 1.00034756910633e+05 
6.12683891572993e+01 1.00028278972123e+05 
6.14262556334736e+01 1.00022974596617e+05 
6.15841213812268e+01 1.00017359021214e+05 
6.17419872970758e+01 1.00012330900883e+05 
6.18998556369791e+01 1.00006393414332e+05 
6.20577270573682e+01 9.99994042433204e+04 
6.22156028064752e+01 9.99922612106637e+04 
6.23734839507439e+01 9.99866264331033e+04 
6.25313719458757e+01 9.99808765547608e+04 
6.26892653364233e+01 9.99760216924016e+04 
6.28471589494630e+01 9.99709011654039e+04 
6.30050539658638e+01 9.99652055860861e+04 
6.31629516032019e+01 9.99599753153236e+04 
6.33208526762621e+01 9.99557218163076e+04 
6.34787557016783e+01 9.99517599106667e+04 
6.36366621209855e+01 9.99485909232958e+04 
6.37945707388512e+01 9.99459525289457e+04 
6.39524799651022e+01 9.99434414846703e+04 
6.41103898945289e+01 9.99416020068955e+04 
6.42682996768123e+01 9.99400890985245e+04 
6.44262099946042e+01 9.99391601248299e+04 
6.45841203235132e+01 9.99385613003778e+04 
6.47420308141056e+01 9.99392184832370e+04 
6.48999413857551e+01 9.99406686362688e+04 
6.50578522130705e+01 9.99428777404000e+04 
6.52157621383260e+01 9.99445156235857e+04 
6.53736716684331e+01 9.99470054207188e+04 
6.55315818735089e+01 9.99491882204786e+04 
6.56894924466357e+01 9.99529476997775e+04 
6.58474019305714e+01 9.99579201251059e+04 
6.60053094171804e+01 9.99633710010696e+04 
6.61632151021049e+01 9.99679745218346e+04 
6.63211194929648e+01 9.99730945550912e+04 
6.64790238951629e+01 9.99776765660650e+04 
6.66369283078166e+01 9.99834667942311e+04 
6.67948331393927e+01 9.99904324539025e+04 
6.69527394440034e+01 9.99977608593225e+04 
6.71106470639483e+01 1.00003537379531e+05 
6.72685553183821e+01 1.00009644483794e+05 
6.74264597024061e+01 1.00014585779306e+05 
6.75843590419925e+01 1.00020130274803e+05 
6.77422535684911e+01 1.00026480523704e+05 
6.79001426201263e+01 1.00032545069421e+05 
6.80580282864847e+01 1.00037356388724e+05 
6.82159111158328e+01 1.00041982557346e+05 
6.83737930861987e+01 1.00045574405000e+05 
6.85316731580176e+01 1.00048728534537e+05 
6.86895517906449e+01 1.00052049246060e+05 
6.88474307150474e+01 1.00054692067606e+05 
6.90053081989569e+01 1.00056765942098e+05 
6.91631854542290e+01 1.00058279017291e+05 
6.93210605590817e+01 1.00059332094046e+05 
6.94789329603387e+01 1.00059147664348e+05 
6.96368026296308e+01 1.00058273437365e+05 
6.97946722052352e+01 1.00056656213100e+05 
6.99525422636531e+01 1.00055569170810e+05 
7.01104134175452e+01 1.00053616953988e+05 
7.02682863349460e+01 1.00052004533506e+05 
7.04261613776249e+01 1.00048819367792e+05 
7.05840389189998e+01 1.00044451382522e+05 
7.07419152096647e+01 1.00039637270522e+05 
7.08997875851045e+01 1.00035845736017e+05 
7.10576561988164e+01 1.00031574160958e+05 
7.12155224399363e+01 1.00027930231097e+05 
7.13733888211252e+01 1.00023013724584e+05 
7.15312552146323e+01 1.00016902831967e+05 
7.16891217538037e+01 1.00010449857227e+05 
7.18469894024299e+01 1.00005583322187e+05 
7.20048591249784e+01 1.00000329987040e+05 
7.21627323468697e+01 9.99961765796248e+04 
7.23206109024455e+01 9.99912039202767e+04 
7.24784954490941e+01 9.99853473881920e+04 
7.26363845290400e+01 9.99796883177053e+04 
7.27942734676224e+01 9.99752553724597e+04 
7.29521620226019e+01 9.99708646349777e+04 
7.31100537643340e+01 9.99674596932864e+04 
7.32679464204612e+01 9.99640778798257e+04 
7.34258410448585e+01 9.99604216530081e+04 
7.35837409539245e+01 9.99572350955205e+04 
7.37416437257822e+01 9.99546822955398e+04 
7.38995475254834e+01 9.99523736026738e+04 
7.40574552767677e+01 9.99506357915022e+04 
7.42153656889771e+01 9.99498210281510e+04 
7.43732764020060e+01 9.99494195561750e+04 
7.45311875013272e+01 9.99495617653148e+04 
7.46890982702211e+01 9.99494516455782e+04 
7.48470091952905e+01 9.99500125698758e+04 
7.50049203089887e+01 9.99504678642238e+04 
7.51628314776675e+01 9.99524054817196e+04 
7.53207423108823e+01 9.99552778901311e+04 
7.54786534052723e+01 9.99586696004923e+04 
7.56365652919325e+01 9.99612234840199e+04 
7.57944760696322e+01 9.99644744818822e+04 
7.59523842322763e+01 9.99672373417361e+04 
7.61102907052860e+01 9.99714610744929e+04 
7.62681956345978e+01 9.99768900932445e+04 
7.64260997846199e+01 9.99826718851241e+04 
7.65840035006254e+01 9.99873859828874e+04 
7.67419079524643e+01 9.99924590258536e+04 
7.68998130220342e+01 9.99966218050857e+04 
7.70577190529444e+01 1.00001798406992e+05 
7.72156246322281e+01 1.00007956482953e+05 
7.73735304351853e+01 1.00014311703440e+05 
7.75314321962536e+01 1.00019121882445e+05 
7.76893280918668e+01 1.00023969438469e+05 
7.78472194406838e+01 1.00027686708376e+05 
7.80051082848022e+01 1.00031638067834e+05 
7.81629925315635e+01 1.00036073911887e+05 
7.83208748693117e+01 1.00039995684841e+05 
7.84787573742400e+01 1.00042968701241e+05 
7.86366399901977e+01 1.00045636083398e+05 
7.87945213840157e+01 1.00047540933583e+05 
7.89524022580153e+01 1.00048618438495e+05 
7.91102822345851e+01 1.00049349179771e+05 
7.92681598504246e+01 1.00049357447827e+05 
7.94260346032737e+01 1.00049460653674e+05 
7.95839065415183e+01 1.00048787608773e+05 
7.97417762739281e+01 1.00048197545657e+05 
7.98996452426869e+01 1.00046202845296e+05 
8.00575144475735e+01 1.00043174729790e+05 
8.02153853484350e+01 1.00039663216495e+05 
8.03732595753060e+01 1.00037000298735e+05 
8.05311360044327e+01 1.00033670417263e+05 
8.06890123775687e+01 1.00031021934494e+05 
8.08468842047536e+01 1.00026931782730e+05 
8.10047525333100e+01 1.00021700252086e+05 
8.11626191499556e+01 1.00016284488293e+05 
8.13204847650461e+01 1.00011925095498e+05 
8.14783488435453e+01 1.00007323917586e+05 
8.16362118439805e+01 1.00003679224301e+05 
8.17940760681954e+01 9.99990620379772e+04 
8.19519420697887e+01 9.99935076253425e+04 
8.21098112939899e+01 9.99877691938815e+04 
8.22676847318654e+01 9.99835479847279e+04 
8.24255638214298e+01 9.99792442745286e+04 
8.25834499430324e+01 9.99760267663269e+04 
8.27413394366513e+01 9.99724287546825e+04 
8.28992294477559e+01 9.99683255319633e+04 
8.30571223195795e+01 9.99646153596037e+04 
8.32150170578953e+01 9.99616890726249e+04 
8.33729147817309e+01 9.99590058348604e+04 
8.35308144311052e+01 9.99570448714562e+04 
8.36887168341859e+01 9.99555205797234e+04 
8.38466229777523e+01 9.99541337949002e+04 
8.40045316549114e+01 9.99532791207070e+04 
8.41624411095586e+01 9.99524251742618e+04 
8.43203503968559e+01 9.99521720841093e+04 
8.44782605557664e+01 9.99520310135055e+04 
8.46361711006565e+01 9.99530367938053e+04 
8.47940815795453e+01 9.99547707165371e+04 
8.49519911103720e+01 9.99570619572860e+04 
8.51098990973984e+01 9.99585563996496e+04 
8.52678065112851e+01 9.99609273205535e+04 
8.54257138686154e+01 9.99628006423896e+04 
8.55836217801970e+01 9.99660714279218e+04 
8.57415292183254e+01 9.99704123783799e+04 
8.58994341398339e+01 9.99751852797116e+04 
8.60573367332196e+01 9.99790464523242e+04 
8.62152374038746e+01 9.99834255612851e+04 
8.63731375811182e+01 9.99871001162843e+04 
8.65310375987192e+01 9.99919951808584e+04 
8.66889375552248e+01 9.99979716361872e+04 
8.68468385039286e+01 1.00004355623537e+05 
8.70047412609430e+01 1.00009217009114e+05 
8.71626443614392e+01 1.00014426460150e+05 
8.73205479962068e+01 1.00018408211925e+05 
8.74784503206073e+01 1.00023044449509e+05 
8.76363495572885e+01 1.00028346044670e+05 
8.77942431849901e+01 1.00033539938044e+05 
8.79521325309210e+01 1.00037551962274e+05 
8.81100185611205e+01 1.00041245663846e+05 
8.82679028525337e+01 1.00043945977077e+05 
8.84257843073351e+01 1.00046359934468e+05 
8.85836638116007e+01 1.00048802819738e+05 
8.87415446242167e+01 1.00050615200962e+05 
8.88994240315965e+01 1.00051992086550e+05 
8.90573022819536e+01 1.00052738693465e+05 
8.92151767527825e+01 1.00053140604606e+05 
8.93730477224399e+01 1.00052372965185e+05 
8.95309156458027e+01 1.00050908588464e+05 
8.96887826912112e+01 1.00048696255068e+05 
8.98466499713213e+01 1.00047248677616e+05 
9.00045176380459e+01 1.00044824981253e+05 
9.01623865154936e+01 1.00042975240887e+05 
9.03202569356564e+01 1.00039593584716e+05 
9.04781297063303e+01 1.00035115686615e+05 
9.06360054524564e+01 1.00030240002666e+05 
9.07938823357972e+01 1.00026495086174e+05 
9.09517541470789e+01 1.00022302396007e+05 
9.11096225648372e+01 1.00018884036141e+05 
9.12674903529327e+01 1.00014311059479e+05 
9.14253570626701e+01 1.00008640199944e+05 
9.15832226822998e+01 1.00002613199344e+05 
9.17410881565195e+01 9.99981755553591e+04 
9.18989546135373e+01 9.99933761031592e+04 
9.20568232887804e+01 9.99897441472819e+04 
9.22146961573564e+01 9.99853767106863e+04 
9.23725738596910e+01 9.99802961732206e+04 
9.25304579588404e+01 9.99752701395153e+04 
9.26883440768282e+01 9.99714463094733e+04 
9.28462302163992e+01 9.99677156098157e+04 
9.30041188904351e+01 9.99649122585027e+04 
9.31620089406748e+01 9.99621324631888e+04 
9.33199003766930e+01 9.99591180191097e+04 
9.34777965434557e+01 9.99565752021167e+04 
9.36356962709857e+01 9.99546032615774e+04 
9.37935970223798e+01 9.99528477376835e+04 
9.39515016043418e+01 9.99515731577030e+04 
9.41094095639123e+01 9.99512198032932e+04 
9.42673176496791e+01 9.99513477856654e+04 
9.44252272261732e+01 9.99521043909814e+04 
9.45831367419679e+01 9.99523012070201e+04 
9.47410472060425e+01 9.99532819387636e+04 
9.48989573503301e+01 9.99541149625883e+04 
9.50568658739766e+01 9.99562831571736e+04 
9.52147728697819e+01 9.99594631282104e+04 
9.53726794597599e+01 9.99631016205045e+04 
9.55305867647987e+01 9.99658443715638e+04 
9.56884942753968e+01 9.99692433902874e+04 
9.58463997516093e+01 9.99720225865221e+04 
9.60043026249207e+01 9.99761804390073e+04 
9.61622035600294e+01 9.99814882211934e+04 
9.63201032160052e+01 9.99871054794104e+04 
9.64780023140949e+01 9.99917439565604e+04 
9.66359014564617e+01 9.99966912049445e+04 
9.67938016196219e+01 1.00000723364120e+05 
9.69517021660862e+01 1.00005665792346e+05 
9.71096039307884e+01 1.00011521660338e+05 
9.72675053659434e+01 1.00017599056547e+05 
9.74254084969254e+01 1.00022155139835e+05 
9.75833089937247e+01 1.00026791750307e+05 
9.77412039501997e+01 1.00030260591552e+05 
9.78990956464850e+01 1.00033934121093e+05 
9.80569824734498e+01 1.00038030091765e+05 
9.82148662686850e+01 1.00041711220218e+05 
9.83727491375352e+01 1.00044424236023e+05 
9.85306321990684e+01 1.00046840393987e+05 
9.86885141869873e+01 1.00048527541931e+05 
9.88463960415929e+01 1.00049399856175e+05 
9.90042760737878e+01 1.00049912727185e+05 
9.91621528526767e+01 1.00049728756075e+05 
9.93200261516929e+01 1.00049619082890e+05 
9.94778958586317e+01 1.00048742907292e+05 
9.96357631314534e+01 1.00047996728061e+05 
9.97936285106285e+01 1.00045878486428e+05 
9.99514940149456e+01 1.00042766697539e+05 
1.00109360548212e+02 1.00039145725302e+05 
