# Liste des scalaires : TEMPS pmat 
0.00000000000000e+00 1.00000000000000e+05 
1.58013544018059e-01 1.00000000000000e+05 
3.16027088036117e-01 1.00000000000000e+05 
4.74040632054176e-01 1.00000000000000e+05 
6.32054176072234e-01 1.00000000000000e+05 
7.90067720090293e-01 1.00000000000000e+05 
9.48081264108351e-01 1.00000000000000e+05 
1.10609480812641e+00 1.00000000000000e+05 
1.26410835214447e+00 1.00000000000000e+05 
1.42212189616253e+00 1.00000000000000e+05 
1.58013544018058e+00 1.00000000000000e+05 
1.73814898419864e+00 1.00000000000000e+05 
1.89616252821670e+00 1.00000000000000e+05 
2.05417607223476e+00 1.00000000000000e+05 
2.21218961625282e+00 1.00000000000000e+05 
2.37020316027088e+00 1.00000000000000e+05 
2.52821670428893e+00 1.00000000000000e+05 
2.68623024830699e+00 1.00000000000000e+05 
2.84424379232505e+00 1.00000000000000e+05 
3.00225733634311e+00 1.00000000000000e+05 
3.16027088036116e+00 1.00000000000000e+05 
3.31828442437922e+00 1.00000000000000e+05 
3.47629796839728e+00 1.00000000000000e+05 
3.63431151241534e+00 1.00000000000000e+05 
3.79232505643340e+00 1.00000000000000e+05 
3.95033860045145e+00 1.00000000000000e+05 
4.10835214446951e+00 1.00000000000000e+05 
4.26636568848757e+00 1.00000000000000e+05 
4.42437923250563e+00 1.00000000000000e+05 
4.58239277652368e+00 1.00000000000000e+05 
4.74040632054174e+00 1.00000000000000e+05 
4.89841986455980e+00 1.00000000000000e+05 
5.05643340857771e+00 1.00000000000000e+05 
5.21444695259555e+00 1.00000000000000e+05 
5.37246049661106e+00 1.00000000000000e+05 
5.53047404062163e+00 1.00000000000000e+05 
5.68848758460807e+00 1.00000000000000e+05 
5.84650112860433e+00 1.00000000000000e+05 
6.00451467131846e+00 1.00000000000000e+05 
6.16252820860419e+00 1.00000000000000e+05 
6.32054173855849e+00 1.00000000000000e+05 
6.47855526263600e+00 1.00000000000000e+05 
6.63656878322570e+00 1.00000000000000e+05 
6.79458230116958e+00 1.00000000000000e+05 
6.95259581572868e+00 1.00000000000000e+05 
7.11060926486710e+00 1.00000000000000e+05 
7.26862123211782e+00 1.00000000000000e+05 
7.42662869286748e+00 1.00000000000000e+05 
7.58462797993242e+00 1.00000000000000e+05 
7.74261562363004e+00 1.00000000000000e+05 
7.90058972087802e+00 1.00000000000000e+05 
8.05854876760864e+00 1.00000000000000e+05 
8.21649327583521e+00 1.00000000000000e+05 
8.37442375590179e+00 1.00000000000000e+05 
8.53234121474706e+00 1.00000000000000e+05 
8.69024692780629e+00 1.00000000000000e+05 
8.84814294511368e+00 1.00000000000000e+05 
9.00603027516490e+00 1.00000000000000e+05 
9.16391060602912e+00 1.00000000000000e+05 
9.32178516379403e+00 1.00000000000000e+05 
9.47965513838773e+00 1.00000000000000e+05 
9.63751817790166e+00 1.00000000000000e+05 
9.79537550224774e+00 1.00000000000000e+05 
9.95322697641788e+00 1.00000000000000e+05 
1.01110732028936e+01 1.00000000000000e+05 
1.02689146274544e+01 1.00000000000000e+05 
1.04267523201822e+01 1.00000000000000e+05 
1.05845878187241e+01 1.00000000000000e+05 
1.07424234235056e+01 1.00000000000000e+05 
1.09002605183067e+01 1.00000000000000e+05 
1.10581011989153e+01 1.00000000000000e+05 
1.12159469760981e+01 1.00000000000000e+05 
1.13737958277871e+01 1.00000000000000e+05 
1.15316485112955e+01 1.00000000000000e+05 
1.16895059234703e+01 1.00000000000000e+05 
1.18473678135275e+01 1.00000000000000e+05 
1.20052343190564e+01 1.00000000000000e+05 
1.21631037930394e+01 1.00000000000000e+05 
1.23209755736488e+01 1.00000000000000e+05 
1.24788506295067e+01 1.00000000000000e+05 
1.26367295773036e+01 1.00000000000001e+05 
1.27946116815903e+01 1.00000000000003e+05 
1.29524970895918e+01 1.00000000000017e+05 
1.31103853882209e+01 1.00000000000067e+05 
1.32682764852580e+01 1.00000000000227e+05 
1.34261706139616e+01 1.00000000002746e+05 
1.35840685957871e+01 1.00000000025757e+05 
1.37419698795382e+01 1.00000000222423e+05 
1.38998748238769e+01 1.00000000722089e+05 
1.40577825863761e+01 1.00000001147228e+05 
1.42156900780669e+01 1.00000001803494e+05 
1.43735971547495e+01 1.00000003143814e+05 
1.45315042337418e+01 1.00000005021184e+05 
1.46894115576050e+01 1.00000008821798e+05 
1.48473186395545e+01 1.00000014305120e+05 
1.50052256719272e+01 1.00000023579887e+05 
1.51631330578148e+01 1.00000039165124e+05 
1.53210408171837e+01 1.00000065186550e+05 
1.54789489338296e+01 1.00000096594080e+05 
1.56368576354914e+01 1.00000148341909e+05 
1.57947669611646e+01 1.00000220445192e+05 
1.59526770505537e+01 1.00000330648302e+05 
1.61105878565459e+01 1.00000494997183e+05 
1.62684993007154e+01 1.00000726631209e+05 
1.64264117696543e+01 1.00000981921670e+05 
1.65843252894251e+01 1.00001346456682e+05 
1.67422394503545e+01 1.00001822338436e+05 
1.69001543231263e+01 1.00002492883224e+05 
1.70580702178261e+01 1.00003378464479e+05 
1.72159869071440e+01 1.00004432613779e+05 
1.73739045484328e+01 1.00005478689670e+05 
1.75318230870977e+01 1.00006756727305e+05 
1.76897420386758e+01 1.00008348590333e+05 
1.78476617082648e+01 1.00010416091276e+05 
1.80055822852594e+01 1.00012847256440e+05 
1.81635032871374e+01 1.00015253232059e+05 
1.83214252006964e+01 1.00017331670728e+05 
1.84793480458620e+01 1.00019448948884e+05 
1.86372715456650e+01 1.00022068434410e+05 
1.87951957601081e+01 1.00025183000490e+05 
1.89531209484135e+01 1.00028538423930e+05 
1.91110441089809e+01 1.00031177016711e+05 
1.92689571504680e+01 1.00032999939130e+05 
1.94268607791625e+01 1.00034230996684e+05 
1.95847566159270e+01 1.00036019423518e+05 
1.97426455229279e+01 1.00038188216694e+05 
1.99005279081235e+01 1.00040222976765e+05 
2.00584049686281e+01 1.00040976571615e+05 
2.02162789927353e+01 1.00040883437992e+05 
2.03741510118332e+01 1.00039736407894e+05 
2.05320225312322e+01 1.00038948401660e+05 
2.06898943694514e+01 1.00037877485283e+05 
2.08477672335517e+01 1.00036595765498e+05 
2.10056381883608e+01 1.00034405816172e+05 
2.11635073392954e+01 1.00031860849760e+05 
2.13213744206154e+01 1.00028401638817e+05 
2.14792406064660e+01 1.00024948987212e+05 
2.16371055052497e+01 1.00020534739835e+05 
2.17949698598769e+01 1.00015965692760e+05 
2.19528346543289e+01 1.00011405046012e+05 
2.21107022379036e+01 1.00007322714079e+05 
2.22685735446671e+01 1.00002967441786e+05 
2.24264499128177e+01 9.99981141809823e+04 
2.25843313783613e+01 9.99917591789303e+04 
2.27422178371839e+01 9.99853681905730e+04 
2.29001082195325e+01 9.99799745034065e+04 
2.30580026165052e+01 9.99756683876355e+04 
2.32159006750456e+01 9.99719987000879e+04 
2.33738008250518e+01 9.99673852132837e+04 
2.35317021841015e+01 9.99611128727103e+04 
2.36896047805334e+01 9.99551584165987e+04 
2.38475089535193e+01 9.99510581405158e+04 
2.40054144059897e+01 9.99482937897623e+04 
2.41633212527943e+01 9.99471818369550e+04 
2.43212294708959e+01 9.99450446214459e+04 
2.44791391765311e+01 9.99417452111549e+04 
2.46370501927731e+01 9.99389037308337e+04 
2.47949629062368e+01 9.99380985789106e+04 
2.49528766385629e+01 9.99387992383226e+04 
2.51107912664912e+01 9.99411738234081e+04 
2.52687065421895e+01 9.99428002748117e+04 
2.54266227275827e+01 9.99442421495672e+04 
2.55845402635157e+01 9.99461859965782e+04 
2.57424589006128e+01 9.99494602435814e+04 
2.59003774090588e+01 9.99529794574740e+04 
2.60582956021659e+01 9.99582515887191e+04 
2.62162142568713e+01 9.99633184659626e+04 
2.63741334755089e+01 9.99690730221387e+04 
2.65320531896202e+01 9.99751839038018e+04 
2.66899728755107e+01 9.99812229865545e+04 
2.68478922917635e+01 9.99865480576276e+04 
2.70058116301977e+01 9.99926471981198e+04 
2.71637307927613e+01 9.99992455374903e+04 
2.73216502821697e+01 1.00007276482518e+05 
2.74795690311203e+01 1.00015301323808e+05 
2.76374879055499e+01 1.00021963395600e+05 
2.77954041756501e+01 1.00027087549595e+05 
2.79533191433170e+01 1.00031684764002e+05 
2.81112322788099e+01 1.00037310095498e+05 
2.82691420252821e+01 1.00044513653530e+05 
2.84270498359011e+01 1.00051359673011e+05 
2.85849551367456e+01 1.00055993755280e+05 
2.87428577035279e+01 1.00058835330810e+05 
2.89007576935424e+01 1.00060159950386e+05 
2.90586554385742e+01 1.00062635911699e+05 
2.92165508783833e+01 1.00066245542390e+05 
2.93744443359554e+01 1.00068992519664e+05 
2.95323353920958e+01 1.00069469710070e+05 
2.96902253081402e+01 1.00068887660729e+05 
2.98481142776169e+01 1.00066089761522e+05 
3.00059979647156e+01 1.00064163569846e+05 
3.01638770985754e+01 1.00062440530787e+05 
3.03217523516603e+01 1.00060036201603e+05 
3.04796254231717e+01 1.00056167818146e+05 
3.06374979890028e+01 1.00052053515049e+05 
3.07953682566008e+01 1.00045983436710e+05 
3.09532360866590e+01 1.00040346942829e+05 
3.11111009485845e+01 1.00033894703763e+05 
3.12689642148262e+01 1.00026950722843e+05 
3.14268269801884e+01 1.00020083429797e+05 
3.15846899752751e+01 1.00013886825762e+05 
3.17425539745552e+01 1.00006698472975e+05 
3.19004203627167e+01 9.99990308506642e+04 
3.20582896401381e+01 9.99902143582241e+04 
3.22161632234601e+01 9.99812075722312e+04 
3.23740425511432e+01 9.99736336786561e+04 
3.25319290751244e+01 9.99675829426075e+04 
3.26898202982419e+01 9.99616310486908e+04 
3.28477131228900e+01 9.99547327613100e+04 
3.30056072961437e+01 9.99464869479182e+04 
3.31635023672678e+01 9.99383899209639e+04 
3.33213991393358e+01 9.99326956786565e+04 
3.34792973573956e+01 9.99288122480829e+04 
3.36371967535133e+01 9.99261212237510e+04 
3.37950973023584e+01 9.99222611514258e+04 
3.39529995672097e+01 9.99175140256118e+04 
3.41109029852060e+01 9.99134133713633e+04 
3.42688076087386e+01 9.99116681196916e+04 
3.44267132713632e+01 9.99114549228682e+04 
3.45846196509400e+01 9.99132901408014e+04 
3.47425273496765e+01 9.99141607411676e+04 
3.49004361808860e+01 9.99148900505864e+04 
3.50583454950604e+01 9.99163778659705e+04 
3.52162538750963e+01 9.99196831507893e+04 
3.53741611804014e+01 9.99236844002100e+04 
3.55320682312856e+01 9.99295508207830e+04 
3.56899754216115e+01 9.99349957404341e+04 
3.58478829107651e+01 9.99413723506041e+04 
3.60057904151544e+01 9.99481354616528e+04 
3.61636981099972e+01 9.99551935214861e+04 
3.63216068904539e+01 9.99621211849146e+04 
3.64795154283054e+01 9.99701501571737e+04 
3.66374236436593e+01 9.99785464426409e+04 
3.67953327010769e+01 9.99883268176218e+04 
3.69532427717678e+01 9.99982905865789e+04 
3.71111532244148e+01 1.00006987562322e+05 
3.72690630548262e+01 1.00014347246741e+05 
3.74269718145581e+01 1.00021734240426e+05 
3.75848778454541e+01 1.00030035434455e+05 
3.77427791017932e+01 1.00039967844802e+05 
3.79006746564164e+01 1.00049628398498e+05 
3.80585658512143e+01 1.00056808408599e+05 
3.82164521350274e+01 1.00062085295921e+05 
3.83743339522929e+01 1.00066089831461e+05 
3.85322143263643e+01 1.00071276521411e+05 
3.86900941565614e+01 1.00077726022537e+05 
3.88479738779336e+01 1.00083366550981e+05 
3.90058528607593e+01 1.00086290968595e+05 
3.91637297505779e+01 1.00087560151805e+05 
3.93216059461941e+01 1.00086559148343e+05 
3.94794833120710e+01 1.00086602461564e+05 
3.96373600136444e+01 1.00086927135054e+05 
3.97952355988724e+01 1.00086361662575e+05 
3.99531105564116e+01 1.00083685809122e+05 
4.01109853768128e+01 1.00080218314107e+05 
4.02688608742397e+01 1.00074533231076e+05 
4.04267381798270e+01 1.00069354518746e+05 
4.05846137319020e+01 1.00063273334917e+05 
4.07424858509869e+01 1.00056717003597e+05 
4.09003545163728e+01 1.00049714339497e+05 
4.10582217788816e+01 1.00042711981648e+05 
4.12160877638797e+01 1.00034408785332e+05 
4.13739537347660e+01 1.00025789050451e+05 
4.15318203524083e+01 1.00015842868711e+05 
4.16896877430492e+01 1.00005607102795e+05 
4.18475567572815e+01 9.99964951468676e+04 
4.20054296452478e+01 9.99885677367535e+04 
4.21633067849416e+01 9.99802860680111e+04 
4.23211896909693e+01 9.99711645826661e+04 
4.24790781339048e+01 9.99605612303524e+04 
4.26369644682292e+01 9.99502203075251e+04 
4.27948546539027e+01 9.99422741981452e+04 
4.29527445839470e+01 9.99360684924656e+04 
4.31106359297670e+01 9.99309167340507e+04 
4.32685306520852e+01 9.99247782203109e+04 
4.34264288504664e+01 9.99176144434879e+04 
4.35843293098335e+01 9.99111993841798e+04 
4.37422323857132e+01 9.99075749960001e+04 
4.39001362271449e+01 9.99057669485883e+04 
4.40580408935821e+01 9.99058403657297e+04 
4.42159461004656e+01 9.99051114183223e+04 
4.43738520952394e+01 9.99040925755972e+04 
4.45317586334686e+01 9.99039090559230e+04 
4.46896655731558e+01 9.99061909819972e+04 
4.48475732386247e+01 9.99093909671864e+04 
4.50054818277984e+01 9.99147744997276e+04 
4.51633912296472e+01 9.99198132872588e+04 
4.53213012689940e+01 9.99254480837281e+04 
4.54792124514439e+01 9.99317256398744e+04 
4.56371248172869e+01 9.99384201696168e+04 
4.57950380337933e+01 9.99455180566793e+04 
4.59529529680012e+01 9.99542289582224e+04 
4.61108663642278e+01 9.99630517141253e+04 
4.62687784498702e+01 9.99728701075489e+04 
4.64266899654798e+01 9.99831008057670e+04 
4.65846018793389e+01 9.99925210638038e+04 
4.67425141840204e+01 1.00000849845999e+05 
4.69004273753813e+01 1.00009919649020e+05 
4.70583412575278e+01 1.00019667971106e+05 
4.72162558287896e+01 1.00030744302298e+05 
4.73741661075397e+01 1.00041657935694e+05 
4.75320700293228e+01 1.00050388606343e+05 
4.76899693645184e+01 1.00057460706345e+05 
4.78478625125830e+01 1.00063831240225e+05 
4.80057508638390e+01 1.00071213759295e+05 
4.81636362087960e+01 1.00079587216089e+05 
4.83215191917349e+01 1.00087267669952e+05 
4.84794017791262e+01 1.00092035372683e+05 
4.86372824178603e+01 1.00094857097017e+05 
4.87951610644304e+01 1.00096008193663e+05 
4.89530401011878e+01 1.00097984431424e+05 
4.91109183405868e+01 1.00100319859436e+05 
4.92687968866861e+01 1.00101608999944e+05 
4.94266754364972e+01 1.00100364958531e+05 
4.95845515595664e+01 1.00097739979672e+05 
4.97424261075137e+01 1.00093019335665e+05 
4.99003006335041e+01 1.00088678669671e+05 
5.00581763017773e+01 1.00083792322348e+05 
5.02160540122954e+01 1.00078071637381e+05 
5.03739320513093e+01 1.00071523693110e+05 
5.05318084517488e+01 1.00064520684999e+05 
5.06896830101217e+01 1.00055879272590e+05 
5.08475554530749e+01 1.00047163074660e+05 
5.10054253922244e+01 1.00037330267437e+05 
5.11632927122317e+01 1.00027228799365e+05 
5.13211591090027e+01 1.00017887623247e+05 
5.14790271138448e+01 1.00009298734086e+05 
5.16368950153983e+01 1.00000143812803e+05 
5.17947643683201e+01 9.99904842535049e+04 
5.19526361004011e+01 9.99795173258667e+04 
5.21105113953299e+01 9.99687298204811e+04 
5.22683913894592e+01 9.99600404183827e+04 
5.24262776968112e+01 9.99528545750687e+04 
5.25841708838473e+01 9.99462677286504e+04 
5.27420666524036e+01 9.99388409893541e+04 
5.28999618489546e+01 9.99305082448569e+04 
5.30578577998667e+01 9.99227139857515e+04 
5.32157572283380e+01 9.99175646899417e+04 
5.33736576041167e+01 9.99141570752993e+04 
5.35315607809438e+01 9.99121939257575e+04 
5.36894666299000e+01 9.99094974724503e+04 
5.38473734460421e+01 9.99063289242768e+04 
5.40052812691421e+01 9.99039632151826e+04 
5.41631892761518e+01 9.99039357903447e+04 
5.43210976391154e+01 9.99052961516560e+04 
5.44790065647947e+01 9.99084678936538e+04 
5.46369153234515e+01 9.99112137350361e+04 
5.47948247591204e+01 9.99142253246123e+04 
5.49527345816088e+01 9.99179819074842e+04 
5.51106448015583e+01 9.99231480046997e+04 
5.52685553466649e+01 9.99286619015130e+04 
5.54264665842849e+01 9.99357796213045e+04 
5.55843786559346e+01 9.99429322894372e+04 
5.57422916964500e+01 9.99510544600577e+04 
5.59002049245996e+01 9.99593830825354e+04 
5.60581165652534e+01 9.99674609115020e+04 
5.62160267790978e+01 9.99753521153540e+04 
5.63739360456862e+01 9.99839996200553e+04 
5.65318446490167e+01 9.99931203983934e+04 
5.66897535039061e+01 1.00003342023287e+05 
5.68476637724107e+01 1.00013498997936e+05 
5.70055749148130e+01 1.00022179608300e+05 
5.71634862686760e+01 1.00029584519461e+05 
5.73213958959964e+01 1.00036940502382e+05 
5.74793010243427e+01 1.00045086843976e+05 
5.76372006427965e+01 1.00054115713929e+05 
5.77950939663717e+01 1.00062679526538e+05 
5.79529832749989e+01 1.00068845831827e+05 
5.81108693165340e+01 1.00073372895040e+05 
5.82687509560842e+01 1.00076754922079e+05 
5.84266313769464e+01 1.00080929369749e+05 
5.85845125473362e+01 1.00085455167168e+05 
5.87423932111164e+01 1.00089337465557e+05 
5.89002729936823e+01 1.00090809719861e+05 
5.90581527151859e+01 1.00090736008635e+05 
5.92160322137457e+01 1.00088890259950e+05 
5.93739114996228e+01 1.00087627731621e+05 
5.95317886882425e+01 1.00086238176428e+05 
5.96896638636060e+01 1.00084015055626e+05 
5.98475378197668e+01 1.00080251384100e+05 
6.00054119865173e+01 1.00075760117121e+05 
6.01632862541559e+01 1.00069463985819e+05 
6.03211632133958e+01 1.00063340566536e+05 
6.04790393685606e+01 1.00056627969181e+05 
6.06369130750726e+01 1.00049394229233e+05 
6.07947845152142e+01 1.00042033616437e+05 
6.09526543879465e+01 1.00034765271708e+05 
6.11105223433906e+01 1.00026501980921e+05 
6.12683891572993e+01 1.00017917253751e+05 
6.14262556334736e+01 1.00008442218529e+05 
6.15841213812268e+01 9.99988656907134e+04 
6.17419872970758e+01 9.99905714186627e+04 
6.18998556369791e+01 9.99833602717796e+04 
6.20577270573682e+01 9.99758088181702e+04 
6.22156028064752e+01 9.99677115207165e+04 
6.23734839507439e+01 9.99587907440010e+04 
6.25313719458757e+01 9.99502005545213e+04 
6.26892653364233e+01 9.99437655431481e+04 
6.28471589494630e+01 9.99388069036054e+04 
6.30050539658638e+01 9.99346794677395e+04 
6.31629516032019e+01 9.99298852764130e+04 
6.33208526762621e+01 9.99246419367077e+04 
6.34787557016783e+01 9.99198801251138e+04 
6.36366621209855e+01 9.99174237346941e+04 
6.37945707388512e+01 9.99164983458005e+04 
6.39524799651022e+01 9.99169891765482e+04 
6.41103898945289e+01 9.99169351485523e+04 
6.42682996768123e+01 9.99167933010636e+04 
6.44262099946042e+01 9.99173610118583e+04 
6.45841203235132e+01 9.99196076955283e+04 
6.47420308141056e+01 9.99227690985417e+04 
6.48999413857551e+01 9.99277161713334e+04 
6.50578522130705e+01 9.99323849663173e+04 
6.52157621383260e+01 9.99374092889681e+04 
6.53736716684331e+01 9.99429131712617e+04 
6.55315818735089e+01 9.99490371525284e+04 
6.56894924466357e+01 9.99552712393275e+04 
6.58474019305714e+01 9.99628706219711e+04 
6.60053094171804e+01 9.99705475714464e+04 
6.61632151021049e+01 9.99789096600832e+04 
6.63211194929648e+01 9.99876204048918e+04 
6.64790238951629e+01 9.99955370904886e+04 
6.66369283078166e+01 1.00002763928036e+05 
6.67948331393927e+01 1.00010605052646e+05 
6.69527394440034e+01 1.00018905357683e+05 
6.71106470639483e+01 1.00028047712149e+05 
6.72685553183821e+01 1.00036977331830e+05 
6.74264597024061e+01 1.00044096770348e+05 
6.75843590419925e+01 1.00049924971904e+05 
6.77422535684911e+01 1.00055208610641e+05 
6.79001426201263e+01 1.00061213986692e+05 
6.80580282864847e+01 1.00067820981223e+05 
6.82159111158328e+01 1.00073915837219e+05 
6.83737930861987e+01 1.00077691088378e+05 
6.85316731580176e+01 1.00079855687129e+05 
6.86895517906449e+01 1.00080704643299e+05 
6.88474307150474e+01 1.00082174225111e+05 
6.90053081989569e+01 1.00083914692158e+05 
6.91631854542290e+01 1.00084819184562e+05 
6.93210605590817e+01 1.00083838689120e+05 
6.94789329603387e+01 1.00081644432522e+05 
6.96368026296308e+01 1.00077594636326e+05 
6.97946722052352e+01 1.00073915724556e+05 
6.99525422636531e+01 1.00069976933871e+05 
7.01104134175452e+01 1.00065323347141e+05 
7.02682863349460e+01 1.00060001876180e+05 
7.04261613776249e+01 1.00054243662303e+05 
7.05840389189998e+01 1.00047033249733e+05 
7.07419152096647e+01 1.00039732781261e+05 
7.08997875851045e+01 1.00031684799198e+05 
7.10576561988164e+01 1.00023369260998e+05 
7.12155224399363e+01 1.00015688352041e+05 
7.13733888211252e+01 1.00008305831590e+05 
7.15312552146323e+01 1.00000421122024e+05 
7.16891217538037e+01 9.99921162495127e+04 
7.18469894024299e+01 9.99829376383061e+04 
7.20048591249784e+01 9.99738631367317e+04 
7.21627323468697e+01 9.99664358473317e+04 
7.23206109024455e+01 9.99602232376787e+04 
7.24784954490941e+01 9.99542841034633e+04 
7.26363845290400e+01 9.99476587100776e+04 
7.27942734676224e+01 9.99404098606418e+04 
7.29521620226019e+01 9.99335343144045e+04 
7.31100537643340e+01 9.99288489528803e+04 
7.32679464204612e+01 9.99256887752261e+04 
7.34258410448585e+01 9.99236421546364e+04 
7.35837409539245e+01 9.99209946942765e+04 
7.37416437257822e+01 9.99179242291062e+04 
7.38995475254834e+01 9.99154788688220e+04 
7.40574552767677e+01 9.99149588880289e+04 
7.42153656889771e+01 9.99157749617838e+04 
7.43732764020060e+01 9.99182894162604e+04 
7.45311875013272e+01 9.99203527339843e+04 
7.46890982702211e+01 9.99225335758441e+04 
7.48470091952905e+01 9.99252821348199e+04 
7.50049203089887e+01 9.99292826016324e+04 
7.51628314776675e+01 9.99339076811093e+04 
7.53207423108823e+01 9.99401148790320e+04 
7.54786534052723e+01 9.99462253640130e+04 
7.56365652919325e+01 9.99529178110583e+04 
7.57944760696322e+01 9.99600376351622e+04 
7.59523842322763e+01 9.99671766745372e+04 
7.61102907052860e+01 9.99742467659350e+04 
7.62681956345978e+01 9.99822275586134e+04 
7.64260997846199e+01 9.99905772783323e+04 
7.65840035006254e+01 9.99998184943469e+04 
7.67419079524643e+01 1.00009201170556e+05 
7.68998130220342e+01 1.00017397550912e+05 
7.70577190529444e+01 1.00024505382041e+05 
7.72156246322281e+01 1.00031848707080e+05 
7.73735304351853e+01 1.00039838321830e+05 
7.75314321962536e+01 1.00048708471857e+05 
7.76893280918668e+01 1.00057293910094e+05 
7.78472194406838e+01 1.00063752233326e+05 
7.80051082848022e+01 1.00068633744541e+05 
7.81629925315635e+01 1.00072539563263e+05 
7.83208748693117e+01 1.00077144815747e+05 
7.84787573742400e+01 1.00082270860359e+05 
7.86366399901977e+01 1.00086800351774e+05 
7.87945213840157e+01 1.00089026169023e+05 
7.89524022580153e+01 1.00089566842646e+05 
7.91102822345851e+01 1.00088460868199e+05 
7.92681598504246e+01 1.00087899483006e+05 
7.94260346032737e+01 1.00087344024952e+05 
7.95839065415183e+01 1.00085961593038e+05 
7.97417762739281e+01 1.00082862263948e+05 
7.98996452426869e+01 1.00078879161612e+05 
8.00575144475735e+01 1.00073032935941e+05 
8.02153853484350e+01 1.00067327689831e+05 
8.03732595753060e+01 1.00061135339454e+05 
8.05311360044327e+01 1.00054707449387e+05 
8.06890123775687e+01 1.00047677477232e+05 
8.08468842047536e+01 1.00040574427154e+05 
8.10047525333100e+01 1.00032369817131e+05 
8.11626191499556e+01 1.00023995992414e+05 
8.13204847650461e+01 1.00014777873074e+05 
8.14783488435453e+01 1.00005410544344e+05 
8.16362118439805e+01 9.99970402312479e+04 
8.17940760681954e+01 9.99896731999056e+04 
8.19519420697887e+01 9.99819335716499e+04 
8.21098112939899e+01 9.99736798065828e+04 
8.22676847318654e+01 9.99645685885310e+04 
8.24255638214298e+01 9.99557049774293e+04 
8.25834499430324e+01 9.99488212876933e+04 
8.27413394366513e+01 9.99434299208567e+04 
8.28992294477559e+01 9.99387752378851e+04 
8.30571223195795e+01 9.99334427025132e+04 
8.32150170578953e+01 9.99275487052630e+04 
8.33729147817309e+01 9.99220813506365e+04 
8.35308144311052e+01 9.99188766237193e+04 
8.36887168341859e+01 9.99172671014437e+04 
8.38466229777523e+01 9.99170233106179e+04 
8.40045316549114e+01 9.99161499102780e+04 
8.41624411095586e+01 9.99150718373703e+04 
8.43203503968559e+01 9.99146733827261e+04 
8.44782605557664e+01 9.99160642859263e+04 
8.46361711006565e+01 9.99184758298973e+04 
8.47940815795453e+01 9.99226600288772e+04 
8.49519911103720e+01 9.99264655805921e+04 
8.51098990973984e+01 9.99305559859928e+04 
8.52678065112851e+01 9.99353934769941e+04 
8.54257138686154e+01 9.99407377401995e+04 
8.55836217801970e+01 9.99464384853041e+04 
8.57415292183254e+01 9.99536061649929e+04 
8.58994341398339e+01 9.99607733232086e+04 
8.60573367332196e+01 9.99686555597072e+04 
8.62152374038746e+01 9.99769103198234e+04 
8.63731375811182e+01 9.99847949987646e+04 
8.65310375987192e+01 9.99920311636603e+04 
8.66889375552248e+01 9.99999234804835e+04 
8.68468385039286e+01 1.00008303720355e+05 
8.70047412609430e+01 1.00017661148890e+05 
8.71626443614392e+01 1.00027004880382e+05 
8.73205479962068e+01 1.00034831750384e+05 
8.74784503206073e+01 1.00041308582490e+05 
8.76363495572885e+01 1.00047415084529e+05 
8.77942431849901e+01 1.00054238712480e+05 
8.79521325309210e+01 1.00061848019835e+05 
8.81100185611205e+01 1.00069085162442e+05 
8.82679028525337e+01 1.00074086632067e+05 
8.84257843073351e+01 1.00077382157083e+05 
8.85836638116007e+01 1.00079434401201e+05 
8.87415446242167e+01 1.00082143255128e+05 
8.88994240315965e+01 1.00085247698816e+05 
8.90573022819536e+01 1.00087651390615e+05 
8.92151767527825e+01 1.00087880136295e+05 
8.93730477224399e+01 1.00086786070014e+05 
8.95309156458027e+01 1.00083900172660e+05 
8.96887826912112e+01 1.00081417416196e+05 
8.98466499713213e+01 1.00078714404464e+05 
9.00045176380459e+01 1.00075306510822e+05 
9.01623865154936e+01 1.00070787821226e+05 
9.03202569356564e+01 1.00065796491565e+05 
9.04781297063303e+01 1.00059209510287e+05 
9.06360054524564e+01 1.00052629302906e+05 
9.07938823357972e+01 1.00045296595655e+05 
9.09517541470789e+01 1.00037595611763e+05 
9.11096225648372e+01 1.00030105678296e+05 
9.12674903529327e+01 1.00022991965542e+05 
9.14253570626701e+01 1.00015130997184e+05 
9.15832226822998e+01 1.00006917023235e+05 
9.17410881565195e+01 9.99977071996764e+04 
9.18989546135373e+01 9.99885684030083e+04 
9.20568232887804e+01 9.99807190923340e+04 
9.22146961573564e+01 9.99741218586959e+04 
9.23725738596910e+01 9.99676097267920e+04 
9.25304579588404e+01 9.99604721872297e+04 
9.26883440768282e+01 9.99525232624725e+04 
9.28462302163992e+01 9.99449209878058e+04 
9.30041188904351e+01 9.99393083409194e+04 
9.31620089406748e+01 9.99352331969858e+04 
9.33199003766930e+01 9.99321955762462e+04 
9.34777965434557e+01 9.99285355127052e+04 
9.36356962709857e+01 9.99243310776693e+04 
9.37935970223798e+01 9.99206722792336e+04 
9.39515016043418e+01 9.99189589773565e+04 
9.41094095639123e+01 9.99186771846138e+04 
9.42673176496791e+01 9.99199428824112e+04 
9.44252272261732e+01 9.99207404599927e+04 
9.45831367419679e+01 9.99214645990387e+04 
9.47410472060425e+01 9.99228046530830e+04 
9.48989573503301e+01 9.99255437066678e+04 
9.50568658739766e+01 9.99289944604629e+04 
9.52147728697819e+01 9.99341436215999e+04 
9.53726794597599e+01 9.99391594704833e+04 
9.55305867647987e+01 9.99445326982884e+04 
9.56884942753968e+01 9.99501932115705e+04 
9.58463997516093e+01 9.99562840774781e+04 
9.60043026249207e+01 9.99624924022300e+04 
9.61622035600294e+01 9.99697070065413e+04 
9.63201032160052e+01 9.99771557257457e+04 
9.64780023140949e+01 9.99854142753711e+04 
9.66359014564617e+01 9.99938679023402e+04 
9.67938016196219e+01 1.00001542245017e+05 
9.69517021660862e+01 1.00008239660005e+05 
9.71096039307884e+01 1.00015281601063e+05 
9.72675053659434e+01 1.00022889327319e+05 
9.74254084969254e+01 1.00031447205569e+05 
9.75833089937247e+01 1.00039847242841e+05 
9.77412039501997e+01 1.00046511846448e+05 
9.78990956464850e+01 1.00051698870280e+05 
9.80569824734498e+01 1.00056109065396e+05 
9.82148662686850e+01 1.00061162022496e+05 
9.83727491375352e+01 1.00066991507181e+05 
9.85306321990684e+01 1.00072326051845e+05 
9.86885141869873e+01 1.00075616289665e+05 
9.88463960415929e+01 1.00077261373343e+05 
9.90042760737878e+01 1.00077429495812e+05 
9.91621528526767e+01 1.00078204602216e+05 
9.93200261516929e+01 1.00079189523346e+05 
9.94778958586317e+01 1.00079528863068e+05 
9.96357631314534e+01 1.00078030574478e+05 
9.97936285106285e+01 1.00075627572855e+05 
9.99514940149456e+01 1.00071472013439e+05 
1.00109360548212e+02 1.00067605906475e+05 
