# Liste des scalaires : TEMPS pmat 
0.00000000000000e+00 1.00000000000000e+05 
1.58013544018059e-01 1.00000000000000e+05 
3.16027088036117e-01 1.00000000000000e+05 
4.74040632054176e-01 1.00000000000000e+05 
6.32054176072234e-01 1.00000000000000e+05 
7.90067720090293e-01 1.00000000000000e+05 
9.48081264108351e-01 1.00000000000000e+05 
1.10609480812641e+00 1.00000000000000e+05 
1.26410835214447e+00 1.00000000000000e+05 
1.42212189616253e+00 1.00000000000000e+05 
1.58013544018058e+00 1.00000000000000e+05 
1.73814898419864e+00 1.00000000000000e+05 
1.89616252821670e+00 1.00000000000000e+05 
2.05417607223476e+00 1.00000000000000e+05 
2.21218961625282e+00 1.00000000000000e+05 
2.37020316027088e+00 1.00000000000000e+05 
2.52821670428893e+00 1.00000000000000e+05 
2.68623024830699e+00 1.00000000000000e+05 
2.84424379232505e+00 1.00000000000000e+05 
3.00225733634311e+00 1.00000000000000e+05 
3.16027088036116e+00 1.00000000000000e+05 
3.31828442437922e+00 1.00000000000000e+05 
3.47629796839728e+00 1.00000000000000e+05 
3.63431151241534e+00 1.00000000000000e+05 
3.79232505643340e+00 1.00000000000000e+05 
3.95033860045145e+00 1.00000000000000e+05 
4.10835214446951e+00 1.00000000000000e+05 
4.26636568848757e+00 1.00000000000000e+05 
4.42437923250563e+00 1.00000000000000e+05 
4.58239277652368e+00 1.00000000000000e+05 
4.74040632054174e+00 1.00000000000000e+05 
4.89841986455980e+00 1.00000000000000e+05 
5.05643340857771e+00 1.00000000000000e+05 
5.21444695259555e+00 1.00000000000000e+05 
5.37246049661106e+00 1.00000000000000e+05 
5.53047404062163e+00 1.00000000000000e+05 
5.68848758460807e+00 1.00000000000000e+05 
5.84650112860433e+00 1.00000000000000e+05 
6.00451467131846e+00 1.00000000000000e+05 
6.16252820860419e+00 1.00000000000000e+05 
6.32054173855849e+00 1.00000000000000e+05 
6.47855526263600e+00 1.00000000000000e+05 
6.63656878322570e+00 1.00000000000000e+05 
6.79458230116958e+00 1.00000000000000e+05 
6.95259581572868e+00 1.00000000000000e+05 
7.11060926486710e+00 1.00000000000000e+05 
7.26862123211782e+00 1.00000000000000e+05 
7.42662869286748e+00 1.00000000000000e+05 
7.58462797993242e+00 1.00000000000000e+05 
7.74261562363004e+00 1.00000000000000e+05 
7.90058972087802e+00 1.00000000000000e+05 
8.05854876760864e+00 1.00000000000000e+05 
8.21649327583521e+00 1.00000000000000e+05 
8.37442375590179e+00 1.00000000000000e+05 
8.53234121474706e+00 1.00000000000000e+05 
8.69024692780629e+00 1.00000000000000e+05 
8.84814294511368e+00 1.00000000000000e+05 
9.00603027516490e+00 1.00000000000000e+05 
9.16391060602912e+00 1.00000000000000e+05 
9.32178516379403e+00 1.00000000000000e+05 
9.47965513838773e+00 1.00000000000000e+05 
9.63751817790166e+00 1.00000000000000e+05 
9.79537550224774e+00 1.00000000000000e+05 
9.95322697641788e+00 1.00000000000000e+05 
1.01110732028936e+01 1.00000000000000e+05 
1.02689146274544e+01 1.00000000000000e+05 
1.04267523201822e+01 1.00000000000000e+05 
1.05845878187241e+01 1.00000000000000e+05 
1.07424234235056e+01 1.00000000000000e+05 
1.09002605183067e+01 1.00000000000000e+05 
1.10581011989153e+01 1.00000000000000e+05 
1.12159469760981e+01 1.00000000000000e+05 
1.13737958277871e+01 1.00000000000000e+05 
1.15316485112955e+01 1.00000000000000e+05 
1.16895059234703e+01 1.00000000000000e+05 
1.18473678135275e+01 1.00000000000000e+05 
1.20052343190564e+01 1.00000000000000e+05 
1.21631037930394e+01 1.00000000000000e+05 
1.23209755736488e+01 1.00000000000000e+05 
1.24788506295067e+01 1.00000000000000e+05 
1.26367295773036e+01 1.00000000000000e+05 
1.27946116815903e+01 1.00000000000000e+05 
1.29524970895918e+01 1.00000000000000e+05 
1.31103853882209e+01 1.00000000000000e+05 
1.32682764852580e+01 1.00000000000000e+05 
1.34261706139616e+01 1.00000000000000e+05 
1.35840685957871e+01 1.00000000000000e+05 
1.37419698795382e+01 1.00000000000000e+05 
1.38998748238769e+01 1.00000000000000e+05 
1.40577825863761e+01 1.00000000000000e+05 
1.42156900780669e+01 1.00000000000000e+05 
1.43735971547495e+01 1.00000000000000e+05 
1.45315042337418e+01 1.00000000000000e+05 
1.46894115576050e+01 1.00000000000000e+05 
1.48473186395545e+01 1.00000000000000e+05 
1.50052256719272e+01 1.00000000000000e+05 
1.51631330578148e+01 1.00000000000000e+05 
1.53210408171837e+01 1.00000000000000e+05 
1.54789489338296e+01 1.00000000000000e+05 
1.56368576354914e+01 1.00000000000000e+05 
1.57947669611646e+01 1.00000000000000e+05 
1.59526770505537e+01 1.00000000000000e+05 
1.61105878565459e+01 1.00000000000000e+05 
1.62684993007154e+01 1.00000000000000e+05 
1.64264117696543e+01 1.00000000000000e+05 
1.65843252894251e+01 1.00000000000000e+05 
1.67422394503545e+01 1.00000000000000e+05 
1.69001543231263e+01 1.00000000000000e+05 
1.70580702178261e+01 1.00000000000000e+05 
1.72159869071440e+01 1.00000000000000e+05 
1.73739045484328e+01 1.00000000000000e+05 
1.75318230870977e+01 1.00000000000000e+05 
1.76897420386758e+01 1.00000000000000e+05 
1.78476617082648e+01 1.00000000000000e+05 
1.80055822852594e+01 1.00000000000000e+05 
1.81635032871374e+01 1.00000000000000e+05 
1.83214252006964e+01 1.00000000000000e+05 
1.84793480458620e+01 1.00000000000000e+05 
1.86372715456650e+01 1.00000000000000e+05 
1.87951957601081e+01 1.00000000000000e+05 
1.89531209484135e+01 1.00000000000000e+05 
1.91110441089809e+01 1.00000000000000e+05 
1.92689571504680e+01 1.00000000000000e+05 
1.94268607791625e+01 1.00000000000000e+05 
1.95847566159270e+01 1.00000000000000e+05 
1.97426455229279e+01 1.00000000000000e+05 
1.99005279081235e+01 1.00000000000000e+05 
2.00584049686281e+01 1.00000000000000e+05 
2.02162789927353e+01 1.00000000000000e+05 
2.03741510118332e+01 1.00000000000000e+05 
2.05320225312322e+01 1.00000000000000e+05 
2.06898943694514e+01 1.00000000000000e+05 
2.08477672335517e+01 1.00000000000000e+05 
2.10056381883608e+01 1.00000000000000e+05 
2.11635073392954e+01 1.00000000000000e+05 
2.13213744206154e+01 1.00000000000000e+05 
2.14792406064660e+01 1.00000000000000e+05 
2.16371055052497e+01 1.00000000000000e+05 
2.17949698598769e+01 1.00000000000000e+05 
2.19528346543289e+01 1.00000000000000e+05 
2.21107022379036e+01 1.00000000000000e+05 
2.22685735446671e+01 1.00000000000000e+05 
2.24264499128177e+01 1.00000000000000e+05 
2.25843313783613e+01 1.00000000000000e+05 
2.27422178371839e+01 1.00000000000000e+05 
2.29001082195325e+01 1.00000000000000e+05 
2.30580026165052e+01 1.00000000000001e+05 
2.32159006750456e+01 1.00000000000021e+05 
2.33738008250518e+01 1.00000000000242e+05 
2.35317021841015e+01 1.00000000000367e+05 
2.36896047805334e+01 1.00000000071795e+05 
2.38475089535193e+01 1.00000000545438e+05 
2.40054144059897e+01 1.00000001016186e+05 
2.41633212527943e+01 1.00000001733287e+05 
2.43212294708959e+01 1.00000002933497e+05 
2.44791391765311e+01 1.00000004792788e+05 
2.46370501927731e+01 1.00000008234696e+05 
2.47949629062368e+01 1.00000013895510e+05 
2.49528766385629e+01 1.00000022447275e+05 
2.51107912664912e+01 1.00000036622444e+05 
2.52687065421895e+01 1.00000056862123e+05 
2.54266227275827e+01 1.00000084414505e+05 
2.55845402635157e+01 1.00000131431978e+05 
2.57424589006128e+01 1.00000198697683e+05 
2.59003774090588e+01 1.00000292367117e+05 
2.60582956021659e+01 1.00000429086382e+05 
2.62162142568713e+01 1.00000604930762e+05 
2.63741334755089e+01 1.00000816706788e+05 
2.65320531896202e+01 1.00001140880546e+05 
2.66899728755107e+01 1.00001539358773e+05 
2.68478922917635e+01 1.00002044486633e+05 
2.70058116301977e+01 1.00002691029543e+05 
2.71637307927613e+01 1.00003429126131e+05 
2.73216502821697e+01 1.00004195566799e+05 
2.74795690311203e+01 1.00005228971215e+05 
2.76374879055499e+01 1.00006285172755e+05 
2.77954041756501e+01 1.00007486092474e+05 
2.79533191433170e+01 1.00008802854732e+05 
2.81112322788099e+01 1.00010093601789e+05 
2.82691420252821e+01 1.00011191924456e+05 
2.84270498359011e+01 1.00012430336352e+05 
2.85849551367456e+01 1.00013404679517e+05 
2.87428577035279e+01 1.00014371849389e+05 
2.89007576935424e+01 1.00015211551848e+05 
2.90586554385742e+01 1.00015836569982e+05 
2.92165508783833e+01 1.00016152363178e+05 
2.93744443359554e+01 1.00016329110746e+05 
2.95323353920958e+01 1.00016225560502e+05 
2.96902253081402e+01 1.00016053002420e+05 
2.98481142776169e+01 1.00015661762154e+05 
3.00059979647156e+01 1.00015073577612e+05 
3.01638770985754e+01 1.00014407430085e+05 
3.03217523516603e+01 1.00013535744297e+05 
3.04796254231717e+01 1.00012602262571e+05 
3.06374979890028e+01 1.00011580663762e+05 
3.07953682566008e+01 1.00010286832974e+05 
3.09532360866590e+01 1.00008891685833e+05 
3.11111009485845e+01 1.00007631789671e+05 
3.12689642148262e+01 1.00006282783699e+05 
3.14268269801884e+01 1.00005188687556e+05 
3.15846899752751e+01 1.00004056683758e+05 
3.17425539745552e+01 1.00002790359364e+05 
3.19004203627167e+01 1.00001582594056e+05 
3.20582896401381e+01 1.00000644506294e+05 
3.22161632234601e+01 9.99998258427645e+04 
3.23740425511432e+01 9.99994031401183e+04 
3.25319290751244e+01 9.99990257549518e+04 
3.26898202982419e+01 9.99986548576498e+04 
3.28477131228900e+01 9.99983675379891e+04 
3.30056072961437e+01 9.99981322157773e+04 
3.31635023672678e+01 9.99979873964571e+04 
3.33213991393358e+01 9.99979134842743e+04 
3.34792973573956e+01 9.99977452961395e+04 
3.36371967535133e+01 9.99974722885172e+04 
3.37950973023584e+01 9.99971268438965e+04 
3.39529995672097e+01 9.99966013036049e+04 
3.41109029852060e+01 9.99958765627924e+04 
3.42688076087386e+01 9.99950995480475e+04 
3.44267132713632e+01 9.99941976588900e+04 
3.45846196509400e+01 9.99932652666350e+04 
3.47425273496765e+01 9.99923767262478e+04 
3.49004361808860e+01 9.99915693230004e+04 
3.50583454950604e+01 9.99905942599155e+04 
3.52162538750963e+01 9.99897597489855e+04 
3.53741611804014e+01 9.99889031394604e+04 
3.55320682312856e+01 9.99881346540266e+04 
3.56899754216115e+01 9.99874966849609e+04 
3.58478829107651e+01 9.99870459262113e+04 
3.60057904151544e+01 9.99865855540990e+04 
3.61636981099972e+01 9.99863473031646e+04 
3.63216068904539e+01 9.99861560068500e+04 
3.64795154283054e+01 9.99861566527137e+04 
3.66374236436593e+01 9.99862842134654e+04 
3.67953327010769e+01 9.99865190429742e+04 
3.69532427717678e+01 9.99868503840380e+04 
3.71111532244148e+01 9.99872745162871e+04 
3.72690630548262e+01 9.99877814180214e+04 
3.74269718145581e+01 9.99884960294070e+04 
3.75848778454541e+01 9.99892910478094e+04 
3.77427791017932e+01 9.99900186284728e+04 
3.79006746564164e+01 9.99908169484068e+04 
3.80585658512143e+01 9.99915274681438e+04 
3.82164521350274e+01 9.99923228107747e+04 
3.83743339522929e+01 9.99932989581737e+04 
3.85322143263643e+01 9.99942909495569e+04 
3.86900941565614e+01 9.99951271423265e+04 
3.88479738779336e+01 9.99959817988196e+04 
3.90058528607593e+01 9.99966639369244e+04 
3.91637297505779e+01 9.99974267025334e+04 
3.93216059461941e+01 9.99983421343614e+04 
3.94794833120710e+01 9.99992357943550e+04 
3.96373600136444e+01 9.99999995771894e+04 
3.97952355988724e+01 1.00000744812444e+05 
3.99531105564116e+01 1.00001289539825e+05 
4.01109853768128e+01 1.00001888910689e+05 
4.02688608742397e+01 1.00002553579780e+05 
4.04267381798270e+01 1.00003156134099e+05 
4.05846137319020e+01 1.00003654775458e+05 
4.07424858509869e+01 1.00004094403069e+05 
4.09003545163728e+01 1.00004351332898e+05 
4.10582217788816e+01 1.00004630066693e+05 
4.12160877638797e+01 1.00004888648459e+05 
4.13739537347660e+01 1.00005071412743e+05 
4.15318203524083e+01 1.00005221642537e+05 
4.16896877430492e+01 1.00005290687320e+05 
4.18475567572815e+01 1.00005253184749e+05 
4.20054296452478e+01 1.00005179949523e+05 
4.21633067849416e+01 1.00005004799573e+05 
4.23211896909693e+01 1.00004731543464e+05 
4.24790781339048e+01 1.00004487042112e+05 
4.26369644682292e+01 1.00004094068078e+05 
4.27948546539027e+01 1.00003632835999e+05 
4.29527445839470e+01 1.00003041174216e+05 
4.31106359297670e+01 1.00002275045242e+05 
4.32685306520852e+01 1.00001410035868e+05 
4.34264288504664e+01 1.00000673387864e+05 
4.35843293098335e+01 9.99997410934233e+04 
4.37422323857132e+01 9.99988380602575e+04 
4.39001362271449e+01 9.99978235418761e+04 
4.40580408935821e+01 9.99966758700193e+04 
4.42159461004656e+01 9.99955213177414e+04 
4.43738520952394e+01 9.99946228387542e+04 
4.45317586334686e+01 9.99936323990989e+04 
4.46896655731558e+01 9.99928531100056e+04 
4.48475732386247e+01 9.99920421107996e+04 
4.50054818277984e+01 9.99912453242045e+04 
4.51633912296472e+01 9.99905495490505e+04 
4.53213012689940e+01 9.99901436175912e+04 
4.54792124514439e+01 9.99898170643762e+04 
4.56371248172869e+01 9.99897173325521e+04 
4.57950380337933e+01 9.99896775969876e+04 
4.59529529680012e+01 9.99897885350713e+04 
4.61108663642278e+01 9.99900953065718e+04 
4.62687784498702e+01 9.99904975006217e+04 
4.64266899654798e+01 9.99911395832489e+04 
4.65846018793389e+01 9.99918490650216e+04 
4.67425141840204e+01 9.99926973923928e+04 
4.69004273753813e+01 9.99937344427945e+04 
4.70583412575278e+01 9.99949577626174e+04 
4.72162558287896e+01 9.99959960999531e+04 
4.73741661075397e+01 9.99972782969562e+04 
4.75320700293228e+01 9.99984327501112e+04 
4.76899693645184e+01 9.99996904778983e+04 
4.78478625125830e+01 1.00001108724665e+05 
4.80057508638390e+01 1.00002645547060e+05 
4.81636362087960e+01 1.00003780726084e+05 
4.83215191917349e+01 1.00005099536434e+05 
4.84794017791262e+01 1.00006094640338e+05 
4.86372824178603e+01 1.00007169649889e+05 
4.87951610644304e+01 1.00008299653893e+05 
4.89530401011878e+01 1.00009486424559e+05 
4.91109183405868e+01 1.00010299235038e+05 
4.92687968866861e+01 1.00011178776288e+05 
4.94266754364972e+01 1.00011768017277e+05 
4.95845515595664e+01 1.00012357322826e+05 
4.97424261075137e+01 1.00012863435608e+05 
4.99003006335041e+01 1.00013319205842e+05 
5.00581763017773e+01 1.00013552542354e+05 
5.02160540122954e+01 1.00013746646020e+05 
5.03739320513093e+01 1.00013797725883e+05 
5.05318084517488e+01 1.00013759948976e+05 
5.06896830101217e+01 1.00013535811176e+05 
5.08475554530749e+01 1.00013185338764e+05 
5.10054253922244e+01 1.00012814668909e+05 
5.11632927122317e+01 1.00012339008697e+05 
5.13211591090027e+01 1.00011881632270e+05 
5.14790271138448e+01 1.00011270340447e+05 
5.16368950153983e+01 1.00010384651599e+05 
5.17947643683201e+01 1.00009370338863e+05 
5.19526361004011e+01 1.00008530081528e+05 
5.21105113953299e+01 1.00007504567479e+05 
5.22683913894592e+01 1.00006672122166e+05 
5.24262776968112e+01 1.00005669404174e+05 
5.25841708838473e+01 1.00004363065934e+05 
5.27420666524036e+01 1.00002891430798e+05 
5.28999618489546e+01 1.00001699826753e+05 
5.30578577998667e+01 1.00000301451234e+05 
5.32157572283380e+01 9.99990906415825e+04 
5.33736576041167e+01 9.99977181514083e+04 
5.35315607809438e+01 9.99960991908622e+04 
5.36894666299000e+01 9.99943133385647e+04 
5.38473734460421e+01 9.99928867036853e+04 
5.40052812691421e+01 9.99912582188123e+04 
5.41631892761518e+01 9.99899354673334e+04 
5.43210976391154e+01 9.99884855825015e+04 
5.44790065647947e+01 9.99869927413009e+04 
5.46369153234515e+01 9.99854814571261e+04 
5.47948247591204e+01 9.99843854820771e+04 
5.49527345816088e+01 9.99832308216656e+04 
5.51106448015583e+01 9.99824506302905e+04 
5.52685553466649e+01 9.99816775946653e+04 
5.54264665842849e+01 9.99810642293955e+04 
5.55843786559346e+01 9.99806202407290e+04 
5.57422916964500e+01 9.99804306699592e+04 
5.59002049245996e+01 9.99803568582560e+04 
5.60581165652534e+01 9.99804618352696e+04 
5.62160267790978e+01 9.99807032913198e+04 
5.63739360456862e+01 9.99813288517208e+04 
5.65318446490167e+01 9.99821831251788e+04 
5.66897535039061e+01 9.99830151833731e+04 
5.68476637724107e+01 9.99841032867765e+04 
5.70055749148130e+01 9.99851368847255e+04 
5.71634862686760e+01 9.99863817595631e+04 
5.73213958959964e+01 9.99880354686614e+04 
5.74793010243427e+01 9.99898457968595e+04 
5.76372006427965e+01 9.99913223510653e+04 
5.77950939663717e+01 9.99930769295079e+04 
5.79529832749989e+01 9.99944742276390e+04 
5.81108693165340e+01 9.99960839694481e+04 
5.82687509560842e+01 9.99979790940335e+04 
5.84266313769464e+01 9.99999733200712e+04 
5.85845125473362e+01 1.00001475908573e+05 
5.87423932111164e+01 1.00003096430176e+05 
5.89002729936823e+01 1.00004308126271e+05 
5.90581527151859e+01 1.00005651913989e+05 
5.92160322137457e+01 1.00007137046231e+05 
5.93739114996228e+01 1.00008665618080e+05 
5.95317886882425e+01 1.00009760179136e+05 
5.96896638636060e+01 1.00010874526393e+05 
5.98475378197668e+01 1.00011616228060e+05 
6.00054119865173e+01 1.00012458791360e+05 
6.01632862541559e+01 1.00013248590400e+05 
6.03211632133958e+01 1.00013959488305e+05 
6.04790393685606e+01 1.00014390281260e+05 
6.06369130750726e+01 1.00014751771353e+05 
6.07947845152142e+01 1.00014920657644e+05 
6.09526543879465e+01 1.00015052275722e+05 
6.11105223433906e+01 1.00014978395877e+05 
6.12683891572993e+01 1.00014760344061e+05 
6.14262556334736e+01 1.00014488941806e+05 
6.15841213812268e+01 1.00014096388991e+05 
6.17419872970758e+01 1.00013700151901e+05 
6.18998556369791e+01 1.00013151540926e+05 
6.20577270573682e+01 1.00012259441947e+05 
6.22156028064752e+01 1.00011195642347e+05 
6.23734839507439e+01 1.00010293509727e+05 
6.25313719458757e+01 1.00009165294418e+05 
6.26892653364233e+01 1.00008214784607e+05 
6.28471589494630e+01 1.00007024596571e+05 
6.30050539658638e+01 1.00005465810468e+05 
6.31629516032019e+01 1.00003728446103e+05 
6.33208526762621e+01 1.00002302685300e+05 
6.34787557016783e+01 1.00000624941373e+05 
6.36366621209855e+01 9.99991992309740e+04 
6.37945707388512e+01 9.99975571702487e+04 
6.39524799651022e+01 9.99956700765722e+04 
6.41103898945289e+01 9.99936715809436e+04 
6.42682996768123e+01 9.99921305029445e+04 
6.44262099946042e+01 9.99904511273318e+04 
6.45841203235132e+01 9.99891927786349e+04 
6.47420308141056e+01 9.99878142432620e+04 
6.48999413857551e+01 9.99864420070855e+04 
6.50578522130705e+01 9.99851517101497e+04 
6.52157621383260e+01 9.99842937548404e+04 
6.53736716684331e+01 9.99835125753212e+04 
6.55315818735089e+01 9.99830962893376e+04 
6.56894924466357e+01 9.99827003012489e+04 
6.58474019305714e+01 9.99825331578632e+04 
6.60053094171804e+01 9.99825640967239e+04 
6.61632151021049e+01 9.99827926032448e+04 
6.63211194929648e+01 9.99832199519355e+04 
6.64790238951629e+01 9.99837399697566e+04 
6.66369283078166e+01 9.99844198932684e+04 
6.67948331393927e+01 9.99854906246442e+04 
6.69527394440034e+01 9.99867845482681e+04 
6.71106470639483e+01 9.99879142064458e+04 
6.72685553183821e+01 9.99893432599806e+04 
6.74264597024061e+01 9.99905336594931e+04 
6.75843590419925e+01 9.99919166496963e+04 
6.77422535684911e+01 9.99936742204731e+04 
6.79001426201263e+01 9.99955482850338e+04 
6.80580282864847e+01 9.99970145324563e+04 
6.82159111158328e+01 9.99986750182875e+04 
6.83737930861987e+01 9.99999471721782e+04 
6.85316731580176e+01 1.00001380117758e+05 
6.86895517906449e+01 1.00003057401484e+05 
6.88474307150474e+01 1.00004828165374e+05 
6.90053081989569e+01 1.00006149007864e+05 
6.91631854542290e+01 1.00007562054318e+05 
6.93210605590817e+01 1.00008578688301e+05 
6.94789329603387e+01 1.00009752887815e+05 
6.96368026296308e+01 1.00010969715912e+05 
6.97946722052352e+01 1.00012186710968e+05 
6.99525422636531e+01 1.00013036543264e+05 
7.01104134175452e+01 1.00013904506896e+05 
7.02682863349460e+01 1.00014478373371e+05 
7.04261613776249e+01 1.00015097932306e+05 
7.05840389189998e+01 1.00015559062724e+05 
7.07419152096647e+01 1.00015894262296e+05 
7.08997875851045e+01 1.00016037476089e+05 
7.10576561988164e+01 1.00016106092081e+05 
7.12155224399363e+01 1.00016092388861e+05 
7.13733888211252e+01 1.00015997610106e+05 
7.15312552146323e+01 1.00015577612500e+05 
7.16891217538037e+01 1.00014956449121e+05 
7.18469894024299e+01 1.00014356809967e+05 
7.20048591249784e+01 1.00013569770249e+05 
7.21627323468697e+01 1.00012886650957e+05 
7.23206109024455e+01 1.00011981157091e+05 
7.24784954490941e+01 1.00010689107085e+05 
7.26363845290400e+01 1.00009185883712e+05 
7.27942734676224e+01 1.00007920892819e+05 
7.29521620226019e+01 1.00006373386048e+05 
7.31100537643340e+01 1.00005105226202e+05 
7.32679464204612e+01 1.00003565984346e+05 
7.34258410448585e+01 1.00001679052197e+05 
7.35837409539245e+01 9.99996438942183e+04 
7.37416437257822e+01 9.99979761566152e+04 
7.38995475254834e+01 9.99961135172337e+04 
7.40574552767677e+01 9.99946182059175e+04 
7.42153656889771e+01 9.99929398196417e+04 
7.43732764020060e+01 9.99911155933431e+04 
7.45311875013272e+01 9.99892745316342e+04 
7.46890982702211e+01 9.99878999750579e+04 
7.48470091952905e+01 9.99864814043089e+04 
7.50049203089887e+01 9.99855297086029e+04 
7.51628314776675e+01 9.99845011688830e+04 
7.53207423108823e+01 9.99835917387986e+04 
7.54786534052723e+01 9.99828293923018e+04 
7.56365652919325e+01 9.99824029455661e+04 
7.57944760696322e+01 9.99821347877552e+04 
7.59523842322763e+01 9.99821298631845e+04 
7.61102907052860e+01 9.99822107285038e+04 
7.62681956345978e+01 9.99825906120328e+04 
7.64260997846199e+01 9.99832143842414e+04 
7.65840035006254e+01 9.99838897923229e+04 
7.67419079524643e+01 9.99848086782100e+04 
7.68998130220342e+01 9.99857143030782e+04 
7.70577190529444e+01 9.99868407286554e+04 
7.72156246322281e+01 9.99883751170204e+04 
7.73735304351853e+01 9.99900697424944e+04 
7.75314321962536e+01 9.99914531253629e+04 
7.76893280918668e+01 9.99931065973448e+04 
7.78472194406838e+01 9.99943966110182e+04 
7.80051082848022e+01 9.99958943597368e+04 
7.81629925315635e+01 9.99977189681436e+04 
7.83208748693117e+01 9.99996428035581e+04 
7.84787573742400e+01 1.00001094467879e+05 
7.86366399901977e+01 1.00002658617366e+05 
7.87945213840157e+01 1.00003799566951e+05 
7.89524022580153e+01 1.00005104993530e+05 
7.91102822345851e+01 1.00006595328838e+05 
7.92681598504246e+01 1.00008129232787e+05 
7.94260346032737e+01 1.00009238329363e+05 
7.95839065415183e+01 1.00010377631112e+05 
7.97417762739281e+01 1.00011124746789e+05 
7.98996452426869e+01 1.00012011054266e+05 
8.00575144475735e+01 1.00012869843824e+05 
8.02153853484350e+01 1.00013679386537e+05 
8.03732595753060e+01 1.00014190982081e+05 
8.05311360044327e+01 1.00014650291198e+05 
8.06890123775687e+01 1.00014875697963e+05 
8.08468842047536e+01 1.00015110678257e+05 
8.10047525333100e+01 1.00015145270393e+05 
8.11626191499556e+01 1.00015036790227e+05 
8.13204847650461e+01 1.00014850049761e+05 
8.14783488435453e+01 1.00014541047435e+05 
8.16362118439805e+01 1.00014213768151e+05 
8.17940760681954e+01 1.00013752872715e+05 
8.19519420697887e+01 1.00012943150415e+05 
8.21098112939899e+01 1.00011945402122e+05 
8.22676847318654e+01 1.00011073644750e+05 
8.24255638214298e+01 1.00009998139364e+05 
8.25834499430324e+01 1.00009084456958e+05 
8.27413394366513e+01 1.00007943347508e+05 
8.28992294477559e+01 1.00006401235094e+05 
8.30571223195795e+01 1.00004686245513e+05 
8.32150170578953e+01 1.00003270425754e+05 
8.33729147817309e+01 1.00001562091587e+05 
8.35308144311052e+01 1.00000170289718e+05 
8.36887168341859e+01 9.99985455109202e+04 
8.38466229777523e+01 9.99966485485672e+04 
8.40045316549114e+01 9.99946537421243e+04 
8.41624411095586e+01 9.99930892321055e+04 
8.43203503968559e+01 9.99913712823128e+04 
8.44782605557664e+01 9.99900816787466e+04 
8.46361711006565e+01 9.99886441270708e+04 
8.47940815795453e+01 9.99871685027868e+04 
8.49519911103720e+01 9.99857367908187e+04 
8.51098990973984e+01 9.99847496574916e+04 
8.52678065112851e+01 9.99837848482465e+04 
8.54257138686154e+01 9.99832190753530e+04 
8.55836217801970e+01 9.99826392598652e+04 
8.57415292183254e+01 9.99822870807326e+04 
8.58994341398339e+01 9.99821033284108e+04 
8.60573367332196e+01 9.99821506980366e+04 
8.62152374038746e+01 9.99823657819450e+04 
8.63731375811182e+01 9.99827415694700e+04 
8.65310375987192e+01 9.99832658766952e+04 
8.66889375552248e+01 9.99841832145687e+04 
8.68468385039286e+01 9.99853328985962e+04 
8.70047412609430e+01 9.99863846880636e+04 
8.71626443614392e+01 9.99877243949167e+04 
8.73205479962068e+01 9.99888877621507e+04 
8.74784503206073e+01 9.99902651741567e+04 
8.76363495572885e+01 9.99920473996941e+04 
8.77942431849901e+01 9.99939521122625e+04 
8.79521325309210e+01 9.99954754164588e+04 
8.81100185611205e+01 9.99972557399814e+04 
8.82679028525337e+01 9.99985904372608e+04 
8.84257843073351e+01 1.00000139308847e+05 
8.85836638116007e+01 1.00001956528196e+05 
8.87415446242167e+01 1.00003862747282e+05 
8.88994240315965e+01 1.00005315381292e+05 
8.90573022819536e+01 1.00006871875894e+05 
8.92151767527825e+01 1.00007988052557e+05 
8.93730477224399e+01 1.00009272401985e+05 
8.95309156458027e+01 1.00010646638508e+05 
8.96887826912112e+01 1.00012041802156e+05 
8.98466499713213e+01 1.00013037819976e+05 
9.00045176380459e+01 1.00014068877537e+05 
9.01623865154936e+01 1.00014748998524e+05 
9.03202569356564e+01 1.00015502540431e+05 
9.04781297063303e+01 1.00016141812059e+05 
9.06360054524564e+01 1.00016673789467e+05 
9.07938823357972e+01 1.00016954903957e+05 
9.09517541470789e+01 1.00017171034193e+05 
9.11096225648372e+01 1.00017239392344e+05 
9.12674903529327e+01 1.00017239445579e+05 
9.14253570626701e+01 1.00016956703706e+05 
9.15832226822998e+01 1.00016487434735e+05 
9.17410881565195e+01 1.00016009835254e+05 
9.18989546135373e+01 1.00015353618696e+05 
9.20568232887804e+01 1.00014736462408e+05 
9.22146961573564e+01 1.00013898980396e+05 
9.23725738596910e+01 1.00012660469967e+05 
9.25304579588404e+01 1.00011226044087e+05 
9.26883440768282e+01 1.00010011082575e+05 
9.28462302163992e+01 1.00008501936698e+05 
9.30041188904351e+01 1.00007253692287e+05 
9.31620089406748e+01 1.00005730782978e+05 
9.33199003766930e+01 1.00003805296478e+05 
9.34777965434557e+01 1.00001721806033e+05 
9.36356962709857e+01 1.00000022446672e+05 
9.37935970223798e+01 9.99980759623517e+04 
9.39515016043418e+01 9.99965043438118e+04 
9.41094095639123e+01 9.99947270056041e+04 
9.42673176496791e+01 9.99927242403590e+04 
9.44252272261732e+01 9.99906663697678e+04 
9.45831367419679e+01 9.99891238343142e+04 
9.47410472060425e+01 9.99874841674685e+04 
9.48989573503301e+01 9.99863422736711e+04 
9.50568658739766e+01 9.99850827787832e+04 
9.52147728697819e+01 9.99838838779358e+04 
9.53726794597599e+01 9.99827757334909e+04 
9.55305867647987e+01 9.99820848860337e+04 
9.56884942753968e+01 9.99814991905810e+04 
9.58463997516093e+01 9.99812821364968e+04 
9.60043026249207e+01 9.99811193758770e+04 
9.61622035600294e+01 9.99812370313478e+04 
9.63201032160052e+01 9.99815538852664e+04 
9.64780023140949e+01 9.99820083924182e+04 
9.66359014564617e+01 9.99826996345584e+04 
9.67938016196219e+01 9.99834555139006e+04 
9.69517021660862e+01 9.99844179518658e+04 
9.71096039307884e+01 9.99858115911227e+04 
9.72675053659434e+01 9.99873833924289e+04 
9.74254084969254e+01 9.99887227270951e+04 
9.75833089937247e+01 9.99903257106045e+04 
9.77412039501997e+01 9.99916277227041e+04 
9.78990956464850e+01 9.99931644787876e+04 
9.80569824734498e+01 9.99950870188961e+04 
9.82148662686850e+01 9.99971197102310e+04 
9.83727491375352e+01 9.99987039001782e+04 
9.85306321990684e+01 1.00000467665964e+05 
9.86885141869873e+01 1.00001799834886e+05 
9.88463960415929e+01 1.00003320599521e+05 
9.90042760737878e+01 1.00005106194334e+05 
9.91621528526767e+01 1.00006966205452e+05 
9.93200261516929e+01 1.00008346207397e+05 
9.94778958586317e+01 1.00009807757466e+05 
9.96357631314534e+01 1.00010822388754e+05 
9.97936285106285e+01 1.00012002992315e+05 
9.99514940149456e+01 1.00013213900621e+05 
1.00109360548212e+02 1.00014391821889e+05 
