###############################################################################
# Copyright ou (C) ou Copr. Commissariat a Energie Atomique et aux Energies   #
# Alternatives, 2020.                                                         #
#                                                                             #
# Ce logiciel est la propriete intellectuelle entiere du CEA.                 #
# Vous pouvez utiliser ce programme uniquement sur des machines du CEA a la   #
# condition que les responsables du programme vous en ont donne               #
# l'autorisation et l'acces.                                                  #
# Il est interdit de copier ce programme et ses sources sur des machines      #
# non administrees par le CEA.                                                #
#                                                                             #
# Le fait que vous puissiez acceder a cet en-tete signifie que vous en avez   #
# pris connaissance et que vous en acceptez les termes.                       #
###############################################################################
-12287.999268 24524.001464 1266.0933809 
-12237.999268 24524.001464 1267.34299946 
-12187.999268 24524.001464 1268.58768243 
-12137.999268 24524.001464 1269.82699203 
-12087.999268 24524.001464 1286.92768156 
-12037.999268 24524.001464 1273.09408051 
-11987.999268 24524.001464 1276.79419839 
-11937.999268 24524.001464 1283.86574495 
-11887.999268 24524.001464 1286.61808096 
-11837.999268 24524.001464 1294.36516843 
-11787.999268 24524.001464 1300.21529928 
-11737.999268 24524.001464 1322.4912381 
-11687.999268 24524.001464 1326.12062978 
-11637.999268 24524.001464 1329.53874295 
-11587.999268 24524.001464 1332.95995805 
-11537.999268 24524.001464 1336.16419247 
-11487.999268 24524.001464 1339.09195256 
-11437.999268 24524.001464 1343.40430637 
-11387.999268 24524.001464 1346.73499071 
-11337.999268 24524.001464 1341.49037827 
-11287.999268 24524.001464 1358.44960921 
-11237.999268 24524.001464 1387.34906771 
-11187.999268 24524.001464 1393.43824955 
-11137.999268 24524.001464 1393.27587131 
-11087.999268 24524.001464 1386.60909222 
-11037.999268 24524.001464 1353.04477961 
-10987.999268 24524.001464 1289.52040236 
-10937.999268 24524.001464 1287.41946491 
-10887.999268 24524.001464 1293.43110178 
-10837.999268 24524.001464 1296.57120279 
-10787.999268 24524.001464 1302.03528739 
-10737.999268 24524.001464 1307.15755241 
-10687.999268 24524.001464 1312.46597722 
-10637.999268 24524.001464 1320.22259095 
-10587.999268 24524.001464 1331.07672264 
-10537.999268 24524.001464 1345.09218658 
-10487.999268 24524.001464 1348.21698794 
-10437.999268 24524.001464 1352.84377518 
-10387.999268 24524.001464 1373.0304458 
-10337.999268 24524.001464 1427.90328057 
-10287.999268 24524.001464 1462.35108248 
-10237.999268 24524.001464 1464.73432818 
-10187.999268 24524.001464 1463.69110665 
-10137.999268 24524.001464 1466.02510663 
-10087.999268 24524.001464 1468.35756303 
-10037.999268 24524.001464 1472.75448195 
-9987.9992676 24524.001464 1490.5909765 
-9937.9992676 24524.001464 1499.52956638 
-9887.9992676 24524.001464 1506.13129003 
-9837.9992676 24524.001464 1513.79853975 
-9787.9992676 24524.001464 1524.45576772 
-9737.9992676 24524.001464 1547.30640768 
-9687.9992676 24524.001464 1545.27244992 
-9637.9992676 24524.001464 1548.57897263 
-9587.9992676 24524.001464 1549.51374237 
-9537.9992676 24524.001464 1548.25009756 
-9487.9992676 24524.001464 1551.4066119 
-9437.9992676 24524.001464 1554.04008442 
-9387.9992676 24524.001464 1553.73991697 
-9337.9992676 24524.001464 1550.40165363 
-9287.9992676 24524.001464 1559.03056609 
-9237.9992676 24524.001464 1567.36647589 
-9187.9992676 24524.001464 1575.48165785 
-9137.9992676 24524.001464 1582.43148538 
-9087.9992676 24524.001464 1579.74079773 
-9037.9992676 24524.001464 1608.76572638 
-8987.9992676 24524.001464 1640.94418703 
-8937.9992676 24524.001464 1640.53192796 
-8887.9992676 24524.001464 1641.40210537 
-8837.9992676 24524.001464 1653.0109948 
-8787.9992676 24524.001464 1656.82461686 
-8737.9992676 24524.001464 1658.09551001 
-8687.9992676 24524.001464 1664.87187019 
-8637.9992676 24524.001464 1667.1425742 
-8587.9992676 24524.001464 1669.31793415 
-8537.9992676 24524.001464 1671.53727323 
-8487.9992676 24524.001464 1680.00174689 
-8437.9992676 24524.001464 1688.04731103 
-8387.9992676 24524.001464 1736.28765909 
-8337.9992676 24524.001464 1766.67596681 
-8287.9992676 24524.001464 1768.95389633 
-8237.9992676 24524.001464 1770.76515074 
-8187.9992676 24524.001464 1775.7807404 
-8137.9992676 24524.001464 1776.47414521 
-8087.9992676 24524.001464 1779.11443305 
-8037.9992676 24524.001464 1781.66917551 
-7987.9992676 24524.001464 1785.34016364 
-7937.9992676 24524.001464 1789.13308825 
-7887.9992676 24524.001464 1796.59910457 
-7837.9992676 24524.001464 1817.4127618 
-7787.9992676 24524.001464 1826.66028213 
-7737.9992676 24524.001464 1841.19182624 
-7687.9992676 24524.001464 1852.99761793 
-7637.9992676 24524.001464 1866.56222003 
-7587.9992676 24524.001464 1880.55145461 
-7537.9992676 24524.001464 1891.12535318 
-7487.9992676 24524.001464 1899.6028292 
-7437.9992676 24524.001464 1907.02298404 
-7387.9992676 24524.001464 1943.55026543 
-7337.9992676 24524.001464 1926.44435951 
-7287.9992676 24524.001464 1934.46451917 
-7237.9992676 24524.001464 1943.29963493 
-7187.9992676 24524.001464 1952.15354092 
-7137.9992676 24524.001464 2004.79470782 
-7087.9992676 24524.001464 1990.68334705 
-7037.9992676 24524.001464 2041.12257817 
-6987.9992676 24524.001464 2099.03832572 
-6937.9992676 24524.001464 2170.60551214 
-6887.9992676 24524.001464 2176.24064473 
-6837.9992676 24524.001464 2178.55684463 
-6787.9992676 24524.001464 2183.49380529 
-6737.9992676 24524.001464 2173.65807797 
-6687.9992676 24524.001464 2172.54052754 
-6637.9992676 24524.001464 2167.68054619 
-6587.9992676 24524.001464 2172.14442002 
-6537.9992676 24524.001464 2181.38804551 
-6487.9992676 24524.001464 2173.67559152 
-6437.9992676 24524.001464 2217.26680973 
-6387.9992676 24524.001464 2248.26254047 
-6337.9992676 24524.001464 2249.60567479 
-6287.9992676 24524.001464 2254.36282519 
-6237.9992676 24524.001464 2262.41173094 
-6187.9992676 24524.001464 2220.54763455 
-6137.9992676 24524.001464 2222.04306519 
-6087.9992676 24524.001464 2240.21047432 
-6037.9992676 24524.001464 2230.92579878 
-5987.9992676 24524.001464 2275.52410847 
-5937.9992676 24524.001464 2291.23205912 
-5887.9992676 24524.001464 2317.08289739 
-5837.9992676 24524.001464 2339.19244027 
-5787.9992676 24524.001464 2326.67891849 
-5737.9992676 24524.001464 2315.63695439 
-5687.9992676 24524.001464 2316.92758867 
-5637.9992676 24524.001464 2336.38584881 
-5587.9992676 24524.001464 2347.74640339 
-5537.9992676 24524.001464 2401.28811352 
-5487.9992676 24524.001464 2432.15720712 
-5437.9992676 24524.001464 2438.67914037 
-5387.9992676 24524.001464 2444.48388037 
-5337.9992676 24524.001464 2451.77886685 
-5287.9992676 24524.001464 2458.46218425 
-5237.9992676 24524.001464 2464.17187325 
-5187.9992676 24524.001464 2470.37489022 
-5137.9992676 24524.001464 2476.16966259 
-5087.9992676 24524.001464 2478.35036404 
-5037.9992676 24524.001464 2429.90789553 
-4987.9992676 24524.001464 2435.21442167 
-4937.9992676 24524.001464 2440.52561314 
-4887.9992676 24524.001464 2446.87268221 
-4837.9992676 24524.001464 2463.60542651 
-4787.9992676 24524.001464 2467.17367682 
-4737.9992676 24524.001464 2470.74104996 
-4687.9992676 24524.001464 2474.30754596 
-4637.9992676 24524.001464 2477.87316476 
-4587.9992676 24524.001464 2481.43790639 
-4537.9992676 24524.001464 2484.02452932 
-4487.9992676 24524.001464 2483.43294682 
-4437.9992676 24524.001464 2487.55131825 
-4387.9992676 24524.001464 2491.67055384 
-4337.9992676 24524.001464 2495.7906536 
-4287.9992676 24524.001464 2499.91161749 
-4237.9992676 24524.001464 2535.04412729 
-4187.9992676 24524.001464 2548.80309589 
-4137.9992676 24524.001464 2575.82630641 
-4087.9992676 24524.001464 2618.78722378 
-4037.9992676 24524.001464 2624.32881649 
-3987.9992676 24524.001464 2629.95233036 
-3937.9992676 24524.001464 2636.60078344 
-3887.9992676 24524.001464 2641.29376522 
-3837.9992676 24524.001464 2645.664578 
-3787.9992676 24524.001464 2649.51497707 
-3737.9992676 24524.001464 2652.38799763 
-3687.9992676 24524.001464 2655.25758818 
-3637.9992676 24524.001464 2659.02267791 
-3587.9992676 24524.001464 2650.93507915 
-3537.9992676 24524.001464 2657.53980505 
-3487.9992676 24524.001464 2664.36617378 
-3437.9992676 24524.001464 2671.99798423 
-3387.9992676 24524.001464 2680.65751256 
-3337.9992676 24524.001464 2685.67267706 
-3287.9992676 24524.001464 2690.40843736 
-3237.9992676 24524.001464 2701.62070819 
-3187.9992676 24524.001464 2696.5874715 
-3137.9992676 24524.001464 2703.51407994 
-3087.9992676 24524.001464 2708.45808468 
-3037.9992676 24524.001464 2707.37903546 
-2987.9992676 24524.001464 2708.13782889 
-2937.9992676 24524.001464 2711.88154439 
-2887.9992676 24524.001464 2714.65394795 
-2837.9992676 24524.001464 2711.58624772 
-2787.9992676 24524.001464 2713.67889333 
-2737.9992676 24524.001464 2718.4109986 
-2687.9992676 24524.001464 2724.92713525 
-2637.9992676 24524.001464 2730.07005371 
-2587.9992676 24524.001464 2733.77255698 
-2537.9992676 24524.001464 2737.46455523 
-2487.9992676 24524.001464 2741.15568205 
-2437.9992676 24524.001464 2744.84593741 
-2387.9992676 24524.001464 2748.53532131 
-2337.9992676 24524.001464 2752.22383371 
-2287.9992676 24524.001464 2755.9114747 
-2237.9992676 24524.001464 2759.59824422 
-2187.9992676 24524.001464 2763.28414228 
-2137.9992676 24524.001464 2766.96916885 
-2087.9992676 24524.001464 2770.65332399 
-2037.9992676 24524.001464 2774.33660768 
-1987.9992676 24524.001464 2778.01901991 
-1937.9992676 24524.001464 2781.70056064 
-1887.9992676 24524.001464 2785.61188919 
-1837.9992676 24524.001464 2789.69488912 
-1787.9992676 24524.001464 2793.67011222 
-1737.9992676 24524.001464 2798.50355464 
-1687.9992676 24524.001464 2803.33941348 
-1637.9992676 24524.001464 2808.17768878 
-1587.9992676 24524.001464 2813.01838055 
-1537.9992676 24524.001464 2818.86171536 
-1487.9992676 24524.001464 2818.36686963 
-1437.9992676 24524.001464 2817.85932919 
-1387.9992676 24524.001464 2817.33909412 
-1337.9992676 24524.001464 2816.80616433 
-1287.9992676 24524.001464 2816.2605399 
-1237.9992676 24524.001464 2819.33741938 
-1187.9992676 24524.001464 2850.96811623 
-1137.9992676 24524.001464 2880.69955691 
-1087.9992676 24524.001464 2910.50307854 
-1037.9992676 24524.001464 2940.37868105 
-987.99926758 24524.001464 2970.32636448 
-937.99926758 24524.001464 2972.26558215 
-887.99926758 24524.001464 2971.65459184 
-837.99926758 24524.001464 2972.31201466 
-787.99926758 24524.001464 2972.95978294 
-737.99926758 24524.001464 2973.59789678 
-687.99926758 24524.001464 2960.59193263 
-637.99926758 24524.001464 2941.38406924 
-587.99926758 24524.001464 2922.11183362 
-537.99926758 24524.001464 2902.77522584 
-487.99926758 24524.001464 2883.37424586 
-437.99926758 24524.001464 2863.90889369 
-387.99926758 24524.001464 2858.72189318 
-337.99926758 24524.001464 2858.04809431 
-287.99926758 24524.001464 2867.40855957 
-237.99926758 24524.001464 2877.95330785 
-187.99926758 24524.001464 2887.75031441 
-137.99926758 24524.001464 2897.56332472 
-87.999267578 24524.001464 2907.39233878 
-37.999267578 24524.001464 2917.23735661 
12.000732422 24524.001464 2927.09837822 
62.000732422 24524.001464 2936.97540355 
112.00073242 24524.001464 2946.86843264 
162.00073242 24524.001464 2956.77746548 
212.00073242 24524.001464 2964.12745894 
262.00073242 24524.001464 2962.44571669 
312.00073242 24524.001464 2967.17042695 
362.00073242 24524.001464 2971.89710817 
412.00073242 24524.001464 2976.46698862 
462.00073242 24524.001464 2979.75629794 
512.00073242 24524.001464 2982.60086535 
562.00073242 24524.001464 2998.15622517 
612.00073242 24524.001464 2989.4015932 
662.00073242 24524.001464 2975.5527176 
712.00073242 24524.001464 2949.72913046 
762.00073242 24524.001464 2942.89352928 
812.00073242 24524.001464 2945.10388936 
862.00073242 24524.001464 2949.98447561 
912.00073242 24524.001464 2943.94156779 
962.00073242 24524.001464 2943.96523591 
1012.0007324 24524.001464 2940.59988451 
1062.0007324 24524.001464 2934.91962815 
1112.0007324 24524.001464 2928.63038926 
1162.0007324 24524.001464 2923.32554212 
1212.0007324 24524.001464 2917.99658081 
1262.0007324 24524.001464 2911.98728772 
1312.0007324 24524.001464 2906.63459091 
1362.0007324 24524.001464 2900.63103277 
1412.0007324 24524.001464 2893.63226859 
1462.0007324 24524.001464 2885.86744392 
1512.0007324 24524.001464 2878.07246948 
1562.0007324 24524.001464 2871.05962789 
1612.0007324 24524.001464 2864.14557759 
1662.0007324 24524.001464 2858.24633768 
1712.0007324 24524.001464 2853.08393413 
1762.0007324 24524.001464 2846.35101609 
1812.0007324 24524.001464 2854.54051056 
1862.0007324 24524.001464 2853.19860007 
1912.0007324 24524.001464 2853.4447829 
1962.0007324 24524.001464 2854.2973961 
2012.0007324 24524.001464 2858.58524115 
2062.0007324 24524.001464 2862.835849 
2112.0007324 24524.001464 2867.08796271 
2162.0007324 24524.001464 2871.08400178 
2212.0007324 24524.001464 2868.6594052 
2262.0007324 24524.001464 2866.59060111 
2312.0007324 24524.001464 2868.3265643 
2362.0007324 24524.001464 2871.04767607 
2412.0007324 24524.001464 2869.44010833 
2462.0007324 24524.001464 2872.42657537 
2512.0007324 24524.001464 2875.41134042 
2562.0007324 24524.001464 2878.39440354 
2612.0007324 24524.001464 2881.37576466 
2662.0007324 24524.001464 2884.35542387 
2712.0007324 24524.001464 2887.33338107 
2762.0007324 24524.001464 2890.30963635 
2812.0007324 24524.001464 2893.28418962 
2862.0007324 24524.001464 2896.25704098 
2912.0007324 24524.001464 2899.22819034 
2962.0007324 24524.001464 2902.9816001 
3012.0007324 24524.001464 2909.04956636 
3062.0007324 24524.001464 2907.86642953 
3112.0007324 24524.001464 2905.6009764 
3162.0007324 24524.001464 2903.32088652 
3212.0007324 24524.001464 2909.72663557 
3262.0007324 24524.001464 2921.16887689 
3312.0007324 24524.001464 2952.42832717 
3362.0007324 24524.001464 3004.58446136 
3412.0007324 24524.001464 3020.01704123 
3462.0007324 24524.001464 3062.07417147 
3512.0007324 24524.001464 3095.47108391 
3562.0007324 24524.001464 3088.52178154 
3612.0007324 24524.001464 3087.27758563 
3662.0007324 24524.001464 3086.42911488 
3712.0007324 24524.001464 3088.2721575 
3762.0007324 24524.001464 3091.7147961 
3812.0007324 24524.001464 3094.337521 
3862.0007324 24524.001464 3096.95733124 
3912.0007324 24524.001464 3099.57422684 
3962.0007324 24524.001464 3102.18820778 
4012.0007324 24524.001464 3101.60918281 
4062.0007324 24524.001464 3101.06802868 
4112.0007324 24524.001464 3100.51657464 
4162.0007324 24524.001464 3103.88132434 
4212.0007324 24524.001464 3110.44759062 
4262.0007324 24524.001464 3114.75830135 
4312.0007324 24524.001464 3119.07028236 
4362.0007324 24524.001464 3123.38353373 
4412.0007324 24524.001464 3127.69805543 
4462.0007324 24524.001464 3132.0138474 
4512.0007324 24524.001464 3136.33090974 
4562.0007324 24524.001464 3140.64924236 
4612.0007324 24524.001464 3144.96884534 
4662.0007324 24524.001464 3149.28971864 
4712.0007324 24524.001464 3153.61186222 
4762.0007324 24524.001464 3151.95784512 
4812.0007324 24524.001464 3130.19110511 
4862.0007324 24524.001464 3133.36527889 
4912.0007324 24524.001464 3132.68991337 
4962.0007324 24524.001464 3117.1702435 
5012.0007324 24524.001464 3113.97135202 
5062.0007324 24524.001464 3117.03179743 
5112.0007324 24524.001464 3120.27304339 
5162.0007324 24524.001464 3128.09643646 
5212.0007324 24524.001464 3130.55168746 
5262.0007324 24524.001464 3140.85236116 
5312.0007324 24524.001464 3149.23151502 
5362.0007324 24524.001464 3170.1061156 
5412.0007324 24524.001464 3184.99201141 
5462.0007324 24524.001464 3177.77719698 
5512.0007324 24524.001464 3159.57609238 
5562.0007324 24524.001464 3127.11005421 
5612.0007324 24524.001464 3100.60714707 
5662.0007324 24524.001464 3148.99421198 
5712.0007324 24524.001464 3169.7553806 
5762.0007324 24524.001464 3180.97875985 
5812.0007324 24524.001464 3191.54460029 
5862.0007324 24524.001464 3203.98108881 
5912.0007324 24524.001464 3219.67362085 
5962.0007324 24524.001464 3235.39408458 
6012.0007324 24524.001464 3251.14244309 
6062.0007324 24524.001464 3266.33286262 
6112.0007324 24524.001464 3221.94565109 
6162.0007324 24524.001464 3190.52332544 
6212.0007324 24524.001464 3157.89487218 
6262.0007324 24524.001464 3141.9905093 
6312.0007324 24524.001464 3140.10024986 
6362.0007324 24524.001464 3156.25213972 
6412.0007324 24524.001464 3133.24526626 
6462.0007324 24524.001464 3138.46290706 
6512.0007324 24524.001464 3147.35659301 
6562.0007324 24524.001464 3155.46930577 
6612.0007324 24524.001464 3161.19478137 
6662.0007324 24524.001464 3212.52884166 
6712.0007324 24524.001464 3184.44668666 
6762.0007324 24524.001464 3177.41622258 
6812.0007324 24524.001464 3174.92123699 
6862.0007324 24524.001464 3172.41218772 
6912.0007324 24524.001464 3169.88907469 
6962.0007324 24524.001464 3164.93618036 
7012.0007324 24524.001464 3164.78310973 
7062.0007324 24524.001464 3156.34510337 
7112.0007324 24524.001464 3150.80461137 
7162.0007324 24524.001464 3151.55330484 
7212.0007324 24524.001464 3149.29065694 
7262.0007324 24524.001464 3147.26006512 
7312.0007324 24524.001464 3148.06912117 
7362.0007324 24524.001464 3144.10013521 
7412.0007324 24524.001464 3140.11410359 
7462.0007324 24524.001464 3133.61905098 
7512.0007324 24524.001464 3124.99777798 
7562.0007324 24524.001464 3116.74337207 
7612.0007324 24524.001464 3108.15962894 
7662.0007324 24524.001464 3097.45452491 
7712.0007324 24524.001464 3087.97868807 
7762.0007324 24524.001464 3078.40219525 
7812.0007324 24524.001464 3068.26774945 
7862.0007324 24524.001464 3058.10287684 
7912.0007324 24524.001464 3049.32770127 
7962.0007324 24524.001464 3037.88812341 
8012.0007324 24524.001464 3039.96176885 
8062.0007324 24524.001464 3045.33184416 
8112.0007324 24524.001464 3031.73813257 
8162.0007324 24524.001464 3018.10663462 
8212.0007324 24524.001464 3004.43735035 
8262.0007324 24524.001464 2991.52032875 
8312.0007324 24524.001464 2978.74509849 
8362.0007324 24524.001464 2965.93422755 
8412.0007324 24524.001464 2953.08771587 
8462.0007324 24524.001464 2940.20556355 
8512.0007324 24524.001464 2927.28777054 
8562.0007324 24524.001464 2914.36455743 
8612.0007324 24524.001464 2906.58359909 
8662.0007324 24524.001464 2903.4997033 
8712.0007324 24524.001464 2900.22808622 
8762.0007324 24524.001464 2895.61825783 
8812.0007324 24524.001464 2892.85535968 
8862.0007324 24524.001464 2890.2812369 
8912.0007324 24524.001464 2885.00768631 
8962.0007324 24524.001464 2887.18294773 
9012.0007324 24524.001464 2888.98611096 
9062.0007324 24524.001464 2884.01851688 
9112.0007324 24524.001464 2881.41389456 
9162.0007324 24524.001464 2872.82669416 
9212.0007324 24524.001464 2864.2140099 
9262.0007324 24524.001464 2871.81470394 
9312.0007324 24524.001464 2861.87743411 
9362.0007324 24524.001464 2880.25978516 
9412.0007324 24524.001464 2774.4347341 
9462.0007324 24524.001464 2334.91482277 
9512.0007324 24524.001464 2328.00811437 
9562.0007324 24524.001464 2321.13526247 
9612.0007324 24524.001464 2315.842438 
9662.0007324 24524.001464 2312.31274533 
9712.0007324 24524.001464 2307.48379475 
9762.0007324 24524.001464 2304.2597248 
9812.0007324 24524.001464 2301.05681484 
9862.0007324 24524.001464 2297.84173924 
9912.0007324 24524.001464 2294.61449792 
9962.0007324 24524.001464 2291.3750909 
10012.000732 24524.001464 2288.12351821 
10062.000732 24524.001464 2284.85977987 
10112.000732 24524.001464 2281.58387581 
10162.000732 24524.001464 2149.6794738 
10212.000732 24524.001464 2139.17304414 
10262.000732 24524.001464 2146.11483566 
10312.000732 24524.001464 2152.88404892 
10362.000732 24524.001464 2155.39339719 
10412.000732 24524.001464 2256.01442301 
10462.000732 24524.001464 2287.96440695 
10512.000732 24524.001464 2331.92967697 
10562.000732 24524.001464 2419.46332514 
10612.000732 24524.001464 2463.40817849 
10662.000732 24524.001464 2496.54643267 
10712.000732 24524.001464 2656.61564497 
10762.000732 24524.001464 2810.92344982 
10812.000732 24524.001464 2978.62401327 
10862.000732 24524.001464 3132.40945403 
10912.000732 24524.001464 3187.01223954 
10962.000732 24524.001464 3216.89768376 
11012.000732 24524.001464 3236.04575003 
11062.000732 24524.001464 3352.08530526 
11112.000732 24524.001464 3533.84098332 
11162.000732 24524.001464 3688.93041243 
11212.000732 24524.001464 3735.24329747 
11262.000732 24524.001464 3775.2509794 
11312.000732 24524.001464 3818.36480941 
11362.000732 24524.001464 3852.64344869 
11412.000732 24524.001464 3886.9849792 
11462.000732 24524.001464 3921.38940092 
11512.000732 24524.001464 3950.40041158 
11562.000732 24524.001464 3968.57986867 
11612.000732 24524.001464 3987.28624937 
11662.000732 24524.001464 4003.17715916 
11712.000732 24524.001464 4013.71544563 
11762.000732 24524.001464 4024.26693762 
11812.000732 24524.001464 4034.83163522 
11862.000732 24524.001464 4045.40953838 
11912.000732 24524.001464 4056.00064705 
11962.000732 24524.001464 4066.60496134 
12012.000732 24524.001464 4077.22248113 
12062.000732 24524.001464 4087.85320653 
12112.000732 24524.001464 4098.4971375 
12162.000732 24524.001464 4109.15427397 
12212.000732 24524.001464 4124.18266555 
12262.000732 24524.001464 4138.36343635 
12312.000732 24524.001464 4128.38672535 
12362.000732 24524.001464 4122.58218919 
12412.000732 24524.001464 4121.12426601 
12462.000732 24524.001464 4119.65046377 
12512.000732 24524.001464 4118.16078251 
12562.000732 24524.001464 4116.6552223 
12612.000732 24524.001464 4115.13378302 
12662.000732 24524.001464 4113.59646478 
12712.000732 24524.001464 4112.04326747 
12762.000732 24524.001464 4110.47419115 
12812.000732 24524.001464 4108.88923587 
12862.000732 24524.001464 4107.28840153 
12912.000732 24524.001464 4100.15396932 
12962.000732 24524.001464 4090.06366075 
13012.000732 24524.001464 4080.45023101 
13062.000732 24524.001464 4059.55843888 
13112.000732 24524.001464 4032.95509588 
13162.000732 24524.001464 4006.2761294 
13212.000732 24524.001464 3979.52153944 
13262.000732 24524.001464 3943.39693227 
13312.000732 24524.001464 3910.34100723 
13362.000732 24524.001464 3870.50044565 
13412.000732 24524.001464 3716.07470519 
13462.000732 24524.001464 3532.83312685 
13512.000732 24524.001464 3418.16639955 
13562.000732 24524.001464 3405.54122268 
13612.000732 24524.001464 3381.44893113 
13662.000732 24524.001464 3330.94682678 
13712.000732 24524.001464 3174.49611372 
13762.000732 24524.001464 3002.46491251 
13812.000732 24524.001464 2843.98518034 
13862.000732 24524.001464 2678.5996399 
13912.000732 24524.001464 2648.95127091 
13962.000732 24524.001464 2607.50977331 
14012.000732 24524.001464 2518.78758442 
14062.000732 24524.001464 2476.81994075 
14112.000732 24524.001464 2447.68770801 
14162.000732 24524.001464 2343.74055923 
14212.000732 24524.001464 2346.23965927 
14262.000732 24524.001464 2344.08483948 
14312.000732 24524.001464 2341.71922116 
14362.000732 24524.001464 2358.47374335 
14412.000732 24524.001464 2508.77728497 
14462.000732 24524.001464 2517.98686375 
14512.000732 24524.001464 2527.2110711 
14562.000732 24524.001464 2536.44990712 
14612.000732 24524.001464 2545.70337175 
14662.000732 24524.001464 2554.97146499 
14712.000732 24524.001464 2564.2541868 
14762.000732 24524.001464 2573.55153728 
14812.000732 24524.001464 2582.90081973 
14862.000732 24524.001464 2594.07898825 
14912.000732 24524.001464 2603.83289311 
14962.000732 24524.001464 2615.60377621 
15012.000732 24524.001464 2629.19823227 
15062.000732 24524.001464 2642.87822137 
15112.000732 24524.001464 3147.37018046 
15162.000732 24524.001464 3274.70447953 
15212.000732 24524.001464 3261.0583024 
15262.000732 24524.001464 3279.67621283 
15312.000732 24524.001464 3278.28711242 
15362.000732 24524.001464 3295.47379654 
15412.000732 24524.001464 3312.69112371 
15462.000732 24524.001464 3323.07510492 
15512.000732 24524.001464 3336.21733766 
15562.000732 24524.001464 3341.56497487 
15612.000732 24524.001464 3346.48794334 
15662.000732 24524.001464 3360.07552313 
15712.000732 24524.001464 3370.56156575 
15762.000732 24524.001464 3381.29783041 
15812.000732 24524.001464 3394.22647845 
15862.000732 24524.001464 3405.62608437 
15912.000732 24524.001464 3416.83875145 
15962.000732 24524.001464 3433.61822426 
16012.000732 24524.001464 3456.52727776 
16062.000732 24524.001464 3479.51479237 
16112.000732 24524.001464 3502.54516309 
16162.000732 24524.001464 3525.61838997 
16212.000732 24524.001464 3548.73447292 
16262.000732 24524.001464 3571.89341197 
16312.000732 24524.001464 3595.307534 
16362.000732 24524.001464 3619.71041543 
16412.000732 24524.001464 3644.15873297 
16462.000732 24524.001464 3668.65248658 
16512.000732 24524.001464 3670.3411002 
16562.000732 24524.001464 3676.00792688 
16612.000732 24524.001464 3698.06999683 
16662.000732 24524.001464 3716.97374557 
16712.000732 24524.001464 3737.63633517 
16762.000732 24524.001464 3758.33551145 
16812.000732 24524.001464 3778.42579765 
16862.000732 24524.001464 3798.46367129 
16912.000732 24524.001464 3820.08308892 
16962.000732 24524.001464 3839.16712376 
17012.000732 24524.001464 3857.91088452 
17062.000732 24524.001464 3877.17327984 
17112.000732 24524.001464 3893.86603581 
17162.000732 24524.001464 3907.49600986 
17212.000732 24524.001464 3921.14648044 
17262.000732 24524.001464 3928.87406993 
17312.000732 24524.001464 3940.16976027 
17362.000732 24524.001464 3951.78765109 
17412.000732 24524.001464 3959.65377808 
17462.000732 24524.001464 3975.45708227 
17512.000732 24524.001464 3994.9692095 
17562.000732 24524.001464 4004.06749837 
17612.000732 24524.001464 4019.27295883 
17662.000732 24524.001464 4031.4391244 
17712.000732 24524.001464 4043.62220081 
17762.000732 24524.001464 4055.82218817 
17812.000732 24524.001464 4073.859311 
17862.000732 24524.001464 4118.94879031 
17912.000732 24524.001464 4062.16907306 
17962.000732 24524.001464 4063.85452069 
18012.000732 24524.001464 4062.44665149 
18062.000732 24524.001464 4060.0027131 
18112.000732 24524.001464 4062.29443926 
18162.000732 24524.001464 4101.25204223 
18212.000732 24524.001464 4089.36739934 
18262.000732 24524.001464 4100.95892189 
18312.000732 24524.001464 4130.91482054 
18362.000732 24524.001464 4182.91084784 
18412.000732 24524.001464 4233.53447165 
18462.000732 24524.001464 4301.43764693 
18512.000732 24524.001464 4290.99085222 
18562.000732 24524.001464 4279.73893751 
18612.000732 24524.001464 4268.45338764 
18662.000732 24524.001464 4257.13425135 
18712.000732 24524.001464 4250.08030436 
18762.000732 24524.001464 4245.47134251 
18812.000732 24524.001464 4239.9421501 
18862.000732 24524.001464 4221.58171181 
18912.000732 24524.001464 4166.00083538 
18962.000732 24524.001464 4210.99927158 
19012.000732 24524.001464 4264.22717259 
19062.000732 24524.001464 4298.377926 
19112.000732 24524.001464 4317.76763172 
19162.000732 24524.001464 4307.19579843 
19212.000732 24524.001464 4288.40142154 
19262.000732 24524.001464 4286.55625212 
19312.000732 24524.001464 4282.05442638 
19362.000732 24524.001464 4288.26758156 
19412.000732 24524.001464 4287.11292738 
19462.000732 24524.001464 4292.24281476 
19512.000732 24524.001464 4297.62517186 
19562.000732 24524.001464 4311.66951555 
19612.000732 24524.001464 4342.83696314 
19662.000732 24524.001464 4353.4992213 
19712.000732 24524.001464 4358.82849946 
19762.000732 24524.001464 4398.96972308 
19812.000732 24524.001464 4411.13772993 
19862.000732 24524.001464 4414.96192194 
19912.000732 24524.001464 4418.78458639 
19962.000732 24524.001464 4422.60572335 
20012.000732 24524.001464 4426.42533287 
20062.000732 24524.001464 4430.24341484 
20112.000732 24524.001464 4434.05996936 
20162.000732 24524.001464 4437.87499634 
20212.000732 24524.001464 4441.68849581 
20262.000732 24524.001464 4445.50046784 
20312.000732 24524.001464 4449.31091232 
20362.000732 24524.001464 4449.88432735 
20412.000732 24524.001464 4455.04002552 
20462.000732 24524.001464 4465.83814951 
20512.000732 24524.001464 4476.64946416 
20562.000732 24524.001464 4487.54365498 
20612.000732 24524.001464 4493.83699209 
20662.000732 24524.001464 4500.13383392 
20712.000732 24524.001464 4506.43418046 
20762.000732 24524.001464 4512.73803173 
20812.000732 24524.001464 4517.85019535 
20862.000732 24524.001464 4525.31008162 
20912.000732 24524.001464 4536.73809603 
20962.000732 24524.001464 4548.7797476 
21012.000732 24524.001464 4569.27635247 
21062.000732 24524.001464 4530.15475174 
21112.000732 24524.001464 4477.99505909 
21162.000732 24524.001464 4465.14686074 
21212.000732 24524.001464 4397.52219889 
21262.000732 24524.001464 4360.76740264 
21312.000732 24524.001464 4353.47710913 
21362.000732 24524.001464 4353.68668567 
21412.000732 24524.001464 4366.93176462 
21462.000732 24524.001464 4380.19486295 
21512.000732 24524.001464 4391.86408001 
21562.000732 24524.001464 4392.59431522 
21612.000732 24524.001464 4396.81816732 
21662.000732 24524.001464 4402.23030447 
21712.000732 24524.001464 4407.64448808 
21762.000732 24524.001464 4413.06071828 
21812.000732 24524.001464 4418.47899493 
21862.000732 24524.001464 4423.89931817 
21912.000732 24524.001464 4429.32168786 
21962.000732 24524.001464 4434.74610414 
22012.000732 24524.001464 4440.17256688 
22062.000732 24524.001464 4445.60107621 
22112.000732 24524.001464 4451.03163199 
22162.000732 24524.001464 4463.60921243 
22212.000732 24524.001464 4469.47882952 
22262.000732 24524.001464 4476.89364448 
22312.000732 24524.001464 4490.2776579 
22362.000732 24524.001464 4504.26054798 
22412.000732 24524.001464 4508.19105572 
22462.000732 24524.001464 4511.71575183 
22512.000732 24524.001464 4515.23873835 
22562.000732 24524.001464 4518.69868067 
22612.000732 24524.001464 4527.60498183 
22662.000732 24524.001464 4537.49606529 
22712.000732 24524.001464 4549.94328691 
22762.000732 24524.001464 4547.19999954 
22812.000732 24524.001464 4568.31760704 
22862.000732 24524.001464 4586.99069006 
22912.000732 24524.001464 4606.91366679 
22962.000732 24524.001464 4628.54301292 
23012.000732 24524.001464 4650.41006533 
23062.000732 24524.001464 4673.62288253 
23112.000732 24524.001464 4696.87195319 
23162.000732 24524.001464 4718.96004361 
23212.000732 24524.001464 4739.50532662 
23262.000732 24524.001464 4759.05977926 
23312.000732 24524.001464 4779.75806148 
23362.000732 24524.001464 4799.41288357 
23412.000732 24524.001464 4819.09670171 
23462.000732 24524.001464 4840.47281376 
23512.000732 24524.001464 4860.91871152 
23562.000732 24524.001464 4877.60140249 
23612.000732 24524.001464 4888.71119773 
23662.000732 24524.001464 4909.94758191 
23712.000732 24524.001464 4913.03704292 
23762.000732 24524.001464 4920.58379034 
23812.000732 24524.001464 4943.30323062 
23862.000732 24524.001464 4997.99905958 
23912.000732 24524.001464 5032.76400032 
23962.000732 24524.001464 5059.07042558 
24012.000732 24524.001464 5044.36089112 
24062.000732 24524.001464 5051.10836562 
24112.000732 24524.001464 5057.10914153 
24162.000732 24524.001464 5060.93469237 
24212.000732 24524.001464 5064.48811531 
24262.000732 24524.001464 5068.03916839 
24312.000732 24524.001464 5082.56957341 
24362.000732 24524.001464 5081.62245439 
24412.000732 24524.001464 5076.24068239 
24462.000732 24524.001464 5070.83966669 
24512.000732 24524.001464 5065.4194073 
24562.000732 24524.001464 5059.97990413 
24612.000732 24524.001464 5054.52115734 
24662.000732 24524.001464 5049.04316684 
24712.000732 24524.001464 5043.54593265 
24762.000732 24524.001464 5038.02945475 
24812.000732 24524.001464 5031.1536657 
24862.000732 24524.001464 5026.30704011 
24912.000732 24524.001464 5039.10375775 
24962.000732 24524.001464 5059.9117147 
25012.000732 24524.001464 5106.07916925 
25062.000732 24524.001464 5152.32402808 
25112.000732 24524.001464 5198.6462912 
25162.000732 24524.001464 5245.04595866 
25212.000732 24524.001464 5291.52303033 
25262.000732 24524.001464 5327.08237067 
25312.000732 24524.001464 5338.2842521 
25362.000732 24524.001464 5349.49774263 
25412.000732 24524.001464 5360.72284212 
25462.000732 24524.001464 5374.27047502 
25512.000732 24524.001464 5383.23610754 
25562.000732 24524.001464 5341.34152391 
25612.000732 24524.001464 5299.36026665 
25662.000732 24524.001464 5257.29233569 
25712.000732 24524.001464 5215.13773118 
25762.000732 24524.001464 5169.28198772 
25812.000732 24524.001464 5175.66588685 
25862.000732 24524.001464 5188.73022187 
25912.000732 24524.001464 5201.80982166 
25962.000732 24524.001464 5214.90468609 
26012.000732 24524.001464 5228.01481527 
26062.000732 24524.001464 5241.1402091 
26112.000732 24524.001464 5242.49235195 
26162.000732 24524.001464 5245.70132128 
26212.000732 24524.001464 5248.90738494 
26262.000732 24524.001464 5252.11054292 
26312.000732 24524.001464 5255.31079517 
26362.000732 24524.001464 5260.12180468 
26412.000732 24524.001464 5264.72920769 
26462.000732 24524.001464 5269.6609595 
26512.000732 24524.001464 5275.02969886 
26562.000732 24524.001464 5280.39948604 
26612.000732 24524.001464 5285.7703211 
26662.000732 24524.001464 5291.14220404 
26712.000732 24524.001464 5296.51513494 
26762.000732 24524.001464 5301.88911366 
26812.000732 24524.001464 5307.26414027 
26862.000732 24524.001464 5312.64021475 
26912.000732 24524.001464 5318.0173372 
26962.000732 24524.001464 5323.39550746 
27012.000732 24524.001464 5328.7747256 
27062.000732 24524.001464 5334.15499163 
27112.000732 24524.001464 5339.53630561 
27162.000732 24524.001464 5344.89980699 
27212.000732 24524.001464 5347.43928416 
27262.000732 24524.001464 5347.26687612 
27312.000732 24524.001464 5350.5885435 
27362.000732 24524.001464 5359.11981525 
27412.000732 24524.001464 5377.89175776 
27462.000732 24524.001464 5385.13293942 
27512.000732 24524.001464 5390.45230271 
27562.000732 24524.001464 5401.72956536 
27612.000732 24524.001464 5416.71308619 
27662.000732 24524.001464 5419.67064503 
27712.000732 24524.001464 5418.63539954 
27762.000732 24524.001464 5441.66205976 
27812.000732 24524.001464 5431.97546699 
27862.000732 24524.001464 5435.3270268 
27912.000732 24524.001464 5438.10477012 
27962.000732 24524.001464 5433.46202342 
28012.000732 24524.001464 5430.86896573 
28062.000732 24524.001464 5429.88624175 
28112.000732 24524.001464 5429.32981787 
28162.000732 24524.001464 5458.91079252 
28212.000732 24524.001464 5464.21884891 
28262.000732 24524.001464 5471.37651001 
28312.000732 24524.001464 5478.53829541 
28362.000732 24524.001464 5483.685496 
28412.000732 24524.001464 5487.75301536 
28462.000732 24524.001464 5491.14595445 
28512.000732 24524.001464 5490.44968208 
28562.000732 24524.001464 5491.87178008 
28612.000732 24524.001464 5493.44941969 
28662.000732 24524.001464 5416.32788882 
28712.000732 24524.001464 5372.40567198 
28762.000732 24524.001464 5356.27496277 
28812.000732 24524.001464 5294.7750317 
28862.000732 24524.001464 5298.79628909 
28912.000732 24524.001464 5302.81650729 
28962.000732 24524.001464 5306.83568638 
29012.000732 24524.001464 5310.85382635 
29062.000732 24524.001464 5324.96573154 
29112.000732 24524.001464 5332.29404161 
29162.000732 24524.001464 5337.52850857 
29212.000732 24524.001464 5342.76403029 
29262.000732 24524.001464 5348.00060668 
29312.000732 24524.001464 5353.2382379 
29362.000732 24524.001464 5358.47692387 
29412.000732 24524.001464 5335.01549831 
29462.000732 24524.001464 5334.11682756 
29512.000732 24524.001464 5335.46094074 
29562.000732 24524.001464 5336.79944399 
29612.000732 24524.001464 5456.45850587 
29662.000732 24524.001464 5464.95251584 
29712.000732 24524.001464 5465.46929028 
29762.000732 24524.001464 5465.06024156 
29812.000732 24524.001464 5465.72303586 
29862.000732 24524.001464 5464.19624614 
29912.000732 24524.001464 5461.27250631 
29962.000732 24524.001464 5461.64906518 
30012.000732 24524.001464 5460.39440249 
30062.000732 24524.001464 5404.31519859 
30112.000732 24524.001464 5296.78573314 
30162.000732 24524.001464 5284.10459925 
30212.000732 24524.001464 5252.97963879 
30262.000732 24524.001464 5262.97067422 
30312.000732 24524.001464 5301.08738623 
30362.000732 24524.001464 5342.73093312 
30412.000732 24524.001464 5305.28332921 
30462.000732 24524.001464 5259.04114166 
30512.000732 24524.001464 5235.88666499 
30562.000732 24524.001464 5145.95585837 
30612.000732 24524.001464 5180.15461169 
30662.000732 24524.001464 5150.86510394 
30712.000732 24524.001464 5160.15142651 
30762.000732 24524.001464 5270.47175768 
30812.000732 24524.001464 5264.75305644 
30862.000732 24524.001464 5266.69040411 
30912.000732 24524.001464 5276.62795708 
30962.000732 24524.001464 5216.82571801 
31012.000732 24524.001464 5126.99496829 
31062.000732 24524.001464 5158.0049451 
31112.000732 24524.001464 5148.95459308 
31162.000732 24524.001464 5151.19589354 
31212.000732 24524.001464 5175.63902676 
31262.000732 24524.001464 5191.24491032 
31312.000732 24524.001464 5227.78049597 
31362.000732 24524.001464 5229.01956286 
31412.000732 24524.001464 5236.54911519 
31462.000732 24524.001464 5236.08837071 
31512.000732 24524.001464 5076.15820624 
31562.000732 24524.001464 4948.4991441 
31612.000732 24524.001464 4838.34853497 
31662.000732 24524.001464 4884.90760909 
31712.000732 24524.001464 4768.62126493 
31762.000732 24524.001464 4758.95912403 
31812.000732 24524.001464 4749.27438884 
31862.000732 24524.001464 4741.52664962 
31912.000732 24524.001464 4795.71852932 
31962.000732 24524.001464 4717.4898332 
32012.000732 24524.001464 4711.03086681 
32062.000732 24524.001464 4701.89059481 
32112.000732 24524.001464 4687.4586851 
32162.000732 24524.001464 4664.39913919 
32212.000732 24524.001464 4642.26660132 
32262.000732 24524.001464 4624.41946257 
32312.000732 24524.001464 4599.59847501 
32362.000732 24524.001464 4587.9709079 
32412.000732 24524.001464 4546.99216272 
32462.000732 24524.001464 4539.65262796 
32512.000732 24524.001464 4541.60025255 
32562.000732 24524.001464 4543.84978228 
32612.000732 24524.001464 4548.94586627 
32662.000732 24524.001464 4553.82971521 
32712.000732 24524.001464 4563.72298201 
32762.000732 24524.001464 4562.51148637 
32812.000732 24524.001464 4569.55204432 
32862.000732 24524.001464 4575.40105208 
32912.000732 24524.001464 4508.27237028 
32962.000732 24524.001464 4394.30641913 
33012.000732 24524.001464 4384.63827046 
33062.000732 24524.001464 4373.80563969 
33112.000732 24524.001464 4379.28209609 
33162.000732 24524.001464 4384.8841823 
33212.000732 24524.001464 4390.24545609 
33262.000732 24524.001464 4383.70395426 
33312.000732 24524.001464 4391.70328542 
33362.000732 24524.001464 4392.96828489 
33412.000732 24524.001464 4373.45122086 
33462.000732 24524.001464 4382.50146424 
33512.000732 24524.001464 4395.01525474 
33562.000732 24524.001464 4320.05916079 
33612.000732 24524.001464 4253.18387016 
33662.000732 24524.001464 4271.55303785 
33712.000732 24524.001464 4263.90909491 
33762.000732 24524.001464 4253.04499189 
33812.000732 24524.001464 4241.50552204 
33862.000732 24524.001464 4229.08840706 
33912.000732 24524.001464 4249.31724013 
33962.000732 24524.001464 4261.30384591 
34012.000732 24524.001464 4265.27016447 
34062.000732 24524.001464 4267.79763194 
34112.000732 24524.001464 4282.53685545 
34162.000732 24524.001464 4291.24386012 
34212.000732 24524.001464 4293.38911 
34262.000732 24524.001464 4310.4048343 
34312.000732 24524.001464 4257.98685422 
34362.000732 24524.001464 4239.42084389 
34412.000732 24524.001464 4229.13408779 
34462.000732 24524.001464 4221.77469934 
34512.000732 24524.001464 4207.7616401 
34562.000732 24524.001464 4168.4716352 
34612.000732 24524.001464 4167.09514148 
34662.000732 24524.001464 4171.56810978 
34712.000732 24524.001464 4176.04293416 
34762.000732 24524.001464 4190.18529362 
34812.000732 24524.001464 4194.5572846 
34862.000732 24524.001464 4106.71581427 
34912.000732 24524.001464 3959.48482461 
34962.000732 24524.001464 3911.74108282 
35012.000732 24524.001464 3908.83623219 
35062.000732 24524.001464 3910.26554773 
35112.000732 24524.001464 3879.94092156 
35162.000732 24524.001464 3858.67600145 
35212.000732 24524.001464 3846.35754379 
35262.000732 24524.001464 3841.15028376 
35312.000732 24524.001464 3836.4470508 
35362.000732 24524.001464 3830.6921403 
35412.000732 24524.001464 3831.77450806 
35462.000732 24524.001464 3824.31649667 
35512.000732 24524.001464 3840.96578606 
35562.000732 24524.001464 4041.14297454 
35612.000732 24524.001464 4152.66867025 
35662.000732 24524.001464 4184.01197774 
35712.000732 24524.001464 4195.92267615 
35762.000732 24524.001464 4189.00451033 
35812.000732 24524.001464 4112.96809993 
35862.000732 24524.001464 4072.74761049 
35912.000732 24524.001464 4099.88443089 
35962.000732 24524.001464 4100.97533236 
36012.000732 24524.001464 4099.04978271 
36062.000732 24524.001464 4101.34612681 
36112.000732 24524.001464 4102.78664813 
36162.000732 24524.001464 4103.54789755 
36212.000732 24524.001464 4104.30541696 
36262.000732 24524.001464 4104.39386984 
36312.000732 24524.001464 4046.4348356 
36362.000732 24524.001464 4039.39775991 
36412.000732 24524.001464 4026.36791185 
36462.000732 24524.001464 4028.92244394 
36512.000732 24524.001464 4017.88202259 
36562.000732 24524.001464 4017.40174577 
36612.000732 24524.001464 4072.38568435 
36662.000732 24524.001464 4029.49688939 
36712.000732 24524.001464 4036.82381889 
36762.000732 24524.001464 4044.15732815 
36812.000732 24524.001464 4051.49881888 