# Liste des scalaires : TEMPS pmat 
0.00000000000000e+00 1.00000000000000e+05 
1.58013544018059e-01 1.00000000000000e+05 
3.16027088036117e-01 1.00000000000000e+05 
4.74040632054176e-01 1.00000000000000e+05 
6.32054176072234e-01 1.00000000000000e+05 
7.90067720090293e-01 1.00000000000000e+05 
9.48081264108351e-01 1.00000000000000e+05 
1.10609480812641e+00 1.00000000000000e+05 
1.26410835214447e+00 1.00000000000000e+05 
1.42212189616253e+00 1.00000000000000e+05 
1.58013544018058e+00 1.00000000000000e+05 
1.73814898419864e+00 1.00000000000000e+05 
1.89616252821670e+00 1.00000000000000e+05 
2.05417607223476e+00 1.00000000000000e+05 
2.21218961625282e+00 1.00000000000000e+05 
2.37020316027087e+00 1.00000000000000e+05 
2.52821670428893e+00 1.00000000000000e+05 
2.68623024830699e+00 1.00000000000000e+05 
2.84424379232505e+00 1.00000000000000e+05 
3.00225733634311e+00 1.00000000000000e+05 
3.16027088036116e+00 1.00000000000000e+05 
3.31828442437922e+00 1.00000000000000e+05 
3.47629796839728e+00 1.00000000000000e+05 
3.63431151241534e+00 1.00000000000000e+05 
3.79232505643340e+00 1.00000000000000e+05 
3.95033860045145e+00 1.00000000000000e+05 
4.10835214446951e+00 1.00000000000000e+05 
4.26636568848757e+00 1.00000000000000e+05 
4.42437923250563e+00 1.00000000000000e+05 
4.58239277652368e+00 1.00000000000000e+05 
4.74040632054174e+00 1.00000000000000e+05 
4.89841986455980e+00 1.00000000000000e+05 
5.05643340857786e+00 1.00000000000000e+05 
5.21444695259591e+00 1.00000000000000e+05 
5.37246049661397e+00 1.00000000000000e+05 
5.53047404063203e+00 1.00000000000000e+05 
5.68848758465009e+00 1.00000000000000e+05 
5.84650112866814e+00 1.00000000000000e+05 
6.00451467268620e+00 1.00000000000000e+05 
6.16252821670426e+00 1.00000000000000e+05 
6.32054176072231e+00 1.00000000000000e+05 
6.47855530474037e+00 1.00000000000000e+05 
6.63656884875843e+00 1.00000000000000e+05 
6.79458239277648e+00 1.00000000000000e+05 
6.95259593679454e+00 1.00000000000000e+05 
7.11060948081260e+00 1.00000000000000e+05 
7.26862302483065e+00 1.00000000000000e+05 
7.42663656884871e+00 1.00000000000000e+05 
7.58465011286677e+00 1.00000000000000e+05 
7.74266365688483e+00 1.00000000000000e+05 
7.90067720090288e+00 1.00000000000000e+05 
8.05869074492094e+00 1.00000000000000e+05 
8.21670428893899e+00 1.00000000000000e+05 
8.37471783295705e+00 1.00000000000000e+05 
8.53273137697511e+00 1.00000000000000e+05 
8.69074492099316e+00 1.00000000000000e+05 
8.84875846501122e+00 1.00000000000000e+05 
9.00677200902927e+00 1.00000000000000e+05 
9.16478555304733e+00 1.00000000000000e+05 
9.32279909706538e+00 1.00000000000000e+05 
9.48081264108344e+00 1.00000000000000e+05 
9.63882618510150e+00 1.00000000000000e+05 
9.79683972911955e+00 1.00000000000000e+05 
9.95485327313761e+00 1.00000000000000e+05 
1.01128668171557e+01 1.00000000000000e+05 
1.02708803611737e+01 1.00000000000000e+05 
1.04288939051918e+01 1.00000000000000e+05 
1.05869074492098e+01 1.00000000000000e+05 
1.07449209932279e+01 1.00000000000000e+05 
1.09029345372459e+01 1.00000000000000e+05 
1.10609480812640e+01 1.00000000000000e+05 
1.12189616252821e+01 1.00000000000000e+05 
1.13769751693001e+01 1.00000000000000e+05 
1.15349887133182e+01 1.00000000000000e+05 
1.16930022573362e+01 1.00000000000000e+05 
1.18510158013543e+01 1.00000000000000e+05 
1.20090293453723e+01 1.00000000000000e+05 
1.21670428893904e+01 1.00000000000000e+05 
1.23250564334084e+01 1.00000000000000e+05 
1.24830699774265e+01 1.00000000000000e+05 
1.26410835214446e+01 1.00000000000000e+05 
1.27990970654626e+01 1.00000000000000e+05 
1.29571106094807e+01 1.00000000000000e+05 
1.31151241534987e+01 1.00000000000000e+05 
1.32731376975168e+01 1.00000000000000e+05 
1.34311512415348e+01 1.00000000000000e+05 
1.35891647855529e+01 1.00000000000000e+05 
1.37471783295709e+01 1.00000000000000e+05 
1.39051918735890e+01 1.00000000000000e+05 
1.40632054176071e+01 1.00000000000000e+05 
1.42212189616251e+01 1.00000000000000e+05 
1.43792325056432e+01 1.00000000000000e+05 
1.45372460496612e+01 1.00000000000000e+05 
1.46952595936793e+01 1.00000000000000e+05 
1.48532731376973e+01 1.00000000000000e+05 
1.50112866817154e+01 1.00000000000000e+05 
1.51693002257334e+01 1.00000000000000e+05 
1.53273137697515e+01 1.00000000000000e+05 
1.54853273137695e+01 1.00000000000000e+05 
1.56433408577876e+01 1.00000000000000e+05 
1.58013544018057e+01 1.00000000000000e+05 
1.59593679458237e+01 1.00000000000000e+05 
1.61173814898418e+01 1.00000000000000e+05 
1.62753950338598e+01 1.00000000000000e+05 
1.64334085778779e+01 1.00000000000000e+05 
1.65914221218959e+01 1.00000000000000e+05 
1.67494356659140e+01 1.00000000000000e+05 
1.69074492099320e+01 1.00000000000000e+05 
1.70654627539501e+01 1.00000000000000e+05 
1.72234762979681e+01 1.00000000000000e+05 
1.73814898419862e+01 1.00000000000000e+05 
1.75395033860043e+01 1.00000000000000e+05 
1.76975169300223e+01 1.00000000000000e+05 
1.78555304740404e+01 1.00000000000000e+05 
1.80135440180584e+01 1.00000000000000e+05 
1.81715575620765e+01 1.00000000000000e+05 
1.83295711060945e+01 1.00000000000000e+05 
1.84875846501126e+01 1.00000000000000e+05 
1.86455981941306e+01 1.00000000000000e+05 
1.88036117381487e+01 1.00000000000000e+05 
1.89616252821667e+01 1.00000000000000e+05 
1.91196388261848e+01 1.00000000000000e+05 
1.92776523702028e+01 1.00000000000000e+05 
1.94356659142209e+01 1.00000000000000e+05 
1.95936794582390e+01 1.00000000000000e+05 
1.97516930022570e+01 1.00000000000000e+05 
1.99097065462751e+01 1.00000000000000e+05 
2.00677200902931e+01 1.00000000000000e+05 
2.02257336343112e+01 1.00000000000000e+05 
2.03837471783292e+01 1.00000000000000e+05 
2.05417607223473e+01 1.00000000000000e+05 
2.06997742663653e+01 1.00000000000000e+05 
2.08577878103834e+01 1.00000000000000e+05 
2.10158013544014e+01 1.00000000000000e+05 
2.11738148984195e+01 1.00000000000000e+05 
2.13318284424376e+01 1.00000000000000e+05 
2.14898419864556e+01 1.00000000000000e+05 
2.16478555304737e+01 1.00000000000000e+05 
2.18058690744917e+01 1.00000000000000e+05 
2.19638826185098e+01 1.00000000000000e+05 
2.21218961625278e+01 1.00000000000000e+05 
2.22799097065459e+01 1.00000000000000e+05 
2.24379232505639e+01 1.00000000000000e+05 
2.25959367945820e+01 1.00000000000000e+05 
2.27539503386000e+01 1.00000000000000e+05 
2.29119638826181e+01 1.00000000000000e+05 
2.30699774266361e+01 1.00000000000000e+05 
2.32279909706542e+01 1.00000000000000e+05 
2.33860045146723e+01 1.00000000000000e+05 
2.35440180586903e+01 1.00000000000000e+05 
2.37020316027084e+01 1.00000000000000e+05 
2.38600451467264e+01 1.00000000000000e+05 
2.40180586907445e+01 1.00000000000000e+05 
2.41760722347625e+01 1.00000000000000e+05 
2.43340857787806e+01 1.00000000000000e+05 
2.44920993227986e+01 1.00000000000000e+05 
2.46501128668167e+01 1.00000000000000e+05 
2.48081264108347e+01 1.00000000000000e+05 
2.49661399548528e+01 1.00000000000000e+05 
2.51241534988708e+01 1.00000000000000e+05 
2.52821670428889e+01 1.00000000000000e+05 
2.54401805869069e+01 1.00000000000000e+05 
2.55981941309250e+01 1.00000000000000e+05 
2.57562076749430e+01 1.00000000000000e+05 
2.59142212189611e+01 1.00000000000000e+05 
2.60722347629791e+01 1.00000000000000e+05 
2.62302483069972e+01 1.00000000000000e+05 
2.63882618510153e+01 1.00000000000000e+05 
2.65462753950333e+01 1.00000000000000e+05 
2.67042889390514e+01 1.00000000000000e+05 
2.68623024830694e+01 1.00000000000000e+05 
2.70203160270875e+01 1.00000000000000e+05 
2.71783295711055e+01 1.00000000000000e+05 
2.73363431151236e+01 1.00000000000000e+05 
2.74943566591416e+01 1.00000000000000e+05 
2.76523702031597e+01 1.00000000000000e+05 
2.78103837471777e+01 1.00000000000000e+05 
2.79683972911958e+01 1.00000000000000e+05 
2.81264108352138e+01 1.00000000000000e+05 
2.82844243792319e+01 1.00000000000000e+05 
2.84424379232499e+01 1.00000000000000e+05 
2.86004514672680e+01 1.00000000000000e+05 
2.87584650112860e+01 1.00000000000001e+05 
2.89164785553041e+01 1.00000000000004e+05 
2.90744920993221e+01 1.00000000000023e+05 
2.92325056433402e+01 1.00000000000082e+05 
2.93905191873582e+01 1.00000000000369e+05 
2.95485327313763e+01 1.00000000001399e+05 
2.97065462753943e+01 1.00000000004941e+05 
2.98645598194124e+01 1.00000000023311e+05 
3.00225733634304e+01 1.00000000067555e+05 
3.01805869074485e+01 1.00000000332451e+05 
3.03386004514665e+01 1.00000000593228e+05 
3.04966139954843e+01 1.00000001034730e+05 
3.06546275395003e+01 1.00000001600445e+05 
3.08126410834971e+01 1.00000002574076e+05 
3.09706546272957e+01 1.00000003743211e+05 
3.11286681708936e+01 1.00000005546552e+05 
3.12866817143274e+01 1.00000008653798e+05 
3.14446952574723e+01 1.00000014172434e+05 
3.16027088001674e+01 1.00000023020785e+05 
3.17607223421364e+01 1.00000035044840e+05 
3.19187358832495e+01 1.00000049663411e+05 
3.20767494226194e+01 1.00000070666119e+05 
3.22347629599941e+01 1.00000104040293e+05 
3.23927764943706e+01 1.00000159744269e+05 
3.25507900239423e+01 1.00000243585181e+05 
3.27088035457829e+01 1.00000349613348e+05 
3.28668170595274e+01 1.00000473208128e+05 
3.30248305599181e+01 1.00000636990959e+05 
3.31828440425992e+01 1.00000869678416e+05 
3.33408575031136e+01 1.00001211957891e+05 
3.34988709293862e+01 1.00001688602454e+05 
3.36568843063214e+01 1.00002238030954e+05 
3.38148976325709e+01 1.00002835877421e+05 
3.39729108878444e+01 1.00003537603493e+05 
3.41309240403887e+01 1.00004393005998e+05 
3.42889370834585e+01 1.00005419962237e+05 
3.44469499667095e+01 1.00006746526561e+05 
3.46049626416154e+01 1.00008081773474e+05 
3.47629751094123e+01 1.00009394537243e+05 
3.49209873220811e+01 1.00010727942286e+05 
3.50789991793260e+01 1.00012051650887e+05 
3.52370106929348e+01 1.00013296668995e+05 
3.53950217552060e+01 1.00014950519329e+05 
3.55530322801683e+01 1.00016354974255e+05 
3.57110422484800e+01 1.00017623658089e+05 
3.58690516557028e+01 1.00018787331097e+05 
3.60270604042267e+01 1.00019594882508e+05 
3.61850684108629e+01 1.00019906858535e+05 
3.63430757025597e+01 1.00020621704379e+05 
3.65010821998343e+01 1.00021025238260e+05 
3.66590879149553e+01 1.00021332099816e+05 
3.68170929429180e+01 1.00021505039370e+05 
3.69750972659910e+01 1.00021175465795e+05 
3.71331008599683e+01 1.00020124727512e+05 
3.72911038794230e+01 1.00019339595430e+05 
3.74491063311914e+01 1.00018415319738e+05 
3.76071083058444e+01 1.00017515781330e+05 
3.77651096857588e+01 1.00016539046346e+05 
3.79231104073047e+01 1.00015205425441e+05 
3.80811109502943e+01 1.00013178431320e+05 
3.82391112062999e+01 1.00011197119299e+05 
3.83971111660317e+01 1.00009265378516e+05 
3.85551109656345e+01 1.00007503931734e+05 
3.87131105571401e+01 1.00005797183261e+05 
3.88711098652798e+01 1.00003942864511e+05 
3.90291090063081e+01 1.00001750441289e+05 
3.91871079803516e+01 9.99993261021396e+04 
3.93451069164122e+01 9.99970766277919e+04 
3.95031056072435e+01 9.99950615908095e+04 
3.96611044176520e+01 9.99931591948051e+04 
3.98191030871787e+01 9.99913601441880e+04 
3.99771018088401e+01 9.99896377022302e+04 
4.01351007074698e+01 9.99874450970192e+04 
4.02930997022155e+01 9.99855381478250e+04 
4.04510986021552e+01 9.99837640199325e+04 
4.06090971618161e+01 9.99821438400610e+04 
4.07670958737284e+01 9.99808829620481e+04 
4.09250951708767e+01 9.99800976495413e+04 
4.10830945501286e+01 9.99787334097542e+04 
4.12410939472816e+01 9.99777222104144e+04 
4.13990933807653e+01 9.99767716987646e+04 
4.15570928592266e+01 9.99759529203248e+04 
4.17150923413803e+01 9.99756361295675e+04 
4.18730918618998e+01 9.99761675287780e+04 
4.20310913871491e+01 9.99762472458105e+04 
4.21890909437351e+01 9.99765494025164e+04 
4.23470905543198e+01 9.99767913584936e+04 
4.25050902256413e+01 9.99771306185399e+04 
4.26630899184684e+01 9.99779383525123e+04 
4.28210896745392e+01 9.99798039321722e+04 
4.29790892602239e+01 9.99815010000099e+04 
4.31370888188632e+01 9.99832963873705e+04 
4.32950884109090e+01 9.99849613483065e+04 
4.34530877023690e+01 9.99866349670137e+04 
4.36110866376294e+01 9.99886518856176e+04 
4.37690854724754e+01 9.99914751353807e+04 
4.39270845035842e+01 9.99944833455686e+04 
4.40850833364672e+01 9.99973439846411e+04 
4.42430820276957e+01 9.99999690876848e+04 
4.44010804989590e+01 1.00002404016543e+05 
4.45590788134630e+01 1.00004981857071e+05 
4.47170770655565e+01 1.00007712722644e+05 
4.48750752148097e+01 1.00010852059994e+05 
4.50330732938293e+01 1.00013646094852e+05 
4.51910713795358e+01 1.00016146671589e+05 
4.53490693983586e+01 1.00018371480192e+05 
4.55070674106562e+01 1.00020164081556e+05 
4.56650653676240e+01 1.00021435744088e+05 
4.58230631625694e+01 1.00023285581581e+05 
4.59810608096228e+01 1.00024669306051e+05 
4.61390583312556e+01 1.00025911814690e+05 
4.62970557728472e+01 1.00026836367539e+05 
4.64550531385988e+01 1.00027052174946e+05 
4.66130504658573e+01 1.00026276578366e+05 
4.67710476910669e+01 1.00026023990934e+05 
4.69290448370875e+01 1.00025481823999e+05 
4.70870418817074e+01 1.00024980426357e+05 
4.72450388394929e+01 1.00024360344152e+05 
4.74030357844738e+01 1.00023195431530e+05 
4.75610327369803e+01 1.00020951337111e+05 
4.77190296641417e+01 1.00018895582110e+05 
4.78770265567167e+01 1.00016820559058e+05 
4.80350232907807e+01 1.00014958767553e+05 
4.81930199724646e+01 1.00013148767491e+05 
4.83510166821919e+01 1.00011086260266e+05 
4.85090134340476e+01 1.00008312709417e+05 
4.86670101864053e+01 1.00005366972128e+05 
4.88250069367958e+01 1.00002600390745e+05 
4.89830037017608e+01 1.00000081845749e+05 
4.91410003791622e+01 9.99978150339819e+04 
4.92989969712441e+01 9.99954390388846e+04 
4.94569936135427e+01 9.99929212494734e+04 
4.96149902571749e+01 9.99899782981824e+04 
4.97729869349215e+01 9.99872928069270e+04 
4.99309836461128e+01 9.99848572942707e+04 
5.00889804092298e+01 9.99826171355693e+04 
5.02469772586986e+01 9.99807339759415e+04 
5.04049742099479e+01 9.99792369811096e+04 
5.05629710368897e+01 9.99770657269120e+04 
5.07209677221875e+01 9.99753034520586e+04 
5.08789643925024e+01 9.99736227862724e+04 
5.10369611214738e+01 9.99722063202962e+04 
5.11949579837573e+01 9.99714001241092e+04 
5.13529549196390e+01 9.99714855404263e+04 
5.15109519220113e+01 9.99709182652275e+04 
5.16689490194469e+01 9.99707219937836e+04 
5.18269461871349e+01 9.99705273386411e+04 
5.19849434232851e+01 9.99704537161756e+04 
5.21429407955823e+01 9.99710569625504e+04 
5.23009380095267e+01 9.99728101804930e+04 
5.24589351151370e+01 9.99741740477722e+04 
5.26169322605497e+01 9.99757423119542e+04 
5.27749294397864e+01 9.99771675849796e+04 
5.29329267403186e+01 9.99785975825176e+04 
5.30909241439174e+01 9.99804712595680e+04 
5.32489216473604e+01 9.99833618255671e+04 
5.34069192807000e+01 9.99863238071050e+04 
5.35649170063727e+01 9.99891520168178e+04 
5.37229148023365e+01 9.99916984893576e+04 
5.38809127246988e+01 9.99940910731526e+04 
5.40389107877367e+01 9.99966612898500e+04 
5.41969089517492e+01 9.99996380185652e+04 
5.43549072484630e+01 1.00002940151364e+05 
5.45129054270051e+01 1.00005952073774e+05 
5.46709034516164e+01 1.00008591905321e+05 
5.48289014795824e+01 1.00010999509566e+05 
5.49868996507851e+01 1.00013127541899e+05 
5.51448978880694e+01 1.00014984286111e+05 
5.53028962526066e+01 1.00017394520818e+05 
5.54608947556885e+01 1.00019354389015e+05 
5.56188933188464e+01 1.00021127113766e+05 
5.57768920070724e+01 1.00022607737805e+05 
5.59348908650161e+01 1.00023510328616e+05 
5.60928898167026e+01 1.00023642050986e+05 
5.62508889037190e+01 1.00024381886091e+05 
5.64088881394332e+01 1.00024762886820e+05 
5.65668874484921e+01 1.00025163018706e+05 
5.67248868836807e+01 1.00025403538695e+05 
5.68828864893542e+01 1.00025069051433e+05 
5.70408861960338e+01 1.00023830733312e+05 
5.71988860391269e+01 1.00023020009618e+05 
5.73568857825965e+01 1.00022043120846e+05 
5.75148854374958e+01 1.00021249246546e+05 
5.76728851158728e+01 1.00020487792861e+05 
5.78308849012099e+01 1.00019400368794e+05 
5.79888847480601e+01 1.00017395473918e+05 
5.81468847532464e+01 1.00015457254883e+05 
5.83048848708051e+01 1.00013535832068e+05 
5.84628851001882e+01 1.00011841759529e+05 
5.86208854661624e+01 1.00010242211750e+05 
5.87788859510897e+01 1.00008413034539e+05 
5.89368865555350e+01 1.00005985730350e+05 
5.90948872830377e+01 1.00003262152524e+05 
5.92528880864323e+01 1.00000663660650e+05 
5.94108889302507e+01 9.99982535135163e+04 
5.95688898327881e+01 9.99960263187918e+04 
5.97268908041111e+01 9.99937816780526e+04 
5.98848918003332e+01 9.99914962868147e+04 
6.00428928680254e+01 9.99887033911763e+04 
6.02008940796456e+01 9.99861895410646e+04 
6.03588954725139e+01 9.99838311547351e+04 
6.05168971072922e+01 9.99816545388763e+04 
6.06748990531746e+01 9.99798585394635e+04 
6.08329010433522e+01 9.99785923449634e+04 
6.09909029438758e+01 9.99767011213158e+04 
6.11489044805151e+01 9.99752066023986e+04 
6.13069057727749e+01 9.99737584341273e+04 
6.14649070351632e+01 9.99724961168290e+04 
6.16229081384915e+01 9.99718472787747e+04 
6.17809092441211e+01 9.99722384634816e+04 
6.19389101339700e+01 9.99721000677468e+04 
6.20969109801752e+01 9.99722638388260e+04 
6.22549119387378e+01 9.99723538141491e+04 
6.24129129488496e+01 9.99725514171106e+04 
6.25709138861800e+01 9.99732565243233e+04 
6.27289151983368e+01 9.99751517244480e+04 
6.28869165870729e+01 9.99769388670966e+04 
6.30449181597254e+01 9.99788017403151e+04 
6.32029200758520e+01 9.99804699004482e+04 
6.33609221827735e+01 9.99821457863883e+04 
6.35189242560073e+01 9.99841296192473e+04 
6.36769260693996e+01 9.99869547850931e+04 
6.38349281051127e+01 9.99900069529019e+04 
6.39929298098694e+01 9.99929024318583e+04 
6.41509316615666e+01 9.99955577717384e+04 
6.43089337942408e+01 9.99979560173593e+04 
6.44669357869463e+01 1.00000489182189e+05 
6.46249374433373e+01 1.00003186749319e+05 
6.47829389136374e+01 1.00006291302988e+05 
6.49409399663625e+01 1.00009144715063e+05 
6.50989409632269e+01 1.00011736522996e+05 
6.52569421377169e+01 1.00014113493040e+05 
6.54149430085585e+01 1.00016102746110e+05 
6.55729437641150e+01 1.00017630468905e+05 
6.57309443638751e+01 1.00019753656388e+05 
6.58889448714392e+01 1.00021493236418e+05 
6.60469454271883e+01 1.00023170725761e+05 
6.62049458871531e+01 1.00024638440560e+05 
6.63629460911794e+01 1.00025500789475e+05 
6.65209461944869e+01 1.00025387168891e+05 
6.66789460139657e+01 1.00025805948950e+05 
6.68369454321013e+01 1.00025944325295e+05 
6.69949447414460e+01 1.00026157372362e+05 
6.71529441536746e+01 1.00026285068895e+05 
6.73109433241402e+01 1.00025908344898e+05 
6.74689424701647e+01 1.00024342893382e+05 
6.76269417991850e+01 1.00022961037408e+05 
6.77849410142811e+01 1.00021450201542e+05 
6.79429404441664e+01 1.00020125296095e+05 
6.81009399323400e+01 1.00018827109471e+05 
6.82589394467423e+01 1.00017214080027e+05 
6.84169390831585e+01 1.00014718339977e+05 
6.85749387125848e+01 1.00012045378108e+05 
6.87329381770452e+01 1.00009469450825e+05 
6.88909376719355e+01 1.00007094679199e+05 
6.90489371579850e+01 1.00004874238978e+05 
6.92069365995741e+01 1.00002518893251e+05 
6.93649360510441e+01 9.99998558941745e+04 
6.95229353740816e+01 9.99968214043302e+04 
6.96809345840638e+01 9.99939209699034e+04 
6.98389340499524e+01 9.99912419044687e+04 
6.99969337688401e+01 9.99887126086800e+04 
7.01549335087798e+01 9.99864403221838e+04 
7.03129334087804e+01 9.99844437929336e+04 
7.04709333808406e+01 9.99818382072487e+04 
7.06289333787524e+01 9.99795556326986e+04 
7.07869336204822e+01 9.99773902651195e+04 
7.09449340672215e+01 9.99754200032049e+04 
7.11029345997939e+01 9.99739791419865e+04 
7.12609350713582e+01 9.99733872749080e+04 
7.14189347160093e+01 9.99721895023732e+04 
7.15769336370085e+01 9.99713649755087e+04 
7.17349322495437e+01 9.99705491818612e+04 
7.18929307461385e+01 9.99698817536082e+04 
7.20509289766604e+01 9.99698018108620e+04 
7.22089272661357e+01 9.99708756957997e+04 
7.23669254718874e+01 9.99715854208678e+04 
7.25249235776293e+01 9.99725613374180e+04 
7.26829219494500e+01 9.99734056493957e+04 
7.28409203727508e+01 9.99742762126162e+04 
7.29989186538633e+01 9.99756449226669e+04 
7.31569171184710e+01 9.99780840885875e+04 
7.33149154807419e+01 9.99805807637330e+04 
7.34729138742871e+01 9.99830814345675e+04 
7.36309123482416e+01 9.99853620600695e+04 
7.37889111043111e+01 9.99875488831826e+04 
7.39469098644377e+01 9.99899814630253e+04 
7.41049087471577e+01 9.99929870180644e+04 
7.42629075233993e+01 9.99963114050656e+04 
7.44209062786759e+01 9.99994511717267e+04 
7.45789051660299e+01 1.00002338353096e+05 
7.47369040521852e+01 1.00004979466058e+05 
7.48949026971529e+01 1.00007491208501e+05 
7.50529013271319e+01 1.00009863385927e+05 
7.52109000002093e+01 1.00012725916884e+05 
7.53688985762336e+01 1.00015279604748e+05 
7.55268972581844e+01 1.00017607914239e+05 
7.56848960103278e+01 1.00019726266869e+05 
7.58428947255754e+01 1.00021316550095e+05 
7.60008936594136e+01 1.00022146124919e+05 
7.61588924322546e+01 1.00023544450285e+05 
7.63168911638559e+01 1.00024557557864e+05 
7.64748900450755e+01 1.00025538396471e+05 
7.66328890548658e+01 1.00026373927274e+05 
7.67908878834910e+01 1.00026623470865e+05 
7.69488867890563e+01 1.00025776947486e+05 
7.71068856575359e+01 1.00025346779906e+05 
7.72648846605642e+01 1.00024684129463e+05 
7.74228838477881e+01 1.00024150612436e+05 
7.75808832323467e+01 1.00023599846500e+05 
7.77388824246277e+01 1.00022601560801e+05 
7.78968816322887e+01 1.00020563548918e+05 
7.80548807011359e+01 1.00018564319592e+05 
7.82128796943324e+01 1.00016551733764e+05 
7.83708787081097e+01 1.00014751794641e+05 
7.85288777862713e+01 1.00012994152505e+05 
7.86868768060587e+01 1.00011005827603e+05 
7.88448759839678e+01 1.00008387721230e+05 
7.90028750293676e+01 1.00005519274666e+05 
7.91608740579794e+01 1.00002760738100e+05 
7.93188731240776e+01 1.00000187177199e+05 
7.94768722866737e+01 9.99978303727718e+04 
7.96348714744995e+01 9.99954288263014e+04 
7.97928707841639e+01 9.99930038321004e+04 
7.99508700431175e+01 9.99901171729842e+04 
8.01088692532010e+01 9.99874480178764e+04 
8.02668685571017e+01 9.99849898940626e+04 
8.04248679221742e+01 9.99826528527911e+04 
8.05828672895297e+01 9.99807034509958e+04 
8.07408668401889e+01 9.99792781555105e+04 
8.08988663183940e+01 9.99772517707320e+04 
8.10568658136689e+01 9.99756261798829e+04 
8.12148653641856e+01 9.99740453248356e+04 
8.13728650602450e+01 9.99726314318286e+04 
8.15308647094415e+01 9.99718464604130e+04 
8.16888645412167e+01 9.99720801665582e+04 
8.18468642992061e+01 9.99717885901237e+04 
8.20048640365115e+01 9.99717954574946e+04 
8.21628638878385e+01 9.99717705399486e+04 
8.23208638447879e+01 9.99718129654760e+04 
8.24788638290085e+01 9.99723890090195e+04 
8.26368639316287e+01 9.99741555942461e+04 
8.27948639928999e+01 9.99757973660952e+04 
8.29528640097892e+01 9.99775700027355e+04 
8.31108641257694e+01 9.99791870653947e+04 
8.32688643339817e+01 9.99808012126999e+04 
8.34268645003396e+01 9.99827489119921e+04 
8.35848648702901e+01 9.99855677294968e+04 
8.37428651207969e+01 9.99886197907112e+04 
8.39008653577218e+01 9.99915528341456e+04 
8.40588656514321e+01 9.99942883423631e+04 
8.42168660797810e+01 9.99968006290374e+04 
8.43748664504764e+01 9.99994389095004e+04 
8.45328669632765e+01 1.00002292538388e+05 
8.46908673910183e+01 1.00005553239638e+05 
8.48488677558302e+01 1.00008595481246e+05 
8.50068682338221e+01 1.00011378258898e+05 
8.51648687934220e+01 1.00013961630027e+05 
8.53228693020651e+01 1.00016152167001e+05 
8.54808699523303e+01 1.00017900714504e+05 
8.56388704750119e+01 1.00020251590286e+05 
8.57968709951201e+01 1.00022232485160e+05 
8.59548715414848e+01 1.00024084171666e+05 
8.61128721364377e+01 1.00025722022489e+05 
8.62708727179347e+01 1.00026730343275e+05 
8.64288733473842e+01 1.00026741576858e+05 
8.65868739800674e+01 1.00027337225606e+05 
8.67448745080638e+01 1.00027613740448e+05 
8.69028751837753e+01 1.00027942460696e+05 
8.70608758960404e+01 1.00028147801940e+05 
8.72188765860811e+01 1.00027842002706e+05 
8.73768773582707e+01 1.00026330203589e+05 
8.75348780012508e+01 1.00025066182215e+05 
8.76928786004829e+01 1.00023658298339e+05 
8.78508792441084e+01 1.00022415837680e+05 
8.80088800434000e+01 1.00021218976802e+05 
8.81668806916759e+01 1.00019644088244e+05 
8.83248814855233e+01 1.00017137362977e+05 
8.84828821285871e+01 1.00014495837015e+05 
8.86408826913246e+01 1.00011920513138e+05 
8.87988833442697e+01 1.00009559338063e+05 
8.89568840341034e+01 1.00007327569276e+05 
8.91148847006716e+01 1.00004933577544e+05 
8.92728853750260e+01 1.00002149152979e+05 
8.94308859501744e+01 9.99990213909764e+04 
8.95888863918260e+01 9.99960284893562e+04 
8.97468869365088e+01 9.99932592184469e+04 
8.99048875615784e+01 9.99906607032597e+04 
9.00628880436466e+01 9.99882630389626e+04 
9.02208886930447e+01 9.99860614208647e+04 
9.03788890986989e+01 9.99832921103525e+04 
9.05368894584843e+01 9.99808181748510e+04 
9.06948898189981e+01 9.99784983193178e+04 
9.08528902524989e+01 9.99763805524929e+04 
9.10108905775425e+01 9.99747809451272e+04 
9.11688909467955e+01 9.99739740587362e+04 
9.13268912145514e+01 9.99725462424636e+04 
9.14848913158008e+01 9.99715078268217e+04 
9.16428915822170e+01 9.99705229883768e+04 
9.18008918169298e+01 9.99696734190888e+04 
9.19588919708743e+01 9.99694772678186e+04 
9.21168922103786e+01 9.99704184267576e+04 
9.22748922710947e+01 9.99709190649295e+04 
9.24328922715071e+01 9.99717141806360e+04 
9.25908922911711e+01 9.99724091911361e+04 
9.27488924135160e+01 9.99731600776730e+04 
9.29068924081221e+01 9.99744234306077e+04 
9.30648924455409e+01 9.99768087723285e+04 
9.32228924177697e+01 9.99792214030962e+04 
9.33808923174738e+01 9.99816401020684e+04 
9.35388923127242e+01 9.99838463473968e+04 
9.36968923560327e+01 9.99860158610394e+04 
9.38548923989902e+01 9.99884450027967e+04 
9.40128924384549e+01 9.99915205118640e+04 
9.41708924405656e+01 9.99949387685496e+04 
9.43288923108054e+01 9.99981394440068e+04 
9.44868920599109e+01 1.00001106791536e+05 
9.46448916529606e+01 1.00003830682527e+05 
9.48028916076712e+01 1.00006490700170e+05 
9.49608914944496e+01 1.00009093629943e+05 
9.51188913057259e+01 1.00012196826728e+05 
9.52768912337209e+01 1.00014996030651e+05 
9.54348911411694e+01 1.00017562314335e+05 
9.55928911756063e+01 1.00019909493008e+05 
9.57508910635802e+01 1.00021746707439e+05 
9.59088910424678e+01 1.00022889443634e+05 
9.60668908867435e+01 1.00024644619764e+05 
9.62248906047757e+01 1.00025971377883e+05 
9.63828904827730e+01 1.00027280229737e+05 
9.65408903462501e+01 1.00028393843745e+05 
9.66988901623332e+01 1.00028833613155e+05 
9.68568900168082e+01 1.00028209313450e+05 
9.70148897240250e+01 1.00028085707663e+05 
9.71728892944551e+01 1.00027684308992e+05 
9.73308889047403e+01 1.00027373223716e+05 
9.74888886147520e+01 1.00026994951929e+05 
9.76468881266289e+01 1.00026145203996e+05 
9.78048877845412e+01 1.00024168895833e+05 
9.79628871957190e+01 1.00022283856026e+05 
9.81208865399089e+01 1.00020331915545e+05 
9.82788858937054e+01 1.00018598140872e+05 
9.84368853019583e+01 1.00016885986420e+05 
9.85948846206375e+01 1.00014915762939e+05 
9.87528839618249e+01 1.00012195636371e+05 
9.89108832001843e+01 1.00009243391741e+05 
9.90688822583182e+01 1.00006396312636e+05 
9.92268814607112e+01 1.00003758322293e+05 
9.93848806720824e+01 1.00001357965930e+05 
9.95428797821141e+01 9.99988157672912e+04 
9.97008790097915e+01 9.99961401980752e+04 
9.98588780603129e+01 9.99930475958771e+04 
1.00016877088879e+02 9.99901584291199e+04 
