# Liste des scalaires : TEMPS pmat 
0.00000000000000e+00 1.00000000000000e+05 
1.58013544018059e-01 1.00000000000000e+05 
3.16027088036117e-01 1.00000000000000e+05 
4.74040632054176e-01 1.00000000000000e+05 
6.32054176072234e-01 1.00000000000000e+05 
7.90067720090293e-01 1.00000000000000e+05 
9.48081264108351e-01 1.00000000000000e+05 
1.10609480812641e+00 1.00000000000000e+05 
1.26410835214447e+00 1.00000000000000e+05 
1.42212189616253e+00 1.00000000000000e+05 
1.58013544018058e+00 1.00000000000000e+05 
1.73814898419864e+00 1.00000000000000e+05 
1.89616252821670e+00 1.00000000000000e+05 
2.05417607223476e+00 1.00000000000000e+05 
2.21218961625282e+00 1.00000000000000e+05 
2.37020316027087e+00 1.00000000000000e+05 
2.52821670428893e+00 1.00000000000000e+05 
2.68623024830699e+00 1.00000000000000e+05 
2.84424379232505e+00 1.00000000000000e+05 
3.00225733634311e+00 1.00000000000000e+05 
3.16027088036116e+00 1.00000000000000e+05 
3.31828442437922e+00 1.00000000000000e+05 
3.47629796839728e+00 1.00000000000000e+05 
3.63431151241534e+00 1.00000000000000e+05 
3.79232505643340e+00 1.00000000000000e+05 
3.95033860045145e+00 1.00000000000000e+05 
4.10835214446951e+00 1.00000000000000e+05 
4.26636568848757e+00 1.00000000000000e+05 
4.42437923250563e+00 1.00000000000000e+05 
4.58239277652368e+00 1.00000000000000e+05 
4.74040632054174e+00 1.00000000000000e+05 
4.89841986455980e+00 1.00000000000000e+05 
5.05643340857786e+00 1.00000000000000e+05 
5.21444695259591e+00 1.00000000000000e+05 
5.37246049661397e+00 1.00000000000000e+05 
5.53047404063203e+00 1.00000000000000e+05 
5.68848758465009e+00 1.00000000000000e+05 
5.84650112866814e+00 1.00000000000000e+05 
6.00451467268620e+00 1.00000000000000e+05 
6.16252821670426e+00 1.00000000000000e+05 
6.32054176072231e+00 1.00000000000000e+05 
6.47855530474037e+00 1.00000000000000e+05 
6.63656884875843e+00 1.00000000000000e+05 
6.79458239277648e+00 1.00000000000000e+05 
6.95259593679454e+00 1.00000000000000e+05 
7.11060948081260e+00 1.00000000000000e+05 
7.26862302483065e+00 1.00000000000000e+05 
7.42663656884871e+00 1.00000000000000e+05 
7.58465011286677e+00 1.00000000000000e+05 
7.74266365688483e+00 1.00000000000000e+05 
7.90067720090288e+00 1.00000000000000e+05 
8.05869074492094e+00 1.00000000000000e+05 
8.21670428893899e+00 1.00000000000000e+05 
8.37471783295705e+00 1.00000000000000e+05 
8.53273137697511e+00 1.00000000000000e+05 
8.69074492099316e+00 1.00000000000000e+05 
8.84875846501122e+00 1.00000000000000e+05 
9.00677200902927e+00 1.00000000000000e+05 
9.16478555304733e+00 1.00000000000000e+05 
9.32279909706538e+00 1.00000000000000e+05 
9.48081264108344e+00 1.00000000000000e+05 
9.63882618510150e+00 1.00000000000000e+05 
9.79683972911955e+00 1.00000000000000e+05 
9.95485327313761e+00 1.00000000000000e+05 
1.01128668171557e+01 1.00000000000000e+05 
1.02708803611737e+01 1.00000000000000e+05 
1.04288939051918e+01 1.00000000000000e+05 
1.05869074492098e+01 1.00000000000000e+05 
1.07449209932279e+01 1.00000000000000e+05 
1.09029345372459e+01 1.00000000000000e+05 
1.10609480812640e+01 1.00000000000000e+05 
1.12189616252821e+01 1.00000000000000e+05 
1.13769751693001e+01 1.00000000000000e+05 
1.15349887133182e+01 1.00000000000000e+05 
1.16930022573362e+01 1.00000000000000e+05 
1.18510158013543e+01 1.00000000000000e+05 
1.20090293453723e+01 1.00000000000000e+05 
1.21670428893904e+01 1.00000000000000e+05 
1.23250564334084e+01 1.00000000000000e+05 
1.24830699774265e+01 1.00000000000000e+05 
1.26410835214446e+01 1.00000000000000e+05 
1.27990970654626e+01 1.00000000000000e+05 
1.29571106094807e+01 1.00000000000000e+05 
1.31151241534987e+01 1.00000000000000e+05 
1.32731376975168e+01 1.00000000000000e+05 
1.34311512415348e+01 1.00000000000000e+05 
1.35891647855529e+01 1.00000000000000e+05 
1.37471783295709e+01 1.00000000000000e+05 
1.39051918735890e+01 1.00000000000000e+05 
1.40632054176071e+01 1.00000000000000e+05 
1.42212189616251e+01 1.00000000000000e+05 
1.43792325056432e+01 1.00000000000001e+05 
1.45372460496612e+01 1.00000000000006e+05 
1.46952595936793e+01 1.00000000000032e+05 
1.48532731376973e+01 1.00000000000233e+05 
1.50112866817154e+01 1.00000000000443e+05 
1.51693002257334e+01 1.00000000001924e+05 
1.53273137697515e+01 1.00000000382703e+05 
1.54853273137695e+01 1.00000001116512e+05 
1.56433408577876e+01 1.00000002207028e+05 
1.58013544018057e+01 1.00000003074266e+05 
1.59593679458237e+01 1.00000003913399e+05 
1.61173814898418e+01 1.00000005591408e+05 
1.62753950338598e+01 1.00000010790518e+05 
1.64334085778779e+01 1.00000021582178e+05 
1.65914221218959e+01 1.00000039828322e+05 
1.67494356659140e+01 1.00000063951012e+05 
1.69074492099320e+01 1.00000103006434e+05 
1.70654627539501e+01 1.00000166486307e+05 
1.72234762979681e+01 1.00000282692735e+05 
1.73814898419862e+01 1.00000456779264e+05 
1.75395033860043e+01 1.00000706454928e+05 
1.76975169300223e+01 1.00001004429122e+05 
1.78555304740404e+01 1.00001446712849e+05 
1.80135440180584e+01 1.00002039313808e+05 
1.81715575620765e+01 1.00002930147554e+05 
1.83295711060945e+01 1.00004013116976e+05 
1.84875846501126e+01 1.00005292059775e+05 
1.86455981941306e+01 1.00006588004433e+05 
1.88036117381487e+01 1.00008265542339e+05 
1.89616252821667e+01 1.00010121833987e+05 
1.91196388261848e+01 1.00012480416121e+05 
1.92776523702028e+01 1.00014860550447e+05 
1.94356659142209e+01 1.00017282699235e+05 
1.95936794582390e+01 1.00019454483735e+05 
1.97516930022570e+01 1.00022012405556e+05 
1.99097065462751e+01 1.00024467978258e+05 
2.00677200902931e+01 1.00027022458631e+05 
2.02257336343112e+01 1.00029235526991e+05 
2.03837471783292e+01 1.00031232418583e+05 
2.05417607223473e+01 1.00032876396083e+05 
2.06997742663653e+01 1.00034745330961e+05 
2.08577878103834e+01 1.00036295351485e+05 
2.10158013544014e+01 1.00037371152462e+05 
2.11738148984195e+01 1.00037891103726e+05 
2.13318284424376e+01 1.00037965955000e+05 
2.14898419864556e+01 1.00037831951552e+05 
2.16478555304737e+01 1.00037656579018e+05 
2.18058690744917e+01 1.00037226786669e+05 
2.19638826185098e+01 1.00035996973772e+05 
2.21218961625278e+01 1.00034345406153e+05 
2.22799097065459e+01 1.00032327338744e+05 
2.24379232505639e+01 1.00030346639666e+05 
2.25959367945820e+01 1.00028067687704e+05 
2.27539503386000e+01 1.00025755286715e+05 
2.29119638826181e+01 1.00022604726309e+05 
2.30699774266361e+01 1.00019293170854e+05 
2.32279909706542e+01 1.00015748367982e+05 
2.33860045146723e+01 1.00012479039012e+05 
2.35440180586903e+01 1.00008755124447e+05 
2.37020316027084e+01 1.00005249611876e+05 
2.38600451467264e+01 1.00001190586218e+05 
2.40180586907445e+01 9.99973306194671e+04 
2.41760722347625e+01 9.99934680097200e+04 
2.43340857787806e+01 9.99899861018799e+04 
2.44920993227986e+01 9.99860384584592e+04 
2.46501128668167e+01 9.99825340399883e+04 
2.48081264108347e+01 9.99787794616241e+04 
2.49661399548528e+01 9.99755117810161e+04 
2.51241534988708e+01 9.99725290373647e+04 
2.52821670428889e+01 9.99699403271730e+04 
2.54401805869069e+01 9.99669434020508e+04 
2.55981941309250e+01 9.99644809388333e+04 
2.57562076749430e+01 9.99623298291453e+04 
2.59142212189611e+01 9.99607444944387e+04 
2.60722347629791e+01 9.99595472860992e+04 
2.62302483069972e+01 9.99586514809307e+04 
2.63882618510153e+01 9.99576369441171e+04 
2.65462753950333e+01 9.99571191819304e+04 
2.67042889390514e+01 9.99573006987406e+04 
2.68623024830694e+01 9.99580253180887e+04 
2.70203160270875e+01 9.99591480548509e+04 
2.71783295711055e+01 9.99603110679362e+04 
2.73363431151236e+01 9.99616786144247e+04 
2.74943566591416e+01 9.99633236008420e+04 
2.76523702031597e+01 9.99659621463839e+04 
2.78103837471777e+01 9.99688853429730e+04 
2.79683972911958e+01 9.99721988864248e+04 
2.81264108352138e+01 9.99752766377222e+04 
2.82844243792319e+01 9.99788386953663e+04 
2.84424379232499e+01 9.99823944270584e+04 
2.86004514672680e+01 9.99867618818920e+04 
2.87584650112860e+01 9.99911130741675e+04 
2.89164785553041e+01 9.99954970940527e+04 
2.90744920993221e+01 9.99994169550415e+04 
2.92325056433402e+01 1.00003951162469e+05 
2.93905191873582e+01 1.00008114654452e+05 
2.95485327313763e+01 1.00012763660843e+05 
2.97065462753943e+01 1.00016968656902e+05 
2.98645598194124e+01 1.00020865796194e+05 
3.00225733634304e+01 1.00024247412085e+05 
3.01805869074485e+01 1.00028067335642e+05 
3.03386004514665e+01 1.00031374359644e+05 
3.04966139954843e+01 1.00034434791900e+05 
3.06546275395003e+01 1.00036830346153e+05 
3.08126410834971e+01 1.00038750637951e+05 
3.09706546272957e+01 1.00040206021070e+05 
3.11286681708936e+01 1.00041813862808e+05 
3.12866817143274e+01 1.00042833979116e+05 
3.14446952574723e+01 1.00043057240406e+05 
3.16027088001674e+01 1.00042579209592e+05 
3.17607223421364e+01 1.00041581730210e+05 
3.19187358832495e+01 1.00040446731863e+05 
3.20767494226194e+01 1.00039090522190e+05 
3.22347629599941e+01 1.00037403775365e+05 
3.23927764943706e+01 1.00034640698765e+05 
3.25507900239423e+01 1.00031557127411e+05 
3.27088035457829e+01 1.00028089598099e+05 
3.28668170595274e+01 1.00024847640347e+05 
3.30248305599181e+01 1.00021102119378e+05 
3.31828440425992e+01 1.00017379158136e+05 
3.33408575031136e+01 1.00012878353396e+05 
3.34988709293862e+01 1.00008451638920e+05 
3.36568843063214e+01 1.00003916472962e+05 
3.38148976325709e+01 9.99998914818344e+04 
3.39729108878444e+01 9.99952251623100e+04 
3.41309240403887e+01 9.99909805821157e+04 
3.42889370834585e+01 9.99862334924288e+04 
3.44469499667095e+01 9.99819759429415e+04 
3.46049626416154e+01 9.99779448965108e+04 
3.47629751094123e+01 9.99744450757884e+04 
3.49209873220811e+01 9.99704280709957e+04 
3.50789991793260e+01 9.99668817329505e+04 
3.52370106929348e+01 9.99635357214024e+04 
3.53950217552060e+01 9.99608418490158e+04 
3.55530322801683e+01 9.99585569193294e+04 
3.57110422484800e+01 9.99566897592943e+04 
3.58690516557028e+01 9.99545284799234e+04 
3.60270604042267e+01 9.99528198197132e+04 
3.61850684108629e+01 9.99518778847703e+04 
3.63430757025597e+01 9.99516778142006e+04 
3.65010821998343e+01 9.99519904822481e+04 
3.66590879149553e+01 9.99524609348582e+04 
3.68170929429180e+01 9.99529568760699e+04 
3.69750972659910e+01 9.99538682767764e+04 
3.71331008599683e+01 9.99558671733702e+04 
3.72911038794230e+01 9.99583122347339e+04 
3.74491063311914e+01 9.99611861837920e+04 
3.76071083058444e+01 9.99639155943728e+04 
3.77651096857588e+01 9.99670541814558e+04 
3.79231104073047e+01 9.99703019358150e+04 
3.80811109502943e+01 9.99746767720312e+04 
3.82391112062999e+01 9.99791914802342e+04 
3.83971111660317e+01 9.99839266377883e+04 
3.85551109656345e+01 9.99880988401751e+04 
3.87131105571401e+01 9.99928937223257e+04 
3.88711098652798e+01 9.99973843291063e+04 
3.90291090063081e+01 1.00002547560695e+05 
3.91871079803516e+01 1.00007351466359e+05 
3.93451069164122e+01 1.00011972510391e+05 
3.95031056072435e+01 1.00015957345178e+05 
3.96611044176520e+01 1.00020536245699e+05 
3.98191030871787e+01 1.00024483519648e+05 
3.99771018088401e+01 1.00028359226431e+05 
4.01351007074698e+01 1.00031569535292e+05 
4.02930997022155e+01 1.00034345389448e+05 
4.04510986021552e+01 1.00036692476148e+05 
4.06090971618161e+01 1.00039327639876e+05 
4.07670958737284e+01 1.00041333579500e+05 
4.09250951708767e+01 1.00042613038570e+05 
4.10830945501286e+01 1.00043161855964e+05 
4.12410939472816e+01 1.00043187050377e+05 
4.13990933807653e+01 1.00043020221444e+05 
4.15570928592266e+01 1.00042841808738e+05 
4.17150923413803e+01 1.00042243989085e+05 
4.18730918618998e+01 1.00040602125432e+05 
4.20310913871491e+01 1.00038539229295e+05 
4.21890909437351e+01 1.00036089027321e+05 
4.23470905543198e+01 1.00033811976351e+05 
4.25050902256413e+01 1.00031228710504e+05 
4.26630899184684e+01 1.00028506039018e+05 
4.28210896745392e+01 1.00024734301371e+05 
4.29790892602239e+01 1.00020895892411e+05 
4.31370888188632e+01 1.00016840064549e+05 
4.32950884109090e+01 1.00013177926920e+05 
4.34530877023690e+01 1.00009002874849e+05 
4.36110866376294e+01 1.00005047330944e+05 
4.37690854724754e+01 1.00000402434021e+05 
4.39270845035842e+01 9.99960042405674e+04 
4.40850833364672e+01 9.99916733221927e+04 
4.42430820276957e+01 9.99879085533610e+04 
4.44010804989590e+01 9.99834646394684e+04 
4.45590788134630e+01 9.99795239502481e+04 
4.47170770655565e+01 9.99752859748253e+04 
4.48750752148097e+01 9.99716437891272e+04 
4.50330732938293e+01 9.99683226272003e+04 
4.51910713795358e+01 9.99654786485164e+04 
4.53490693983586e+01 9.99621743727843e+04 
4.55070674106562e+01 9.99593852496656e+04 
4.56650653676240e+01 9.99570631778302e+04 
4.58230631625694e+01 9.99553691379025e+04 
4.59810608096228e+01 9.99542006417410e+04 
4.61390583312556e+01 9.99533827897566e+04 
4.62970557728472e+01 9.99523547788754e+04 
4.64550531385988e+01 9.99518456437293e+04 
4.66130504658573e+01 9.99522989765189e+04 
4.67710476910669e+01 9.99533212086807e+04 
4.69290448370875e+01 9.99548655892565e+04 
4.70870418817074e+01 9.99564011846910e+04 
4.72450388394929e+01 9.99581794291406e+04 
4.74030357844738e+01 9.99602560094560e+04 
4.75610327369803e+01 9.99635274509370e+04 
4.77190296641417e+01 9.99671331537248e+04 
4.78770265567167e+01 9.99711260120665e+04 
4.80350232907807e+01 9.99747690678267e+04 
4.81930199724646e+01 9.99790357391844e+04 
4.83510166821919e+01 9.99832129759918e+04 
4.85090134340476e+01 9.99883837506108e+04 
4.86670101864053e+01 9.99934023881677e+04 
4.88250069367958e+01 9.99984373627737e+04 
4.89830037017608e+01 1.00002867621862e+05 
4.91410003791622e+01 1.00007983230126e+05 
4.92989969712441e+01 1.00012639780225e+05 
4.94569936135427e+01 1.00017674883471e+05 
4.96149902571749e+01 1.00022062222280e+05 
4.97729869349215e+01 1.00026106858348e+05 
4.99309836461128e+01 1.00029614115653e+05 
5.00889804092298e+01 1.00033550665611e+05 
5.02469772586986e+01 1.00036813953387e+05 
5.04049742099479e+01 1.00039586510556e+05 
5.05629710368897e+01 1.00041677454221e+05 
5.07209677221875e+01 1.00043234550684e+05 
5.08789643925024e+01 1.00044374517325e+05 
5.10369611214738e+01 1.00045701984388e+05 
5.11949579837573e+01 1.00046422173970e+05 
5.13529549196390e+01 1.00046158486296e+05 
5.15109519220113e+01 1.00045243183552e+05 
5.16689490194469e+01 1.00043816178886e+05 
5.18269461871349e+01 1.00042408948750e+05 
5.19849434232851e+01 1.00040823000228e+05 
5.21429407955823e+01 1.00038911213779e+05 
5.23009380095267e+01 1.00035877944845e+05 
5.24589351151370e+01 1.00032601973710e+05 
5.26169322605497e+01 1.00029010910036e+05 
5.27749294397864e+01 1.00025772180064e+05 
5.29329267403186e+01 1.00022034824217e+05 
5.30909241439174e+01 1.00018383013921e+05 
5.32489216473604e+01 1.00013815522928e+05 
5.34069192807000e+01 1.00009399008296e+05 
5.35649170063727e+01 1.00004974424435e+05 
5.37229148023365e+01 1.00001077384015e+05 
5.38809127246988e+01 9.99965438081248e+04 
5.40389107877367e+01 9.99923443213864e+04 
5.41969089517492e+01 9.99876712079351e+04 
5.43549072484630e+01 9.99834679139863e+04 
5.45129054270051e+01 9.99794490056563e+04 
5.46709034516164e+01 9.99759191926198e+04 
5.48289014795824e+01 9.99717924774087e+04 
5.49868996507851e+01 9.99681353666127e+04 
5.51448978880694e+01 9.99646872787188e+04 
5.53028962526066e+01 9.99618306056282e+04 
5.54608947556885e+01 9.99593381475889e+04 
5.56188933188464e+01 9.99572331699210e+04 
5.57768920070724e+01 9.99547685039782e+04 
5.59348908650161e+01 9.99528282925526e+04 
5.60928898167026e+01 9.99516253488920e+04 
5.62508889037190e+01 9.99511429920124e+04 
5.64088881394332e+01 9.99511913711605e+04 
5.65668874484921e+01 9.99514291677137e+04 
5.67248868836807e+01 9.99516787574128e+04 
5.68828864893542e+01 9.99523459742740e+04 
5.70408861960338e+01 9.99541065348669e+04 
5.71988860391269e+01 9.99563120441599e+04 
5.73568857825965e+01 9.99589719394010e+04 
5.75148854374958e+01 9.99614858207877e+04 
5.76728851158728e+01 9.99644471191934e+04 
5.78308849012099e+01 9.99675249429516e+04 
5.79888847480601e+01 9.99718051346503e+04 
5.81468847532464e+01 9.99762198293116e+04 
5.83048848708051e+01 9.99809176732731e+04 
5.84628851001882e+01 9.99851499620514e+04 
5.86208854661624e+01 9.99900461538281e+04 
5.87788859510897e+01 9.99946495179451e+04 
5.89368865555350e+01 9.99999723974279e+04 
5.90948872830377e+01 1.00004936378913e+05 
5.92528880864323e+01 1.00009831270167e+05 
5.94108889302507e+01 1.00014052212201e+05 
5.95688898327881e+01 1.00019001371962e+05 
5.97268908041111e+01 1.00023280640449e+05 
5.98848918003332e+01 1.00027666611021e+05 
6.00428928680254e+01 1.00031262300675e+05 
6.02008940796456e+01 1.00034502646660e+05 
6.03588954725139e+01 1.00037249201058e+05 
6.05168971072922e+01 1.00040396377638e+05 
6.06748990531746e+01 1.00042873197141e+05 
6.08329010433522e+01 1.00044647284725e+05 
6.09909029438758e+01 1.00045635011968e+05 
6.11489044805151e+01 1.00046111827318e+05 
6.13069057727749e+01 1.00046373188625e+05 
6.14649070351632e+01 1.00046574563409e+05 
6.16229081384915e+01 1.00046370717057e+05 
6.17809092441211e+01 1.00045057758917e+05 
6.19389101339700e+01 1.00043241897228e+05 
6.20969109801752e+01 1.00040988456066e+05 
6.22549119387378e+01 1.00038899705940e+05 
6.24129129488496e+01 1.00036473319343e+05 
6.25709138861800e+01 1.00033891940501e+05 
6.27289151983368e+01 1.00030175857945e+05 
6.28869165870729e+01 1.00026338049535e+05 
6.30449181597254e+01 1.00022229620573e+05 
6.32029200758520e+01 1.00018569319729e+05 
6.33609221827735e+01 1.00014277378533e+05 
6.35189242560073e+01 1.00010124500562e+05 
6.36769260693996e+01 1.00005244517639e+05 
6.38349281051127e+01 1.00000620665566e+05 
6.39929298098694e+01 9.99960306923329e+04 
6.41509316615666e+01 9.99920148060956e+04 
6.43089337942408e+01 9.99872772179255e+04 
6.44669357869463e+01 9.99829970675651e+04 
6.46249374433373e+01 9.99783821816280e+04 
6.47829389136374e+01 9.99744042778136e+04 
6.49409399663625e+01 9.99706894836243e+04 
6.50989409632269e+01 9.99675064186114e+04 
6.52569421377169e+01 9.99638075982640e+04 
6.54149430085585e+01 9.99606472135772e+04 
6.55729437641150e+01 9.99579318177128e+04 
6.57309443638751e+01 9.99558901687176e+04 
6.58889448714392e+01 9.99543446651151e+04 
6.60469454271883e+01 9.99531405944003e+04 
6.62049458871531e+01 9.99517561829272e+04 
6.63629460911794e+01 9.99509179703070e+04 
6.65209461944869e+01 9.99510407279476e+04 
6.66789460139657e+01 9.99517700504494e+04 
6.68369454321013e+01 9.99529961429062e+04 
6.69949447414460e+01 9.99542548230509e+04 
6.71529441536746e+01 9.99557751133316e+04 
6.73109433241402e+01 9.99575938377372e+04 
6.74689424701647e+01 9.99606429307867e+04 
6.76269417991850e+01 9.99640331174120e+04 
6.77849410142811e+01 9.99678324712182e+04 
6.79429404441664e+01 9.99713107395836e+04 
6.81009399323400e+01 9.99754100361317e+04 
6.82589394467423e+01 9.99794383798613e+04 
6.84169390831585e+01 9.99845418254912e+04 
6.85749387125848e+01 9.99895464024863e+04 
6.87329381770452e+01 9.99946394675758e+04 
6.88909376719355e+01 9.99990891769054e+04 
6.90489371579850e+01 1.00004251900238e+05 
6.92069365995741e+01 1.00009003252082e+05 
6.93649360510441e+01 1.00014209923480e+05 
6.95229353740816e+01 1.00018772202551e+05 
6.96809345840638e+01 1.00023098340605e+05 
6.98389340499524e+01 1.00026834641266e+05 
6.99969337688401e+01 1.00031063050271e+05 
7.01549335087798e+01 1.00034652286033e+05 
7.03129334087804e+01 1.00037838404233e+05 
7.04709333808406e+01 1.00040292873357e+05 
7.06289333787524e+01 1.00042257124753e+05 
7.07869336204822e+01 1.00043835892970e+05 
7.09449340672215e+01 1.00045623009006e+05 
7.11029345997939e+01 1.00046807825712e+05 
7.12609350713582e+01 1.00047039433044e+05 
7.14189347160093e+01 1.00046605840329e+05 
7.15769336370085e+01 1.00045668797609e+05 
7.17349322495437e+01 1.00044704227822e+05 
7.18929307461385e+01 1.00043570601562e+05 
7.20509289766604e+01 1.00042105579818e+05 
7.22089272661357e+01 1.00039516518050e+05 
7.23669254718874e+01 1.00036620162277e+05 
7.25249235776293e+01 1.00033377704983e+05 
7.26829219494500e+01 1.00030440358828e+05 
7.28409203727508e+01 1.00027006123540e+05 
7.29989186538633e+01 1.00023628197305e+05 
7.31569171184710e+01 1.00019239607527e+05 
7.33149154807419e+01 1.00014906166651e+05 
7.34729138742871e+01 1.00010460224859e+05 
7.36309123482416e+01 1.00006569385658e+05 
7.37889111043111e+01 1.00002035770637e+05 
7.39469098644377e+01 9.99977965932793e+04 
7.41049087471577e+01 9.99930068304851e+04 
7.42629075233993e+01 9.99886325301012e+04 
7.44209062786759e+01 9.99843909797584e+04 
7.45789051660299e+01 9.99806515655915e+04 
7.47369040521852e+01 9.99763446527816e+04 
7.48949026971529e+01 9.99724809046918e+04 
7.50529013271319e+01 9.99687756644674e+04 
7.52109000002093e+01 9.99656665912537e+04 
7.53688985762336e+01 9.99628881803048e+04 
7.55268972581844e+01 9.99605341755512e+04 
7.56848960103278e+01 9.99578402969069e+04 
7.58428947255754e+01 9.99556633576441e+04 
7.60008936594136e+01 9.99541874854372e+04 
7.61588924322546e+01 9.99533993460406e+04 
7.63168911638559e+01 9.99531369426217e+04 
7.64748900450755e+01 9.99530920939376e+04 
7.66328890548658e+01 9.99530631633449e+04 
7.67908878834910e+01 9.99534455525878e+04 
7.69488867890563e+01 9.99549287250304e+04 
7.71068856575359e+01 9.99568662032164e+04 
7.72648846605642e+01 9.99592578571645e+04 
7.74228838477881e+01 9.99615228958851e+04 
7.75808832323467e+01 9.99641821246602e+04 
7.77388824246277e+01 9.99670027942675e+04 
7.78968816322887e+01 9.99710107519747e+04 
7.80548807011359e+01 9.99751918675878e+04 
7.82128796943324e+01 9.99796972365644e+04 
7.83708787081097e+01 9.99837813347878e+04 
7.85288777862713e+01 9.99884711635005e+04 
7.86868768060587e+01 9.99929372020716e+04 
7.88448759839678e+01 9.99981586830792e+04 
7.90028750293676e+01 1.00003075318694e+05 
7.91608740579794e+01 1.00007951730873e+05 
7.93188731240776e+01 1.00012162465616e+05 
7.94768722866737e+01 1.00017116913979e+05 
7.96348714744995e+01 1.00021374700470e+05 
7.97928707841639e+01 1.00025869798565e+05 
7.99508700431175e+01 1.00029626825601e+05 
8.01088692532010e+01 1.00033002004397e+05 
8.02668685571017e+01 1.00035876129340e+05 
8.04248679221742e+01 1.00039116671907e+05 
8.05828672895297e+01 1.00041756547919e+05 
8.07408668401889e+01 1.00043720029837e+05 
8.08988663183940e+01 1.00044924763242e+05 
8.10568658136689e+01 1.00045582310117e+05 
8.12148653641856e+01 1.00045991442295e+05 
8.13728650602450e+01 1.00046441660707e+05 
8.15308647094415e+01 1.00046356901244e+05 
8.16888645412167e+01 1.00045317245086e+05 
8.18468642992061e+01 1.00043696868367e+05 
8.20048640365115e+01 1.00041610745326e+05 
8.21628638878385e+01 1.00039670902599e+05 
8.23208638447879e+01 1.00037420978699e+05 
8.24788638290085e+01 1.00034986785676e+05 
8.26368639316287e+01 1.00031440763222e+05 
8.27948639928999e+01 1.00027728344908e+05 
8.29528640097892e+01 1.00023729337693e+05 
8.31108641257694e+01 1.00020170973447e+05 
8.32688643339817e+01 1.00016008915769e+05 
8.34268645003396e+01 1.00011963264295e+05 
8.35848648702901e+01 1.00007188331077e+05 
8.37428651207969e+01 1.00002619812126e+05 
8.39008653577218e+01 9.99980667974235e+04 
8.40588656514321e+01 9.99940582276461e+04 
8.42168660797810e+01 9.99893733739556e+04 
8.43748664504764e+01 9.99851125666737e+04 
8.45328669632765e+01 9.99804903633396e+04 
8.46908673910183e+01 9.99764654895895e+04 
8.48488677558302e+01 9.99727007181364e+04 
8.50068682338221e+01 9.99694631259802e+04 
8.51648687934220e+01 9.99657083287576e+04 
8.53228693020651e+01 9.99624864365292e+04 
8.54808699523303e+01 9.99596602260470e+04 
8.56388704750119e+01 9.99574823319313e+04 
8.57968709951201e+01 9.99557882410221e+04 
8.59548715414848e+01 9.99544468119020e+04 
8.61128721364377e+01 9.99528869330939e+04 
8.62708727179347e+01 9.99518847171625e+04 
8.64288733473842e+01 9.99517820757617e+04 
8.65868739800674e+01 9.99523007730917e+04 
8.67448745080638e+01 9.99533198225631e+04 
8.69028751837753e+01 9.99544060569351e+04 
8.70608758960404e+01 9.99556991118779e+04 
8.72188765860811e+01 9.99573338954685e+04 
8.73768773582707e+01 9.99601563808525e+04 
8.75348780012508e+01 9.99633215304821e+04 
8.76928786004829e+01 9.99668992496280e+04 
8.78508792441084e+01 9.99701985283928e+04 
8.80088800434000e+01 9.99740800535779e+04 
8.81668806916759e+01 9.99779609639836e+04 
8.83248814855233e+01 9.99829338114431e+04 
8.84828821285871e+01 9.99878520018653e+04 
8.86408826913246e+01 9.99928849204530e+04 
8.87988833442697e+01 9.99973073550727e+04 
8.89568840341034e+01 1.00002435358109e+05 
8.91148847006716e+01 1.00007219585618e+05 
8.92728853750260e+01 1.00012501172932e+05 
8.94308859501744e+01 1.00017221263786e+05 
8.95888863918260e+01 1.00021705090827e+05 
8.97468869365088e+01 1.00025630424431e+05 
8.99048875615784e+01 1.00030085185096e+05 
9.00628880436466e+01 1.00033887448840e+05 
9.02208886930447e+01 1.00037397453182e+05 
9.03788890986989e+01 1.00040180507148e+05 
9.05368894584843e+01 1.00042523562083e+05 
9.06948898189981e+01 1.00044406431959e+05 
9.08528902524989e+01 1.00046544162393e+05 
9.10108905775425e+01 1.00048049072498e+05 
9.11688909467955e+01 1.00048645213528e+05 
9.13268912145514e+01 1.00048527038295e+05 
9.14848913158008e+01 1.00047897812984e+05 
9.16428915822170e+01 1.00047151851574e+05 
9.18008918169298e+01 1.00046283903663e+05 
9.19588919708743e+01 1.00045026953153e+05 
9.21168922103786e+01 1.00042653398798e+05 
9.22748922710947e+01 1.00039934017455e+05 
9.24328922715071e+01 1.00036824201295e+05 
9.25908922911711e+01 1.00033971635065e+05 
9.27488924135160e+01 1.00030633711501e+05 
9.29068924081221e+01 1.00027289792966e+05 
9.30648924455409e+01 1.00022887708790e+05 
9.32228924177697e+01 1.00018503340066e+05 
9.33808923174738e+01 1.00013951198896e+05 
9.35388923127242e+01 1.00009916515408e+05 
9.36968923560327e+01 1.00005258842310e+05 
9.38548923989902e+01 1.00000871083970e+05 
9.40128924384549e+01 9.99958996514770e+04 
9.41708924405656e+01 9.99913226442060e+04 
9.43288923108054e+01 9.99868233272082e+04 
9.44868920599109e+01 9.99828854982146e+04 
9.46448916529606e+01 9.99783048696786e+04 
9.48028916076712e+01 9.99742643852575e+04 
9.49608914944496e+01 9.99701972492472e+04 
9.51188913057259e+01 9.99667753759933e+04 
9.52768912337209e+01 9.99637112258526e+04 
9.54348911411694e+01 9.99611014179949e+04 
9.55928911756063e+01 9.99581105155707e+04 
9.57508910635802e+01 9.99557066691993e+04 
9.59088910424678e+01 9.99539409386257e+04 
9.60668908867435e+01 9.99528664950556e+04 
9.62248906047757e+01 9.99523361974184e+04 
9.63828904827730e+01 9.99520374319377e+04 
9.65408903462501e+01 9.99518300676989e+04 
9.66988901623332e+01 9.99519989515499e+04 
9.68568900168082e+01 9.99532415170461e+04 
9.70148897240250e+01 9.99550026156704e+04 
9.71728892944551e+01 9.99572645776102e+04 
9.73308889047403e+01 9.99594165446355e+04 
9.74888886147520e+01 9.99619414990303e+04 
9.76468881266289e+01 9.99646784424458e+04 
9.78048877845412e+01 9.99686221614644e+04 
9.79628871957190e+01 9.99727545715466e+04 
9.81208865399089e+01 9.99772580361529e+04 
9.82788858937054e+01 9.99813194115401e+04 
9.84368853019583e+01 9.99860218807014e+04 
9.85948846206375e+01 9.99906018733915e+04 
9.87528839618249e+01 9.99959694499407e+04 
9.89108832001843e+01 1.00001043059021e+05 
9.90688822583182e+01 1.00006092586697e+05 
9.92268814607112e+01 1.00010484253928e+05 
9.93848806720824e+01 1.00015628684335e+05 
9.95428797821141e+01 1.00020171001746e+05 
9.97008790097915e+01 1.00024957015455e+05 
9.98588780603129e+01 1.00029004100554e+05 
1.00016877088879e+02 1.00032706084051e+05 
