# Liste des scalaires : TEMPS pmat 
0.00000000000000e+00 1.00000000000000e+05 
1.58013544018059e-01 1.00000000000000e+05 
3.16027088036117e-01 1.00000000000000e+05 
4.74040632054176e-01 1.00000000000000e+05 
6.32054176072234e-01 1.00000000000000e+05 
7.90067720090293e-01 1.00000000000000e+05 
9.48081264108351e-01 1.00000000000000e+05 
1.10609480812641e+00 1.00000000002291e+05 
1.26410835214447e+00 1.00000144423221e+05 
1.42212189616253e+00 1.00000868069097e+05 
1.58013544018058e+00 1.00003404253963e+05 
1.73814898419864e+00 1.00007731058601e+05 
1.89616252821670e+00 1.00016290672551e+05 
2.05417607223476e+00 1.00026091188687e+05 
2.21218961625282e+00 1.00040520083023e+05 
2.37020316027087e+00 1.00060339797826e+05 
2.52821670428893e+00 1.00088634254812e+05 
2.68623024830699e+00 1.00112112165052e+05 
2.84424379232505e+00 1.00140951125488e+05 
3.00225733634311e+00 1.00160281411819e+05 
3.16027088036116e+00 1.00185831939798e+05 
3.31828442437922e+00 1.00213368208468e+05 
3.47629796839728e+00 1.00250535890561e+05 
3.63431151241534e+00 1.00273832536831e+05 
3.79232505643340e+00 1.00297370328675e+05 
3.95033860045145e+00 1.00305102927359e+05 
4.10835214446951e+00 1.00320655574469e+05 
4.26636568848757e+00 1.00334462481127e+05 
4.42437923250563e+00 1.00359493786751e+05 
4.58239277652368e+00 1.00370588035247e+05 
4.74040632054174e+00 1.00378182373652e+05 
4.89841986455980e+00 1.00370360076787e+05 
5.05643340857786e+00 1.00370822666123e+05 
5.21444695259591e+00 1.00366461139316e+05 
5.37246049661397e+00 1.00370099846763e+05 
5.53047404063203e+00 1.00364773705135e+05 
5.68848758465009e+00 1.00352492659786e+05 
5.84650112866814e+00 1.00329351046813e+05 
6.00451467268620e+00 1.00313141154003e+05 
6.16252821670426e+00 1.00290122478482e+05 
6.32054176072231e+00 1.00267934739125e+05 
6.47855530474037e+00 1.00242228184027e+05 
6.63656884875843e+00 1.00212638471485e+05 
6.79458239277648e+00 1.00178525883716e+05 
6.95259593679454e+00 1.00148954143928e+05 
7.11060948081260e+00 1.00113332995098e+05 
7.26862302483065e+00 1.00071939126242e+05 
7.42663656884871e+00 1.00033414901359e+05 
7.58465011286677e+00 9.99939955174295e+04 
7.74266365688483e+00 9.99578807600869e+04 
7.90067720090288e+00 9.99236503857726e+04 
8.05869074492094e+00 9.98858930388472e+04 
8.21670428893899e+00 9.98380543262434e+04 
8.37471783295705e+00 9.97990954640523e+04 
8.53273137697511e+00 9.97621280724882e+04 
8.69074492099316e+00 9.97347132621437e+04 
8.84875846501122e+00 9.97068138788174e+04 
9.00677200902927e+00 9.96789709992921e+04 
9.16478555304733e+00 9.96403978705676e+04 
9.32279909706538e+00 9.96127891902467e+04 
9.48081264108344e+00 9.95924599752432e+04 
9.63882618510150e+00 9.95835022427583e+04 
9.79683972911955e+00 9.95729947398257e+04 
9.95485327313761e+00 9.95656676986317e+04 
1.01128668171557e+01 9.95499601082270e+04 
1.02708803611737e+01 9.95441844522576e+04 
1.04288939051918e+01 9.95468425588618e+04 
1.05869074492098e+01 9.95586962234105e+04 
1.07449209932279e+01 9.95684752486268e+04 
1.09029345372459e+01 9.95842537865445e+04 
1.10609480812640e+01 9.95978590993203e+04 
1.12189616252821e+01 9.96150274863685e+04 
1.13769751693001e+01 9.96403743621926e+04 
1.15349887133182e+01 9.96679693204784e+04 
1.16930022573362e+01 9.96946323788011e+04 
1.18510158013543e+01 9.97276070093808e+04 
1.20090293453723e+01 9.97655680721214e+04 
1.21670428893904e+01 9.97996729972263e+04 
1.23250564334084e+01 9.98398074832271e+04 
1.24830699774265e+01 9.98741721995830e+04 
1.26410835214446e+01 9.99106392846107e+04 
1.27990970654626e+01 9.99513246346314e+04 
1.29571106094807e+01 1.00002068989709e+05 
1.31151241534987e+01 1.00041413720085e+05 
1.32731376975168e+01 1.00081587480880e+05 
1.34311512415348e+01 1.00109005363759e+05 
1.35891647855529e+01 1.00141162880458e+05 
1.37471783295709e+01 1.00173516209273e+05 
1.39051918735890e+01 1.00217921618274e+05 
1.40632054176071e+01 1.00248362511088e+05 
1.42212189616251e+01 1.00274967979099e+05 
1.43792325056432e+01 1.00286769341528e+05 
1.45372460496612e+01 1.00304992085971e+05 
1.46952595936793e+01 1.00319655978204e+05 
1.48532731376973e+01 1.00344770656909e+05 
1.50112866817154e+01 1.00358043010790e+05 
1.51693002257334e+01 1.00364321679376e+05 
1.53273137697515e+01 1.00358277320944e+05 
1.54853273137695e+01 1.00358595197174e+05 
1.56433408577876e+01 1.00352276396094e+05 
1.58013544018057e+01 1.00351398313890e+05 
1.59593679458237e+01 1.00343245741563e+05 
1.61173814898418e+01 1.00328677320188e+05 
1.62753950338598e+01 1.00307503503968e+05 
1.64334085778779e+01 1.00291522177173e+05 
1.65914221218959e+01 1.00267797624417e+05 
1.67494356659140e+01 1.00242066741303e+05 
1.69074492099320e+01 1.00215791710967e+05 
1.70654627539501e+01 1.00185329670127e+05 
1.72234762979681e+01 1.00155592739242e+05 
1.73814898419862e+01 1.00128436428650e+05 
1.75395033860043e+01 1.00094548064542e+05 
1.76975169300223e+01 1.00051897483675e+05 
1.78555304740404e+01 1.00014364809612e+05 
1.80135440180584e+01 9.99756897847695e+04 
1.81715575620765e+01 9.99443162980604e+04 
1.83295711060945e+01 9.99129488060428e+04 
1.84875846501126e+01 9.98779748796184e+04 
1.86455981941306e+01 9.98306285362552e+04 
1.88036117381487e+01 9.97931993399082e+04 
1.89616252821667e+01 9.97587481700922e+04 
1.91196388261848e+01 9.97357608615188e+04 
1.92776523702028e+01 9.97107839796340e+04 
1.94356659142209e+01 9.96865720827063e+04 
1.95936794582390e+01 9.96511291458265e+04 
1.97516930022570e+01 9.96264040997631e+04 
1.99097065462751e+01 9.96093352229929e+04 
2.00677200902931e+01 9.96031357795066e+04 
2.02257336343112e+01 9.95961903288623e+04 
2.03837471783292e+01 9.95933054064652e+04 
2.05417607223473e+01 9.95836763332490e+04 
2.06997742663653e+01 9.95816434095685e+04 
2.08577878103834e+01 9.95882897684265e+04 
2.10158013544014e+01 9.96019885862010e+04 
2.11738148984195e+01 9.96148830759555e+04 
2.13318284424376e+01 9.96346400726320e+04 
2.14898419864556e+01 9.96554126961456e+04 
2.16478555304737e+01 9.96774955995675e+04 
2.18058690744917e+01 9.97072884927243e+04 
2.19638826185098e+01 9.97369669819958e+04 
2.21218961625278e+01 9.97678401745978e+04 
2.22799097065459e+01 9.98050623871443e+04 
2.24379232505639e+01 9.98502556134874e+04 
2.25959367945820e+01 9.98895977959070e+04 
2.27539503386000e+01 9.99327700007091e+04 
2.29119638826181e+01 9.99686538577832e+04 
2.30699774266361e+01 1.00008079710354e+05 
2.32279909706542e+01 1.00050261176185e+05 
2.33860045146723e+01 1.00103861446390e+05 
2.35440180586903e+01 1.00146220625694e+05 
2.37020316027084e+01 1.00185813764594e+05 
2.38600451467264e+01 1.00213905113567e+05 
2.40180586907445e+01 1.00246650668714e+05 
2.41760722347625e+01 1.00277563725220e+05 
2.43340857787806e+01 1.00319643012107e+05 
2.44920993227986e+01 1.00349256258201e+05 
2.46501128668167e+01 1.00371322600281e+05 
2.48081264108347e+01 1.00381696843034e+05 
2.49661399548528e+01 1.00396857433117e+05 
2.51241534988708e+01 1.00405936985017e+05 
2.52821670428889e+01 1.00422323623647e+05 
2.54401805869069e+01 1.00429612087400e+05 
2.55981941309250e+01 1.00427863004670e+05 
2.57562076749430e+01 1.00417549266865e+05 
2.59142212189611e+01 1.00410973912458e+05 
2.60722347629791e+01 1.00395385647184e+05 
2.62302483069972e+01 1.00379595031941e+05 
2.63882618510153e+01 1.00360384752866e+05 
2.65462753950333e+01 1.00334413460567e+05 
2.67042889390514e+01 1.00306185526912e+05 
2.68623024830694e+01 1.00280658563712e+05 
2.70203160270875e+01 1.00246564283261e+05 
2.71783295711055e+01 1.00205386299886e+05 
2.73363431151236e+01 1.00167337090370e+05 
2.74943566591416e+01 1.00126036569945e+05 
2.76523702031597e+01 1.00089161880737e+05 
2.78103837471777e+01 1.00052981841794e+05 
2.79683972911958e+01 1.00011212964878e+05 
2.81264108352138e+01 9.99574608826142e+04 
2.82844243792319e+01 9.99131518397796e+04 
2.84424379232499e+01 9.98692664806005e+04 
2.86004514672680e+01 9.98359875941531e+04 
2.87584650112860e+01 9.98014618703127e+04 
2.89164785553041e+01 9.97659510741283e+04 
2.90744920993221e+01 9.97176085201758e+04 
2.92325056433402e+01 9.96813505745430e+04 
2.93905191873582e+01 9.96512072049142e+04 
2.95485327313763e+01 9.96339997355833e+04 
2.97065462753943e+01 9.96147745408390e+04 
2.98645598194124e+01 9.95986502274064e+04 
3.00225733634304e+01 9.95725289149448e+04 
3.01805869074485e+01 9.95582389035667e+04 
3.03386004514665e+01 9.95517106175770e+04 
3.04966139954843e+01 9.95564345139643e+04 
3.06546275395003e+01 9.95587098471215e+04 
3.08126410834971e+01 9.95673253967375e+04 
3.09706546272957e+01 9.95725813791606e+04 
3.11286681708936e+01 9.95841017557143e+04 
3.12866817143274e+01 9.96033025781925e+04 
3.14446952574723e+01 9.96282793098048e+04 
3.16027088001674e+01 9.96520130292371e+04 
3.17607223421364e+01 9.96827436398941e+04 
3.19187358832495e+01 9.97176942783933e+04 
3.20767494226194e+01 9.97518564288977e+04 
3.22347629599941e+01 9.97912716214924e+04 
3.23927764943706e+01 9.98286901965685e+04 
3.25507900239423e+01 9.98673528394017e+04 
3.27088035457829e+01 9.99109702852160e+04 
3.28668170595274e+01 9.99640753177846e+04 
3.30248305599181e+01 1.00008746324611e+05 
3.31828440425992e+01 1.00053249694252e+05 
3.33408575031136e+01 1.00089136222837e+05 
3.34988709293862e+01 1.00128045116708e+05 
3.36568843063214e+01 1.00167399653554e+05 
3.38148976325709e+01 1.00217928179737e+05 
3.39729108878444e+01 1.00256904194351e+05 
3.41309240403887e+01 1.00289715172447e+05 
3.42889370834585e+01 1.00311440903191e+05 
3.44469499667095e+01 1.00337181250434e+05 
3.46049626416154e+01 1.00358847958076e+05 
3.47629751094123e+01 1.00389936526342e+05 
3.49209873220811e+01 1.00410665911963e+05 
3.50789991793260e+01 1.00421414062359e+05 
3.52370106929348e+01 1.00422651170683e+05 
3.53950217552060e+01 1.00427614096547e+05 
3.55530322801683e+01 1.00424536400342e+05 
3.57110422484800e+01 1.00425320134733e+05 
3.58690516557028e+01 1.00419875092392e+05 
3.60270604042267e+01 1.00405339150260e+05 
3.61850684108629e+01 1.00386065370486e+05 
3.63430757025597e+01 1.00370033606355e+05 
3.65010821998343e+01 1.00345299210999e+05 
3.66590879149553e+01 1.00317213542216e+05 
3.68170929429180e+01 1.00289261918083e+05 
3.69750972659910e+01 1.00255118909488e+05 
3.71331008599683e+01 1.00222377745299e+05 
3.72911038794230e+01 1.00190750335962e+05 
3.74491063311914e+01 1.00151757611989e+05 
3.76071083058444e+01 1.00102873025106e+05 
3.77651096857588e+01 1.00060395419642e+05 
3.79231104073047e+01 1.00015438461234e+05 
3.80811109502943e+01 9.99787540795077e+04 
3.82391112062999e+01 9.99413929085192e+04 
3.83971111660317e+01 9.99004104976308e+04 
3.85551109656345e+01 9.98462471641844e+04 
3.87131105571401e+01 9.98039846577730e+04 
3.88711098652798e+01 9.97640452631472e+04 
3.90291090063081e+01 9.97369106327206e+04 
3.91871079803516e+01 9.97071376649470e+04 
3.93451069164122e+01 9.96782044666602e+04 
3.95031056072435e+01 9.96370253660250e+04 
3.96611044176520e+01 9.96085388690157e+04 
3.98191030871787e+01 9.95876139699891e+04 
3.99771018088401e+01 9.95796683774807e+04 
4.01351007074698e+01 9.95689226421072e+04 
4.02930997022155e+01 9.95630789030868e+04 
4.04510986021552e+01 9.95488866578161e+04 
4.06090971618161e+01 9.95447411103990e+04 
4.07670958737284e+01 9.95483690316538e+04 
4.09250951708767e+01 9.95619848221060e+04 
4.10830945501286e+01 9.95735073214249e+04 
4.12410939472816e+01 9.95922828436391e+04 
4.13990933807653e+01 9.96107402659232e+04 
4.15570928592266e+01 9.96328686989682e+04 
4.17150923413803e+01 9.96618215678390e+04 
4.18730918618998e+01 9.96934640158469e+04 
4.20310913871491e+01 9.97246146672287e+04 
4.21890909437351e+01 9.97624261189285e+04 
4.23470905543198e+01 9.98071961109409e+04 
4.25050902256413e+01 9.98481275363210e+04 
4.26630899184684e+01 9.98920167079646e+04 
4.28210896745392e+01 9.99311528016586e+04 
4.29790892602239e+01 9.99723748925620e+04 
4.31370888188632e+01 1.00016730705485e+05 
4.32950884109090e+01 1.00072179554507e+05 
4.34530877023690e+01 1.00117337267771e+05 
4.36110866376294e+01 1.00158940568199e+05 
4.37690854724754e+01 1.00190901826594e+05 
4.39270845035842e+01 1.00226237771066e+05 
4.40850833364672e+01 1.00260402701105e+05 
4.42430820276957e+01 1.00305534775095e+05 
4.44010804989590e+01 1.00339135766525e+05 
4.45590788134630e+01 1.00364020453047e+05 
4.47170770655565e+01 1.00378579784187e+05 
4.48750752148097e+01 1.00396964946099e+05 
4.50330732938293e+01 1.00409622206397e+05 
4.51910713795358e+01 1.00429815517672e+05 
4.53490693983586e+01 1.00440923241880e+05 
4.55070674106562e+01 1.00441623557307e+05 
4.56650653676240e+01 1.00434998522053e+05 
4.58230631625694e+01 1.00431329154498e+05 
4.59810608096228e+01 1.00418823954762e+05 
4.61390583312556e+01 1.00406833444550e+05 
4.62970557728472e+01 1.00391719498382e+05 
4.64550531385988e+01 1.00368090406153e+05 
4.66130504658573e+01 1.00342909523077e+05 
4.67710476910669e+01 1.00319433988366e+05 
4.69290448370875e+01 1.00287005275145e+05 
4.70870418817074e+01 1.00247717478056e+05 
4.72450388394929e+01 1.00211917976483e+05 
4.74030357844738e+01 1.00171158283213e+05 
4.75610327369803e+01 1.00135518503818e+05 
4.77190296641417e+01 1.00099671987704e+05 
4.78770265567167e+01 1.00057818949382e+05 
4.80350232907807e+01 1.00003735008974e+05 
4.81930199724646e+01 9.99593194656659e+04 
4.83510166821919e+01 9.99135462548564e+04 
4.85090134340476e+01 9.98789586983485e+04 
4.86670101864053e+01 9.98421368885938e+04 
4.88250069367958e+01 9.98037674154262e+04 
4.89830037017608e+01 9.97520277981822e+04 
4.91410003791622e+01 9.97135060561610e+04 
4.92989969712441e+01 9.96792620419697e+04 
4.94569936135427e+01 9.96589554718013e+04 
4.96149902571749e+01 9.96357653574853e+04 
4.97729869349215e+01 9.96152986258325e+04 
4.99309836461128e+01 9.95839440471885e+04 
5.00889804092298e+01 9.95654631753153e+04 
5.02469772586986e+01 9.95541330899696e+04 
5.04049742099479e+01 9.95551474070064e+04 
5.05629710368897e+01 9.95530069252686e+04 
5.07209677221875e+01 9.95571771530708e+04 
5.08789643925024e+01 9.95565212268638e+04 
5.10369611214738e+01 9.95639465797573e+04 
5.11949579837573e+01 9.95785210461980e+04 
5.13529549196390e+01 9.96005835309684e+04 
5.15109519220113e+01 9.96208256403567e+04 
5.16689490194469e+01 9.96489045688115e+04 
5.18269461871349e+01 9.96803052145868e+04 
5.19849434232851e+01 9.97123187173185e+04 
5.21429407955823e+01 9.97496490652463e+04 
5.23009380095267e+01 9.97865075508725e+04 
5.24589351151370e+01 9.98237877477012e+04 
5.26169322605497e+01 9.98667556557546e+04 
5.27749294397864e+01 9.99191973724824e+04 
5.29329267403186e+01 9.99643063408292e+04 
5.30909241439174e+01 1.00009835123931e+05 
5.32489216473604e+01 1.00047990056630e+05 
5.34069192807000e+01 1.00088540852074e+05 
5.35649170063727e+01 1.00130147525970e+05 
5.37229148023365e+01 1.00183340127786e+05 
5.38809127246988e+01 1.00225660792840e+05 
5.40389107877367e+01 1.00261869812669e+05 
5.41969089517492e+01 1.00287794807277e+05 
5.43549072484630e+01 1.00317033316214e+05 
5.45129054270051e+01 1.00342855427522e+05 
5.46709034516164e+01 1.00378547743524e+05 
5.48289014795824e+01 1.00403915960732e+05 
5.49868996507851e+01 1.00418661221980e+05 
5.51448978880694e+01 1.00424420972472e+05 
5.53028962526066e+01 1.00433475523420e+05 
5.54608947556885e+01 1.00435030158318e+05 
5.56188933188464e+01 1.00441237503602e+05 
5.57768920070724e+01 1.00440634493764e+05 
5.59348908650161e+01 1.00429741907507e+05 
5.60928898167026e+01 1.00414019203266e+05 
5.62508889037190e+01 1.00400824376901e+05 
5.64088881394332e+01 1.00378771137216e+05 
5.65668874484921e+01 1.00353978663639e+05 
5.67248868836807e+01 1.00328914409961e+05 
5.68828864893542e+01 1.00296215402139e+05 
5.70408861960338e+01 1.00264904502561e+05 
5.71988860391269e+01 1.00234043732982e+05 
5.73568857825965e+01 1.00195355730809e+05 
5.75148854374958e+01 1.00147321837629e+05 
5.76728851158728e+01 1.00105703702514e+05 
5.78308849012099e+01 1.00060629370607e+05 
5.79888847480601e+01 1.00023772820494e+05 
5.81468847532464e+01 9.99856204437688e+04 
5.83048848708051e+01 9.99432415027431e+04 
5.84628851001882e+01 9.98874865068560e+04 
5.86208854661624e+01 9.98435900108107e+04 
5.87788859510897e+01 9.98011264231947e+04 
5.89368865555350e+01 9.97716013980571e+04 
5.90948872830377e+01 9.97389657133498e+04 
5.92528880864323e+01 9.97067952369678e+04 
5.94108889302507e+01 9.96620129027866e+04 
5.95688898327881e+01 9.96305505357625e+04 
5.97268908041111e+01 9.96059338200086e+04 
5.98848918003332e+01 9.95948914402981e+04 
6.00428928680254e+01 9.95805479228810e+04 
6.02008940796456e+01 9.95708311830499e+04 
6.03588954725139e+01 9.95520307777030e+04 
6.05168971072922e+01 9.95443822676333e+04 
6.06748990531746e+01 9.95442733480276e+04 
6.08329010433522e+01 9.95550623801355e+04 
6.09909029438758e+01 9.95631434841816e+04 
6.11489044805151e+01 9.95784998695592e+04 
6.13069057727749e+01 9.95928003676505e+04 
6.14649070351632e+01 9.96121886365476e+04 
6.16229081384915e+01 9.96386600406371e+04 
6.17809092441211e+01 9.96688939907203e+04 
6.19389101339700e+01 9.96978914454496e+04 
6.20969109801752e+01 9.97339620985548e+04 
6.22549119387378e+01 9.97765350298722e+04 
6.24129129488496e+01 9.98166020024533e+04 
6.25709138861800e+01 9.98600933630507e+04 
6.27289151983368e+01 9.98998648365938e+04 
6.28869165870729e+01 9.99408314868027e+04 
6.30449181597254e+01 9.99857648109017e+04 
6.32029200758520e+01 1.00041677207604e+05 
6.33609221827735e+01 1.00087963091352e+05 
6.35189242560073e+01 1.00131397752548e+05 
6.36769260693996e+01 1.00165657598615e+05 
6.38349281051127e+01 1.00202703887025e+05 
6.39929298098694e+01 1.00238905852331e+05 
6.41509316615666e+01 1.00286333915829e+05 
6.43089337942408e+01 1.00322579975187e+05 
6.44669357869463e+01 1.00350274755832e+05 
6.46249374433373e+01 1.00367782017184e+05 
6.47829389136374e+01 1.00388547379479e+05 
6.49409399663625e+01 1.00404039425206e+05 
6.50989409632269e+01 1.00427699531624e+05 
6.52569421377169e+01 1.00441999652890e+05 
6.54149430085585e+01 1.00445648190009e+05 
6.55729437641150e+01 1.00441635957877e+05 
6.57309443638751e+01 1.00440070415168e+05 
6.58889448714392e+01 1.00429930604099e+05 
6.60469454271883e+01 1.00420969705344e+05 
6.62049458871531e+01 1.00408143838314e+05 
6.63629460911794e+01 1.00386628611210e+05 
6.65209461944869e+01 1.00363039934133e+05 
6.66789460139657e+01 1.00340863597584e+05 
6.68369454321013e+01 1.00309791137937e+05 
6.69949447414460e+01 1.00272349934440e+05 
6.71529441536746e+01 1.00237856174540e+05 
6.73109433241402e+01 1.00197508983579e+05 
6.74689424701647e+01 1.00161803722924e+05 
6.76269417991850e+01 1.00125618473342e+05 
6.77849410142811e+01 1.00083163938489e+05 
6.79429404441664e+01 1.00028903571106e+05 
6.81009399323400e+01 9.99842465624556e+04 
6.82589394467423e+01 9.99377337097277e+04 
6.84169390831585e+01 9.99021811744466e+04 
6.85749387125848e+01 9.98641304899413e+04 
6.87329381770452e+01 9.98244096699392e+04 
6.88909376719355e+01 9.97713468413979e+04 
6.90489371579850e+01 9.97315161544759e+04 
6.92069365995741e+01 9.96955344331528e+04 
6.93649360510441e+01 9.96734204647884e+04 
6.95229353740816e+01 9.96480666143039e+04 
6.96809345840638e+01 9.96251813784402e+04 
6.98389340499524e+01 9.95912268865401e+04 
6.99969337688401e+01 9.95699091662899e+04 
7.01549335087798e+01 9.95570190979749e+04 
7.03129334087804e+01 9.95564168588662e+04 
7.04709333808406e+01 9.95520782879459e+04 
7.06289333787524e+01 9.95535940596769e+04 
7.07869336204822e+01 9.95496311855405e+04 
7.09449340672215e+01 9.95547251354823e+04 
7.11029345997939e+01 9.95673901769294e+04 
7.12609350713582e+01 9.95882298011436e+04 
7.14189347160093e+01 9.96068129241094e+04 
7.15769336370085e+01 9.96332199023097e+04 
7.17349322495437e+01 9.96623282459640e+04 
7.18929307461385e+01 9.96929724491670e+04 
7.20509289766604e+01 9.97291843856158e+04 
7.22089272661357e+01 9.97656755948227e+04 
7.23669254718874e+01 9.98019562973250e+04 
7.25249235776293e+01 9.98442957498176e+04 
7.26829219494500e+01 9.98958656982128e+04 
7.28409203727508e+01 9.99412246526528e+04 
7.29989186538633e+01 9.99874882657614e+04 
7.31569171184710e+01 1.00026754664652e+05 
7.33149154807419e+01 1.00067862927109e+05 
7.34729138742871e+01 1.00110506943068e+05 
7.36309123482416e+01 1.00165063836547e+05 
7.37889111043111e+01 1.00208810585346e+05 
7.39469098644377e+01 1.00246902742470e+05 
7.41049087471577e+01 1.00274768528865e+05 
7.42629075233993e+01 1.00305471055145e+05 
7.44209062786759e+01 1.00333491525344e+05 
7.45789051660299e+01 1.00371756663419e+05 
7.47369040521852e+01 1.00399348441422e+05 
7.48949026971529e+01 1.00416477735594e+05 
7.50529013271319e+01 1.00424194526789e+05 
7.52109000002093e+01 1.00434966521788e+05 
7.53688985762336e+01 1.00438774846121e+05 
7.55268972581844e+01 1.00448198371596e+05 
7.56848960103278e+01 1.00450267433985e+05 
7.58428947255754e+01 1.00441847084109e+05 
7.60008936594136e+01 1.00427615515430e+05 
7.61588924322546e+01 1.00415487994211e+05 
7.63168911638559e+01 1.00394591909813e+05 
7.64748900450755e+01 1.00371759096244e+05 
7.66328890548658e+01 1.00348240004595e+05 
7.67908878834910e+01 1.00316879690198e+05 
7.69488867890563e+01 1.00286300298900e+05 
7.71068856575359e+01 1.00256191911678e+05 
7.72648846605642e+01 1.00218195292545e+05 
7.74228838477881e+01 1.00171309958305e+05 
7.75808832323467e+01 1.00130260002893e+05 
7.77388824246277e+01 1.00085133976324e+05 
7.78968816322887e+01 1.00047429589299e+05 
7.80548807011359e+01 1.00008232773991e+05 
7.82128796943324e+01 9.99646073954215e+04 
7.83708787081097e+01 9.99081216886824e+04 
7.85288777862713e+01 9.98635248057126e+04 
7.86868768060587e+01 9.98200453849487e+04 
7.88448759839678e+01 9.97891854557281e+04 
7.90028750293676e+01 9.97552070860510e+04 
7.91608740579794e+01 9.97214747488010e+04 
7.93188731240776e+01 9.96751547622520e+04 
7.94768722866737e+01 9.96423094601182e+04 
7.96348714744995e+01 9.96159657419122e+04 
7.97928707841639e+01 9.96031726125001e+04 
7.99508700431175e+01 9.95866779383637e+04 
8.01088692532010e+01 9.95745470869946e+04 
8.02668685571017e+01 9.95531865219160e+04 
8.04248679221742e+01 9.95437528895947e+04 
8.05828672895297e+01 9.95418738947438e+04 
8.07408668401889e+01 9.95508418555200e+04 
8.08988663183940e+01 9.95567308023152e+04 
8.10568658136689e+01 9.95699618521146e+04 
8.12148653641856e+01 9.95818403520666e+04 
8.13728650602450e+01 9.95993393550487e+04 
8.15308647094415e+01 9.96240745377845e+04 
8.16888645412167e+01 9.96531334013647e+04 
8.18468642992061e+01 9.96803154558060e+04 
8.20048640365115e+01 9.97148325375790e+04 
8.21628638878385e+01 9.97555943878925e+04 
8.23208638447879e+01 9.97946039714400e+04 
8.24788638290085e+01 9.98375519498173e+04 
8.26368639316287e+01 9.98772110468619e+04 
8.27948639928999e+01 9.99175135152317e+04 
8.29528640097892e+01 9.99623728123136e+04 
8.31108641257694e+01 1.00018219666737e+05 
8.32688643339817e+01 1.00064842151155e+05 
8.34268645003396e+01 1.00109485318634e+05 
8.35848648702901e+01 1.00144894615198e+05 
8.37428651207969e+01 1.00182734560711e+05 
8.39008653577218e+01 1.00220248593508e+05 
8.40588656514321e+01 1.00269379888932e+05 
8.42168660797810e+01 1.00307393638479e+05 
8.43748664504764e+01 1.00337447489397e+05 
8.45328669632765e+01 1.00356995255402e+05 
8.46908673910183e+01 1.00379564882335e+05 
8.48488677558302e+01 1.00397302435830e+05 
8.50068682338221e+01 1.00423903554652e+05 
8.51648687934220e+01 1.00440738862164e+05 
8.53228693020651e+01 1.00447187102346e+05 
8.54808699523303e+01 1.00445299152346e+05 
8.56388704750119e+01 1.00445768730402e+05 
8.57968709951201e+01 1.00438111167208e+05 
8.59548715414848e+01 1.00432546253794e+05 
8.61128721364377e+01 1.00422310983548e+05 
8.62708727179347e+01 1.00403313442906e+05 
8.64288733473842e+01 1.00381263679426e+05 
8.65868739800674e+01 1.00360588809620e+05 
8.67448745080638e+01 1.00331112189279e+05 
8.69028751837753e+01 1.00296031118862e+05 
8.70608758960404e+01 1.00263193775142e+05 
8.72188765860811e+01 1.00224019470033e+05 
8.73768773582707e+01 1.00188715070491e+05 
8.75348780012508e+01 1.00152917535991e+05 
8.76928786004829e+01 1.00110728915351e+05 
8.78508792441084e+01 1.00057272654818e+05 
8.80088800434000e+01 1.00012960819294e+05 
8.81668806916759e+01 9.99664026539332e+04 
8.83248814855233e+01 9.99301724736779e+04 
8.84828821285871e+01 9.98912150587604e+04 
8.86408826913246e+01 9.98503015349770e+04 
8.87988833442697e+01 9.97961755305294e+04 
8.89568840341034e+01 9.97551091822913e+04 
8.91148847006716e+01 9.97175655799386e+04 
8.92728853750260e+01 9.96935541630657e+04 
8.94308859501744e+01 9.96660264636147e+04 
8.95888863918260e+01 9.96407126443626e+04 
8.97468869365088e+01 9.96041858012311e+04 
8.99048875615784e+01 9.95805245150213e+04 
9.00628880436466e+01 9.95651308733983e+04 
9.02208886930447e+01 9.95621159172026e+04 
9.03788890986989e+01 9.95551060906771e+04 
9.05368894584843e+01 9.95539875571588e+04 
9.06948898189981e+01 9.95467812150310e+04 
9.08528902524989e+01 9.95490304436699e+04 
9.10108905775425e+01 9.95595810796238e+04 
9.11688909467955e+01 9.95785090850982e+04 
9.13268912145514e+01 9.95946832154961e+04 
9.14848913158008e+01 9.96186386376419e+04 
9.16428915822170e+01 9.96446734757003e+04 
9.18008918169298e+01 9.96730142510510e+04 
9.19588919708743e+01 9.97074209452079e+04 
9.21168922103786e+01 9.97426308071376e+04 
9.22748922710947e+01 9.97771272025037e+04 
9.24328922715071e+01 9.98181996416640e+04 
9.25908922911711e+01 9.98682774038883e+04 
9.27488924135160e+01 9.99130523222647e+04 
9.29068924081221e+01 9.99593635761600e+04 
9.30648924455409e+01 9.99989327518679e+04 
9.32228924177697e+01 1.00039865369152e+05 
9.33808923174738e+01 1.00083226487228e+05 
9.35388923127242e+01 1.00138641396599e+05 
9.36968923560327e+01 1.00183309597344e+05 
9.38548923989902e+01 1.00223160234961e+05 
9.40128924384549e+01 1.00252649730712e+05 
9.41708924405656e+01 1.00284828769385e+05 
9.43288923108054e+01 1.00314930473040e+05 
9.44868920599109e+01 1.00355822738918e+05 
9.46448916529606e+01 1.00385798087453e+05 
9.48028916076712e+01 1.00405582359088e+05 
9.49608914944496e+01 1.00415472532477e+05 
9.51188913057259e+01 1.00428174567085e+05 
9.52768912337209e+01 1.00434570460036e+05 
9.54348911411694e+01 1.00447516627740e+05 
9.55928911756063e+01 1.00452493743314e+05 
9.57508910635802e+01 1.00447060651332e+05 
9.59088910424678e+01 1.00435106434246e+05 
9.60668908867435e+01 1.00425197489046e+05 
9.62248906047757e+01 1.00406781230641e+05 
9.63828904827730e+01 1.00387325812348e+05 
9.65408903462501e+01 1.00366448888211e+05 
9.66988901623332e+01 1.00337358986372e+05 
9.68568900168082e+01 1.00308200114039e+05 
9.70148897240250e+01 1.00279271923056e+05 
9.71728892944551e+01 1.00242255504353e+05 
9.73308889047403e+01 1.00197062198176e+05 
9.74888886147520e+01 1.00157198295966e+05 
9.76468881266289e+01 1.00112914677986e+05 
9.78048877845412e+01 1.00075387468014e+05 
9.79628871957190e+01 1.00036250281422e+05 
9.81208865399089e+01 9.99924021023117e+04 
9.82788858937054e+01 9.99361844467007e+04 
9.84368853019583e+01 9.98914371696791e+04 
9.85948846206375e+01 9.98472024675071e+04 
9.87528839618249e+01 9.98149888337127e+04 
9.89108832001843e+01 9.97794546562340e+04 
9.90688822583182e+01 9.97437957547258e+04 
9.92268814607112e+01 9.96956187739966e+04 
9.93848806720824e+01 9.96611683129017e+04 
9.95428797821141e+01 9.96325667394487e+04 
9.97008790097915e+01 9.96174302546683e+04 
9.98588780603129e+01 9.95983484943162e+04 
1.00016877088879e+02 9.95835173384360e+04 
