# Liste des scalaires : TEMPS pmat 
0.00000000000000e+00 1.00000000000000e+05 
1.58013544018059e-01 1.00000000000000e+05 
3.16027088036117e-01 1.00000000000000e+05 
4.74040632054176e-01 1.00000000000000e+05 
6.32054176072234e-01 1.00000000000000e+05 
7.90067720090293e-01 1.00000000000000e+05 
9.48081264108351e-01 1.00000000000000e+05 
1.10609480812641e+00 1.00000000001292e+05 
1.26410835214447e+00 1.00000000741666e+05 
1.42212189616253e+00 1.00000006188851e+05 
1.58013544018058e+00 1.00000034635184e+05 
1.73814898419864e+00 1.00000170046517e+05 
1.89616252821670e+00 1.00000522492550e+05 
2.05417607223476e+00 1.00001512351481e+05 
2.21218961625282e+00 1.00003772352804e+05 
2.37020316027087e+00 1.00007687734803e+05 
2.52821670428893e+00 1.00014893101688e+05 
2.68623024830699e+00 1.00026683019383e+05 
2.84424379232505e+00 1.00042122667209e+05 
3.00225733634311e+00 1.00061983595227e+05 
3.16027088036116e+00 1.00086519902176e+05 
3.31828442437922e+00 1.00112566724890e+05 
3.47629796839728e+00 1.00140049132450e+05 
3.63431151241534e+00 1.00164366279532e+05 
3.79232505643340e+00 1.00190448880014e+05 
3.95033860045145e+00 1.00207781446879e+05 
4.10835214446951e+00 1.00224288942892e+05 
4.26636568848757e+00 1.00241963242212e+05 
4.42437923250563e+00 1.00259915199668e+05 
4.58239277652368e+00 1.00264824962828e+05 
4.74040632054174e+00 1.00276259119078e+05 
4.89841986455980e+00 1.00272192977851e+05 
5.05643340857786e+00 1.00268575083489e+05 
5.21444695259591e+00 1.00270910625232e+05 
5.37246049661397e+00 1.00274558795690e+05 
5.53047404063203e+00 1.00258941808290e+05 
5.68848758465009e+00 1.00252624990899e+05 
5.84650112866814e+00 1.00229979193839e+05 
6.00451467268620e+00 1.00208923388063e+05 
6.16252821670426e+00 1.00197570258033e+05 
6.32054176072231e+00 1.00188235038604e+05 
6.47855530474037e+00 1.00158903179296e+05 
6.63656884875843e+00 1.00138567296865e+05 
6.79458239277648e+00 1.00106065663889e+05 
6.95259593679454e+00 1.00075429742425e+05 
7.11060948081260e+00 1.00055399198912e+05 
7.26862302483065e+00 1.00037340679072e+05 
7.42663656884871e+00 1.00004020158627e+05 
7.58465011286677e+00 9.99766818811910e+04 
7.74266365688483e+00 9.99444804975090e+04 
7.90067720090288e+00 9.99139021275103e+04 
8.05869074492094e+00 9.98922880200503e+04 
8.21670428893899e+00 9.98726561279321e+04 
8.37471783295705e+00 9.98469326235274e+04 
8.53273137697511e+00 9.98233596498502e+04 
8.69074492099316e+00 9.98038805325625e+04 
8.84875846501122e+00 9.97859406709587e+04 
9.00677200902927e+00 9.97734343480350e+04 
9.16478555304733e+00 9.97623138385453e+04 
9.32279909706538e+00 9.97563267656309e+04 
9.48081264108344e+00 9.97497408287556e+04 
9.63882618510150e+00 9.97560425421823e+04 
9.79683972911955e+00 9.97638819081207e+04 
9.95485327313761e+00 9.97711097711261e+04 
1.01128668171557e+01 9.97753589872841e+04 
1.02708803611737e+01 9.97929446816142e+04 
1.04288939051918e+01 9.98051275939398e+04 
1.05869074492098e+01 9.98307087147780e+04 
1.07449209932279e+01 9.98539437528392e+04 
1.09029345372459e+01 9.98693093946098e+04 
1.10609480812640e+01 9.98793472501374e+04 
1.12189616252821e+01 9.99047228951293e+04 
1.13769751693001e+01 9.99223554098794e+04 
1.15349887133182e+01 9.99491036381070e+04 
1.16930022573362e+01 9.99719892425469e+04 
1.18510158013543e+01 9.99850626913150e+04 
1.20090293453723e+01 9.99947214428626e+04 
1.21670428893904e+01 1.00016303798342e+05 
1.23250564334084e+01 1.00031552842663e+05 
1.24830699774265e+01 1.00050261393593e+05 
1.26410835214446e+01 1.00066034076593e+05 
1.27990970654626e+01 1.00073833114114e+05 
1.29571106094807e+01 1.00081373573083e+05 
1.31151241534987e+01 1.00092191723691e+05 
1.32731376975168e+01 1.00100156561314e+05 
1.34311512415348e+01 1.00103901397404e+05 
1.35891647855529e+01 1.00106456905834e+05 
1.37471783295709e+01 1.00105992029174e+05 
1.39051918735890e+01 1.00108619565175e+05 
1.40632054176071e+01 1.00104121264128e+05 
1.42212189616251e+01 1.00102126045427e+05 
1.43792325056432e+01 1.00089900776853e+05 
1.45372460496612e+01 1.00079516637655e+05 
1.46952595936793e+01 1.00073284590461e+05 
1.48532731376973e+01 1.00072973143879e+05 
1.50112866817154e+01 1.00057629332819e+05 
1.51693002257334e+01 1.00049601438461e+05 
1.53273137697515e+01 1.00028570546102e+05 
1.54853273137695e+01 1.00010874514003e+05 
1.56433408577876e+01 1.00002591089916e+05 
1.58013544018057e+01 1.00000318865436e+05 
1.59593679458237e+01 9.99794701973688e+04 
1.61173814898418e+01 9.99684996633143e+04 
1.62753950338598e+01 9.99461346620652e+04 
1.64334085778779e+01 9.99279879927010e+04 
1.65914221218959e+01 9.99219445908709e+04 
1.67494356659140e+01 9.99203482944882e+04 
1.69074492099320e+01 9.99027521868960e+04 
1.70654627539501e+01 9.98946693720392e+04 
1.72234762979681e+01 9.98807111932156e+04 
1.73814898419862e+01 9.98705629393827e+04 
1.75395033860043e+01 9.98710667335585e+04 
1.76975169300223e+01 9.98726981230790e+04 
1.78555304740404e+01 9.98655759996110e+04 
1.80135440180584e+01 9.98644677086240e+04 
1.81715575620765e+01 9.98638678891559e+04 
1.83295711060945e+01 9.98646971349142e+04 
1.84875846501126e+01 9.98709197369389e+04 
1.86455981941306e+01 9.98742622975648e+04 
1.88036117381487e+01 9.98784559321651e+04 
1.89616252821667e+01 9.98839783313551e+04 
1.91196388261848e+01 9.98962264955732e+04 
1.92776523702028e+01 9.99073470997405e+04 
1.94356659142209e+01 9.99167668443295e+04 
1.95936794582390e+01 9.99200143597660e+04 
1.97516930022570e+01 9.99326650801473e+04 
1.99097065462751e+01 9.99415151779396e+04 
2.00677200902931e+01 9.99603236368593e+04 
2.02257336343112e+01 9.99758246530306e+04 
2.03837471783292e+01 9.99832792286259e+04 
2.05417607223473e+01 9.99837019984404e+04 
2.06997742663653e+01 9.99981039141458e+04 
2.08577878103834e+01 1.00005218191960e+05 
2.10158013544014e+01 1.00022647756332e+05 
2.11738148984195e+01 1.00036718984370e+05 
2.13318284424376e+01 1.00040389200885e+05 
2.14898419864556e+01 1.00039604647520e+05 
2.16478555304737e+01 1.00052333123934e+05 
2.18058690744917e+01 1.00057120220084e+05 
2.19638826185098e+01 1.00068883081178e+05 
2.21218961625278e+01 1.00078279324598e+05 
2.22799097065459e+01 1.00078464586246e+05 
2.24379232505639e+01 1.00078170526310e+05 
2.25959367945820e+01 1.00086456943777e+05 
2.27539503386000e+01 1.00089728302386e+05 
2.29119638826181e+01 1.00094236303320e+05 
2.30699774266361e+01 1.00098379377668e+05 
2.32279909706542e+01 1.00097235388168e+05 
2.33860045146723e+01 1.00098712482208e+05 
2.35440180586903e+01 1.00099094226393e+05 
2.37020316027084e+01 1.00098679358019e+05 
2.38600451467264e+01 1.00091849333067e+05 
2.40180586907445e+01 1.00086280208236e+05 
2.41760722347625e+01 1.00081488140248e+05 
2.43340857787806e+01 1.00081833027163e+05 
2.44920993227986e+01 1.00072326595501e+05 
2.46501128668167e+01 1.00067395655622e+05 
2.48081264108347e+01 1.00051768736232e+05 
2.49661399548528e+01 1.00039287120425e+05 
2.51241534988708e+01 1.00033579743925e+05 
2.52821670428889e+01 1.00033940297575e+05 
2.54401805869069e+01 1.00019170583340e+05 
2.55981941309250e+01 1.00012453472698e+05 
2.57562076749430e+01 9.99944085071700e+04 
2.59142212189611e+01 9.99798397208081e+04 
2.60722347629791e+01 9.99751591775183e+04 
2.62302483069972e+01 9.99750183682545e+04 
2.63882618510153e+01 9.99591182630378e+04 
2.65462753950333e+01 9.99519695639950e+04 
2.67042889390514e+01 9.99367876983289e+04 
2.68623024830694e+01 9.99250736256985e+04 
2.70203160270875e+01 9.99234779757104e+04 
2.71783295711055e+01 9.99240209458252e+04 
2.73363431151236e+01 9.99138835328890e+04 
2.74943566591416e+01 9.99105360832300e+04 
2.76523702031597e+01 9.99049335732677e+04 
2.78103837471777e+01 9.99009726233481e+04 
2.79683972911958e+01 9.99031190855227e+04 
2.81264108352138e+01 9.99036110421241e+04 
2.82844243792319e+01 9.99012802795994e+04 
2.84424379232499e+01 9.99017141819803e+04 
2.86004514672680e+01 9.99060287734648e+04 
2.87584650112860e+01 9.99100348444409e+04 
2.89164785553041e+01 9.99144547595539e+04 
2.90744920993221e+01 9.99139739137934e+04 
2.92325056433402e+01 9.99195063464238e+04 
2.93905191873582e+01 9.99231608562823e+04 
2.95485327313763e+01 9.99357950419930e+04 
2.97065462753943e+01 9.99463326701903e+04 
2.98645598194124e+01 9.99512170435080e+04 
3.00225733634304e+01 9.99494482686697e+04 
3.01805869074485e+01 9.99601985062752e+04 
3.03386004514665e+01 9.99648749501197e+04 
3.04966139954843e+01 9.99804699393117e+04 
3.06546275395003e+01 9.99930667820770e+04 
3.08126410834971e+01 9.99962465345939e+04 
3.09706546272957e+01 9.99940898484105e+04 
3.11286681708936e+01 1.00007210337557e+05 
3.12866817143274e+01 1.00012195584095e+05 
3.14446952574723e+01 1.00026721781369e+05 
3.16027088001674e+01 1.00038012414352e+05 
3.17607223421364e+01 1.00038832972327e+05 
3.19187358832495e+01 1.00037195938145e+05 
3.20767494226194e+01 1.00048713587720e+05 
3.22347629599941e+01 1.00053327216474e+05 
3.23927764943706e+01 1.00063919945063e+05 
3.25507900239423e+01 1.00073336287787e+05 
3.27088035457829e+01 1.00074801189893e+05 
3.28668170595274e+01 1.00077056995892e+05 
3.30248305599181e+01 1.00084835560331e+05 
3.31828440425992e+01 1.00088653039168e+05 
3.33408575031136e+01 1.00090940066942e+05 
3.34988709293862e+01 1.00093371776421e+05 
3.36568843063214e+01 1.00092576824686e+05 
3.38148976325709e+01 1.00095293734685e+05 
3.39729108878444e+01 1.00093700964597e+05 
3.41309240403887e+01 1.00092993442401e+05 
3.42889370834585e+01 1.00083838463889e+05 
3.44469499667095e+01 1.00076267649410e+05 
3.46049626416154e+01 1.00071495414736e+05 
3.47629751094123e+01 1.00071940832579e+05 
3.49209873220811e+01 1.00060348477972e+05 
3.50789991793260e+01 1.00054455421850e+05 
3.52370106929348e+01 1.00037354998633e+05 
3.53950217552060e+01 1.00023261296440e+05 
3.55530322801683e+01 1.00016920825032e+05 
3.57110422484800e+01 1.00015829543664e+05 
3.58690516557028e+01 9.99991123236086e+04 
3.60270604042267e+01 9.99904911967709e+04 
3.61850684108629e+01 9.99717005747256e+04 
3.63430757025597e+01 9.99563531047174e+04 
3.65010821998343e+01 9.99508428584719e+04 
3.66590879149553e+01 9.99490151942717e+04 
3.68170929429180e+01 9.99333952852503e+04 
3.69750972659910e+01 9.99258141992058e+04 
3.71331008599683e+01 9.99127965950139e+04 
3.72911038794230e+01 9.99028231631344e+04 
3.74491063311914e+01 9.99013629186370e+04 
3.76071083058444e+01 9.99005832851479e+04 
3.77651096857588e+01 9.98924404822507e+04 
3.79231104073047e+01 9.98894639563632e+04 
3.80811109502943e+01 9.98870274645026e+04 
3.82391112062999e+01 9.98857242787362e+04 
3.83971111660317e+01 9.98883129392985e+04 
3.85551109656345e+01 9.98880800070222e+04 
3.87131105571401e+01 9.98891259146202e+04 
3.88711098652798e+01 9.98911542109095e+04 
3.90291090063081e+01 9.98996747200443e+04 
3.91871079803516e+01 9.99072966715686e+04 
3.93451069164122e+01 9.99127852259297e+04 
3.95031056072435e+01 9.99125552260141e+04 
3.96611044176520e+01 9.99216759868225e+04 
3.98191030871787e+01 9.99269954774063e+04 
3.99771018088401e+01 9.99426526551121e+04 
4.01351007074698e+01 9.99556741835831e+04 
4.02930997022155e+01 9.99611760725658e+04 
4.04510986021552e+01 9.99604191130983e+04 
4.06090971618161e+01 9.99743187827837e+04 
4.07670958737284e+01 9.99810853235514e+04 
4.09250951708767e+01 9.99987809218647e+04 
4.10830945501286e+01 1.00013177082812e+05 
4.12410939472816e+01 1.00017137246970e+05 
4.13990933807653e+01 1.00016435645846e+05 
4.15570928592266e+01 1.00030286026345e+05 
4.17150923413803e+01 1.00035862863303e+05 
4.18730918618998e+01 1.00049348269046e+05 
4.20310913871491e+01 1.00060408625490e+05 
4.21890909437351e+01 1.00062071113011e+05 
4.23470905543198e+01 1.00063060337838e+05 
4.25050902256413e+01 1.00074722969138e+05 
4.26630899184684e+01 1.00080516763330e+05 
4.28210896745392e+01 1.00088814778519e+05 
4.29790892602239e+01 1.00095873415475e+05 
4.31370888188632e+01 1.00096471160168e+05 
4.32950884109090e+01 1.00098954505802e+05 
4.34530877023690e+01 1.00102554798106e+05 
4.36110866376294e+01 1.00104389444504e+05 
4.37690854724754e+01 1.00101265154266e+05 
4.39270845035842e+01 1.00098890215785e+05 
4.40850833364672e+01 1.00095809148581e+05 
4.42430820276957e+01 1.00096791667191e+05 
4.44010804989590e+01 1.00089179297724e+05 
4.45590788134630e+01 1.00084747820250e+05 
4.47170770655565e+01 1.00070097335051e+05 
4.48750752148097e+01 1.00058124251506e+05 
4.50330732938293e+01 1.00051746136856e+05 
4.51910713795358e+01 1.00050969260807e+05 
4.53490693983586e+01 1.00035703171422e+05 
4.55070674106562e+01 1.00027655767851e+05 
4.56650653676240e+01 1.00008226603176e+05 
4.58230631625694e+01 9.99922459687664e+04 
4.59810608096228e+01 9.99856377353014e+04 
4.61390583312556e+01 9.99839531169981e+04 
4.62970557728472e+01 9.99666092683766e+04 
4.64550531385988e+01 9.99578064793899e+04 
4.66130504658573e+01 9.99405838532030e+04 
4.67710476910669e+01 9.99268795496165e+04 
4.69290448370875e+01 9.99231636551598e+04 
4.70870418817074e+01 9.99221131866748e+04 
4.72450388394929e+01 9.99100219963319e+04 
4.74030357844738e+01 9.99051652739223e+04 
4.75610327369803e+01 9.98977199242924e+04 
4.77190296641417e+01 9.98924736429280e+04 
4.78770265567167e+01 9.98939159674455e+04 
4.80350232907807e+01 9.98942361230657e+04 
4.81930199724646e+01 9.98909434012302e+04 
4.83510166821919e+01 9.98909576118916e+04 
4.85090134340476e+01 9.98943529756982e+04 
4.86670101864053e+01 9.98979456713377e+04 
4.88250069367958e+01 9.99028118851937e+04 
4.89830037017608e+01 9.99031443050174e+04 
4.91410003791622e+01 9.99089268494809e+04 
4.92989969712441e+01 9.99135118755795e+04 
4.94569936135427e+01 9.99269034776190e+04 
4.96149902571749e+01 9.99383829625478e+04 
4.97729869349215e+01 9.99447694443854e+04 
4.99309836461128e+01 9.99443248429880e+04 
5.00889804092298e+01 9.99561580694994e+04 
5.02469772586986e+01 9.99622320224139e+04 
5.04049742099479e+01 9.99793585877118e+04 
5.05629710368897e+01 9.99935245279832e+04 
5.07209677221875e+01 9.99983787738040e+04 
5.08789643925024e+01 9.99973375948274e+04 
5.10369611214738e+01 1.00011631504349e+05 
5.11949579837573e+01 1.00017649057798e+05 
5.13529549196390e+01 1.00033259344340e+05 
5.15109519220113e+01 1.00045270299261e+05 
5.16689490194469e+01 1.00046617311480e+05 
5.18269461871349e+01 1.00044879024560e+05 
5.19849434232851e+01 1.00056879734501e+05 
5.21429407955823e+01 1.00061575886568e+05 
5.23009380095267e+01 1.00072636050581e+05 
5.24589351151370e+01 1.00082166209094e+05 
5.26169322605497e+01 1.00083392951026e+05 
5.27749294397864e+01 1.00084963574529e+05 
5.29329267403186e+01 1.00092737470673e+05 
5.30909241439174e+01 1.00095943200805e+05 
5.32489216473604e+01 1.00098089201968e+05 
5.34069192807000e+01 1.00100063007634e+05 
5.35649170063727e+01 1.00098432186316e+05 
5.37229148023365e+01 1.00100297022037e+05 
5.38809127246988e+01 1.00098917437142e+05 
5.40389107877367e+01 1.00097970578531e+05 
5.41969089517492e+01 1.00089206323831e+05 
5.43549072484630e+01 1.00081885794978e+05 
5.45129054270051e+01 1.00076968944348e+05 
5.46709034516164e+01 1.00077114545216e+05 
5.48289014795824e+01 1.00065727218197e+05 
5.49868996507851e+01 1.00059590188757e+05 
5.51448978880694e+01 1.00042384441474e+05 
5.53028962526066e+01 1.00028244260121e+05 
5.54608947556885e+01 1.00021811424577e+05 
5.56188933188464e+01 1.00020865097995e+05 
5.57768920070724e+01 1.00004367730942e+05 
5.59348908650161e+01 9.99959577702569e+04 
5.60928898167026e+01 9.99771237878713e+04 
5.62508889037190e+01 9.99617384884454e+04 
5.64088881394332e+01 9.99563588221758e+04 
5.65668874484921e+01 9.99547874772030e+04 
5.67248868836807e+01 9.99390980119512e+04 
5.68828864893542e+01 9.99316819328602e+04 
5.70408861960338e+01 9.99185221322672e+04 
5.71988860391269e+01 9.99086210949374e+04 
5.73568857825965e+01 9.99077030716011e+04 
5.75148854374958e+01 9.99075791224771e+04 
5.76728851158728e+01 9.98993778535400e+04 
5.78308849012099e+01 9.98965971421647e+04 
5.79888847480601e+01 9.98938740754804e+04 
5.81468847532464e+01 9.98924858774862e+04 
5.83048848708051e+01 9.98955264651222e+04 
5.84628851001882e+01 9.98958808169881e+04 
5.86208854661624e+01 9.98967157927593e+04 
5.87788859510897e+01 9.98988151423347e+04 
5.89368865555350e+01 9.99068983015332e+04 
5.90948872830377e+01 9.99142098873005e+04 
5.92528880864323e+01 9.99198813360770e+04 
5.94108889302507e+01 9.99198164955709e+04 
5.95688898327881e+01 9.99286377329745e+04 
5.97268908041111e+01 9.99339677968149e+04 
5.98848918003332e+01 9.99495285803204e+04 
6.00428928680254e+01 9.99625456003668e+04 
6.02008940796456e+01 9.99682900405374e+04 
6.03588954725139e+01 9.99674171332809e+04 
6.05168971072922e+01 9.99808917411885e+04 
6.06748990531746e+01 9.99873363802545e+04 
6.08329010433522e+01 1.00004705180445e+05 
6.09909029438758e+01 1.00018731121398e+05 
6.11489044805151e+01 1.00022375534657e+05 
6.13069057727749e+01 1.00020842307432e+05 
6.14649070351632e+01 1.00033990372365e+05 
6.16229081384915e+01 1.00038716863603e+05 
6.17809092441211e+01 1.00051720786371e+05 
6.19389101339700e+01 1.00062119964603e+05 
6.20969109801752e+01 1.00062982939567e+05 
6.22549119387378e+01 1.00062900198350e+05 
6.24129129488496e+01 1.00074058026257e+05 
6.25709138861800e+01 1.00079037555748e+05 
6.27289151983368e+01 1.00087308461969e+05 
6.28869165870729e+01 1.00094184323869e+05 
6.30449181597254e+01 1.00094208699522e+05 
6.32029200758520e+01 1.00095840465901e+05 
6.33609221827735e+01 1.00099479360527e+05 
6.35189242560073e+01 1.00100813890574e+05 
6.36769260693996e+01 1.00097999434222e+05 
6.38349281051127e+01 1.00095914336197e+05 
6.39929298098694e+01 1.00092823770829e+05 
6.41509316615666e+01 1.00093933639333e+05 
6.43089337942408e+01 1.00087417023560e+05 
6.44669357869463e+01 1.00083531317210e+05 
6.46249374433373e+01 1.00069921799562e+05 
6.47829389136374e+01 1.00058690096683e+05 
6.49409399663625e+01 1.00052578886695e+05 
6.50989409632269e+01 1.00052198483839e+05 
6.52569421377169e+01 1.00037990827062e+05 
6.54149430085585e+01 1.00030802817902e+05 
6.55729437641150e+01 1.00012282244396e+05 
6.57309443638751e+01 9.99970077988712e+04 
6.58889448714392e+01 9.99906964718547e+04 
6.60469454271883e+01 9.99891503116782e+04 
6.62049458871531e+01 9.99717049041198e+04 
6.63629460911794e+01 9.99629502640589e+04 
6.65209461944869e+01 9.99456661549087e+04 
6.66789460139657e+01 9.99322407422693e+04 
6.68369454321013e+01 9.99290124410688e+04 
6.69949447414460e+01 9.99284723065505e+04 
6.71529441536746e+01 9.99158171296212e+04 
6.73109433241402e+01 9.99105090102635e+04 
6.74689424701647e+01 9.99019113204878e+04 
6.76269417991850e+01 9.98957926720133e+04 
6.77849410142811e+01 9.98969136806607e+04 
6.79429404441664e+01 9.98972717850519e+04 
6.81009399323400e+01 9.98930226238251e+04 
6.82589394467423e+01 9.98924890729231e+04 
6.84169390831585e+01 9.98946565659184e+04 
6.85749387125848e+01 9.98972196942804e+04 
6.87329381770452e+01 9.99017348784836e+04 
6.88909376719355e+01 9.99019836390651e+04 
6.90489371579850e+01 9.99067564435176e+04 
6.92069365995741e+01 9.99107672416971e+04 
6.93649360510441e+01 9.99232788583761e+04 
6.95229353740816e+01 9.99341586131560e+04 
6.96809345840638e+01 9.99407336690440e+04 
6.98389340499524e+01 9.99407499686483e+04 
6.99969337688401e+01 9.99525394945252e+04 
7.01549335087798e+01 9.99588311853169e+04 
7.03129334087804e+01 9.99760858621456e+04 
7.04709333808406e+01 9.99903143240137e+04 
7.06289333787524e+01 9.99955278354243e+04 
7.07869336204822e+01 9.99946657756433e+04 
7.09449340672215e+01 1.00009083314429e+05 
7.11029345997939e+01 1.00015319084881e+05 
7.12609350713582e+01 1.00031567075387e+05 
7.14189347160093e+01 1.00044142661247e+05 
7.15769336370085e+01 1.00045934746212e+05 
7.17349322495437e+01 1.00044119630323e+05 
7.18929307461385e+01 1.00056160596898e+05 
7.20509289766604e+01 1.00060558761124e+05 
7.22089272661357e+01 1.00072000837854e+05 
7.23669254718874e+01 1.00081813040151e+05 
7.25249235776293e+01 1.00083078396870e+05 
7.26829219494500e+01 1.00084471761807e+05 
7.28409203727508e+01 1.00093027756182e+05 
7.29989186538633e+01 1.00096518745951e+05 
7.31569171184710e+01 1.00099688818887e+05 
7.33149154807419e+01 1.00102322368038e+05 
7.34729138742871e+01 1.00100661886151e+05 
7.36309123482416e+01 1.00102166761336e+05 
7.37889111043111e+01 1.00101409107997e+05 
7.39469098644377e+01 1.00100590722932e+05 
7.41049087471577e+01 1.00092698112305e+05 
7.42629075233993e+01 1.00086151704111e+05 
7.44209062786759e+01 1.00081365984360e+05 
7.45789051660299e+01 1.00081474416057e+05 
7.47369040521852e+01 1.00070602167831e+05 
7.48949026971529e+01 1.00064599512304e+05 
7.50529013271319e+01 1.00047767672391e+05 
7.52109000002093e+01 1.00034140576830e+05 
7.53688985762336e+01 1.00027948764227e+05 
7.55268972581844e+01 1.00027389958643e+05 
7.56848960103278e+01 1.00011181836893e+05 
7.58428947255754e+01 1.00002903779398e+05 
7.60008936594136e+01 9.99837106409715e+04 
7.61588924322546e+01 9.99680052675214e+04 
7.63168911638559e+01 9.99623799767051e+04 
7.64748900450755e+01 9.99609403949339e+04 
7.66328890548658e+01 9.99449453273994e+04 
7.67908878834910e+01 9.99374568520843e+04 
7.69488867890563e+01 9.99234827955271e+04 
7.71068856575359e+01 9.99128124248971e+04 
7.72648846605642e+01 9.99115262942876e+04 
7.74228838477881e+01 9.99114202994605e+04 
7.75808832323467e+01 9.99023639461709e+04 
7.77388824246277e+01 9.98992226731608e+04 
7.78968816322887e+01 9.98955289901727e+04 
7.80548807011359e+01 9.98933760967998e+04 
7.82128796943324e+01 9.98962122900766e+04 
7.83708787081097e+01 9.98965313294665e+04 
7.85288777862713e+01 9.98962115308303e+04 
7.86868768060587e+01 9.98975969858030e+04 
7.88448759839678e+01 9.99044988983709e+04 
7.90028750293676e+01 9.99109453099020e+04 
7.91608740579794e+01 9.99165514237548e+04 
7.93188731240776e+01 9.99167824047528e+04 
7.94768722866737e+01 9.99252252878531e+04 
7.96348714744995e+01 9.99306054192872e+04 
7.97928707841639e+01 9.99459340413878e+04 
7.99508700431175e+01 9.99587992623982e+04 
8.01088692532010e+01 9.99647697635077e+04 
8.02668685571017e+01 9.99640847312643e+04 
8.04248679221742e+01 9.99773446486777e+04 
8.05828672895297e+01 9.99837084526732e+04 
8.07408668401889e+01 1.00001134875156e+05 
8.08988663183940e+01 1.00015325864079e+05 
8.10568658136689e+01 1.00019384862321e+05 
8.12148653641856e+01 1.00018106200433e+05 
8.13728650602450e+01 1.00031700690088e+05 
8.15308647094415e+01 1.00036708012028e+05 
8.16888645412167e+01 1.00050309503057e+05 
8.18468642992061e+01 1.00061084969597e+05 
8.20048640365115e+01 1.00062001112901e+05 
8.21628638878385e+01 1.00061558083346e+05 
8.23208638447879e+01 1.00072978473212e+05 
8.24788638290085e+01 1.00077913883146e+05 
8.26368639316287e+01 1.00086901318724e+05 
8.27948639928999e+01 1.00094449686876e+05 
8.29528640097892e+01 1.00094756671441e+05 
8.31108641257694e+01 1.00096366198328e+05 
8.32688643339817e+01 1.00100884033872e+05 
8.34268645003396e+01 1.00102524875420e+05 
8.35848648702901e+01 1.00100733171658e+05 
8.37428651207969e+01 1.00099532812711e+05 
8.39008653577218e+01 1.00096801706398e+05 
8.40588656514321e+01 1.00098224325516e+05 
8.42168660797810e+01 1.00092907840850e+05 
8.43748664504764e+01 1.00089571395751e+05 
8.45328669632765e+01 1.00076923514232e+05 
8.46908673910183e+01 1.00066352538116e+05 
8.48488677558302e+01 1.00060315021551e+05 
8.50068682338221e+01 1.00060070155031e+05 
8.51648687934220e+01 1.00046420983395e+05 
8.53228693020651e+01 1.00039483614409e+05 
8.54808699523303e+01 1.00021357297935e+05 
8.56388704750119e+01 1.00006573313902e+05 
8.57968709951201e+01 1.00000574289735e+05 
8.59548715414848e+01 9.99996445419494e+04 
8.61128721364377e+01 9.99827216101231e+04 
8.62708727179347e+01 9.99743021475680e+04 
8.64288733473842e+01 9.99566361832624e+04 
8.65868739800674e+01 9.99424870470651e+04 
8.67448745080638e+01 9.99384821652082e+04 
8.69028751837753e+01 9.99373165788669e+04 
8.70608758960404e+01 9.99235206597741e+04 
8.72188765860811e+01 9.99174222307649e+04 
8.73768773582707e+01 9.99076090994785e+04 
8.75348780012508e+01 9.99005421163484e+04 
8.76928786004829e+01 9.99011264139488e+04 
8.78508792441084e+01 9.99012731778215e+04 
8.80088800434000e+01 9.98960201804725e+04 
8.81668806916759e+01 9.98948363628669e+04 
8.83248814855233e+01 9.98958622541762e+04 
8.84828821285871e+01 9.98974162522484e+04 
8.86408826913246e+01 9.99013657921523e+04 
8.87988833442697e+01 9.99013254927551e+04 
8.89568840341034e+01 9.99049097043285e+04 
8.91148847006716e+01 9.99081130284257e+04 
8.92728853750260e+01 9.99194558722183e+04 
8.94308859501744e+01 9.99294343362647e+04 
8.95888863918260e+01 9.99356637210052e+04 
8.97468869365088e+01 9.99356531323004e+04 
8.99048875615784e+01 9.99469263476053e+04 
9.00628880436466e+01 9.99530063406261e+04 
9.02208886930447e+01 9.99699935806923e+04 
9.03788890986989e+01 9.99839637775815e+04 
9.05368894584843e+01 9.99891801845050e+04 
9.06948898189981e+01 9.99882507568010e+04 
9.08528902524989e+01 1.00002602557183e+05 
9.10108905775425e+01 1.00008942474441e+05 
9.11688909467955e+01 1.00025672723969e+05 
9.13268912145514e+01 1.00038783258980e+05 
9.14848913158008e+01 1.00041121281558e+05 
9.16428915822170e+01 1.00039573504373e+05 
9.18008918169298e+01 1.00052039635755e+05 
9.19588919708743e+01 1.00056486836382e+05 
9.21168922103786e+01 1.00068261016658e+05 
9.22748922710947e+01 1.00078173694518e+05 
9.24328922715071e+01 1.00079303698697e+05 
9.25908922911711e+01 1.00080489682011e+05 
9.27488924135160e+01 1.00089845226696e+05 
9.29068924081221e+01 1.00093826132140e+05 
9.30648924455409e+01 1.00098188394440e+05 
9.32228924177697e+01 1.00101711502695e+05 
9.33808923174738e+01 1.00100345855531e+05 
9.35388923127242e+01 1.00101900480370e+05 
9.36968923560327e+01 1.00102219524926e+05 
9.38548923989902e+01 1.00101966851056e+05 
9.40128924384549e+01 1.00095291295304e+05 
9.41708924405656e+01 1.00089780435016e+05 
9.43288923108054e+01 1.00085386018807e+05 
9.44868920599109e+01 1.00085832408851e+05 
9.46448916529606e+01 1.00075984617914e+05 
9.48028916076712e+01 1.00070506039557e+05 
9.49608914944496e+01 1.00054314522285e+05 
9.51188913057259e+01 1.00041142984250e+05 
9.52768912337209e+01 1.00034965922459e+05 
9.54348911411694e+01 1.00034572647956e+05 
9.55928911756063e+01 1.00018872949315e+05 
9.57508910635802e+01 1.00010935531908e+05 
9.59088910424678e+01 9.99921095386249e+04 
9.60668908867435e+01 9.99768073736016e+04 
9.62248906047757e+01 9.99713922097208e+04 
9.63828904827730e+01 9.99703200224645e+04 
9.65408903462501e+01 9.99541862244225e+04 
9.66988901623332e+01 9.99465197095054e+04 
9.68568900168082e+01 9.99315911253317e+04 
9.70148897240250e+01 9.99199378427007e+04 
9.71728892944551e+01 9.99178182725153e+04 
9.73308889047403e+01 9.99172100332886e+04 
9.74888886147520e+01 9.99070014879413e+04 
9.76468881266289e+01 9.99031131077477e+04 
9.78048877845412e+01 9.98981746254840e+04 
9.79628871957190e+01 9.98949189564721e+04 
9.81208865399089e+01 9.98970905388041e+04 
9.82788858937054e+01 9.98971016853551e+04 
9.84368853019583e+01 9.98956029553342e+04 
9.85948846206375e+01 9.98962235167664e+04 
9.87528839618249e+01 9.99019895181380e+04 
9.89108832001843e+01 9.99075306891404e+04 
9.90688822583182e+01 9.99128355505635e+04 
9.92268814607112e+01 9.99131269168821e+04 
9.93848806720824e+01 9.99210038138348e+04 
9.95428797821141e+01 9.99261905889054e+04 
9.97008790097915e+01 9.99410453215430e+04 
9.98588780603129e+01 9.99534812544843e+04 
1.00016877088879e+02 9.99594570637238e+04 
