# Liste des scalaires : TEMPS pmat 
0.00000000000000e+00 1.00000000000000e+05 
1.58013544018059e-01 1.00000000000000e+05 
3.16027088036117e-01 1.00000000000000e+05 
4.74040632054176e-01 1.00000000000000e+05 
6.32054176072234e-01 1.00000000000000e+05 
7.90067720090293e-01 1.00000000000000e+05 
9.48081264108351e-01 1.00000000000000e+05 
1.10609480812641e+00 1.00000000000000e+05 
1.26410835214447e+00 1.00000000000000e+05 
1.42212189616253e+00 1.00000000000000e+05 
1.58013544018058e+00 1.00000000000000e+05 
1.73814898419864e+00 1.00000000000000e+05 
1.89616252821670e+00 1.00000000000000e+05 
2.05417607223476e+00 1.00000000000000e+05 
2.21218961625282e+00 1.00000000000000e+05 
2.37020316027087e+00 1.00000000000000e+05 
2.52821670428893e+00 1.00000000000000e+05 
2.68623024830699e+00 1.00000000000000e+05 
2.84424379232505e+00 1.00000000000000e+05 
3.00225733634311e+00 1.00000000000000e+05 
3.16027088036116e+00 1.00000000000000e+05 
3.31828442437922e+00 1.00000000000000e+05 
3.47629796839728e+00 1.00000000000000e+05 
3.63431151241534e+00 1.00000000000000e+05 
3.79232505643340e+00 1.00000000000000e+05 
3.95033860045145e+00 1.00000000000000e+05 
4.10835214446951e+00 1.00000000000000e+05 
4.26636568848757e+00 1.00000000000000e+05 
4.42437923250563e+00 1.00000000000000e+05 
4.58239277652368e+00 1.00000000000000e+05 
4.74040632054174e+00 1.00000000000000e+05 
4.89841986455980e+00 1.00000000000000e+05 
5.05643340857786e+00 1.00000000000000e+05 
5.21444695259591e+00 1.00000000000000e+05 
5.37246049661397e+00 1.00000000000000e+05 
5.53047404063203e+00 1.00000000000000e+05 
5.68848758465009e+00 1.00000000000000e+05 
5.84650112866814e+00 1.00000000000000e+05 
6.00451467268620e+00 1.00000000000000e+05 
6.16252821670426e+00 1.00000000000000e+05 
6.32054176072231e+00 1.00000000000000e+05 
6.47855530474037e+00 1.00000000000000e+05 
6.63656884875843e+00 1.00000000000000e+05 
6.79458239277648e+00 1.00000000000000e+05 
6.95259593679454e+00 1.00000000000000e+05 
7.11060948081260e+00 1.00000000000000e+05 
7.26862302483065e+00 1.00000000000000e+05 
7.42663656884871e+00 1.00000000000000e+05 
7.58465011286677e+00 1.00000000000000e+05 
7.74266365688483e+00 1.00000000000000e+05 
7.90067720090288e+00 1.00000000000000e+05 
8.05869074492094e+00 1.00000000000000e+05 
8.21670428893899e+00 1.00000000000000e+05 
8.37471783295705e+00 1.00000000000000e+05 
8.53273137697511e+00 1.00000000000000e+05 
8.69074492099316e+00 1.00000000000000e+05 
8.84875846501122e+00 1.00000000000000e+05 
9.00677200902927e+00 1.00000000000000e+05 
9.16478555304733e+00 1.00000000000000e+05 
9.32279909706538e+00 1.00000000000000e+05 
9.48081264108344e+00 1.00000000000000e+05 
9.63882618510150e+00 1.00000000000000e+05 
9.79683972911955e+00 1.00000000000000e+05 
9.95485327313761e+00 1.00000000000000e+05 
1.01128668171557e+01 1.00000000000000e+05 
1.02708803611737e+01 1.00000000000000e+05 
1.04288939051918e+01 1.00000000000000e+05 
1.05869074492098e+01 1.00000000000000e+05 
1.07449209932279e+01 1.00000000000000e+05 
1.09029345372459e+01 1.00000000000000e+05 
1.10609480812640e+01 1.00000000000000e+05 
1.12189616252821e+01 1.00000000000000e+05 
1.13769751693001e+01 1.00000000000000e+05 
1.15349887133182e+01 1.00000000000000e+05 
1.16930022573362e+01 1.00000000000000e+05 
1.18510158013543e+01 1.00000000000000e+05 
1.20090293453723e+01 1.00000000000000e+05 
1.21670428893904e+01 1.00000000000000e+05 
1.23250564334084e+01 1.00000000000002e+05 
1.24830699774265e+01 1.00000000000065e+05 
1.26410835214446e+01 1.00000000001021e+05 
1.27990970654626e+01 1.00000000066757e+05 
1.29571106094807e+01 1.00000000727385e+05 
1.31151241534987e+01 1.00000001496137e+05 
1.32731376975168e+01 1.00000002799146e+05 
1.34311512415348e+01 1.00000005276773e+05 
1.35891647855529e+01 1.00000010260351e+05 
1.37471783295709e+01 1.00000019794109e+05 
1.39051918735890e+01 1.00000036780283e+05 
1.40632054176071e+01 1.00000065383609e+05 
1.42212189616251e+01 1.00000114317783e+05 
1.43792325056432e+01 1.00000190013571e+05 
1.45372460496612e+01 1.00000315498369e+05 
1.46952595936793e+01 1.00000513362913e+05 
1.48532731376973e+01 1.00000811899088e+05 
1.50112866817154e+01 1.00001220321064e+05 
1.51693002257334e+01 1.00001814144641e+05 
1.53273137697515e+01 1.00002524397156e+05 
1.54853273137695e+01 1.00003519276934e+05 
1.56433408577876e+01 1.00004831303490e+05 
1.58013544018057e+01 1.00006505862824e+05 
1.59593679458237e+01 1.00008324513756e+05 
1.61173814898418e+01 1.00010595970747e+05 
1.62753950338598e+01 1.00012698272730e+05 
1.64334085778779e+01 1.00015236840410e+05 
1.65914221218959e+01 1.00018167826089e+05 
1.67494356659140e+01 1.00021446496969e+05 
1.69074492099320e+01 1.00024221259460e+05 
1.70654627539501e+01 1.00027217118411e+05 
1.72234762979681e+01 1.00029328684431e+05 
1.73814898419862e+01 1.00031535296964e+05 
1.75395033860043e+01 1.00034041190691e+05 
1.76975169300223e+01 1.00036664578014e+05 
1.78555304740404e+01 1.00038607759029e+05 
1.80135440180584e+01 1.00040323921922e+05 
1.81715575620765e+01 1.00041107703742e+05 
1.83295711060945e+01 1.00041513217329e+05 
1.84875846501126e+01 1.00042077618284e+05 
1.86455981941306e+01 1.00042566780354e+05 
1.88036117381487e+01 1.00042651401434e+05 
1.89616252821667e+01 1.00042557308436e+05 
1.91196388261848e+01 1.00041820825401e+05 
1.92776523702028e+01 1.00040221999003e+05 
1.94356659142209e+01 1.00038361273043e+05 
1.95936794582390e+01 1.00036488881941e+05 
1.97516930022570e+01 1.00034905556492e+05 
1.99097065462751e+01 1.00032925535185e+05 
2.00677200902931e+01 1.00030898487789e+05 
2.02257336343112e+01 1.00027876652397e+05 
2.03837471783292e+01 1.00024243635029e+05 
2.05417607223473e+01 1.00020548232801e+05 
2.06997742663653e+01 1.00017526744385e+05 
2.08577878103834e+01 1.00014148215129e+05 
2.10158013544014e+01 1.00011089967131e+05 
2.11738148984195e+01 1.00007044679360e+05 
2.13318284424376e+01 1.00002224146244e+05 
2.14898419864556e+01 9.99974173165930e+04 
2.16478555304737e+01 9.99934693228089e+04 
2.18058690744917e+01 9.99892776877856e+04 
2.19638826185098e+01 9.99858719311622e+04 
2.21218961625278e+01 9.99818042688554e+04 
2.22799097065459e+01 9.99770162757549e+04 
2.24379232505639e+01 9.99723303643099e+04 
2.25959367945820e+01 9.99685809085553e+04 
2.27539503386000e+01 9.99647429277666e+04 
2.29119638826181e+01 9.99620533124921e+04 
2.30699774266361e+01 9.99593357434160e+04 
2.32279909706542e+01 9.99562664934355e+04 
2.33860045146723e+01 9.99534010578712e+04 
2.35440180586903e+01 9.99512616552421e+04 
2.37020316027084e+01 9.99493781714417e+04 
2.38600451467264e+01 9.99486730074154e+04 
2.40180586907445e+01 9.99485940366450e+04 
2.41760722347625e+01 9.99486835488244e+04 
2.43340857787806e+01 9.99489961691911e+04 
2.44920993227986e+01 9.99495763501379e+04 
2.46501128668167e+01 9.99506567617752e+04 
2.48081264108347e+01 9.99524616133981e+04 
2.49661399548528e+01 9.99554720563364e+04 
2.51241534988708e+01 9.99590999267592e+04 
2.52821670428889e+01 9.99629267234072e+04 
2.54401805869069e+01 9.99661712938394e+04 
2.55981941309250e+01 9.99700243194608e+04 
2.57562076749430e+01 9.99738794326281e+04 
2.59142212189611e+01 9.99789650397156e+04 
2.60722347629791e+01 9.99849181868300e+04 
2.62302483069972e+01 9.99909307795420e+04 
2.63882618510153e+01 9.99955296439168e+04 
2.65462753950333e+01 1.00000321111760e+05 
2.67042889390514e+01 1.00004313726201e+05 
2.68623024830694e+01 1.00009140150717e+05 
2.70203160270875e+01 1.00014767096459e+05 
2.71783295711055e+01 1.00020147781287e+05 
2.73363431151236e+01 1.00024132649976e+05 
2.74943566591416e+01 1.00027910834103e+05 
2.76523702031597e+01 1.00030515264273e+05 
2.78103837471777e+01 1.00033310027216e+05 
2.79683972911958e+01 1.00036511316783e+05 
2.81264108352138e+01 1.00039379745295e+05 
2.82844243792319e+01 1.00041314732205e+05 
2.84424379232499e+01 1.00042777899890e+05 
2.86004514672680e+01 1.00043294756511e+05 
2.87584650112860e+01 1.00043287397677e+05 
2.89164785553041e+01 1.00043186226864e+05 
2.90744920993221e+01 1.00042782888935e+05 
2.92325056433402e+01 1.00042236800786e+05 
2.93905191873582e+01 1.00041112418681e+05 
2.95485327313763e+01 1.00039529046234e+05 
2.97065462753943e+01 1.00037032239262e+05 
2.98645598194124e+01 1.00033958550100e+05 
3.00225733634304e+01 1.00030701821042e+05 
3.01805869074485e+01 1.00028118943680e+05 
3.03386004514665e+01 1.00024912615270e+05 
3.04966139954843e+01 1.00021805086885e+05 
3.06546275395003e+01 1.00017659264377e+05 
3.08126410834971e+01 1.00012672808022e+05 
3.09706546272957e+01 1.00007585442626e+05 
3.11286681708936e+01 1.00003586425166e+05 
3.12866817143274e+01 9.99992031765997e+04 
3.14446952574723e+01 9.99954698183765e+04 
3.16027088001674e+01 9.99909303911434e+04 
3.17607223421364e+01 9.99855648588046e+04 
3.19187358832495e+01 9.99802810812996e+04 
3.20767494226194e+01 9.99761589870274e+04 
3.22347629599941e+01 9.99719279920085e+04 
3.23927764943706e+01 9.99688422867510e+04 
3.25507900239423e+01 9.99654464819958e+04 
3.27088035457829e+01 9.99615991448355e+04 
3.28668170595274e+01 9.99579379973955e+04 
3.30248305599181e+01 9.99551824493786e+04 
3.31828440425992e+01 9.99526500618818e+04 
3.33408575031136e+01 9.99513180733441e+04 
3.34988709293862e+01 9.99504099084746e+04 
3.36568843063214e+01 9.99495392445693e+04 
3.38148976325709e+01 9.99488935066711e+04 
3.39729108878444e+01 9.99486595792288e+04 
3.41309240403887e+01 9.99488681198551e+04 
3.42889370834585e+01 9.99498567268356e+04 
3.44469499667095e+01 9.99517980231784e+04 
3.46049626416154e+01 9.99542729547693e+04 
3.47629751094123e+01 9.99569853156455e+04 
3.49209873220811e+01 9.99593864506028e+04 
3.50789991793260e+01 9.99623671626425e+04 
3.52370106929348e+01 9.99654354576851e+04 
3.53950217552060e+01 9.99697190499344e+04 
3.55530322801683e+01 9.99748900603002e+04 
3.57110422484800e+01 9.99802160789937e+04 
3.58690516557028e+01 9.99845250510230e+04 
3.60270604042267e+01 9.99891932365870e+04 
3.61850684108629e+01 9.99933069395373e+04 
3.63430757025597e+01 9.99983477187991e+04 
3.65010821998343e+01 1.00004253792898e+05 
3.66590879149553e+01 1.00010039669277e+05 
3.68170929429180e+01 1.00014536176976e+05 
3.69750972659910e+01 1.00019080276776e+05 
3.71331008599683e+01 1.00022441887029e+05 
3.72911038794230e+01 1.00026238288426e+05 
3.74491063311914e+01 1.00030638864692e+05 
3.76071083058444e+01 1.00034782912465e+05 
3.77651096857588e+01 1.00037970237975e+05 
3.79231104073047e+01 1.00040909607624e+05 
3.80811109502943e+01 1.00042492263418e+05 
3.82391112062999e+01 1.00043922210417e+05 
3.83971111660317e+01 1.00045408090964e+05 
3.85551109656345e+01 1.00046620843032e+05 
3.87131105571401e+01 1.00047392866926e+05 
3.88711098652798e+01 1.00047883577288e+05 
3.90291090063081e+01 1.00047491452099e+05 
3.91871079803516e+01 1.00046120097346e+05 
3.93451069164122e+01 1.00044337821844e+05 
3.95031056072435e+01 1.00042447316373e+05 
3.96611044176520e+01 1.00040869163926e+05 
3.98191030871787e+01 1.00038797682137e+05 
3.99771018088401e+01 1.00036385842834e+05 
4.01351007074698e+01 1.00032859516086e+05 
4.02930997022155e+01 1.00028596131457e+05 
4.04510986021552e+01 1.00024257822469e+05 
4.06090971618161e+01 1.00020762864372e+05 
4.07670958737284e+01 1.00016877747946e+05 
4.09250951708767e+01 1.00013194418538e+05 
4.10830945501286e+01 1.00008514487590e+05 
4.12410939472816e+01 1.00002996119033e+05 
4.13990933807653e+01 9.99975300033585e+04 
4.15570928592266e+01 9.99931466594749e+04 
4.17150923413803e+01 9.99885822038223e+04 
4.18730918618998e+01 9.99849174630879e+04 
4.20310913871491e+01 9.99805908484267e+04 
4.21890909437351e+01 9.99756165542405e+04 
4.23470905543198e+01 9.99708077483259e+04 
4.25050902256413e+01 9.99670348197612e+04 
4.26630899184684e+01 9.99633461487648e+04 
4.28210896745392e+01 9.99608850215459e+04 
4.29790892602239e+01 9.99584505816541e+04 
4.31370888188632e+01 9.99557675230379e+04 
4.32950884109090e+01 9.99533471853626e+04 
4.34530877023690e+01 9.99515855259662e+04 
4.36110866376294e+01 9.99501687394295e+04 
4.37690854724754e+01 9.99498041219947e+04 
4.39270845035842e+01 9.99501861184693e+04 
4.40850833364672e+01 9.99508918166354e+04 
4.42430820276957e+01 9.99517747666022e+04 
4.44010804989590e+01 9.99526710782146e+04 
4.45590788134630e+01 9.99541154488767e+04 
4.47170770655565e+01 9.99561240772904e+04 
4.48750752148097e+01 9.99592663899005e+04 
4.50330732938293e+01 9.99630900875366e+04 
4.51910713795358e+01 9.99670556493161e+04 
4.53490693983586e+01 9.99703791660210e+04 
4.55070674106562e+01 9.99741966598553e+04 
4.56650653676240e+01 9.99779235132356e+04 
4.58230631625694e+01 9.99827382853370e+04 
4.59810608096228e+01 9.99883867787626e+04 
4.61390583312556e+01 9.99940612947655e+04 
4.62970557728472e+01 9.99985376926782e+04 
4.64550531385988e+01 1.00003230262106e+05 
4.66130504658573e+01 1.00007022791627e+05 
4.67710476910669e+01 1.00011589489246e+05 
4.69290448370875e+01 1.00016828969138e+05 
4.70870418817074e+01 1.00021857464946e+05 
4.72450388394929e+01 1.00025738989510e+05 
4.74030357844738e+01 1.00029507675489e+05 
4.75610327369803e+01 1.00032061182221e+05 
4.77190296641417e+01 1.00034718486445e+05 
4.78770265567167e+01 1.00037640092547e+05 
4.80350232907807e+01 1.00040285880202e+05 
4.81930199724646e+01 1.00042270038831e+05 
4.83510166821919e+01 1.00043918294239e+05 
4.85090134340476e+01 1.00044533179160e+05 
4.86670101864053e+01 1.00044577387417e+05 
4.88250069367958e+01 1.00044354771948e+05 
4.89830037017608e+01 1.00043945854488e+05 
4.91410003791622e+01 1.00043502275305e+05 
4.92989969712441e+01 1.00042587829989e+05 
4.94569936135427e+01 1.00041114101295e+05 
4.96149902571749e+01 1.00038640497496e+05 
4.97729869349215e+01 1.00035543896634e+05 
4.99309836461128e+01 1.00032380967676e+05 
5.00889804092298e+01 1.00029816691626e+05 
5.02469772586986e+01 1.00026762465864e+05 
5.04049742099479e+01 1.00023645860475e+05 
5.05629710368897e+01 1.00019480588347e+05 
5.07209677221875e+01 1.00014547211354e+05 
5.08789643925024e+01 1.00009496189643e+05 
5.10369611214738e+01 1.00005476354379e+05 
5.11949579837573e+01 1.00001124204844e+05 
5.13529549196390e+01 9.99973953536391e+04 
5.15109519220113e+01 9.99927697370149e+04 
5.16689490194469e+01 9.99874160826046e+04 
5.18269461871349e+01 9.99821522492352e+04 
5.19849434232851e+01 9.99778999151305e+04 
5.21429407955823e+01 9.99735366474971e+04 
5.23009380095267e+01 9.99702795672107e+04 
5.24589351151370e+01 9.99666879482970e+04 
5.26169322605497e+01 9.99626826995812e+04 
5.27749294397864e+01 9.99588677584371e+04 
5.29329267403186e+01 9.99558466945519e+04 
5.30909241439174e+01 9.99531077544158e+04 
5.32489216473604e+01 9.99516135348005e+04 
5.34069192807000e+01 9.99503961930149e+04 
5.35649170063727e+01 9.99492310374688e+04 
5.37229148023365e+01 9.99483309944914e+04 
5.38809127246988e+01 9.99478930098023e+04 
5.40389107877367e+01 9.99477246988820e+04 
5.41969089517492e+01 9.99484500073358e+04 
5.43549072484630e+01 9.99502185450524e+04 
5.45129054270051e+01 9.99524942902015e+04 
5.46709034516164e+01 9.99549194133430e+04 
5.48289014795824e+01 9.99570327945278e+04 
5.49868996507851e+01 9.99597761954882e+04 
5.51448978880694e+01 9.99627147486595e+04 
5.53028962526066e+01 9.99668972126538e+04 
5.54608947556885e+01 9.99718653366080e+04 
5.56188933188464e+01 9.99769738798660e+04 
5.57768920070724e+01 9.99811440301691e+04 
5.59348908650161e+01 9.99857325937800e+04 
5.60928898167026e+01 9.99898275852791e+04 
5.62508889037190e+01 9.99949458483185e+04 
5.64088881394332e+01 1.00000860298765e+05 
5.65668874484921e+01 1.00006625377871e+05 
5.67248868836807e+01 1.00011164281894e+05 
5.68828864893542e+01 1.00015784399830e+05 
5.70408861960338e+01 1.00019295764834e+05 
5.71988860391269e+01 1.00023322711910e+05 
5.73568857825965e+01 1.00027890998220e+05 
5.75148854374958e+01 1.00032195000068e+05 
5.76728851158728e+01 1.00035562040648e+05 
5.78308849012099e+01 1.00038717175470e+05 
5.79888847480601e+01 1.00040528735258e+05 
5.81468847532464e+01 1.00042293282322e+05 
5.83048848708051e+01 1.00044129920338e+05 
5.84628851001882e+01 1.00045558708039e+05 
5.86208854661624e+01 1.00046630982147e+05 
5.87788859510897e+01 1.00047342663698e+05 
5.89368865555350e+01 1.00047362313771e+05 
5.90948872830377e+01 1.00046378519853e+05 
5.92528880864323e+01 1.00044939809093e+05 
5.94108889302507e+01 1.00043384518388e+05 
5.95688898327881e+01 1.00042095165077e+05 
5.97268908041111e+01 1.00040341524523e+05 
5.98848918003332e+01 1.00038196439586e+05 
6.00428928680254e+01 1.00034949175397e+05 
6.02008940796456e+01 1.00030975480512e+05 
6.03588954725139e+01 1.00026910718852e+05 
6.05168971072922e+01 1.00023614670279e+05 
6.06748990531746e+01 1.00019918041329e+05 
6.08329010433522e+01 1.00016355854662e+05 
6.09909029438758e+01 1.00011785980260e+05 
6.11489044805151e+01 1.00006385211171e+05 
6.13069057727749e+01 1.00000997112403e+05 
6.14649070351632e+01 9.99966404534236e+04 
6.16229081384915e+01 9.99920628982321e+04 
6.17809092441211e+01 9.99883255430319e+04 
6.19389101339700e+01 9.99838739014528e+04 
6.20969109801752e+01 9.99787521021797e+04 
6.22549119387378e+01 9.99737513824572e+04 
6.24129129488496e+01 9.99697805573830e+04 
6.25709138861800e+01 9.99658204199717e+04 
6.27289151983368e+01 9.99630695534263e+04 
6.28869165870729e+01 9.99602022882507e+04 
6.30449181597254e+01 9.99571325759184e+04 
6.32029200758520e+01 9.99543033100414e+04 
6.33609221827735e+01 9.99521745257226e+04 
6.35189242560073e+01 9.99503083870421e+04 
6.36769260693996e+01 9.99495511046037e+04 
6.38349281051127e+01 9.99494688829385e+04 
6.39929298098694e+01 9.99496505680715e+04 
6.41509316615666e+01 9.99500636289353e+04 
6.43089337942408e+01 9.99505886545542e+04 
6.44669357869463e+01 9.99515943836722e+04 
6.46249374433373e+01 9.99532615050522e+04 
6.47829389136374e+01 9.99560655594283e+04 
6.49409399663625e+01 9.99595637247689e+04 
6.50989409632269e+01 9.99631890675520e+04 
6.52569421377169e+01 9.99662794575670e+04 
6.54149430085585e+01 9.99699263492521e+04 
6.55729437641150e+01 9.99735758830290e+04 
6.57309443638751e+01 9.99783893880118e+04 
6.58889448714392e+01 9.99840288822852e+04 
6.60469454271883e+01 9.99897503736999e+04 
6.62049458871531e+01 9.99942927844246e+04 
6.63629460911794e+01 9.99991470268095e+04 
6.65209461944869e+01 1.00003157544899e+05 
6.66789460139657e+01 1.00008050992829e+05 
6.68369454321013e+01 1.00013682410983e+05 
6.69949447414460e+01 1.00019108636451e+05 
6.71529441536746e+01 1.00023363610729e+05 
6.73109433241402e+01 1.00027623728600e+05 
6.74689424701647e+01 1.00030612796594e+05 
6.76269417991850e+01 1.00033878579931e+05 
6.77849410142811e+01 1.00037434756594e+05 
6.79429404441664e+01 1.00040687776635e+05 
6.81009399323400e+01 1.00043208319302e+05 
6.82589394467423e+01 1.00045496025333e+05 
6.84169390831585e+01 1.00046639037972e+05 
6.85749387125848e+01 1.00047281306141e+05 
6.87329381770452e+01 1.00047735246280e+05 
6.88909376719355e+01 1.00047968540371e+05 
6.90489371579850e+01 1.00048049440054e+05 
6.92069365995741e+01 1.00047769525130e+05 
6.93649360510441e+01 1.00046770295942e+05 
6.95229353740816e+01 1.00044792679679e+05 
6.96809345840638e+01 1.00042209439795e+05 
6.98389340499524e+01 1.00039485768390e+05 
6.99969337688401e+01 1.00037266741367e+05 
7.01549335087798e+01 1.00034582877849e+05 
7.03129334087804e+01 1.00031731522040e+05 
7.04709333808406e+01 1.00027723012132e+05 
7.06289333787524e+01 1.00022907869875e+05 
7.07869336204822e+01 1.00017984418120e+05 
7.09449340672215e+01 1.00014011862457e+05 
7.11029345997939e+01 1.00009679836091e+05 
7.12609350713582e+01 1.00005836730484e+05 
7.14189347160093e+01 1.00001011655514e+05 
7.15769336370085e+01 9.99953698685199e+04 
7.17349322495437e+01 9.99897974343177e+04 
7.18929307461385e+01 9.99852930044957e+04 
7.20509289766604e+01 9.99806177737408e+04 
7.22089272661357e+01 9.99770290711481e+04 
7.23669254718874e+01 9.99729734561728e+04 
7.25249235776293e+01 9.99683747727920e+04 
7.26829219494500e+01 9.99639871530921e+04 
7.28409203727508e+01 9.99604701437186e+04 
7.29989186538633e+01 9.99571916517594e+04 
7.31569171184710e+01 9.99552060460290e+04 
7.33149154807419e+01 9.99534464136953e+04 
7.34729138742871e+01 9.99515904405410e+04 
7.36309123482416e+01 9.99500265813619e+04 
7.37889111043111e+01 9.99489486803706e+04 
7.39469098644377e+01 9.99482790334198e+04 
7.41049087471577e+01 9.99484153146219e+04 
7.42629075233993e+01 9.99496231723647e+04 
7.44209062786759e+01 9.99513207976969e+04 
7.45789051660299e+01 9.99531561204521e+04 
7.47369040521852e+01 9.99548080750973e+04 
7.48949026971529e+01 9.99570041737369e+04 
7.50529013271319e+01 9.99596257960682e+04 
7.52109000002093e+01 9.99634723530390e+04 
7.53688985762336e+01 9.99680771599019e+04 
7.55268972581844e+01 9.99728023504227e+04 
7.56848960103278e+01 9.99767081340234e+04 
7.58428947255754e+01 9.99810509570536e+04 
7.60008936594136e+01 9.99850700041272e+04 
7.61588924322546e+01 9.99901608410579e+04 
7.63168911638559e+01 9.99960829348943e+04 
7.64748900450755e+01 1.00001874311074e+05 
7.66328890548658e+01 1.00006470163802e+05 
7.67908878834910e+01 1.00011174234458e+05 
7.69488867890563e+01 1.00014831381612e+05 
7.71068856575359e+01 1.00019127161057e+05 
7.72648846605642e+01 1.00024023490730e+05 
7.74228838477881e+01 1.00028660681376e+05 
7.75808832323467e+01 1.00032293688771e+05 
7.77388824246277e+01 1.00035754740292e+05 
7.78968816322887e+01 1.00037934668985e+05 
7.80548807011359e+01 1.00040093462547e+05 
7.82128796943324e+01 1.00042365003573e+05 
7.83708787081097e+01 1.00044323053184e+05 
7.85288777862713e+01 1.00045767650140e+05 
7.86868768060587e+01 1.00046882681958e+05 
7.88448759839678e+01 1.00047155275391e+05 
7.90028750293676e+01 1.00046579279662e+05 
7.91608740579794e+01 1.00045637617135e+05 
7.93188731240776e+01 1.00044567055575e+05 
7.94768722866737e+01 1.00043637435474e+05 
7.96348714744995e+01 1.00042286755398e+05 
7.97928707841639e+01 1.00040421847366e+05 
7.99508700431175e+01 1.00037472028511e+05 
8.01088692532010e+01 1.00033836947093e+05 
8.02668685571017e+01 1.00030149182607e+05 
8.04248679221742e+01 1.00027145156822e+05 
8.05828672895297e+01 1.00023760001219e+05 
8.07408668401889e+01 1.00020397874727e+05 
8.08988663183940e+01 1.00015973732496e+05 
8.10568658136689e+01 1.00010702957801e+05 
8.12148653641856e+01 1.00005448786684e+05 
8.13728650602450e+01 1.00001206393634e+05 
8.15308647094415e+01 9.99967317846243e+04 
8.16888645412167e+01 9.99930103564078e+04 
8.18468642992061e+01 9.99884826983183e+04 
8.20048640365115e+01 9.99832588490312e+04 
8.21628638878385e+01 9.99781591629242e+04 
8.23208638447879e+01 9.99741010002563e+04 
8.24788638290085e+01 9.99700403987327e+04 
8.26368639316287e+01 9.99671729022854e+04 
8.27948639928999e+01 9.99641495431043e+04 
8.29528640097892e+01 9.99607908579137e+04 
8.31108641257694e+01 9.99576791184513e+04 
8.32688643339817e+01 9.99553018852191e+04 
8.34268645003396e+01 9.99532274887984e+04 
8.35848648702901e+01 9.99523017522722e+04 
8.37428651207969e+01 9.99519148716748e+04 
8.39008653577218e+01 9.99517410678534e+04 
8.40588656514321e+01 9.99517757890761e+04 
8.42168660797810e+01 9.99520150533693e+04 
8.43748664504764e+01 9.99527262022309e+04 
8.45328669632765e+01 9.99541659035313e+04 
8.46908673910183e+01 9.99566612266732e+04 
8.48488677558302e+01 9.99597823568560e+04 
8.50068682338221e+01 9.99630607872009e+04 
8.51648687934220e+01 9.99658678343293e+04 
8.53228693020651e+01 9.99691998727508e+04 
8.54808699523303e+01 9.99726131720419e+04 
8.56388704750119e+01 9.99772218890336e+04 
8.57968709951201e+01 9.99826224310930e+04 
8.59548715414848e+01 9.99881132901230e+04 
8.61128721364377e+01 9.99924705524422e+04 
8.62708727179347e+01 9.99971419611207e+04 
8.64288733473842e+01 1.00001069017489e+05 
8.65868739800674e+01 1.00005930198944e+05 
8.67448745080638e+01 1.00011523189905e+05 
8.69028751837753e+01 1.00016903548790e+05 
8.70608758960404e+01 1.00021120541752e+05 
8.72188765860811e+01 1.00025352910534e+05 
8.73768773582707e+01 1.00028384163284e+05 
8.75348780012508e+01 1.00031717268356e+05 
8.76928786004829e+01 1.00035424329856e+05 
8.78508792441084e+01 1.00038845539745e+05 
8.80088800434000e+01 1.00041462592532e+05 
8.81668806916759e+01 1.00043818788512e+05 
8.83248814855233e+01 1.00044992875003e+05 
8.84828821285871e+01 1.00045818499835e+05 
8.86408826913246e+01 1.00046512348596e+05 
8.87988833442697e+01 1.00046988697927e+05 
8.89568840341034e+01 1.00047173100077e+05 
8.91148847006716e+01 1.00047069347314e+05 
8.92728853750260e+01 1.00046202315872e+05 
8.94308859501744e+01 1.00044388876912e+05 
8.95888863918260e+01 1.00042045091091e+05 
8.97468869365088e+01 1.00039583882633e+05 
8.99048875615784e+01 1.00037545389718e+05 
9.00628880436466e+01 1.00035046368655e+05 
9.02208886930447e+01 1.00032368534986e+05 
9.03788890986989e+01 1.00028540184239e+05 
9.05368894584843e+01 1.00023970882750e+05 
9.06948898189981e+01 1.00019304870421e+05 
9.08528902524989e+01 1.00015519444657e+05 
9.10108905775425e+01 1.00011375204616e+05 
9.11688909467955e+01 1.00007667017748e+05 
9.13268912145514e+01 1.00002955393489e+05 
9.14848913158008e+01 9.99974723934701e+04 
9.16428915822170e+01 9.99920916561414e+04 
9.18008918169298e+01 9.99877544331256e+04 
9.19588919708743e+01 9.99832926851545e+04 
9.21168922103786e+01 9.99798345045872e+04 
9.22748922710947e+01 9.99758237904342e+04 
9.24328922715071e+01 9.99712897293122e+04 
9.25908922911711e+01 9.99669507024840e+04 
9.27488924135160e+01 9.99634975811082e+04 
9.29068924081221e+01 9.99602427313906e+04 
9.30648924455409e+01 9.99582738624641e+04 
9.32228924177697e+01 9.99564292049338e+04 
9.33808923174738e+01 9.99544640083114e+04 
9.35388923127242e+01 9.99528094586912e+04 
9.36968923560327e+01 9.99516288933611e+04 
9.38548923989902e+01 9.99508453811236e+04 
9.40128924384549e+01 9.99509435420188e+04 
9.41708924405656e+01 9.99520119802794e+04 
9.43288923108054e+01 9.99534961555023e+04 
9.44868920599109e+01 9.99551033618867e+04 
9.46448916529606e+01 9.99565661444969e+04 
9.48028916076712e+01 9.99585872582465e+04 
9.49608914944496e+01 9.99610677059871e+04 
9.51188913057259e+01 9.99647298185610e+04 
9.52768912337209e+01 9.99691150022739e+04 
9.54348911411694e+01 9.99736081222927e+04 
9.55928911756063e+01 9.99773212218937e+04 
9.57508910635802e+01 9.99814709333323e+04 
9.59088910424678e+01 9.99853782778092e+04 
9.60668908867435e+01 9.99903479814115e+04 
9.62248906047757e+01 9.99961357162604e+04 
9.63828904827730e+01 1.00001815973514e+05 
9.65408903462501e+01 1.00006323603984e+05 
9.66988901623332e+01 1.00010959397380e+05 
9.68568900168082e+01 1.00014573910180e+05 
9.70148897240250e+01 1.00018882081940e+05 
9.71728892944551e+01 1.00023802528907e+05 
9.73308889047403e+01 1.00028476436251e+05 
9.74888886147520e+01 1.00032111471366e+05 
9.76468881266289e+01 1.00035589330902e+05 
9.78048877845412e+01 1.00037817714631e+05 
9.79628871957190e+01 1.00040028301117e+05 
9.81208865399089e+01 1.00042411168767e+05 
9.82788858937054e+01 1.00044504785217e+05 
9.84368853019583e+01 1.00046028898583e+05 
9.85948846206375e+01 1.00047213096266e+05 
9.87528839618249e+01 1.00047511391774e+05 
9.89108832001843e+01 1.00047079082925e+05 
9.90688822583182e+01 1.00046278410559e+05 
9.92268814607112e+01 1.00045330151150e+05 
9.93848806720824e+01 1.00044481585852e+05 
9.95428797821141e+01 1.00043204579168e+05 
9.97008790097915e+01 1.00041402234105e+05 
9.98588780603129e+01 1.00038528444388e+05 
1.00016877088879e+02 1.00035000555232e+05 
