# Liste des scalaires : TEMPS pmat 
0.00000000000000e+00 1.00000000000000e+05 
1.58013544018059e-01 1.00000000000000e+05 
3.16027088036117e-01 1.00000000000000e+05 
4.74040632054176e-01 1.00000000000000e+05 
6.32054176072234e-01 1.00000000000000e+05 
7.90067720090293e-01 1.00000000000000e+05 
9.48081264108351e-01 1.00000000000000e+05 
1.10609480812641e+00 1.00000000000000e+05 
1.26410835214447e+00 1.00000000000000e+05 
1.42212189616253e+00 1.00000000000000e+05 
1.58013544018058e+00 1.00000000000000e+05 
1.73814898419864e+00 1.00000000000000e+05 
1.89616252821670e+00 1.00000000000000e+05 
2.05417607223476e+00 1.00000000000000e+05 
2.21218961625282e+00 1.00000000000000e+05 
2.37020316027087e+00 1.00000000000000e+05 
2.52821670428893e+00 1.00000000000000e+05 
2.68623024830699e+00 1.00000000000000e+05 
2.84424379232505e+00 1.00000000000000e+05 
3.00225733634311e+00 1.00000000000000e+05 
3.16027088036116e+00 1.00000000000000e+05 
3.31828442437922e+00 1.00000000000000e+05 
3.47629796839728e+00 1.00000000000000e+05 
3.63431151241534e+00 1.00000000000000e+05 
3.79232505643340e+00 1.00000000000000e+05 
3.95033860045145e+00 1.00000000000000e+05 
4.10835214446951e+00 1.00000000000000e+05 
4.26636568848757e+00 1.00000000000000e+05 
4.42437923250563e+00 1.00000000000000e+05 
4.58239277652368e+00 1.00000000000000e+05 
4.74040632054174e+00 1.00000000000000e+05 
4.89841986455980e+00 1.00000000000000e+05 
5.05643340857786e+00 1.00000000000000e+05 
5.21444695259591e+00 1.00000000000000e+05 
5.37246049661397e+00 1.00000000000000e+05 
5.53047404063203e+00 1.00000000000000e+05 
5.68848758465009e+00 1.00000000000000e+05 
5.84650112866814e+00 1.00000000000000e+05 
6.00451467268620e+00 1.00000000000000e+05 
6.16252821670426e+00 1.00000000000000e+05 
6.32054176072231e+00 1.00000000000000e+05 
6.47855530474037e+00 1.00000000000000e+05 
6.63656884875843e+00 1.00000000000000e+05 
6.79458239277648e+00 1.00000000000000e+05 
6.95259593679454e+00 1.00000000000000e+05 
7.11060948081260e+00 1.00000000000000e+05 
7.26862302483065e+00 1.00000000000000e+05 
7.42663656884871e+00 1.00000000000000e+05 
7.58465011286677e+00 1.00000000000000e+05 
7.74266365688483e+00 1.00000000000000e+05 
7.90067720090288e+00 1.00000000000000e+05 
8.05869074492094e+00 1.00000000000000e+05 
8.21670428893899e+00 1.00000000000000e+05 
8.37471783295705e+00 1.00000000000000e+05 
8.53273137697511e+00 1.00000000000000e+05 
8.69074492099316e+00 1.00000000000000e+05 
8.84875846501122e+00 1.00000000000000e+05 
9.00677200902927e+00 1.00000000000000e+05 
9.16478555304733e+00 1.00000000000000e+05 
9.32279909706538e+00 1.00000000000000e+05 
9.48081264108344e+00 1.00000000000000e+05 
9.63882618510150e+00 1.00000000000000e+05 
9.79683972911955e+00 1.00000000000000e+05 
9.95485327313761e+00 1.00000000000000e+05 
1.01128668171557e+01 1.00000000000000e+05 
1.02708803611737e+01 1.00000000000000e+05 
1.04288939051918e+01 1.00000000000000e+05 
1.05869074492098e+01 1.00000000000000e+05 
1.07449209932279e+01 1.00000000000000e+05 
1.09029345372459e+01 1.00000000000000e+05 
1.10609480812640e+01 1.00000000000000e+05 
1.12189616252821e+01 1.00000000000000e+05 
1.13769751693001e+01 1.00000000000000e+05 
1.15349887133182e+01 1.00000000000000e+05 
1.16930022573362e+01 1.00000000000000e+05 
1.18510158013543e+01 1.00000000000000e+05 
1.20090293453723e+01 1.00000000000000e+05 
1.21670428893904e+01 1.00000000000000e+05 
1.23250564334084e+01 1.00000000000000e+05 
1.24830699774265e+01 1.00000000000000e+05 
1.26410835214446e+01 1.00000000000000e+05 
1.27990970654626e+01 1.00000000000000e+05 
1.29571106094807e+01 1.00000000000000e+05 
1.31151241534987e+01 1.00000000000000e+05 
1.32731376975168e+01 1.00000000000000e+05 
1.34311512415348e+01 1.00000000000000e+05 
1.35891647855529e+01 1.00000000000000e+05 
1.37471783295709e+01 1.00000000000000e+05 
1.39051918735890e+01 1.00000000000000e+05 
1.40632054176071e+01 1.00000000000000e+05 
1.42212189616251e+01 1.00000000000000e+05 
1.43792325056432e+01 1.00000000000000e+05 
1.45372460496612e+01 1.00000000000000e+05 
1.46952595936793e+01 1.00000000000000e+05 
1.48532731376973e+01 1.00000000000000e+05 
1.50112866817154e+01 1.00000000000000e+05 
1.51693002257334e+01 1.00000000000000e+05 
1.53273137697515e+01 1.00000000000000e+05 
1.54853273137695e+01 1.00000000000000e+05 
1.56433408577876e+01 1.00000000000000e+05 
1.58013544018057e+01 1.00000000000000e+05 
1.59593679458237e+01 1.00000000000000e+05 
1.61173814898418e+01 1.00000000000000e+05 
1.62753950338598e+01 1.00000000000000e+05 
1.64334085778779e+01 1.00000000000000e+05 
1.65914221218959e+01 1.00000000000000e+05 
1.67494356659140e+01 1.00000000000000e+05 
1.69074492099320e+01 1.00000000000000e+05 
1.70654627539501e+01 1.00000000000000e+05 
1.72234762979681e+01 1.00000000000000e+05 
1.73814898419862e+01 1.00000000000000e+05 
1.75395033860043e+01 1.00000000000000e+05 
1.76975169300223e+01 1.00000000000000e+05 
1.78555304740404e+01 1.00000000000000e+05 
1.80135440180584e+01 1.00000000000000e+05 
1.81715575620765e+01 1.00000000000000e+05 
1.83295711060945e+01 1.00000000000000e+05 
1.84875846501126e+01 1.00000000000000e+05 
1.86455981941306e+01 1.00000000000000e+05 
1.88036117381487e+01 1.00000000000000e+05 
1.89616252821667e+01 1.00000000000000e+05 
1.91196388261848e+01 1.00000000000000e+05 
1.92776523702028e+01 1.00000000000000e+05 
1.94356659142209e+01 1.00000000000000e+05 
1.95936794582390e+01 1.00000000000000e+05 
1.97516930022570e+01 1.00000000000000e+05 
1.99097065462751e+01 1.00000000000000e+05 
2.00677200902931e+01 1.00000000000000e+05 
2.02257336343112e+01 1.00000000000000e+05 
2.03837471783292e+01 1.00000000000000e+05 
2.05417607223473e+01 1.00000000000000e+05 
2.06997742663653e+01 1.00000000000000e+05 
2.08577878103834e+01 1.00000000000000e+05 
2.10158013544014e+01 1.00000000000000e+05 
2.11738148984195e+01 1.00000000000000e+05 
2.13318284424376e+01 1.00000000000000e+05 
2.14898419864556e+01 1.00000000000000e+05 
2.16478555304737e+01 1.00000000000000e+05 
2.18058690744917e+01 1.00000000000000e+05 
2.19638826185098e+01 1.00000000000000e+05 
2.21218961625278e+01 1.00000000000000e+05 
2.22799097065459e+01 1.00000000000000e+05 
2.24379232505639e+01 1.00000000000000e+05 
2.25959367945820e+01 1.00000000000000e+05 
2.27539503386000e+01 1.00000000000000e+05 
2.29119638826181e+01 1.00000000000000e+05 
2.30699774266361e+01 1.00000000000000e+05 
2.32279909706542e+01 1.00000000000000e+05 
2.33860045146723e+01 1.00000000000000e+05 
2.35440180586903e+01 1.00000000000000e+05 
2.37020316027084e+01 1.00000000000000e+05 
2.38600451467264e+01 1.00000000000000e+05 
2.40180586907445e+01 1.00000000000000e+05 
2.41760722347625e+01 1.00000000000000e+05 
2.43340857787806e+01 1.00000000000000e+05 
2.44920993227986e+01 1.00000000000000e+05 
2.46501128668167e+01 1.00000000000000e+05 
2.48081264108347e+01 1.00000000000000e+05 
2.49661399548528e+01 1.00000000000000e+05 
2.51241534988708e+01 1.00000000000000e+05 
2.52821670428889e+01 1.00000000000000e+05 
2.54401805869069e+01 1.00000000000000e+05 
2.55981941309250e+01 1.00000000000000e+05 
2.57562076749430e+01 1.00000000000000e+05 
2.59142212189611e+01 1.00000000000000e+05 
2.60722347629791e+01 1.00000000000000e+05 
2.62302483069972e+01 1.00000000000000e+05 
2.63882618510153e+01 1.00000000000000e+05 
2.65462753950333e+01 1.00000000000000e+05 
2.67042889390514e+01 1.00000000000000e+05 
2.68623024830694e+01 1.00000000000000e+05 
2.70203160270875e+01 1.00000000000000e+05 
2.71783295711055e+01 1.00000000000000e+05 
2.73363431151236e+01 1.00000000000000e+05 
2.74943566591416e+01 1.00000000000000e+05 
2.76523702031597e+01 1.00000000000000e+05 
2.78103837471777e+01 1.00000000000000e+05 
2.79683972911958e+01 1.00000000000000e+05 
2.81264108352138e+01 1.00000000000000e+05 
2.82844243792319e+01 1.00000000000000e+05 
2.84424379232499e+01 1.00000000000000e+05 
2.86004514672680e+01 1.00000000000000e+05 
2.87584650112860e+01 1.00000000000000e+05 
2.89164785553041e+01 1.00000000000000e+05 
2.90744920993221e+01 1.00000000000000e+05 
2.92325056433402e+01 1.00000000000000e+05 
2.93905191873582e+01 1.00000000000000e+05 
2.95485327313763e+01 1.00000000000001e+05 
2.97065462753943e+01 1.00000000000011e+05 
2.98645598194124e+01 1.00000000000062e+05 
3.00225733634304e+01 1.00000000000419e+05 
3.01805869074485e+01 1.00000000000802e+05 
3.03386004514665e+01 1.00000000030887e+05 
3.04966139954843e+01 1.00000000296192e+05 
3.06546275395003e+01 1.00000000663732e+05 
3.08126410834971e+01 1.00000000944655e+05 
3.09706546272957e+01 1.00000001336453e+05 
3.11286681708936e+01 1.00000001939463e+05 
3.12866817143274e+01 1.00000002990871e+05 
3.14446952574723e+01 1.00000004542311e+05 
3.16027088001674e+01 1.00000006797202e+05 
3.17607223421364e+01 1.00000010433528e+05 
3.19187358832495e+01 1.00000015365825e+05 
3.20767494226194e+01 1.00000021716001e+05 
3.22347629599941e+01 1.00000031617820e+05 
3.23927764943706e+01 1.00000045169773e+05 
3.25507900239423e+01 1.00000063996074e+05 
3.27088035457829e+01 1.00000091064577e+05 
3.28668170595274e+01 1.00000125883784e+05 
3.30248305599181e+01 1.00000168464395e+05 
3.31828440425992e+01 1.00000230041291e+05 
3.33408575031136e+01 1.00000307218133e+05 
3.34988709293862e+01 1.00000408424257e+05 
3.36568843063214e+01 1.00000541234343e+05 
3.38148976325709e+01 1.00000700990914e+05 
3.39729108878444e+01 1.00000883721004e+05 
3.41309240403887e+01 1.00001125848996e+05 
3.42889370834585e+01 1.00001399164924e+05 
3.44469499667095e+01 1.00001735220659e+05 
3.46049626416154e+01 1.00002131672715e+05 
3.47629751094123e+01 1.00002574393880e+05 
3.49209873220811e+01 1.00003042403125e+05 
3.50789991793260e+01 1.00003599801161e+05 
3.52370106929348e+01 1.00004150839405e+05 
3.53950217552060e+01 1.00004777828030e+05 
3.55530322801683e+01 1.00005427418400e+05 
3.57110422484800e+01 1.00006100061275e+05 
3.58690516557028e+01 1.00006747528447e+05 
3.60270604042267e+01 1.00007422721140e+05 
3.61850684108629e+01 1.00007974091835e+05 
3.63430757025597e+01 1.00008540763268e+05 
3.65010821998343e+01 1.00009022658727e+05 
3.66590879149553e+01 1.00009512352964e+05 
3.68170929429180e+01 1.00009937293222e+05 
3.69750972659910e+01 1.00010291616324e+05 
3.71331008599683e+01 1.00010459153685e+05 
3.72911038794230e+01 1.00010577663204e+05 
3.74491063311914e+01 1.00010571019889e+05 
3.76071083058444e+01 1.00010629096473e+05 
3.77651096857588e+01 1.00010655207735e+05 
3.79231104073047e+01 1.00010582959454e+05 
3.80811109502943e+01 1.00010353969254e+05 
3.82391112062999e+01 1.00010045775869e+05 
3.83971111660317e+01 1.00009642506477e+05 
3.85551109656345e+01 1.00009374800577e+05 
3.87131105571401e+01 1.00009119927341e+05 
3.88711098652798e+01 1.00008771157060e+05 
3.90291090063081e+01 1.00008321576889e+05 
3.91871079803516e+01 1.00007806896448e+05 
3.93451069164122e+01 1.00007212329460e+05 
3.95031056072435e+01 1.00006782256791e+05 
3.96611044176520e+01 1.00006398521837e+05 
3.98191030871787e+01 1.00005936578830e+05 
3.99771018088401e+01 1.00005426480476e+05 
4.01351007074698e+01 1.00004834470133e+05 
4.02930997022155e+01 1.00004151778847e+05 
4.04510986021552e+01 1.00003594582605e+05 
4.06090971618161e+01 1.00003085534440e+05 
4.07670958737284e+01 1.00002499278252e+05 
4.09250951708767e+01 1.00001856697351e+05 
4.10830945501286e+01 1.00001104246617e+05 
4.12410939472816e+01 1.00000248909961e+05 
4.13990933807653e+01 9.99994723742079e+04 
4.15570928592266e+01 9.99987535994199e+04 
4.17150923413803e+01 9.99979750973426e+04 
4.18730918618998e+01 9.99971883994167e+04 
4.20310913871491e+01 9.99962880408194e+04 
4.21890909437351e+01 9.99953235074228e+04 
4.23470905543198e+01 9.99944315694668e+04 
4.25050902256413e+01 9.99936409993414e+04 
4.26630899184684e+01 9.99928616032947e+04 
4.28210896745392e+01 9.99921693931772e+04 
4.29790892602239e+01 9.99914030153920e+04 
4.31370888188632e+01 9.99906424796646e+04 
4.32950884109090e+01 9.99899331096633e+04 
4.34530877023690e+01 9.99893623535728e+04 
4.36110866376294e+01 9.99888950846336e+04 
4.37690854724754e+01 9.99885884774266e+04 
4.39270845035842e+01 9.99882723921129e+04 
4.40850833364672e+01 9.99880286466614e+04 
4.42430820276957e+01 9.99877832860861e+04 
4.44010804989590e+01 9.99876682319328e+04 
4.45590788134630e+01 9.99877345464503e+04 
4.47170770655565e+01 9.99879742843490e+04 
4.48750752148097e+01 9.99882883679431e+04 
4.50330732938293e+01 9.99886763244516e+04 
4.51910713795358e+01 9.99889714150551e+04 
4.53490693983586e+01 9.99893496692772e+04 
4.55070674106562e+01 9.99899352691486e+04 
4.56650653676240e+01 9.99906530676395e+04 
4.58230631625694e+01 9.99914561203774e+04 
4.59810608096228e+01 9.99923131154557e+04 
4.61390583312556e+01 9.99930244328972e+04 
4.62970557728472e+01 9.99937391883739e+04 
4.64550531385988e+01 9.99946057731298e+04 
4.66130504658573e+01 9.99955290768462e+04 
4.67710476910669e+01 9.99965469064973e+04 
4.69290448370875e+01 9.99975500799409e+04 
4.70870418817074e+01 9.99984127481302e+04 
4.72450388394929e+01 9.99992122112856e+04 
4.74030357844738e+01 1.00000102750010e+05 
4.75610327369803e+01 1.00000961268552e+05 
4.77190296641417e+01 1.00001883581103e+05 
4.78770265567167e+01 1.00002746154190e+05 
4.80350232907807e+01 1.00003499795440e+05 
4.81930199724646e+01 1.00004149463298e+05 
4.83510166821919e+01 1.00004799438944e+05 
4.85090134340476e+01 1.00005359841991e+05 
4.86670101864053e+01 1.00005951067859e+05 
4.88250069367958e+01 1.00006439711568e+05 
4.89830037017608e+01 1.00006866058926e+05 
4.91410003791622e+01 1.00007173890654e+05 
4.92989969712441e+01 1.00007392932543e+05 
4.94569936135427e+01 1.00007499721635e+05 
4.96149902571749e+01 1.00007596975642e+05 
4.97729869349215e+01 1.00007592807824e+05 
4.99309836461128e+01 1.00007561570853e+05 
5.00889804092298e+01 1.00007434262821e+05 
5.02469772586986e+01 1.00007145334888e+05 
5.04049742099479e+01 1.00006769988020e+05 
5.05629710368897e+01 1.00006346922425e+05 
5.07209677221875e+01 1.00005856400452e+05 
5.08789643925024e+01 1.00005390583770e+05 
5.10369611214738e+01 1.00004864138606e+05 
5.11949579837573e+01 1.00004170268124e+05 
5.13529549196390e+01 1.00003444976689e+05 
5.15109519220113e+01 1.00002676334622e+05 
5.16689490194469e+01 1.00001907118316e+05 
5.18269461871349e+01 1.00001209920920e+05 
5.19849434232851e+01 1.00000524194959e+05 
5.21429407955823e+01 9.99997269413447e+04 
5.23009380095267e+01 9.99989874773114e+04 
5.24589351151370e+01 9.99982452881755e+04 
5.26169322605497e+01 9.99975890961788e+04 
5.27749294397864e+01 9.99970398771173e+04 
5.29329267403186e+01 9.99965544724759e+04 
5.30909241439174e+01 9.99960555824350e+04 
5.32489216473604e+01 9.99956707593476e+04 
5.34069192807000e+01 9.99953229507813e+04 
5.35649170063727e+01 9.99951170931681e+04 
5.37229148023365e+01 9.99949722917837e+04 
5.38809127246988e+01 9.99948894680634e+04 
5.40389107877367e+01 9.99948452490957e+04 
5.41969089517492e+01 9.99948822384858e+04 
5.43549072484630e+01 9.99949689261367e+04 
5.45129054270051e+01 9.99951842642116e+04 
5.46709034516164e+01 9.99953802253384e+04 
5.48289014795824e+01 9.99956013925555e+04 
5.49868996507851e+01 9.99958940878369e+04 
5.51448978880694e+01 9.99962054796752e+04 
5.53028962526066e+01 9.99965881369624e+04 
5.54608947556885e+01 9.99970486903435e+04 
5.56188933188464e+01 9.99974636897211e+04 
5.57768920070724e+01 9.99978733115305e+04 
5.59348908650161e+01 9.99983867282007e+04 
5.60928898167026e+01 9.99988763642502e+04 
5.62508889037190e+01 9.99994162938882e+04 
5.64088881394332e+01 9.99999667441175e+04 
5.65668874484921e+01 1.00000477848548e+05 
5.67248868836807e+01 1.00000970043316e+05 
5.68828864893542e+01 1.00001547552314e+05 
5.70408861960338e+01 1.00002074231512e+05 
5.71988860391269e+01 1.00002625509748e+05 
5.73568857825965e+01 1.00003123552239e+05 
5.75148854374958e+01 1.00003582100825e+05 
5.76728851158728e+01 1.00003994208314e+05 
5.78308849012099e+01 1.00004428361901e+05 
5.79888847480601e+01 1.00004765739833e+05 
5.81468847532464e+01 1.00005079342147e+05 
5.83048848708051e+01 1.00005261698476e+05 
5.84628851001882e+01 1.00005401434877e+05 
5.86208854661624e+01 1.00005465145182e+05 
5.87788859510897e+01 1.00005472945320e+05 
5.89368865555350e+01 1.00005381100488e+05 
5.90948872830377e+01 1.00005235942127e+05 
5.92528880864323e+01 1.00004939050778e+05 
5.94108889302507e+01 1.00004647593178e+05 
5.95688898327881e+01 1.00004294316043e+05 
5.97268908041111e+01 1.00003863799208e+05 
5.98848918003332e+01 1.00003404636393e+05 
6.00428928680254e+01 1.00002883892729e+05 
6.02008940796456e+01 1.00002243608171e+05 
6.03588954725139e+01 1.00001645799084e+05 
6.05168971072922e+01 1.00001033865427e+05 
6.06748990531746e+01 1.00000337228056e+05 
6.08329010433522e+01 9.99996909217243e+04 
6.09909029438758e+01 9.99989867232833e+04 
6.11489044805151e+01 9.99982133607166e+04 
6.13069057727749e+01 9.99974977452962e+04 
6.14649070351632e+01 9.99968038838463e+04 
6.16229081384915e+01 9.99960544749542e+04 
6.17809092441211e+01 9.99954245526284e+04 
6.19389101339700e+01 9.99947651517150e+04 
6.20969109801752e+01 9.99941196954824e+04 
6.22549119387378e+01 9.99935249401830e+04 
6.24129129488496e+01 9.99929779858653e+04 
6.25709138861800e+01 9.99924377997857e+04 
6.27289151983368e+01 9.99920640929181e+04 
6.28869165870729e+01 9.99917094735633e+04 
6.30449181597254e+01 9.99914526002150e+04 
6.32029200758520e+01 9.99912099034523e+04 
6.33609221827735e+01 9.99910256841891e+04 
6.35189242560073e+01 9.99909182817047e+04 
6.36769260693996e+01 9.99909728681007e+04 
6.38349281051127e+01 9.99910924335809e+04 
6.39929298098694e+01 9.99913608111559e+04 
6.41509316615666e+01 9.99915855168543e+04 
6.43089337942408e+01 9.99918437154534e+04 
6.44669357869463e+01 9.99922136792716e+04 
6.46249374433373e+01 9.99926939545782e+04 
6.47829389136374e+01 9.99932594004953e+04 
6.49409399663625e+01 9.99939469914588e+04 
6.50989409632269e+01 9.99945397867891e+04 
6.52569421377169e+01 9.99951250075626e+04 
6.54149430085585e+01 9.99957999475553e+04 
6.55729437641150e+01 9.99964798648831e+04 
6.57309443638751e+01 9.99972142347433e+04 
6.58889448714392e+01 9.99980234274778e+04 
6.60469454271883e+01 9.99987183096174e+04 
6.62049458871531e+01 9.99993445151401e+04 
6.63629460911794e+01 1.00000005883152e+05 
6.65209461944869e+01 1.00000597236746e+05 
6.66789460139657e+01 1.00001223420507e+05 
6.68369454321013e+01 1.00001867608023e+05 
6.69949447414460e+01 1.00002414423422e+05 
6.71529441536746e+01 1.00002889115591e+05 
6.73109433241402e+01 1.00003352790340e+05 
6.74689424701647e+01 1.00003707886171e+05 
6.76269417991850e+01 1.00004073366825e+05 
6.77849410142811e+01 1.00004426584421e+05 
6.79429404441664e+01 1.00004733146638e+05 
6.81009399323400e+01 1.00004973189722e+05 
6.82589394467423e+01 1.00005162930376e+05 
6.84169390831585e+01 1.00005259305082e+05 
6.85749387125848e+01 1.00005342888735e+05 
6.87329381770452e+01 1.00005377915018e+05 
6.88909376719355e+01 1.00005426833671e+05 
6.90489371579850e+01 1.00005420228528e+05 
6.92069365995741e+01 1.00005322446771e+05 
6.93649360510441e+01 1.00005157905899e+05 
6.95229353740816e+01 1.00004964227489e+05 
6.96809345840638e+01 1.00004691960320e+05 
6.98389340499524e+01 1.00004457849457e+05 
6.99969337688401e+01 1.00004186134909e+05 
7.01549335087798e+01 1.00003781315641e+05 
7.03129334087804e+01 1.00003338232068e+05 
7.04709333808406e+01 1.00002852601453e+05 
7.06289333787524e+01 1.00002301865208e+05 
7.07869336204822e+01 1.00001811742696e+05 
7.09449340672215e+01 1.00001299963946e+05 
7.11029345997939e+01 1.00000676484630e+05 
7.12609350713582e+01 1.00000082607957e+05 
7.14189347160093e+01 9.99994605287533e+04 
7.15769336370085e+01 9.99988287365496e+04 
7.17349322495437e+01 9.99982689634588e+04 
7.18929307461385e+01 9.99977283137906e+04 
7.20509289766604e+01 9.99971376352933e+04 
7.22089272661357e+01 9.99966429041588e+04 
7.23669254718874e+01 9.99961519960607e+04 
7.25249235776293e+01 9.99956986417927e+04 
7.26829219494500e+01 9.99953099491943e+04 
7.28409203727508e+01 9.99949618392435e+04 
7.29989186538633e+01 9.99946474073417e+04 
7.31569171184710e+01 9.99944593923471e+04 
7.33149154807419e+01 9.99943071005804e+04 
7.34729138742871e+01 9.99942422801716e+04 
7.36309123482416e+01 9.99941851089666e+04 
7.37889111043111e+01 9.99941652616182e+04 
7.39469098644377e+01 9.99942372461923e+04 
7.41049087471577e+01 9.99944164921498e+04 
7.42629075233993e+01 9.99946510542545e+04 
7.44209062786759e+01 9.99949721016279e+04 
7.45789051660299e+01 9.99952531961730e+04 
7.47369040521852e+01 9.99955408007598e+04 
7.48949026971529e+01 9.99959537663145e+04 
7.50529013271319e+01 9.99964157813565e+04 
7.52109000002093e+01 9.99969164234935e+04 
7.53688985762336e+01 9.99974667624203e+04 
7.55268972581844e+01 9.99979405007611e+04 
7.56848960103278e+01 9.99983914700702e+04 
7.58428947255754e+01 9.99989295386763e+04 
7.60008936594136e+01 9.99994426488420e+04 
7.61588924322546e+01 9.99999743434848e+04 
7.63168911638559e+01 1.00000516464456e+05 
7.64748900450755e+01 1.00000982128345e+05 
7.66328890548658e+01 1.00001403190026e+05 
7.67908878834910e+01 1.00001856881194e+05 
7.69488867890563e+01 1.00002251245543e+05 
7.71068856575359e+01 1.00002641652320e+05 
7.72648846605642e+01 1.00003025037047e+05 
7.74228838477881e+01 1.00003359386316e+05 
7.75808832323467e+01 1.00003648877439e+05 
7.77388824246277e+01 1.00003911619901e+05 
7.78968816322887e+01 1.00004091367396e+05 
7.80548807011359e+01 1.00004252971330e+05 
7.82128796943324e+01 1.00004386774168e+05 
7.83708787081097e+01 1.00004510980874e+05 
7.85288777862713e+01 1.00004586117208e+05 
7.86868768060587e+01 1.00004585121196e+05 
7.88448759839678e+01 1.00004504393320e+05 
7.90028750293676e+01 1.00004388369689e+05 
7.91608740579794e+01 1.00004234928995e+05 
7.93188731240776e+01 1.00004107292739e+05 
7.94768722866737e+01 1.00003942582271e+05 
7.96348714744995e+01 1.00003656506493e+05 
7.97928707841639e+01 1.00003329444994e+05 
7.99508700431175e+01 1.00002959594935e+05 
8.01088692532010e+01 1.00002542308269e+05 
8.02668685571017e+01 1.00002178826269e+05 
8.04248679221742e+01 1.00001798434260e+05 
8.05828672895297e+01 1.00001293444957e+05 
8.07408668401889e+01 1.00000784726669e+05 
8.08988663183940e+01 1.00000239633612e+05 
8.10568658136689e+01 9.99996621736821e+04 
8.12148653641856e+01 9.99991464472937e+04 
8.13728650602450e+01 9.99986455592167e+04 
8.15308647094415e+01 9.99980621926030e+04 
8.16888645412167e+01 9.99975305225407e+04 
8.18468642992061e+01 9.99969734149962e+04 
8.20048640365115e+01 9.99964254510044e+04 
8.21628638878385e+01 9.99959456820726e+04 
8.23208638447879e+01 9.99955070497575e+04 
8.24788638290085e+01 9.99950646845233e+04 
8.26368639316287e+01 9.99947254338486e+04 
8.27948639928999e+01 9.99943898718617e+04 
8.29528640097892e+01 9.99941182919962e+04 
8.31108641257694e+01 9.99938771485641e+04 
8.32688643339817e+01 9.99936944682230e+04 
8.34268645003396e+01 9.99935796805629e+04 
8.35848648702901e+01 9.99935777572142e+04 
8.37428651207969e+01 9.99936102969562e+04 
8.39008653577218e+01 9.99937261606708e+04 
8.40588656514321e+01 9.99938229574367e+04 
8.42168660797810e+01 9.99939587503456e+04 
8.43748664504764e+01 9.99942147984614e+04 
8.45328669632765e+01 9.99945412921681e+04 
8.46908673910183e+01 9.99949156482458e+04 
8.48488677558302e+01 9.99953696691443e+04 
8.50068682338221e+01 9.99957638221631e+04 
8.51648687934220e+01 9.99961616828588e+04 
8.53228693020651e+01 9.99966728360731e+04 
8.54808699523303e+01 9.99971963654641e+04 
8.56388704750119e+01 9.99977482730510e+04 
8.57968709951201e+01 9.99983449158947e+04 
8.59548715414848e+01 9.99988631097916e+04 
8.61128721364377e+01 9.99993501102832e+04 
8.62708727179347e+01 9.99998981111128e+04 
8.64288733473842e+01 1.00000400727886e+05 
8.65868739800674e+01 1.00000916032022e+05 
8.67448745080638e+01 1.00001450743806e+05 
8.69028751837753e+01 1.00001911222876e+05 
8.70608758960404e+01 1.00002333021045e+05 
8.72188765860811e+01 1.00002757591012e+05 
8.73768773582707e+01 1.00003100163322e+05 
8.75348780012508e+01 1.00003442802084e+05 
8.76928786004829e+01 1.00003779946410e+05 
8.78508792441084e+01 1.00004077139012e+05 
8.80088800434000e+01 1.00004321926588e+05 
8.81668806916759e+01 1.00004515025685e+05 
8.83248814855233e+01 1.00004619769034e+05 
8.84828821285871e+01 1.00004704416665e+05 
8.86408826913246e+01 1.00004760078183e+05 
8.87988833442697e+01 1.00004813324526e+05 
8.89568840341034e+01 1.00004815000534e+05 
8.91148847006716e+01 1.00004710008875e+05 
8.92728853750260e+01 1.00004543432355e+05 
8.94308859501744e+01 1.00004349966673e+05 
8.95888863918260e+01 1.00004111371003e+05 
8.97468869365088e+01 1.00003904450873e+05 
8.99048875615784e+01 1.00003661160188e+05 
9.00628880436466e+01 1.00003294035916e+05 
9.02208886930447e+01 1.00002901966097e+05 
9.03788890986989e+01 1.00002481994118e+05 
9.05368894584843e+01 1.00002011872035e+05 
9.06948898189981e+01 1.00001597641131e+05 
9.08528902524989e+01 1.00001162682216e+05 
9.10108905775425e+01 1.00000622032772e+05 
9.11688909467955e+01 1.00000105574515e+05 
9.13268912145514e+01 9.99995681832580e+04 
9.14848913158008e+01 9.99990073905066e+04 
9.16428915822170e+01 9.99985059520765e+04 
9.18008918169298e+01 9.99980188690468e+04 
9.19588919708743e+01 9.99974874420082e+04 
9.21168922103786e+01 9.99970410737637e+04 
9.22748922710947e+01 9.99965888430159e+04 
9.24328922715071e+01 9.99961582973203e+04 
9.25908922911711e+01 9.99957768789722e+04 
9.27488924135160e+01 9.99954363226085e+04 
9.29068924081221e+01 9.99951325457631e+04 
9.30648924455409e+01 9.99949432993055e+04 
9.32228924177697e+01 9.99947756946545e+04 
9.33808923174738e+01 9.99946673579766e+04 
9.35388923127242e+01 9.99945641445872e+04 
9.36968923560327e+01 9.99945034469239e+04 
9.38548923989902e+01 9.99945442835312e+04 
9.40128924384549e+01 9.99946836979634e+04 
9.41708924405656e+01 9.99948618334388e+04 
9.43288923108054e+01 9.99951210733189e+04 
9.44868920599109e+01 9.99953431373392e+04 
9.46448916529606e+01 9.99955850170461e+04 
9.48028916076712e+01 9.99959506367075e+04 
9.49608914944496e+01 9.99963610017147e+04 
9.51188913057259e+01 9.99968122743201e+04 
9.52768912337209e+01 9.99973275394361e+04 
9.54348911411694e+01 9.99977687955300e+04 
9.55928911756063e+01 9.99981973788176e+04 
9.57508910635802e+01 9.99987194998683e+04 
9.59088910424678e+01 9.99992155525960e+04 
9.60668908867435e+01 9.99997282085851e+04 
9.62248906047757e+01 1.00000277742742e+05 
9.63828904827730e+01 1.00000763544545e+05 
9.65408903462501e+01 1.00001209187103e+05 
9.66988901623332e+01 1.00001687046877e+05 
9.68568900168082e+01 1.00002095190632e+05 
9.70148897240250e+01 1.00002503683565e+05 
9.71728892944551e+01 1.00002928075304e+05 
9.73308889047403e+01 1.00003304651446e+05 
9.74888886147520e+01 1.00003637894561e+05 
9.76468881266289e+01 1.00003944910470e+05 
9.78048877845412e+01 1.00004154633624e+05 
9.79628871957190e+01 1.00004346385560e+05 
9.81208865399089e+01 1.00004524613444e+05 
9.82788858937054e+01 1.00004694497652e+05 
9.84368853019583e+01 1.00004821456526e+05 
9.85948846206375e+01 1.00004861561348e+05 
9.87528839618249e+01 1.00004810980950e+05 
9.89108832001843e+01 1.00004731086182e+05 
9.90688822583182e+01 1.00004613724863e+05 
9.92268814607112e+01 1.00004521153648e+05 
9.93848806720824e+01 1.00004396473295e+05 
9.95428797821141e+01 1.00004156126764e+05 
9.97008790097915e+01 1.00003859374418e+05 
9.98588780603129e+01 1.00003524131949e+05 
1.00016877088879e+02 1.00003137102170e+05 
