# Liste des scalaires : TEMPS pmat 
0.00000000000000e+00 1.00000000000000e+05 
1.58013544018059e-01 1.00000000000000e+05 
3.16027088036117e-01 1.00000000000000e+05 
4.74040632054176e-01 1.00000000000000e+05 
6.32054176072234e-01 1.00000000000000e+05 
7.90067720090293e-01 1.00000000000000e+05 
9.48081264108351e-01 1.00000000000000e+05 
1.10609480812641e+00 1.00000000000000e+05 
1.26410835214447e+00 1.00000000000000e+05 
1.42212189616253e+00 1.00000000000000e+05 
1.58013544018058e+00 1.00000000000000e+05 
1.73814898419864e+00 1.00000000000000e+05 
1.89616252821670e+00 1.00000000000000e+05 
2.05417607223476e+00 1.00000000000000e+05 
2.21218961625282e+00 1.00000000000000e+05 
2.37020316027087e+00 1.00000000000000e+05 
2.52821670428893e+00 1.00000000000000e+05 
2.68623024830699e+00 1.00000000000000e+05 
2.84424379232505e+00 1.00000000000000e+05 
3.00225733634311e+00 1.00000000000000e+05 
3.16027088036116e+00 1.00000000000000e+05 
3.31828442437922e+00 1.00000000000000e+05 
3.47629796839728e+00 1.00000000000000e+05 
3.63431151241534e+00 1.00000000000000e+05 
3.79232505643340e+00 1.00000000000000e+05 
3.95033860045145e+00 1.00000000000000e+05 
4.10835214446951e+00 1.00000000000000e+05 
4.26636568848757e+00 1.00000000000000e+05 
4.42437923250563e+00 1.00000000000000e+05 
4.58239277652368e+00 1.00000000000000e+05 
4.74040632054174e+00 1.00000000000000e+05 
4.89841986455980e+00 1.00000000000000e+05 
5.05643340857786e+00 1.00000000000000e+05 
5.21444695259591e+00 1.00000000000000e+05 
5.37246049661397e+00 1.00000000000000e+05 
5.53047404063203e+00 1.00000000000000e+05 
5.68848758465009e+00 1.00000000000000e+05 
5.84650112866814e+00 1.00000000000000e+05 
6.00451467268620e+00 1.00000000000000e+05 
6.16252821670426e+00 1.00000000000000e+05 
6.32054176072231e+00 1.00000000000000e+05 
6.47855530474037e+00 1.00000000000000e+05 
6.63656884875843e+00 1.00000000000000e+05 
6.79458239277648e+00 1.00000000000000e+05 
6.95259593679454e+00 1.00000000000000e+05 
7.11060948081260e+00 1.00000000000000e+05 
7.26862302483065e+00 1.00000000000000e+05 
7.42663656884871e+00 1.00000000000000e+05 
7.58465011286677e+00 1.00000000000000e+05 
7.74266365688483e+00 1.00000000000000e+05 
7.90067720090288e+00 1.00000000000000e+05 
8.05869074492094e+00 1.00000000000000e+05 
8.21670428893899e+00 1.00000000000000e+05 
8.37471783295705e+00 1.00000000000000e+05 
8.53273137697511e+00 1.00000000000000e+05 
8.69074492099316e+00 1.00000000000000e+05 
8.84875846501122e+00 1.00000000000000e+05 
9.00677200902927e+00 1.00000000000000e+05 
9.16478555304733e+00 1.00000000000000e+05 
9.32279909706538e+00 1.00000000000000e+05 
9.48081264108344e+00 1.00000000000000e+05 
9.63882618510150e+00 1.00000000000000e+05 
9.79683972911955e+00 1.00000000000000e+05 
9.95485327313761e+00 1.00000000000000e+05 
1.01128668171557e+01 1.00000000000000e+05 
1.02708803611737e+01 1.00000000000000e+05 
1.04288939051918e+01 1.00000000000000e+05 
1.05869074492098e+01 1.00000000000000e+05 
1.07449209932279e+01 1.00000000000000e+05 
1.09029345372459e+01 1.00000000000000e+05 
1.10609480812640e+01 1.00000000000000e+05 
1.12189616252821e+01 1.00000000000000e+05 
1.13769751693001e+01 1.00000000000000e+05 
1.15349887133182e+01 1.00000000000000e+05 
1.16930022573362e+01 1.00000000000000e+05 
1.18510158013543e+01 1.00000000000000e+05 
1.20090293453723e+01 1.00000000000000e+05 
1.21670428893904e+01 1.00000000000000e+05 
1.23250564334084e+01 1.00000000000000e+05 
1.24830699774265e+01 1.00000000000000e+05 
1.26410835214446e+01 1.00000000000000e+05 
1.27990970654626e+01 1.00000000000000e+05 
1.29571106094807e+01 1.00000000000000e+05 
1.31151241534987e+01 1.00000000000000e+05 
1.32731376975168e+01 1.00000000000000e+05 
1.34311512415348e+01 1.00000000000000e+05 
1.35891647855529e+01 1.00000000000000e+05 
1.37471783295709e+01 1.00000000000000e+05 
1.39051918735890e+01 1.00000000000000e+05 
1.40632054176071e+01 1.00000000000000e+05 
1.42212189616251e+01 1.00000000000000e+05 
1.43792325056432e+01 1.00000000000000e+05 
1.45372460496612e+01 1.00000000000000e+05 
1.46952595936793e+01 1.00000000000000e+05 
1.48532731376973e+01 1.00000000000000e+05 
1.50112866817154e+01 1.00000000000000e+05 
1.51693002257334e+01 1.00000000000000e+05 
1.53273137697515e+01 1.00000000000000e+05 
1.54853273137695e+01 1.00000000000000e+05 
1.56433408577876e+01 1.00000000000000e+05 
1.58013544018057e+01 1.00000000000000e+05 
1.59593679458237e+01 1.00000000000000e+05 
1.61173814898418e+01 1.00000000000000e+05 
1.62753950338598e+01 1.00000000000000e+05 
1.64334085778779e+01 1.00000000000000e+05 
1.65914221218959e+01 1.00000000000000e+05 
1.67494356659140e+01 1.00000000000000e+05 
1.69074492099320e+01 1.00000000000000e+05 
1.70654627539501e+01 1.00000000000000e+05 
1.72234762979681e+01 1.00000000000000e+05 
1.73814898419862e+01 1.00000000000000e+05 
1.75395033860043e+01 1.00000000000000e+05 
1.76975169300223e+01 1.00000000000000e+05 
1.78555304740404e+01 1.00000000000000e+05 
1.80135440180584e+01 1.00000000000000e+05 
1.81715575620765e+01 1.00000000000000e+05 
1.83295711060945e+01 1.00000000000000e+05 
1.84875846501126e+01 1.00000000000000e+05 
1.86455981941306e+01 1.00000000000000e+05 
1.88036117381487e+01 1.00000000000000e+05 
1.89616252821667e+01 1.00000000000000e+05 
1.91196388261848e+01 1.00000000000000e+05 
1.92776523702028e+01 1.00000000000000e+05 
1.94356659142209e+01 1.00000000000000e+05 
1.95936794582390e+01 1.00000000000000e+05 
1.97516930022570e+01 1.00000000000000e+05 
1.99097065462751e+01 1.00000000000000e+05 
2.00677200902931e+01 1.00000000000000e+05 
2.02257336343112e+01 1.00000000000000e+05 
2.03837471783292e+01 1.00000000000000e+05 
2.05417607223473e+01 1.00000000000000e+05 
2.06997742663653e+01 1.00000000000000e+05 
2.08577878103834e+01 1.00000000000000e+05 
2.10158013544014e+01 1.00000000000000e+05 
2.11738148984195e+01 1.00000000000000e+05 
2.13318284424376e+01 1.00000000000000e+05 
2.14898419864556e+01 1.00000000000000e+05 
2.16478555304737e+01 1.00000000000000e+05 
2.18058690744917e+01 1.00000000000000e+05 
2.19638826185098e+01 1.00000000000000e+05 
2.21218961625278e+01 1.00000000000000e+05 
2.22799097065459e+01 1.00000000000000e+05 
2.24379232505639e+01 1.00000000000000e+05 
2.25959367945820e+01 1.00000000000000e+05 
2.27539503386000e+01 1.00000000000000e+05 
2.29119638826181e+01 1.00000000000000e+05 
2.30699774266361e+01 1.00000000000000e+05 
2.32279909706542e+01 1.00000000000000e+05 
2.33860045146723e+01 1.00000000000000e+05 
2.35440180586903e+01 1.00000000000000e+05 
2.37020316027084e+01 1.00000000000000e+05 
2.38600451467264e+01 1.00000000000000e+05 
2.40180586907445e+01 1.00000000000000e+05 
2.41760722347625e+01 1.00000000000000e+05 
2.43340857787806e+01 1.00000000000000e+05 
2.44920993227986e+01 1.00000000000000e+05 
2.46501128668167e+01 1.00000000000000e+05 
2.48081264108347e+01 1.00000000000000e+05 
2.49661399548528e+01 1.00000000000000e+05 
2.51241534988708e+01 1.00000000000000e+05 
2.52821670428889e+01 1.00000000000000e+05 
2.54401805869069e+01 1.00000000000000e+05 
2.55981941309250e+01 1.00000000000000e+05 
2.57562076749430e+01 1.00000000000000e+05 
2.59142212189611e+01 1.00000000000000e+05 
2.60722347629791e+01 1.00000000000000e+05 
2.62302483069972e+01 1.00000000000000e+05 
2.63882618510153e+01 1.00000000000000e+05 
2.65462753950333e+01 1.00000000000000e+05 
2.67042889390514e+01 1.00000000000000e+05 
2.68623024830694e+01 1.00000000000000e+05 
2.70203160270875e+01 1.00000000000000e+05 
2.71783295711055e+01 1.00000000000000e+05 
2.73363431151236e+01 1.00000000000000e+05 
2.74943566591416e+01 1.00000000000000e+05 
2.76523702031597e+01 1.00000000000000e+05 
2.78103837471777e+01 1.00000000000000e+05 
2.79683972911958e+01 1.00000000000000e+05 
2.81264108352138e+01 1.00000000000000e+05 
2.82844243792319e+01 1.00000000000000e+05 
2.84424379232499e+01 1.00000000000000e+05 
2.86004514672680e+01 1.00000000000000e+05 
2.87584650112860e+01 1.00000000000000e+05 
2.89164785553041e+01 1.00000000000000e+05 
2.90744920993221e+01 1.00000000000000e+05 
2.92325056433402e+01 1.00000000000000e+05 
2.93905191873582e+01 1.00000000000000e+05 
2.95485327313763e+01 1.00000000000000e+05 
2.97065462753943e+01 1.00000000000000e+05 
2.98645598194124e+01 1.00000000000000e+05 
3.00225733634304e+01 1.00000000000000e+05 
3.01805869074485e+01 1.00000000000000e+05 
3.03386004514665e+01 1.00000000000000e+05 
3.04966139954843e+01 1.00000000000000e+05 
3.06546275395003e+01 1.00000000000000e+05 
3.08126410834971e+01 1.00000000000000e+05 
3.09706546272957e+01 1.00000000000000e+05 
3.11286681708936e+01 1.00000000000000e+05 
3.12866817143274e+01 1.00000000000000e+05 
3.14446952574723e+01 1.00000000000000e+05 
3.16027088001674e+01 1.00000000000000e+05 
3.17607223421364e+01 1.00000000000000e+05 
3.19187358832495e+01 1.00000000000000e+05 
3.20767494226194e+01 1.00000000000000e+05 
3.22347629599941e+01 1.00000000000000e+05 
3.23927764943706e+01 1.00000000000000e+05 
3.25507900239423e+01 1.00000000000000e+05 
3.27088035457829e+01 1.00000000000000e+05 
3.28668170595274e+01 1.00000000000000e+05 
3.30248305599181e+01 1.00000000000000e+05 
3.31828440425992e+01 1.00000000000000e+05 
3.33408575031136e+01 1.00000000000000e+05 
3.34988709293862e+01 1.00000000000000e+05 
3.36568843063214e+01 1.00000000000000e+05 
3.38148976325709e+01 1.00000000000000e+05 
3.39729108878444e+01 1.00000000000000e+05 
3.41309240403887e+01 1.00000000000000e+05 
3.42889370834585e+01 1.00000000000000e+05 
3.44469499667095e+01 1.00000000000000e+05 
3.46049626416154e+01 1.00000000000000e+05 
3.47629751094123e+01 1.00000000000000e+05 
3.49209873220811e+01 1.00000000000000e+05 
3.50789991793260e+01 1.00000000000000e+05 
3.52370106929348e+01 1.00000000000000e+05 
3.53950217552060e+01 1.00000000000000e+05 
3.55530322801683e+01 1.00000000000000e+05 
3.57110422484800e+01 1.00000000000000e+05 
3.58690516557028e+01 1.00000000000000e+05 
3.60270604042267e+01 1.00000000000001e+05 
3.61850684108629e+01 1.00000000000001e+05 
3.63430757025597e+01 1.00000000000010e+05 
3.65010821998343e+01 1.00000000000040e+05 
3.66590879149553e+01 1.00000000000162e+05 
3.68170929429180e+01 1.00000000000300e+05 
3.69750972659910e+01 1.00000000000626e+05 
3.71331008599683e+01 1.00000000044960e+05 
3.72911038794230e+01 1.00000000358594e+05 
3.74491063311914e+01 1.00000000811887e+05 
3.76071083058444e+01 1.00000001252381e+05 
3.77651096857588e+01 1.00000001820891e+05 
3.79231104073047e+01 1.00000002569524e+05 
3.80811109502943e+01 1.00000003655799e+05 
3.82391112062999e+01 1.00000005371289e+05 
3.83971111660317e+01 1.00000007891796e+05 
3.85551109656345e+01 1.00000011393110e+05 
3.87131105571401e+01 1.00000016020569e+05 
3.88711098652798e+01 1.00000022385796e+05 
3.90291090063081e+01 1.00000031314446e+05 
3.91871079803516e+01 1.00000044417945e+05 
3.93451069164122e+01 1.00000062369465e+05 
3.95031056072435e+01 1.00000085833569e+05 
3.96611044176520e+01 1.00000115257926e+05 
3.98191030871787e+01 1.00000153503421e+05 
3.99771018088401e+01 1.00000204556729e+05 
4.01351007074698e+01 1.00000274962981e+05 
4.02930997022155e+01 1.00000365722923e+05 
4.04510986021552e+01 1.00000477475392e+05 
4.06090971618161e+01 1.00000609572689e+05 
4.07670958737284e+01 1.00000770458250e+05 
4.09250951708767e+01 1.00000973850347e+05 
4.10830945501286e+01 1.00001234263144e+05 
4.12410939472816e+01 1.00001546938140e+05 
4.13990933807653e+01 1.00001905933276e+05 
4.15570928592266e+01 1.00002300507764e+05 
4.17150923413803e+01 1.00002743731898e+05 
4.18730918618998e+01 1.00003268827821e+05 
4.20310913871491e+01 1.00003887917978e+05 
4.21890909437351e+01 1.00004569101177e+05 
4.23470905543198e+01 1.00005282286345e+05 
4.25050902256413e+01 1.00005990843229e+05 
4.26630899184684e+01 1.00006701581905e+05 
4.28210896745392e+01 1.00007486304572e+05 
4.29790892602239e+01 1.00008332031088e+05 
4.31370888188632e+01 1.00009154932685e+05 
4.32950884109090e+01 1.00009903407832e+05 
4.34530877023690e+01 1.00010512569955e+05 
4.36110866376294e+01 1.00011007273907e+05 
4.37690854724754e+01 1.00011529662180e+05 
4.39270845035842e+01 1.00012038947986e+05 
4.40850833364672e+01 1.00012408149888e+05 
4.42430820276957e+01 1.00012597372773e+05 
4.44010804989590e+01 1.00012535184063e+05 
4.45590788134630e+01 1.00012288726870e+05 
4.47170770655565e+01 1.00012088350371e+05 
4.48750752148097e+01 1.00011881705635e+05 
4.50330732938293e+01 1.00011562200653e+05 
4.51910713795358e+01 1.00011037929823e+05 
4.53490693983586e+01 1.00010246713888e+05 
4.55070674106562e+01 1.00009297932680e+05 
4.56650653676240e+01 1.00008446200462e+05 
4.58230631625694e+01 1.00007714747511e+05 
4.59810608096228e+01 1.00006944521001e+05 
4.61390583312556e+01 1.00006062609804e+05 
4.62970557728472e+01 1.00004963520229e+05 
4.64550531385988e+01 1.00003804121438e+05 
4.66130504658573e+01 1.00002788094241e+05 
4.67710476910669e+01 1.00001978857943e+05 
4.69290448370875e+01 1.00001299806794e+05 
4.70870418817074e+01 1.00000615167647e+05 
4.72450388394929e+01 9.99998261416153e+04 
4.74030357844738e+01 9.99990477724818e+04 
4.75610327369803e+01 9.99983767765448e+04 
4.77190296641417e+01 9.99979203071914e+04 
4.78770265567167e+01 9.99976364018582e+04 
4.80350232907807e+01 9.99973845487434e+04 
4.81930199724646e+01 9.99971043591697e+04 
4.83510166821919e+01 9.99967943395583e+04 
4.85090134340476e+01 9.99964606572456e+04 
4.86670101864053e+01 9.99962006118827e+04 
4.88250069367958e+01 9.99960151539216e+04 
4.89830037017608e+01 9.99958084231556e+04 
4.91410003791622e+01 9.99955961532899e+04 
4.92989969712441e+01 9.99953177300203e+04 
4.94569936135427e+01 9.99949140524705e+04 
4.96149902571749e+01 9.99944558608557e+04 
4.97729869349215e+01 9.99939907875241e+04 
4.99309836461128e+01 9.99935213723263e+04 
5.00889804092298e+01 9.99931207135507e+04 
5.02469772586986e+01 9.99927332311148e+04 
5.04049742099479e+01 9.99922482271996e+04 
5.05629710368897e+01 9.99917094082398e+04 
5.07209677221875e+01 9.99911777521261e+04 
5.08789643925024e+01 9.99907041045196e+04 
5.10369611214738e+01 9.99904241083674e+04 
5.11949579837573e+01 9.99902389991097e+04 
5.13529549196390e+01 9.99900037238802e+04 
5.15109519220113e+01 9.99897251292995e+04 
5.16689490194469e+01 9.99894725757575e+04 
5.18269461871349e+01 9.99893211624993e+04 
5.19849434232851e+01 9.99894084370317e+04 
5.21429407955823e+01 9.99896285080913e+04 
5.23009380095267e+01 9.99897957301811e+04 
5.24589351151370e+01 9.99898938448610e+04 
5.26169322605497e+01 9.99899931469340e+04 
5.27749294397864e+01 9.99901996679251e+04 
5.29329267403186e+01 9.99906630764517e+04 
5.30909241439174e+01 9.99912901069819e+04 
5.32489216473604e+01 9.99918209205407e+04 
5.34069192807000e+01 9.99922497046927e+04 
5.35649170063727e+01 9.99926628669088e+04 
5.37229148023365e+01 9.99931667138276e+04 
5.38809127246988e+01 9.99939226405414e+04 
5.40389107877367e+01 9.99948383360731e+04 
5.41969089517492e+01 9.99956962163770e+04 
5.43549072484630e+01 9.99964677376001e+04 
5.45129054270051e+01 9.99971971391512e+04 
5.46709034516164e+01 9.99979936092636e+04 
5.48289014795824e+01 9.99990016762066e+04 
5.49868996507851e+01 1.00000139861138e+05 
5.51448978880694e+01 1.00001273829003e+05 
5.53028962526066e+01 1.00002332197224e+05 
5.54608947556885e+01 1.00003331621854e+05 
5.56188933188464e+01 1.00004379772099e+05 
5.57768920070724e+01 1.00005513423299e+05 
5.59348908650161e+01 1.00006708275150e+05 
5.60928898167026e+01 1.00007918731638e+05 
5.62508889037190e+01 1.00009018325991e+05 
5.64088881394332e+01 1.00009992385617e+05 
5.65668874484921e+01 1.00010909882720e+05 
5.67248868836807e+01 1.00011726355069e+05 
5.68828864893542e+01 1.00012435088158e+05 
5.70408861960338e+01 1.00013097827050e+05 
5.71988860391269e+01 1.00013623809129e+05 
5.73568857825965e+01 1.00013942803656e+05 
5.75148854374958e+01 1.00014090330816e+05 
5.76728851158728e+01 1.00013991017044e+05 
5.78308849012099e+01 1.00013658292277e+05 
5.79888847480601e+01 1.00013293386289e+05 
5.81468847532464e+01 1.00012872664397e+05 
5.83048848708051e+01 1.00012279830945e+05 
5.84628851001882e+01 1.00011523028650e+05 
5.86208854661624e+01 1.00010435016613e+05 
5.87788859510897e+01 1.00009172407395e+05 
5.89368865555350e+01 1.00007925020272e+05 
5.90948872830377e+01 1.00006743841201e+05 
5.92528880864323e+01 1.00005542951557e+05 
5.94108889302507e+01 1.00004239535708e+05 
5.95688898327881e+01 1.00002701337252e+05 
5.97268908041111e+01 1.00001055896901e+05 
5.98848918003332e+01 9.99995440401534e+04 
6.00428928680254e+01 9.99982363351430e+04 
6.02008940796456e+01 9.99970888592126e+04 
6.03588954725139e+01 9.99959703584899e+04 
6.05168971072922e+01 9.99947718575248e+04 
6.06748990531746e+01 9.99935782886719e+04 
6.08329010433522e+01 9.99925041734772e+04 
6.09909029438758e+01 9.99916142564298e+04 
6.11489044805151e+01 9.99909362027240e+04 
6.13069057727749e+01 9.99903361484313e+04 
6.14649070351632e+01 9.99897629933864e+04 
6.16229081384915e+01 9.99892006460573e+04 
6.17809092441211e+01 9.99885860248634e+04 
6.19389101339700e+01 9.99880513824056e+04 
6.20969109801752e+01 9.99876859667080e+04 
6.22549119387378e+01 9.99874145142056e+04 
6.24129129488496e+01 9.99872988250365e+04 
6.25709138861800e+01 9.99872301600896e+04 
6.27289151983368e+01 9.99870527110648e+04 
6.28869165870729e+01 9.99869061502532e+04 
6.30449181597254e+01 9.99869210609907e+04 
6.32029200758520e+01 9.99870882047258e+04 
6.33609221827735e+01 9.99875288301883e+04 
6.35189242560073e+01 9.99881108102996e+04 
6.36769260693996e+01 9.99886045311911e+04 
6.38349281051127e+01 9.99890504464639e+04 
6.39929298098694e+01 9.99895699607473e+04 
6.41509316615666e+01 9.99902206542857e+04 
6.43089337942408e+01 9.99911646847917e+04 
6.44669357869463e+01 9.99922493207922e+04 
6.46249374433373e+01 9.99933008328080e+04 
6.47829389136374e+01 9.99942296740102e+04 
6.49409399663625e+01 9.99951285906404e+04 
6.50989409632269e+01 9.99961316752304e+04 
6.52569421377169e+01 9.99973765977541e+04 
6.54149430085585e+01 9.99987441751620e+04 
6.55729437641150e+01 1.00000075583972e+05 
6.57309443638751e+01 1.00001248843404e+05 
6.58889448714392e+01 1.00002274118386e+05 
6.60469454271883e+01 1.00003317702772e+05 
6.62049458871531e+01 1.00004465577722e+05 
6.63629460911794e+01 1.00005669863534e+05 
6.65209461944869e+01 1.00006855128995e+05 
6.66789460139657e+01 1.00007873331155e+05 
6.68369454321013e+01 1.00008679444304e+05 
6.69949447414460e+01 1.00009408252448e+05 
6.71529441536746e+01 1.00010071201363e+05 
6.73109433241402e+01 1.00010700228040e+05 
6.74689424701647e+01 1.00011371416397e+05 
6.76269417991850e+01 1.00011928410186e+05 
6.77849410142811e+01 1.00012269104622e+05 
6.79429404441664e+01 1.00012481482141e+05 
6.81009399323400e+01 1.00012482875568e+05 
6.82589394467423e+01 1.00012342909973e+05 
6.84169390831585e+01 1.00012255193314e+05 
6.85749387125848e+01 1.00012127910708e+05 
6.87329381770452e+01 1.00011824079693e+05 
6.88909376719355e+01 1.00011344074557e+05 
6.90489371579850e+01 1.00010549689142e+05 
6.92069365995741e+01 1.00009557005673e+05 
6.93649360510441e+01 1.00008620344959e+05 
6.95229353740816e+01 1.00007713754988e+05 
6.96809345840638e+01 1.00006757188178e+05 
6.98389340499524e+01 1.00005703217420e+05 
6.99969337688401e+01 1.00004337397675e+05 
7.01549335087798e+01 1.00002815929480e+05 
7.03129334087804e+01 1.00001337976685e+05 
7.04709333808406e+01 1.00000012926160e+05 
7.06289333787524e+01 9.99988031955691e+04 
7.07869336204822e+01 9.99975855414250e+04 
7.09449340672215e+01 9.99961948193272e+04 
7.11029345997939e+01 9.99947055914705e+04 
7.12609350713582e+01 9.99932382564862e+04 
7.14189347160093e+01 9.99919765205060e+04 
7.15769336370085e+01 9.99909535415545e+04 
7.17349322495437e+01 9.99900025436791e+04 
7.18929307461385e+01 9.99890720393146e+04 
7.20509289766604e+01 9.99881405802121e+04 
7.22089272661357e+01 9.99871770449047e+04 
7.23669254718874e+01 9.99863828868220e+04 
7.25249235776293e+01 9.99858593138380e+04 
7.26829219494500e+01 9.99854985014480e+04 
7.28409203727508e+01 9.99853334731381e+04 
7.29989186538633e+01 9.99852644484071e+04 
7.31569171184710e+01 9.99851163345974e+04 
7.33149154807419e+01 9.99850152912908e+04 
7.34729138742871e+01 9.99851292536337e+04 
7.36309123482416e+01 9.99854266926436e+04 
7.37889111043111e+01 9.99860276932296e+04 
7.39469098644377e+01 9.99868259022281e+04 
7.41049087471577e+01 9.99875320525427e+04 
7.42629075233993e+01 9.99881870205875e+04 
7.44209062786759e+01 9.99889394233235e+04 
7.45789051660299e+01 9.99898443300833e+04 
7.47369040521852e+01 9.99911211292917e+04 
7.48949026971529e+01 9.99925877137649e+04 
7.50529013271319e+01 9.99939976634869e+04 
7.52109000002093e+01 9.99952541042050e+04 
7.53688985762336e+01 9.99964552317155e+04 
7.55268972581844e+01 9.99977463884678e+04 
7.56848960103278e+01 9.99993108138929e+04 
7.58428947255754e+01 1.00001020784843e+05 
7.60008936594136e+01 1.00002689011142e+05 
7.61588924322546e+01 1.00004126854146e+05 
7.63168911638559e+01 1.00005344140093e+05 
7.64748900450755e+01 1.00006549081729e+05 
7.66328890548658e+01 1.00007844274693e+05 
7.67908878834910e+01 1.00009192314937e+05 
7.69488867890563e+01 1.00010521272772e+05 
7.71068856575359e+01 1.00011622885742e+05 
7.72648846605642e+01 1.00012424768900e+05 
7.74228838477881e+01 1.00013095196769e+05 
7.75808832323467e+01 1.00013626744137e+05 
7.77388824246277e+01 1.00014075257591e+05 
7.78968816322887e+01 1.00014576967658e+05 
7.80548807011359e+01 1.00014915784871e+05 
7.82128796943324e+01 1.00014971210438e+05 
7.83708787081097e+01 1.00014810016412e+05 
7.85288777862713e+01 1.00014359950904e+05 
7.86868768060587e+01 1.00013737628946e+05 
7.88448759839678e+01 1.00013174484482e+05 
7.90028750293676e+01 1.00012584256454e+05 
7.91608740579794e+01 1.00011824396904e+05 
7.93188731240776e+01 1.00010898407247e+05 
7.94768722866737e+01 1.00009624251579e+05 
7.96348714744995e+01 1.00008180452396e+05 
7.97928707841639e+01 1.00006809909503e+05 
7.99508700431175e+01 1.00005556736199e+05 
8.01088692532010e+01 1.00004334532592e+05 
8.02668685571017e+01 1.00003040548178e+05 
8.04248679221742e+01 1.00001495355610e+05 
8.05828672895297e+01 9.99998044213785e+04 
8.07408668401889e+01 9.99981733417981e+04 
8.08988663183940e+01 9.99967440463545e+04 
8.10568658136689e+01 9.99955224183996e+04 
8.12148653641856e+01 9.99943279961852e+04 
8.13728650602450e+01 9.99930187184284e+04 
8.15308647094415e+01 9.99916077724626e+04 
8.16888645412167e+01 9.99902209384483e+04 
8.18468642992061e+01 9.99890479445706e+04 
8.20048640365115e+01 9.99881551224135e+04 
8.21628638878385e+01 9.99873921874152e+04 
8.23208638447879e+01 9.99867458251016e+04 
8.24788638290085e+01 9.99861229654674e+04 
8.26368639316287e+01 9.99854310303365e+04 
8.27948639928999e+01 9.99848747191087e+04 
8.29528640097892e+01 9.99846038678703e+04 
8.31108641257694e+01 9.99845457600344e+04 
8.32688643339817e+01 9.99847147277202e+04 
8.34268645003396e+01 9.99850208735494e+04 
8.35848648702901e+01 9.99852643835910e+04 
8.37428651207969e+01 9.99855347641313e+04 
8.39008653577218e+01 9.99859847345427e+04 
8.40588656514321e+01 9.99866136186893e+04 
8.42168660797810e+01 9.99876068467618e+04 
8.43748664504764e+01 9.99887820807578e+04 
8.45328669632765e+01 9.99898894588585e+04 
8.46908673910183e+01 9.99909235470708e+04 
8.48488677558302e+01 9.99920009434209e+04 
8.50068682338221e+01 9.99931968345130e+04 
8.51648687934220e+01 9.99947036466739e+04 
8.53228693020651e+01 9.99964125427623e+04 
8.54808699523303e+01 9.99980888213177e+04 
8.56388704750119e+01 9.99995895365611e+04 
8.57968709951201e+01 1.00000962447803e+05 
8.59548715414848e+01 1.00002339235692e+05 
8.61128721364377e+01 1.00003905556907e+05 
8.62708727179347e+01 1.00005592430778e+05 
8.64288733473842e+01 1.00007259094236e+05 
8.65868739800674e+01 1.00008706863962e+05 
8.67448745080638e+01 1.00009898928605e+05 
8.69028751837753e+01 1.00010985135333e+05 
8.70608758960404e+01 1.00012010614447e+05 
8.72188765860811e+01 1.00013028664897e+05 
8.73768773582707e+01 1.00014069653813e+05 
8.75348780012508e+01 1.00014919963892e+05 
8.76928786004829e+01 1.00015468819916e+05 
8.78508792441084e+01 1.00015797561027e+05 
8.80088800434000e+01 1.00015898265135e+05 
8.81668806916759e+01 1.00015851532158e+05 
8.83248814855233e+01 1.00015838928837e+05 
8.84828821285871e+01 1.00015725813126e+05 
8.86408826913246e+01 1.00015354590406e+05 
8.87988833442697e+01 1.00014769887387e+05 
8.89568840341034e+01 1.00013805387553e+05 
8.91148847006716e+01 1.00012652676850e+05 
8.92728853750260e+01 1.00011567696949e+05 
8.94308859501744e+01 1.00010507814155e+05 
8.95888863918260e+01 1.00009378760160e+05 
8.97468869365088e+01 1.00008145609266e+05 
8.99048875615784e+01 1.00006541417431e+05 
9.00628880436466e+01 1.00004772172396e+05 
9.02208886930447e+01 1.00003070696401e+05 
9.03788890986989e+01 1.00001552803771e+05 
9.05368894584843e+01 1.00000151780658e+05 
9.06948898189981e+01 9.99987521397969e+04 
9.08528902524989e+01 9.99971542377120e+04 
9.10108905775425e+01 9.99954298611288e+04 
9.11688909467955e+01 9.99937451065940e+04 
9.13268912145514e+01 9.99922907728029e+04 
9.14848913158008e+01 9.99910935848011e+04 
9.16428915822170e+01 9.99900096563379e+04 
9.18008918169298e+01 9.99889296497660e+04 
9.19588919708743e+01 9.99878081073571e+04 
9.21168922103786e+01 9.99866651533453e+04 
9.22748922710947e+01 9.99857238425087e+04 
9.24328922715071e+01 9.99850988378846e+04 
9.25908922911711e+01 9.99846483809983e+04 
9.27488924135160e+01 9.99843843241201e+04 
9.29068924081221e+01 9.99842303865025e+04 
9.30648924455409e+01 9.99840142514169e+04 
9.32228924177697e+01 9.99838865231097e+04 
9.33808923174738e+01 9.99840108750349e+04 
9.35388923127242e+01 9.99843271590960e+04 
9.36968923560327e+01 9.99849765999491e+04 
9.38548923989902e+01 9.99857923704259e+04 
9.40128924384549e+01 9.99865529810443e+04 
9.41708924405656e+01 9.99872691415282e+04 
9.43288923108054e+01 9.99881147477276e+04 
9.44868920599109e+01 9.99891220468256e+04 
9.46448916529606e+01 9.99904856848595e+04 
9.48028916076712e+01 9.99920583342393e+04 
9.49608914944496e+01 9.99935886702565e+04 
9.51188913057259e+01 9.99949890988826e+04 
9.52768912337209e+01 9.99963430615135e+04 
9.54348911411694e+01 9.99977568441101e+04 
9.55928911756063e+01 9.99994594411817e+04 
9.57508910635802e+01 1.00001293079103e+05 
9.59088910424678e+01 1.00003102014740e+05 
9.60668908867435e+01 1.00004702693083e+05 
9.62248906047757e+01 1.00006079644195e+05 
9.63828904827730e+01 1.00007392958721e+05 
9.65408903462501e+01 1.00008771402949e+05 
9.66988901623332e+01 1.00010222875803e+05 
9.68568900168082e+01 1.00011642549171e+05 
9.70148897240250e+01 1.00012836931900e+05 
9.71728892944551e+01 1.00013724384796e+05 
9.73308889047403e+01 1.00014444543912e+05 
9.74888886147520e+01 1.00015013617846e+05 
9.76468881266289e+01 1.00015497229996e+05 
9.78048877845412e+01 1.00016010474278e+05 
9.79628871957190e+01 1.00016361532018e+05 
9.81208865399089e+01 1.00016406694899e+05 
9.82788858937054e+01 1.00016225225201e+05 
9.84368853019583e+01 1.00015726708820e+05 
9.85948846206375e+01 1.00015053969417e+05 
9.87528839618249e+01 1.00014424792594e+05 
9.89108832001843e+01 1.00013756306605e+05 
9.90688822583182e+01 1.00012901814320e+05 
9.92268814607112e+01 1.00011867980062e+05 
9.93848806720824e+01 1.00010462920596e+05 
9.95428797821141e+01 1.00008880372799e+05 
9.97008790097915e+01 1.00007372797131e+05 
9.98588780603129e+01 1.00005965528398e+05 
1.00016877088879e+02 1.00004571078987e+05 
