# Liste des scalaires : TEMPS pmat 
0.00000000000000e+00 1.00000000000000e+05 
1.58013544018059e-01 1.00000000000000e+05 
3.16027088036117e-01 1.00000000000000e+05 
4.74040632054176e-01 1.00000000000000e+05 
6.32054176072234e-01 1.00000000000000e+05 
7.90067720090293e-01 1.00000000000000e+05 
9.48081264108351e-01 1.00000000000000e+05 
1.10609480812641e+00 1.00000000000000e+05 
1.26410835214447e+00 1.00000000000000e+05 
1.42212189616253e+00 1.00000000000000e+05 
1.58013544018058e+00 1.00000000000000e+05 
1.73814898419864e+00 1.00000000000000e+05 
1.89616252821670e+00 1.00000000000000e+05 
2.05417607223476e+00 1.00000000000000e+05 
2.21218961625282e+00 1.00000000000000e+05 
2.37020316027087e+00 1.00000000000000e+05 
2.52821670428893e+00 1.00000000000000e+05 
2.68623024830699e+00 1.00000000000000e+05 
2.84424379232505e+00 1.00000000000000e+05 
3.00225733634311e+00 1.00000000000000e+05 
3.16027088036116e+00 1.00000000000000e+05 
3.31828442437922e+00 1.00000000000000e+05 
3.47629796839728e+00 1.00000000000000e+05 
3.63431151241534e+00 1.00000000000000e+05 
3.79232505643340e+00 1.00000000000000e+05 
3.95033860045145e+00 1.00000000000000e+05 
4.10835214446951e+00 1.00000000000000e+05 
4.26636568848757e+00 1.00000000000000e+05 
4.42437923250563e+00 1.00000000000000e+05 
4.58239277652368e+00 1.00000000000000e+05 
4.74040632054174e+00 1.00000000000000e+05 
4.89841986455980e+00 1.00000000000000e+05 
5.05643340857786e+00 1.00000000000000e+05 
5.21444695259591e+00 1.00000000000000e+05 
5.37246049661397e+00 1.00000000000000e+05 
5.53047404063203e+00 1.00000000000000e+05 
5.68848758465009e+00 1.00000000000000e+05 
5.84650112866814e+00 1.00000000000000e+05 
6.00451467268620e+00 1.00000000000000e+05 
6.16252821670426e+00 1.00000000000000e+05 
6.32054176072231e+00 1.00000000000000e+05 
6.47855530474037e+00 1.00000000000000e+05 
6.63656884875843e+00 1.00000000000000e+05 
6.79458239277648e+00 1.00000000000000e+05 
6.95259593679454e+00 1.00000000000000e+05 
7.11060948081260e+00 1.00000000000000e+05 
7.26862302483065e+00 1.00000000000000e+05 
7.42663656884871e+00 1.00000000000000e+05 
7.58465011286677e+00 1.00000000000000e+05 
7.74266365688483e+00 1.00000000000000e+05 
7.90067720090288e+00 1.00000000000000e+05 
8.05869074492094e+00 1.00000000000000e+05 
8.21670428893899e+00 1.00000000000000e+05 
8.37471783295705e+00 1.00000000000000e+05 
8.53273137697511e+00 1.00000000000000e+05 
8.69074492099316e+00 1.00000000000000e+05 
8.84875846501122e+00 1.00000000000000e+05 
9.00677200902927e+00 1.00000000000000e+05 
9.16478555304733e+00 1.00000000000000e+05 
9.32279909706538e+00 1.00000000000000e+05 
9.48081264108344e+00 1.00000000000000e+05 
9.63882618510150e+00 1.00000000000000e+05 
9.79683972911955e+00 1.00000000000000e+05 
9.95485327313761e+00 1.00000000000000e+05 
1.01128668171557e+01 1.00000000000000e+05 
1.02708803611737e+01 1.00000000000000e+05 
1.04288939051918e+01 1.00000000000000e+05 
1.05869074492098e+01 1.00000000000000e+05 
1.07449209932279e+01 1.00000000000000e+05 
1.09029345372459e+01 1.00000000000000e+05 
1.10609480812640e+01 1.00000000000000e+05 
1.12189616252821e+01 1.00000000000000e+05 
1.13769751693001e+01 1.00000000000000e+05 
1.15349887133182e+01 1.00000000000000e+05 
1.16930022573362e+01 1.00000000000000e+05 
1.18510158013543e+01 1.00000000000000e+05 
1.20090293453723e+01 1.00000000000000e+05 
1.21670428893904e+01 1.00000000000000e+05 
1.23250564334084e+01 1.00000000000000e+05 
1.24830699774265e+01 1.00000000000000e+05 
1.26410835214446e+01 1.00000000000000e+05 
1.27990970654626e+01 1.00000000000000e+05 
1.29571106094807e+01 1.00000000000000e+05 
1.31151241534987e+01 1.00000000000000e+05 
1.32731376975168e+01 1.00000000000000e+05 
1.34311512415348e+01 1.00000000000000e+05 
1.35891647855529e+01 1.00000000000000e+05 
1.37471783295709e+01 1.00000000000000e+05 
1.39051918735890e+01 1.00000000000000e+05 
1.40632054176071e+01 1.00000000000000e+05 
1.42212189616251e+01 1.00000000000000e+05 
1.43792325056432e+01 1.00000000000000e+05 
1.45372460496612e+01 1.00000000000000e+05 
1.46952595936793e+01 1.00000000000000e+05 
1.48532731376973e+01 1.00000000000000e+05 
1.50112866817154e+01 1.00000000000000e+05 
1.51693002257334e+01 1.00000000000000e+05 
1.53273137697515e+01 1.00000000000000e+05 
1.54853273137695e+01 1.00000000000000e+05 
1.56433408577876e+01 1.00000000000000e+05 
1.58013544018057e+01 1.00000000000000e+05 
1.59593679458237e+01 1.00000000000000e+05 
1.61173814898418e+01 1.00000000000000e+05 
1.62753950338598e+01 1.00000000000000e+05 
1.64334085778779e+01 1.00000000000000e+05 
1.65914221218959e+01 1.00000000000000e+05 
1.67494356659140e+01 1.00000000000000e+05 
1.69074492099320e+01 1.00000000000000e+05 
1.70654627539501e+01 1.00000000000000e+05 
1.72234762979681e+01 1.00000000000000e+05 
1.73814898419862e+01 1.00000000000000e+05 
1.75395033860043e+01 1.00000000000000e+05 
1.76975169300223e+01 1.00000000000000e+05 
1.78555304740404e+01 1.00000000000000e+05 
1.80135440180584e+01 1.00000000000000e+05 
1.81715575620765e+01 1.00000000000000e+05 
1.83295711060945e+01 1.00000000000000e+05 
1.84875846501126e+01 1.00000000000000e+05 
1.86455981941306e+01 1.00000000000000e+05 
1.88036117381487e+01 1.00000000000000e+05 
1.89616252821667e+01 1.00000000000000e+05 
1.91196388261848e+01 1.00000000000000e+05 
1.92776523702028e+01 1.00000000000000e+05 
1.94356659142209e+01 1.00000000000000e+05 
1.95936794582390e+01 1.00000000000000e+05 
1.97516930022570e+01 1.00000000000000e+05 
1.99097065462751e+01 1.00000000000000e+05 
2.00677200902931e+01 1.00000000000000e+05 
2.02257336343112e+01 1.00000000000000e+05 
2.03837471783292e+01 1.00000000000000e+05 
2.05417607223473e+01 1.00000000000000e+05 
2.06997742663653e+01 1.00000000000000e+05 
2.08577878103834e+01 1.00000000000000e+05 
2.10158013544014e+01 1.00000000000000e+05 
2.11738148984195e+01 1.00000000000000e+05 
2.13318284424376e+01 1.00000000000000e+05 
2.14898419864556e+01 1.00000000000000e+05 
2.16478555304737e+01 1.00000000000000e+05 
2.18058690744917e+01 1.00000000000000e+05 
2.19638826185098e+01 1.00000000000000e+05 
2.21218961625278e+01 1.00000000000000e+05 
2.22799097065459e+01 1.00000000000000e+05 
2.24379232505639e+01 1.00000000000000e+05 
2.25959367945820e+01 1.00000000000000e+05 
2.27539503386000e+01 1.00000000000000e+05 
2.29119638826181e+01 1.00000000000000e+05 
2.30699774266361e+01 1.00000000000000e+05 
2.32279909706542e+01 1.00000000000000e+05 
2.33860045146723e+01 1.00000000000000e+05 
2.35440180586903e+01 1.00000000000000e+05 
2.37020316027084e+01 1.00000000000000e+05 
2.38600451467264e+01 1.00000000000000e+05 
2.40180586907445e+01 1.00000000000000e+05 
2.41760722347625e+01 1.00000000000000e+05 
2.43340857787806e+01 1.00000000000000e+05 
2.44920993227986e+01 1.00000000000000e+05 
2.46501128668167e+01 1.00000000000000e+05 
2.48081264108347e+01 1.00000000000000e+05 
2.49661399548528e+01 1.00000000000000e+05 
2.51241534988708e+01 1.00000000000000e+05 
2.52821670428889e+01 1.00000000000000e+05 
2.54401805869069e+01 1.00000000000000e+05 
2.55981941309250e+01 1.00000000000000e+05 
2.57562076749430e+01 1.00000000000001e+05 
2.59142212189611e+01 1.00000000000008e+05 
2.60722347629791e+01 1.00000000000103e+05 
2.62302483069972e+01 1.00000000000725e+05 
2.63882618510153e+01 1.00000000001913e+05 
2.65462753950333e+01 1.00000000014843e+05 
2.67042889390514e+01 1.00000000219533e+05 
2.68623024830694e+01 1.00000000728829e+05 
2.70203160270875e+01 1.00000001492295e+05 
2.71783295711055e+01 1.00000002787826e+05 
2.73363431151236e+01 1.00000004742418e+05 
2.74943566591416e+01 1.00000008066495e+05 
2.76523702031597e+01 1.00000014718207e+05 
2.78103837471777e+01 1.00000024683584e+05 
2.79683972911958e+01 1.00000042322128e+05 
2.81264108352138e+01 1.00000068248648e+05 
2.82844243792319e+01 1.00000106456041e+05 
2.84424379232499e+01 1.00000164531640e+05 
2.86004514672680e+01 1.00000266298781e+05 
2.87584650112860e+01 1.00000408298394e+05 
2.89164785553041e+01 1.00000617848606e+05 
2.90744920993221e+01 1.00000888115088e+05 
2.92325056433402e+01 1.00001251892203e+05 
2.93905191873582e+01 1.00001727525644e+05 
2.95485327313763e+01 1.00002426441706e+05 
2.97065462753943e+01 1.00003305262013e+05 
2.98645598194124e+01 1.00004381612215e+05 
3.00225733634304e+01 1.00005579933059e+05 
3.01805869074485e+01 1.00007017039301e+05 
3.03386004514665e+01 1.00008618381781e+05 
3.04966139954843e+01 1.00010570377589e+05 
3.06546275395003e+01 1.00012748781330e+05 
3.08126410834971e+01 1.00014981832319e+05 
3.09706546272957e+01 1.00017109429418e+05 
3.11286681708936e+01 1.00019348487033e+05 
3.12866817143274e+01 1.00021481183644e+05 
3.14446952574723e+01 1.00023652433123e+05 
3.16027088001674e+01 1.00025811110947e+05 
3.17607223421364e+01 1.00027743083030e+05 
3.19187358832495e+01 1.00029322408238e+05 
3.20767494226194e+01 1.00030788355419e+05 
3.22347629599941e+01 1.00031948514230e+05 
3.23927764943706e+01 1.00032889097146e+05 
3.25507900239423e+01 1.00033632104693e+05 
3.27088035457829e+01 1.00034115247486e+05 
3.28668170595274e+01 1.00034238343595e+05 
3.30248305599181e+01 1.00034130322128e+05 
3.31828440425992e+01 1.00033684509656e+05 
3.33408575031136e+01 1.00032913358530e+05 
3.34988709293862e+01 1.00031869585132e+05 
3.36568843063214e+01 1.00030654542093e+05 
3.38148976325709e+01 1.00029241784731e+05 
3.39729108878444e+01 1.00027589538461e+05 
3.41309240403887e+01 1.00025691692883e+05 
3.42889370834585e+01 1.00023452825916e+05 
3.44469499667095e+01 1.00020953608375e+05 
3.46049626416154e+01 1.00018432606255e+05 
3.47629751094123e+01 1.00015937403731e+05 
3.49209873220811e+01 1.00013239975203e+05 
3.50789991793260e+01 1.00010437704333e+05 
3.52370106929348e+01 1.00007342309047e+05 
3.53950217552060e+01 1.00004042891454e+05 
3.55530322801683e+01 1.00000880685855e+05 
3.57110422484800e+01 9.99979413251494e+04 
3.58690516557028e+01 9.99948698795312e+04 
3.60270604042267e+01 9.99918706967822e+04 
3.61850684108629e+01 9.99886934980534e+04 
3.63430757025597e+01 9.99854183491560e+04 
3.65010821998343e+01 9.99824185662086e+04 
3.66590879149553e+01 9.99798298083870e+04 
3.68170929429180e+01 9.99772252923754e+04 
3.69750972659910e+01 9.99748493179985e+04 
3.71331008599683e+01 9.99724781038543e+04 
3.72911038794230e+01 9.99701553398003e+04 
3.74491063311914e+01 9.99681905897919e+04 
3.76071083058444e+01 9.99667063703397e+04 
3.77651096857588e+01 9.99653054100235e+04 
3.79231104073047e+01 9.99641998906106e+04 
3.80811109502943e+01 9.99632342049544e+04 
3.82391112062999e+01 9.99624123869194e+04 
3.83971111660317e+01 9.99618907943013e+04 
3.85551109656345e+01 9.99617833994419e+04 
3.87131105571401e+01 9.99618162266091e+04 
3.88711098652798e+01 9.99621379161096e+04 
3.90291090063081e+01 9.99627120924323e+04 
3.91871079803516e+01 9.99635018483055e+04 
3.93451069164122e+01 9.99645667303423e+04 
3.95031056072435e+01 9.99659139912265e+04 
3.96611044176520e+01 9.99674401783787e+04 
3.98191030871787e+01 9.99691994588606e+04 
3.99771018088401e+01 9.99712937917907e+04 
4.01351007074698e+01 9.99736250037868e+04 
4.02930997022155e+01 9.99761120858160e+04 
4.04510986021552e+01 9.99786654154427e+04 
4.06090971618161e+01 9.99813826704006e+04 
4.07670958737284e+01 9.99841983665338e+04 
4.09250951708767e+01 9.99873122476204e+04 
4.10830945501286e+01 9.99905834700201e+04 
4.12410939472816e+01 9.99937660547656e+04 
4.13990933807653e+01 9.99967442191836e+04 
4.15570928592266e+01 9.99997799854593e+04 
4.17150923413803e+01 1.00002692246881e+05 
4.18730918618998e+01 1.00005722170425e+05 
4.20310913871491e+01 1.00008768844884e+05 
4.21890909437351e+01 1.00011524645429e+05 
4.23470905543198e+01 1.00013874018874e+05 
4.25050902256413e+01 1.00016149483279e+05 
4.26630899184684e+01 1.00018126415533e+05 
4.28210896745392e+01 1.00020003651445e+05 
4.29790892602239e+01 1.00021753065302e+05 
4.31370888188632e+01 1.00023119530862e+05 
4.32950884109090e+01 1.00024054625113e+05 
4.34530877023690e+01 1.00024838157293e+05 
4.36110866376294e+01 1.00025284724898e+05 
4.37690854724754e+01 1.00025509441982e+05 
4.39270845035842e+01 1.00025544446832e+05 
4.40850833364672e+01 1.00025259344091e+05 
4.42430820276957e+01 1.00024673247347e+05 
4.44010804989590e+01 1.00023889232004e+05 
4.45590788134630e+01 1.00022878037211e+05 
4.47170770655565e+01 1.00021567363053e+05 
4.48750752148097e+01 1.00020086379097e+05 
4.50330732938293e+01 1.00018435841601e+05 
4.51910713795358e+01 1.00016667651483e+05 
4.53490693983586e+01 1.00014778125015e+05 
4.55070674106562e+01 1.00012772169347e+05 
4.56650653676240e+01 1.00010540343920e+05 
4.58230631625694e+01 1.00008170647489e+05 
4.59810608096228e+01 1.00005804455755e+05 
4.61390583312556e+01 1.00003522122511e+05 
4.62970557728472e+01 1.00001166659560e+05 
4.64550531385988e+01 9.99988739008189e+04 
4.66130504658573e+01 9.99964645944843e+04 
4.67710476910669e+01 9.99939986860332e+04 
4.69290448370875e+01 9.99917022581649e+04 
4.70870418817074e+01 9.99896599577391e+04 
4.72450388394929e+01 9.99876384838538e+04 
4.74030357844738e+01 9.99858148116086e+04 
4.75610327369803e+01 9.99840152829928e+04 
4.77190296641417e+01 9.99822909177261e+04 
4.78770265567167e+01 9.99808274370805e+04 
4.80350232907807e+01 9.99797074550342e+04 
4.81930199724646e+01 9.99787046811478e+04 
4.83510166821919e+01 9.99779788314474e+04 
4.85090134340476e+01 9.99774222612224e+04 
4.86670101864053e+01 9.99770338960696e+04 
4.88250069367958e+01 9.99769253497982e+04 
4.89830037017608e+01 9.99771263535577e+04 
4.91410003791622e+01 9.99774971254550e+04 
4.92989969712441e+01 9.99781421531575e+04 
4.94569936135427e+01 9.99790566696099e+04 
4.96149902571749e+01 9.99801782214569e+04 
4.97729869349215e+01 9.99815088048119e+04 
4.99309836461128e+01 9.99830033538621e+04 
5.00889804092298e+01 9.99846608198146e+04 
5.02469772586986e+01 9.99864785046580e+04 
5.04049742099479e+01 9.99885417165876e+04 
5.05629710368897e+01 9.99907863426838e+04 
5.07209677221875e+01 9.99930609936963e+04 
5.08789643925024e+01 9.99952789658029e+04 
5.10369611214738e+01 9.99975837673116e+04 
5.11949579837573e+01 9.99998533213572e+04 
5.13529549196390e+01 1.00002233530167e+05 
5.15109519220113e+01 1.00004681168534e+05 
5.16689490194469e+01 1.00006972327806e+05 
5.18269461871349e+01 1.00009023668858e+05 
5.19849434232851e+01 1.00011072033763e+05 
5.21429407955823e+01 1.00012930565691e+05 
5.23009380095267e+01 1.00014760779506e+05 
5.24589351151370e+01 1.00016552032398e+05 
5.26169322605497e+01 1.00018084103265e+05 
5.27749294397864e+01 1.00019299564561e+05 
5.29329267403186e+01 1.00020427279176e+05 
5.30909241439174e+01 1.00021301597853e+05 
5.32489216473604e+01 1.00022058037759e+05 
5.34069192807000e+01 1.00022685102867e+05 
5.35649170063727e+01 1.00023067820958e+05 
5.37229148023365e+01 1.00023166113998e+05 
5.38809127246988e+01 1.00023142400868e+05 
5.40389107877367e+01 1.00022873361984e+05 
5.41969089517492e+01 1.00022416149576e+05 
5.43549072484630e+01 1.00021786831238e+05 
5.45129054270051e+01 1.00020943997526e+05 
5.46709034516164e+01 1.00019923282467e+05 
5.48289014795824e+01 1.00018733925396e+05 
5.49868996507851e+01 1.00017373182565e+05 
5.51448978880694e+01 1.00015763824144e+05 
5.53028962526066e+01 1.00013975871217e+05 
5.54608947556885e+01 1.00012047026175e+05 
5.56188933188464e+01 1.00010081149236e+05 
5.57768920070724e+01 1.00007983219836e+05 
5.59348908650161e+01 1.00005796695732e+05 
5.60928898167026e+01 1.00003373317746e+05 
5.62508889037190e+01 1.00000816764990e+05 
5.64088881394332e+01 9.99982580809566e+04 
5.65668874484921e+01 9.99958455505064e+04 
5.67248868836807e+01 9.99933667131682e+04 
5.68828864893542e+01 9.99909536137397e+04 
5.70408861960338e+01 9.99884175887418e+04 
5.71988860391269e+01 9.99858533007688e+04 
5.73568857825965e+01 9.99834634425557e+04 
5.75148854374958e+01 9.99813987587289e+04 
5.76728851158728e+01 9.99793783690757e+04 
5.78308849012099e+01 9.99775877805569e+04 
5.79888847480601e+01 9.99758634960249e+04 
5.81468847532464e+01 9.99742432953031e+04 
5.83048848708051e+01 9.99729237773955e+04 
5.84628851001882e+01 9.99720036475491e+04 
5.86208854661624e+01 9.99712257537871e+04 
5.87788859510897e+01 9.99707630356226e+04 
5.89368865555350e+01 9.99705436152353e+04 
5.90948872830377e+01 9.99705430291795e+04 
5.92528880864323e+01 9.99708748992312e+04 
5.94108889302507e+01 9.99715389648427e+04 
5.95688898327881e+01 9.99724178509706e+04 
5.97268908041111e+01 9.99735973978491e+04 
5.98848918003332e+01 9.99751097601108e+04 
6.00428928680254e+01 9.99768662453780e+04 
6.02008940796456e+01 9.99788459354304e+04 
6.03588954725139e+01 9.99809425298560e+04 
6.05168971072922e+01 9.99832203652633e+04 
6.06748990531746e+01 9.99856354872614e+04 
6.08329010433522e+01 9.99883327378328e+04 
6.09909029438758e+01 9.99911809321507e+04 
6.11489044805151e+01 9.99940258015205e+04 
6.13069057727749e+01 9.99967173507322e+04 
6.14649070351632e+01 9.99994589049826e+04 
6.16229081384915e+01 1.00002116555235e+05 
6.17809092441211e+01 1.00004881550505e+05 
6.19389101339700e+01 1.00007639319319e+05 
6.20969109801752e+01 1.00010198671695e+05 
6.22549119387378e+01 1.00012412556072e+05 
6.24129129488496e+01 1.00014552870842e+05 
6.25709138861800e+01 1.00016434546913e+05 
6.27289151983368e+01 1.00018243164611e+05 
6.28869165870729e+01 1.00019931664401e+05 
6.30449181597254e+01 1.00021299615327e+05 
6.32029200758520e+01 1.00022276131257e+05 
6.33609221827735e+01 1.00023104000118e+05 
6.35189242560073e+01 1.00023628555547e+05 
6.36769260693996e+01 1.00023945964261e+05 
6.38349281051127e+01 1.00024076391500e+05 
6.39929298098694e+01 1.00023910522690e+05 
6.41509316615666e+01 1.00023457135342e+05 
6.43089337942408e+01 1.00022829245645e+05 
6.44669357869463e+01 1.00021936828260e+05 
6.46249374433373e+01 1.00020794041821e+05 
6.47829389136374e+01 1.00019458228954e+05 
6.49409399663625e+01 1.00017917498589e+05 
6.50989409632269e+01 1.00016243441846e+05 
6.52569421377169e+01 1.00014426779326e+05 
6.54149430085585e+01 1.00012459747940e+05 
6.55729437641150e+01 1.00010229109497e+05 
6.57309443638751e+01 1.00007840971144e+05 
6.58889448714392e+01 1.00005388376433e+05 
6.60469454271883e+01 1.00002999299561e+05 
6.62049458871531e+01 1.00000513697426e+05 
6.63629460911794e+01 9.99980462513226e+04 
6.65209461944869e+01 9.99953908569581e+04 
6.66789460139657e+01 9.99926825580551e+04 
6.68369454321013e+01 9.99900544252413e+04 
6.69949447414460e+01 9.99876788300712e+04 
6.71529441536746e+01 9.99853102470392e+04 
6.73109433241402e+01 9.99831365918710e+04 
6.74689424701647e+01 9.99809627007258e+04 
6.76269417991850e+01 9.99788595504042e+04 
6.77849410142811e+01 9.99770108473506e+04 
6.79429404441664e+01 9.99755350256943e+04 
6.81009399323400e+01 9.99741851648186e+04 
6.82589394467423e+01 9.99731371117171e+04 
6.84169390831585e+01 9.99722804204595e+04 
6.85749387125848e+01 9.99716147835524e+04 
6.87329381770452e+01 9.99712732154378e+04 
6.88909376719355e+01 9.99712959048904e+04 
6.90489371579850e+01 9.99715317145104e+04 
6.92069365995741e+01 9.99721103654408e+04 
6.93649360510441e+01 9.99730219551446e+04 
6.95229353740816e+01 9.99741889387979e+04 
6.96809345840638e+01 9.99756252309221e+04 
6.98389340499524e+01 9.99772725617321e+04 
6.99969337688401e+01 9.99791442967252e+04 
7.01549335087798e+01 9.99812424675680e+04 
7.03129334087804e+01 9.99836750039071e+04 
7.04709333808406e+01 9.99863139592530e+04 
7.06289333787524e+01 9.99890466168858e+04 
7.07869336204822e+01 9.99917155034941e+04 
7.09449340672215e+01 9.99945048565621e+04 
7.11029345997939e+01 9.99972858007987e+04 
7.12609350713582e+01 1.00000261663473e+05 
7.14189347160093e+01 1.00003296348695e+05 
7.15769336370085e+01 1.00006201513925e+05 
7.17349322495437e+01 1.00008808121553e+05 
7.18929307461385e+01 1.00011395250222e+05 
7.20509289766604e+01 1.00013766016024e+05 
7.22089272661357e+01 1.00016134320293e+05 
7.23669254718874e+01 1.00018432331957e+05 
7.25249235776293e+01 1.00020415784966e+05 
7.26829219494500e+01 1.00021999244697e+05 
7.28409203727508e+01 1.00023456613452e+05 
7.29989186538633e+01 1.00024596054870e+05 
7.31569171184710e+01 1.00025563079235e+05 
7.33149154807419e+01 1.00026360662084e+05 
7.34729138742871e+01 1.00026829628512e+05 
7.36309123482416e+01 1.00026945126632e+05 
7.37889111043111e+01 1.00026885427244e+05 
7.39469098644377e+01 1.00026520203759e+05 
7.41049087471577e+01 1.00025866108108e+05 
7.42629075233993e+01 1.00025015210056e+05 
7.44209062786759e+01 1.00023903665758e+05 
7.45789051660299e+01 1.00022590241322e+05 
7.47369040521852e+01 1.00021104094738e+05 
7.48949026971529e+01 1.00019397157725e+05 
7.50529013271319e+01 1.00017388285676e+05 
7.52109000002093e+01 1.00015176113965e+05 
7.53688985762336e+01 1.00012846073211e+05 
7.55268972581844e+01 1.00010502104625e+05 
7.56848960103278e+01 1.00008018195532e+05 
7.58428947255754e+01 1.00005455526225e+05 
7.60008936594136e+01 1.00002649889182e+05 
7.61588924322546e+01 9.99997096898492e+04 
7.63168911638559e+01 9.99968384704308e+04 
7.64748900450755e+01 9.99941537405103e+04 
7.66328890548658e+01 9.99914098384169e+04 
7.67908878834910e+01 9.99887926006729e+04 
7.69488867890563e+01 9.99860561973999e+04 
7.71068856575359e+01 9.99833300665478e+04 
7.72648846605642e+01 9.99808301081849e+04 
7.74228838477881e+01 9.99786896788926e+04 
7.75808832323467e+01 9.99766225877066e+04 
7.77388824246277e+01 9.99748356928533e+04 
7.78968816322887e+01 9.99731567624161e+04 
7.80548807011359e+01 9.99716197566891e+04 
7.82128796943324e+01 9.99704156440796e+04 
7.83708787081097e+01 9.99696235596103e+04 
7.85288777862713e+01 9.99690036664926e+04 
7.86868768060587e+01 9.99687391965220e+04 
7.88448759839678e+01 9.99687809651214e+04 
7.90028750293676e+01 9.99690620571588e+04 
7.91608740579794e+01 9.99697028153165e+04 
7.93188731240776e+01 9.99706480510625e+04 
7.94768722866737e+01 9.99718235903610e+04 
7.96348714744995e+01 9.99733240343392e+04 
7.97928707841639e+01 9.99752188290947e+04 
7.99508700431175e+01 9.99773847397093e+04 
8.01088692532010e+01 9.99797551953105e+04 
8.02668685571017e+01 9.99821960783903e+04 
8.04248679221742e+01 9.99848415922076e+04 
8.05828672895297e+01 9.99876389181811e+04 
8.07408668401889e+01 9.99907542077897e+04 
8.08988663183940e+01 9.99940527126873e+04 
8.10568658136689e+01 9.99972746245147e+04 
8.12148653641856e+01 1.00000297379091e+05 
8.13728650602450e+01 1.00003400589768e+05 
8.15308647094415e+01 1.00006409086343e+05 
8.16888645412167e+01 1.00009529691198e+05 
8.18468642992061e+01 1.00012671081365e+05 
8.20048640365115e+01 1.00015504479592e+05 
8.21628638878385e+01 1.00017947734023e+05 
8.23208638447879e+01 1.00020334592041e+05 
8.24788638290085e+01 1.00022408894858e+05 
8.26368639316287e+01 1.00024420099283e+05 
8.27948639928999e+01 1.00026300647773e+05 
8.29528640097892e+01 1.00027794298960e+05 
8.31108641257694e+01 1.00028841213878e+05 
8.32688643339817e+01 1.00029728614118e+05 
8.34268645003396e+01 1.00030281060530e+05 
8.35848648702901e+01 1.00030579645123e+05 
8.37428651207969e+01 1.00030666610043e+05 
8.39008653577218e+01 1.00030396999283e+05 
8.40588656514321e+01 1.00029809486100e+05 
8.42168660797810e+01 1.00029023211467e+05 
8.43748664504764e+01 1.00027944543763e+05 
8.45328669632765e+01 1.00026536493641e+05 
8.46908673910183e+01 1.00024909275432e+05 
8.48488677558302e+01 1.00023053057198e+05 
8.50068682338221e+01 1.00021067868737e+05 
8.51648687934220e+01 1.00018903531917e+05 
8.53228693020651e+01 1.00016559517333e+05 
8.54808699523303e+01 1.00013885783799e+05 
8.56388704750119e+01 1.00011016318904e+05 
8.57968709951201e+01 1.00008104766495e+05 
8.59548715414848e+01 1.00005291616769e+05 
8.61128721364377e+01 1.00002354980057e+05 
8.62708727179347e+01 9.99994169822643e+04 
8.64288733473842e+01 9.99962674918512e+04 
8.65868739800674e+01 9.99930262314136e+04 
8.67448745080638e+01 9.99899693141490e+04 
8.69028751837753e+01 9.99872155571672e+04 
8.70608758960404e+01 9.99844517881491e+04 
8.72188765860811e+01 9.99818890171908e+04 
8.73768773582707e+01 9.99793085716887e+04 
8.75348780012508e+01 9.99767872203593e+04 
8.76928786004829e+01 9.99746139039415e+04 
8.78508792441084e+01 9.99728665887758e+04 
8.80088800434000e+01 9.99712390213790e+04 
8.81668806916759e+01 9.99699362456620e+04 
8.83248814855233e+01 9.99688531000477e+04 
8.84828821285871e+01 9.99679637745841e+04 
8.86408826913246e+01 9.99674681108462e+04 
8.87988833442697e+01 9.99673683440021e+04 
8.89568840341034e+01 9.99674877498161e+04 
8.91148847006716e+01 9.99679819374931e+04 
8.92728853750260e+01 9.99688408455659e+04 
8.94308859501744e+01 9.99699668669309e+04 
8.95888863918260e+01 9.99714316614224e+04 
8.97468869365088e+01 9.99731333591138e+04 
8.99048875615784e+01 9.99750761186317e+04 
9.00628880436466e+01 9.99772844179989e+04 
9.02208886930447e+01 9.99798904443317e+04 
9.03788890986989e+01 9.99827494498141e+04 
9.05368894584843e+01 9.99857090828574e+04 
9.06948898189981e+01 9.99886143387200e+04 
9.08528902524989e+01 9.99916760167522e+04 
9.10108905775425e+01 9.99947835411419e+04 
9.11688909467955e+01 9.99981326920167e+04 
9.13268912145514e+01 1.00001600271759e+05 
9.14848913158008e+01 1.00004883906280e+05 
9.16428915822170e+01 1.00007858240590e+05 
9.18008918169298e+01 1.00010850892410e+05 
9.19588919708743e+01 1.00013658144426e+05 
9.21168922103786e+01 1.00016484233320e+05 
9.22748922710947e+01 1.00019262750992e+05 
9.24328922715071e+01 1.00021675699396e+05 
9.25908922911711e+01 1.00023650498315e+05 
9.27488924135160e+01 1.00025508834375e+05 
9.29068924081221e+01 1.00027040155799e+05 
9.30648924455409e+01 1.00028393866861e+05 
9.32228924177697e+01 1.00029582472261e+05 
9.33808923174738e+01 1.00030377506819e+05 
9.35388923127242e+01 1.00030772346440e+05 
9.36968923560327e+01 1.00030992668283e+05 
9.38548923989902e+01 1.00030873390768e+05 
9.40128924384549e+01 1.00030431299989e+05 
9.41708924405656e+01 1.00029779916835e+05 
9.43288923108054e+01 1.00028811057924e+05 
9.44868920599109e+01 1.00027602042407e+05 
9.46448916529606e+01 1.00026205075285e+05 
9.48028916076712e+01 1.00024548798644e+05 
9.49608914944496e+01 1.00022545614521e+05 
9.51188913057259e+01 1.00020322924516e+05 
9.52768912337209e+01 1.00017938858226e+05 
9.54348911411694e+01 1.00015522456862e+05 
9.55928911756063e+01 1.00012940484087e+05 
9.57508910635802e+01 1.00010242004690e+05 
9.59088910424678e+01 1.00007248059974e+05 
9.60668908867435e+01 1.00004092192961e+05 
9.62248906047757e+01 1.00001000313299e+05 
9.63828904827730e+01 9.99980984077512e+04 
9.65408903462501e+01 9.99951122817992e+04 
9.66988901623332e+01 9.99922090774565e+04 
9.68568900168082e+01 9.99891716382727e+04 
9.70148897240250e+01 9.99861035270617e+04 
9.71728892944551e+01 9.99833056575159e+04 
9.73308889047403e+01 9.99808759121657e+04 
9.74888886147520e+01 9.99784852929363e+04 
9.76468881266289e+01 9.99763891325305e+04 
9.78048877845412e+01 9.99743461194682e+04 
9.79628871957190e+01 9.99724314145469e+04 
9.81208865399089e+01 9.99708938237433e+04 
9.82788858937054e+01 9.99698070808885e+04 
9.84368853019583e+01 9.99688809261052e+04 
9.85948846206375e+01 9.99683040976977e+04 
9.87528839618249e+01 9.99680117994657e+04 
9.89108832001843e+01 9.99679543383020e+04 
9.90688822583182e+01 9.99682955210987e+04 
9.92268814607112e+01 9.99689827104503e+04 
9.93848806720824e+01 9.99699066663826e+04 
9.95428797821141e+01 9.99711736433213e+04 
9.97008790097915e+01 9.99728479836309e+04 
9.98588780603129e+01 9.99747953606651e+04 
1.00016877088879e+02 9.99769926897563e+04 
