# Liste des scalaires : TEMPS pmat 
0.00000000000000e+00 1.00000000000000e+05 
1.58013544018059e-01 1.00000000000000e+05 
3.16027088036117e-01 1.00000000000000e+05 
4.74040632054176e-01 1.00000000000000e+05 
6.32054176072234e-01 1.00000000000000e+05 
7.90067720090293e-01 1.00000000000000e+05 
9.48081264108351e-01 1.00000000000000e+05 
1.10609480812641e+00 1.00000000000000e+05 
1.26410835214447e+00 1.00000000000000e+05 
1.42212189616253e+00 1.00000000000000e+05 
1.58013544018058e+00 1.00000000000000e+05 
1.73814898419864e+00 1.00000000000000e+05 
1.89616252821670e+00 1.00000000000000e+05 
2.05417607223476e+00 1.00000000000000e+05 
2.21218961625282e+00 1.00000000000000e+05 
2.37020316027087e+00 1.00000000000000e+05 
2.52821670428893e+00 1.00000000000000e+05 
2.68623024830699e+00 1.00000000000000e+05 
2.84424379232505e+00 1.00000000000000e+05 
3.00225733634311e+00 1.00000000000000e+05 
3.16027088036116e+00 1.00000000000000e+05 
3.31828442437922e+00 1.00000000000000e+05 
3.47629796839728e+00 1.00000000000000e+05 
3.63431151241534e+00 1.00000000000000e+05 
3.79232505643340e+00 1.00000000000000e+05 
3.95033860045145e+00 1.00000000000000e+05 
4.10835214446951e+00 1.00000000000000e+05 
4.26636568848757e+00 1.00000000000000e+05 
4.42437923250563e+00 1.00000000000000e+05 
4.58239277652368e+00 1.00000000000000e+05 
4.74040632054174e+00 1.00000000000000e+05 
4.89841986455980e+00 1.00000000000000e+05 
5.05643340857786e+00 1.00000000000000e+05 
5.21444695259591e+00 1.00000000000000e+05 
5.37246049661397e+00 1.00000000000000e+05 
5.53047404063203e+00 1.00000000000000e+05 
5.68848758465009e+00 1.00000000000000e+05 
5.84650112866814e+00 1.00000000000000e+05 
6.00451467268620e+00 1.00000000000000e+05 
6.16252821670426e+00 1.00000000000000e+05 
6.32054176072231e+00 1.00000000000000e+05 
6.47855530474037e+00 1.00000000000000e+05 
6.63656884875843e+00 1.00000000000000e+05 
6.79458239277648e+00 1.00000000000000e+05 
6.95259593679454e+00 1.00000000000000e+05 
7.11060948081260e+00 1.00000000000000e+05 
7.26862302483065e+00 1.00000000000000e+05 
7.42663656884871e+00 1.00000000000000e+05 
7.58465011286677e+00 1.00000000000000e+05 
7.74266365688483e+00 1.00000000000000e+05 
7.90067720090288e+00 1.00000000000000e+05 
8.05869074492094e+00 1.00000000000000e+05 
8.21670428893899e+00 1.00000000000000e+05 
8.37471783295705e+00 1.00000000000000e+05 
8.53273137697511e+00 1.00000000000000e+05 
8.69074492099316e+00 1.00000000000000e+05 
8.84875846501122e+00 1.00000000000000e+05 
9.00677200902927e+00 1.00000000000000e+05 
9.16478555304733e+00 1.00000000000000e+05 
9.32279909706538e+00 1.00000000000000e+05 
9.48081264108344e+00 1.00000000000000e+05 
9.63882618510150e+00 1.00000000000000e+05 
9.79683972911955e+00 1.00000000000000e+05 
9.95485327313761e+00 1.00000000000000e+05 
1.01128668171557e+01 1.00000000000000e+05 
1.02708803611737e+01 1.00000000000000e+05 
1.04288939051918e+01 1.00000000000000e+05 
1.05869074492098e+01 1.00000000000000e+05 
1.07449209932279e+01 1.00000000000000e+05 
1.09029345372459e+01 1.00000000000000e+05 
1.10609480812640e+01 1.00000000000000e+05 
1.12189616252821e+01 1.00000000000000e+05 
1.13769751693001e+01 1.00000000000000e+05 
1.15349887133182e+01 1.00000000000000e+05 
1.16930022573362e+01 1.00000000000000e+05 
1.18510158013543e+01 1.00000000000000e+05 
1.20090293453723e+01 1.00000000000000e+05 
1.21670428893904e+01 1.00000000000000e+05 
1.23250564334084e+01 1.00000000000000e+05 
1.24830699774265e+01 1.00000000000000e+05 
1.26410835214446e+01 1.00000000000000e+05 
1.27990970654626e+01 1.00000000000000e+05 
1.29571106094807e+01 1.00000000000000e+05 
1.31151241534987e+01 1.00000000000000e+05 
1.32731376975168e+01 1.00000000000000e+05 
1.34311512415348e+01 1.00000000000000e+05 
1.35891647855529e+01 1.00000000000000e+05 
1.37471783295709e+01 1.00000000000000e+05 
1.39051918735890e+01 1.00000000000000e+05 
1.40632054176071e+01 1.00000000000000e+05 
1.42212189616251e+01 1.00000000000000e+05 
1.43792325056432e+01 1.00000000000000e+05 
1.45372460496612e+01 1.00000000000000e+05 
1.46952595936793e+01 1.00000000000000e+05 
1.48532731376973e+01 1.00000000000000e+05 
1.50112866817154e+01 1.00000000000000e+05 
1.51693002257334e+01 1.00000000000000e+05 
1.53273137697515e+01 1.00000000000000e+05 
1.54853273137695e+01 1.00000000000000e+05 
1.56433408577876e+01 1.00000000000000e+05 
1.58013544018057e+01 1.00000000000000e+05 
1.59593679458237e+01 1.00000000000000e+05 
1.61173814898418e+01 1.00000000000000e+05 
1.62753950338598e+01 1.00000000000000e+05 
1.64334085778779e+01 1.00000000000000e+05 
1.65914221218959e+01 1.00000000000000e+05 
1.67494356659140e+01 1.00000000000000e+05 
1.69074492099320e+01 1.00000000000000e+05 
1.70654627539501e+01 1.00000000000000e+05 
1.72234762979681e+01 1.00000000000000e+05 
1.73814898419862e+01 1.00000000000000e+05 
1.75395033860043e+01 1.00000000000000e+05 
1.76975169300223e+01 1.00000000000000e+05 
1.78555304740404e+01 1.00000000000000e+05 
1.80135440180584e+01 1.00000000000000e+05 
1.81715575620765e+01 1.00000000000000e+05 
1.83295711060945e+01 1.00000000000000e+05 
1.84875846501126e+01 1.00000000000000e+05 
1.86455981941306e+01 1.00000000000000e+05 
1.88036117381487e+01 1.00000000000000e+05 
1.89616252821667e+01 1.00000000000000e+05 
1.91196388261848e+01 1.00000000000000e+05 
1.92776523702028e+01 1.00000000000000e+05 
1.94356659142209e+01 1.00000000000000e+05 
1.95936794582390e+01 1.00000000000000e+05 
1.97516930022570e+01 1.00000000000000e+05 
1.99097065462751e+01 1.00000000000000e+05 
2.00677200902931e+01 1.00000000000000e+05 
2.02257336343112e+01 1.00000000000000e+05 
2.03837471783292e+01 1.00000000000000e+05 
2.05417607223473e+01 1.00000000000000e+05 
2.06997742663653e+01 1.00000000000000e+05 
2.08577878103834e+01 1.00000000000000e+05 
2.10158013544014e+01 1.00000000000000e+05 
2.11738148984195e+01 1.00000000000000e+05 
2.13318284424376e+01 1.00000000000000e+05 
2.14898419864556e+01 1.00000000000000e+05 
2.16478555304737e+01 1.00000000000000e+05 
2.18058690744917e+01 1.00000000000000e+05 
2.19638826185098e+01 1.00000000000000e+05 
2.21218961625278e+01 1.00000000000000e+05 
2.22799097065459e+01 1.00000000000000e+05 
2.24379232505639e+01 1.00000000000000e+05 
2.25959367945820e+01 1.00000000000000e+05 
2.27539503386000e+01 1.00000000000000e+05 
2.29119638826181e+01 1.00000000000000e+05 
2.30699774266361e+01 1.00000000000000e+05 
2.32279909706542e+01 1.00000000000000e+05 
2.33860045146723e+01 1.00000000000000e+05 
2.35440180586903e+01 1.00000000000000e+05 
2.37020316027084e+01 1.00000000000000e+05 
2.38600451467264e+01 1.00000000000000e+05 
2.40180586907445e+01 1.00000000000000e+05 
2.41760722347625e+01 1.00000000000000e+05 
2.43340857787806e+01 1.00000000000000e+05 
2.44920993227986e+01 1.00000000000000e+05 
2.46501128668167e+01 1.00000000000000e+05 
2.48081264108347e+01 1.00000000000000e+05 
2.49661399548528e+01 1.00000000000000e+05 
2.51241534988708e+01 1.00000000000000e+05 
2.52821670428889e+01 1.00000000000000e+05 
2.54401805869069e+01 1.00000000000000e+05 
2.55981941309250e+01 1.00000000000000e+05 
2.57562076749430e+01 1.00000000000000e+05 
2.59142212189611e+01 1.00000000000000e+05 
2.60722347629791e+01 1.00000000000000e+05 
2.62302483069972e+01 1.00000000000000e+05 
2.63882618510153e+01 1.00000000000000e+05 
2.65462753950333e+01 1.00000000000000e+05 
2.67042889390514e+01 1.00000000000000e+05 
2.68623024830694e+01 1.00000000000000e+05 
2.70203160270875e+01 1.00000000000000e+05 
2.71783295711055e+01 1.00000000000000e+05 
2.73363431151236e+01 1.00000000000000e+05 
2.74943566591416e+01 1.00000000000000e+05 
2.76523702031597e+01 1.00000000000000e+05 
2.78103837471777e+01 1.00000000000000e+05 
2.79683972911958e+01 1.00000000000000e+05 
2.81264108352138e+01 1.00000000000000e+05 
2.82844243792319e+01 1.00000000000000e+05 
2.84424379232499e+01 1.00000000000000e+05 
2.86004514672680e+01 1.00000000000000e+05 
2.87584650112860e+01 1.00000000000000e+05 
2.89164785553041e+01 1.00000000000000e+05 
2.90744920993221e+01 1.00000000000000e+05 
2.92325056433402e+01 1.00000000000000e+05 
2.93905191873582e+01 1.00000000000000e+05 
2.95485327313763e+01 1.00000000000000e+05 
2.97065462753943e+01 1.00000000000000e+05 
2.98645598194124e+01 1.00000000000000e+05 
3.00225733634304e+01 1.00000000000000e+05 
3.01805869074485e+01 1.00000000000000e+05 
3.03386004514665e+01 1.00000000000000e+05 
3.04966139954843e+01 1.00000000000000e+05 
3.06546275395003e+01 1.00000000000000e+05 
3.08126410834971e+01 1.00000000000000e+05 
3.09706546272957e+01 1.00000000000000e+05 
3.11286681708936e+01 1.00000000000000e+05 
3.12866817143274e+01 1.00000000000000e+05 
3.14446952574723e+01 1.00000000000000e+05 
3.16027088001674e+01 1.00000000000000e+05 
3.17607223421364e+01 1.00000000000000e+05 
3.19187358832495e+01 1.00000000000000e+05 
3.20767494226194e+01 1.00000000000000e+05 
3.22347629599941e+01 1.00000000000000e+05 
3.23927764943706e+01 1.00000000000000e+05 
3.25507900239423e+01 1.00000000000000e+05 
3.27088035457829e+01 1.00000000000000e+05 
3.28668170595274e+01 1.00000000000000e+05 
3.30248305599181e+01 1.00000000000000e+05 
3.31828440425992e+01 1.00000000000000e+05 
3.33408575031136e+01 1.00000000000000e+05 
3.34988709293862e+01 1.00000000000000e+05 
3.36568843063214e+01 1.00000000000000e+05 
3.38148976325709e+01 1.00000000000000e+05 
3.39729108878444e+01 1.00000000000000e+05 
3.41309240403887e+01 1.00000000000000e+05 
3.42889370834585e+01 1.00000000000000e+05 
3.44469499667095e+01 1.00000000000000e+05 
3.46049626416154e+01 1.00000000000000e+05 
3.47629751094123e+01 1.00000000000000e+05 
3.49209873220811e+01 1.00000000000000e+05 
3.50789991793260e+01 1.00000000000000e+05 
3.52370106929348e+01 1.00000000000000e+05 
3.53950217552060e+01 1.00000000000000e+05 
3.55530322801683e+01 1.00000000000000e+05 
3.57110422484800e+01 1.00000000000000e+05 
3.58690516557028e+01 1.00000000000000e+05 
3.60270604042267e+01 1.00000000000000e+05 
3.61850684108629e+01 1.00000000000000e+05 
3.63430757025597e+01 1.00000000000000e+05 
3.65010821998343e+01 1.00000000000000e+05 
3.66590879149553e+01 1.00000000000000e+05 
3.68170929429180e+01 1.00000000000000e+05 
3.69750972659910e+01 1.00000000000000e+05 
3.71331008599683e+01 1.00000000000000e+05 
3.72911038794230e+01 1.00000000000000e+05 
3.74491063311914e+01 1.00000000000000e+05 
3.76071083058444e+01 1.00000000000000e+05 
3.77651096857588e+01 1.00000000000000e+05 
3.79231104073047e+01 1.00000000000000e+05 
3.80811109502943e+01 1.00000000000000e+05 
3.82391112062999e+01 1.00000000000000e+05 
3.83971111660317e+01 1.00000000000000e+05 
3.85551109656345e+01 1.00000000000000e+05 
3.87131105571401e+01 1.00000000000000e+05 
3.88711098652798e+01 1.00000000000000e+05 
3.90291090063081e+01 1.00000000000000e+05 
3.91871079803516e+01 1.00000000000000e+05 
3.93451069164122e+01 1.00000000000000e+05 
3.95031056072435e+01 1.00000000000000e+05 
3.96611044176520e+01 1.00000000000000e+05 
3.98191030871787e+01 1.00000000000000e+05 
3.99771018088401e+01 1.00000000000000e+05 
4.01351007074698e+01 1.00000000000000e+05 
4.02930997022155e+01 1.00000000000000e+05 
4.04510986021552e+01 1.00000000000000e+05 
4.06090971618161e+01 1.00000000000000e+05 
4.07670958737284e+01 1.00000000000000e+05 
4.09250951708767e+01 1.00000000000000e+05 
4.10830945501286e+01 1.00000000000000e+05 
4.12410939472816e+01 1.00000000000000e+05 
4.13990933807653e+01 1.00000000000000e+05 
4.15570928592266e+01 1.00000000000000e+05 
4.17150923413803e+01 1.00000000000000e+05 
4.18730918618998e+01 1.00000000000000e+05 
4.20310913871491e+01 1.00000000000000e+05 
4.21890909437351e+01 1.00000000000000e+05 
4.23470905543198e+01 1.00000000000000e+05 
4.25050902256413e+01 1.00000000000000e+05 
4.26630899184684e+01 1.00000000000000e+05 
4.28210896745392e+01 1.00000000000000e+05 
4.29790892602239e+01 1.00000000000000e+05 
4.31370888188632e+01 1.00000000000000e+05 
4.32950884109090e+01 1.00000000000000e+05 
4.34530877023690e+01 1.00000000000000e+05 
4.36110866376294e+01 1.00000000000000e+05 
4.37690854724754e+01 1.00000000000000e+05 
4.39270845035842e+01 1.00000000000000e+05 
4.40850833364672e+01 1.00000000000000e+05 
4.42430820276957e+01 1.00000000000000e+05 
4.44010804989590e+01 1.00000000000000e+05 
4.45590788134630e+01 1.00000000000000e+05 
4.47170770655565e+01 1.00000000000000e+05 
4.48750752148097e+01 1.00000000000000e+05 
4.50330732938293e+01 1.00000000000000e+05 
4.51910713795358e+01 1.00000000000000e+05 
4.53490693983586e+01 1.00000000000000e+05 
4.55070674106562e+01 1.00000000000000e+05 
4.56650653676240e+01 1.00000000000000e+05 
4.58230631625694e+01 1.00000000000000e+05 
4.59810608096228e+01 1.00000000000000e+05 
4.61390583312556e+01 1.00000000000000e+05 
4.62970557728472e+01 1.00000000000000e+05 
4.64550531385988e+01 1.00000000000000e+05 
4.66130504658573e+01 1.00000000000000e+05 
4.67710476910669e+01 1.00000000000000e+05 
4.69290448370875e+01 1.00000000000000e+05 
4.70870418817074e+01 1.00000000000000e+05 
4.72450388394929e+01 1.00000000000000e+05 
4.74030357844738e+01 1.00000000000000e+05 
4.75610327369803e+01 1.00000000000000e+05 
4.77190296641417e+01 1.00000000000000e+05 
4.78770265567167e+01 1.00000000000000e+05 
4.80350232907807e+01 1.00000000000000e+05 
4.81930199724646e+01 1.00000000000000e+05 
4.83510166821919e+01 1.00000000000000e+05 
4.85090134340476e+01 1.00000000000000e+05 
4.86670101864053e+01 1.00000000000000e+05 
4.88250069367958e+01 1.00000000000000e+05 
4.89830037017608e+01 1.00000000000000e+05 
4.91410003791622e+01 1.00000000000000e+05 
4.92989969712441e+01 1.00000000000000e+05 
4.94569936135427e+01 1.00000000000000e+05 
4.96149902571749e+01 1.00000000000000e+05 
4.97729869349215e+01 1.00000000000000e+05 
4.99309836461128e+01 1.00000000000000e+05 
5.00889804092298e+01 1.00000000000000e+05 
5.02469772586986e+01 1.00000000000000e+05 
5.04049742099479e+01 1.00000000000000e+05 
5.05629710368897e+01 1.00000000000000e+05 
5.07209677221875e+01 1.00000000000000e+05 
5.08789643925024e+01 1.00000000000000e+05 
5.10369611214738e+01 1.00000000000000e+05 
5.11949579837573e+01 1.00000000000000e+05 
5.13529549196390e+01 1.00000000000000e+05 
5.15109519220113e+01 1.00000000000000e+05 
5.16689490194469e+01 1.00000000000000e+05 
5.18269461871349e+01 1.00000000000000e+05 
5.19849434232851e+01 1.00000000000000e+05 
5.21429407955823e+01 1.00000000000000e+05 
5.23009380095267e+01 1.00000000000000e+05 
5.24589351151370e+01 1.00000000000000e+05 
5.26169322605497e+01 1.00000000000000e+05 
5.27749294397864e+01 1.00000000000000e+05 
5.29329267403186e+01 1.00000000000000e+05 
5.30909241439174e+01 1.00000000000000e+05 
5.32489216473604e+01 1.00000000000000e+05 
5.34069192807000e+01 1.00000000000000e+05 
5.35649170063727e+01 1.00000000000000e+05 
5.37229148023365e+01 1.00000000000000e+05 
5.38809127246988e+01 1.00000000000000e+05 
5.40389107877367e+01 1.00000000000000e+05 
5.41969089517492e+01 1.00000000000000e+05 
5.43549072484630e+01 1.00000000000000e+05 
5.45129054270051e+01 1.00000000000000e+05 
5.46709034516164e+01 1.00000000000000e+05 
5.48289014795824e+01 1.00000000000000e+05 
5.49868996507851e+01 1.00000000000000e+05 
5.51448978880694e+01 1.00000000000000e+05 
5.53028962526066e+01 1.00000000000001e+05 
5.54608947556885e+01 1.00000000000003e+05 
5.56188933188464e+01 1.00000000000003e+05 
5.57768920070724e+01 1.00000000000013e+05 
5.59348908650161e+01 1.00000000000049e+05 
5.60928898167026e+01 1.00000000000097e+05 
5.62508889037190e+01 1.00000000000178e+05 
5.64088881394332e+01 1.00000000000349e+05 
5.65668874484921e+01 1.00000000000433e+05 
5.67248868836807e+01 1.00000000000735e+05 
5.68828864893542e+01 1.00000000003377e+05 
5.70408861960338e+01 1.00000000040163e+05 
5.71988860391269e+01 1.00000000225358e+05 
5.73568857825965e+01 1.00000000435636e+05 
5.75148854374958e+01 1.00000000562424e+05 
5.76728851158728e+01 1.00000000703304e+05 
5.78308849012099e+01 1.00000000891699e+05 
5.79888847480601e+01 1.00000001129112e+05 
5.81468847532464e+01 1.00000001466459e+05 
5.83048848708051e+01 1.00000002036020e+05 
5.84628851001882e+01 1.00000002758751e+05 
5.86208854661624e+01 1.00000003865117e+05 
5.87788859510897e+01 1.00000005439822e+05 
5.89368865555350e+01 1.00000007906962e+05 
5.90948872830377e+01 1.00000011205002e+05 
5.92528880864323e+01 1.00000015709732e+05 
5.94108889302507e+01 1.00000021414014e+05 
5.95688898327881e+01 1.00000029500578e+05 
5.97268908041111e+01 1.00000040507547e+05 
5.98848918003332e+01 1.00000056277385e+05 
6.00428928680254e+01 1.00000076453951e+05 
6.02008940796456e+01 1.00000102867211e+05 
6.03588954725139e+01 1.00000135225461e+05 
6.05168971072922e+01 1.00000178738837e+05 
6.06748990531746e+01 1.00000234891030e+05 
6.08329010433522e+01 1.00000310032750e+05 
6.09909029438758e+01 1.00000401604054e+05 
6.11489044805151e+01 1.00000514581825e+05 
6.13069057727749e+01 1.00000648684605e+05 
6.14649070351632e+01 1.00000816787195e+05 
6.16229081384915e+01 1.00001018920454e+05 
6.17809092441211e+01 1.00001264177732e+05 
6.19389101339700e+01 1.00001542182972e+05 
6.20969109801752e+01 1.00001860178150e+05 
6.22549119387378e+01 1.00002218302021e+05 
6.24129129488496e+01 1.00002626933240e+05 
6.25709138861800e+01 1.00003071115700e+05 
6.27289151983368e+01 1.00003546079034e+05 
6.28869165870729e+01 1.00004038176445e+05 
6.30449181597254e+01 1.00004553580142e+05 
6.32029200758520e+01 1.00005103088321e+05 
6.33609221827735e+01 1.00005662960387e+05 
6.35189242560073e+01 1.00006199563973e+05 
6.36769260693996e+01 1.00006686645598e+05 
6.38349281051127e+01 1.00007142287368e+05 
6.39929298098694e+01 1.00007573203645e+05 
6.41509316615666e+01 1.00008008017663e+05 
6.43089337942408e+01 1.00008376851587e+05 
6.44669357869463e+01 1.00008650761627e+05 
6.46249374433373e+01 1.00008798755919e+05 
6.47829389136374e+01 1.00008886104303e+05 
6.49409399663625e+01 1.00008918952865e+05 
6.50989409632269e+01 1.00008929485900e+05 
6.52569421377169e+01 1.00008824207748e+05 
6.54149430085585e+01 1.00008597469796e+05 
6.55729437641150e+01 1.00008233203762e+05 
6.57309443638751e+01 1.00007818569249e+05 
6.58889448714392e+01 1.00007347606854e+05 
6.60469454271883e+01 1.00006841711616e+05 
6.62049458871531e+01 1.00006224383059e+05 
6.63629460911794e+01 1.00005518674536e+05 
6.65209461944869e+01 1.00004726853990e+05 
6.66789460139657e+01 1.00003914809111e+05 
6.68369454321013e+01 1.00003067733946e+05 
6.69949447414460e+01 1.00002185615432e+05 
6.71529441536746e+01 1.00001244551441e+05 
6.73109433241402e+01 1.00000288566528e+05 
6.74689424701647e+01 9.99993320904486e+04 
6.76269417991850e+01 9.99983919295196e+04 
6.77849410142811e+01 9.99974542933519e+04 
6.79429404441664e+01 9.99964939056053e+04 
6.81009399323400e+01 9.99955557768625e+04 
6.82589394467423e+01 9.99946876063179e+04 
6.84169390831585e+01 9.99939114525437e+04 
6.85749387125848e+01 9.99931802125116e+04 
6.87329381770452e+01 9.99924884744286e+04 
6.88909376719355e+01 9.99917960931329e+04 
6.90489371579850e+01 9.99911985381100e+04 
6.92069365995741e+01 9.99907334337532e+04 
6.93649360510441e+01 9.99904271930509e+04 
6.95229353740816e+01 9.99901800177771e+04 
6.96809345840638e+01 9.99899902843751e+04 
6.98389340499524e+01 9.99898169159055e+04 
6.99969337688401e+01 9.99897905172526e+04 
7.01549335087798e+01 9.99899146409935e+04 
7.03129334087804e+01 9.99902064961547e+04 
7.04709333808406e+01 9.99905449466343e+04 
7.06289333787524e+01 9.99909403298798e+04 
7.07869336204822e+01 9.99913648871202e+04 
7.09449340672215e+01 9.99919267835182e+04 
7.11029345997939e+01 9.99926036120022e+04 
7.12609350713582e+01 9.99933889464954e+04 
7.14189347160093e+01 9.99941925188016e+04 
7.15769336370085e+01 9.99950289453524e+04 
7.17349322495437e+01 9.99958932345249e+04 
7.18929307461385e+01 9.99968291368358e+04 
7.20509289766604e+01 9.99977922586755e+04 
7.22089272661357e+01 9.99987706300886e+04 
7.23669254718874e+01 9.99997255417160e+04 
7.25249235776293e+01 1.00000673687088e+05 
7.26829219494500e+01 1.00001636278693e+05 
7.28409203727508e+01 1.00002577948722e+05 
7.29989186538633e+01 1.00003458027912e+05 
7.31569171184710e+01 1.00004251020595e+05 
7.33149154807419e+01 1.00004992272618e+05 
7.34729138742871e+01 1.00005696624767e+05 
7.36309123482416e+01 1.00006399293699e+05 
7.37889111043111e+01 1.00007012410316e+05 
7.39469098644377e+01 1.00007502318322e+05 
7.41049087471577e+01 1.00007845719379e+05 
7.42629075233993e+01 1.00008134298387e+05 
7.44209062786759e+01 1.00008374265223e+05 
7.45789051660299e+01 1.00008600363101e+05 
7.47369040521852e+01 1.00008699219802e+05 
7.48949026971529e+01 1.00008662572802e+05 
7.50529013271319e+01 1.00008475560090e+05 
7.52109000002093e+01 1.00008250814302e+05 
7.53688985762336e+01 1.00007978141079e+05 
7.55268972581844e+01 1.00007684499983e+05 
7.56848960103278e+01 1.00007269380191e+05 
7.58428947255754e+01 1.00006747263093e+05 
7.60008936594136e+01 1.00006124319013e+05 
7.61588924322546e+01 1.00005489301473e+05 
7.63168911638559e+01 1.00004826938864e+05 
7.64748900450755e+01 1.00004142200356e+05 
7.66328890548658e+01 1.00003397314943e+05 
7.67908878834910e+01 1.00002617021447e+05 
7.69488867890563e+01 1.00001822349698e+05 
7.71068856575359e+01 1.00001052948354e+05 
7.72648846605642e+01 1.00000300365513e+05 
7.74228838477881e+01 9.99995468371387e+04 
7.75808832323467e+01 9.99988165752180e+04 
7.77388824246277e+01 9.99981443423275e+04 
7.78968816322887e+01 9.99975570218291e+04 
7.80548807011359e+01 9.99970192813912e+04 
7.82128796943324e+01 9.99965269273682e+04 
7.83708787081097e+01 9.99960464567735e+04 
7.85288777862713e+01 9.99956456045331e+04 
7.86868768060587e+01 9.99953396022936e+04 
7.88448759839678e+01 9.99951430027460e+04 
7.90028750293676e+01 9.99949753900997e+04 
7.91608740579794e+01 9.99948332237947e+04 
7.93188731240776e+01 9.99946864661419e+04 
7.94768722866737e+01 9.99946118884539e+04 
7.96348714744995e+01 9.99946159336623e+04 
7.97928707841639e+01 9.99947066368341e+04 
7.99508700431175e+01 9.99948066811302e+04 
8.01088692532010e+01 9.99949224051924e+04 
8.02668685571017e+01 9.99950322629239e+04 
8.04248679221742e+01 9.99952110816106e+04 
8.05828672895297e+01 9.99954617410084e+04 
8.07408668401889e+01 9.99957841076046e+04 
8.08988663183940e+01 9.99961098961362e+04 
8.10568658136689e+01 9.99964452231872e+04 
8.12148653641856e+01 9.99967798608722e+04 
8.13728650602450e+01 9.99971624950268e+04 
8.15308647094415e+01 9.99975790104494e+04 
8.16888645412167e+01 9.99980228246136e+04 
8.18468642992061e+01 9.99984524553693e+04 
8.20048640365115e+01 9.99988780143121e+04 
8.21628638878385e+01 9.99993080140160e+04 
8.23208638447879e+01 9.99997504347290e+04 
8.24788638290085e+01 1.00000180978499e+05 
8.26368639316287e+01 1.00000587497572e+05 
8.27948639928999e+01 1.00000968046084e+05 
8.29528640097892e+01 1.00001324370565e+05 
8.31108641257694e+01 1.00001680710230e+05 
8.32688643339817e+01 1.00002004398315e+05 
8.34268645003396e+01 1.00002271211778e+05 
8.35848648702901e+01 1.00002467914525e+05 
8.37428651207969e+01 1.00002633727105e+05 
8.39008653577218e+01 1.00002768884075e+05 
8.40588656514321e+01 1.00002903419006e+05 
8.42168660797810e+01 1.00002981904845e+05 
8.43748664504764e+01 1.00002991309713e+05 
8.45328669632765e+01 1.00002925946174e+05 
8.46908673910183e+01 1.00002843138017e+05 
8.48488677558302e+01 1.00002738631077e+05 
8.50068682338221e+01 1.00002636656515e+05 
8.51648687934220e+01 1.00002478760558e+05 
8.53228693020651e+01 1.00002267099018e+05 
8.54808699523303e+01 1.00002002004643e+05 
8.56388704750119e+01 1.00001739818240e+05 
8.57968709951201e+01 1.00001473383988e+05 
8.59548715414848e+01 1.00001211583130e+05 
8.61128721364377e+01 1.00000916006576e+05 
8.62708727179347e+01 1.00000597084588e+05 
8.64288733473842e+01 1.00000259792734e+05 
8.65868739800674e+01 9.99999374815098e+04 
8.67448745080638e+01 9.99996234780108e+04 
8.69028751837753e+01 9.99993100849360e+04 
8.70608758960404e+01 9.99989869840546e+04 
8.72188765860811e+01 9.99986720023409e+04 
8.73768773582707e+01 9.99983728292573e+04 
8.75348780012508e+01 9.99980912674209e+04 
8.76928786004829e+01 9.99978254163734e+04 
8.78508792441084e+01 9.99975556671141e+04 
8.80088800434000e+01 9.99973021806847e+04 
8.81668806916759e+01 9.99970858396701e+04 
8.83248814855233e+01 9.99969171583456e+04 
8.84828821285871e+01 9.99967714187827e+04 
8.86408826913246e+01 9.99966481186875e+04 
8.87988833442697e+01 9.99965216002501e+04 
8.89568840341034e+01 9.99964338936054e+04 
8.91148847006716e+01 9.99964006877649e+04 
8.92728853750260e+01 9.99964294140527e+04 
8.94308859501744e+01 9.99964778202559e+04 
8.95888863918260e+01 9.99965482939921e+04 
8.97468869365088e+01 9.99966170923150e+04 
8.99048875615784e+01 9.99967341312124e+04 
9.00628880436466e+01 9.99969048468705e+04 
9.02208886930447e+01 9.99971315931756e+04 
9.03788890986989e+01 9.99973658543779e+04 
9.05368894584843e+01 9.99976082785098e+04 
9.06948898189981e+01 9.99978444490322e+04 
9.08528902524989e+01 9.99981129667698e+04 
9.10108905775425e+01 9.99984067657433e+04 
9.11688909467955e+01 9.99987239879582e+04 
9.13268912145514e+01 9.99990316003986e+04 
9.14848913158008e+01 9.99993333312832e+04 
9.16428915822170e+01 9.99996308579245e+04 
9.18008918169298e+01 9.99999422295649e+04 
9.19588919708743e+01 1.00000254066532e+05 
9.21168922103786e+01 1.00000561466641e+05 
9.22748922710947e+01 1.00000856569827e+05 
9.24328922715071e+01 1.00001140963663e+05 
9.25908922911711e+01 1.00001428260160e+05 
9.27488924135160e+01 1.00001705770212e+05 
9.29068924081221e+01 1.00001951413678e+05 
9.30648924455409e+01 1.00002151661996e+05 
9.32228924177697e+01 1.00002325023843e+05 
9.33808923174738e+01 1.00002469635536e+05 
9.35388923127242e+01 1.00002610983466e+05 
9.36968923560327e+01 1.00002707159003e+05 
9.38548923989902e+01 1.00002738736592e+05 
9.40128924384549e+01 1.00002695332500e+05 
9.41708924405656e+01 1.00002621961693e+05 
9.43288923108054e+01 1.00002516709995e+05 
9.44868920599109e+01 1.00002405588110e+05 
9.46448916529606e+01 1.00002236634884e+05 
9.48028916076712e+01 1.00002006332794e+05 
9.49608914944496e+01 1.00001711259549e+05 
9.51188913057259e+01 1.00001402752272e+05 
9.52768912337209e+01 1.00001075767051e+05 
9.54348911411694e+01 1.00000744668933e+05 
9.55928911756063e+01 1.00000376302903e+05 
9.57508910635802e+01 9.99999799369724e+04 
9.59088910424678e+01 9.99995624625672e+04 
9.60668908867435e+01 9.99991576317076e+04 
9.62248906047757e+01 9.99987591618900e+04 
9.63828904827730e+01 9.99983631179550e+04 
9.65408903462501e+01 9.99979651168291e+04 
9.66988901623332e+01 9.99975821440620e+04 
9.68568900168082e+01 9.99972247524917e+04 
9.70148897240250e+01 9.99968940240438e+04 
9.71728892944551e+01 9.99965877406166e+04 
9.73308889047403e+01 9.99962868718599e+04 
9.74888886147520e+01 9.99960175764127e+04 
9.76468881266289e+01 9.99957975704223e+04 
9.78048877845412e+01 9.99956394411286e+04 
9.79628871957190e+01 9.99955129662007e+04 
9.81208865399089e+01 9.99954181630921e+04 
9.82788858937054e+01 9.99953285144376e+04 
9.84368853019583e+01 9.99952853136114e+04 
9.85948846206375e+01 9.99953026490924e+04 
9.87528839618249e+01 9.99953878484691e+04 
9.89108832001843e+01 9.99954959267341e+04 
9.90688822583182e+01 9.99956267361116e+04 
9.92268814607112e+01 9.99957557239993e+04 
9.93848806720824e+01 9.99959295420583e+04 
9.95428797821141e+01 9.99961544783296e+04 
9.97008790097915e+01 9.99964349476324e+04 
9.98588780603129e+01 9.99967263786315e+04 
1.00016877088879e+02 9.99970320607723e+04 
