# Liste des scalaires : TEMPS pmat 
0.00000000000000e+00 1.00000000000000e+05 
1.58013544018059e-01 1.00000000000000e+05 
3.16027088036117e-01 1.00000000000000e+05 
4.74040632054176e-01 1.00000000000000e+05 
6.32054176072234e-01 1.00000000000000e+05 
7.90067720090293e-01 1.00000000000000e+05 
9.48081264108351e-01 1.00000000000000e+05 
1.10609480812641e+00 1.00000000000000e+05 
1.26410835214447e+00 1.00000000000000e+05 
1.42212189616253e+00 1.00000000000000e+05 
1.58013544018058e+00 1.00000000000000e+05 
1.73814898419864e+00 1.00000000000000e+05 
1.89616252821670e+00 1.00000000000000e+05 
2.05417607223476e+00 1.00000000000000e+05 
2.21218961625282e+00 1.00000000000000e+05 
2.37020316027087e+00 1.00000000000000e+05 
2.52821670428893e+00 1.00000000000000e+05 
2.68623024830699e+00 1.00000000000000e+05 
2.84424379232505e+00 1.00000000000000e+05 
3.00225733634311e+00 1.00000000000000e+05 
3.16027088036116e+00 1.00000000000000e+05 
3.31828442437922e+00 1.00000000000000e+05 
3.47629796839728e+00 1.00000000000000e+05 
3.63431151241534e+00 1.00000000000000e+05 
3.79232505643340e+00 1.00000000000000e+05 
3.95033860045145e+00 1.00000000000000e+05 
4.10835214446951e+00 1.00000000000000e+05 
4.26636568848757e+00 1.00000000000000e+05 
4.42437923250563e+00 1.00000000000000e+05 
4.58239277652368e+00 1.00000000000000e+05 
4.74040632054174e+00 1.00000000000000e+05 
4.89841986455980e+00 1.00000000000000e+05 
5.05643340857786e+00 1.00000000000000e+05 
5.21444695259591e+00 1.00000000000000e+05 
5.37246049661397e+00 1.00000000000000e+05 
5.53047404063203e+00 1.00000000000000e+05 
5.68848758465009e+00 1.00000000000000e+05 
5.84650112866814e+00 1.00000000000000e+05 
6.00451467268620e+00 1.00000000000000e+05 
6.16252821670426e+00 1.00000000000000e+05 
6.32054176072231e+00 1.00000000000000e+05 
6.47855530474037e+00 1.00000000000000e+05 
6.63656884875843e+00 1.00000000000000e+05 
6.79458239277648e+00 1.00000000000000e+05 
6.95259593679454e+00 1.00000000000000e+05 
7.11060948081260e+00 1.00000000000000e+05 
7.26862302483065e+00 1.00000000000000e+05 
7.42663656884871e+00 1.00000000000000e+05 
7.58465011286677e+00 1.00000000000000e+05 
7.74266365688483e+00 1.00000000000000e+05 
7.90067720090288e+00 1.00000000000000e+05 
8.05869074492094e+00 1.00000000000000e+05 
8.21670428893899e+00 1.00000000000000e+05 
8.37471783295705e+00 1.00000000000000e+05 
8.53273137697511e+00 1.00000000000000e+05 
8.69074492099316e+00 1.00000000000000e+05 
8.84875846501122e+00 1.00000000000000e+05 
9.00677200902927e+00 1.00000000000000e+05 
9.16478555304733e+00 1.00000000000000e+05 
9.32279909706538e+00 1.00000000000000e+05 
9.48081264108344e+00 1.00000000000000e+05 
9.63882618510150e+00 1.00000000000000e+05 
9.79683972911955e+00 1.00000000000000e+05 
9.95485327313761e+00 1.00000000000000e+05 
1.01128668171557e+01 1.00000000000000e+05 
1.02708803611737e+01 1.00000000000000e+05 
1.04288939051918e+01 1.00000000000000e+05 
1.05869074492098e+01 1.00000000000000e+05 
1.07449209932279e+01 1.00000000000000e+05 
1.09029345372459e+01 1.00000000000000e+05 
1.10609480812640e+01 1.00000000000000e+05 
1.12189616252821e+01 1.00000000000000e+05 
1.13769751693001e+01 1.00000000000000e+05 
1.15349887133182e+01 1.00000000000000e+05 
1.16930022573362e+01 1.00000000000000e+05 
1.18510158013543e+01 1.00000000000000e+05 
1.20090293453723e+01 1.00000000000000e+05 
1.21670428893904e+01 1.00000000000000e+05 
1.23250564334084e+01 1.00000000000000e+05 
1.24830699774265e+01 1.00000000000000e+05 
1.26410835214446e+01 1.00000000000000e+05 
1.27990970654626e+01 1.00000000000000e+05 
1.29571106094807e+01 1.00000000000000e+05 
1.31151241534987e+01 1.00000000000000e+05 
1.32731376975168e+01 1.00000000000000e+05 
1.34311512415348e+01 1.00000000000000e+05 
1.35891647855529e+01 1.00000000000000e+05 
1.37471783295709e+01 1.00000000000000e+05 
1.39051918735890e+01 1.00000000000000e+05 
1.40632054176071e+01 1.00000000000000e+05 
1.42212189616251e+01 1.00000000000000e+05 
1.43792325056432e+01 1.00000000000000e+05 
1.45372460496612e+01 1.00000000000000e+05 
1.46952595936793e+01 1.00000000000000e+05 
1.48532731376973e+01 1.00000000000000e+05 
1.50112866817154e+01 1.00000000000000e+05 
1.51693002257334e+01 1.00000000000000e+05 
1.53273137697515e+01 1.00000000000000e+05 
1.54853273137695e+01 1.00000000000000e+05 
1.56433408577876e+01 1.00000000000000e+05 
1.58013544018057e+01 1.00000000000000e+05 
1.59593679458237e+01 1.00000000000000e+05 
1.61173814898418e+01 1.00000000000000e+05 
1.62753950338598e+01 1.00000000000000e+05 
1.64334085778779e+01 1.00000000000000e+05 
1.65914221218959e+01 1.00000000000000e+05 
1.67494356659140e+01 1.00000000000000e+05 
1.69074492099320e+01 1.00000000000000e+05 
1.70654627539501e+01 1.00000000000000e+05 
1.72234762979681e+01 1.00000000000000e+05 
1.73814898419862e+01 1.00000000000000e+05 
1.75395033860043e+01 1.00000000000000e+05 
1.76975169300223e+01 1.00000000000000e+05 
1.78555304740404e+01 1.00000000000000e+05 
1.80135440180584e+01 1.00000000000000e+05 
1.81715575620765e+01 1.00000000000000e+05 
1.83295711060945e+01 1.00000000000000e+05 
1.84875846501126e+01 1.00000000000000e+05 
1.86455981941306e+01 1.00000000000000e+05 
1.88036117381487e+01 1.00000000000000e+05 
1.89616252821667e+01 1.00000000000000e+05 
1.91196388261848e+01 1.00000000000000e+05 
1.92776523702028e+01 1.00000000000000e+05 
1.94356659142209e+01 1.00000000000000e+05 
1.95936794582390e+01 1.00000000000000e+05 
1.97516930022570e+01 1.00000000000000e+05 
1.99097065462751e+01 1.00000000000000e+05 
2.00677200902931e+01 1.00000000000000e+05 
2.02257336343112e+01 1.00000000000000e+05 
2.03837471783292e+01 1.00000000000000e+05 
2.05417607223473e+01 1.00000000000000e+05 
2.06997742663653e+01 1.00000000000000e+05 
2.08577878103834e+01 1.00000000000000e+05 
2.10158013544014e+01 1.00000000000000e+05 
2.11738148984195e+01 1.00000000000000e+05 
2.13318284424376e+01 1.00000000000000e+05 
2.14898419864556e+01 1.00000000000000e+05 
2.16478555304737e+01 1.00000000000000e+05 
2.18058690744917e+01 1.00000000000000e+05 
2.19638826185098e+01 1.00000000000000e+05 
2.21218961625278e+01 1.00000000000000e+05 
2.22799097065459e+01 1.00000000000000e+05 
2.24379232505639e+01 1.00000000000000e+05 
2.25959367945820e+01 1.00000000000000e+05 
2.27539503386000e+01 1.00000000000000e+05 
2.29119638826181e+01 1.00000000000000e+05 
2.30699774266361e+01 1.00000000000000e+05 
2.32279909706542e+01 1.00000000000000e+05 
2.33860045146723e+01 1.00000000000000e+05 
2.35440180586903e+01 1.00000000000000e+05 
2.37020316027084e+01 1.00000000000000e+05 
2.38600451467264e+01 1.00000000000000e+05 
2.40180586907445e+01 1.00000000000002e+05 
2.41760722347625e+01 1.00000000000018e+05 
2.43340857787806e+01 1.00000000000128e+05 
2.44920993227986e+01 1.00000000000385e+05 
2.46501128668167e+01 1.00000000002720e+05 
2.48081264108347e+01 1.00000000040409e+05 
2.49661399548528e+01 1.00000000376849e+05 
2.51241534988708e+01 1.00000000735430e+05 
2.52821670428889e+01 1.00000001245785e+05 
2.54401805869069e+01 1.00000001961997e+05 
2.55981941309250e+01 1.00000003296433e+05 
2.57562076749430e+01 1.00000005494747e+05 
2.59142212189611e+01 1.00000009149548e+05 
2.60722347629791e+01 1.00000015185362e+05 
2.62302483069972e+01 1.00000022610853e+05 
2.63882618510153e+01 1.00000033685375e+05 
2.65462753950333e+01 1.00000051845512e+05 
2.67042889390514e+01 1.00000080476587e+05 
2.68623024830694e+01 1.00000124902139e+05 
2.70203160270875e+01 1.00000193250039e+05 
2.71783295711055e+01 1.00000269844812e+05 
2.73363431151236e+01 1.00000373929828e+05 
2.74943566591416e+01 1.00000527832582e+05 
2.76523702031597e+01 1.00000750222952e+05 
2.78103837471777e+01 1.00001058819383e+05 
2.79683972911958e+01 1.00001492618129e+05 
2.81264108352138e+01 1.00001918797528e+05 
2.82844243792319e+01 1.00002429240698e+05 
2.84424379232499e+01 1.00003090636321e+05 
2.86004514672680e+01 1.00003953382602e+05 
2.87584650112860e+01 1.00004982918711e+05 
2.89164785553041e+01 1.00006295868120e+05 
2.90744920993221e+01 1.00007346811319e+05 
2.92325056433402e+01 1.00008411693020e+05 
2.93905191873582e+01 1.00009620438911e+05 
2.95485327313763e+01 1.00011060627664e+05 
2.97065462753943e+01 1.00012516695339e+05 
2.98645598194124e+01 1.00014326186109e+05 
3.00225733634304e+01 1.00015417607304e+05 
3.01805869074485e+01 1.00016317956001e+05 
3.03386004514665e+01 1.00017277018892e+05 
3.04966139954843e+01 1.00018385789967e+05 
3.06546275395003e+01 1.00019312938486e+05 
3.08126410834971e+01 1.00020637837833e+05 
3.09706546272957e+01 1.00021062808870e+05 
3.11286681708936e+01 1.00021181790731e+05 
3.12866817143274e+01 1.00021308784907e+05 
3.14446952574723e+01 1.00021464124627e+05 
3.16027088001674e+01 1.00021307514527e+05 
3.17607223421364e+01 1.00021639331878e+05 
3.19187358832495e+01 1.00021218142246e+05 
3.20767494226194e+01 1.00020479838541e+05 
3.22347629599941e+01 1.00019712634140e+05 
3.23927764943706e+01 1.00018859399094e+05 
3.25507900239423e+01 1.00017735550716e+05 
3.27088035457829e+01 1.00016891619066e+05 
3.28668170595274e+01 1.00015737526668e+05 
3.30248305599181e+01 1.00014366163545e+05 
3.31828440425992e+01 1.00012971750447e+05 
3.33408575031136e+01 1.00011410934147e+05 
3.34988709293862e+01 1.00009631411165e+05 
3.36568843063214e+01 1.00007974212093e+05 
3.38148976325709e+01 1.00006441521663e+05 
3.39729108878444e+01 1.00004782800716e+05 
3.41309240403887e+01 1.00003100959162e+05 
3.42889370834585e+01 1.00001213002150e+05 
3.44469499667095e+01 9.99992251419112e+04 
3.46049626416154e+01 9.99971309660524e+04 
3.47629751094123e+01 9.99955959179042e+04 
3.49209873220811e+01 9.99940681045463e+04 
3.50789991793260e+01 9.99925532180487e+04 
3.52370106929348e+01 9.99908530716310e+04 
3.53950217552060e+01 9.99891845353799e+04 
3.55530322801683e+01 9.99872175500686e+04 
3.57110422484800e+01 9.99861089518182e+04 
3.58690516557028e+01 9.99851465489329e+04 
3.60270604042267e+01 9.99842564095473e+04 
3.61850684108629e+01 9.99832604969527e+04 
3.63430757025597e+01 9.99824645387786e+04 
3.65010821998343e+01 9.99812519284902e+04 
3.66590879149553e+01 9.99809337018241e+04 
3.68170929429180e+01 9.99808632668282e+04 
3.69750972659910e+01 9.99808691484441e+04 
3.71331008599683e+01 9.99809245632541e+04 
3.72911038794230e+01 9.99812118515456e+04 
3.74491063311914e+01 9.99811561343236e+04 
3.76071083058444e+01 9.99817234346481e+04 
3.77651096857588e+01 9.99825353550690e+04 
3.79231104073047e+01 9.99835105580134e+04 
3.80811109502943e+01 9.99846215890474e+04 
3.82391112062999e+01 9.99859752483225e+04 
3.83971111660317e+01 9.99871441636989e+04 
3.85551109656345e+01 9.99884583990597e+04 
3.87131105571401e+01 9.99899259583274e+04 
3.88711098652798e+01 9.99915242482542e+04 
3.90291090063081e+01 9.99933059950641e+04 
3.91871079803516e+01 9.99952006885959e+04 
3.93451069164122e+01 9.99970857416875e+04 
3.95031056072435e+01 9.99986169770373e+04 
3.96611044176520e+01 1.00000168861690e+05 
3.98191030871787e+01 1.00001789390930e+05 
3.99771018088401e+01 1.00003558945489e+05 
4.01351007074698e+01 1.00005295355430e+05 
4.02930997022155e+01 1.00007201968977e+05 
4.04510986021552e+01 1.00008398492836e+05 
4.06090971618161e+01 1.00009500985147e+05 
4.07670958737284e+01 1.00010588160146e+05 
4.09250951708767e+01 1.00011752033222e+05 
4.10830945501286e+01 1.00012757078900e+05 
4.12410939472816e+01 1.00014036959509e+05 
4.13990933807653e+01 1.00014526321992e+05 
4.15570928592266e+01 1.00014851872454e+05 
4.17150923413803e+01 1.00015066882603e+05 
4.18730918618998e+01 1.00015271978690e+05 
4.20310913871491e+01 1.00015255138006e+05 
4.21890909437351e+01 1.00015502810895e+05 
4.23470905543198e+01 1.00015122747110e+05 
4.25050902256413e+01 1.00014544543326e+05 
4.26630899184684e+01 1.00013813759564e+05 
4.28210896745392e+01 1.00012923039610e+05 
4.29790892602239e+01 1.00011760948576e+05 
4.31370888188632e+01 1.00010717354040e+05 
4.32950884109090e+01 1.00009445691191e+05 
4.34530877023690e+01 1.00008025321012e+05 
4.36110866376294e+01 1.00006429786665e+05 
4.37690854724754e+01 1.00004589401525e+05 
4.39270845035842e+01 1.00002543686336e+05 
4.40850833364672e+01 1.00000403037184e+05 
4.42430820276957e+01 9.99985832150027e+04 
4.44010804989590e+01 9.99967275542865e+04 
4.45590788134630e+01 9.99947460875827e+04 
4.47170770655565e+01 9.99925247630693e+04 
4.48750752148097e+01 9.99902623333485e+04 
4.50330732938293e+01 9.99877107277379e+04 
4.51910713795358e+01 9.99860151369639e+04 
4.53490693983586e+01 9.99844515177406e+04 
4.55070674106562e+01 9.99828915784088e+04 
4.56650653676240e+01 9.99811734050658e+04 
4.58230631625694e+01 9.99796259495376e+04 
4.59810608096228e+01 9.99776466304874e+04 
4.61390583312556e+01 9.99767701800533e+04 
4.62970557728472e+01 9.99761486303493e+04 
4.64550531385988e+01 9.99756924486160e+04 
4.66130504658573e+01 9.99751728387972e+04 
4.67710476910669e+01 9.99749563114333e+04 
4.69290448370875e+01 9.99742455726084e+04 
4.70870418817074e+01 9.99745611572173e+04 
4.72450388394929e+01 9.99751899962794e+04 
4.74030357844738e+01 9.99759723862998e+04 
4.75610327369803e+01 9.99768731700194e+04 
4.77190296641417e+01 9.99780901318252e+04 
4.78770265567167e+01 9.99790410410598e+04 
4.80350232907807e+01 9.99804725818669e+04 
4.81930199724646e+01 9.99821527484503e+04 
4.83510166821919e+01 9.99839920137890e+04 
4.85090134340476e+01 9.99860482212070e+04 
4.86670101864053e+01 9.99883773409913e+04 
4.88250069367958e+01 9.99905864765896e+04 
4.89830037017608e+01 9.99926591267906e+04 
4.91410003791622e+01 9.99948634361952e+04 
4.92989969712441e+01 9.99971463857668e+04 
4.94569936135427e+01 9.99996443079568e+04 
4.96149902571749e+01 1.00002223575162e+05 
4.97729869349215e+01 1.00004916130271e+05 
4.99309836461128e+01 1.00006872201748e+05 
5.00889804092298e+01 1.00008788412946e+05 
5.02469772586986e+01 1.00010671690806e+05 
5.04049742099479e+01 1.00012695711664e+05 
5.05629710368897e+01 1.00014625819762e+05 
5.07209677221875e+01 1.00016863239668e+05 
5.08789643925024e+01 1.00018038240665e+05 
5.10369611214738e+01 1.00019032855005e+05 
5.11949579837573e+01 1.00019877621664e+05 
5.13529549196390e+01 1.00020771703431e+05 
5.15109519220113e+01 1.00021432736961e+05 
5.16689490194469e+01 1.00022479225645e+05 
5.18269461871349e+01 1.00022514351118e+05 
5.19849434232851e+01 1.00022297480495e+05 
5.21429407955823e+01 1.00021910616136e+05 
5.23009380095267e+01 1.00021450606885e+05 
5.24589351151370e+01 1.00020746457999e+05 
5.26169322605497e+01 1.00020303415638e+05 
5.27749294397864e+01 1.00019250718057e+05 
5.29329267403186e+01 1.00017984728270e+05 
5.30909241439174e+01 1.00016534757422e+05 
5.32489216473604e+01 1.00014913017474e+05 
5.34069192807000e+01 1.00013040936703e+05 
5.35649170063727e+01 1.00011313722587e+05 
5.37229148023365e+01 1.00009502257402e+05 
5.38809127246988e+01 1.00007548670745e+05 
5.40389107877367e+01 1.00005457912501e+05 
5.41969089517492e+01 1.00003165740592e+05 
5.43549072484630e+01 1.00000728809032e+05 
5.45129054270051e+01 9.99982048925506e+04 
5.46709034516164e+01 9.99962016370417e+04 
5.48289014795824e+01 9.99941814647395e+04 
5.49868996507851e+01 9.99921179480052e+04 
5.51448978880694e+01 9.99898871507781e+04 
5.53028962526066e+01 9.99876783524525e+04 
5.54608947556885e+01 9.99851836050403e+04 
5.56188933188464e+01 9.99836772148998e+04 
5.57768920070724e+01 9.99823107453995e+04 
5.59348908650161e+01 9.99810348875508e+04 
5.60928898167026e+01 9.99796763750681e+04 
5.62508889037190e+01 9.99785366288596e+04 
5.64088881394332e+01 9.99770011112891e+04 
5.65668874484921e+01 9.99765861992097e+04 
5.67248868836807e+01 9.99764613109769e+04 
5.68828864893542e+01 9.99764142754695e+04 
5.70408861960338e+01 9.99764420358131e+04 
5.71988860391269e+01 9.99767651115812e+04 
5.73568857825965e+01 9.99766950743471e+04 
5.75148854374958e+01 9.99774709314770e+04 
5.76728851158728e+01 9.99784981487626e+04 
5.78308849012099e+01 9.99797641332095e+04 
5.79888847480601e+01 9.99811681927547e+04 
5.81468847532464e+01 9.99828617637280e+04 
5.83048848708051e+01 9.99843176926627e+04 
5.84628851001882e+01 9.99860493803518e+04 
5.86208854661624e+01 9.99879668886018e+04 
5.87788859510897e+01 9.99900180798090e+04 
5.89368865555350e+01 9.99922598241301e+04 
5.90948872830377e+01 9.99947029086210e+04 
5.92528880864323e+01 9.99971083580417e+04 
5.94108889302507e+01 9.99991518641778e+04 
5.95688898327881e+01 1.00001240905675e+05 
5.97268908041111e+01 1.00003362789489e+05 
5.98848918003332e+01 1.00005636968389e+05 
6.00428928680254e+01 1.00007939519300e+05 
6.02008940796456e+01 1.00010423321980e+05 
6.03588954725139e+01 1.00012035477574e+05 
6.05168971072922e+01 1.00013545588396e+05 
6.06748990531746e+01 1.00014945723341e+05 
6.08329010433522e+01 1.00016415833320e+05 
6.09909029438758e+01 1.00017762444530e+05 
6.11489044805151e+01 1.00019439964414e+05 
6.13069057727749e+01 1.00020078073173e+05 
6.14649070351632e+01 1.00020488176574e+05 
6.16229081384915e+01 1.00020713330169e+05 
6.17809092441211e+01 1.00020929275910e+05 
6.19389101339700e+01 1.00020918015213e+05 
6.20969109801752e+01 1.00021273095969e+05 
6.22549119387378e+01 1.00020741608935e+05 
6.24129129488496e+01 1.00019976811740e+05 
6.25709138861800e+01 1.00019003676005e+05 
6.27289151983368e+01 1.00017899076168e+05 
6.28869165870729e+01 1.00016557176160e+05 
6.30449181597254e+01 1.00015451636759e+05 
6.32029200758520e+01 1.00013968670341e+05 
6.33609221827735e+01 1.00012293731958e+05 
6.35189242560073e+01 1.00010436910826e+05 
6.36769260693996e+01 1.00008393920169e+05 
6.38349281051127e+01 1.00006158092968e+05 
6.39929298098694e+01 1.00003954469407e+05 
6.41509316615666e+01 1.00001960022083e+05 
6.43089337942408e+01 9.99998802243653e+04 
6.44669357869463e+01 9.99977071011138e+04 
6.46249374433373e+01 9.99953385799675e+04 
6.47829389136374e+01 9.99929361665764e+04 
6.49409399663625e+01 9.99903481614405e+04 
6.50989409632269e+01 9.99885446931298e+04 
6.52569421377169e+01 9.99868184721241e+04 
6.54149430085585e+01 9.99851333725879e+04 
6.55729437641150e+01 9.99833314761199e+04 
6.57309443638751e+01 9.99816496964422e+04 
6.58889448714392e+01 9.99796138733713e+04 
6.60469454271883e+01 9.99786628494746e+04 
6.62049458871531e+01 9.99779035947437e+04 
6.63629460911794e+01 9.99773788019101e+04 
6.65209461944869e+01 9.99767729133861e+04 
6.66789460139657e+01 9.99764016104890e+04 
6.68369454321013e+01 9.99755762205472e+04 
6.69949447414460e+01 9.99757771351915e+04 
6.71529441536746e+01 9.99762514105573e+04 
6.73109433241402e+01 9.99769119975840e+04 
6.74689424701647e+01 9.99776351769760e+04 
6.76269417991850e+01 9.99785972530346e+04 
6.77849410142811e+01 9.99792700356416e+04 
6.79429404441664e+01 9.99805127431846e+04 
6.81009399323400e+01 9.99820007408235e+04 
6.82589394467423e+01 9.99836661140321e+04 
6.84169390831585e+01 9.99855024875288e+04 
6.85749387125848e+01 9.99875985761046e+04 
6.87329381770452e+01 9.99895418225323e+04 
6.88909376719355e+01 9.99914828190613e+04 
6.90489371579850e+01 9.99935544393107e+04 
6.92069365995741e+01 9.99957164988351e+04 
6.93649360510441e+01 9.99980470188391e+04 
6.95229353740816e+01 1.00000498463591e+05 
6.96809345840638e+01 1.00003027145004e+05 
6.98389340499524e+01 1.00004947257088e+05 
6.99969337688401e+01 1.00006847528739e+05 
7.01549335087798e+01 1.00008721735971e+05 
7.03129334087804e+01 1.00010713973360e+05 
7.04709333808406e+01 1.00012684821798e+05 
7.06289333787524e+01 1.00014919485328e+05 
7.07869336204822e+01 1.00016166662485e+05 
7.09449340672215e+01 1.00017262218013e+05 
7.11029345997939e+01 1.00018210205667e+05 
7.12609350713582e+01 1.00019177970348e+05 
7.14189347160093e+01 1.00019978393022e+05 
7.15769336370085e+01 1.00021166437171e+05 
7.17349322495437e+01 1.00021331749220e+05 
7.18929307461385e+01 1.00021242071686e+05 
7.20509289766604e+01 1.00020990576751e+05 
7.22089272661357e+01 1.00020660426524e+05 
7.23669254718874e+01 1.00020124133263e+05 
7.25249235776293e+01 1.00019846296721e+05 
7.26829219494500e+01 1.00018908274953e+05 
7.28409203727508e+01 1.00017734880627e+05 
7.29989186538633e+01 1.00016351709299e+05 
7.31569171184710e+01 1.00014819042967e+05 
7.33149154807419e+01 1.00013060234970e+05 
7.34729138742871e+01 1.00011459363233e+05 
7.36309123482416e+01 1.00009713006656e+05 
7.37889111043111e+01 1.00007822269656e+05 
7.39469098644377e+01 1.00005781988770e+05 
7.41049087471577e+01 1.00003561070146e+05 
7.42629075233993e+01 1.00001192884986e+05 
7.44209062786759e+01 9.99987680825147e+04 
7.45789051660299e+01 9.99967994814472e+04 
7.47369040521852e+01 9.99948070418372e+04 
7.48949026971529e+01 9.99927698443755e+04 
7.50529013271319e+01 9.99905835743812e+04 
7.52109000002093e+01 9.99883917596249e+04 
7.53688985762336e+01 9.99859576014855e+04 
7.55268972581844e+01 9.99844539043449e+04 
7.56848960103278e+01 9.99830648797853e+04 
7.58428947255754e+01 9.99817687221829e+04 
7.60008936594136e+01 9.99804027124715e+04 
7.61588924322546e+01 9.99791950154782e+04 
7.63168911638559e+01 9.99776112888685e+04 
7.64748900450755e+01 9.99771100171297e+04 
7.66328890548658e+01 9.99768680229630e+04 
7.67908878834910e+01 9.99767312590149e+04 
7.69488867890563e+01 9.99766385027835e+04 
7.71068856575359e+01 9.99768079446960e+04 
7.72648846605642e+01 9.99766043265956e+04 
7.74228838477881e+01 9.99772949017177e+04 
7.75808832323467e+01 9.99782386795215e+04 
7.77388824246277e+01 9.99793865430795e+04 
7.78968816322887e+01 9.99806855475998e+04 
7.80548807011359e+01 9.99822865630438e+04 
7.82128796943324e+01 9.99836625541443e+04 
7.83708787081097e+01 9.99853701211508e+04 
7.85288777862713e+01 9.99872658234864e+04 
7.86868768060587e+01 9.99893096331696e+04 
7.88448759839678e+01 9.99915476530777e+04 
7.90028750293676e+01 9.99939944893751e+04 
7.91608740579794e+01 9.99964076502993e+04 
7.93188731240776e+01 9.99985006315959e+04 
7.94768722866737e+01 1.00000647540032e+05 
7.96348714744995e+01 1.00002828302813e+05 
7.97928707841639e+01 1.00005172205453e+05 
7.99508700431175e+01 1.00007549860356e+05 
8.01088692532010e+01 1.00010106657555e+05 
8.02668685571017e+01 1.00011808548127e+05 
8.04248679221742e+01 1.00013414790929e+05 
8.05828672895297e+01 1.00014914063260e+05 
8.07408668401889e+01 1.00016499878131e+05 
8.08988663183940e+01 1.00017974195439e+05 
8.10568658136689e+01 1.00019787106032e+05 
8.12148653641856e+01 1.00020535757228e+05 
8.13728650602450e+01 1.00021071057801e+05 
8.15308647094415e+01 1.00021412319754e+05 
8.16888645412167e+01 1.00021768747740e+05 
8.18468642992061e+01 1.00021899484160e+05 
8.20048640365115e+01 1.00022423325303e+05 
8.21628638878385e+01 1.00022009144927e+05 
8.23208638447879e+01 1.00021352309132e+05 
8.24788638290085e+01 1.00020494979224e+05 
8.26368639316287e+01 1.00019523488816e+05 
8.27948639928999e+01 1.00018325043831e+05 
8.29528640097892e+01 1.00017404399373e+05 
8.31108641257694e+01 1.00016023472957e+05 
8.32688643339817e+01 1.00014443714354e+05 
8.34268645003396e+01 1.00012699845984e+05 
8.35848648702901e+01 1.00010796123748e+05 
8.37428651207969e+01 1.00008681883877e+05 
8.39008653577218e+01 1.00006649602550e+05 
8.40588656514321e+01 1.00004730220372e+05 
8.42168660797810e+01 1.00002700872774e+05 
8.43748664504764e+01 1.00000585871594e+05 
8.45328669632765e+01 9.99982919543771e+04 
8.46908673910183e+01 9.99959159810700e+04 
8.48488677558302e+01 9.99934036354535e+04 
8.50068682338221e+01 9.99915698813256e+04 
8.51648687934220e+01 9.99897672308317e+04 
8.53228693020651e+01 9.99880001607134e+04 
8.54808699523303e+01 9.99861143159914e+04 
8.56388704750119e+01 9.99842890979843e+04 
8.57968709951201e+01 9.99821549813076e+04 
8.59548715414848e+01 9.99810513744266e+04 
8.61128721364377e+01 9.99800763024498e+04 
8.62708727179347e+01 9.99793515289957e+04 
8.64288733473842e+01 9.99785439350987e+04 
8.65868739800674e+01 9.99778916631818e+04 
8.67448745080638e+01 9.99768682326159e+04 
8.69028751837753e+01 9.99768565985289e+04 
8.70608758960404e+01 9.99771111774472e+04 
8.72188765860811e+01 9.99775534405669e+04 
8.73768773582707e+01 9.99780511051556e+04 
8.75348780012508e+01 9.99787788878034e+04 
8.76928786004829e+01 9.99792406264356e+04 
8.78508792441084e+01 9.99803500255082e+04 
8.80088800434000e+01 9.99817079648983e+04 
8.81668806916759e+01 9.99832641522250e+04 
8.83248814855233e+01 9.99849953418885e+04 
8.84828821285871e+01 9.99869992154633e+04 
8.86408826913246e+01 9.99888572304308e+04 
8.87988833442697e+01 9.99907905706550e+04 
8.89568840341034e+01 9.99928645277858e+04 
8.91148847006716e+01 9.99950409529935e+04 
8.92728853750260e+01 9.99973977317214e+04 
8.94308859501744e+01 9.99998987048308e+04 
8.95888863918260e+01 1.00002463223916e+05 
8.97468869365088e+01 1.00004464833084e+05 
8.99048875615784e+01 1.00006462209209e+05 
9.00628880436466e+01 1.00008448345984e+05 
9.02208886930447e+01 1.00010556053432e+05 
9.03788890986989e+01 1.00012658720736e+05 
9.05368894584843e+01 1.00015015069307e+05 
9.06948898189981e+01 1.00016373758409e+05 
9.08528902524989e+01 1.00017592782436e+05 
9.10108905775425e+01 1.00018678506982e+05 
9.11688909467955e+01 1.00019795057063e+05 
9.13268912145514e+01 1.00020747621151e+05 
9.14848913158008e+01 1.00022067566890e+05 
9.16428915822170e+01 1.00022339717703e+05 
9.18008918169298e+01 1.00022329047098e+05 
9.19588919708743e+01 1.00022227504681e+05 
9.21168922103786e+01 1.00022013381491e+05 
9.22748922710947e+01 1.00021563952079e+05 
9.24328922715071e+01 1.00021424139323e+05 
9.25908922911711e+01 1.00020546671619e+05 
9.27488924135160e+01 1.00019428940114e+05 
9.29068924081221e+01 1.00018102918500e+05 
9.30648924455409e+01 1.00016635405426e+05 
9.32228924177697e+01 1.00014914778548e+05 
9.33808923174738e+01 1.00013384011831e+05 
9.35388923127242e+01 1.00011634026302e+05 
9.36968923560327e+01 1.00009731193305e+05 
9.38548923989902e+01 1.00007686810403e+05 
9.40128924384549e+01 1.00005462047573e+05 
9.41708924405656e+01 1.00003058036571e+05 
9.43288923108054e+01 1.00000633558788e+05 
9.44868920599109e+01 9.99986094553740e+04 
9.46448916529606e+01 9.99965394241541e+04 
9.48028916076712e+01 9.99944272073939e+04 
9.49608914944496e+01 9.99921639721053e+04 
9.51188913057259e+01 9.99898761540955e+04 
9.52768912337209e+01 9.99873732182731e+04 
9.54348911411694e+01 9.99857710709263e+04 
9.55928911756063e+01 9.99842617017605e+04 
9.57508910635802e+01 9.99828495207186e+04 
9.59088910424678e+01 9.99813580207301e+04 
9.60668908867435e+01 9.99799909675559e+04 
9.62248906047757e+01 9.99782559491033e+04 
9.63828904827730e+01 9.99776096078991e+04 
9.65408903462501e+01 9.99771990823900e+04 
9.66988901623332e+01 9.99769307705072e+04 
9.68568900168082e+01 9.99766764573003e+04 
9.70148897240250e+01 9.99766499872098e+04 
9.71728892944551e+01 9.99762371303827e+04 
9.73308889047403e+01 9.99767786939738e+04 
9.74888886147520e+01 9.99775668989776e+04 
9.76468881266289e+01 9.99785509948343e+04 
9.78048877845412e+01 9.99796707558601e+04 
9.79628871957190e+01 9.99810811591770e+04 
9.81208865399089e+01 9.99822487690130e+04 
9.82788858937054e+01 9.99838376748807e+04 
9.84368853019583e+01 9.99856262935656e+04 
9.85948846206375e+01 9.99875843492031e+04 
9.87528839618249e+01 9.99897319484226e+04 
9.89108832001843e+01 9.99921120931300e+04 
9.90688822583182e+01 9.99944505413375e+04 
9.92268814607112e+01 9.99965664827770e+04 
9.93848806720824e+01 9.99987605613252e+04 
9.95428797821141e+01 1.00001013539853e+05 
9.97008790097915e+01 1.00003450325856e+05 
9.98588780603129e+01 1.00005946775601e+05 
1.00016877088879e+02 1.00008616200111e+05 
