# Liste des scalaires : TEMPS pmat 
0.00000000000000e+00 1.00000000000000e+05 
1.58013544018059e-01 1.00000000000000e+05 
3.16027088036117e-01 1.00000000000000e+05 
4.74040632054176e-01 1.00000000000000e+05 
6.32054176072234e-01 1.00000000000000e+05 
7.90067720090293e-01 1.00000000000000e+05 
9.48081264108351e-01 1.00000000000000e+05 
1.10609480812641e+00 1.00000000000000e+05 
1.26410835214447e+00 1.00000000000000e+05 
1.42212189616253e+00 1.00000000000000e+05 
1.58013544018058e+00 1.00000000000000e+05 
1.73814898419864e+00 1.00000000000000e+05 
1.89616252821670e+00 1.00000000000000e+05 
2.05417607223476e+00 1.00000000000000e+05 
2.21218961625282e+00 1.00000000000000e+05 
2.37020316027087e+00 1.00000000000000e+05 
2.52821670428893e+00 1.00000000000000e+05 
2.68623024830699e+00 1.00000000000000e+05 
2.84424379232505e+00 1.00000000000000e+05 
3.00225733634311e+00 1.00000000000000e+05 
3.16027088036116e+00 1.00000000000000e+05 
3.31828442437922e+00 1.00000000000000e+05 
3.47629796839728e+00 1.00000000000000e+05 
3.63431151241534e+00 1.00000000000000e+05 
3.79232505643340e+00 1.00000000000000e+05 
3.95033860045145e+00 1.00000000000000e+05 
4.10835214446951e+00 1.00000000000000e+05 
4.26636568848757e+00 1.00000000000000e+05 
4.42437923250563e+00 1.00000000000000e+05 
4.58239277652368e+00 1.00000000000000e+05 
4.74040632054174e+00 1.00000000000000e+05 
4.89841986455980e+00 1.00000000000000e+05 
5.05643340857786e+00 1.00000000000000e+05 
5.21444695259591e+00 1.00000000000000e+05 
5.37246049661397e+00 1.00000000000000e+05 
5.53047404063203e+00 1.00000000000000e+05 
5.68848758465009e+00 1.00000000000000e+05 
5.84650112866814e+00 1.00000000000000e+05 
6.00451467268620e+00 1.00000000000000e+05 
6.16252821670426e+00 1.00000000000000e+05 
6.32054176072231e+00 1.00000000000000e+05 
6.47855530474037e+00 1.00000000000000e+05 
6.63656884875843e+00 1.00000000000000e+05 
6.79458239277648e+00 1.00000000000000e+05 
6.95259593679454e+00 1.00000000000000e+05 
7.11060948081260e+00 1.00000000000000e+05 
7.26862302483065e+00 1.00000000000000e+05 
7.42663656884871e+00 1.00000000000000e+05 
7.58465011286677e+00 1.00000000000000e+05 
7.74266365688483e+00 1.00000000000000e+05 
7.90067720090288e+00 1.00000000000000e+05 
8.05869074492094e+00 1.00000000000000e+05 
8.21670428893899e+00 1.00000000000000e+05 
8.37471783295705e+00 1.00000000000000e+05 
8.53273137697511e+00 1.00000000000000e+05 
8.69074492099316e+00 1.00000000000000e+05 
8.84875846501122e+00 1.00000000000000e+05 
9.00677200902927e+00 1.00000000000000e+05 
9.16478555304733e+00 1.00000000000000e+05 
9.32279909706538e+00 1.00000000000000e+05 
9.48081264108344e+00 1.00000000000000e+05 
9.63882618510150e+00 1.00000000000000e+05 
9.79683972911955e+00 1.00000000000000e+05 
9.95485327313761e+00 1.00000000000000e+05 
1.01128668171557e+01 1.00000000000000e+05 
1.02708803611737e+01 1.00000000000000e+05 
1.04288939051918e+01 1.00000000000000e+05 
1.05869074492098e+01 1.00000000000000e+05 
1.07449209932279e+01 1.00000000000000e+05 
1.09029345372459e+01 1.00000000000000e+05 
1.10609480812640e+01 1.00000000000000e+05 
1.12189616252821e+01 1.00000000000000e+05 
1.13769751693001e+01 1.00000000000000e+05 
1.15349887133182e+01 1.00000000000000e+05 
1.16930022573362e+01 1.00000000000000e+05 
1.18510158013543e+01 1.00000000000000e+05 
1.20090293453723e+01 1.00000000000000e+05 
1.21670428893904e+01 1.00000000000000e+05 
1.23250564334084e+01 1.00000000000000e+05 
1.24830699774265e+01 1.00000000000000e+05 
1.26410835214446e+01 1.00000000000000e+05 
1.27990970654626e+01 1.00000000000000e+05 
1.29571106094807e+01 1.00000000000000e+05 
1.31151241534987e+01 1.00000000000000e+05 
1.32731376975168e+01 1.00000000000000e+05 
1.34311512415348e+01 1.00000000000000e+05 
1.35891647855529e+01 1.00000000000000e+05 
1.37471783295709e+01 1.00000000000000e+05 
1.39051918735890e+01 1.00000000000000e+05 
1.40632054176071e+01 1.00000000000000e+05 
1.42212189616251e+01 1.00000000000000e+05 
1.43792325056432e+01 1.00000000000000e+05 
1.45372460496612e+01 1.00000000000000e+05 
1.46952595936793e+01 1.00000000000000e+05 
1.48532731376973e+01 1.00000000000000e+05 
1.50112866817154e+01 1.00000000000000e+05 
1.51693002257334e+01 1.00000000000000e+05 
1.53273137697515e+01 1.00000000000000e+05 
1.54853273137695e+01 1.00000000000000e+05 
1.56433408577876e+01 1.00000000000000e+05 
1.58013544018057e+01 1.00000000000000e+05 
1.59593679458237e+01 1.00000000000000e+05 
1.61173814898418e+01 1.00000000000000e+05 
1.62753950338598e+01 1.00000000000000e+05 
1.64334085778779e+01 1.00000000000000e+05 
1.65914221218959e+01 1.00000000000000e+05 
1.67494356659140e+01 1.00000000000000e+05 
1.69074492099320e+01 1.00000000000000e+05 
1.70654627539501e+01 1.00000000000000e+05 
1.72234762979681e+01 1.00000000000000e+05 
1.73814898419862e+01 1.00000000000000e+05 
1.75395033860043e+01 1.00000000000000e+05 
1.76975169300223e+01 1.00000000000000e+05 
1.78555304740404e+01 1.00000000000000e+05 
1.80135440180584e+01 1.00000000000000e+05 
1.81715575620765e+01 1.00000000000000e+05 
1.83295711060945e+01 1.00000000000000e+05 
1.84875846501126e+01 1.00000000000000e+05 
1.86455981941306e+01 1.00000000000000e+05 
1.88036117381487e+01 1.00000000000000e+05 
1.89616252821667e+01 1.00000000000000e+05 
1.91196388261848e+01 1.00000000000000e+05 
1.92776523702028e+01 1.00000000000000e+05 
1.94356659142209e+01 1.00000000000000e+05 
1.95936794582390e+01 1.00000000000000e+05 
1.97516930022570e+01 1.00000000000000e+05 
1.99097065462751e+01 1.00000000000000e+05 
2.00677200902931e+01 1.00000000000000e+05 
2.02257336343112e+01 1.00000000000000e+05 
2.03837471783292e+01 1.00000000000000e+05 
2.05417607223473e+01 1.00000000000000e+05 
2.06997742663653e+01 1.00000000000000e+05 
2.08577878103834e+01 1.00000000000000e+05 
2.10158013544014e+01 1.00000000000000e+05 
2.11738148984195e+01 1.00000000000000e+05 
2.13318284424376e+01 1.00000000000000e+05 
2.14898419864556e+01 1.00000000000000e+05 
2.16478555304737e+01 1.00000000000000e+05 
2.18058690744917e+01 1.00000000000000e+05 
2.19638826185098e+01 1.00000000000000e+05 
2.21218961625278e+01 1.00000000000000e+05 
2.22799097065459e+01 1.00000000000000e+05 
2.24379232505639e+01 1.00000000000000e+05 
2.25959367945820e+01 1.00000000000000e+05 
2.27539503386000e+01 1.00000000000000e+05 
2.29119638826181e+01 1.00000000000000e+05 
2.30699774266361e+01 1.00000000000000e+05 
2.32279909706542e+01 1.00000000000000e+05 
2.33860045146723e+01 1.00000000000000e+05 
2.35440180586903e+01 1.00000000000000e+05 
2.37020316027084e+01 1.00000000000000e+05 
2.38600451467264e+01 1.00000000000000e+05 
2.40180586907445e+01 1.00000000000000e+05 
2.41760722347625e+01 1.00000000000000e+05 
2.43340857787806e+01 1.00000000000000e+05 
2.44920993227986e+01 1.00000000000000e+05 
2.46501128668167e+01 1.00000000000000e+05 
2.48081264108347e+01 1.00000000000000e+05 
2.49661399548528e+01 1.00000000000000e+05 
2.51241534988708e+01 1.00000000000000e+05 
2.52821670428889e+01 1.00000000000000e+05 
2.54401805869069e+01 1.00000000000000e+05 
2.55981941309250e+01 1.00000000000000e+05 
2.57562076749430e+01 1.00000000000000e+05 
2.59142212189611e+01 1.00000000000000e+05 
2.60722347629791e+01 1.00000000000000e+05 
2.62302483069972e+01 1.00000000000000e+05 
2.63882618510153e+01 1.00000000000000e+05 
2.65462753950333e+01 1.00000000000000e+05 
2.67042889390514e+01 1.00000000000000e+05 
2.68623024830694e+01 1.00000000000000e+05 
2.70203160270875e+01 1.00000000000000e+05 
2.71783295711055e+01 1.00000000000000e+05 
2.73363431151236e+01 1.00000000000000e+05 
2.74943566591416e+01 1.00000000000000e+05 
2.76523702031597e+01 1.00000000000000e+05 
2.78103837471777e+01 1.00000000000000e+05 
2.79683972911958e+01 1.00000000000000e+05 
2.81264108352138e+01 1.00000000000000e+05 
2.82844243792319e+01 1.00000000000000e+05 
2.84424379232499e+01 1.00000000000000e+05 
2.86004514672680e+01 1.00000000000000e+05 
2.87584650112860e+01 1.00000000000000e+05 
2.89164785553041e+01 1.00000000000000e+05 
2.90744920993221e+01 1.00000000000000e+05 
2.92325056433402e+01 1.00000000000000e+05 
2.93905191873582e+01 1.00000000000000e+05 
2.95485327313763e+01 1.00000000000000e+05 
2.97065462753943e+01 1.00000000000000e+05 
2.98645598194124e+01 1.00000000000000e+05 
3.00225733634304e+01 1.00000000000000e+05 
3.01805869074485e+01 1.00000000000000e+05 
3.03386004514665e+01 1.00000000000000e+05 
3.04966139954843e+01 1.00000000000000e+05 
3.06546275395003e+01 1.00000000000000e+05 
3.08126410834971e+01 1.00000000000000e+05 
3.09706546272957e+01 1.00000000000000e+05 
3.11286681708936e+01 1.00000000000000e+05 
3.12866817143274e+01 1.00000000000000e+05 
3.14446952574723e+01 1.00000000000000e+05 
3.16027088001674e+01 1.00000000000000e+05 
3.17607223421364e+01 1.00000000000000e+05 
3.19187358832495e+01 1.00000000000000e+05 
3.20767494226194e+01 1.00000000000000e+05 
3.22347629599941e+01 1.00000000000000e+05 
3.23927764943706e+01 1.00000000000000e+05 
3.25507900239423e+01 1.00000000000000e+05 
3.27088035457829e+01 1.00000000000000e+05 
3.28668170595274e+01 1.00000000000000e+05 
3.30248305599181e+01 1.00000000000000e+05 
3.31828440425992e+01 1.00000000000000e+05 
3.33408575031136e+01 1.00000000000000e+05 
3.34988709293862e+01 1.00000000000000e+05 
3.36568843063214e+01 1.00000000000000e+05 
3.38148976325709e+01 1.00000000000000e+05 
3.39729108878444e+01 1.00000000000000e+05 
3.41309240403887e+01 1.00000000000000e+05 
3.42889370834585e+01 1.00000000000000e+05 
3.44469499667095e+01 1.00000000000000e+05 
3.46049626416154e+01 1.00000000000000e+05 
3.47629751094123e+01 1.00000000000000e+05 
3.49209873220811e+01 1.00000000000000e+05 
3.50789991793260e+01 1.00000000000000e+05 
3.52370106929348e+01 1.00000000000000e+05 
3.53950217552060e+01 1.00000000000000e+05 
3.55530322801683e+01 1.00000000000000e+05 
3.57110422484800e+01 1.00000000000000e+05 
3.58690516557028e+01 1.00000000000000e+05 
3.60270604042267e+01 1.00000000000000e+05 
3.61850684108629e+01 1.00000000000000e+05 
3.63430757025597e+01 1.00000000000000e+05 
3.65010821998343e+01 1.00000000000000e+05 
3.66590879149553e+01 1.00000000000000e+05 
3.68170929429180e+01 1.00000000000000e+05 
3.69750972659910e+01 1.00000000000000e+05 
3.71331008599683e+01 1.00000000000000e+05 
3.72911038794230e+01 1.00000000000000e+05 
3.74491063311914e+01 1.00000000000000e+05 
3.76071083058444e+01 1.00000000000000e+05 
3.77651096857588e+01 1.00000000000000e+05 
3.79231104073047e+01 1.00000000000000e+05 
3.80811109502943e+01 1.00000000000000e+05 
3.82391112062999e+01 1.00000000000000e+05 
3.83971111660317e+01 1.00000000000000e+05 
3.85551109656345e+01 1.00000000000000e+05 
3.87131105571401e+01 1.00000000000000e+05 
3.88711098652798e+01 1.00000000000000e+05 
3.90291090063081e+01 1.00000000000000e+05 
3.91871079803516e+01 1.00000000000000e+05 
3.93451069164122e+01 1.00000000000000e+05 
3.95031056072435e+01 1.00000000000000e+05 
3.96611044176520e+01 1.00000000000000e+05 
3.98191030871787e+01 1.00000000000000e+05 
3.99771018088401e+01 1.00000000000000e+05 
4.01351007074698e+01 1.00000000000000e+05 
4.02930997022155e+01 1.00000000000000e+05 
4.04510986021552e+01 1.00000000000000e+05 
4.06090971618161e+01 1.00000000000000e+05 
4.07670958737284e+01 1.00000000000000e+05 
4.09250951708767e+01 1.00000000000000e+05 
4.10830945501286e+01 1.00000000000000e+05 
4.12410939472816e+01 1.00000000000000e+05 
4.13990933807653e+01 1.00000000000000e+05 
4.15570928592266e+01 1.00000000000000e+05 
4.17150923413803e+01 1.00000000000000e+05 
4.18730918618998e+01 1.00000000000000e+05 
4.20310913871491e+01 1.00000000000000e+05 
4.21890909437351e+01 1.00000000000000e+05 
4.23470905543198e+01 1.00000000000000e+05 
4.25050902256413e+01 1.00000000000000e+05 
4.26630899184684e+01 1.00000000000000e+05 
4.28210896745392e+01 1.00000000000000e+05 
4.29790892602239e+01 1.00000000000000e+05 
4.31370888188632e+01 1.00000000000000e+05 
4.32950884109090e+01 1.00000000000000e+05 
4.34530877023690e+01 1.00000000000000e+05 
4.36110866376294e+01 1.00000000000000e+05 
4.37690854724754e+01 1.00000000000000e+05 
4.39270845035842e+01 1.00000000000000e+05 
4.40850833364672e+01 1.00000000000000e+05 
4.42430820276957e+01 1.00000000000000e+05 
4.44010804989590e+01 1.00000000000000e+05 
4.45590788134630e+01 1.00000000000000e+05 
4.47170770655565e+01 1.00000000000000e+05 
4.48750752148097e+01 1.00000000000035e+05 
4.50330732938293e+01 1.00000000000323e+05 
4.51910713795358e+01 1.00000000043376e+05 
4.53490693983586e+01 1.00000000405399e+05 
4.55070674106562e+01 1.00000000857307e+05 
4.56650653676240e+01 1.00000001274903e+05 
4.58230631625694e+01 1.00000001551261e+05 
4.59810608096228e+01 1.00000002207485e+05 
4.61390583312556e+01 1.00000003002504e+05 
4.62970557728472e+01 1.00000004262766e+05 
4.64550531385988e+01 1.00000005910626e+05 
4.66130504658573e+01 1.00000008703716e+05 
4.67710476910669e+01 1.00000012438400e+05 
4.69290448370875e+01 1.00000017639733e+05 
4.70870418817074e+01 1.00000024325426e+05 
4.72450388394929e+01 1.00000033805711e+05 
4.74030357844738e+01 1.00000044903277e+05 
4.75610327369803e+01 1.00000062099531e+05 
4.77190296641417e+01 1.00000083328592e+05 
4.78770265567167e+01 1.00000111485971e+05 
4.80350232907807e+01 1.00000146127585e+05 
4.81930199724646e+01 1.00000192640593e+05 
4.83510166821919e+01 1.00000243010574e+05 
4.85090134340476e+01 1.00000315739467e+05 
4.86670101864053e+01 1.00000398005501e+05 
4.88250069367958e+01 1.00000500932739e+05 
4.89830037017608e+01 1.00000620799786e+05 
4.91410003791622e+01 1.00000772680685e+05 
4.92989969712441e+01 1.00000922646753e+05 
4.94569936135427e+01 1.00001121398255e+05 
4.96149902571749e+01 1.00001321362987e+05 
4.97729869349215e+01 1.00001556652764e+05 
4.99309836461128e+01 1.00001816498167e+05 
5.00889804092298e+01 1.00002126808480e+05 
5.02469772586986e+01 1.00002399316681e+05 
5.04049742099479e+01 1.00002718447953e+05 
5.05629710368897e+01 1.00002982830109e+05 
5.07209677221875e+01 1.00003279593191e+05 
5.08789643925024e+01 1.00003596656116e+05 
5.10369611214738e+01 1.00003960578835e+05 
5.11949579837573e+01 1.00004238721535e+05 
5.13529549196390e+01 1.00004490117431e+05 
5.15109519220113e+01 1.00004600682003e+05 
5.16689490194469e+01 1.00004737654604e+05 
5.18269461871349e+01 1.00004903093381e+05 
5.19849434232851e+01 1.00005119136223e+05 
5.21429407955823e+01 1.00005242826854e+05 
5.23009380095267e+01 1.00005259459334e+05 
5.24589351151370e+01 1.00005095372125e+05 
5.26169322605497e+01 1.00004967602469e+05 
5.27749294397864e+01 1.00004887639886e+05 
5.29329267403186e+01 1.00004893255927e+05 
5.30909241439174e+01 1.00004867506669e+05 
5.32489216473604e+01 1.00004697322974e+05 
5.34069192807000e+01 1.00004367699941e+05 
5.35649170063727e+01 1.00004079564677e+05 
5.37229148023365e+01 1.00003843284281e+05 
5.38809127246988e+01 1.00003704219900e+05 
5.40389107877367e+01 1.00003588541479e+05 
5.41969089517492e+01 1.00003350803126e+05 
5.43549072484630e+01 1.00003011762265e+05 
5.45129054270051e+01 1.00002703396570e+05 
5.46709034516164e+01 1.00002421172917e+05 
5.48289014795824e+01 1.00002218863484e+05 
5.49868996507851e+01 1.00002079582561e+05 
5.51448978880694e+01 1.00001848378819e+05 
5.53028962526066e+01 1.00001563614448e+05 
5.54608947556885e+01 1.00001277059500e+05 
5.56188933188464e+01 1.00000984609795e+05 
5.57768920070724e+01 1.00000718609037e+05 
5.59348908650161e+01 1.00000524841704e+05 
5.60928898167026e+01 1.00000255053309e+05 
5.62508889037190e+01 9.99999684307384e+04 
5.64088881394332e+01 9.99996546872396e+04 
5.65668874484921e+01 9.99993241523202e+04 
5.67248868836807e+01 9.99989725046769e+04 
5.68828864893542e+01 9.99986973421894e+04 
5.70408861960338e+01 9.99983758851905e+04 
5.71988860391269e+01 9.99980897565391e+04 
5.73568857825965e+01 9.99977792200790e+04 
5.75148854374958e+01 9.99974576323752e+04 
5.76728851158728e+01 9.99970958447621e+04 
5.78308849012099e+01 9.99968177950786e+04 
5.79888847480601e+01 9.99965431169522e+04 
5.81468847532464e+01 9.99963705104847e+04 
5.83048848708051e+01 9.99961894364571e+04 
5.84628851001882e+01 9.99960045822028e+04 
5.86208854661624e+01 9.99957582796067e+04 
5.87788859510897e+01 9.99955953087334e+04 
5.89368865555350e+01 9.99954964174204e+04 
5.90948872830377e+01 9.99955526186106e+04 
5.92528880864323e+01 9.99956166612761e+04 
5.94108889302507e+01 9.99956829964923e+04 
5.95688898327881e+01 9.99956822782303e+04 
5.97268908041111e+01 9.99957215749773e+04 
5.98848918003332e+01 9.99958903802398e+04 
6.00428928680254e+01 9.99962086861174e+04 
6.02008940796456e+01 9.99965559240608e+04 
6.03588954725139e+01 9.99969173303104e+04 
6.05168971072922e+01 9.99972215394961e+04 
6.06748990531746e+01 9.99974998622469e+04 
6.08329010433522e+01 9.99979255659832e+04 
6.09909029438758e+01 9.99984453888796e+04 
6.11489044805151e+01 9.99989949194932e+04 
6.13069057727749e+01 9.99995652471917e+04 
6.14649070351632e+01 1.00000090202975e+05 
6.16229081384915e+01 1.00000493824235e+05 
6.17809092441211e+01 1.00000982168323e+05 
6.19389101339700e+01 1.00001460874255e+05 
6.20969109801752e+01 1.00001964219925e+05 
6.22549119387378e+01 1.00002499410735e+05 
6.24129129488496e+01 1.00002998510024e+05 
6.25709138861800e+01 1.00003327313420e+05 
6.27289151983368e+01 1.00003619205629e+05 
6.28869165870729e+01 1.00003796896216e+05 
6.30449181597254e+01 1.00004018518181e+05 
6.32029200758520e+01 1.00004281641128e+05 
6.33609221827735e+01 1.00004544014710e+05 
6.35189242560073e+01 1.00004644191554e+05 
6.36769260693996e+01 1.00004619746786e+05 
6.38349281051127e+01 1.00004443327302e+05 
6.39929298098694e+01 1.00004315127117e+05 
6.41509316615666e+01 1.00004238182858e+05 
6.43089337942408e+01 1.00004204561509e+05 
6.44669357869463e+01 1.00004092512231e+05 
6.46249374433373e+01 1.00003830991706e+05 
6.47829389136374e+01 1.00003433983254e+05 
6.49409399663625e+01 1.00003076906401e+05 
6.50989409632269e+01 1.00002768041247e+05 
6.52569421377169e+01 1.00002526699056e+05 
6.54149430085585e+01 1.00002283387563e+05 
6.55729437641150e+01 1.00001911133187e+05 
6.57309443638751e+01 1.00001466734534e+05 
6.58889448714392e+01 1.00001024240738e+05 
6.60469454271883e+01 1.00000592516603e+05 
6.62049458871531e+01 1.00000198360359e+05 
6.63629460911794e+01 9.99998736700071e+04 
6.65209461944869e+01 9.99994578280290e+04 
6.66789460139657e+01 9.99990421016703e+04 
6.68369454321013e+01 9.99985860518995e+04 
6.69949447414460e+01 9.99981040065587e+04 
6.71529441536746e+01 9.99976106402599e+04 
6.73109433241402e+01 9.99972280416174e+04 
6.74689424701647e+01 9.99968359981654e+04 
6.76269417991850e+01 9.99965306692148e+04 
6.77849410142811e+01 9.99961766176179e+04 
6.79429404441664e+01 9.99957831367439e+04 
6.81009399323400e+01 9.99953623838057e+04 
6.82589394467423e+01 9.99950725474501e+04 
6.84169390831585e+01 9.99948696773044e+04 
6.85749387125848e+01 9.99948291578916e+04 
6.87329381770452e+01 9.99947595941526e+04 
6.88909376719355e+01 9.99946559184699e+04 
6.90489371579850e+01 9.99945059146178e+04 
6.92069365995741e+01 9.99944623329316e+04 
6.93649360510441e+01 9.99945772771988e+04 
6.95229353740816e+01 9.99948603907296e+04 
6.96809345840638e+01 9.99951351311385e+04 
6.98389340499524e+01 9.99953887847730e+04 
6.99969337688401e+01 9.99955844214283e+04 
7.01549335087798e+01 9.99957896184281e+04 
7.03129334087804e+01 9.99961724452879e+04 
7.04709333808406e+01 9.99966772505879e+04 
7.06289333787524e+01 9.99971788988865e+04 
7.07869336204822e+01 9.99976771479770e+04 
7.09449340672215e+01 9.99981128662438e+04 
7.11029345997939e+01 9.99984685902809e+04 
7.12609350713582e+01 9.99989482790276e+04 
7.14189347160093e+01 9.99994566876657e+04 
7.15769336370085e+01 9.99999792863809e+04 
7.17349322495437e+01 1.00000520477785e+05 
7.18929307461385e+01 1.00001025520047e+05 
7.20509289766604e+01 1.00001401619564e+05 
7.22089272661357e+01 1.00001804247501e+05 
7.23669254718874e+01 1.00002146403309e+05 
7.25249235776293e+01 1.00002519626070e+05 
7.26829219494500e+01 1.00002932372995e+05 
7.28409203727508e+01 1.00003345515143e+05 
7.29989186538633e+01 1.00003617006273e+05 
7.31569171184710e+01 1.00003823262002e+05 
7.33149154807419e+01 1.00003902397774e+05 
7.34729138742871e+01 1.00004009734055e+05 
7.36309123482416e+01 1.00004160715604e+05 
7.37889111043111e+01 1.00004335268654e+05 
7.39469098644377e+01 1.00004396686678e+05 
7.41049087471577e+01 1.00004328903544e+05 
7.42629075233993e+01 1.00004116129436e+05 
7.44209062786759e+01 1.00003915287603e+05 
7.45789051660299e+01 1.00003748765054e+05 
7.47369040521852e+01 1.00003621619747e+05 
7.48949026971529e+01 1.00003450618796e+05 
7.50529013271319e+01 1.00003121386812e+05 
7.52109000002093e+01 1.00002688546467e+05 
7.53688985762336e+01 1.00002247146031e+05 
7.55268972581844e+01 1.00001813127204e+05 
7.56848960103278e+01 1.00001412713279e+05 
7.58428947255754e+01 1.00001056345440e+05 
7.60008936594136e+01 1.00000571637616e+05 
7.61588924322546e+01 1.00000063405639e+05 
7.63168911638559e+01 9.99995306178178e+04 
7.64748900450755e+01 9.99989828100913e+04 
7.66328890548658e+01 9.99984473054940e+04 
7.67908878834910e+01 9.99980265801215e+04 
7.69488867890563e+01 9.99975788268231e+04 
7.71068856575359e+01 9.99972098110274e+04 
7.72648846605642e+01 9.99968070514671e+04 
7.74228838477881e+01 9.99963719526896e+04 
7.75808832323467e+01 9.99959330983577e+04 
7.77388824246277e+01 9.99956462749330e+04 
7.78968816322887e+01 9.99954384874285e+04 
7.80548807011359e+01 9.99953932844049e+04 
7.82128796943324e+01 9.99953150094938e+04 
7.83708787081097e+01 9.99951889389881e+04 
7.85288777862713e+01 9.99950212783744e+04 
7.86868768060587e+01 9.99949758823310e+04 
7.88448759839678e+01 9.99950854844524e+04 
7.90028750293676e+01 9.99953615164080e+04 
7.91608740579794e+01 9.99956064693778e+04 
7.93188731240776e+01 9.99958019860323e+04 
7.94768722866737e+01 9.99959380087496e+04 
7.96348714744995e+01 9.99961070738300e+04 
7.97928707841639e+01 9.99964495627485e+04 
7.99508700431175e+01 9.99969084007437e+04 
8.01088692532010e+01 9.99973542434781e+04 
8.02668685571017e+01 9.99977762730483e+04 
8.04248679221742e+01 9.99981304930478e+04 
8.05828672895297e+01 9.99984371524104e+04 
8.07408668401889e+01 9.99988668467051e+04 
8.08988663183940e+01 9.99993208572123e+04 
8.10568658136689e+01 9.99997789785416e+04 
8.12148653641856e+01 1.00000238738568e+05 
8.13728650602450e+01 1.00000657382193e+05 
8.15308647094415e+01 1.00000960180761e+05 
8.16888645412167e+01 1.00001296478729e+05 
8.18468642992061e+01 1.00001575435156e+05 
8.20048640365115e+01 1.00001878617909e+05 
8.21628638878385e+01 1.00002210070972e+05 
8.23208638447879e+01 1.00002534343713e+05 
8.24788638290085e+01 1.00002731965274e+05 
8.26368639316287e+01 1.00002879076941e+05 
8.27948639928999e+01 1.00002920133881e+05 
8.29528640097892e+01 1.00002995173552e+05 
8.31108641257694e+01 1.00003103366690e+05 
8.32688643339817e+01 1.00003246544461e+05 
8.34268645003396e+01 1.00003285998351e+05 
8.35848648702901e+01 1.00003229305613e+05 
8.37428651207969e+01 1.00003060809116e+05 
8.39008653577218e+01 1.00002908303414e+05 
8.40588656514321e+01 1.00002787143635e+05 
8.42168660797810e+01 1.00002709507853e+05 
8.43748664504764e+01 1.00002588587226e+05 
8.45328669632765e+01 1.00002353929823e+05 
8.46908673910183e+01 1.00002047781716e+05 
8.48488677558302e+01 1.00001736074548e+05 
8.50068682338221e+01 1.00001431764228e+05 
8.51648687934220e+01 1.00001164689457e+05 
8.53228693020651e+01 1.00000918443990e+05 
8.54808699523303e+01 1.00000583756743e+05 
8.56388704750119e+01 1.00000231865895e+05 
8.57968709951201e+01 9.99998517810974e+04 
8.59548715414848e+01 9.99994532101644e+04 
8.61128721364377e+01 9.99990640338631e+04 
8.62708727179347e+01 9.99987503217729e+04 
8.64288733473842e+01 9.99984030880022e+04 
8.65868739800674e+01 9.99981087746601e+04 
8.67448745080638e+01 9.99977717928281e+04 
8.69028751837753e+01 9.99974014833626e+04 
8.70608758960404e+01 9.99970196297387e+04 
8.72188765860811e+01 9.99967441243788e+04 
8.73768773582707e+01 9.99965108098504e+04 
8.75348780012508e+01 9.99963927140220e+04 
8.76928786004829e+01 9.99962343974583e+04 
8.78508792441084e+01 9.99960366179728e+04 
8.80088800434000e+01 9.99958149803409e+04 
8.81668806916759e+01 9.99956956340572e+04 
8.83248814855233e+01 9.99956902125173e+04 
8.84828821285871e+01 9.99958153622413e+04 
8.86408826913246e+01 9.99959217044060e+04 
8.87988833442697e+01 9.99959950242253e+04 
8.89568840341034e+01 9.99960291549241e+04 
8.91148847006716e+01 9.99961159348656e+04 
8.92728853750260e+01 9.99963520120158e+04 
8.94308859501744e+01 9.99967081380356e+04 
8.95888863918260e+01 9.99970504014908e+04 
8.97468869365088e+01 9.99973650126822e+04 
8.99048875615784e+01 9.99976349719757e+04 
9.00628880436466e+01 9.99978926117885e+04 
9.02208886930447e+01 9.99982754494209e+04 
9.03788890986989e+01 9.99987004309624e+04 
9.05368894584843e+01 9.99991216977408e+04 
9.06948898189981e+01 9.99995378436934e+04 
9.08528902524989e+01 9.99999198370107e+04 
9.10108905775425e+01 1.00000217723748e+05 
9.11688909467955e+01 1.00000566420500e+05 
9.13268912145514e+01 1.00000876716006e+05 
9.14848913158008e+01 1.00001196844871e+05 
9.16428915822170e+01 1.00001530879618e+05 
9.18008918169298e+01 1.00001857766947e+05 
9.19588919708743e+01 1.00002080249276e+05 
9.21168922103786e+01 1.00002271449262e+05 
9.22748922710947e+01 1.00002366240908e+05 
9.24328922715071e+01 1.00002484758054e+05 
9.25908922911711e+01 1.00002629172292e+05 
9.27488924135160e+01 1.00002793219066e+05 
9.29068924081221e+01 1.00002874658819e+05 
9.30648924455409e+01 1.00002867186351e+05 
9.32228924177697e+01 1.00002762813385e+05 
9.33808923174738e+01 1.00002673926273e+05 
9.35388923127242e+01 1.00002604628601e+05 
9.36968923560327e+01 1.00002575630414e+05 
9.38548923989902e+01 1.00002512943667e+05 
9.40128924384549e+01 1.00002343712891e+05 
9.41708924405656e+01 1.00002088928266e+05 
9.43288923108054e+01 1.00001837402321e+05 
9.44868920599109e+01 1.00001597567936e+05 
9.46448916529606e+01 1.00001397174961e+05 
9.48028916076712e+01 1.00001212481732e+05 
9.49608914944496e+01 1.00000938613560e+05 
9.51188913057259e+01 1.00000629308306e+05 
9.52768912337209e+01 1.00000300631299e+05 
9.54348911411694e+01 9.99999618986105e+04 
9.55928911756063e+01 9.99996406467071e+04 
9.57508910635802e+01 9.99993857166440e+04 
9.59088910424678e+01 9.99990799373554e+04 
9.60668908867435e+01 9.99987965599943e+04 
9.62248906047757e+01 9.99984771763758e+04 
9.63828904827730e+01 9.99981281505876e+04 
9.65408903462501e+01 9.99977708020195e+04 
9.66988901623332e+01 9.99975045737345e+04 
9.68568900168082e+01 9.99972494896483e+04 
9.70148897240250e+01 9.99970748913500e+04 
9.71728892944551e+01 9.99968632266913e+04 
9.73308889047403e+01 9.99966138869912e+04 
9.74888886147520e+01 9.99963415253516e+04 
9.76468881266289e+01 9.99961609981939e+04 
9.78048877845412e+01 9.99960584983038e+04 
9.79628871957190e+01 9.99960872057568e+04 
9.81208865399089e+01 9.99960866528027e+04 
9.82788858937054e+01 9.99960550243578e+04 
9.84368853019583e+01 9.99959827161129e+04 
9.85948846206375e+01 9.99959846371039e+04 
9.87528839618249e+01 9.99961068834167e+04 
9.89108832001843e+01 9.99963608763452e+04 
9.90688822583182e+01 9.99966086132304e+04 
9.92268814607112e+01 9.99968263076736e+04 
9.93848806720824e+01 9.99970027917117e+04 
9.95428797821141e+01 9.99971967685067e+04 
9.97008790097915e+01 9.99975215366857e+04 
9.98588780603129e+01 9.99979253999437e+04 
1.00016877088879e+02 9.99983331249138e+04 
