# Liste des scalaires : TEMPS pmat 
0.00000000000000e+00 1.00000000000000e+05 
1.58013544018059e-01 1.00000000000000e+05 
3.16027088036117e-01 1.00000000000000e+05 
4.74040632054176e-01 1.00000000000000e+05 
6.32054176072234e-01 1.00000000000000e+05 
7.90067720090293e-01 1.00000000000000e+05 
9.48081264108351e-01 1.00000000000000e+05 
1.10609480812641e+00 1.00000000000000e+05 
1.26410835214447e+00 1.00000000000000e+05 
1.42212189616253e+00 1.00000000000000e+05 
1.58013544018058e+00 1.00000000000000e+05 
1.73814898419864e+00 1.00000000000000e+05 
1.89616252821670e+00 1.00000000000000e+05 
2.05417607223476e+00 1.00000000000000e+05 
2.21218961625282e+00 1.00000000000000e+05 
2.37020316027087e+00 1.00000000000000e+05 
2.52821670428893e+00 1.00000000000000e+05 
2.68623024830699e+00 1.00000000000000e+05 
2.84424379232505e+00 1.00000000000000e+05 
3.00225733634311e+00 1.00000000000000e+05 
3.16027088036116e+00 1.00000000000000e+05 
3.31828442437922e+00 1.00000000000000e+05 
3.47629796839728e+00 1.00000000000000e+05 
3.63431151241534e+00 1.00000000000000e+05 
3.79232505643340e+00 1.00000000000000e+05 
3.95033860045145e+00 1.00000000000000e+05 
4.10835214446951e+00 1.00000000000000e+05 
4.26636568848757e+00 1.00000000000000e+05 
4.42437923250563e+00 1.00000000000000e+05 
4.58239277652368e+00 1.00000000000000e+05 
4.74040632054174e+00 1.00000000000000e+05 
4.89841986455980e+00 1.00000000000000e+05 
5.05643340857786e+00 1.00000000000000e+05 
5.21444695259591e+00 1.00000000000000e+05 
5.37246049661397e+00 1.00000000000000e+05 
5.53047404063203e+00 1.00000000000000e+05 
5.68848758465009e+00 1.00000000000000e+05 
5.84650112866814e+00 1.00000000000000e+05 
6.00451467268620e+00 1.00000000000000e+05 
6.16252821670426e+00 1.00000000000000e+05 
6.32054176072231e+00 1.00000000000000e+05 
6.47855530474037e+00 1.00000000000000e+05 
6.63656884875843e+00 1.00000000000000e+05 
6.79458239277648e+00 1.00000000000000e+05 
6.95259593679454e+00 1.00000000000000e+05 
7.11060948081260e+00 1.00000000000000e+05 
7.26862302483065e+00 1.00000000000000e+05 
7.42663656884871e+00 1.00000000000000e+05 
7.58465011286677e+00 1.00000000000000e+05 
7.74266365688483e+00 1.00000000000000e+05 
7.90067720090288e+00 1.00000000000000e+05 
8.05869074492094e+00 1.00000000000000e+05 
8.21670428893899e+00 1.00000000000000e+05 
8.37471783295705e+00 1.00000000000000e+05 
8.53273137697511e+00 1.00000000000000e+05 
8.69074492099316e+00 1.00000000000000e+05 
8.84875846501122e+00 1.00000000000000e+05 
9.00677200902927e+00 1.00000000000000e+05 
9.16478555304733e+00 1.00000000000000e+05 
9.32279909706538e+00 1.00000000000000e+05 
9.48081264108344e+00 1.00000000000000e+05 
9.63882618510150e+00 1.00000000000000e+05 
9.79683972911955e+00 1.00000000000001e+05 
9.95485327313761e+00 1.00000000000010e+05 
1.01128668171557e+01 1.00000000000083e+05 
1.02708803611737e+01 1.00000000000236e+05 
1.04288939051918e+01 1.00000000000524e+05 
1.05869074492098e+01 1.00000000029684e+05 
1.07449209932279e+01 1.00000000446294e+05 
1.09029345372459e+01 1.00000000869393e+05 
1.10609480812640e+01 1.00000001617256e+05 
1.12189616252821e+01 1.00000002704614e+05 
1.13769751693001e+01 1.00000004855653e+05 
1.15349887133182e+01 1.00000009202783e+05 
1.16930022573362e+01 1.00000017692307e+05 
1.18510158013543e+01 1.00000029429638e+05 
1.20090293453723e+01 1.00000048123225e+05 
1.21670428893904e+01 1.00000072914838e+05 
1.23250564334084e+01 1.00000114358639e+05 
1.24830699774265e+01 1.00000185432999e+05 
1.26410835214446e+01 1.00000305230025e+05 
1.27990970654626e+01 1.00000453074876e+05 
1.29571106094807e+01 1.00000663179711e+05 
1.31151241534987e+01 1.00000914477350e+05 
1.32731376975168e+01 1.00001279387408e+05 
1.34311512415348e+01 1.00001819777000e+05 
1.35891647855529e+01 1.00002633195779e+05 
1.37471783295709e+01 1.00003535679180e+05 
1.39051918735890e+01 1.00004683213693e+05 
1.40632054176071e+01 1.00005914286826e+05 
1.42212189616251e+01 1.00007461750562e+05 
1.43792325056432e+01 1.00009450283951e+05 
1.45372460496612e+01 1.00012148809695e+05 
1.46952595936793e+01 1.00014802598790e+05 
1.48532731376973e+01 1.00017783228371e+05 
1.50112866817154e+01 1.00020551929499e+05 
1.51693002257334e+01 1.00023468818174e+05 
1.53273137697515e+01 1.00026728469060e+05 
1.54853273137695e+01 1.00030750204475e+05 
1.56433408577876e+01 1.00034124333980e+05 
1.58013544018057e+01 1.00037356499240e+05 
1.59593679458237e+01 1.00039638940878e+05 
1.61173814898418e+01 1.00041398093017e+05 
1.62753950338598e+01 1.00043203890027e+05 
1.64334085778779e+01 1.00045411372697e+05 
1.65914221218959e+01 1.00046727784395e+05 
1.67494356659140e+01 1.00047540032471e+05 
1.69074492099320e+01 1.00047150667216e+05 
1.70654627539501e+01 1.00046019282919e+05 
1.72234762979681e+01 1.00044810549702e+05 
1.73814898419862e+01 1.00043916289120e+05 
1.75395033860043e+01 1.00042508629798e+05 
1.76975169300223e+01 1.00040542474984e+05 
1.78555304740404e+01 1.00037806783530e+05 
1.80135440180584e+01 1.00034317550452e+05 
1.81715575620765e+01 1.00031048200834e+05 
1.83295711060945e+01 1.00027781457223e+05 
1.84875846501126e+01 1.00024608190983e+05 
1.86455981941306e+01 1.00021131380605e+05 
1.88036117381487e+01 1.00017473033487e+05 
1.89616252821667e+01 1.00013535277087e+05 
1.91196388261848e+01 1.00009889685382e+05 
1.92776523702028e+01 1.00005915293102e+05 
1.94356659142209e+01 1.00002496270595e+05 
1.95936794582390e+01 9.99990331974429e+04 
1.97516930022570e+01 9.99958593314088e+04 
1.99097065462751e+01 9.99927192234604e+04 
2.00677200902931e+01 9.99897184901079e+04 
2.02257336343112e+01 9.99860620208846e+04 
2.03837471783292e+01 9.99831318498010e+04 
2.05417607223473e+01 9.99803133935268e+04 
2.06997742663653e+01 9.99779686475938e+04 
2.08577878103834e+01 9.99759841262624e+04 
2.10158013544014e+01 9.99741367595309e+04 
2.11738148984195e+01 9.99716699925595e+04 
2.13318284424376e+01 9.99699646681402e+04 
2.14898419864556e+01 9.99686320944497e+04 
2.16478555304737e+01 9.99680663826828e+04 
2.18058690744917e+01 9.99682610274068e+04 
2.19638826185098e+01 9.99683976299467e+04 
2.21218961625278e+01 9.99684415630903e+04 
2.22799097065459e+01 9.99690053838869e+04 
2.24379232505639e+01 9.99700317009205e+04 
2.25959367945820e+01 9.99718205396860e+04 
2.27539503386000e+01 9.99743142917877e+04 
2.29119638826181e+01 9.99767883772567e+04 
2.30699774266361e+01 9.99792259558226e+04 
2.32279909706542e+01 9.99816510667610e+04 
2.33860045146723e+01 9.99843572208667e+04 
2.35440180586903e+01 9.99872058333626e+04 
2.37020316027084e+01 9.99902956001418e+04 
2.38600451467264e+01 9.99929242209552e+04 
2.40180586907445e+01 9.99954840675942e+04 
2.41760722347625e+01 9.99975431221118e+04 
2.43340857787806e+01 9.99995211818514e+04 
2.44920993227986e+01 1.00001230734395e+05 
2.46501128668167e+01 1.00002687837729e+05 
2.48081264108347e+01 1.00003730754494e+05 
2.49661399548528e+01 1.00004796133871e+05 
2.51241534988708e+01 1.00005239214022e+05 
2.52821670428889e+01 1.00005431612975e+05 
2.54401805869069e+01 1.00005352830315e+05 
2.55981941309250e+01 1.00004869733502e+05 
2.57562076749430e+01 1.00004184681088e+05 
2.59142212189611e+01 1.00003568665484e+05 
2.60722347629791e+01 1.00002637647984e+05 
2.62302483069972e+01 1.00001577924285e+05 
2.63882618510153e+01 1.00000318133987e+05 
2.65462753950333e+01 9.99987987369603e+04 
2.67042889390514e+01 9.99972837124221e+04 
2.68623024830694e+01 9.99957157964161e+04 
2.70203160270875e+01 9.99942494861315e+04 
2.71783295711055e+01 9.99927543521499e+04 
2.73363431151236e+01 9.99912764083547e+04 
2.74943566591416e+01 9.99896794142617e+04 
2.76523702031597e+01 9.99882284656856e+04 
2.78103837471777e+01 9.99866531031994e+04 
2.79683972911958e+01 9.99853757863615e+04 
2.81264108352138e+01 9.99841271861004e+04 
2.82844243792319e+01 9.99830455113626e+04 
2.84424379232499e+01 9.99821157837115e+04 
2.86004514672680e+01 9.99813663991324e+04 
2.87584650112860e+01 9.99804180922820e+04 
2.89164785553041e+01 9.99798646850337e+04 
2.90744920993221e+01 9.99794013577896e+04 
2.92325056433402e+01 9.99792215204212e+04 
2.93905191873582e+01 9.99793106100077e+04 
2.95485327313763e+01 9.99795451382792e+04 
2.97065462753943e+01 9.99796838242058e+04 
2.98645598194124e+01 9.99801515491188e+04 
3.00225733634304e+01 9.99807827536063e+04 
3.01805869074485e+01 9.99817586432307e+04 
3.03386004514665e+01 9.99830055192456e+04 
3.04966139954843e+01 9.99843017149347e+04 
3.06546275395003e+01 9.99856574467119e+04 
3.08126410834971e+01 9.99871333607581e+04 
3.09706546272957e+01 9.99887564044940e+04 
3.11286681708936e+01 9.99905643245366e+04 
3.12866817143274e+01 9.99924968198152e+04 
3.14446952574723e+01 9.99943060678125e+04 
3.16027088001674e+01 9.99962077847034e+04 
3.17607223421364e+01 9.99980163056538e+04 
3.19187358832495e+01 9.99999297683880e+04 
3.20767494226194e+01 1.00001813849868e+05 
3.22347629599941e+01 1.00003595493120e+05 
3.23927764943706e+01 1.00005169628572e+05 
3.25507900239423e+01 1.00006882993077e+05 
3.27088035457829e+01 1.00008314103303e+05 
3.28668170595274e+01 1.00009720979069e+05 
3.30248305599181e+01 1.00010909011990e+05 
3.31828440425992e+01 1.00011830115507e+05 
3.33408575031136e+01 1.00012545160784e+05 
3.34988709293862e+01 1.00013443477718e+05 
3.36568843063214e+01 1.00013982810304e+05 
3.38148976325709e+01 1.00014435629852e+05 
3.39729108878444e+01 1.00014635976715e+05 
3.41309240403887e+01 1.00014500468578e+05 
3.42889370834585e+01 1.00014228437825e+05 
3.44469499667095e+01 1.00014080108021e+05 
3.46049626416154e+01 1.00013712854057e+05 
3.47629751094123e+01 1.00013180154463e+05 
3.49209873220811e+01 1.00012346994275e+05 
3.50789991793260e+01 1.00011212826937e+05 
3.52370106929348e+01 1.00010007671956e+05 
3.53950217552060e+01 1.00008804764178e+05 
3.55530322801683e+01 1.00007556274962e+05 
3.57110422484800e+01 1.00006171988887e+05 
3.58690516557028e+01 1.00004598561067e+05 
3.60270604042267e+01 1.00002865950561e+05 
3.61850684108629e+01 1.00001224675953e+05 
3.63430757025597e+01 9.99995442897975e+04 
3.65010821998343e+01 9.99980104369086e+04 
3.66590879149553e+01 9.99963989679728e+04 
3.68170929429180e+01 9.99947918479161e+04 
3.69750972659910e+01 9.99932420029311e+04 
3.71331008599683e+01 9.99918666171838e+04 
3.72911038794230e+01 9.99904009780324e+04 
3.74491063311914e+01 9.99892247580706e+04 
3.76071083058444e+01 9.99880605869985e+04 
3.77651096857588e+01 9.99870596574047e+04 
3.79231104073047e+01 9.99862816809898e+04 
3.80811109502943e+01 9.99856765376460e+04 
3.82391112062999e+01 9.99849732446109e+04 
3.83971111660317e+01 9.99845883856814e+04 
3.85551109656345e+01 9.99843105551675e+04 
3.87131105571401e+01 9.99842610702492e+04 
3.88711098652798e+01 9.99844576658872e+04 
3.90291090063081e+01 9.99847868237982e+04 
3.91871079803516e+01 9.99850959493885e+04 
3.93451069164122e+01 9.99856158421934e+04 
3.95031056072435e+01 9.99862956050583e+04 
3.96611044176520e+01 9.99872249034207e+04 
3.98191030871787e+01 9.99883403431489e+04 
3.99771018088401e+01 9.99894627564584e+04 
4.01351007074698e+01 9.99906368251654e+04 
4.02930997022155e+01 9.99918767300726e+04 
4.04510986021552e+01 9.99932793210258e+04 
4.06090971618161e+01 9.99948270793997e+04 
4.07670958737284e+01 9.99964162336648e+04 
4.09250951708767e+01 9.99979153165781e+04 
4.10830945501286e+01 9.99995403860910e+04 
4.12410939472816e+01 1.00001095838179e+05 
4.13990933807653e+01 1.00002782212993e+05 
4.15570928592266e+01 1.00004484571386e+05 
4.17150923413803e+01 1.00006091517662e+05 
4.18730918618998e+01 1.00007568115173e+05 
4.20310913871491e+01 1.00009219033836e+05 
4.21890909437351e+01 1.00010665863874e+05 
4.23470905543198e+01 1.00012150694688e+05 
4.25050902256413e+01 1.00013502165768e+05 
4.26630899184684e+01 1.00014607760764e+05 
4.28210896745392e+01 1.00015526017074e+05 
4.29790892602239e+01 1.00016555912781e+05 
4.31370888188632e+01 1.00017310229158e+05 
4.32950884109090e+01 1.00017986411846e+05 
4.34530877023690e+01 1.00018416286919e+05 
4.36110866376294e+01 1.00018541094017e+05 
4.37690854724754e+01 1.00018474763861e+05 
4.39270845035842e+01 1.00018427017084e+05 
4.40850833364672e+01 1.00018118857439e+05 
4.42430820276957e+01 1.00017645042621e+05 
4.44010804989590e+01 1.00016898160660e+05 
4.45590788134630e+01 1.00015819490277e+05 
4.47170770655565e+01 1.00014640569502e+05 
4.48750752148097e+01 1.00013375669916e+05 
4.50330732938293e+01 1.00011936336369e+05 
4.51910713795358e+01 1.00010293550196e+05 
4.53490693983586e+01 1.00008459079387e+05 
4.55070674106562e+01 1.00006427266506e+05 
4.56650653676240e+01 1.00004374793515e+05 
4.58230631625694e+01 1.00002121211303e+05 
4.59810608096228e+01 9.99999492869457e+04 
4.61390583312556e+01 9.99976489353104e+04 
4.62970557728472e+01 9.99953614066282e+04 
4.64550531385988e+01 9.99931487678435e+04 
4.66130504658573e+01 9.99910455103587e+04 
4.67710476910669e+01 9.99886778745179e+04 
4.69290448370875e+01 9.99866385170142e+04 
4.70870418817074e+01 9.99846125500810e+04 
4.72450388394929e+01 9.99827861858204e+04 
4.74030357844738e+01 9.99812690578146e+04 
4.75610327369803e+01 9.99799423337143e+04 
4.77190296641417e+01 9.99783775261906e+04 
4.78770265567167e+01 9.99772273839345e+04 
4.80350232907807e+01 9.99762267113689e+04 
4.81930199724646e+01 9.99755821750958e+04 
4.83510166821919e+01 9.99753399439931e+04 
4.85090134340476e+01 9.99752159860459e+04 
4.86670101864053e+01 9.99750473172621e+04 
4.88250069367958e+01 9.99751828916219e+04 
4.89830037017608e+01 9.99754956848106e+04 
4.91410003791622e+01 9.99761996637119e+04 
4.92989969712441e+01 9.99772889365973e+04 
4.94569936135427e+01 9.99784554261197e+04 
4.96149902571749e+01 9.99796728428061e+04 
4.97729869349215e+01 9.99810318499015e+04 
4.99309836461128e+01 9.99826136906471e+04 
5.00889804092298e+01 9.99844533046721e+04 
5.02469772586986e+01 9.99865110318804e+04 
5.04049742099479e+01 9.99885087604318e+04 
5.05629710368897e+01 9.99906272208310e+04 
5.07209677221875e+01 9.99926981655382e+04 
5.08789643925024e+01 9.99949126873836e+04 
5.10369611214738e+01 9.99971768730464e+04 
5.11949579837573e+01 9.99993910845512e+04 
5.13529549196390e+01 1.00001448697649e+05 
5.15109519220113e+01 1.00003687107430e+05 
5.16689490194469e+01 1.00005695807219e+05 
5.18269461871349e+01 1.00007778618238e+05 
5.19849434232851e+01 1.00009741291703e+05 
5.21429407955823e+01 1.00011463399322e+05 
5.23009380095267e+01 1.00012995080105e+05 
5.24589351151370e+01 1.00014717558866e+05 
5.26169322605497e+01 1.00016071550999e+05 
5.27749294397864e+01 1.00017371509215e+05 
5.29329267403186e+01 1.00018402868430e+05 
5.30909241439174e+01 1.00019047343849e+05 
5.32489216473604e+01 1.00019480169016e+05 
5.34069192807000e+01 1.00020012565370e+05 
5.35649170063727e+01 1.00020223932754e+05 
5.37229148023365e+01 1.00020289645059e+05 
5.38809127246988e+01 1.00020071342849e+05 
5.40389107877367e+01 1.00019467892277e+05 
5.41969089517492e+01 1.00018738416967e+05 
5.43549072484630e+01 1.00018000448686e+05 
5.45129054270051e+01 1.00017044578632e+05 
5.46709034516164e+01 1.00015898983456e+05 
5.48289014795824e+01 1.00014458243025e+05 
5.49868996507851e+01 1.00012734805163e+05 
5.51448978880694e+01 1.00010974627217e+05 
5.53028962526066e+01 1.00009070253728e+05 
5.54608947556885e+01 1.00007180671284e+05 
5.56188933188464e+01 1.00005140559073e+05 
5.57768920070724e+01 1.00003005002082e+05 
5.59348908650161e+01 1.00000792761772e+05 
5.60928898167026e+01 9.99986679053578e+04 
5.62508889037190e+01 9.99963224068317e+04 
5.64088881394332e+01 9.99942178268957e+04 
5.65668874484921e+01 9.99920317392926e+04 
5.67248868836807e+01 9.99899800848863e+04 
5.68828864893542e+01 9.99881237558581e+04 
5.70408861960338e+01 9.99864427839898e+04 
5.71988860391269e+01 9.99845191231247e+04 
5.73568857825965e+01 9.99830061352556e+04 
5.75148854374958e+01 9.99815412054695e+04 
5.76728851158728e+01 9.99803403825172e+04 
5.78308849012099e+01 9.99795122079267e+04 
5.79888847480601e+01 9.99788779952186e+04 
5.81468847532464e+01 9.99781183667323e+04 
5.83048848708051e+01 9.99777327137369e+04 
5.84628851001882e+01 9.99775003971170e+04 
5.86208854661624e+01 9.99776095569139e+04 
5.87788859510897e+01 9.99780756253838e+04 
5.89368865555350e+01 9.99787105232277e+04 
5.90948872830377e+01 9.99793644454488e+04 
5.92528880864323e+01 9.99802465347656e+04 
5.94108889302507e+01 9.99813470613830e+04 
5.95688898327881e+01 9.99827045633274e+04 
5.97268908041111e+01 9.99843419958194e+04 
5.98848918003332e+01 9.99859745155775e+04 
6.00428928680254e+01 9.99876954452602e+04 
6.02008940796456e+01 9.99894478455764e+04 
6.03588954725139e+01 9.99913670914398e+04 
6.05168971072922e+01 9.99933698027295e+04 
6.06748990531746e+01 9.99953982034238e+04 
6.08329010433522e+01 9.99973060505837e+04 
6.09909029438758e+01 9.99993794561832e+04 
6.11489044805151e+01 1.00001308170535e+05 
6.13069057727749e+01 1.00003342265627e+05 
6.14649070351632e+01 1.00005307995804e+05 
6.16229081384915e+01 1.00007129963063e+05 
6.17809092441211e+01 1.00008815833416e+05 
6.19389101339700e+01 1.00010733310676e+05 
6.20969109801752e+01 1.00012366502829e+05 
6.22549119387378e+01 1.00014021186506e+05 
6.24129129488496e+01 1.00015468071446e+05 
6.25709138861800e+01 1.00016599457485e+05 
6.27289151983368e+01 1.00017536679780e+05 
6.28869165870729e+01 1.00018611873322e+05 
6.30449181597254e+01 1.00019379230934e+05 
6.32029200758520e+01 1.00020036726256e+05 
6.33609221827735e+01 1.00020431756432e+05 
6.35189242560073e+01 1.00020447113006e+05 
6.36769260693996e+01 1.00020319236173e+05 
6.38349281051127e+01 1.00020244931642e+05 
6.39929298098694e+01 1.00019893860993e+05 
6.41509316615666e+01 1.00019383282068e+05 
6.43089337942408e+01 1.00018576483219e+05 
6.44669357869463e+01 1.00017415064720e+05 
6.46249374433373e+01 1.00016155596488e+05 
6.47829389136374e+01 1.00014813589579e+05 
6.49409399663625e+01 1.00013343547616e+05 
6.50989409632269e+01 1.00011678844633e+05 
6.52569421377169e+01 1.00009810689270e+05 
6.54149430085585e+01 1.00007740446072e+05 
6.55729437641150e+01 1.00005689183313e+05 
6.57309443638751e+01 1.00003455138395e+05 
6.58889448714392e+01 1.00001313907934e+05 
6.60469454271883e+01 9.99990391230380e+04 
6.62049458871531e+01 9.99967731598016e+04 
6.63629460911794e+01 9.99945903911302e+04 
6.65209461944869e+01 9.99925356854843e+04 
6.66789460139657e+01 9.99902415655901e+04 
6.68369454321013e+01 9.99882670806159e+04 
6.69949447414460e+01 9.99862835182785e+04 
6.71529441536746e+01 9.99845092014929e+04 
6.73109433241402e+01 9.99830544232018e+04 
6.74689424701647e+01 9.99817937266700e+04 
6.76269417991850e+01 9.99802738602801e+04 
6.77849410142811e+01 9.99791509740969e+04 
6.79429404441664e+01 9.99781491207777e+04 
6.81009399323400e+01 9.99774833815731e+04 
6.82589394467423e+01 9.99772247100115e+04 
6.84169390831585e+01 9.99770867210228e+04 
6.85749387125848e+01 9.99768826125868e+04 
6.87329381770452e+01 9.99769819902236e+04 
6.88909376719355e+01 9.99772533907584e+04 
6.90489371579850e+01 9.99779127267567e+04 
6.92069365995741e+01 9.99789556407523e+04 
6.93649360510441e+01 9.99801175652111e+04 
6.95229353740816e+01 9.99813061915706e+04 
6.96809345840638e+01 9.99826335568061e+04 
6.98389340499524e+01 9.99841638542074e+04 
6.99969337688401e+01 9.99859166936364e+04 
7.01549335087798e+01 9.99878707140469e+04 
7.03129334087804e+01 9.99897588291894e+04 
7.04709333808406e+01 9.99917448359334e+04 
7.06289333787524e+01 9.99936685021397e+04 
7.07869336204822e+01 9.99957298103792e+04 
7.09449340672215e+01 9.99978354684944e+04 
7.11029345997939e+01 9.99998973536319e+04 
7.12609350713582e+01 1.00001816935413e+05 
7.14189347160093e+01 1.00003917120564e+05 
7.15769336370085e+01 1.00005806417607e+05 
7.17349322495437e+01 1.00007768037945e+05 
7.18929307461385e+01 1.00009634570465e+05 
7.20509289766604e+01 1.00011274415995e+05 
7.22089272661357e+01 1.00012729927835e+05 
7.23669254718874e+01 1.00014391305597e+05 
7.25249235776293e+01 1.00015736135567e+05 
7.26829219494500e+01 1.00017038564944e+05 
7.28409203727508e+01 1.00018090797049e+05 
7.29989186538633e+01 1.00018789643770e+05 
7.31569171184710e+01 1.00019291631195e+05 
7.33149154807419e+01 1.00019889613836e+05 
7.34729138742871e+01 1.00020179428405e+05 
7.36309123482416e+01 1.00020346038893e+05 
7.37889111043111e+01 1.00020238395916e+05 
7.39469098644377e+01 1.00019768493892e+05 
7.41049087471577e+01 1.00019178898230e+05 
7.42629075233993e+01 1.00018576467770e+05 
7.44209062786759e+01 1.00017745170159e+05 
7.45789051660299e+01 1.00016721735840e+05 
7.47369040521852e+01 1.00015435470063e+05 
7.48949026971529e+01 1.00013849405070e+05 
7.50529013271319e+01 1.00012214859767e+05 
7.52109000002093e+01 1.00010468085287e+05 
7.53688985762336e+01 1.00008684510561e+05 
7.55268972581844e+01 1.00006724214661e+05 
7.56848960103278e+01 1.00004654882951e+05 
7.58428947255754e+01 1.00002502338502e+05 
7.60008936594136e+01 1.00000412667472e+05 
7.61588924322546e+01 9.99981037457505e+04 
7.63168911638559e+01 9.99959874259157e+04 
7.64748900450755e+01 9.99937900924146e+04 
7.66328890548658e+01 9.99916967360793e+04 
7.67908878834910e+01 9.99898036885228e+04 
7.69488867890563e+01 9.99880642317469e+04 
7.71068856575359e+01 9.99860820915849e+04 
7.72648846605642e+01 9.99844991692154e+04 
7.74228838477881e+01 9.99829530986640e+04 
7.75808832323467e+01 9.99816629126932e+04 
7.77388824246277e+01 9.99807510325757e+04 
7.78968816322887e+01 9.99800257087661e+04 
7.80548807011359e+01 9.99791495731735e+04 
7.82128796943324e+01 9.99786293287896e+04 
7.83708787081097e+01 9.99782564838542e+04 
7.85288777862713e+01 9.99782131207210e+04 
7.86868768060587e+01 9.99785451432657e+04 
7.88448759839678e+01 9.99790304834076e+04 
7.90028750293676e+01 9.99795145189350e+04 
7.91608740579794e+01 9.99802395627925e+04 
7.93188731240776e+01 9.99811816255068e+04 
7.94768722866737e+01 9.99824078003956e+04 
7.96348714744995e+01 9.99839618099684e+04 
7.97928707841639e+01 9.99855318971878e+04 
7.99508700431175e+01 9.99871867034266e+04 
8.01088692532010e+01 9.99888968514149e+04 
8.02668685571017e+01 9.99907834401997e+04 
8.04248679221742e+01 9.99927866536654e+04 
8.05828672895297e+01 9.99948588599939e+04 
8.07408668401889e+01 9.99968319950036e+04 
8.08988663183940e+01 9.99989652084008e+04 
8.10568658136689e+01 1.00000960049063e+05 
8.12148653641856e+01 1.00003058107843e+05 
8.13728650602450e+01 1.00005111860997e+05 
8.15308647094415e+01 1.00007033834302e+05 
8.16888645412167e+01 1.00008808687565e+05 
8.18468642992061e+01 1.00010810067768e+05 
8.20048640365115e+01 1.00012521809579e+05 
8.21628638878385e+01 1.00014239069717e+05 
8.23208638447879e+01 1.00015774355987e+05 
8.24788638290085e+01 1.00016982301622e+05 
8.26368639316287e+01 1.00017981109954e+05 
8.27948639928999e+01 1.00019140068485e+05 
8.29528640097892e+01 1.00019960172868e+05 
8.31108641257694e+01 1.00020662774021e+05 
8.32688643339817e+01 1.00021104756851e+05 
8.34268645003396e+01 1.00021159418834e+05 
8.35848648702901e+01 1.00021082562840e+05 
8.37428651207969e+01 1.00021044833083e+05 
8.39008653577218e+01 1.00020726250173e+05 
8.40588656514321e+01 1.00020254599633e+05 
8.42168660797810e+01 1.00019465471600e+05 
8.43748664504764e+01 1.00018340371204e+05 
8.45328669632765e+01 1.00017104708691e+05 
8.46908673910183e+01 1.00015795173377e+05 
8.48488677558302e+01 1.00014348492345e+05 
8.50068682338221e+01 1.00012705077577e+05 
8.51648687934220e+01 1.00010851269888e+05 
8.53228693020651e+01 1.00008787852927e+05 
8.54808699523303e+01 1.00006743097571e+05 
8.56388704750119e+01 1.00004523494509e+05 
8.57968709951201e+01 1.00002383371211e+05 
8.59548715414848e+01 1.00000108593094e+05 
8.61128721364377e+01 9.99978302024832e+04 
8.62708727179347e+01 9.99956284128244e+04 
8.64288733473842e+01 9.99935499338800e+04 
8.65868739800674e+01 9.99912241904055e+04 
8.67448745080638e+01 9.99891965339416e+04 
8.69028751837753e+01 9.99871426619102e+04 
8.70608758960404e+01 9.99852963587169e+04 
8.72188765860811e+01 9.99837724894152e+04 
8.73768773582707e+01 9.99824456398154e+04 
8.75348780012508e+01 9.99808517168841e+04 
8.76928786004829e+01 9.99796764213913e+04 
8.78508792441084e+01 9.99786121228833e+04 
8.80088800434000e+01 9.99778891563358e+04 
8.81668806916759e+01 9.99776132789988e+04 
8.83248814855233e+01 9.99774751970426e+04 
8.84828821285871e+01 9.99772670587269e+04 
8.86408826913246e+01 9.99773705250540e+04 
8.87988833442697e+01 9.99776346340631e+04 
8.89568840341034e+01 9.99782809006844e+04 
8.91148847006716e+01 9.99793308866575e+04 
8.92728853750260e+01 9.99805110372474e+04 
8.94308859501744e+01 9.99817067363498e+04 
8.95888863918260e+01 9.99830518512762e+04 
8.97468869365088e+01 9.99845983738955e+04 
8.99048875615784e+01 9.99863755929106e+04 
9.00628880436466e+01 9.99883788134755e+04 
9.02208886930447e+01 9.99903390227190e+04 
9.03788890986989e+01 9.99924126872413e+04 
9.05368894584843e+01 9.99944309229520e+04 
9.06948898189981e+01 9.99965865467684e+04 
9.08528902524989e+01 9.99987793777416e+04 
9.10108905775425e+01 1.00000940556634e+05 
9.11688909467955e+01 1.00002971373700e+05 
9.13268912145514e+01 1.00005201897770e+05 
9.14848913158008e+01 1.00007211943507e+05 
9.16428915822170e+01 1.00009286601079e+05 
9.18008918169298e+01 1.00011235915678e+05 
9.19588919708743e+01 1.00012956761526e+05 
9.21168922103786e+01 1.00014503278437e+05 
9.22748922710947e+01 1.00016289817558e+05 
9.24328922715071e+01 1.00017706287573e+05 
9.25908922911711e+01 1.00019069924218e+05 
9.27488924135160e+01 1.00020159702239e+05 
9.29068924081221e+01 1.00020852237775e+05 
9.30648924455409e+01 1.00021350962328e+05 
9.32228924177697e+01 1.00021980356904e+05 
9.33808923174738e+01 1.00022292135067e+05 
9.35388923127242e+01 1.00022469417210e+05 
9.36968923560327e+01 1.00022353988691e+05 
9.38548923989902e+01 1.00021851725568e+05 
9.40128924384549e+01 1.00021225334620e+05 
9.41708924405656e+01 1.00020611987942e+05 
9.43288923108054e+01 1.00019756958031e+05 
9.44868920599109e+01 1.00018699557583e+05 
9.46448916529606e+01 1.00017357178286e+05 
9.48028916076712e+01 1.00015674833984e+05 
9.49608914944496e+01 1.00013970432392e+05 
9.51188913057259e+01 1.00012166375692e+05 
9.52768912337209e+01 1.00010298475636e+05 
9.54348911411694e+01 1.00008248575152e+05 
9.55928911756063e+01 1.00006077115401e+05 
9.57508910635802e+01 1.00003817408620e+05 
9.59088910424678e+01 1.00001621855010e+05 
9.60668908867435e+01 9.99992122146327e+04 
9.62248906047757e+01 9.99969851897283e+04 
9.63828904827730e+01 9.99946660979430e+04 
9.65408903462501e+01 9.99924439203124e+04 
9.66988901623332e+01 9.99904282290523e+04 
9.68568900168082e+01 9.99885623525731e+04 
9.70148897240250e+01 9.99864310601159e+04 
9.71728892944551e+01 9.99846771379242e+04 
9.73308889047403e+01 9.99829712295692e+04 
9.74888886147520e+01 9.99815137803295e+04 
9.76468881266289e+01 9.99804650096497e+04 
9.78048877845412e+01 9.99796068337808e+04 
9.79628871957190e+01 9.99785369521011e+04 
9.81208865399089e+01 9.99778481609404e+04 
9.82788858937054e+01 9.99773252077489e+04 
9.84368853019583e+01 9.99771462334817e+04 
9.85948846206375e+01 9.99774213999317e+04 
9.87528839618249e+01 9.99778468670708e+04 
9.89108832001843e+01 9.99782298310191e+04 
9.90688822583182e+01 9.99788758971524e+04 
9.92268814607112e+01 9.99797417702654e+04 
9.93848806720824e+01 9.99809253198022e+04 
9.95428797821141e+01 9.99824889146318e+04 
9.97008790097915e+01 9.99840684337621e+04 
9.98588780603129e+01 9.99857062610367e+04 
1.00016877088879e+02 9.99874176250604e+04 
