# Liste des scalaires : TEMPS pmat 
0.00000000000000e+00 1.00000000000000e+05 
1.58013544018059e-01 1.00000000000000e+05 
3.16027088036117e-01 1.00000000000000e+05 
4.74040632054176e-01 1.00000000000000e+05 
6.32054176072234e-01 1.00000000000000e+05 
7.90067720090293e-01 1.00000000000000e+05 
9.48081264108351e-01 1.00000000000000e+05 
1.10609480812641e+00 1.00000000000000e+05 
1.26410835214447e+00 1.00000000000000e+05 
1.42212189616253e+00 1.00000000000000e+05 
1.58013544018058e+00 1.00000000000000e+05 
1.73814898419864e+00 1.00000000000000e+05 
1.89616252821670e+00 1.00000000000000e+05 
2.05417607223476e+00 1.00000000000000e+05 
2.21218961625282e+00 1.00000000000000e+05 
2.37020316027087e+00 1.00000000000000e+05 
2.52821670428893e+00 1.00000000000000e+05 
2.68623024830699e+00 1.00000000000000e+05 
2.84424379232505e+00 1.00000000000000e+05 
3.00225733634311e+00 1.00000000000000e+05 
3.16027088036116e+00 1.00000000000000e+05 
3.31828442437922e+00 1.00000000000000e+05 
3.47629796839728e+00 1.00000000000000e+05 
3.63431151241534e+00 1.00000000000000e+05 
3.79232505643340e+00 1.00000000000000e+05 
3.95033860045145e+00 1.00000000000000e+05 
4.10835214446951e+00 1.00000000000000e+05 
4.26636568848757e+00 1.00000000000000e+05 
4.42437923250563e+00 1.00000000000000e+05 
4.58239277652368e+00 1.00000000000000e+05 
4.74040632054174e+00 1.00000000000000e+05 
4.89841986455980e+00 1.00000000000000e+05 
5.05643340857786e+00 1.00000000000000e+05 
5.21444695259591e+00 1.00000000000000e+05 
5.37246049661397e+00 1.00000000000000e+05 
5.53047404063203e+00 1.00000000000000e+05 
5.68848758465009e+00 1.00000000000000e+05 
5.84650112866814e+00 1.00000000000000e+05 
6.00451467268620e+00 1.00000000000000e+05 
6.16252821670426e+00 1.00000000000000e+05 
6.32054176072231e+00 1.00000000000000e+05 
6.47855530474037e+00 1.00000000000000e+05 
6.63656884875843e+00 1.00000000000000e+05 
6.79458239277648e+00 1.00000000000000e+05 
6.95259593679454e+00 1.00000000000000e+05 
7.11060948081260e+00 1.00000000000000e+05 
7.26862302483065e+00 1.00000000000000e+05 
7.42663656884871e+00 1.00000000000000e+05 
7.58465011286677e+00 1.00000000000000e+05 
7.74266365688483e+00 1.00000000000000e+05 
7.90067720090288e+00 1.00000000000000e+05 
8.05869074492094e+00 1.00000000000000e+05 
8.21670428893899e+00 1.00000000000000e+05 
8.37471783295705e+00 1.00000000000000e+05 
8.53273137697511e+00 1.00000000000000e+05 
8.69074492099316e+00 1.00000000000000e+05 
8.84875846501122e+00 1.00000000000000e+05 
9.00677200902927e+00 1.00000000000000e+05 
9.16478555304733e+00 1.00000000000000e+05 
9.32279909706538e+00 1.00000000000000e+05 
9.48081264108344e+00 1.00000000000000e+05 
9.63882618510150e+00 1.00000000000000e+05 
9.79683972911955e+00 1.00000000000000e+05 
9.95485327313761e+00 1.00000000000000e+05 
1.01128668171557e+01 1.00000000000000e+05 
1.02708803611737e+01 1.00000000000000e+05 
1.04288939051918e+01 1.00000000000000e+05 
1.05869074492098e+01 1.00000000000000e+05 
1.07449209932279e+01 1.00000000000000e+05 
1.09029345372459e+01 1.00000000000000e+05 
1.10609480812640e+01 1.00000000000000e+05 
1.12189616252821e+01 1.00000000000000e+05 
1.13769751693001e+01 1.00000000000000e+05 
1.15349887133182e+01 1.00000000000000e+05 
1.16930022573362e+01 1.00000000000000e+05 
1.18510158013543e+01 1.00000000000000e+05 
1.20090293453723e+01 1.00000000000000e+05 
1.21670428893904e+01 1.00000000000000e+05 
1.23250564334084e+01 1.00000000000000e+05 
1.24830699774265e+01 1.00000000000000e+05 
1.26410835214446e+01 1.00000000000000e+05 
1.27990970654626e+01 1.00000000000000e+05 
1.29571106094807e+01 1.00000000000000e+05 
1.31151241534987e+01 1.00000000000000e+05 
1.32731376975168e+01 1.00000000000000e+05 
1.34311512415348e+01 1.00000000000000e+05 
1.35891647855529e+01 1.00000000000000e+05 
1.37471783295709e+01 1.00000000000000e+05 
1.39051918735890e+01 1.00000000000000e+05 
1.40632054176071e+01 1.00000000000000e+05 
1.42212189616251e+01 1.00000000000000e+05 
1.43792325056432e+01 1.00000000000000e+05 
1.45372460496612e+01 1.00000000000000e+05 
1.46952595936793e+01 1.00000000000000e+05 
1.48532731376973e+01 1.00000000000000e+05 
1.50112866817154e+01 1.00000000000000e+05 
1.51693002257334e+01 1.00000000000000e+05 
1.53273137697515e+01 1.00000000000000e+05 
1.54853273137695e+01 1.00000000000000e+05 
1.56433408577876e+01 1.00000000000000e+05 
1.58013544018057e+01 1.00000000000000e+05 
1.59593679458237e+01 1.00000000000000e+05 
1.61173814898418e+01 1.00000000000000e+05 
1.62753950338598e+01 1.00000000000000e+05 
1.64334085778779e+01 1.00000000000000e+05 
1.65914221218959e+01 1.00000000000000e+05 
1.67494356659140e+01 1.00000000000000e+05 
1.69074492099320e+01 1.00000000000000e+05 
1.70654627539501e+01 1.00000000000000e+05 
1.72234762979681e+01 1.00000000000000e+05 
1.73814898419862e+01 1.00000000000000e+05 
1.75395033860043e+01 1.00000000000000e+05 
1.76975169300223e+01 1.00000000000000e+05 
1.78555304740404e+01 1.00000000000000e+05 
1.80135440180584e+01 1.00000000000000e+05 
1.81715575620765e+01 1.00000000000000e+05 
1.83295711060945e+01 1.00000000000000e+05 
1.84875846501126e+01 1.00000000000000e+05 
1.86455981941306e+01 1.00000000000000e+05 
1.88036117381487e+01 1.00000000000000e+05 
1.89616252821667e+01 1.00000000000000e+05 
1.91196388261848e+01 1.00000000000000e+05 
1.92776523702028e+01 1.00000000000000e+05 
1.94356659142209e+01 1.00000000000000e+05 
1.95936794582390e+01 1.00000000000000e+05 
1.97516930022570e+01 1.00000000000000e+05 
1.99097065462751e+01 1.00000000000000e+05 
2.00677200902931e+01 1.00000000000000e+05 
2.02257336343112e+01 1.00000000000000e+05 
2.03837471783292e+01 1.00000000000000e+05 
2.05417607223473e+01 1.00000000000000e+05 
2.06997742663653e+01 1.00000000000000e+05 
2.08577878103834e+01 1.00000000000000e+05 
2.10158013544014e+01 1.00000000000000e+05 
2.11738148984195e+01 1.00000000000000e+05 
2.13318284424376e+01 1.00000000000000e+05 
2.14898419864556e+01 1.00000000000000e+05 
2.16478555304737e+01 1.00000000000000e+05 
2.18058690744917e+01 1.00000000000000e+05 
2.19638826185098e+01 1.00000000000000e+05 
2.21218961625278e+01 1.00000000000000e+05 
2.22799097065459e+01 1.00000000000000e+05 
2.24379232505639e+01 1.00000000000000e+05 
2.25959367945820e+01 1.00000000000000e+05 
2.27539503386000e+01 1.00000000000000e+05 
2.29119638826181e+01 1.00000000000000e+05 
2.30699774266361e+01 1.00000000000000e+05 
2.32279909706542e+01 1.00000000000000e+05 
2.33860045146723e+01 1.00000000000000e+05 
2.35440180586903e+01 1.00000000000000e+05 
2.37020316027084e+01 1.00000000000000e+05 
2.38600451467264e+01 1.00000000000000e+05 
2.40180586907445e+01 1.00000000000000e+05 
2.41760722347625e+01 1.00000000000000e+05 
2.43340857787806e+01 1.00000000000000e+05 
2.44920993227986e+01 1.00000000000000e+05 
2.46501128668167e+01 1.00000000000000e+05 
2.48081264108347e+01 1.00000000000000e+05 
2.49661399548528e+01 1.00000000000000e+05 
2.51241534988708e+01 1.00000000000000e+05 
2.52821670428889e+01 1.00000000000000e+05 
2.54401805869069e+01 1.00000000000000e+05 
2.55981941309250e+01 1.00000000000000e+05 
2.57562076749430e+01 1.00000000000000e+05 
2.59142212189611e+01 1.00000000000000e+05 
2.60722347629791e+01 1.00000000000000e+05 
2.62302483069972e+01 1.00000000000000e+05 
2.63882618510153e+01 1.00000000000000e+05 
2.65462753950333e+01 1.00000000000000e+05 
2.67042889390514e+01 1.00000000000000e+05 
2.68623024830694e+01 1.00000000000000e+05 
2.70203160270875e+01 1.00000000000000e+05 
2.71783295711055e+01 1.00000000000000e+05 
2.73363431151236e+01 1.00000000000000e+05 
2.74943566591416e+01 1.00000000000000e+05 
2.76523702031597e+01 1.00000000000000e+05 
2.78103837471777e+01 1.00000000000000e+05 
2.79683972911958e+01 1.00000000000000e+05 
2.81264108352138e+01 1.00000000000000e+05 
2.82844243792319e+01 1.00000000000000e+05 
2.84424379232499e+01 1.00000000000000e+05 
2.86004514672680e+01 1.00000000000000e+05 
2.87584650112860e+01 1.00000000000000e+05 
2.89164785553041e+01 1.00000000000000e+05 
2.90744920993221e+01 1.00000000000000e+05 
2.92325056433402e+01 1.00000000000000e+05 
2.93905191873582e+01 1.00000000000000e+05 
2.95485327313763e+01 1.00000000000000e+05 
2.97065462753943e+01 1.00000000000000e+05 
2.98645598194124e+01 1.00000000000000e+05 
3.00225733634304e+01 1.00000000000000e+05 
3.01805869074485e+01 1.00000000000000e+05 
3.03386004514665e+01 1.00000000000000e+05 
3.04966139954843e+01 1.00000000000000e+05 
3.06546275395003e+01 1.00000000000000e+05 
3.08126410834971e+01 1.00000000000000e+05 
3.09706546272957e+01 1.00000000000001e+05 
3.11286681708936e+01 1.00000000000008e+05 
3.12866817143274e+01 1.00000000000045e+05 
3.14446952574723e+01 1.00000000000107e+05 
3.16027088001674e+01 1.00000000000318e+05 
3.17607223421364e+01 1.00000000001011e+05 
3.19187358832495e+01 1.00000000018147e+05 
3.20767494226194e+01 1.00000000214022e+05 
3.22347629599941e+01 1.00000000550899e+05 
3.23927764943706e+01 1.00000000988658e+05 
3.25507900239423e+01 1.00000001403995e+05 
3.27088035457829e+01 1.00000002115737e+05 
3.28668170595274e+01 1.00000003175641e+05 
3.30248305599181e+01 1.00000004933713e+05 
3.31828440425992e+01 1.00000007487052e+05 
3.33408575031136e+01 1.00000011393149e+05 
3.34988709293862e+01 1.00000017376605e+05 
3.36568843063214e+01 1.00000026134377e+05 
3.38148976325709e+01 1.00000038749769e+05 
3.39729108878444e+01 1.00000056401417e+05 
3.41309240403887e+01 1.00000081281122e+05 
3.42889370834585e+01 1.00000116724555e+05 
3.44469499667095e+01 1.00000166907765e+05 
3.46049626416154e+01 1.00000235718464e+05 
3.47629751094123e+01 1.00000327698923e+05 
3.49209873220811e+01 1.00000446751568e+05 
3.50789991793260e+01 1.00000601531051e+05 
3.52370106929348e+01 1.00000804541491e+05 
3.53950217552060e+01 1.00001064114450e+05 
3.55530322801683e+01 1.00001390187215e+05 
3.57110422484800e+01 1.00001784727908e+05 
3.58690516557028e+01 1.00002244671459e+05 
3.60270604042267e+01 1.00002782260943e+05 
3.61850684108629e+01 1.00003414633716e+05 
3.63430757025597e+01 1.00004124406986e+05 
3.65010821998343e+01 1.00004924164509e+05 
3.66590879149553e+01 1.00005780396213e+05 
3.68170929429180e+01 1.00006662048156e+05 
3.69750972659910e+01 1.00007590104084e+05 
3.71331008599683e+01 1.00008570409547e+05 
3.72911038794230e+01 1.00009542732840e+05 
3.74491063311914e+01 1.00010537345963e+05 
3.76071083058444e+01 1.00011475564589e+05 
3.77651096857588e+01 1.00012343848223e+05 
3.79231104073047e+01 1.00013170831934e+05 
3.80811109502943e+01 1.00013977165516e+05 
3.82391112062999e+01 1.00014696123214e+05 
3.83971111660317e+01 1.00015358020901e+05 
3.85551109656345e+01 1.00015865119465e+05 
3.87131105571401e+01 1.00016220795407e+05 
3.88711098652798e+01 1.00016470293731e+05 
3.90291090063081e+01 1.00016666518835e+05 
3.91871079803516e+01 1.00016778778685e+05 
3.93451069164122e+01 1.00016788939774e+05 
3.95031056072435e+01 1.00016598869970e+05 
3.96611044176520e+01 1.00016220180229e+05 
3.98191030871787e+01 1.00015726316161e+05 
3.99771018088401e+01 1.00015176214509e+05 
4.01351007074698e+01 1.00014585951272e+05 
4.02930997022155e+01 1.00013873162410e+05 
4.04510986021552e+01 1.00012967454143e+05 
4.06090971618161e+01 1.00011901279977e+05 
4.07670958737284e+01 1.00010744414097e+05 
4.09250951708767e+01 1.00009565643822e+05 
4.10830945501286e+01 1.00008392224148e+05 
4.12410939472816e+01 1.00007127445307e+05 
4.13990933807653e+01 1.00005742835005e+05 
4.15570928592266e+01 1.00004269170276e+05 
4.17150923413803e+01 1.00002754539816e+05 
4.18730918618998e+01 1.00001250928326e+05 
4.20310913871491e+01 9.99998105681979e+04 
4.21890909437351e+01 9.99983344440443e+04 
4.23470905543198e+01 9.99968504889314e+04 
4.25050902256413e+01 9.99953777369636e+04 
4.26630899184684e+01 9.99939379731064e+04 
4.28210896745392e+01 9.99925371373577e+04 
4.29790892602239e+01 9.99912473775587e+04 
4.31370888188632e+01 9.99899903951278e+04 
4.32950884109090e+01 9.99888588586889e+04 
4.34530877023690e+01 9.99878406596334e+04 
4.36110866376294e+01 9.99869032596329e+04 
4.37690854724754e+01 9.99860366430538e+04 
4.39270845035842e+01 9.99853106647737e+04 
4.40850833364672e+01 9.99846712031419e+04 
4.42430820276957e+01 9.99842464833648e+04 
4.44010804989590e+01 9.99840176287350e+04 
4.45590788134630e+01 9.99839050079908e+04 
4.47170770655565e+01 9.99838670683834e+04 
4.48750752148097e+01 9.99839450331696e+04 
4.50330732938293e+01 9.99841421856594e+04 
4.51910713795358e+01 9.99845851598459e+04 
4.53490693983586e+01 9.99852480696553e+04 
4.55070674106562e+01 9.99860207361454e+04 
4.56650653676240e+01 9.99868628129301e+04 
4.58230631625694e+01 9.99877563112702e+04 
4.59810608096228e+01 9.99887568181346e+04 
4.61390583312556e+01 9.99899587069135e+04 
4.62970557728472e+01 9.99913056346027e+04 
4.64550531385988e+01 9.99927088380497e+04 
4.66130504658573e+01 9.99941251657589e+04 
4.67710476910669e+01 9.99954985716111e+04 
4.69290448370875e+01 9.99969216765780e+04 
4.70870418817074e+01 9.99984159513962e+04 
4.72450388394929e+01 9.99999453398624e+04 
4.74030357844738e+01 1.00001456780810e+05 
4.75610327369803e+01 1.00002916849962e+05 
4.77190296641417e+01 1.00004266918757e+05 
4.78770265567167e+01 1.00005594325406e+05 
4.80350232907807e+01 1.00006853257768e+05 
4.81930199724646e+01 1.00008031661460e+05 
4.83510166821919e+01 1.00009125963233e+05 
4.85090134340476e+01 1.00010147606091e+05 
4.86670101864053e+01 1.00011022241057e+05 
4.88250069367958e+01 1.00011811258491e+05 
4.89830037017608e+01 1.00012429042422e+05 
4.91410003791622e+01 1.00012882299995e+05 
4.92989969712441e+01 1.00013216021500e+05 
4.94569936135427e+01 1.00013460253110e+05 
4.96149902571749e+01 1.00013569178571e+05 
4.97729869349215e+01 1.00013551298263e+05 
4.99309836461128e+01 1.00013302994655e+05 
5.00889804092298e+01 1.00012854567194e+05 
5.02469772586986e+01 1.00012274616981e+05 
5.04049742099479e+01 1.00011602918857e+05 
5.05629710368897e+01 1.00010831764328e+05 
5.07209677221875e+01 1.00009922884106e+05 
5.08789643925024e+01 1.00008797982831e+05 
5.10369611214738e+01 1.00007519830853e+05 
5.11949579837573e+01 1.00006140467710e+05 
5.13529549196390e+01 1.00004702544920e+05 
5.15109519220113e+01 1.00003237567282e+05 
5.16689490194469e+01 1.00001674619996e+05 
5.18269461871349e+01 1.00000011990089e+05 
5.19849434232851e+01 9.99982902359669e+04 
5.21429407955823e+01 9.99965606001229e+04 
5.23009380095267e+01 9.99948295707485e+04 
5.24589351151370e+01 9.99931682737803e+04 
5.26169322605497e+01 9.99914976700107e+04 
5.27749294397864e+01 9.99898869012459e+04 
5.29329267403186e+01 9.99883711734010e+04 
5.30909241439174e+01 9.99869296815990e+04 
5.32489216473604e+01 9.99855419862540e+04 
5.34069192807000e+01 9.99842992398143e+04 
5.35649170063727e+01 9.99831432508018e+04 
5.37229148023365e+01 9.99821969267117e+04 
5.38809127246988e+01 9.99814547559603e+04 
5.40389107877367e+01 9.99808492063363e+04 
5.41969089517492e+01 9.99803349422444e+04 
5.43549072484630e+01 9.99799714229707e+04 
5.45129054270051e+01 9.99797526028387e+04 
5.46709034516164e+01 9.99798165849009e+04 
5.48289014795824e+01 9.99801473799091e+04 
5.49868996507851e+01 9.99806279677632e+04 
5.51448978880694e+01 9.99812072786123e+04 
5.53028962526066e+01 9.99818806153355e+04 
5.54608947556885e+01 9.99827117318303e+04 
5.56188933188464e+01 9.99838254151846e+04 
5.57768920070724e+01 9.99851668416967e+04 
5.59348908650161e+01 9.99866328111286e+04 
5.60928898167026e+01 9.99881589981054e+04 
5.62508889037190e+01 9.99896748092912e+04 
5.64088881394332e+01 9.99913131995042e+04 
5.65668874484921e+01 9.99931163329699e+04 
5.67248868836807e+01 9.99950223124101e+04 
5.68828864893542e+01 9.99969824243143e+04 
5.70408861960338e+01 9.99989278837144e+04 
5.71988860391269e+01 1.00000752991066e+05 
5.73568857825965e+01 1.00002611773300e+05 
5.75148854374958e+01 1.00004461449017e+05 
5.76728851158728e+01 1.00006273129942e+05 
5.78308849012099e+01 1.00008019501686e+05 
5.79888847480601e+01 1.00009700541836e+05 
5.81468847532464e+01 1.00011197074145e+05 
5.83048848708051e+01 1.00012626888997e+05 
5.84628851001882e+01 1.00013872944844e+05 
5.86208854661624e+01 1.00014957949144e+05 
5.87788859510897e+01 1.00015927911852e+05 
5.89368865555350e+01 1.00016796520072e+05 
5.90948872830377e+01 1.00017469327432e+05 
5.92528880864323e+01 1.00018024191798e+05 
5.94108889302507e+01 1.00018309954988e+05 
5.95688898327881e+01 1.00018370731663e+05 
5.97268908041111e+01 1.00018301832775e+05 
5.98848918003332e+01 1.00018155176182e+05 
6.00428928680254e+01 1.00017886984650e+05 
6.02008940796456e+01 1.00017496488130e+05 
6.03588954725139e+01 1.00016851628662e+05 
6.05168971072922e+01 1.00015967736342e+05 
6.06748990531746e+01 1.00014992248389e+05 
6.08329010433522e+01 1.00013969587685e+05 
6.09909029438758e+01 1.00012904356570e+05 
6.11489044805151e+01 1.00011728586009e+05 
6.13069057727749e+01 1.00010349632407e+05 
6.14649070351632e+01 1.00008806557602e+05 
6.16229081384915e+01 1.00007201381501e+05 
6.17809092441211e+01 1.00005563621717e+05 
6.19389101339700e+01 1.00003958492346e+05 
6.20969109801752e+01 1.00002268069756e+05 
6.22549119387378e+01 1.00000501748939e+05 
6.24129129488496e+01 9.99986903488797e+04 
6.25709138861800e+01 9.99968694609201e+04 
6.27289151983368e+01 9.99950640098534e+04 
6.28869165870729e+01 9.99933808969380e+04 
6.30449181597254e+01 9.99916739666271e+04 
6.32029200758520e+01 9.99900481946760e+04 
6.33609221827735e+01 9.99885206859292e+04 
6.35189242560073e+01 9.99870574155916e+04 
6.36769260693996e+01 9.99856400011783e+04 
6.38349281051127e+01 9.99843901407842e+04 
6.39929298098694e+01 9.99832092348142e+04 
6.41509316615666e+01 9.99822519406502e+04 
6.43089337942408e+01 9.99815038328510e+04 
6.44669357869463e+01 9.99808662893928e+04 
6.46249374433373e+01 9.99803119670186e+04 
6.47829389136374e+01 9.99799413214707e+04 
6.49409399663625e+01 9.99796954612297e+04 
6.50989409632269e+01 9.99797390253863e+04 
6.52569421377169e+01 9.99800743484444e+04 
6.54149430085585e+01 9.99805315716635e+04 
6.55729437641150e+01 9.99810622714187e+04 
6.57309443638751e+01 9.99817177879433e+04 
6.58889448714392e+01 9.99825248694972e+04 
6.60469454271883e+01 9.99836012307376e+04 
6.62049458871531e+01 9.99849373154927e+04 
6.63629460911794e+01 9.99863500840254e+04 
6.65209461944869e+01 9.99877997459966e+04 
6.66789460139657e+01 9.99892594672228e+04 
6.68369454321013e+01 9.99908268782201e+04 
6.69949447414460e+01 9.99925514102908e+04 
6.71529441536746e+01 9.99943784635183e+04 
6.73109433241402e+01 9.99962346475692e+04 
6.74689424701647e+01 9.99980714109251e+04 
6.76269417991850e+01 9.99998103506765e+04 
6.77849410142811e+01 1.00001584515195e+05 
6.79429404441664e+01 1.00003339396637e+05 
6.81009399323400e+01 1.00005050399292e+05 
6.82589394467423e+01 1.00006715585284e+05 
6.84169390831585e+01 1.00008330132855e+05 
6.85749387125848e+01 1.00009777071487e+05 
6.87329381770452e+01 1.00011186885232e+05 
6.88909376719355e+01 1.00012426408145e+05 
6.90489371579850e+01 1.00013495683597e+05 
6.92069365995741e+01 1.00014476343439e+05 
6.93649360510441e+01 1.00015386527413e+05 
6.95229353740816e+01 1.00016096603908e+05 
6.96809345840638e+01 1.00016720188596e+05 
6.98389340499524e+01 1.00017086604459e+05 
6.99969337688401e+01 1.00017186713409e+05 
7.01549335087798e+01 1.00017185247535e+05 
7.03129334087804e+01 1.00017108645050e+05 
7.04709333808406e+01 1.00016866392605e+05 
7.06289333787524e+01 1.00016493887388e+05 
7.07869336204822e+01 1.00015850141876e+05 
7.09449340672215e+01 1.00014912473604e+05 
7.11029345997939e+01 1.00013875087546e+05 
7.12609350713582e+01 1.00012772852280e+05 
7.14189347160093e+01 1.00011592596093e+05 
7.15769336370085e+01 1.00010267770564e+05 
7.17349322495437e+01 1.00008724816568e+05 
7.18929307461385e+01 1.00007005841893e+05 
7.20509289766604e+01 1.00005210350849e+05 
7.22089272661357e+01 1.00003373818376e+05 
7.23669254718874e+01 1.00001587725235e+05 
7.25249235776293e+01 9.99997056554187e+04 
7.26829219494500e+01 9.99977733277710e+04 
7.28409203727508e+01 9.99958247986807e+04 
7.29989186538633e+01 9.99938858560596e+04 
7.31569171184710e+01 9.99919678972254e+04 
7.33149154807419e+01 9.99902142800762e+04 
7.34729138742871e+01 9.99884683157539e+04 
7.36309123482416e+01 9.99868584914673e+04 
7.37889111043111e+01 9.99854123935305e+04 
7.39469098644377e+01 9.99840601979736e+04 
7.41049087471577e+01 9.99827799225363e+04 
7.42629075233993e+01 9.99817130849087e+04 
7.44209062786759e+01 9.99807568198131e+04 
7.45789051660299e+01 9.99800883252305e+04 
7.47369040521852e+01 9.99796749087731e+04 
7.48949026971529e+01 9.99794002976227e+04 
7.50529013271319e+01 9.99792304144736e+04 
7.52109000002093e+01 9.99792590810300e+04 
7.53688985762336e+01 9.99794479709385e+04 
7.55268972581844e+01 9.99799431375302e+04 
7.56848960103278e+01 9.99807674180926e+04 
7.58428947255754e+01 9.99817144952345e+04 
7.60008936594136e+01 9.99827425923787e+04 
7.61588924322546e+01 9.99838601739696e+04 
7.63168911638559e+01 9.99851385827653e+04 
7.64748900450755e+01 9.99866661448785e+04 
7.66328890548658e+01 9.99883979438781e+04 
7.67908878834910e+01 9.99902039644955e+04 
7.69488867890563e+01 9.99920376967432e+04 
7.71068856575359e+01 9.99938154218909e+04 
7.72648846605642e+01 9.99956914666438e+04 
7.74228838477881e+01 9.99976463979213e+04 
7.75808832323467e+01 9.99996415305665e+04 
7.77388824246277e+01 1.00001633111546e+05 
7.78968816322887e+01 1.00003589514803e+05 
7.80548807011359e+01 1.00005384070766e+05 
7.82128796943324e+01 1.00007182338790e+05 
7.83708787081097e+01 1.00008881145588e+05 
7.85288777862713e+01 1.00010451442059e+05 
7.86868768060587e+01 1.00011937584633e+05 
7.88448759839678e+01 1.00013355738036e+05 
7.90028750293676e+01 1.00014560557321e+05 
7.91608740579794e+01 1.00015679830510e+05 
7.93188731240776e+01 1.00016555310803e+05 
7.94768722866737e+01 1.00017172627525e+05 
7.96348714744995e+01 1.00017688050382e+05 
7.97928707841639e+01 1.00018112671112e+05 
7.99508700431175e+01 1.00018332557388e+05 
8.01088692532010e+01 1.00018413804268e+05 
8.02668685571017e+01 1.00018196228600e+05 
8.04248679221742e+01 1.00017681656781e+05 
8.05828672895297e+01 1.00017051168641e+05 
8.07408668401889e+01 1.00016338591066e+05 
8.08988663183940e+01 1.00015501506523e+05 
8.10568658136689e+01 1.00014501145294e+05 
8.12148653641856e+01 1.00013243081709e+05 
8.13728650602450e+01 1.00011746180016e+05 
8.15308647094415e+01 1.00010169487137e+05 
8.16888645412167e+01 1.00008541857316e+05 
8.18468642992061e+01 1.00006920701585e+05 
8.20048640365115e+01 1.00005178999225e+05 
8.21628638878385e+01 1.00003299403808e+05 
8.23208638447879e+01 1.00001350104918e+05 
8.24788638290085e+01 9.99993640625203e+04 
8.26368639316287e+01 9.99973915935928e+04 
8.27948639928999e+01 9.99955494555579e+04 
8.29528640097892e+01 9.99936726065420e+04 
8.31108641257694e+01 9.99918447974275e+04 
8.32688643339817e+01 9.99901003298180e+04 
8.34268645003396e+01 9.99884249939154e+04 
8.35848648702901e+01 9.99868098315361e+04 
8.37428651207969e+01 9.99853908998732e+04 
8.39008653577218e+01 9.99840402041180e+04 
8.40588656514321e+01 9.99829033470711e+04 
8.42168660797810e+01 9.99819907175461e+04 
8.43748664504764e+01 9.99812015105710e+04 
8.45328669632765e+01 9.99804976290311e+04 
8.46908673910183e+01 9.99800109125919e+04 
8.48488677558302e+01 9.99796627021946e+04 
8.50068682338221e+01 9.99796224542597e+04 
8.51648687934220e+01 9.99798845152933e+04 
8.53228693020651e+01 9.99802700875055e+04 
8.54808699523303e+01 9.99807535037172e+04 
8.56388704750119e+01 9.99813852318623e+04 
8.57968709951201e+01 9.99821894445706e+04 
8.59548715414848e+01 9.99832759786451e+04 
8.61128721364377e+01 9.99846357153669e+04 
8.62708727179347e+01 9.99860865961001e+04 
8.64288733473842e+01 9.99875943784271e+04 
8.65868739800674e+01 9.99891193752883e+04 
8.67448745080638e+01 9.99907731235005e+04 
8.69028751837753e+01 9.99925999669641e+04 
8.70608758960404e+01 9.99945327495144e+04 
8.72188765860811e+01 9.99965133538155e+04 
8.73768773582707e+01 9.99984831858563e+04 
8.75348780012508e+01 1.00000336959316e+05 
8.76928786004829e+01 1.00002239981981e+05 
8.78508792441084e+01 1.00004134933825e+05 
8.80088800434000e+01 1.00005985987641e+05 
8.81668806916759e+01 1.00007784499268e+05 
8.83248814855233e+01 1.00009526375296e+05 
8.84828821285871e+01 1.00011086423028e+05 
8.86408826913246e+01 1.00012601576485e+05 
8.87988833442697e+01 1.00013942733667e+05 
8.89568840341034e+01 1.00015088186521e+05 
8.91148847006716e+01 1.00016134197689e+05 
8.92728853750260e+01 1.00017101056366e+05 
8.94308859501744e+01 1.00017859782295e+05 
8.95888863918260e+01 1.00018502084850e+05 
8.97468869365088e+01 1.00018865319660e+05 
8.99048875615784e+01 1.00018940885488e+05 
9.00628880436466e+01 1.00018916121887e+05 
9.02208886930447e+01 1.00018806524724e+05 
9.03788890986989e+01 1.00018533241003e+05 
9.05368894584843e+01 1.00018110305596e+05 
9.06948898189981e+01 1.00017406764576e+05 
9.08528902524989e+01 1.00016405347161e+05 
9.10108905775425e+01 1.00015304491703e+05 
9.11688909467955e+01 1.00014135222810e+05 
9.13268912145514e+01 1.00012913461587e+05 
9.14848913158008e+01 1.00011544378460e+05 
9.16428915822170e+01 1.00009953265180e+05 
9.18008918169298e+01 1.00008196495833e+05 
9.19588919708743e+01 1.00006363279565e+05 
9.21168922103786e+01 1.00004499103788e+05 
9.22748922710947e+01 1.00002705649465e+05 
9.24328922715071e+01 1.00000822217437e+05 
9.25908922911711e+01 9.99988841636907e+04 
9.27488924135160e+01 9.99969228409080e+04 
9.29068924081221e+01 9.99949817695804e+04 
9.30648924455409e+01 9.99930731268571e+04 
9.32228924177697e+01 9.99913197656087e+04 
9.33808923174738e+01 9.99895759381762e+04 
9.35388923127242e+01 9.99879528770085e+04 
9.36968923560327e+01 9.99864726919641e+04 
9.38548923989902e+01 9.99850846617446e+04 
9.40128924384549e+01 9.99837712821901e+04 
9.41708924405656e+01 9.99826716782681e+04 
9.43288923108054e+01 9.99816742022252e+04 
9.44868920599109e+01 9.99809410390654e+04 
9.46448916529606e+01 9.99804750876940e+04 
9.48028916076712e+01 9.99801221821639e+04 
9.49608914944496e+01 9.99798806401446e+04 
9.51188913057259e+01 9.99798380080573e+04 
9.52768912337209e+01 9.99799532630220e+04 
9.54348911411694e+01 9.99803819896182e+04 
9.55928911756063e+01 9.99811099230731e+04 
9.57508910635802e+01 9.99819731555572e+04 
9.59088910424678e+01 9.99829298275896e+04 
9.60668908867435e+01 9.99839815453458e+04 
9.62248906047757e+01 9.99852051335547e+04 
9.63828904827730e+01 9.99866879954948e+04 
9.65408903462501e+01 9.99883744281425e+04 
9.66988901623332e+01 9.99901424501343e+04 
9.68568900168082e+01 9.99919509379820e+04 
9.70148897240250e+01 9.99937123925984e+04 
9.71728892944551e+01 9.99955802055943e+04 
9.73308889047403e+01 9.99975430755893e+04 
9.74888886147520e+01 9.99995577214010e+04 
9.76468881266289e+01 1.00001577548539e+05 
9.78048877845412e+01 1.00003570235994e+05 
9.79628871957190e+01 1.00005405540512e+05 
9.81208865399089e+01 1.00007250295180e+05 
9.82788858937054e+01 1.00009007227022e+05 
9.84368853019583e+01 1.00010652370759e+05 
9.85948846206375e+01 1.00012216668782e+05 
9.87528839618249e+01 1.00013709538866e+05 
9.89108832001843e+01 1.00014991908772e+05 
9.90688822583182e+01 1.00016194643665e+05 
9.92268814607112e+01 1.00017165477066e+05 
9.93848806720824e+01 1.00017878959090e+05 
9.95428797821141e+01 1.00018488349183e+05 
9.97008790097915e+01 1.00019007053318e+05 
9.98588780603129e+01 1.00019320544714e+05 
1.00016877088879e+02 1.00019493150451e+05 
