# Liste des scalaires : TEMPS pmat 
0.00000000000000e+00 1.00000000000000e+05 
1.58013544018059e-01 1.00000000000000e+05 
3.16027088036117e-01 1.00000000000000e+05 
4.74040632054176e-01 1.00000000000000e+05 
6.32054176072234e-01 1.00000000000000e+05 
7.90067720090293e-01 1.00000000000000e+05 
9.48081264108351e-01 1.00000000000000e+05 
1.10609480812641e+00 1.00000000000000e+05 
1.26410835214447e+00 1.00000000000000e+05 
1.42212189616253e+00 1.00000000000000e+05 
1.58013544018058e+00 1.00000000000000e+05 
1.73814898419864e+00 1.00000000000000e+05 
1.89616252821670e+00 1.00000000000000e+05 
2.05417607223476e+00 1.00000000000000e+05 
2.21218961625282e+00 1.00000000000000e+05 
2.37020316027087e+00 1.00000000000000e+05 
2.52821670428893e+00 1.00000000000000e+05 
2.68623024830699e+00 1.00000000000000e+05 
2.84424379232505e+00 1.00000000000000e+05 
3.00225733634311e+00 1.00000000000000e+05 
3.16027088036116e+00 1.00000000000000e+05 
3.31828442437922e+00 1.00000000000000e+05 
3.47629796839728e+00 1.00000000000000e+05 
3.63431151241534e+00 1.00000000000000e+05 
3.79232505643340e+00 1.00000000000000e+05 
3.95033860045145e+00 1.00000000000000e+05 
4.10835214446951e+00 1.00000000000000e+05 
4.26636568848757e+00 1.00000000000000e+05 
4.42437923250563e+00 1.00000000000000e+05 
4.58239277652368e+00 1.00000000000000e+05 
4.74040632054174e+00 1.00000000000000e+05 
4.89841986455980e+00 1.00000000000000e+05 
5.05643340857786e+00 1.00000000000000e+05 
5.21444695259591e+00 1.00000000000000e+05 
5.37246049661397e+00 1.00000000000000e+05 
5.53047404063203e+00 1.00000000000000e+05 
5.68848758465009e+00 1.00000000000000e+05 
5.84650112866814e+00 1.00000000000000e+05 
6.00451467268620e+00 1.00000000000000e+05 
6.16252821670426e+00 1.00000000000000e+05 
6.32054176072231e+00 1.00000000000000e+05 
6.47855530474037e+00 1.00000000000000e+05 
6.63656884875843e+00 1.00000000000000e+05 
6.79458239277648e+00 1.00000000000000e+05 
6.95259593679454e+00 1.00000000000000e+05 
7.11060948081260e+00 1.00000000000000e+05 
7.26862302483065e+00 1.00000000000000e+05 
7.42663656884871e+00 1.00000000000000e+05 
7.58465011286677e+00 1.00000000000000e+05 
7.74266365688483e+00 1.00000000000000e+05 
7.90067720090288e+00 1.00000000000000e+05 
8.05869074492094e+00 1.00000000000000e+05 
8.21670428893899e+00 1.00000000000000e+05 
8.37471783295705e+00 1.00000000000000e+05 
8.53273137697511e+00 1.00000000000000e+05 
8.69074492099316e+00 1.00000000000000e+05 
8.84875846501122e+00 1.00000000000000e+05 
9.00677200902927e+00 1.00000000000000e+05 
9.16478555304733e+00 1.00000000000000e+05 
9.32279909706538e+00 1.00000000000000e+05 
9.48081264108344e+00 1.00000000000000e+05 
9.63882618510150e+00 1.00000000000000e+05 
9.79683972911955e+00 1.00000000000000e+05 
9.95485327313761e+00 1.00000000000000e+05 
1.01128668171557e+01 1.00000000000000e+05 
1.02708803611737e+01 1.00000000000000e+05 
1.04288939051918e+01 1.00000000000000e+05 
1.05869074492098e+01 1.00000000000000e+05 
1.07449209932279e+01 1.00000000000000e+05 
1.09029345372459e+01 1.00000000000000e+05 
1.10609480812640e+01 1.00000000000000e+05 
1.12189616252821e+01 1.00000000000000e+05 
1.13769751693001e+01 1.00000000000000e+05 
1.15349887133182e+01 1.00000000000000e+05 
1.16930022573362e+01 1.00000000000000e+05 
1.18510158013543e+01 1.00000000000000e+05 
1.20090293453723e+01 1.00000000000000e+05 
1.21670428893904e+01 1.00000000000000e+05 
1.23250564334084e+01 1.00000000000000e+05 
1.24830699774265e+01 1.00000000000000e+05 
1.26410835214446e+01 1.00000000000000e+05 
1.27990970654626e+01 1.00000000000000e+05 
1.29571106094807e+01 1.00000000000000e+05 
1.31151241534987e+01 1.00000000000000e+05 
1.32731376975168e+01 1.00000000000000e+05 
1.34311512415348e+01 1.00000000000000e+05 
1.35891647855529e+01 1.00000000000000e+05 
1.37471783295709e+01 1.00000000000000e+05 
1.39051918735890e+01 1.00000000000000e+05 
1.40632054176071e+01 1.00000000000000e+05 
1.42212189616251e+01 1.00000000000000e+05 
1.43792325056432e+01 1.00000000000000e+05 
1.45372460496612e+01 1.00000000000000e+05 
1.46952595936793e+01 1.00000000000000e+05 
1.48532731376973e+01 1.00000000000000e+05 
1.50112866817154e+01 1.00000000000000e+05 
1.51693002257334e+01 1.00000000000000e+05 
1.53273137697515e+01 1.00000000000000e+05 
1.54853273137695e+01 1.00000000000000e+05 
1.56433408577876e+01 1.00000000000000e+05 
1.58013544018057e+01 1.00000000000000e+05 
1.59593679458237e+01 1.00000000000000e+05 
1.61173814898418e+01 1.00000000000000e+05 
1.62753950338598e+01 1.00000000000000e+05 
1.64334085778779e+01 1.00000000000000e+05 
1.65914221218959e+01 1.00000000000000e+05 
1.67494356659140e+01 1.00000000000000e+05 
1.69074492099320e+01 1.00000000000000e+05 
1.70654627539501e+01 1.00000000000000e+05 
1.72234762979681e+01 1.00000000000000e+05 
1.73814898419862e+01 1.00000000000000e+05 
1.75395033860043e+01 1.00000000000000e+05 
1.76975169300223e+01 1.00000000000000e+05 
1.78555304740404e+01 1.00000000000000e+05 
1.80135440180584e+01 1.00000000000000e+05 
1.81715575620765e+01 1.00000000000000e+05 
1.83295711060945e+01 1.00000000000000e+05 
1.84875846501126e+01 1.00000000000000e+05 
1.86455981941306e+01 1.00000000000000e+05 
1.88036117381487e+01 1.00000000000000e+05 
1.89616252821667e+01 1.00000000000000e+05 
1.91196388261848e+01 1.00000000000000e+05 
1.92776523702028e+01 1.00000000000000e+05 
1.94356659142209e+01 1.00000000000000e+05 
1.95936794582390e+01 1.00000000000000e+05 
1.97516930022570e+01 1.00000000000000e+05 
1.99097065462751e+01 1.00000000000000e+05 
2.00677200902931e+01 1.00000000000000e+05 
2.02257336343112e+01 1.00000000000000e+05 
2.03837471783292e+01 1.00000000000000e+05 
2.05417607223473e+01 1.00000000000000e+05 
2.06997742663653e+01 1.00000000000000e+05 
2.08577878103834e+01 1.00000000000000e+05 
2.10158013544014e+01 1.00000000000000e+05 
2.11738148984195e+01 1.00000000000000e+05 
2.13318284424376e+01 1.00000000000000e+05 
2.14898419864556e+01 1.00000000000000e+05 
2.16478555304737e+01 1.00000000000000e+05 
2.18058690744917e+01 1.00000000000000e+05 
2.19638826185098e+01 1.00000000000000e+05 
2.21218961625278e+01 1.00000000000000e+05 
2.22799097065459e+01 1.00000000000000e+05 
2.24379232505639e+01 1.00000000000000e+05 
2.25959367945820e+01 1.00000000000000e+05 
2.27539503386000e+01 1.00000000000000e+05 
2.29119638826181e+01 1.00000000000000e+05 
2.30699774266361e+01 1.00000000000000e+05 
2.32279909706542e+01 1.00000000000000e+05 
2.33860045146723e+01 1.00000000000000e+05 
2.35440180586903e+01 1.00000000000000e+05 
2.37020316027084e+01 1.00000000000000e+05 
2.38600451467264e+01 1.00000000000000e+05 
2.40180586907445e+01 1.00000000000000e+05 
2.41760722347625e+01 1.00000000000000e+05 
2.43340857787806e+01 1.00000000000000e+05 
2.44920993227986e+01 1.00000000000000e+05 
2.46501128668167e+01 1.00000000000000e+05 
2.48081264108347e+01 1.00000000000000e+05 
2.49661399548528e+01 1.00000000000000e+05 
2.51241534988708e+01 1.00000000000000e+05 
2.52821670428889e+01 1.00000000000000e+05 
2.54401805869069e+01 1.00000000000000e+05 
2.55981941309250e+01 1.00000000000000e+05 
2.57562076749430e+01 1.00000000000000e+05 
2.59142212189611e+01 1.00000000000000e+05 
2.60722347629791e+01 1.00000000000000e+05 
2.62302483069972e+01 1.00000000000000e+05 
2.63882618510153e+01 1.00000000000000e+05 
2.65462753950333e+01 1.00000000000000e+05 
2.67042889390514e+01 1.00000000000000e+05 
2.68623024830694e+01 1.00000000000000e+05 
2.70203160270875e+01 1.00000000000000e+05 
2.71783295711055e+01 1.00000000000000e+05 
2.73363431151236e+01 1.00000000000000e+05 
2.74943566591416e+01 1.00000000000000e+05 
2.76523702031597e+01 1.00000000000000e+05 
2.78103837471777e+01 1.00000000000000e+05 
2.79683972911958e+01 1.00000000000000e+05 
2.81264108352138e+01 1.00000000000000e+05 
2.82844243792319e+01 1.00000000000000e+05 
2.84424379232499e+01 1.00000000000000e+05 
2.86004514672680e+01 1.00000000000000e+05 
2.87584650112860e+01 1.00000000000000e+05 
2.89164785553041e+01 1.00000000000000e+05 
2.90744920993221e+01 1.00000000000000e+05 
2.92325056433402e+01 1.00000000000000e+05 
2.93905191873582e+01 1.00000000000000e+05 
2.95485327313763e+01 1.00000000000000e+05 
2.97065462753943e+01 1.00000000000000e+05 
2.98645598194124e+01 1.00000000000000e+05 
3.00225733634304e+01 1.00000000000004e+05 
3.01805869074485e+01 1.00000000000021e+05 
3.03386004514665e+01 1.00000000000107e+05 
3.04966139954843e+01 1.00000000000309e+05 
3.06546275395003e+01 1.00000000000916e+05 
3.08126410834971e+01 1.00000000002331e+05 
3.09706546272957e+01 1.00000000011407e+05 
3.11286681708936e+01 1.00000000053036e+05 
3.12866817143274e+01 1.00000000249230e+05 
3.14446952574723e+01 1.00000000691027e+05 
3.16027088001674e+01 1.00000001143324e+05 
3.17607223421364e+01 1.00000001786393e+05 
3.19187358832495e+01 1.00000002849142e+05 
3.20767494226194e+01 1.00000004355616e+05 
3.22347629599941e+01 1.00000006352651e+05 
3.23927764943706e+01 1.00000009413111e+05 
3.25507900239423e+01 1.00000014589707e+05 
3.27088035457829e+01 1.00000021606910e+05 
3.28668170595274e+01 1.00000032754822e+05 
3.30248305599181e+01 1.00000048014125e+05 
3.31828440425992e+01 1.00000067278605e+05 
3.33408575031136e+01 1.00000095334392e+05 
3.34988709293862e+01 1.00000139406291e+05 
3.36568843063214e+01 1.00000197759208e+05 
3.38148976325709e+01 1.00000284344915e+05 
3.39729108878444e+01 1.00000398366847e+05 
3.41309240403887e+01 1.00000539616555e+05 
3.42889370834585e+01 1.00000735887798e+05 
3.44469499667095e+01 1.00001020455119e+05 
3.46049626416154e+01 1.00001386111231e+05 
3.47629751094123e+01 1.00001883807191e+05 
3.49209873220811e+01 1.00002500188270e+05 
3.50789991793260e+01 1.00003227081900e+05 
3.52370106929348e+01 1.00004147749182e+05 
3.53950217552060e+01 1.00005314675184e+05 
3.55530322801683e+01 1.00006699231379e+05 
3.57110422484800e+01 1.00008347696714e+05 
3.58690516557028e+01 1.00010166741215e+05 
3.60270604042267e+01 1.00012108431791e+05 
3.61850684108629e+01 1.00014278874326e+05 
3.63430757025597e+01 1.00016606219711e+05 
3.65010821998343e+01 1.00019101930127e+05 
3.66590879149553e+01 1.00021703649739e+05 
3.68170929429180e+01 1.00024215314433e+05 
3.69750972659910e+01 1.00026631861254e+05 
3.71331008599683e+01 1.00029059357015e+05 
3.72911038794230e+01 1.00031246404754e+05 
3.74491063311914e+01 1.00033438588192e+05 
3.76071083058444e+01 1.00035448978273e+05 
3.77651096857588e+01 1.00037074763087e+05 
3.79231104073047e+01 1.00038422726160e+05 
3.80811109502943e+01 1.00039553572267e+05 
3.82391112062999e+01 1.00040186114268e+05 
3.83971111660317e+01 1.00040605730499e+05 
3.85551109656345e+01 1.00040641874008e+05 
3.87131105571401e+01 1.00040157286587e+05 
3.88711098652798e+01 1.00039340962694e+05 
3.90291090063081e+01 1.00038186166626e+05 
3.91871079803516e+01 1.00036440508000e+05 
3.93451069164122e+01 1.00034395429023e+05 
3.95031056072435e+01 1.00031931936578e+05 
3.96611044176520e+01 1.00029107064641e+05 
3.98191030871787e+01 1.00026068435989e+05 
3.99771018088401e+01 1.00022736518951e+05 
4.01351007074698e+01 1.00019062432730e+05 
4.02930997022155e+01 1.00015130959908e+05 
4.04510986021552e+01 1.00010974398460e+05 
4.06090971618161e+01 1.00006799447559e+05 
4.07670958737284e+01 1.00002643033476e+05 
4.09250951708767e+01 9.99983328976560e+04 
4.10830945501286e+01 9.99940935998129e+04 
4.12410939472816e+01 9.99897536400499e+04 
4.13990933807653e+01 9.99854248606562e+04 
4.15570928592266e+01 9.99814162300349e+04 
4.17150923413803e+01 9.99776103717790e+04 
4.18730918618998e+01 9.99738317435705e+04 
4.20310913871491e+01 9.99704307122747e+04 
4.21890909437351e+01 9.99670258694535e+04 
4.23470905543198e+01 9.99638410511858e+04 
4.25050902256413e+01 9.99611862723727e+04 
4.26630899184684e+01 9.99588212810778e+04 
4.28210896745392e+01 9.99565566552669e+04 
4.29790892602239e+01 9.99548459262832e+04 
4.31370888188632e+01 9.99532592056185e+04 
4.32950884109090e+01 9.99519061213908e+04 
4.34530877023690e+01 9.99510961073998e+04 
4.36110866376294e+01 9.99505765301065e+04 
4.37690854724754e+01 9.99502980793808e+04 
4.39270845035842e+01 9.99506010559122e+04 
4.40850833364672e+01 9.99510649526673e+04 
4.42430820276957e+01 9.99518932897592e+04 
4.44010804989590e+01 9.99531893615153e+04 
4.45590788134630e+01 9.99547514436023e+04 
4.47170770655565e+01 9.99565648489027e+04 
4.48750752148097e+01 9.99589001696889e+04 
4.50330732938293e+01 9.99614883911205e+04 
4.51910713795358e+01 9.99643980160393e+04 
4.53490693983586e+01 9.99675510923071e+04 
4.55070674106562e+01 9.99708264617017e+04 
4.56650653676240e+01 9.99743433722034e+04 
4.58230631625694e+01 9.99781014416586e+04 
4.59810608096228e+01 9.99820640155149e+04 
4.61390583312556e+01 9.99861677425845e+04 
4.62970557728472e+01 9.99901987318995e+04 
4.64550531385988e+01 9.99941484444189e+04 
4.66130504658573e+01 9.99981967921832e+04 
4.67710476910669e+01 1.00002116625235e+05 
4.69290448370875e+01 1.00006084629945e+05 
4.70870418817074e+01 1.00009991140183e+05 
4.72450388394929e+01 1.00013532509674e+05 
4.74030357844738e+01 1.00016834426458e+05 
4.75610327369803e+01 1.00020056504996e+05 
4.77190296641417e+01 1.00022862638744e+05 
4.78770265567167e+01 1.00025614439044e+05 
4.80350232907807e+01 1.00028091300365e+05 
4.81930199724646e+01 1.00030025223032e+05 
4.83510166821919e+01 1.00031582257151e+05 
4.85090134340476e+01 1.00032974333651e+05 
4.86670101864053e+01 1.00033816926477e+05 
4.88250069367958e+01 1.00034505529775e+05 
4.89830037017608e+01 1.00034861684135e+05 
4.91410003791622e+01 1.00034707065641e+05 
4.92989969712441e+01 1.00034274583552e+05 
4.94569936135427e+01 1.00033581764204e+05 
4.96149902571749e+01 1.00032380561963e+05 
4.97729869349215e+01 1.00031026988693e+05 
4.99309836461128e+01 1.00029348908067e+05 
5.00889804092298e+01 1.00027359707857e+05 
5.02469772586986e+01 1.00025208023738e+05 
5.04049742099479e+01 1.00022856865736e+05 
5.05629710368897e+01 1.00020225668951e+05 
5.07209677221875e+01 1.00017451356734e+05 
5.08789643925024e+01 1.00014510578198e+05 
5.10369611214738e+01 1.00011513713518e+05 
5.11949579837573e+01 1.00008519058674e+05 
5.13529549196390e+01 1.00005412321809e+05 
5.15109519220113e+01 1.00002296689921e+05 
5.16689490194469e+01 9.99991130532181e+04 
5.18269461871349e+01 9.99959175757705e+04 
5.19849434232851e+01 9.99929064420565e+04 
5.21429407955823e+01 9.99900428993834e+04 
5.23009380095267e+01 9.99871877423287e+04 
5.24589351151370e+01 9.99845498312951e+04 
5.26169322605497e+01 9.99819224486695e+04 
5.27749294397864e+01 9.99794555323765e+04 
5.29329267403186e+01 9.99773508815718e+04 
5.30909241439174e+01 9.99754686712280e+04 
5.32489216473604e+01 9.99737213270281e+04 
5.34069192807000e+01 9.99724160708897e+04 
5.35649170063727e+01 9.99711796545620e+04 
5.37229148023365e+01 9.99701949659950e+04 
5.38809127246988e+01 9.99696513116492e+04 
5.40389107877367e+01 9.99693679592167e+04 
5.41969089517492e+01 9.99692972878120e+04 
5.43549072484630e+01 9.99697050016412e+04 
5.45129054270051e+01 9.99702489443529e+04 
5.46709034516164e+01 9.99711391003363e+04 
5.48289014795824e+01 9.99724033147248e+04 
5.49868996507851e+01 9.99738751796891e+04 
5.51448978880694e+01 9.99755748546511e+04 
5.53028962526066e+01 9.99776744483720e+04 
5.54608947556885e+01 9.99799571561914e+04 
5.56188933188464e+01 9.99824925660068e+04 
5.57768920070724e+01 9.99852061466132e+04 
5.59348908650161e+01 9.99879950734584e+04 
5.60928898167026e+01 9.99909485730908e+04 
5.62508889037190e+01 9.99940371158380e+04 
5.64088881394332e+01 9.99972360510119e+04 
5.65668874484921e+01 1.00000507994377e+05 
5.67248868836807e+01 1.00003682940096e+05 
5.68828864893542e+01 1.00006751158825e+05 
5.70408861960338e+01 1.00009836811720e+05 
5.71988860391269e+01 1.00012774478123e+05 
5.73568857825965e+01 1.00015697995183e+05 
5.75148854374958e+01 1.00018492925272e+05 
5.76728851158728e+01 1.00020967759695e+05 
5.78308849012099e+01 1.00023206874523e+05 
5.79888847480601e+01 1.00025322754689e+05 
5.81468847532464e+01 1.00027027590575e+05 
5.83048848708051e+01 1.00028615118518e+05 
5.84628851001882e+01 1.00029981166868e+05 
5.86208854661624e+01 1.00030925643114e+05 
5.87788859510897e+01 1.00031594347868e+05 
5.89368865555350e+01 1.00032064352082e+05 
5.90948872830377e+01 1.00032071757756e+05 
5.92528880864323e+01 1.00031951903856e+05 
5.94108889302507e+01 1.00031515278801e+05 
5.95688898327881e+01 1.00030719391207e+05 
5.97268908041111e+01 1.00029724952062e+05 
5.98848918003332e+01 1.00028528414071e+05 
6.00428928680254e+01 1.00026946338321e+05 
6.02008940796456e+01 1.00025210027823e+05 
6.03588954725139e+01 1.00023210836257e+05 
6.05168971072922e+01 1.00020997621647e+05 
6.06748990531746e+01 1.00018674056611e+05 
6.08329010433522e+01 1.00016177032933e+05 
6.09909029438758e+01 1.00013460995476e+05 
6.11489044805151e+01 1.00010606995378e+05 
6.13069057727749e+01 1.00007603353314e+05 
6.14649070351632e+01 1.00004583156069e+05 
6.16229081384915e+01 1.00001583002656e+05 
6.17809092441211e+01 9.99984767492187e+04 
6.19389101339700e+01 9.99953878671180e+04 
6.20969109801752e+01 9.99922413901470e+04 
6.22549119387378e+01 9.99890727523996e+04 
6.24129129488496e+01 9.99860933081841e+04 
6.25709138861800e+01 9.99832532923291e+04 
6.27289151983368e+01 9.99804220968142e+04 
6.28869165870729e+01 9.99778504326519e+04 
6.30449181597254e+01 9.99753095060669e+04 
6.32029200758520e+01 9.99729285470222e+04 
6.33609221827735e+01 9.99709322287624e+04 
6.35189242560073e+01 9.99691822980037e+04 
6.36769260693996e+01 9.99675711767336e+04 
6.38349281051127e+01 9.99664183759452e+04 
6.39929298098694e+01 9.99654043809825e+04 
6.41509316615666e+01 9.99646838287450e+04 
6.43089337942408e+01 9.99644073742544e+04 
6.44669357869463e+01 9.99644024969432e+04 
6.46249374433373e+01 9.99646262694771e+04 
6.47829389136374e+01 9.99653766288498e+04 
6.49409399663625e+01 9.99662983458780e+04 
6.50989409632269e+01 9.99675925487751e+04 
6.52569421377169e+01 9.99692585468442e+04 
6.54149430085585e+01 9.99711164405480e+04 
6.55729437641150e+01 9.99731930508245e+04 
6.57309443638751e+01 9.99756764341366e+04 
6.58889448714392e+01 9.99783437374490e+04 
6.60469454271883e+01 9.99812404575497e+04 
6.62049458871531e+01 9.99842677831166e+04 
6.63629460911794e+01 9.99873264651789e+04 
6.65209461944869e+01 9.99905188483978e+04 
6.66789460139657e+01 9.99937801446691e+04 
6.68369454321013e+01 9.99971213513571e+04 
6.69949447414460e+01 1.00000493942946e+05 
6.71529441536746e+01 1.00003698189778e+05 
6.73109433241402e+01 1.00006746010712e+05 
6.74689424701647e+01 1.00009768665923e+05 
6.76269417991850e+01 1.00012574111661e+05 
6.77849410142811e+01 1.00015354256589e+05 
6.79429404441664e+01 1.00017948010650e+05 
6.81009399323400e+01 1.00020171953268e+05 
6.82589394467423e+01 1.00022135322012e+05 
6.84169390831585e+01 1.00023912205533e+05 
6.85749387125848e+01 1.00025268953521e+05 
6.87329381770452e+01 1.00026526273826e+05 
6.88909376719355e+01 1.00027505968725e+05 
6.90489371579850e+01 1.00028034637898e+05 
6.92069365995741e+01 1.00028290886068e+05 
6.93649360510441e+01 1.00028363780673e+05 
6.95229353740816e+01 1.00027941201536e+05 
6.96809345840638e+01 1.00027410957023e+05 
6.98389340499524e+01 1.00026543853116e+05 
6.99969337688401e+01 1.00025331942161e+05 
7.01549335087798e+01 1.00023935371125e+05 
7.03129334087804e+01 1.00022352057996e+05 
7.04709333808406e+01 1.00020396251963e+05 
7.06289333787524e+01 1.00018293593004e+05 
7.07869336204822e+01 1.00015959899738e+05 
7.09449340672215e+01 1.00013452017229e+05 
7.11029345997939e+01 1.00010878070292e+05 
7.12609350713582e+01 1.00008148878721e+05 
7.14189347160093e+01 1.00005269484380e+05 
7.15769336370085e+01 1.00002280882668e+05 
7.17349322495437e+01 9.99991911607559e+04 
7.18929307461385e+01 9.99961489003053e+04 
7.20509289766604e+01 9.99931812171361e+04 
7.22089272661357e+01 9.99901306166692e+04 
7.23669254718874e+01 9.99872064679797e+04 
7.25249235776293e+01 9.99842714225900e+04 
7.26829219494500e+01 9.99814004843906e+04 
7.28409203727508e+01 9.99788038483308e+04 
7.29989186538633e+01 9.99764058937094e+04 
7.31569171184710e+01 9.99740805842501e+04 
7.33149154807419e+01 9.99721142594569e+04 
7.34729138742871e+01 9.99703015568282e+04 
7.36309123482416e+01 9.99686720928606e+04 
7.37889111043111e+01 9.99674836445657e+04 
7.39469098644377e+01 9.99666184244773e+04 
7.41049087471577e+01 9.99659469594355e+04 
7.42629075233993e+01 9.99658022057042e+04 
7.44209062786759e+01 9.99658123027134e+04 
7.45789051660299e+01 9.99662124128471e+04 
7.47369040521852e+01 9.99670739628164e+04 
7.48949026971529e+01 9.99681952982679e+04 
7.50529013271319e+01 9.99695947114459e+04 
7.52109000002093e+01 9.99714951745970e+04 
7.53688985762336e+01 9.99735885987873e+04 
7.55268972581844e+01 9.99760290239835e+04 
7.56848960103278e+01 9.99787596427542e+04 
7.58428947255754e+01 9.99816349267269e+04 
7.60008936594136e+01 9.99847156978939e+04 
7.61588924322546e+01 9.99880477107839e+04 
7.63168911638559e+01 9.99915161026469e+04 
7.64748900450755e+01 9.99951240673499e+04 
7.66328890548658e+01 9.99987177019201e+04 
7.67908878834910e+01 1.00002240463832e+05 
7.69488867890563e+01 1.00005823430034e+05 
7.71068856575359e+01 1.00009283077798e+05 
7.72648846605642e+01 1.00012723329937e+05 
7.74228838477881e+01 1.00016078466457e+05 
7.75808832323467e+01 1.00019134294455e+05 
7.77388824246277e+01 1.00021952055914e+05 
7.78968816322887e+01 1.00024665829816e+05 
7.80548807011359e+01 1.00026972423522e+05 
7.82128796943324e+01 1.00029135784894e+05 
7.83708787081097e+01 1.00031038855478e+05 
7.85288777862713e+01 1.00032456825921e+05 
7.86868768060587e+01 1.00033580450439e+05 
7.88448759839678e+01 1.00034507881661e+05 
7.90028750293676e+01 1.00034881545124e+05 
7.91608740579794e+01 1.00035089517534e+05 
7.93188731240776e+01 1.00034937993756e+05 
7.94768722866737e+01 1.00034345474958e+05 
7.96348714744995e+01 1.00033510414454e+05 
7.97928707841639e+01 1.00032447143140e+05 
7.99508700431175e+01 1.00030911678707e+05 
8.01088692532010e+01 1.00029225906686e+05 
8.02668685571017e+01 1.00027214502734e+05 
8.04248679221742e+01 1.00024927927645e+05 
8.05828672895297e+01 1.00022499183382e+05 
8.07408668401889e+01 1.00019882065902e+05 
8.08988663183940e+01 1.00016980824741e+05 
8.10568658136689e+01 1.00013944493734e+05 
8.12148653641856e+01 1.00010726694233e+05 
8.13728650602450e+01 1.00007451153959e+05 
8.15308647094415e+01 1.00004188199707e+05 
8.16888645412167e+01 1.00000818906274e+05 
8.18468642992061e+01 9.99974379284195e+04 
8.20048640365115e+01 9.99940168301557e+04 
8.21628638878385e+01 9.99905656617460e+04 
8.23208638447879e+01 9.99872992855256e+04 
8.24788638290085e+01 9.99841940349803e+04 
8.26368639316287e+01 9.99810942807503e+04 
8.27948639928999e+01 9.99782653899409e+04 
8.29528640097892e+01 9.99754772048082e+04 
8.31108641257694e+01 9.99728702857694e+04 
8.32688643339817e+01 9.99706252581590e+04 
8.34268645003396e+01 9.99686662852382e+04 
8.35848648702901e+01 9.99668743327435e+04 
8.37428651207969e+01 9.99655690534054e+04 
8.39008653577218e+01 9.99644085432771e+04 
8.40588656514321e+01 9.99635532231937e+04 
8.42168660797810e+01 9.99631688922573e+04 
8.43748664504764e+01 9.99630964540832e+04 
8.45328669632765e+01 9.99632570829100e+04 
8.46908673910183e+01 9.99639959547649e+04 
8.48488677558302e+01 9.99649333778462e+04 
8.50068682338221e+01 9.99662563954214e+04 
8.51648687934220e+01 9.99679882122821e+04 
8.53228693020651e+01 9.99699455288992e+04 
8.54808699523303e+01 9.99721374613015e+04 
8.56388704750119e+01 9.99747828520099e+04 
8.57968709951201e+01 9.99776273857046e+04 
8.59548715414848e+01 9.99807444040628e+04 
8.61128721364377e+01 9.99840296149576e+04 
8.62708727179347e+01 9.99873727261733e+04 
8.64288733473842e+01 9.99908675193636e+04 
8.65868739800674e+01 9.99944745389694e+04 
8.67448745080638e+01 9.99981625704741e+04 
8.69028751837753e+01 1.00001907001374e+05 
8.70608758960404e+01 1.00005507155123e+05 
8.72188765860811e+01 1.00008952299601e+05 
8.73768773582707e+01 1.00012384950261e+05 
8.75348780012508e+01 1.00015590454074e+05 
8.76928786004829e+01 1.00018742398314e+05 
8.78508792441084e+01 1.00021700617257e+05 
8.80088800434000e+01 1.00024267333160e+05 
8.81668806916759e+01 1.00026568092081e+05 
8.83248814855233e+01 1.00028708959943e+05 
8.84828821285871e+01 1.00030362111287e+05 
8.86408826913246e+01 1.00031848596148e+05 
8.87988833442697e+01 1.00033047133642e+05 
8.89568840341034e+01 1.00033759418942e+05 
8.91148847006716e+01 1.00034164334607e+05 
8.92728853750260e+01 1.00034347994766e+05 
8.94308859501744e+01 1.00033985347317e+05 
8.95888863918260e+01 1.00033479027730e+05 
8.97468869365088e+01 1.00032596283379e+05 
8.99048875615784e+01 1.00031326201492e+05 
9.00628880436466e+01 1.00029850173784e+05 
9.02208886930447e+01 1.00028152666459e+05 
9.03788890986989e+01 1.00026045322706e+05 
9.05368894584843e+01 1.00023781819247e+05 
9.06948898189981e+01 1.00021261610527e+05 
9.08528902524989e+01 1.00018546973088e+05 
9.10108905775425e+01 1.00015750420382e+05 
9.11688909467955e+01 1.00012791410083e+05 
9.13268912145514e+01 1.00009649101432e+05 
9.14848913158008e+01 1.00006397474464e+05 
9.16428915822170e+01 1.00003036369009e+05 
9.18008918169298e+01 9.99997184603674e+04 
9.19588919708743e+01 9.99964783605316e+04 
9.21168922103786e+01 9.99931718538360e+04 
9.22748922710947e+01 9.99899752379074e+04 
9.24328922715071e+01 9.99867839604664e+04 
9.25908922911711e+01 9.99836533155648e+04 
9.27488924135160e+01 9.99807895456505e+04 
9.29068924081221e+01 9.99781340000884e+04 
9.30648924455409e+01 9.99755485680195e+04 
9.32228924177697e+01 9.99733287790603e+04 
9.33808923174738e+01 9.99711995075506e+04 
9.35388923127242e+01 9.99693035834065e+04 
9.36968923560327e+01 9.99678619091454e+04 
9.38548923989902e+01 9.99666994671157e+04 
9.40128924384549e+01 9.99657296659625e+04 
9.41708924405656e+01 9.99652935074409e+04 
9.43288923108054e+01 9.99650244669302e+04 
9.44868920599109e+01 9.99651224428031e+04 
9.46448916529606e+01 9.99656840724119e+04 
9.48028916076712e+01 9.99665204401212e+04 
9.49608914944496e+01 9.99676104892961e+04 
9.51188913057259e+01 9.99692279906491e+04 
9.52768912337209e+01 9.99710348969680e+04 
9.54348911411694e+01 9.99731963013580e+04 
9.55928911756063e+01 9.99756748244167e+04 
9.57508910635802e+01 9.99783230736442e+04 
9.59088910424678e+01 9.99811861951875e+04 
9.60668908867435e+01 9.99843481790112e+04 
9.62248906047757e+01 9.99876595107318e+04 
9.63828904827730e+01 9.99911481748717e+04 
9.65408903462501e+01 9.99946709154050e+04 
9.66988901623332e+01 9.99981578483709e+04 
9.68568900168082e+01 1.00001724261549e+05 
9.70148897240250e+01 1.00005236306292e+05 
9.71728892944551e+01 1.00008750691675e+05 
9.73308889047403e+01 1.00012224205785e+05 
9.74888886147520e+01 1.00015436235397e+05 
9.76468881266289e+01 1.00018431773092e+05 
9.78048877845412e+01 1.00021352961979e+05 
9.79628871957190e+01 1.00023899989074e+05 
9.81208865399089e+01 1.00026351698505e+05 
9.82788858937054e+01 1.00028546361639e+05 
9.84368853019583e+01 1.00030297062995e+05 
9.85948846206375e+01 1.00031749497082e+05 
9.87528839618249e+01 1.00032991063534e+05 
9.89108832001843e+01 1.00033709543449e+05 
9.90688822583182e+01 1.00034255660314e+05 
9.92268814607112e+01 1.00034463116482e+05 
9.93848806720824e+01 1.00034224925679e+05 
9.95428797821141e+01 1.00033715538277e+05 
9.97008790097915e+01 1.00032981672391e+05 
9.98588780603129e+01 1.00031741030251e+05 
1.00016877088879e+02 1.00030349758587e+05 
