# Liste des scalaires : TEMPS pmat 
0.00000000000000e+00 1.00000000000000e+05 
1.58013544018059e-01 1.00000000000000e+05 
3.16027088036117e-01 1.00000000000000e+05 
4.74040632054176e-01 1.00000000000000e+05 
6.32054176072234e-01 1.00000000000000e+05 
7.90067720090293e-01 1.00000000000000e+05 
9.48081264108351e-01 1.00000000000000e+05 
1.10609480812641e+00 1.00000000000000e+05 
1.26410835214447e+00 1.00000000000000e+05 
1.42212189616253e+00 1.00000000000000e+05 
1.58013544018058e+00 1.00000000000000e+05 
1.73814898419864e+00 1.00000000000000e+05 
1.89616252821670e+00 1.00000000000000e+05 
2.05417607223476e+00 1.00000000000000e+05 
2.21218961625282e+00 1.00000000000000e+05 
2.37020316027087e+00 1.00000000000000e+05 
2.52821670428893e+00 1.00000000000000e+05 
2.68623024830699e+00 1.00000000000000e+05 
2.84424379232505e+00 1.00000000000000e+05 
3.00225733634311e+00 1.00000000000000e+05 
3.16027088036116e+00 1.00000000000000e+05 
3.31828442437922e+00 1.00000000000000e+05 
3.47629796839728e+00 1.00000000000000e+05 
3.63431151241534e+00 1.00000000000000e+05 
3.79232505643340e+00 1.00000000000000e+05 
3.95033860045145e+00 1.00000000000000e+05 
4.10835214446951e+00 1.00000000000000e+05 
4.26636568848757e+00 1.00000000000000e+05 
4.42437923250563e+00 1.00000000000000e+05 
4.58239277652368e+00 1.00000000000000e+05 
4.74040632054174e+00 1.00000000000000e+05 
4.89841986455980e+00 1.00000000000000e+05 
5.05643340857786e+00 1.00000000000000e+05 
5.21444695259591e+00 1.00000000000000e+05 
5.37246049661397e+00 1.00000000000000e+05 
5.53047404063203e+00 1.00000000000000e+05 
5.68848758465009e+00 1.00000000000000e+05 
5.84650112866814e+00 1.00000000000000e+05 
6.00451467268620e+00 1.00000000000000e+05 
6.16252821670426e+00 1.00000000000000e+05 
6.32054176072231e+00 1.00000000000000e+05 
6.47855530474037e+00 1.00000000000000e+05 
6.63656884875843e+00 1.00000000000000e+05 
6.79458239277648e+00 1.00000000000000e+05 
6.95259593679454e+00 1.00000000000000e+05 
7.11060948081260e+00 1.00000000000000e+05 
7.26862302483065e+00 1.00000000000000e+05 
7.42663656884871e+00 1.00000000000000e+05 
7.58465011286677e+00 1.00000000000000e+05 
7.74266365688483e+00 1.00000000000000e+05 
7.90067720090288e+00 1.00000000000000e+05 
8.05869074492094e+00 1.00000000000000e+05 
8.21670428893899e+00 1.00000000000000e+05 
8.37471783295705e+00 1.00000000000000e+05 
8.53273137697511e+00 1.00000000000000e+05 
8.69074492099316e+00 1.00000000000000e+05 
8.84875846501122e+00 1.00000000000000e+05 
9.00677200902927e+00 1.00000000000000e+05 
9.16478555304733e+00 1.00000000000000e+05 
9.32279909706538e+00 1.00000000000000e+05 
9.48081264108344e+00 1.00000000000000e+05 
9.63882618510150e+00 1.00000000000000e+05 
9.79683972911955e+00 1.00000000000000e+05 
9.95485327313761e+00 1.00000000000000e+05 
1.01128668171557e+01 1.00000000000000e+05 
1.02708803611737e+01 1.00000000000000e+05 
1.04288939051918e+01 1.00000000000000e+05 
1.05869074492098e+01 1.00000000000000e+05 
1.07449209932279e+01 1.00000000000000e+05 
1.09029345372459e+01 1.00000000000000e+05 
1.10609480812640e+01 1.00000000000000e+05 
1.12189616252821e+01 1.00000000000000e+05 
1.13769751693001e+01 1.00000000000000e+05 
1.15349887133182e+01 1.00000000000000e+05 
1.16930022573362e+01 1.00000000000000e+05 
1.18510158013543e+01 1.00000000000000e+05 
1.20090293453723e+01 1.00000000000000e+05 
1.21670428893904e+01 1.00000000000000e+05 
1.23250564334084e+01 1.00000000000000e+05 
1.24830699774265e+01 1.00000000000000e+05 
1.26410835214446e+01 1.00000000000000e+05 
1.27990970654626e+01 1.00000000000000e+05 
1.29571106094807e+01 1.00000000000000e+05 
1.31151241534987e+01 1.00000000000000e+05 
1.32731376975168e+01 1.00000000000000e+05 
1.34311512415348e+01 1.00000000000000e+05 
1.35891647855529e+01 1.00000000000000e+05 
1.37471783295709e+01 1.00000000000000e+05 
1.39051918735890e+01 1.00000000000000e+05 
1.40632054176071e+01 1.00000000000000e+05 
1.42212189616251e+01 1.00000000000000e+05 
1.43792325056432e+01 1.00000000000000e+05 
1.45372460496612e+01 1.00000000000000e+05 
1.46952595936793e+01 1.00000000000000e+05 
1.48532731376973e+01 1.00000000000000e+05 
1.50112866817154e+01 1.00000000000000e+05 
1.51693002257334e+01 1.00000000000000e+05 
1.53273137697515e+01 1.00000000000000e+05 
1.54853273137695e+01 1.00000000000000e+05 
1.56433408577876e+01 1.00000000000000e+05 
1.58013544018057e+01 1.00000000000000e+05 
1.59593679458237e+01 1.00000000000000e+05 
1.61173814898418e+01 1.00000000000000e+05 
1.62753950338598e+01 1.00000000000000e+05 
1.64334085778779e+01 1.00000000000000e+05 
1.65914221218959e+01 1.00000000000000e+05 
1.67494356659140e+01 1.00000000000000e+05 
1.69074492099320e+01 1.00000000000000e+05 
1.70654627539501e+01 1.00000000000000e+05 
1.72234762979681e+01 1.00000000000000e+05 
1.73814898419862e+01 1.00000000000000e+05 
1.75395033860043e+01 1.00000000000000e+05 
1.76975169300223e+01 1.00000000000000e+05 
1.78555304740404e+01 1.00000000000000e+05 
1.80135440180584e+01 1.00000000000000e+05 
1.81715575620765e+01 1.00000000000000e+05 
1.83295711060945e+01 1.00000000000000e+05 
1.84875846501126e+01 1.00000000000000e+05 
1.86455981941306e+01 1.00000000000000e+05 
1.88036117381487e+01 1.00000000000000e+05 
1.89616252821667e+01 1.00000000000000e+05 
1.91196388261848e+01 1.00000000000000e+05 
1.92776523702028e+01 1.00000000000000e+05 
1.94356659142209e+01 1.00000000000000e+05 
1.95936794582390e+01 1.00000000000000e+05 
1.97516930022570e+01 1.00000000000000e+05 
1.99097065462751e+01 1.00000000000000e+05 
2.00677200902931e+01 1.00000000000000e+05 
2.02257336343112e+01 1.00000000000000e+05 
2.03837471783292e+01 1.00000000000000e+05 
2.05417607223473e+01 1.00000000000004e+05 
2.06997742663653e+01 1.00000000000024e+05 
2.08577878103834e+01 1.00000000000039e+05 
2.10158013544014e+01 1.00000000000628e+05 
2.11738148984195e+01 1.00000000062628e+05 
2.13318284424376e+01 1.00000000551819e+05 
2.14898419864556e+01 1.00000001108244e+05 
2.16478555304737e+01 1.00000002098635e+05 
2.18058690744917e+01 1.00000003852878e+05 
2.19638826185098e+01 1.00000006863484e+05 
2.21218961625278e+01 1.00000012398383e+05 
2.22799097065459e+01 1.00000021265931e+05 
2.24379232505639e+01 1.00000035856726e+05 
2.25959367945820e+01 1.00000058750260e+05 
2.27539503386000e+01 1.00000097194759e+05 
2.29119638826181e+01 1.00000158343314e+05 
2.30699774266361e+01 1.00000259687536e+05 
2.32279909706542e+01 1.00000409198667e+05 
2.33860045146723e+01 1.00000626032976e+05 
2.35440180586903e+01 1.00000921916970e+05 
2.37020316027084e+01 1.00001338111667e+05 
2.38600451467264e+01 1.00001901871845e+05 
2.40180586907445e+01 1.00002681108603e+05 
2.41760722347625e+01 1.00003671017490e+05 
2.43340857787806e+01 1.00004865893397e+05 
2.44920993227986e+01 1.00006227945947e+05 
2.46501128668167e+01 1.00007801550378e+05 
2.48081264108347e+01 1.00009583154093e+05 
2.49661399548528e+01 1.00011606806343e+05 
2.51241534988708e+01 1.00013781126722e+05 
2.52821670428889e+01 1.00015895865074e+05 
2.54401805869069e+01 1.00017953758967e+05 
2.55981941309250e+01 1.00019872003114e+05 
2.57562076749430e+01 1.00021707513097e+05 
2.59142212189611e+01 1.00023538305127e+05 
2.60722347629791e+01 1.00025257037512e+05 
2.62302483069972e+01 1.00026584505413e+05 
2.63882618510153e+01 1.00027633313505e+05 
2.65462753950333e+01 1.00028333692660e+05 
2.67042889390514e+01 1.00028905301041e+05 
2.68623024830694e+01 1.00029430861959e+05 
2.70203160270875e+01 1.00029722016560e+05 
2.71783295711055e+01 1.00029480627601e+05 
2.73363431151236e+01 1.00028875292756e+05 
2.74943566591416e+01 1.00027915958486e+05 
2.76523702031597e+01 1.00026884274087e+05 
2.78103837471777e+01 1.00025848427448e+05 
2.79683972911958e+01 1.00024512697921e+05 
2.81264108352138e+01 1.00022852954272e+05 
2.82844243792319e+01 1.00020752100979e+05 
2.84424379232499e+01 1.00018357288073e+05 
2.86004514672680e+01 1.00015940277132e+05 
2.87584650112860e+01 1.00013533684239e+05 
2.89164785553041e+01 1.00010918999634e+05 
2.90744920993221e+01 1.00008168856339e+05 
2.92325056433402e+01 1.00005148935133e+05 
2.93905191873582e+01 1.00001972153742e+05 
2.95485327313763e+01 9.99988139745059e+04 
2.97065462753943e+01 9.99956564970680e+04 
2.98645598194124e+01 9.99924538003205e+04 
3.00225733634304e+01 9.99894772270569e+04 
3.01805869074485e+01 9.99865223627901e+04 
3.03386004514665e+01 9.99835900963011e+04 
3.04966139954843e+01 9.99807178009481e+04 
3.06546275395003e+01 9.99779323211791e+04 
3.08126410834971e+01 9.99753215240832e+04 
3.09706546272957e+01 9.99732309774483e+04 
3.11286681708936e+01 9.99713796598015e+04 
3.12866817143274e+01 9.99698751062906e+04 
3.14446952574723e+01 9.99685124908328e+04 
3.16027088001674e+01 9.99671935378590e+04 
3.17607223421364e+01 9.99661918620038e+04 
3.19187358832495e+01 9.99658923024107e+04 
3.20767494226194e+01 9.99660623886830e+04 
3.22347629599941e+01 9.99667364151036e+04 
3.23927764943706e+01 9.99675212601943e+04 
3.25507900239423e+01 9.99683342306672e+04 
3.27088035457829e+01 9.99695203360304e+04 
3.28668170595274e+01 9.99712551563884e+04 
3.30248305599181e+01 9.99735654694026e+04 
3.31828440425992e+01 9.99763797469771e+04 
3.33408575031136e+01 9.99792145959788e+04 
3.34988709293862e+01 9.99819888865687e+04 
3.36568843063214e+01 9.99850120925337e+04 
3.38148976325709e+01 9.99882356462108e+04 
3.39729108878444e+01 9.99918300152160e+04 
3.41309240403887e+01 9.99956123809814e+04 
3.42889370834585e+01 9.99993109490665e+04 
3.44469499667095e+01 1.00002835757894e+05 
3.46049626416154e+01 1.00006278453210e+05 
3.47629751094123e+01 1.00009427200265e+05 
3.49209873220811e+01 1.00012488335113e+05 
3.50789991793260e+01 1.00015527353152e+05 
3.52370106929348e+01 1.00018381164221e+05 
3.53950217552060e+01 1.00021001839231e+05 
3.55530322801683e+01 1.00023336514218e+05 
3.57110422484800e+01 1.00025044039629e+05 
3.58690516557028e+01 1.00026547579544e+05 
3.60270604042267e+01 1.00027749171278e+05 
3.61850684108629e+01 1.00028819425828e+05 
3.63430757025597e+01 1.00029779267861e+05 
3.65010821998343e+01 1.00030378983802e+05 
3.66590879149553e+01 1.00030339731467e+05 
3.68170929429180e+01 1.00029904278276e+05 
3.69750972659910e+01 1.00029087202936e+05 
3.71331008599683e+01 1.00028198579438e+05 
3.72911038794230e+01 1.00027315484638e+05 
3.74491063311914e+01 1.00026088716113e+05 
3.76071083058444e+01 1.00024436685644e+05 
3.77651096857588e+01 1.00022322127770e+05 
3.79231104073047e+01 1.00019834095476e+05 
3.80811109502943e+01 1.00017374868597e+05 
3.82391112062999e+01 1.00015008335266e+05 
3.83971111660317e+01 1.00012443312430e+05 
3.85551109656345e+01 1.00009751899166e+05 
3.87131105571401e+01 1.00006744694210e+05 
3.88711098652798e+01 1.00003576923842e+05 
3.90291090063081e+01 1.00000456737647e+05 
3.91871079803516e+01 9.99973985244872e+04 
3.93451069164122e+01 9.99943294312251e+04 
3.95031056072435e+01 9.99914956261758e+04 
3.96611044176520e+01 9.99886731832782e+04 
3.98191030871787e+01 9.99857974470957e+04 
3.99771018088401e+01 9.99829904703527e+04 
4.01351007074698e+01 9.99802826885728e+04 
4.02930997022155e+01 9.99777215209459e+04 
4.04510986021552e+01 9.99756903822045e+04 
4.06090971618161e+01 9.99738012500588e+04 
4.07670958737284e+01 9.99721872425103e+04 
4.09250951708767e+01 9.99706782276723e+04 
4.10830945501286e+01 9.99691697949951e+04 
4.12410939472816e+01 9.99679203829000e+04 
4.13990933807653e+01 9.99673169098153e+04 
4.15570928592266e+01 9.99671089385969e+04 
4.17150923413803e+01 9.99672917355632e+04 
4.18730918618998e+01 9.99675621799327e+04 
4.20310913871491e+01 9.99677884112356e+04 
4.21890909437351e+01 9.99683083589022e+04 
4.23470905543198e+01 9.99692544545119e+04 
4.25050902256413e+01 9.99707598111761e+04 
4.26630899184684e+01 9.99728290000442e+04 
4.28210896745392e+01 9.99749057235156e+04 
4.29790892602239e+01 9.99768002616279e+04 
4.31370888188632e+01 9.99788770729734e+04 
4.32950884109090e+01 9.99811856191449e+04 
4.34530877023690e+01 9.99839804075464e+04 
4.36110866376294e+01 9.99870236356870e+04 
4.37690854724754e+01 9.99900867668549e+04 
4.39270845035842e+01 9.99930391504469e+04 
4.40850833364672e+01 9.99960436561174e+04 
4.42430820276957e+01 9.99989629706958e+04 
4.44010804989590e+01 1.00002027533068e+05 
4.45590788134630e+01 1.00005126413785e+05 
4.47170770655565e+01 1.00008165286143e+05 
4.48750752148097e+01 1.00011079283898e+05 
4.50330732938293e+01 1.00013885248151e+05 
4.51910713795358e+01 1.00016224040097e+05 
4.53490693983586e+01 1.00018490782898e+05 
4.55070674106562e+01 1.00020507630797e+05 
4.56650653676240e+01 1.00022352098085e+05 
4.58230631625694e+01 1.00024175040347e+05 
4.59810608096228e+01 1.00025754594733e+05 
4.61390583312556e+01 1.00026748722781e+05 
4.62970557728472e+01 1.00027414621093e+05 
4.64550531385988e+01 1.00027678206346e+05 
4.66130504658573e+01 1.00027870433621e+05 
4.67710476910669e+01 1.00028118661396e+05 
4.69290448370875e+01 1.00028069830830e+05 
4.70870418817074e+01 1.00027511764282e+05 
4.72450388394929e+01 1.00026469656531e+05 
4.74030357844738e+01 1.00025006771099e+05 
4.75610327369803e+01 1.00023569707920e+05 
4.77190296641417e+01 1.00022243213346e+05 
4.78770265567167e+01 1.00020685094724e+05 
4.80350232907807e+01 1.00018866173822e+05 
4.81930199724646e+01 1.00016518029764e+05 
4.83510166821919e+01 1.00013931882335e+05 
4.85090134340476e+01 1.00011361746444e+05 
4.86670101864053e+01 1.00008917133080e+05 
4.88250069367958e+01 1.00006374488100e+05 
4.89830037017608e+01 1.00003827839465e+05 
4.91410003791622e+01 1.00001044156940e+05 
4.92989969712441e+01 9.99981689260943e+04 
4.94569936135427e+01 9.99953478830631e+04 
4.96149902571749e+01 9.99925891900916e+04 
4.97729869349215e+01 9.99898689669020e+04 
4.99309836461128e+01 9.99874972907784e+04 
5.00889804092298e+01 9.99850703567809e+04 
5.02469772586986e+01 9.99827959224533e+04 
5.04049742099479e+01 9.99806582983863e+04 
5.05629710368897e+01 9.99785562523145e+04 
5.07209677221875e+01 9.99766341932763e+04 
5.08789643925024e+01 9.99751919729648e+04 
5.10369611214738e+01 9.99740203795213e+04 
5.11949579837573e+01 9.99731832519614e+04 
5.13529549196390e+01 9.99724477041517e+04 
5.15109519220113e+01 9.99716863739655e+04 
5.16689490194469e+01 9.99711892534958e+04 
5.18269461871349e+01 9.99712097603010e+04 
5.19849434232851e+01 9.99716576234778e+04 
5.21429407955823e+01 9.99725153307539e+04 
5.23009380095267e+01 9.99733880509702e+04 
5.24589351151370e+01 9.99741867948945e+04 
5.26169322605497e+01 9.99752670288515e+04 
5.27749294397864e+01 9.99766906708666e+04 
5.29329267403186e+01 9.99786168646626e+04 
5.30909241439174e+01 9.99808741831784e+04 
5.32489216473604e+01 9.99831248145240e+04 
5.34069192807000e+01 9.99852938338782e+04 
5.35649170063727e+01 9.99876166142000e+04 
5.37229148023365e+01 9.99900444582834e+04 
5.38809127246988e+01 9.99927646784215e+04 
5.40389107877367e+01 9.99956514300905e+04 
5.41969089517492e+01 9.99984883243653e+04 
5.43549072484630e+01 1.00001273564900e+05 
5.45129054270051e+01 1.00004052725051e+05 
5.46709034516164e+01 1.00006575066401e+05 
5.48289014795824e+01 1.00009121755225e+05 
5.49868996507851e+01 1.00011615098450e+05 
5.51448978880694e+01 1.00013979463932e+05 
5.53028962526066e+01 1.00016227680943e+05 
5.54608947556885e+01 1.00018310031756e+05 
5.56188933188464e+01 1.00019938265696e+05 
5.57768920070724e+01 1.00021328179977e+05 
5.59348908650161e+01 1.00022417107737e+05 
5.60928898167026e+01 1.00023384759237e+05 
5.62508889037190e+01 1.00024328358087e+05 
5.64088881394332e+01 1.00025004396205e+05 
5.65668874484921e+01 1.00025112348279e+05 
5.67248868836807e+01 1.00024866581493e+05 
5.68828864893542e+01 1.00024287764681e+05 
5.70408861960338e+01 1.00023674798150e+05 
5.71988860391269e+01 1.00023133730528e+05 
5.73568857825965e+01 1.00022297680035e+05 
5.75148854374958e+01 1.00021101025195e+05 
5.76728851158728e+01 1.00019433132816e+05 
5.78308849012099e+01 1.00017439997514e+05 
5.79888847480601e+01 1.00015471855735e+05 
5.81468847532464e+01 1.00013615686717e+05 
5.83048848708051e+01 1.00011603110447e+05 
5.84628851001882e+01 1.00009452810643e+05 
5.86208854661624e+01 1.00006981285221e+05 
5.87788859510897e+01 1.00004326577554e+05 
5.89368865555350e+01 1.00001721020171e+05 
5.90948872830377e+01 9.99991737834192e+04 
5.92528880864323e+01 9.99965991157718e+04 
5.94108889302507e+01 9.99941644200116e+04 
5.95688898327881e+01 9.99916809250302e+04 
5.97268908041111e+01 9.99891566527886e+04 
5.98848918003332e+01 9.99867004346923e+04 
6.00428928680254e+01 9.99843179324490e+04 
6.02008940796456e+01 9.99820360384113e+04 
6.03588954725139e+01 9.99801450828113e+04 
6.05168971072922e+01 9.99783593102398e+04 
6.06748990531746e+01 9.99767899801448e+04 
6.08329010433522e+01 9.99753092424880e+04 
6.09909029438758e+01 9.99738232006727e+04 
6.11489044805151e+01 9.99725507504556e+04 
6.13069057727749e+01 9.99718225135707e+04 
6.14649070351632e+01 9.99714075787011e+04 
6.16229081384915e+01 9.99714181687083e+04 
6.17809092441211e+01 9.99714699538975e+04 
6.19389101339700e+01 9.99714606178609e+04 
6.20969109801752e+01 9.99717304757550e+04 
6.22549119387378e+01 9.99724327440552e+04 
6.24129129488496e+01 9.99735739789853e+04 
6.25709138861800e+01 9.99752564806596e+04 
6.27289151983368e+01 9.99769335987205e+04 
6.28869165870729e+01 9.99784842671958e+04 
6.30449181597254e+01 9.99802522131435e+04 
6.32029200758520e+01 9.99822478496140e+04 
6.33609221827735e+01 9.99847303517801e+04 
6.35189242560073e+01 9.99874517284457e+04 
6.36769260693996e+01 9.99901832534564e+04 
6.38349281051127e+01 9.99928264463339e+04 
6.39929298098694e+01 9.99955438977669e+04 
6.41509316615666e+01 9.99982276754894e+04 
6.43089337942408e+01 1.00001095427645e+05 
6.44669357869463e+01 1.00003998558198e+05 
6.46249374433373e+01 1.00006824877884e+05 
6.47829389136374e+01 1.00009548088399e+05 
6.49409399663625e+01 1.00012171510397e+05 
6.50989409632269e+01 1.00014380225528e+05 
6.52569421377169e+01 1.00016546883046e+05 
6.54149430085585e+01 1.00018497825771e+05 
6.55729437641150e+01 1.00020284031626e+05 
6.57309443638751e+01 1.00022024973604e+05 
6.58889448714392e+01 1.00023536872152e+05 
6.60469454271883e+01 1.00024524949887e+05 
6.62049458871531e+01 1.00025196794813e+05 
6.63629460911794e+01 1.00025504054308e+05 
6.65209461944869e+01 1.00025715032098e+05 
6.66789460139657e+01 1.00025988502163e+05 
6.68369454321013e+01 1.00025964756068e+05 
6.69949447414460e+01 1.00025490153684e+05 
6.71529441536746e+01 1.00024577374523e+05 
6.73109433241402e+01 1.00023238010386e+05 
6.74689424701647e+01 1.00021908354573e+05 
6.76269417991850e+01 1.00020702255631e+05 
6.77849410142811e+01 1.00019278550913e+05 
6.79429404441664e+01 1.00017610347878e+05 
6.81009399323400e+01 1.00015404451649e+05 
6.82589394467423e+01 1.00012950738487e+05 
6.84169390831585e+01 1.00010517953375e+05 
6.85749387125848e+01 1.00008218764824e+05 
6.87329381770452e+01 1.00005831769199e+05 
6.88909376719355e+01 1.00003422119679e+05 
6.90489371579850e+01 1.00000770644847e+05 
6.92069365995741e+01 9.99980147950944e+04 
6.93649360510441e+01 9.99953088339663e+04 
6.95229353740816e+01 9.99926548267107e+04 
6.96809345840638e+01 9.99900368140061e+04 
6.98389340499524e+01 9.99877557057996e+04 
6.99969337688401e+01 9.99854168806168e+04 
7.01549335087798e+01 9.99831877913051e+04 
7.03129334087804e+01 9.99810897497024e+04 
7.04709333808406e+01 9.99790133920765e+04 
7.06289333787524e+01 9.99771238732821e+04 
7.07869336204822e+01 9.99756793793058e+04 
7.09449340672215e+01 9.99744932459360e+04 
7.11029345997939e+01 9.99736192955362e+04 
7.12609350713582e+01 9.99728311052741e+04 
7.14189347160093e+01 9.99720328200876e+04 
7.15769336370085e+01 9.99715146404278e+04 
7.17349322495437e+01 9.99714762309264e+04 
7.18929307461385e+01 9.99718966533403e+04 
7.20509289766604e+01 9.99727046761734e+04 
7.22089272661357e+01 9.99735346071032e+04 
7.23669254718874e+01 9.99742908528009e+04 
7.25249235776293e+01 9.99753335474436e+04 
7.26829219494500e+01 9.99767157117422e+04 
7.28409203727508e+01 9.99786301690006e+04 
7.29989186538633e+01 9.99808712632428e+04 
7.31569171184710e+01 9.99831325856348e+04 
7.33149154807419e+01 9.99853244298642e+04 
7.34729138742871e+01 9.99876946935284e+04 
7.36309123482416e+01 9.99901817117410e+04 
7.37889111043111e+01 9.99929877130829e+04 
7.39469098644377e+01 9.99959694914095e+04 
7.41049087471577e+01 9.99989190726042e+04 
7.42629075233993e+01 1.00001836379000e+05 
7.44209062786759e+01 1.00004772224495e+05 
7.45789051660299e+01 1.00007469606687e+05 
7.47369040521852e+01 1.00010174990720e+05 
7.48949026971529e+01 1.00012840570893e+05 
7.50529013271319e+01 1.00015394972151e+05 
7.52109000002093e+01 1.00017841780508e+05 
7.53688985762336e+01 1.00020135792475e+05 
7.55268972581844e+01 1.00021960994609e+05 
7.56848960103278e+01 1.00023546314113e+05 
7.58428947255754e+01 1.00024823208098e+05 
7.60008936594136e+01 1.00025959809738e+05 
7.61588924322546e+01 1.00027069039654e+05 
7.63168911638559e+01 1.00027913809237e+05 
7.64748900450755e+01 1.00028143301805e+05 
7.66328890548658e+01 1.00027977124144e+05 
7.67908878834910e+01 1.00027454473792e+05 
7.69488867890563e+01 1.00026888197992e+05 
7.71068856575359e+01 1.00026375726415e+05 
7.72648846605642e+01 1.00025560142577e+05 
7.74228838477881e+01 1.00024382371610e+05 
7.75808832323467e+01 1.00022641826101e+05 
7.77388824246277e+01 1.00020542382245e+05 
7.78968816322887e+01 1.00018450984845e+05 
7.80548807011359e+01 1.00016486866333e+05 
7.82128796943324e+01 1.00014331103016e+05 
7.83708787081097e+01 1.00012020385000e+05 
7.85288777862713e+01 1.00009345852797e+05 
7.86868768060587e+01 1.00006461829143e+05 
7.88448759839678e+01 1.00003606959469e+05 
7.90028750293676e+01 1.00000831723399e+05 
7.91608740579794e+01 9.99980284278510e+04 
7.93188731240776e+01 9.99953704323589e+04 
7.94768722866737e+01 9.99926329419927e+04 
7.96348714744995e+01 9.99898576099853e+04 
7.97928707841639e+01 9.99871426465992e+04 
7.99508700431175e+01 9.99845114858987e+04 
8.01088692532010e+01 9.99819725575169e+04 
8.02668685571017e+01 9.99798650135512e+04 
8.04248679221742e+01 9.99778580184316e+04 
8.05828672895297e+01 9.99760815034050e+04 
8.07408668401889e+01 9.99744041554297e+04 
8.08988663183940e+01 9.99727389803939e+04 
8.10568658136689e+01 9.99713205823756e+04 
8.12148653641856e+01 9.99704710553248e+04 
8.13728650602450e+01 9.99699748682208e+04 
8.15308647094415e+01 9.99698870561135e+04 
8.16888645412167e+01 9.99698595130151e+04 
8.18468642992061e+01 9.99697737504227e+04 
8.20048640365115e+01 9.99700033213655e+04 
8.21628638878385e+01 9.99707281282663e+04 
8.23208638447879e+01 9.99719440462639e+04 
8.24788638290085e+01 9.99736249558875e+04 
8.26368639316287e+01 9.99753083154803e+04 
8.27948639928999e+01 9.99768889915601e+04 
8.29528640097892e+01 9.99787165041669e+04 
8.31108641257694e+01 9.99807997204784e+04 
8.32688643339817e+01 9.99834093774168e+04 
8.34268645003396e+01 9.99862812303459e+04 
8.35848648702901e+01 9.99891623913813e+04 
8.37428651207969e+01 9.99919471502151e+04 
8.39008653577218e+01 9.99948364305363e+04 
8.40588656514321e+01 9.99977058765466e+04 
8.42168660797810e+01 1.00000788681657e+05 
8.43748664504764e+01 1.00003930223188e+05 
8.45328669632765e+01 1.00007017379260e+05 
8.46908673910183e+01 1.00010026689301e+05 
8.48488677558302e+01 1.00012958420396e+05 
8.50068682338221e+01 1.00015445916991e+05 
8.51648687934220e+01 1.00017917266700e+05 
8.53228693020651e+01 1.00020196303798e+05 
8.54808699523303e+01 1.00022284940097e+05 
8.56388704750119e+01 1.00024342666063e+05 
8.57968709951201e+01 1.00026163690603e+05 
8.59548715414848e+01 1.00027425065456e+05 
8.61128721364377e+01 1.00028349378923e+05 
8.62708727179347e+01 1.00028901093921e+05 
8.64288733473842e+01 1.00029329439372e+05 
8.65868739800674e+01 1.00029796365385e+05 
8.67448745080638e+01 1.00029943422677e+05 
8.69028751837753e+01 1.00029571923913e+05 
8.70608758960404e+01 1.00028729410797e+05 
8.72188765860811e+01 1.00027409699113e+05 
8.73768773582707e+01 1.00026096036762e+05 
8.75348780012508e+01 1.00024916656223e+05 
8.76928786004829e+01 1.00023478184536e+05 
8.78508792441084e+01 1.00021732385590e+05 
8.80088800434000e+01 1.00019416275929e+05 
8.81668806916759e+01 1.00016782691056e+05 
8.83248814855233e+01 1.00014174047873e+05 
8.84828821285871e+01 1.00011705688327e+05 
8.86408826913246e+01 1.00009129771656e+05 
8.87988833442697e+01 1.00006497417647e+05 
8.89568840341034e+01 1.00003591857562e+05 
8.91148847006716e+01 1.00000566124500e+05 
8.92728853750260e+01 9.99976012103381e+04 
8.94308859501744e+01 9.99946940977634e+04 
8.95888863918260e+01 9.99918028228950e+04 
8.97468869365088e+01 9.99892187071590e+04 
8.99048875615784e+01 9.99865862630824e+04 
9.00628880436466e+01 9.99840328647363e+04 
9.02208886930447e+01 9.99816038554148e+04 
9.03788890986989e+01 9.99792367806277e+04 
9.05368894584843e+01 9.99770245199568e+04 
9.06948898189981e+01 9.99752888864927e+04 
9.08528902524989e+01 9.99738181911879e+04 
9.10108905775425e+01 9.99726628403403e+04 
9.11688909467955e+01 9.99716179719542e+04 
9.13268912145514e+01 9.99705642725649e+04 
9.14848913158008e+01 9.99697722083014e+04 
9.16428915822170e+01 9.99696268219138e+04 
9.18008918169298e+01 9.99699064122078e+04 
9.19588919708743e+01 9.99705545849660e+04 
9.21168922103786e+01 9.99712626101698e+04 
9.22748922710947e+01 9.99719109772325e+04 
9.24328922715071e+01 9.99728684386368e+04 
9.25908922911711e+01 9.99742224271367e+04 
9.27488924135160e+01 9.99761304813915e+04 
9.29068924081221e+01 9.99784045164857e+04 
9.30648924455409e+01 9.99806892008203e+04 
9.32228924177697e+01 9.99828801229529e+04 
9.33808923174738e+01 9.99852785311301e+04 
9.35388923127242e+01 9.99878375213339e+04 
9.36968923560327e+01 9.99907664079968e+04 
9.38548923989902e+01 9.99939027265477e+04 
9.40128924384549e+01 9.99970030179033e+04 
9.41708924405656e+01 1.00000047920547e+05 
9.43288923108054e+01 1.00003124269427e+05 
9.44868920599109e+01 1.00006014161403e+05 
9.46448916529606e+01 1.00008915446159e+05 
9.48028916076712e+01 1.00011819190739e+05 
9.49608914944496e+01 1.00014622580762e+05 
9.51188913057259e+01 1.00017307415314e+05 
9.52768912337209e+01 1.00019854567154e+05 
9.54348911411694e+01 1.00021908210150e+05 
9.55928911756063e+01 1.00023787012989e+05 
9.57508910635802e+01 1.00025375183250e+05 
9.59088910424678e+01 1.00026821677219e+05 
9.60668908867435e+01 1.00028226213514e+05 
9.62248906047757e+01 1.00029356662268e+05 
9.63828904827730e+01 1.00029868398818e+05 
9.65408903462501e+01 1.00029981118190e+05 
9.66988901623332e+01 1.00029710449703e+05 
9.68568900168082e+01 1.00029372760446e+05 
9.70148897240250e+01 1.00029086790891e+05 
9.71728892944551e+01 1.00028500017757e+05 
9.73308889047403e+01 1.00027551718131e+05 
9.74888886147520e+01 1.00026077028928e+05 
9.76468881266289e+01 1.00024028219357e+05 
9.78048877845412e+01 1.00021974884819e+05 
9.79628871957190e+01 1.00020123963967e+05 
9.81208865399089e+01 1.00018098680341e+05 
9.82788858937054e+01 1.00015889256699e+05 
9.84368853019583e+01 1.00013229898447e+05 
9.85948846206375e+01 1.00010330395774e+05 
9.87528839618249e+01 1.00007409053198e+05 
9.89108832001843e+01 1.00004600973541e+05 
9.90688822583182e+01 1.00001755016850e+05 
9.92268814607112e+01 9.99989992995999e+04 
9.93848806720824e+01 9.99960818009677e+04 
9.95428797821141e+01 9.99931437280692e+04 
9.97008790097915e+01 9.99902410510576e+04 
9.98588780603129e+01 9.99874339421555e+04 
1.00016877088879e+02 9.99847211118526e+04 
