# Liste des scalaires : TEMPS pmat 
0.00000000000000e+00 1.00000000000000e+05 
1.58013544018059e-01 1.00000000000000e+05 
3.16027088036117e-01 1.00000000000000e+05 
4.74040632054176e-01 1.00000000000000e+05 
6.32054176072234e-01 1.00000000000000e+05 
7.90067720090293e-01 1.00000000000000e+05 
9.48081264108351e-01 1.00000000000000e+05 
1.10609480812641e+00 1.00000000000000e+05 
1.26410835214447e+00 1.00000000000000e+05 
1.42212189616253e+00 1.00000000000000e+05 
1.58013544018058e+00 1.00000000000000e+05 
1.73814898419864e+00 1.00000000000000e+05 
1.89616252821670e+00 1.00000000000000e+05 
2.05417607223476e+00 1.00000000000000e+05 
2.21218961625282e+00 1.00000000000000e+05 
2.37020316027087e+00 1.00000000000000e+05 
2.52821670428893e+00 1.00000000000000e+05 
2.68623024830699e+00 1.00000000000000e+05 
2.84424379232505e+00 1.00000000000000e+05 
3.00225733634311e+00 1.00000000000000e+05 
3.16027088036116e+00 1.00000000000000e+05 
3.31828442437922e+00 1.00000000000000e+05 
3.47629796839728e+00 1.00000000000000e+05 
3.63431151241534e+00 1.00000000000000e+05 
3.79232505643340e+00 1.00000000000000e+05 
3.95033860045145e+00 1.00000000000000e+05 
4.10835214446951e+00 1.00000000000000e+05 
4.26636568848757e+00 1.00000000000000e+05 
4.42437923250563e+00 1.00000000000000e+05 
4.58239277652368e+00 1.00000000000000e+05 
4.74040632054174e+00 1.00000000000000e+05 
4.89841986455980e+00 1.00000000000000e+05 
5.05643340857786e+00 1.00000000000000e+05 
5.21444695259591e+00 1.00000000000000e+05 
5.37246049661397e+00 1.00000000000000e+05 
5.53047404063203e+00 1.00000000000000e+05 
5.68848758465009e+00 1.00000000000000e+05 
5.84650112866814e+00 1.00000000000000e+05 
6.00451467268620e+00 1.00000000000000e+05 
6.16252821670426e+00 1.00000000000000e+05 
6.32054176072231e+00 1.00000000000000e+05 
6.47855530474037e+00 1.00000000000000e+05 
6.63656884875843e+00 1.00000000000000e+05 
6.79458239277648e+00 1.00000000000000e+05 
6.95259593679454e+00 1.00000000000000e+05 
7.11060948081260e+00 1.00000000000000e+05 
7.26862302483065e+00 1.00000000000000e+05 
7.42663656884871e+00 1.00000000000000e+05 
7.58465011286677e+00 1.00000000000000e+05 
7.74266365688483e+00 1.00000000000000e+05 
7.90067720090288e+00 1.00000000000000e+05 
8.05869074492094e+00 1.00000000000000e+05 
8.21670428893899e+00 1.00000000000000e+05 
8.37471783295705e+00 1.00000000000000e+05 
8.53273137697511e+00 1.00000000000000e+05 
8.69074492099316e+00 1.00000000000000e+05 
8.84875846501122e+00 1.00000000000000e+05 
9.00677200902927e+00 1.00000000000000e+05 
9.16478555304733e+00 1.00000000000000e+05 
9.32279909706538e+00 1.00000000000000e+05 
9.48081264108344e+00 1.00000000000000e+05 
9.63882618510150e+00 1.00000000000000e+05 
9.79683972911955e+00 1.00000000000000e+05 
9.95485327313761e+00 1.00000000000000e+05 
1.01128668171557e+01 1.00000000000000e+05 
1.02708803611737e+01 1.00000000000000e+05 
1.04288939051918e+01 1.00000000000000e+05 
1.05869074492098e+01 1.00000000000000e+05 
1.07449209932279e+01 1.00000000000000e+05 
1.09029345372459e+01 1.00000000000000e+05 
1.10609480812640e+01 1.00000000000000e+05 
1.12189616252821e+01 1.00000000000000e+05 
1.13769751693001e+01 1.00000000000000e+05 
1.15349887133182e+01 1.00000000000000e+05 
1.16930022573362e+01 1.00000000000000e+05 
1.18510158013543e+01 1.00000000000000e+05 
1.20090293453723e+01 1.00000000000000e+05 
1.21670428893904e+01 1.00000000000000e+05 
1.23250564334084e+01 1.00000000000000e+05 
1.24830699774265e+01 1.00000000000000e+05 
1.26410835214446e+01 1.00000000000000e+05 
1.27990970654626e+01 1.00000000000000e+05 
1.29571106094807e+01 1.00000000000000e+05 
1.31151241534987e+01 1.00000000000000e+05 
1.32731376975168e+01 1.00000000000000e+05 
1.34311512415348e+01 1.00000000000000e+05 
1.35891647855529e+01 1.00000000000000e+05 
1.37471783295709e+01 1.00000000000000e+05 
1.39051918735890e+01 1.00000000000000e+05 
1.40632054176071e+01 1.00000000000000e+05 
1.42212189616251e+01 1.00000000000000e+05 
1.43792325056432e+01 1.00000000000000e+05 
1.45372460496612e+01 1.00000000000000e+05 
1.46952595936793e+01 1.00000000000000e+05 
1.48532731376973e+01 1.00000000000000e+05 
1.50112866817154e+01 1.00000000000000e+05 
1.51693002257334e+01 1.00000000000000e+05 
1.53273137697515e+01 1.00000000000000e+05 
1.54853273137695e+01 1.00000000000000e+05 
1.56433408577876e+01 1.00000000000000e+05 
1.58013544018057e+01 1.00000000000000e+05 
1.59593679458237e+01 1.00000000000000e+05 
1.61173814898418e+01 1.00000000000000e+05 
1.62753950338598e+01 1.00000000000000e+05 
1.64334085778779e+01 1.00000000000000e+05 
1.65914221218959e+01 1.00000000000000e+05 
1.67494356659140e+01 1.00000000000000e+05 
1.69074492099320e+01 1.00000000000000e+05 
1.70654627539501e+01 1.00000000000000e+05 
1.72234762979681e+01 1.00000000000000e+05 
1.73814898419862e+01 1.00000000000000e+05 
1.75395033860043e+01 1.00000000000000e+05 
1.76975169300223e+01 1.00000000000000e+05 
1.78555304740404e+01 1.00000000000000e+05 
1.80135440180584e+01 1.00000000000000e+05 
1.81715575620765e+01 1.00000000000000e+05 
1.83295711060945e+01 1.00000000000000e+05 
1.84875846501126e+01 1.00000000000000e+05 
1.86455981941306e+01 1.00000000000000e+05 
1.88036117381487e+01 1.00000000000000e+05 
1.89616252821667e+01 1.00000000000000e+05 
1.91196388261848e+01 1.00000000000000e+05 
1.92776523702028e+01 1.00000000000000e+05 
1.94356659142209e+01 1.00000000000000e+05 
1.95936794582390e+01 1.00000000000000e+05 
1.97516930022570e+01 1.00000000000000e+05 
1.99097065462751e+01 1.00000000000000e+05 
2.00677200902931e+01 1.00000000000000e+05 
2.02257336343112e+01 1.00000000000000e+05 
2.03837471783292e+01 1.00000000000000e+05 
2.05417607223473e+01 1.00000000000000e+05 
2.06997742663653e+01 1.00000000000000e+05 
2.08577878103834e+01 1.00000000000000e+05 
2.10158013544014e+01 1.00000000000000e+05 
2.11738148984195e+01 1.00000000000000e+05 
2.13318284424376e+01 1.00000000000000e+05 
2.14898419864556e+01 1.00000000000000e+05 
2.16478555304737e+01 1.00000000000000e+05 
2.18058690744917e+01 1.00000000000000e+05 
2.19638826185098e+01 1.00000000000000e+05 
2.21218961625278e+01 1.00000000000000e+05 
2.22799097065459e+01 1.00000000000000e+05 
2.24379232505639e+01 1.00000000000000e+05 
2.25959367945820e+01 1.00000000000000e+05 
2.27539503386000e+01 1.00000000000000e+05 
2.29119638826181e+01 1.00000000000000e+05 
2.30699774266361e+01 1.00000000000000e+05 
2.32279909706542e+01 1.00000000000000e+05 
2.33860045146723e+01 1.00000000000000e+05 
2.35440180586903e+01 1.00000000000000e+05 
2.37020316027084e+01 1.00000000000000e+05 
2.38600451467264e+01 1.00000000000000e+05 
2.40180586907445e+01 1.00000000000000e+05 
2.41760722347625e+01 1.00000000000000e+05 
2.43340857787806e+01 1.00000000000000e+05 
2.44920993227986e+01 1.00000000000000e+05 
2.46501128668167e+01 1.00000000000000e+05 
2.48081264108347e+01 1.00000000000000e+05 
2.49661399548528e+01 1.00000000000000e+05 
2.51241534988708e+01 1.00000000000000e+05 
2.52821670428889e+01 1.00000000000000e+05 
2.54401805869069e+01 1.00000000000000e+05 
2.55981941309250e+01 1.00000000000000e+05 
2.57562076749430e+01 1.00000000000000e+05 
2.59142212189611e+01 1.00000000000000e+05 
2.60722347629791e+01 1.00000000000000e+05 
2.62302483069972e+01 1.00000000000000e+05 
2.63882618510153e+01 1.00000000000000e+05 
2.65462753950333e+01 1.00000000000000e+05 
2.67042889390514e+01 1.00000000000000e+05 
2.68623024830694e+01 1.00000000000000e+05 
2.70203160270875e+01 1.00000000000000e+05 
2.71783295711055e+01 1.00000000000000e+05 
2.73363431151236e+01 1.00000000000000e+05 
2.74943566591416e+01 1.00000000000000e+05 
2.76523702031597e+01 1.00000000000000e+05 
2.78103837471777e+01 1.00000000000000e+05 
2.79683972911958e+01 1.00000000000000e+05 
2.81264108352138e+01 1.00000000000000e+05 
2.82844243792319e+01 1.00000000000000e+05 
2.84424379232499e+01 1.00000000000000e+05 
2.86004514672680e+01 1.00000000000000e+05 
2.87584650112860e+01 1.00000000000000e+05 
2.89164785553041e+01 1.00000000000001e+05 
2.90744920993221e+01 1.00000000000013e+05 
2.92325056433402e+01 1.00000000000053e+05 
2.93905191873582e+01 1.00000000000138e+05 
2.95485327313763e+01 1.00000000000246e+05 
2.97065462753943e+01 1.00000000000976e+05 
2.98645598194124e+01 1.00000000011814e+05 
3.00225733634304e+01 1.00000000207654e+05 
3.01805869074485e+01 1.00000000489449e+05 
3.03386004514665e+01 1.00000000727252e+05 
3.04966139954843e+01 1.00000001108748e+05 
3.06546275395003e+01 1.00000001851095e+05 
3.08126410834971e+01 1.00000002908853e+05 
3.09706546272957e+01 1.00000004471576e+05 
3.11286681708936e+01 1.00000006417452e+05 
3.12866817143274e+01 1.00000009530779e+05 
3.14446952574723e+01 1.00000015004767e+05 
3.16027088001674e+01 1.00000024809630e+05 
3.17607223421364e+01 1.00000038876393e+05 
3.19187358832495e+01 1.00000057568981e+05 
3.20767494226194e+01 1.00000081207282e+05 
3.22347629599941e+01 1.00000116421597e+05 
3.23927764943706e+01 1.00000171452067e+05 
3.25507900239423e+01 1.00000257752498e+05 
3.27088035457829e+01 1.00000373608198e+05 
3.28668170595274e+01 1.00000522683505e+05 
3.30248305599181e+01 1.00000707597432e+05 
3.31828440425992e+01 1.00000960263004e+05 
3.33408575031136e+01 1.00001308335175e+05 
3.34988709293862e+01 1.00001777809376e+05 
3.36568843063214e+01 1.00002337189420e+05 
3.38148976325709e+01 1.00002979488056e+05 
3.39729108878444e+01 1.00003690696852e+05 
3.41309240403887e+01 1.00004515580397e+05 
3.42889370834585e+01 1.00005480233902e+05 
3.44469499667095e+01 1.00006576654811e+05 
3.46049626416154e+01 1.00007712086013e+05 
3.47629751094123e+01 1.00008847512864e+05 
3.49209873220811e+01 1.00009955404469e+05 
3.50789991793260e+01 1.00011052980517e+05 
3.52370106929348e+01 1.00012179365337e+05 
3.53950217552060e+01 1.00013298002672e+05 
3.55530322801683e+01 1.00014327688357e+05 
3.57110422484800e+01 1.00015233765514e+05 
3.58690516557028e+01 1.00015994543437e+05 
3.60270604042267e+01 1.00016602718298e+05 
3.61850684108629e+01 1.00017126972114e+05 
3.63430757025597e+01 1.00017535645454e+05 
3.65010821998343e+01 1.00017800861229e+05 
3.66590879149553e+01 1.00017907843633e+05 
3.68170929429180e+01 1.00017831513761e+05 
3.69750972659910e+01 1.00017572547152e+05 
3.71331008599683e+01 1.00017203866120e+05 
3.72911038794230e+01 1.00016709129564e+05 
3.74491063311914e+01 1.00016098543067e+05 
3.76071083058444e+01 1.00015360503521e+05 
3.77651096857588e+01 1.00014445531466e+05 
3.79231104073047e+01 1.00013352077456e+05 
3.80811109502943e+01 1.00012140457414e+05 
3.82391112062999e+01 1.00010822609589e+05 
3.83971111660317e+01 1.00009455584425e+05 
3.85551109656345e+01 1.00008033152382e+05 
3.87131105571401e+01 1.00006490877854e+05 
3.88711098652798e+01 1.00004830303692e+05 
3.90291090063081e+01 1.00003089600322e+05 
3.91871079803516e+01 1.00001308709928e+05 
3.93451069164122e+01 9.99995770459711e+04 
3.95031056072435e+01 9.99978924344537e+04 
3.96611044176520e+01 9.99961886002688e+04 
3.98191030871787e+01 9.99944652367745e+04 
3.99771018088401e+01 9.99927299093558e+04 
4.01351007074698e+01 9.99910383412452e+04 
4.02930997022155e+01 9.99894889356523e+04 
4.04510986021552e+01 9.99880936820565e+04 
4.06090971618161e+01 9.99867996762494e+04 
4.07670958737284e+01 9.99856124233615e+04 
4.09250951708767e+01 9.99844948462424e+04 
4.10830945501286e+01 9.99835094914933e+04 
4.12410939472816e+01 9.99827422049797e+04 
4.13990933807653e+01 9.99821963935542e+04 
4.15570928592266e+01 9.99818435821868e+04 
4.17150923413803e+01 9.99816879706270e+04 
4.18730918618998e+01 9.99816517038062e+04 
4.20310913871491e+01 9.99817703831604e+04 
4.21890909437351e+01 9.99820659140262e+04 
4.23470905543198e+01 9.99825369470564e+04 
4.25050902256413e+01 9.99832081770201e+04 
4.26630899184684e+01 9.99840896459727e+04 
4.28210896745392e+01 9.99851114760375e+04 
4.29790892602239e+01 9.99862816909320e+04 
4.31370888188632e+01 9.99875609522759e+04 
4.32950884109090e+01 9.99889375491819e+04 
4.34530877023690e+01 9.99904632422549e+04 
4.36110866376294e+01 9.99921397479825e+04 
4.37690854724754e+01 9.99939078172150e+04 
4.39270845035842e+01 9.99957391155220e+04 
4.40850833364672e+01 9.99975639790336e+04 
4.42430820276957e+01 9.99993718238005e+04 
4.44010804989590e+01 1.00001245997957e+05 
4.45590788134630e+01 1.00003166379613e+05 
4.47170770655565e+01 1.00005100999533e+05 
4.48750752148097e+01 1.00006996006706e+05 
4.50330732938293e+01 1.00008755401707e+05 
4.51910713795358e+01 1.00010371004719e+05 
4.53490693983586e+01 1.00011919189486e+05 
4.55070674106562e+01 1.00013384129244e+05 
4.56650653676240e+01 1.00014773444963e+05 
4.58230631625694e+01 1.00016012334713e+05 
4.59810608096228e+01 1.00017019112187e+05 
4.61390583312556e+01 1.00017788642091e+05 
4.62970557728472e+01 1.00018373841690e+05 
4.64550531385988e+01 1.00018748124085e+05 
4.66130504658573e+01 1.00018963402967e+05 
4.67710476910669e+01 1.00018967354955e+05 
4.69290448370875e+01 1.00018744230560e+05 
4.70870418817074e+01 1.00018295711298e+05 
4.72450388394929e+01 1.00017631231148e+05 
4.74030357844738e+01 1.00016730115170e+05 
4.75610327369803e+01 1.00015654061354e+05 
4.77190296641417e+01 1.00014385371393e+05 
4.78770265567167e+01 1.00012974647189e+05 
4.80350232907807e+01 1.00011432828342e+05 
4.81930199724646e+01 1.00009737406719e+05 
4.83510166821919e+01 1.00007887290225e+05 
4.85090134340476e+01 1.00005930728112e+05 
4.86670101864053e+01 1.00003892092312e+05 
4.88250069367958e+01 1.00001856161264e+05 
4.89830037017608e+01 9.99998308771910e+04 
4.91410003791622e+01 9.99977555038566e+04 
4.92989969712441e+01 9.99956423531185e+04 
4.94569936135427e+01 9.99935040967545e+04 
4.96149902571749e+01 9.99913991354192e+04 
4.97729869349215e+01 9.99894400947528e+04 
4.99309836461128e+01 9.99876294137822e+04 
5.00889804092298e+01 9.99858974463558e+04 
5.02469772586986e+01 9.99842538546180e+04 
5.04049742099479e+01 9.99826761272003e+04 
5.05629710368897e+01 9.99812312121962e+04 
5.07209677221875e+01 9.99800136095852e+04 
5.08789643925024e+01 9.99790227754456e+04 
5.10369611214738e+01 9.99782196781010e+04 
5.11949579837573e+01 9.99776259563335e+04 
5.13529549196390e+01 9.99771710409799e+04 
5.15109519220113e+01 9.99769073579326e+04 
5.16689490194469e+01 9.99768653342151e+04 
5.18269461871349e+01 9.99770463749466e+04 
5.19849434232851e+01 9.99774505797430e+04 
5.21429407955823e+01 9.99780857653610e+04 
5.23009380095267e+01 9.99788727320121e+04 
5.24589351151370e+01 9.99798470203418e+04 
5.26169322605497e+01 9.99809849540831e+04 
5.27749294397864e+01 9.99822806826148e+04 
5.29329267403186e+01 9.99837850813490e+04 
5.30909241439174e+01 9.99854985455807e+04 
5.32489216473604e+01 9.99873429872569e+04 
5.34069192807000e+01 9.99893009282273e+04 
5.35649170063727e+01 9.99913013589596e+04 
5.37229148023365e+01 9.99933342901826e+04 
5.38809127246988e+01 9.99954774060896e+04 
5.40389107877367e+01 9.99977219393230e+04 
5.41969089517492e+01 1.00000011110036e+05 
5.43549072484630e+01 1.00002281003244e+05 
5.45129054270051e+01 1.00004415285967e+05 
5.46709034516164e+01 1.00006419228148e+05 
5.48289014795824e+01 1.00008393404169e+05 
5.49868996507851e+01 1.00010311193571e+05 
5.51448978880694e+01 1.00012159864520e+05 
5.53028962526066e+01 1.00013863512930e+05 
5.54608947556885e+01 1.00015329212872e+05 
5.56188933188464e+01 1.00016564237884e+05 
5.57768920070724e+01 1.00017644741905e+05 
5.59348908650161e+01 1.00018538995372e+05 
5.60928898167026e+01 1.00019279615127e+05 
5.62508889037190e+01 1.00019804898513e+05 
5.64088881394332e+01 1.00020069656510e+05 
5.65668874484921e+01 1.00020088990428e+05 
5.67248868836807e+01 1.00019905103241e+05 
5.68828864893542e+01 1.00019514001607e+05 
5.70408861960338e+01 1.00018978308068e+05 
5.71988860391269e+01 1.00018266442423e+05 
5.73568857825965e+01 1.00017389900669e+05 
5.75148854374958e+01 1.00016366043192e+05 
5.76728851158728e+01 1.00015184027914e+05 
5.78308849012099e+01 1.00013843616501e+05 
5.79888847480601e+01 1.00012417697614e+05 
5.81468847532464e+01 1.00010909585548e+05 
5.83048848708051e+01 1.00009372484634e+05 
5.84628851001882e+01 1.00007809521297e+05 
5.86208854661624e+01 1.00006152333540e+05 
5.87788859510897e+01 1.00004391994144e+05 
5.89368865555350e+01 1.00002582692222e+05 
5.90948872830377e+01 1.00000744610937e+05 
5.92528880864323e+01 9.99989597704725e+04 
5.94108889302507e+01 9.99972086239497e+04 
5.95688898327881e+01 9.99954062896542e+04 
5.97268908041111e+01 9.99935583701656e+04 
5.98848918003332e+01 9.99916639679279e+04 
6.00428928680254e+01 9.99897853131701e+04 
6.02008940796456e+01 9.99880396922882e+04 
6.03588954725139e+01 9.99864301952995e+04 
6.05168971072922e+01 9.99848896916758e+04 
6.06748990531746e+01 9.99834343257122e+04 
6.08329010433522e+01 9.99820299657253e+04 
6.09909029438758e+01 9.99807568432263e+04 
6.11489044805151e+01 9.99797124763775e+04 
6.13069057727749e+01 9.99789039138308e+04 
6.14649070351632e+01 9.99782878919435e+04 
6.16229081384915e+01 9.99778811672005e+04 
6.17809092441211e+01 9.99775954102570e+04 
6.19389101339700e+01 9.99774988349417e+04 
6.20969109801752e+01 9.99776185164247e+04 
6.22549119387378e+01 9.99779618113314e+04 
6.24129129488496e+01 9.99785434410681e+04 
6.25709138861800e+01 9.99793894157129e+04 
6.27289151983368e+01 9.99804192778844e+04 
6.28869165870729e+01 9.99816517194094e+04 
6.30449181597254e+01 9.99830406097598e+04 
6.32029200758520e+01 9.99845712282073e+04 
6.33609221827735e+01 9.99863112931512e+04 
6.35189242560073e+01 9.99882669650387e+04 
6.36769260693996e+01 9.99903615570388e+04 
6.38349281051127e+01 9.99925619328684e+04 
6.39929298098694e+01 9.99947672746467e+04 
6.41509316615666e+01 9.99969728801777e+04 
6.43089337942408e+01 9.99992425630565e+04 
6.44669357869463e+01 1.00001582916070e+05 
6.46249374433373e+01 1.00003944033015e+05 
6.47829389136374e+01 1.00006254459366e+05 
6.49409399663625e+01 1.00008397763923e+05 
6.50989409632269e+01 1.00010363320152e+05 
6.52569421377169e+01 1.00012242936906e+05 
6.54149430085585e+01 1.00014020077962e+05 
6.55729437641150e+01 1.00015703061830e+05 
6.57309443638751e+01 1.00017219729090e+05 
6.58889448714392e+01 1.00018490017676e+05 
6.60469454271883e+01 1.00019505727785e+05 
6.62049458871531e+01 1.00020327739712e+05 
6.63629460911794e+01 1.00020931620006e+05 
6.65209461944869e+01 1.00021385817923e+05 
6.66789460139657e+01 1.00021645503220e+05 
6.68369454321013e+01 1.00021681619566e+05 
6.69949447414460e+01 1.00021492746728e+05 
6.71529441536746e+01 1.00021076548724e+05 
6.73109433241402e+01 1.00020425703289e+05 
6.74689424701647e+01 1.00019583934049e+05 
6.76269417991850e+01 1.00018550094096e+05 
6.77849410142811e+01 1.00017348536962e+05 
6.79429404441664e+01 1.00015989575970e+05 
6.81009399323400e+01 1.00014433942026e+05 
6.82589394467423e+01 1.00012669413441e+05 
6.84169390831585e+01 1.00010755772675e+05 
6.85749387125848e+01 1.00008713584138e+05 
6.87329381770452e+01 1.00006619930467e+05 
6.88909376719355e+01 1.00004491350943e+05 
6.90489371579850e+01 1.00002252391116e+05 
6.92069365995741e+01 9.99999052872982e+04 
6.93649360510441e+01 9.99974932134563e+04 
6.95229353740816e+01 9.99950760055167e+04 
6.96809345840638e+01 9.99927676731697e+04 
6.98389340499524e+01 9.99905813739587e+04 
6.99969337688401e+01 9.99884366469901e+04 
7.01549335087798e+01 9.99863540048548e+04 
7.03129334087804e+01 9.99843181893925e+04 
7.04709333808406e+01 9.99824007225213e+04 
7.06289333787524e+01 9.99807064508929e+04 
7.07869336204822e+01 9.99792520570926e+04 
7.09449340672215e+01 9.99779848783933e+04 
7.11029345997939e+01 9.99769215258865e+04 
7.12609350713582e+01 9.99760127588139e+04 
7.14189347160093e+01 9.99753189626666e+04 
7.15769336370085e+01 9.99748849314806e+04 
7.17349322495437e+01 9.99747219901630e+04 
7.18929307461385e+01 9.99748092422375e+04 
7.20509289766604e+01 9.99751611451610e+04 
7.22089272661357e+01 9.99756929955770e+04 
7.23669254718874e+01 9.99764436720801e+04 
7.25249235776293e+01 9.99773990250881e+04 
7.26829219494500e+01 9.99785547780322e+04 
7.28409203727508e+01 9.99799475022516e+04 
7.29989186538633e+01 9.99816009252390e+04 
7.31569171184710e+01 9.99834303191964e+04 
7.33149154807419e+01 9.99854211028585e+04 
7.34729138742871e+01 9.99874992430106e+04 
7.36309123482416e+01 9.99896476149884e+04 
7.37889111043111e+01 9.99919443346301e+04 
7.39469098644377e+01 9.99943796298441e+04 
7.41049087471577e+01 9.99968978086747e+04 
7.42629075233993e+01 9.99994327822678e+04 
7.44209062786759e+01 1.00001858745759e+05 
7.45789051660299e+01 1.00004176969573e+05 
7.47369040521852e+01 1.00006480871072e+05 
7.48949026971529e+01 1.00008744025278e+05 
7.50529013271319e+01 1.00010955470830e+05 
7.52109000002093e+01 1.00013036607254e+05 
7.53688985762336e+01 1.00014889837421e+05 
7.55268972581844e+01 1.00016506277219e+05 
7.56848960103278e+01 1.00017967938487e+05 
7.58428947255754e+01 1.00019238470687e+05 
7.60008936594136e+01 1.00020356472271e+05 
7.61588924322546e+01 1.00021249232856e+05 
7.63168911638559e+01 1.00021871294123e+05 
7.64748900450755e+01 1.00022217100932e+05 
7.66328890548658e+01 1.00022341207355e+05 
7.67908878834910e+01 1.00022222375846e+05 
7.69488867890563e+01 1.00021928284935e+05 
7.71068856575359e+01 1.00021421874691e+05 
7.72648846605642e+01 1.00020701652278e+05 
7.74228838477881e+01 1.00019777079145e+05 
7.75808832323467e+01 1.00018633759104e+05 
7.77388824246277e+01 1.00017261366188e+05 
7.78968816322887e+01 1.00015726644848e+05 
7.80548807011359e+01 1.00014039235354e+05 
7.82128796943324e+01 1.00012253621618e+05 
7.83708787081097e+01 1.00010377979398e+05 
7.85288777862713e+01 1.00008344740269e+05 
7.86868768060587e+01 1.00006162745565e+05 
7.88448759839678e+01 1.00003879745569e+05 
7.90028750293676e+01 1.00001550008378e+05 
7.91608740579794e+01 9.99992795739519e+04 
7.93188731240776e+01 9.99970718305434e+04 
7.94768722866737e+01 9.99948302229911e+04 
7.96348714744995e+01 9.99925782355364e+04 
7.97928707841639e+01 9.99903277507121e+04 
7.99508700431175e+01 9.99881463673786e+04 
8.01088692532010e+01 9.99861507361846e+04 
8.02668685571017e+01 9.99843477094434e+04 
8.04248679221742e+01 9.99826647953331e+04 
8.05828672895297e+01 9.99811194570876e+04 
8.07408668401889e+01 9.99796682864061e+04 
8.08988663183940e+01 9.99783855998996e+04 
8.10568658136689e+01 9.99773577781292e+04 
8.12148653641856e+01 9.99766091090229e+04 
8.13728650602450e+01 9.99760843324278e+04 
8.15308647094415e+01 9.99758027577868e+04 
8.16888645412167e+01 9.99756756024296e+04 
8.18468642992061e+01 9.99757507773739e+04 
8.20048640365115e+01 9.99760493799824e+04 
8.21628638878385e+01 9.99765807617731e+04 
8.23208638447879e+01 9.99773598254896e+04 
8.24788638290085e+01 9.99784089428531e+04 
8.26368639316287e+01 9.99796418006520e+04 
8.27948639928999e+01 9.99810695751938e+04 
8.29528640097892e+01 9.99826489284032e+04 
8.31108641257694e+01 9.99843682215056e+04 
8.32688643339817e+01 9.99862719163012e+04 
8.34268645003396e+01 9.99883800391321e+04 
8.35848648702901e+01 9.99906163087597e+04 
8.37428651207969e+01 9.99929373615849e+04 
8.39008653577218e+01 9.99952513312640e+04 
8.40588656514321e+01 9.99975457126480e+04 
8.42168660797810e+01 9.99999087073633e+04 
8.43748664504764e+01 1.00002317599283e+05 
8.45328669632765e+01 1.00004742783599e+05 
8.46908673910183e+01 1.00007114776922e+05 
8.48488677558302e+01 1.00009312339760e+05 
8.50068682338221e+01 1.00011331450239e+05 
8.51648687934220e+01 1.00013261433077e+05 
8.53228693020651e+01 1.00015080115595e+05 
8.54808699523303e+01 1.00016809073974e+05 
8.56388704750119e+01 1.00018375946536e+05 
8.57968709951201e+01 1.00019694835597e+05 
8.59548715414848e+01 1.00020756537670e+05 
8.61128721364377e+01 1.00021616799345e+05 
8.62708727179347e+01 1.00022253720570e+05 
8.64288733473842e+01 1.00022732000990e+05 
8.65868739800674e+01 1.00023008444061e+05 
8.67448745080638e+01 1.00023054697951e+05 
8.69028751837753e+01 1.00022862673324e+05 
8.70608758960404e+01 1.00022442934327e+05 
8.72188765860811e+01 1.00021773279632e+05 
8.73768773582707e+01 1.00020938424394e+05 
8.75348780012508e+01 1.00019911007098e+05 
8.76928786004829e+01 1.00018715490812e+05 
8.78508792441084e+01 1.00017358968625e+05 
8.80088800434000e+01 1.00015812678549e+05 
8.81668806916759e+01 1.00014060691310e+05 
8.83248814855233e+01 1.00012175901800e+05 
8.84828821285871e+01 1.00010185466588e+05 
8.86408826913246e+01 1.00008153585785e+05 
8.87988833442697e+01 1.00006088506664e+05 
8.89568840341034e+01 1.00003908714626e+05 
8.91148847006716e+01 1.00001633074834e+05 
8.92728853750260e+01 9.99992887476850e+04 
8.94308859501744e+01 9.99969422865623e+04 
8.95888863918260e+01 9.99946994343889e+04 
8.97468869365088e+01 9.99925640004781e+04 
8.99048875615784e+01 9.99904420480940e+04 
9.00628880436466e+01 9.99883626989268e+04 
9.02208886930447e+01 9.99863255768854e+04 
9.03788890986989e+01 9.99844008668516e+04 
9.05368894584843e+01 9.99826899575349e+04 
9.06948898189981e+01 9.99812029096897e+04 
9.08528902524989e+01 9.99798734569237e+04 
9.10108905775425e+01 9.99787278115259e+04 
9.11688909467955e+01 9.99777195733054e+04 
9.13268912145514e+01 9.99769202188485e+04 
9.14848913158008e+01 9.99763787004220e+04 
9.16428915822170e+01 9.99760959356454e+04 
9.18008918169298e+01 9.99760394393920e+04 
9.19588919708743e+01 9.99762334395486e+04 
9.21168922103786e+01 9.99765903958862e+04 
9.22748922710947e+01 9.99771554135731e+04 
9.24328922715071e+01 9.99779291106067e+04 
9.25908922911711e+01 9.99789131581500e+04 
9.27488924135160e+01 9.99801236417112e+04 
9.29068924081221e+01 9.99815982012105e+04 
9.30648924455409e+01 9.99832366051912e+04 
9.32228924177697e+01 9.99850455101758e+04 
9.33808923174738e+01 9.99869600454978e+04 
9.35388923127242e+01 9.99889643659255e+04 
9.36968923560327e+01 9.99911269489747e+04 
9.38548923989902e+01 9.99934490062058e+04 
9.40128924384549e+01 9.99958630211526e+04 
9.41708924405656e+01 9.99982998325786e+04 
9.43288923108054e+01 1.00000658181289e+05 
9.44868920599109e+01 1.00002930103999e+05 
9.46448916529606e+01 1.00005220077071e+05 
9.48028916076712e+01 1.00007492065092e+05 
9.49608914944496e+01 1.00009729529637e+05 
9.51188913057259e+01 1.00011863119886e+05 
9.52768912337209e+01 1.00013789949161e+05 
9.54348911411694e+01 1.00015499800216e+05 
9.55928911756063e+01 1.00017077026622e+05 
9.57508910635802e+01 1.00018489598875e+05 
9.59088910424678e+01 1.00019770915560e+05 
9.60668908867435e+01 1.00020842647287e+05 
9.62248906047757e+01 1.00021649754663e+05 
9.63828904827730e+01 1.00022187539986e+05 
9.65408903462501e+01 1.00022510210198e+05 
9.66988901623332e+01 1.00022595203777e+05 
9.68568900168082e+01 1.00022515600995e+05 
9.70148897240250e+01 1.00022230057095e+05 
9.71728892944551e+01 1.00021726730354e+05 
9.73308889047403e+01 1.00021007240788e+05 
9.74888886147520e+01 1.00020068875529e+05 
9.76468881266289e+01 1.00018892139409e+05 
9.78048877845412e+01 1.00017558313080e+05 
9.79628871957190e+01 1.00016057207027e+05 
9.81208865399089e+01 1.00014436736461e+05 
9.82788858937054e+01 1.00012708365138e+05 
9.84368853019583e+01 1.00010821547674e+05 
9.85948846206375e+01 1.00008766033400e+05 
9.87528839618249e+01 1.00006605687793e+05 
9.89108832001843e+01 1.00004380308540e+05 
9.90688822583182e+01 1.00002183529339e+05 
9.92268814607112e+01 1.00000022799471e+05 
9.93848806720824e+01 9.99977996091736e+04 
9.95428797821141e+01 9.99955372582510e+04 
9.97008790097915e+01 9.99932642709268e+04 
9.98588780603129e+01 9.99910389950932e+04 
1.00016877088879e+02 9.99889749620773e+04 
