# Liste des scalaires : TEMPS pmat 
0.00000000000000e+00 1.00000000000000e+05 
1.58013544018059e-01 1.00000000000000e+05 
3.16027088036117e-01 1.00000000000000e+05 
4.74040632054176e-01 1.00000000000000e+05 
6.32054176072234e-01 1.00000000000000e+05 
7.90067720090293e-01 1.00000000000000e+05 
9.48081264108351e-01 1.00000000000000e+05 
1.10609480812641e+00 1.00000000000000e+05 
1.26410835214447e+00 1.00000000000000e+05 
1.42212189616253e+00 1.00000000000000e+05 
1.58013544018058e+00 1.00000000000000e+05 
1.73814898419864e+00 1.00000000000000e+05 
1.89616252821670e+00 1.00000000000000e+05 
2.05417607223476e+00 1.00000000000000e+05 
2.21218961625282e+00 1.00000000000000e+05 
2.37020316027087e+00 1.00000000000000e+05 
2.52821670428893e+00 1.00000000000000e+05 
2.68623024830699e+00 1.00000000000000e+05 
2.84424379232505e+00 1.00000000000000e+05 
3.00225733634311e+00 1.00000000000000e+05 
3.16027088036116e+00 1.00000000000000e+05 
3.31828442437922e+00 1.00000000000000e+05 
3.47629796839728e+00 1.00000000000000e+05 
3.63431151241534e+00 1.00000000000000e+05 
3.79232505643340e+00 1.00000000000000e+05 
3.95033860045145e+00 1.00000000000000e+05 
4.10835214446951e+00 1.00000000000000e+05 
4.26636568848757e+00 1.00000000000000e+05 
4.42437923250563e+00 1.00000000000000e+05 
4.58239277652368e+00 1.00000000000000e+05 
4.74040632054174e+00 1.00000000000000e+05 
4.89841986455980e+00 1.00000000000000e+05 
5.05643340857786e+00 1.00000000000000e+05 
5.21444695259591e+00 1.00000000000000e+05 
5.37246049661397e+00 1.00000000000000e+05 
5.53047404063203e+00 1.00000000000000e+05 
5.68848758465009e+00 1.00000000000000e+05 
5.84650112866814e+00 1.00000000000000e+05 
6.00451467268620e+00 1.00000000000000e+05 
6.16252821670426e+00 1.00000000000000e+05 
6.32054176072231e+00 1.00000000000000e+05 
6.47855530474037e+00 1.00000000000000e+05 
6.63656884875843e+00 1.00000000000000e+05 
6.79458239277648e+00 1.00000000000000e+05 
6.95259593679454e+00 1.00000000000000e+05 
7.11060948081260e+00 1.00000000000000e+05 
7.26862302483065e+00 1.00000000000000e+05 
7.42663656884871e+00 1.00000000000000e+05 
7.58465011286677e+00 1.00000000000000e+05 
7.74266365688483e+00 1.00000000000000e+05 
7.90067720090288e+00 1.00000000000000e+05 
8.05869074492094e+00 1.00000000000000e+05 
8.21670428893899e+00 1.00000000000000e+05 
8.37471783295705e+00 1.00000000000000e+05 
8.53273137697511e+00 1.00000000000000e+05 
8.69074492099316e+00 1.00000000000000e+05 
8.84875846501122e+00 1.00000000000000e+05 
9.00677200902927e+00 1.00000000000000e+05 
9.16478555304733e+00 1.00000000000000e+05 
9.32279909706538e+00 1.00000000000000e+05 
9.48081264108344e+00 1.00000000000000e+05 
9.63882618510150e+00 1.00000000000000e+05 
9.79683972911955e+00 1.00000000000000e+05 
9.95485327313761e+00 1.00000000000000e+05 
1.01128668171557e+01 1.00000000000000e+05 
1.02708803611737e+01 1.00000000000000e+05 
1.04288939051918e+01 1.00000000000000e+05 
1.05869074492098e+01 1.00000000000000e+05 
1.07449209932279e+01 1.00000000000000e+05 
1.09029345372459e+01 1.00000000000000e+05 
1.10609480812640e+01 1.00000000000000e+05 
1.12189616252821e+01 1.00000000000000e+05 
1.13769751693001e+01 1.00000000000000e+05 
1.15349887133182e+01 1.00000000000000e+05 
1.16930022573362e+01 1.00000000000000e+05 
1.18510158013543e+01 1.00000000000000e+05 
1.20090293453723e+01 1.00000000000000e+05 
1.21670428893904e+01 1.00000000000000e+05 
1.23250564334084e+01 1.00000000000000e+05 
1.24830699774265e+01 1.00000000000000e+05 
1.26410835214446e+01 1.00000000000000e+05 
1.27990970654626e+01 1.00000000000000e+05 
1.29571106094807e+01 1.00000000000000e+05 
1.31151241534987e+01 1.00000000000000e+05 
1.32731376975168e+01 1.00000000000000e+05 
1.34311512415348e+01 1.00000000000000e+05 
1.35891647855529e+01 1.00000000000000e+05 
1.37471783295709e+01 1.00000000000000e+05 
1.39051918735890e+01 1.00000000000000e+05 
1.40632054176071e+01 1.00000000000000e+05 
1.42212189616251e+01 1.00000000000000e+05 
1.43792325056432e+01 1.00000000000000e+05 
1.45372460496612e+01 1.00000000000000e+05 
1.46952595936793e+01 1.00000000000000e+05 
1.48532731376973e+01 1.00000000000000e+05 
1.50112866817154e+01 1.00000000000000e+05 
1.51693002257334e+01 1.00000000000000e+05 
1.53273137697515e+01 1.00000000000000e+05 
1.54853273137695e+01 1.00000000000000e+05 
1.56433408577876e+01 1.00000000000000e+05 
1.58013544018057e+01 1.00000000000000e+05 
1.59593679458237e+01 1.00000000000000e+05 
1.61173814898418e+01 1.00000000000000e+05 
1.62753950338598e+01 1.00000000000000e+05 
1.64334085778779e+01 1.00000000000000e+05 
1.65914221218959e+01 1.00000000000000e+05 
1.67494356659140e+01 1.00000000000000e+05 
1.69074492099320e+01 1.00000000000000e+05 
1.70654627539501e+01 1.00000000000000e+05 
1.72234762979681e+01 1.00000000000000e+05 
1.73814898419862e+01 1.00000000000000e+05 
1.75395033860043e+01 1.00000000000000e+05 
1.76975169300223e+01 1.00000000000000e+05 
1.78555304740404e+01 1.00000000000000e+05 
1.80135440180584e+01 1.00000000000000e+05 
1.81715575620765e+01 1.00000000000000e+05 
1.83295711060945e+01 1.00000000000000e+05 
1.84875846501126e+01 1.00000000000000e+05 
1.86455981941306e+01 1.00000000000000e+05 
1.88036117381487e+01 1.00000000000000e+05 
1.89616252821667e+01 1.00000000000000e+05 
1.91196388261848e+01 1.00000000000000e+05 
1.92776523702028e+01 1.00000000000000e+05 
1.94356659142209e+01 1.00000000000000e+05 
1.95936794582390e+01 1.00000000000000e+05 
1.97516930022570e+01 1.00000000000000e+05 
1.99097065462751e+01 1.00000000000000e+05 
2.00677200902931e+01 1.00000000000000e+05 
2.02257336343112e+01 1.00000000000000e+05 
2.03837471783292e+01 1.00000000000000e+05 
2.05417607223473e+01 1.00000000000000e+05 
2.06997742663653e+01 1.00000000000000e+05 
2.08577878103834e+01 1.00000000000000e+05 
2.10158013544014e+01 1.00000000000000e+05 
2.11738148984195e+01 1.00000000000000e+05 
2.13318284424376e+01 1.00000000000000e+05 
2.14898419864556e+01 1.00000000000000e+05 
2.16478555304737e+01 1.00000000000000e+05 
2.18058690744917e+01 1.00000000000000e+05 
2.19638826185098e+01 1.00000000000000e+05 
2.21218961625278e+01 1.00000000000000e+05 
2.22799097065459e+01 1.00000000000000e+05 
2.24379232505639e+01 1.00000000000000e+05 
2.25959367945820e+01 1.00000000000000e+05 
2.27539503386000e+01 1.00000000000000e+05 
2.29119638826181e+01 1.00000000000000e+05 
2.30699774266361e+01 1.00000000000000e+05 
2.32279909706542e+01 1.00000000000000e+05 
2.33860045146723e+01 1.00000000000000e+05 
2.35440180586903e+01 1.00000000000000e+05 
2.37020316027084e+01 1.00000000000000e+05 
2.38600451467264e+01 1.00000000000000e+05 
2.40180586907445e+01 1.00000000000000e+05 
2.41760722347625e+01 1.00000000000000e+05 
2.43340857787806e+01 1.00000000000000e+05 
2.44920993227986e+01 1.00000000000000e+05 
2.46501128668167e+01 1.00000000000000e+05 
2.48081264108347e+01 1.00000000000000e+05 
2.49661399548528e+01 1.00000000000000e+05 
2.51241534988708e+01 1.00000000000000e+05 
2.52821670428889e+01 1.00000000000000e+05 
2.54401805869069e+01 1.00000000000000e+05 
2.55981941309250e+01 1.00000000000000e+05 
2.57562076749430e+01 1.00000000000000e+05 
2.59142212189611e+01 1.00000000000000e+05 
2.60722347629791e+01 1.00000000000000e+05 
2.62302483069972e+01 1.00000000000000e+05 
2.63882618510153e+01 1.00000000000000e+05 
2.65462753950333e+01 1.00000000000000e+05 
2.67042889390514e+01 1.00000000000000e+05 
2.68623024830694e+01 1.00000000000000e+05 
2.70203160270875e+01 1.00000000000000e+05 
2.71783295711055e+01 1.00000000000000e+05 
2.73363431151236e+01 1.00000000000000e+05 
2.74943566591416e+01 1.00000000000000e+05 
2.76523702031597e+01 1.00000000000000e+05 
2.78103837471777e+01 1.00000000000000e+05 
2.79683972911958e+01 1.00000000000000e+05 
2.81264108352138e+01 1.00000000000000e+05 
2.82844243792319e+01 1.00000000000000e+05 
2.84424379232499e+01 1.00000000000000e+05 
2.86004514672680e+01 1.00000000000000e+05 
2.87584650112860e+01 1.00000000000000e+05 
2.89164785553041e+01 1.00000000000000e+05 
2.90744920993221e+01 1.00000000000000e+05 
2.92325056433402e+01 1.00000000000000e+05 
2.93905191873582e+01 1.00000000000000e+05 
2.95485327313763e+01 1.00000000000000e+05 
2.97065462753943e+01 1.00000000000000e+05 
2.98645598194124e+01 1.00000000000000e+05 
3.00225733634304e+01 1.00000000000000e+05 
3.01805869074485e+01 1.00000000000000e+05 
3.03386004514665e+01 1.00000000000000e+05 
3.04966139954843e+01 1.00000000000000e+05 
3.06546275395003e+01 1.00000000000000e+05 
3.08126410834971e+01 1.00000000000000e+05 
3.09706546272957e+01 1.00000000000000e+05 
3.11286681708936e+01 1.00000000000000e+05 
3.12866817143274e+01 1.00000000000000e+05 
3.14446952574723e+01 1.00000000000000e+05 
3.16027088001674e+01 1.00000000000000e+05 
3.17607223421364e+01 1.00000000000000e+05 
3.19187358832495e+01 1.00000000000001e+05 
3.20767494226194e+01 1.00000000000005e+05 
3.22347629599941e+01 1.00000000000032e+05 
3.23927764943706e+01 1.00000000000094e+05 
3.25507900239423e+01 1.00000000000270e+05 
3.27088035457829e+01 1.00000000001030e+05 
3.28668170595274e+01 1.00000000018906e+05 
3.30248305599181e+01 1.00000000229234e+05 
3.31828440425992e+01 1.00000000571529e+05 
3.33408575031136e+01 1.00000000989710e+05 
3.34988709293862e+01 1.00000001413042e+05 
3.36568843063214e+01 1.00000002081459e+05 
3.38148976325709e+01 1.00000003012478e+05 
3.39729108878444e+01 1.00000004325125e+05 
3.41309240403887e+01 1.00000006358564e+05 
3.42889370834585e+01 1.00000009463553e+05 
3.44469499667095e+01 1.00000013896130e+05 
3.46049626416154e+01 1.00000020307460e+05 
3.47629751094123e+01 1.00000028889848e+05 
3.49209873220811e+01 1.00000040012555e+05 
3.50789991793260e+01 1.00000056122607e+05 
3.52370106929348e+01 1.00000078798272e+05 
3.53950217552060e+01 1.00000109261360e+05 
3.55530322801683e+01 1.00000150559710e+05 
3.57110422484800e+01 1.00000202938967e+05 
3.58690516557028e+01 1.00000267177906e+05 
3.60270604042267e+01 1.00000353937189e+05 
3.61850684108629e+01 1.00000468284341e+05 
3.63430757025597e+01 1.00000612520371e+05 
3.65010821998343e+01 1.00000794015628e+05 
3.66590879149553e+01 1.00001010312115e+05 
3.68170929429180e+01 1.00001258783483e+05 
3.69750972659910e+01 1.00001567967591e+05 
3.71331008599683e+01 1.00001946512346e+05 
3.72911038794230e+01 1.00002389793991e+05 
3.74491063311914e+01 1.00002902100747e+05 
3.76071083058444e+01 1.00003468609487e+05 
3.77651096857588e+01 1.00004069072537e+05 
3.79231104073047e+01 1.00004744319884e+05 
3.80811109502943e+01 1.00005499840273e+05 
3.82391112062999e+01 1.00006313540405e+05 
3.83971111660317e+01 1.00007156246362e+05 
3.85551109656345e+01 1.00008004398217e+05 
3.87131105571401e+01 1.00008811949320e+05 
3.88711098652798e+01 1.00009599213236e+05 
3.90291090063081e+01 1.00010380335663e+05 
3.91871079803516e+01 1.00011140702669e+05 
3.93451069164122e+01 1.00011806605009e+05 
3.95031056072435e+01 1.00012373444130e+05 
3.96611044176520e+01 1.00012804988916e+05 
3.98191030871787e+01 1.00013085825322e+05 
3.99771018088401e+01 1.00013267686228e+05 
4.01351007074698e+01 1.00013393564640e+05 
4.02930997022155e+01 1.00013364452961e+05 
4.04510986021552e+01 1.00013195870331e+05 
4.06090971618161e+01 1.00012892926804e+05 
4.07670958737284e+01 1.00012418441713e+05 
4.09250951708767e+01 1.00011846821092e+05 
4.10830945501286e+01 1.00011253968406e+05 
4.12410939472816e+01 1.00010550549831e+05 
4.13990933807653e+01 1.00009747443839e+05 
4.15570928592266e+01 1.00008905486514e+05 
4.17150923413803e+01 1.00007952532508e+05 
4.18730918618998e+01 1.00006990391584e+05 
4.20310913871491e+01 1.00006076200389e+05 
4.21890909437351e+01 1.00005141827798e+05 
4.23470905543198e+01 1.00004183686681e+05 
4.25050902256413e+01 1.00003302671878e+05 
4.26630899184684e+01 1.00002437623066e+05 
4.28210896745392e+01 1.00001646099415e+05 
4.29790892602239e+01 1.00000933548774e+05 
4.31370888188632e+01 1.00000265761586e+05 
4.32950884109090e+01 9.99996356469449e+04 
4.34530877023690e+01 9.99991281506509e+04 
4.36110866376294e+01 9.99986673746047e+04 
4.37690854724754e+01 9.99982553533419e+04 
4.39270845035842e+01 9.99978506238001e+04 
4.40850833364672e+01 9.99974417658455e+04 
4.42430820276957e+01 9.99970469907087e+04 
4.44010804989590e+01 9.99967196603931e+04 
4.45590788134630e+01 9.99963602408619e+04 
4.47170770655565e+01 9.99959622607623e+04 
4.48750752148097e+01 9.99954856035259e+04 
4.50330732938293e+01 9.99949537330374e+04 
4.51910713795358e+01 9.99944231972487e+04 
4.53490693983586e+01 9.99939338343156e+04 
4.55070674106562e+01 9.99934209494873e+04 
4.56650653676240e+01 9.99928708467376e+04 
4.58230631625694e+01 9.99922640435359e+04 
4.59810608096228e+01 9.99916491709901e+04 
4.61390583312556e+01 9.99910986149386e+04 
4.62970557728472e+01 9.99906248441122e+04 
4.64550531385988e+01 9.99902083831585e+04 
4.66130504658573e+01 9.99898108921928e+04 
4.67710476910669e+01 9.99893983606983e+04 
4.69290448370875e+01 9.99890469314437e+04 
4.70870418817074e+01 9.99888080104296e+04 
4.72450388394929e+01 9.99886632228286e+04 
4.74030357844738e+01 9.99886244896641e+04 
4.75610327369803e+01 9.99886305142824e+04 
4.77190296641417e+01 9.99886218296459e+04 
4.78770265567167e+01 9.99886730341508e+04 
4.80350232907807e+01 9.99888306285860e+04 
4.81930199724646e+01 9.99890609490214e+04 
4.83510166821919e+01 9.99893967844650e+04 
4.85090134340476e+01 9.99897699617505e+04 
4.86670101864053e+01 9.99901305559811e+04 
4.88250069367958e+01 9.99905252376321e+04 
4.89830037017608e+01 9.99910056858624e+04 
4.91410003791622e+01 9.99915184733284e+04 
4.92989969712441e+01 9.99921138549436e+04 
4.94569936135427e+01 9.99927424225829e+04 
4.96149902571749e+01 9.99933778518179e+04 
4.97729869349215e+01 9.99940361981190e+04 
4.99309836461128e+01 9.99947623930934e+04 
5.00889804092298e+01 9.99954828752037e+04 
5.02469772586986e+01 9.99962619703304e+04 
5.04049742099479e+01 9.99970852693016e+04 
5.05629710368897e+01 9.99979229218868e+04 
5.07209677221875e+01 9.99987815749186e+04 
5.08789643925024e+01 9.99996698542839e+04 
5.10369611214738e+01 1.00000490502171e+05 
5.11949579837573e+01 1.00001323578136e+05 
5.13529549196390e+01 1.00002175311282e+05 
5.15109519220113e+01 1.00003040431031e+05 
5.16689490194469e+01 1.00003893574928e+05 
5.18269461871349e+01 1.00004733370890e+05 
5.19849434232851e+01 1.00005458498265e+05 
5.21429407955823e+01 1.00006136238943e+05 
5.23009380095267e+01 1.00006811513432e+05 
5.24589351151370e+01 1.00007482216352e+05 
5.26169322605497e+01 1.00008128532777e+05 
5.27749294397864e+01 1.00008724282737e+05 
5.29329267403186e+01 1.00009182556989e+05 
5.30909241439174e+01 1.00009545413050e+05 
5.32489216473604e+01 1.00009892368273e+05 
5.34069192807000e+01 1.00010222168519e+05 
5.35649170063727e+01 1.00010501094912e+05 
5.37229148023365e+01 1.00010669556871e+05 
5.38809127246988e+01 1.00010660189474e+05 
5.40389107877367e+01 1.00010512924326e+05 
5.41969089517492e+01 1.00010290528917e+05 
5.43549072484630e+01 1.00010019144318e+05 
5.45129054270051e+01 1.00009650553783e+05 
5.46709034516164e+01 1.00009129812903e+05 
5.48289014795824e+01 1.00008454407846e+05 
5.49868996507851e+01 1.00007644232150e+05 
5.51448978880694e+01 1.00006761173755e+05 
5.53028962526066e+01 1.00005861351000e+05 
5.54608947556885e+01 1.00004903793684e+05 
5.56188933188464e+01 1.00003860078177e+05 
5.57768920070724e+01 1.00002789503985e+05 
5.59348908650161e+01 1.00001663965025e+05 
5.60928898167026e+01 1.00000526909809e+05 
5.62508889037190e+01 9.99994366731488e+04 
5.64088881394332e+01 9.99983770614953e+04 
5.65668874484921e+01 9.99973368029334e+04 
5.67248868836807e+01 9.99963966444354e+04 
5.68828864893542e+01 9.99955018049104e+04 
5.70408861960338e+01 9.99946646364133e+04 
5.71988860391269e+01 9.99938976556959e+04 
5.73568857825965e+01 9.99932282698621e+04 
5.75148854374958e+01 9.99926980774488e+04 
5.76728851158728e+01 9.99923306598645e+04 
5.78308849012099e+01 9.99920471895294e+04 
5.79888847480601e+01 9.99918356475405e+04 
5.81468847532464e+01 9.99916606908605e+04 
5.83048848708051e+01 9.99915583573889e+04 
5.84628851001882e+01 9.99915607062677e+04 
5.86208854661624e+01 9.99916730163138e+04 
5.87788859510897e+01 9.99918463303467e+04 
5.89368865555350e+01 9.99920217794481e+04 
5.90948872830377e+01 9.99921658413829e+04 
5.92528880864323e+01 9.99923192136980e+04 
5.94108889302507e+01 9.99925524555546e+04 
5.95688898327881e+01 9.99928251653692e+04 
5.97268908041111e+01 9.99931440495254e+04 
5.98848918003332e+01 9.99934648616934e+04 
6.00428928680254e+01 9.99937753716553e+04 
6.02008940796456e+01 9.99941099954606e+04 
6.03588954725139e+01 9.99945522619848e+04 
6.05168971072922e+01 9.99950166756435e+04 
6.06748990531746e+01 9.99955446631282e+04 
6.08329010433522e+01 9.99960876211661e+04 
6.09909029438758e+01 9.99966338523667e+04 
6.11489044805151e+01 9.99972208064128e+04 
6.13069057727749e+01 9.99978845502723e+04 
6.14649070351632e+01 9.99985181538022e+04 
6.16229081384915e+01 9.99991796248273e+04 
6.17809092441211e+01 9.99998533153081e+04 
6.19389101339700e+01 1.00000503420380e+05 
6.20969109801752e+01 1.00001181117435e+05 
6.22549119387378e+01 1.00001859915666e+05 
6.24129129488496e+01 1.00002449185058e+05 
6.25709138861800e+01 1.00003009189639e+05 
6.27289151983368e+01 1.00003574681886e+05 
6.28869165870729e+01 1.00004084424650e+05 
6.30449181597254e+01 1.00004568587088e+05 
6.32029200758520e+01 1.00004979998182e+05 
6.33609221827735e+01 1.00005248239130e+05 
6.35189242560073e+01 1.00005434514339e+05 
6.36769260693996e+01 1.00005593043955e+05 
6.38349281051127e+01 1.00005693371239e+05 
6.39929298098694e+01 1.00005736933317e+05 
6.41509316615666e+01 1.00005669450231e+05 
6.43089337942408e+01 1.00005469861329e+05 
6.44669357869463e+01 1.00005173795140e+05 
6.46249374433373e+01 1.00004855928188e+05 
6.47829389136374e+01 1.00004519331171e+05 
6.49409399663625e+01 1.00004145783948e+05 
6.50989409632269e+01 1.00003685521617e+05 
6.52569421377169e+01 1.00003158110668e+05 
6.54149430085585e+01 1.00002587720933e+05 
6.55729437641150e+01 1.00002022697736e+05 
6.57309443638751e+01 1.00001472285246e+05 
6.58889448714392e+01 1.00000932078100e+05 
6.60469454271883e+01 1.00000346029632e+05 
6.62049458871531e+01 9.99997741241619e+04 
6.63629460911794e+01 9.99991984330509e+04 
6.65209461944869e+01 9.99986410033610e+04 
6.66789460139657e+01 9.99981146404850e+04 
6.68369454321013e+01 9.99976015852939e+04 
6.69949447414460e+01 9.99970847228818e+04 
6.71529441536746e+01 9.99966278134716e+04 
6.73109433241402e+01 9.99962036218484e+04 
6.74689424701647e+01 9.99957827872430e+04 
6.76269417991850e+01 9.99953979342177e+04 
6.77849410142811e+01 9.99950211150503e+04 
6.79429404441664e+01 9.99946927098096e+04 
6.81009399323400e+01 9.99944395458824e+04 
6.82589394467423e+01 9.99942332914837e+04 
6.84169390831585e+01 9.99940116639602e+04 
6.85749387125848e+01 9.99938321466149e+04 
6.87329381770452e+01 9.99936556490317e+04 
6.88909376719355e+01 9.99935514276662e+04 
6.90489371579850e+01 9.99935395825136e+04 
6.92069365995741e+01 9.99935540543736e+04 
6.93649360510441e+01 9.99935470751149e+04 
6.95229353740816e+01 9.99935673882398e+04 
6.96809345840638e+01 9.99936107901166e+04 
6.98389340499524e+01 9.99937659417218e+04 
6.99969337688401e+01 9.99939975592719e+04 
7.01549335087798e+01 9.99942740773469e+04 
7.03129334087804e+01 9.99945508657656e+04 
7.04709333808406e+01 9.99948507779249e+04 
7.06289333787524e+01 9.99952079951452e+04 
7.07869336204822e+01 9.99956593585206e+04 
7.09449340672215e+01 9.99961575899654e+04 
7.11029345997939e+01 9.99966922833386e+04 
7.12609350713582e+01 9.99972531463755e+04 
7.14189347160093e+01 9.99978122880631e+04 
7.15769336370085e+01 9.99984221171535e+04 
7.17349322495437e+01 9.99990961486744e+04 
7.18929307461385e+01 9.99997421174287e+04 
7.20509289766604e+01 1.00000406798619e+05 
7.22089272661357e+01 1.00001097960456e+05 
7.23669254718874e+01 1.00001760175430e+05 
7.25249235776293e+01 1.00002450689966e+05 
7.26829219494500e+01 1.00003120595651e+05 
7.28409203727508e+01 1.00003692094047e+05 
7.29989186538633e+01 1.00004224058278e+05 
7.31569171184710e+01 1.00004751780811e+05 
7.33149154807419e+01 1.00005207828628e+05 
7.34729138742871e+01 1.00005637524353e+05 
7.36309123482416e+01 1.00005961004044e+05 
7.37889111043111e+01 1.00006131241021e+05 
7.39469098644377e+01 1.00006223053020e+05 
7.41049087471577e+01 1.00006276456294e+05 
7.42629075233993e+01 1.00006253743543e+05 
7.44209062786759e+01 1.00006172810370e+05 
7.45789051660299e+01 1.00005943304641e+05 
7.47369040521852e+01 1.00005584645176e+05 
7.48949026971529e+01 1.00005158319404e+05 
7.50529013271319e+01 1.00004716623615e+05 
7.52109000002093e+01 1.00004245894597e+05 
7.53688985762336e+01 1.00003739716898e+05 
7.55268972581844e+01 1.00003132055013e+05 
7.56848960103278e+01 1.00002476442180e+05 
7.58428947255754e+01 1.00001799810189e+05 
7.60008936594136e+01 1.00001143834869e+05 
7.61588924322546e+01 1.00000502301816e+05 
7.63168911638559e+01 9.99998748858888e+04 
7.64748900450755e+01 9.99992017832866e+04 
7.66328890548658e+01 9.99985866131041e+04 
7.67908878834910e+01 9.99980023565558e+04 
7.69488867890563e+01 9.99974431252145e+04 
7.71068856575359e+01 9.99969221549745e+04 
7.72648846605642e+01 9.99964180309733e+04 
7.74228838477881e+01 9.99959529246205e+04 
7.75808832323467e+01 9.99955834939616e+04 
7.77388824246277e+01 9.99952629404619e+04 
7.78968816322887e+01 9.99949437437984e+04 
7.80548807011359e+01 9.99946703490554e+04 
7.82128796943324e+01 9.99943956454702e+04 
7.83708787081097e+01 9.99941844126995e+04 
7.85288777862713e+01 9.99940595720248e+04 
7.86868768060587e+01 9.99939749473446e+04 
7.88448759839678e+01 9.99938747615051e+04 
7.90028750293676e+01 9.99938188675222e+04 
7.91608740579794e+01 9.99937656436835e+04 
7.93188731240776e+01 9.99938056010681e+04 
7.94768722866737e+01 9.99939359040585e+04 
7.96348714744995e+01 9.99941023647155e+04 
7.97928707841639e+01 9.99942598562969e+04 
7.99508700431175e+01 9.99944718334845e+04 
8.01088692532010e+01 9.99947116396770e+04 
8.02668685571017e+01 9.99950657863290e+04 
8.04248679221742e+01 9.99954894804177e+04 
8.05828672895297e+01 9.99959523974522e+04 
8.07408668401889e+01 9.99964302418465e+04 
8.08988663183940e+01 9.99969441487966e+04 
8.10568658136689e+01 9.99975057540940e+04 
8.12148653641856e+01 9.99981464125887e+04 
8.13728650602450e+01 9.99988060534490e+04 
8.15308647094415e+01 9.99994976113359e+04 
8.16888645412167e+01 1.00000211179915e+05 
8.18468642992061e+01 1.00000912252177e+05 
8.20048640365115e+01 1.00001640168258e+05 
8.21628638878385e+01 1.00002387534953e+05 
8.23208638447879e+01 1.00003081386687e+05 
8.24788638290085e+01 1.00003763982134e+05 
8.26368639316287e+01 1.00004449507332e+05 
8.27948639928999e+01 1.00005078630928e+05 
8.29528640097892e+01 1.00005693956897e+05 
8.31108641257694e+01 1.00006233782247e+05 
8.32688643339817e+01 1.00006649703429e+05 
8.34268645003396e+01 1.00007010219899e+05 
8.35848648702901e+01 1.00007342383039e+05 
8.37428651207969e+01 1.00007574109203e+05 
8.39008653577218e+01 1.00007739849850e+05 
8.40588656514321e+01 1.00007758158336e+05 
8.42168660797810e+01 1.00007634584617e+05 
8.43748664504764e+01 1.00007421170795e+05 
8.45328669632765e+01 1.00007167267209e+05 
8.46908673910183e+01 1.00006831570275e+05 
8.48488677558302e+01 1.00006434018878e+05 
8.50068682338221e+01 1.00005884739242e+05 
8.51648687934220e+01 1.00005235953210e+05 
8.53228693020651e+01 1.00004538701730e+05 
8.54808699523303e+01 1.00003828536266e+05 
8.56388704750119e+01 1.00003097275025e+05 
8.57968709951201e+01 1.00002343734776e+05 
8.59548715414848e+01 1.00001509256362e+05 
8.61128721364377e+01 1.00000661187255e+05 
8.62708727179347e+01 9.99998201688100e+04 
8.64288733473842e+01 9.99990050118512e+04 
8.65868739800674e+01 9.99982280517794e+04 
8.67448745080638e+01 9.99974818689245e+04 
8.69028751837753e+01 9.99967466217591e+04 
8.70608758960404e+01 9.99960840102144e+04 
8.72188765860811e+01 9.99954684739907e+04 
8.73768773582707e+01 9.99948765318823e+04 
8.75348780012508e+01 9.99943594128274e+04 
8.76928786004829e+01 9.99938850748200e+04 
8.78508792441084e+01 9.99934850996005e+04 
8.80088800434000e+01 9.99931844424810e+04 
8.81668806916759e+01 9.99929393120530e+04 
8.83248814855233e+01 9.99926933127355e+04 
8.84828821285871e+01 9.99925209293205e+04 
8.86408826913246e+01 9.99923704343709e+04 
8.87988833442697e+01 9.99923248826951e+04 
8.89568840341034e+01 9.99923806441910e+04 
8.91148847006716e+01 9.99924851594613e+04 
8.92728853750260e+01 9.99925750812414e+04 
8.94308859501744e+01 9.99927292288808e+04 
8.95888863918260e+01 9.99929092429884e+04 
8.97468869365088e+01 9.99932109514689e+04 
8.99048875615784e+01 9.99936149136380e+04 
9.00628880436466e+01 9.99940685673305e+04 
9.02208886930447e+01 9.99945286418948e+04 
9.03788890986989e+01 9.99950451663454e+04 
9.05368894584843e+01 9.99955990073836e+04 
9.06948898189981e+01 9.99962574718759e+04 
9.08528902524989e+01 9.99969873399936e+04 
9.10108905775425e+01 9.99977539440712e+04 
9.11688909467955e+01 9.99985246443541e+04 
9.13268912145514e+01 9.99993012786604e+04 
9.14848913158008e+01 1.00000095844274e+05 
9.16428915822170e+01 1.00000926478176e+05 
9.18008918169298e+01 1.00001732562643e+05 
9.19588919708743e+01 1.00002535696066e+05 
9.21168922103786e+01 1.00003336499784e+05 
9.22748922710947e+01 1.00004091147043e+05 
9.24328922715071e+01 1.00004830601344e+05 
9.25908922911711e+01 1.00005502215987e+05 
9.27488924135160e+01 1.00006068400260e+05 
9.29068924081221e+01 1.00006578193547e+05 
9.30648924455409e+01 1.00007062714024e+05 
9.32228924177697e+01 1.00007445710328e+05 
9.33808923174738e+01 1.00007768576351e+05 
9.35388923127242e+01 1.00007955546785e+05 
9.36968923560327e+01 1.00007985790430e+05 
9.38548923989902e+01 1.00007924711074e+05 
9.40128924384549e+01 1.00007815948499e+05 
9.41708924405656e+01 1.00007613880196e+05 
9.43288923108054e+01 1.00007345999710e+05 
9.44868920599109e+01 1.00006909430688e+05 
9.46448916529606e+01 1.00006353126423e+05 
9.48028916076712e+01 1.00005731600621e+05 
9.49608914944496e+01 1.00005088659235e+05 
9.51188913057259e+01 1.00004408791922e+05 
9.52768912337209e+01 1.00003689959171e+05 
9.54348911411694e+01 1.00002866451124e+05 
9.55928911756063e+01 1.00001985883771e+05 
9.57508910635802e+01 1.00001100275394e+05 
9.59088910424678e+01 1.00000236930192e+05 
9.60668908867435e+01 9.99993869751437e+04 
9.62248906047757e+01 9.99985654661922e+04 
9.63828904827730e+01 9.99977276198959e+04 
9.65408903462501e+01 9.99969371336066e+04 
9.66988901623332e+01 9.99961972841403e+04 
9.68568900168082e+01 9.99954965461778e+04 
9.70148897240250e+01 9.99948607611345e+04 
9.71728892944551e+01 9.99942647810045e+04 
9.73308889047403e+01 9.99937353177818e+04 
9.74888886147520e+01 9.99933221129068e+04 
9.76468881266289e+01 9.99929866676663e+04 
9.78048877845412e+01 9.99926730274248e+04 
9.79628871957190e+01 9.99924367706825e+04 
9.81208865399089e+01 9.99922346872695e+04 
9.82788858937054e+01 9.99921233005231e+04 
9.84368853019583e+01 9.99921263187061e+04 
9.85948846206375e+01 9.99921964543981e+04 
9.87528839618249e+01 9.99922621467954e+04 
9.89108832001843e+01 9.99924024572302e+04 
9.90688822583182e+01 9.99925590653962e+04 
9.92268814607112e+01 9.99928341824104e+04 
9.93848806720824e+01 9.99932088029366e+04 
9.95428797821141e+01 9.99936264540767e+04 
9.97008790097915e+01 9.99940377444151e+04 
9.98588780603129e+01 9.99944961296291e+04 
1.00016877088879e+02 9.99949764241549e+04 
