# Liste des scalaires : TEMPS pmat 
0.00000000000000e+00 1.00000000000000e+05 
1.58013544018059e-01 1.00000000000000e+05 
3.16027088036117e-01 1.00000000000000e+05 
4.74040632054176e-01 1.00000000000000e+05 
6.32054176072234e-01 1.00000000000000e+05 
7.90067720090293e-01 1.00000000000000e+05 
9.48081264108351e-01 1.00000000000000e+05 
1.10609480812641e+00 1.00000000000000e+05 
1.26410835214447e+00 1.00000000000000e+05 
1.42212189616253e+00 1.00000000000000e+05 
1.58013544018058e+00 1.00000000000000e+05 
1.73814898419864e+00 1.00000000000000e+05 
1.89616252821670e+00 1.00000000000000e+05 
2.05417607223476e+00 1.00000000000000e+05 
2.21218961625282e+00 1.00000000000000e+05 
2.37020316027087e+00 1.00000000000000e+05 
2.52821670428893e+00 1.00000000000000e+05 
2.68623024830699e+00 1.00000000000000e+05 
2.84424379232505e+00 1.00000000000000e+05 
3.00225733634311e+00 1.00000000000000e+05 
3.16027088036116e+00 1.00000000000000e+05 
3.31828442437922e+00 1.00000000000000e+05 
3.47629796839728e+00 1.00000000000000e+05 
3.63431151241534e+00 1.00000000000000e+05 
3.79232505643340e+00 1.00000000000000e+05 
3.95033860045145e+00 1.00000000000000e+05 
4.10835214446951e+00 1.00000000000000e+05 
4.26636568848757e+00 1.00000000000000e+05 
4.42437923250563e+00 1.00000000000000e+05 
4.58239277652368e+00 1.00000000000000e+05 
4.74040632054174e+00 1.00000000000000e+05 
4.89841986455980e+00 1.00000000000000e+05 
5.05643340857786e+00 1.00000000000000e+05 
5.21444695259591e+00 1.00000000000000e+05 
5.37246049661397e+00 1.00000000000000e+05 
5.53047404063203e+00 1.00000000000000e+05 
5.68848758465009e+00 1.00000000000000e+05 
5.84650112866814e+00 1.00000000000000e+05 
6.00451467268620e+00 1.00000000000000e+05 
6.16252821670426e+00 1.00000000000000e+05 
6.32054176072231e+00 1.00000000000000e+05 
6.47855530474037e+00 1.00000000000000e+05 
6.63656884875843e+00 1.00000000000000e+05 
6.79458239277648e+00 1.00000000000000e+05 
6.95259593679454e+00 1.00000000000000e+05 
7.11060948081260e+00 1.00000000000000e+05 
7.26862302483065e+00 1.00000000000000e+05 
7.42663656884871e+00 1.00000000000000e+05 
7.58465011286677e+00 1.00000000000000e+05 
7.74266365688483e+00 1.00000000000000e+05 
7.90067720090288e+00 1.00000000000000e+05 
8.05869074492094e+00 1.00000000000000e+05 
8.21670428893899e+00 1.00000000000000e+05 
8.37471783295705e+00 1.00000000000000e+05 
8.53273137697511e+00 1.00000000000000e+05 
8.69074492099316e+00 1.00000000000000e+05 
8.84875846501122e+00 1.00000000000000e+05 
9.00677200902927e+00 1.00000000000000e+05 
9.16478555304733e+00 1.00000000000000e+05 
9.32279909706538e+00 1.00000000000000e+05 
9.48081264108344e+00 1.00000000000000e+05 
9.63882618510150e+00 1.00000000000000e+05 
9.79683972911955e+00 1.00000000000000e+05 
9.95485327313761e+00 1.00000000000000e+05 
1.01128668171557e+01 1.00000000000000e+05 
1.02708803611737e+01 1.00000000000000e+05 
1.04288939051918e+01 1.00000000000000e+05 
1.05869074492098e+01 1.00000000000000e+05 
1.07449209932279e+01 1.00000000000000e+05 
1.09029345372459e+01 1.00000000000000e+05 
1.10609480812640e+01 1.00000000000000e+05 
1.12189616252821e+01 1.00000000000000e+05 
1.13769751693001e+01 1.00000000000000e+05 
1.15349887133182e+01 1.00000000000000e+05 
1.16930022573362e+01 1.00000000000000e+05 
1.18510158013543e+01 1.00000000000000e+05 
1.20090293453723e+01 1.00000000000000e+05 
1.21670428893904e+01 1.00000000000000e+05 
1.23250564334084e+01 1.00000000000000e+05 
1.24830699774265e+01 1.00000000000000e+05 
1.26410835214446e+01 1.00000000000000e+05 
1.27990970654626e+01 1.00000000000000e+05 
1.29571106094807e+01 1.00000000000000e+05 
1.31151241534987e+01 1.00000000000000e+05 
1.32731376975168e+01 1.00000000000000e+05 
1.34311512415348e+01 1.00000000000000e+05 
1.35891647855529e+01 1.00000000000000e+05 
1.37471783295709e+01 1.00000000000000e+05 
1.39051918735890e+01 1.00000000000000e+05 
1.40632054176071e+01 1.00000000000000e+05 
1.42212189616251e+01 1.00000000000000e+05 
1.43792325056432e+01 1.00000000000000e+05 
1.45372460496612e+01 1.00000000000000e+05 
1.46952595936793e+01 1.00000000000000e+05 
1.48532731376973e+01 1.00000000000000e+05 
1.50112866817154e+01 1.00000000000000e+05 
1.51693002257334e+01 1.00000000000000e+05 
1.53273137697515e+01 1.00000000000000e+05 
1.54853273137695e+01 1.00000000000000e+05 
1.56433408577876e+01 1.00000000000000e+05 
1.58013544018057e+01 1.00000000000000e+05 
1.59593679458237e+01 1.00000000000000e+05 
1.61173814898418e+01 1.00000000000000e+05 
1.62753950338598e+01 1.00000000000000e+05 
1.64334085778779e+01 1.00000000000000e+05 
1.65914221218959e+01 1.00000000000000e+05 
1.67494356659140e+01 1.00000000000000e+05 
1.69074492099320e+01 1.00000000000000e+05 
1.70654627539501e+01 1.00000000000000e+05 
1.72234762979681e+01 1.00000000000000e+05 
1.73814898419862e+01 1.00000000000000e+05 
1.75395033860043e+01 1.00000000000000e+05 
1.76975169300223e+01 1.00000000000000e+05 
1.78555304740404e+01 1.00000000000000e+05 
1.80135440180584e+01 1.00000000000000e+05 
1.81715575620765e+01 1.00000000000000e+05 
1.83295711060945e+01 1.00000000000000e+05 
1.84875846501126e+01 1.00000000000000e+05 
1.86455981941306e+01 1.00000000000000e+05 
1.88036117381487e+01 1.00000000000000e+05 
1.89616252821667e+01 1.00000000000000e+05 
1.91196388261848e+01 1.00000000000000e+05 
1.92776523702028e+01 1.00000000000000e+05 
1.94356659142209e+01 1.00000000000000e+05 
1.95936794582390e+01 1.00000000000000e+05 
1.97516930022570e+01 1.00000000000000e+05 
1.99097065462751e+01 1.00000000000000e+05 
2.00677200902931e+01 1.00000000000000e+05 
2.02257336343112e+01 1.00000000000000e+05 
2.03837471783292e+01 1.00000000000000e+05 
2.05417607223473e+01 1.00000000000000e+05 
2.06997742663653e+01 1.00000000000000e+05 
2.08577878103834e+01 1.00000000000000e+05 
2.10158013544014e+01 1.00000000000000e+05 
2.11738148984195e+01 1.00000000000000e+05 
2.13318284424376e+01 1.00000000000000e+05 
2.14898419864556e+01 1.00000000000000e+05 
2.16478555304737e+01 1.00000000000000e+05 
2.18058690744917e+01 1.00000000000000e+05 
2.19638826185098e+01 1.00000000000000e+05 
2.21218961625278e+01 1.00000000000000e+05 
2.22799097065459e+01 1.00000000000000e+05 
2.24379232505639e+01 1.00000000000000e+05 
2.25959367945820e+01 1.00000000000000e+05 
2.27539503386000e+01 1.00000000000000e+05 
2.29119638826181e+01 1.00000000000000e+05 
2.30699774266361e+01 1.00000000000000e+05 
2.32279909706542e+01 1.00000000000000e+05 
2.33860045146723e+01 1.00000000000000e+05 
2.35440180586903e+01 1.00000000000000e+05 
2.37020316027084e+01 1.00000000000000e+05 
2.38600451467264e+01 1.00000000000000e+05 
2.40180586907445e+01 1.00000000000000e+05 
2.41760722347625e+01 1.00000000000000e+05 
2.43340857787806e+01 1.00000000000001e+05 
2.44920993227986e+01 1.00000000000001e+05 
2.46501128668167e+01 1.00000000000003e+05 
2.48081264108347e+01 1.00000000000015e+05 
2.49661399548528e+01 1.00000000000070e+05 
2.51241534988708e+01 1.00000000000219e+05 
2.52821670428889e+01 1.00000000000591e+05 
2.54401805869069e+01 1.00000000001277e+05 
2.55981941309250e+01 1.00000000002132e+05 
2.57562076749430e+01 1.00000000007248e+05 
2.59142212189611e+01 1.00000000043580e+05 
2.60722347629791e+01 1.00000000259656e+05 
2.62302483069972e+01 1.00000000738111e+05 
2.63882618510153e+01 1.00000001134106e+05 
2.65462753950333e+01 1.00000001727591e+05 
2.67042889390514e+01 1.00000002650289e+05 
2.68623024830694e+01 1.00000004170220e+05 
2.70203160270875e+01 1.00000006500621e+05 
2.71783295711055e+01 1.00000010113411e+05 
2.73363431151236e+01 1.00000015443328e+05 
2.74943566591416e+01 1.00000022827244e+05 
2.76523702031597e+01 1.00000033854142e+05 
2.78103837471777e+01 1.00000050686478e+05 
2.79683972911958e+01 1.00000074641414e+05 
2.81264108352138e+01 1.00000109616962e+05 
2.82844243792319e+01 1.00000158343573e+05 
2.84424379232499e+01 1.00000222625515e+05 
2.86004514672680e+01 1.00000312440007e+05 
2.87584650112860e+01 1.00000440687042e+05 
2.89164785553041e+01 1.00000613459930e+05 
2.90744920993221e+01 1.00000851438203e+05 
2.92325056433402e+01 1.00001165833099e+05 
2.93905191873582e+01 1.00001559916248e+05 
2.95485327313763e+01 1.00002069948860e+05 
2.97065462753943e+01 1.00002738821398e+05 
2.98645598194124e+01 1.00003571414877e+05 
3.00225733634304e+01 1.00004619190158e+05 
3.01805869074485e+01 1.00005878696424e+05 
3.03386004514665e+01 1.00007319783525e+05 
3.04966139954843e+01 1.00008972899365e+05 
3.06546275395003e+01 1.00010873041247e+05 
3.08126410834971e+01 1.00012985259860e+05 
3.09706546272957e+01 1.00015335035786e+05 
3.11286681708936e+01 1.00017804341069e+05 
3.12866817143274e+01 1.00020340558423e+05 
3.14446952574723e+01 1.00022863349549e+05 
3.16027088001674e+01 1.00025377972569e+05 
3.17607223421364e+01 1.00027888222546e+05 
3.19187358832495e+01 1.00030367996108e+05 
3.20767494226194e+01 1.00032617328501e+05 
3.22347629599941e+01 1.00034729620322e+05 
3.23927764943706e+01 1.00036517072124e+05 
3.25507900239423e+01 1.00038028243902e+05 
3.27088035457829e+01 1.00039357819681e+05 
3.28668170595274e+01 1.00040459326276e+05 
3.30248305599181e+01 1.00041145564145e+05 
3.31828440425992e+01 1.00041658180236e+05 
3.33408575031136e+01 1.00041737965324e+05 
3.34988709293862e+01 1.00041460072091e+05 
3.36568843063214e+01 1.00040932117656e+05 
3.38148976325709e+01 1.00040078672830e+05 
3.39729108878444e+01 1.00038812413715e+05 
3.41309240403887e+01 1.00037348045172e+05 
3.42889370834585e+01 1.00035557623414e+05 
3.44469499667095e+01 1.00033433218752e+05 
3.46049626416154e+01 1.00031039689081e+05 
3.47629751094123e+01 1.00028268663489e+05 
3.49209873220811e+01 1.00025222367375e+05 
3.50789991793260e+01 1.00022047194577e+05 
3.52370106929348e+01 1.00018635270075e+05 
3.53950217552060e+01 1.00014973995928e+05 
3.55530322801683e+01 1.00011043954660e+05 
3.57110422484800e+01 1.00006745360837e+05 
3.58690516557028e+01 1.00002322078156e+05 
3.60270604042267e+01 9.99978099343292e+04 
3.61850684108629e+01 9.99932691191647e+04 
3.63430757025597e+01 9.99886157444170e+04 
3.65010821998343e+01 9.99837600591681e+04 
3.66590879149553e+01 9.99786604919639e+04 
3.68170929429180e+01 9.99737284686677e+04 
3.69750972659910e+01 9.99688474105851e+04 
3.71331008599683e+01 9.99642700390261e+04 
3.72911038794230e+01 9.99598588926206e+04 
3.74491063311914e+01 9.99554459738111e+04 
3.76071083058444e+01 9.99510638044690e+04 
3.77651096857588e+01 9.99472089831480e+04 
3.79231104073047e+01 9.99435783276754e+04 
3.80811109502943e+01 9.99405717695229e+04 
3.82391112062999e+01 9.99380192324907e+04 
3.83971111660317e+01 9.99356708933046e+04 
3.85551109656345e+01 9.99336349103662e+04 
3.87131105571401e+01 9.99323449330556e+04 
3.88711098652798e+01 9.99313380190487e+04 
3.90291090063081e+01 9.99310783437403e+04 
3.91871079803516e+01 9.99314093528028e+04 
3.93451069164122e+01 9.99320661087784e+04 
3.95031056072435e+01 9.99331973492307e+04 
3.96611044176520e+01 9.99350962453952e+04 
3.98191030871787e+01 9.99372927115445e+04 
3.99771018088401e+01 9.99400616259172e+04 
4.01351007074698e+01 9.99433656038346e+04 
4.02930997022155e+01 9.99470514804643e+04 
4.04510986021552e+01 9.99512728054458e+04 
4.06090971618161e+01 9.99559713402610e+04 
4.07670958737284e+01 9.99608150968958e+04 
4.09250951708767e+01 9.99660022612497e+04 
4.10830945501286e+01 9.99714637871804e+04 
4.12410939472816e+01 9.99771617916204e+04 
4.13990933807653e+01 9.99832615564426e+04 
4.15570928592266e+01 9.99893890146184e+04 
4.17150923413803e+01 9.99954796119448e+04 
4.18730918618998e+01 1.00001403362107e+05 
4.20310913871491e+01 1.00007275261469e+05 
4.21890909437351e+01 1.00013213291394e+05 
4.23470905543198e+01 1.00019280324279e+05 
4.25050902256413e+01 1.00024916139743e+05 
4.26630899184684e+01 1.00030329526315e+05 
4.28210896745392e+01 1.00035147895474e+05 
4.29790892602239e+01 1.00039619220649e+05 
4.31370888188632e+01 1.00043967068042e+05 
4.32950884109090e+01 1.00048189707519e+05 
4.34530877023690e+01 1.00051681751649e+05 
4.36110866376294e+01 1.00054848901514e+05 
4.37690854724754e+01 1.00057212542450e+05 
4.39270845035842e+01 1.00059072472859e+05 
4.40850833364672e+01 1.00060704110476e+05 
4.42430820276957e+01 1.00062015869164e+05 
4.44010804989590e+01 1.00062525420049e+05 
4.45590788134630e+01 1.00062679130992e+05 
4.47170770655565e+01 1.00062175461307e+05 
4.48750752148097e+01 1.00061109299591e+05 
4.50330732938293e+01 1.00059721613835e+05 
4.51910713795358e+01 1.00057893073186e+05 
4.53490693983586e+01 1.00055399233792e+05 
4.55070674106562e+01 1.00052682352267e+05 
4.56650653676240e+01 1.00049402865830e+05 
4.58230631625694e+01 1.00045711714393e+05 
4.59810608096228e+01 1.00041759220113e+05 
4.61390583312556e+01 1.00037361207003e+05 
4.62970557728472e+01 1.00032609501474e+05 
4.64550531385988e+01 1.00027796755165e+05 
4.66130504658573e+01 1.00022811822208e+05 
4.67710476910669e+01 1.00017660281860e+05 
4.69290448370875e+01 1.00012368929818e+05 
4.70870418817074e+01 1.00006794725113e+05 
4.72450388394929e+01 1.00001304518251e+05 
4.74030357844738e+01 9.99959279810517e+04 
4.75610327369803e+01 9.99908580975656e+04 
4.77190296641417e+01 9.99859132507028e+04 
4.78770265567167e+01 9.99809909077822e+04 
4.80350232907807e+01 9.99760219401036e+04 
4.81930199724646e+01 9.99715259907264e+04 
4.83510166821919e+01 9.99672922121698e+04 
4.85090134340476e+01 9.99636987042013e+04 
4.86670101864053e+01 9.99604776407836e+04 
4.88250069367958e+01 9.99574442146826e+04 
4.89830037017608e+01 9.99546057338447e+04 
4.91410003791622e+01 9.99524629026585e+04 
4.92989969712441e+01 9.99506499430833e+04 
4.94569936135427e+01 9.99495899078792e+04 
4.96149902571749e+01 9.99490283269412e+04 
4.97729869349215e+01 9.99487388650591e+04 
4.99309836461128e+01 9.99487984903671e+04 
5.00889804092298e+01 9.99495573225701e+04 
5.02469772586986e+01 9.99505932171559e+04 
5.04049742099479e+01 9.99522294292913e+04 
5.05629710368897e+01 9.99543159719919e+04 
5.07209677221875e+01 9.99566777588475e+04 
5.08789643925024e+01 9.99593840618462e+04 
5.10369611214738e+01 9.99625335287155e+04 
5.11949579837573e+01 9.99658022490638e+04 
5.13529549196390e+01 9.99694692157676e+04 
5.15109519220113e+01 9.99733273452211e+04 
5.16689490194469e+01 9.99773365203198e+04 
5.18269461871349e+01 9.99815994946672e+04 
5.19849434232851e+01 9.99859617080917e+04 
5.21429407955823e+01 9.99903027360139e+04 
5.23009380095267e+01 9.99946012030178e+04 
5.24589351151370e+01 9.99988790329024e+04 
5.26169322605497e+01 1.00003198393875e+05 
5.27749294397864e+01 1.00007611870875e+05 
5.29329267403186e+01 1.00011768251765e+05 
5.30909241439174e+01 1.00015772815972e+05 
5.32489216473604e+01 1.00019377952796e+05 
5.34069192807000e+01 1.00022736780808e+05 
5.35649170063727e+01 1.00025986396552e+05 
5.37229148023365e+01 1.00029135344856e+05 
5.38809127246988e+01 1.00031770731298e+05 
5.40389107877367e+01 1.00034156592167e+05 
5.41969089517492e+01 1.00035949133846e+05 
5.43549072484630e+01 1.00037356249210e+05 
5.45129054270051e+01 1.00038548265898e+05 
5.46709034516164e+01 1.00039479808060e+05 
5.48289014795824e+01 1.00039801992246e+05 
5.49868996507851e+01 1.00039831722322e+05 
5.51448978880694e+01 1.00039299485413e+05 
5.53028962526066e+01 1.00038311145537e+05 
5.54608947556885e+01 1.00037041286146e+05 
5.56188933188464e+01 1.00035416072623e+05 
5.57768920070724e+01 1.00033274693965e+05 
5.59348908650161e+01 1.00030948811955e+05 
5.60928898167026e+01 1.00028112510185e+05 
5.62508889037190e+01 1.00024989138342e+05 
5.64088881394332e+01 1.00021637227460e+05 
5.65668874484921e+01 1.00017987443595e+05 
5.67248868836807e+01 1.00014093266934e+05 
5.68828864893542e+01 1.00010132834816e+05 
5.70408861960338e+01 1.00006073217898e+05 
5.71988860391269e+01 1.00001944790546e+05 
5.73568857825965e+01 9.99977295838576e+04 
5.75148854374958e+01 9.99933884221207e+04 
5.76728851158728e+01 9.99891911880893e+04 
5.78308849012099e+01 9.99850936176358e+04 
5.79888847480601e+01 9.99812798857682e+04 
5.81468847532464e+01 9.99776789472309e+04 
5.83048848708051e+01 9.99741739895290e+04 
5.84628851001882e+01 9.99707809485387e+04 
5.86208854661624e+01 9.99678446242283e+04 
5.87788859510897e+01 9.99651285969331e+04 
5.89368865555350e+01 9.99629501366127e+04 
5.90948872830377e+01 9.99611639710640e+04 
5.92528880864323e+01 9.99596103176956e+04 
5.94108889302507e+01 9.99583474559357e+04 
5.95688898327881e+01 9.99576761883101e+04 
5.97268908041111e+01 9.99572721741188e+04 
5.98848918003332e+01 9.99574119847683e+04 
6.00428928680254e+01 9.99580179618289e+04 
6.02008940796456e+01 9.99589166527571e+04 
6.03588954725139e+01 9.99602254320674e+04 
6.05168971072922e+01 9.99619862757397e+04 
6.06748990531746e+01 9.99639397218984e+04 
6.08329010433522e+01 9.99663614502531e+04 
6.09909029438758e+01 9.99690912921814e+04 
6.11489044805151e+01 9.99720598929968e+04 
6.13069057727749e+01 9.99753283039077e+04 
6.14649070351632e+01 9.99788371188481e+04 
6.16229081384915e+01 9.99823904899537e+04 
6.17809092441211e+01 9.99861196974819e+04 
6.19389101339700e+01 9.99899248434183e+04 
6.20969109801752e+01 9.99938396171131e+04 
6.22549119387378e+01 9.99979135851322e+04 
6.24129129488496e+01 1.00001899964409e+05 
6.25709138861800e+01 1.00005834300938e+05 
6.27289151983368e+01 1.00009587754634e+05 
6.28869165870729e+01 1.00013196782558e+05 
6.30449181597254e+01 1.00016785233236e+05 
6.32029200758520e+01 1.00020340490612e+05 
6.33609221827735e+01 1.00023520435117e+05 
6.35189242560073e+01 1.00026537486628e+05 
6.36769260693996e+01 1.00029123299970e+05 
6.38349281051127e+01 1.00031376287542e+05 
6.39929298098694e+01 1.00033481063713e+05 
6.41509316615666e+01 1.00035370506829e+05 
6.43089337942408e+01 1.00036726401969e+05 
6.44669357869463e+01 1.00037868001860e+05 
6.46249374433373e+01 1.00038488545080e+05 
6.47829389136374e+01 1.00038676613388e+05 
6.49409399663625e+01 1.00038639908019e+05 
6.50989409632269e+01 1.00038255825442e+05 
6.52569421377169e+01 1.00037335892383e+05 
6.54149430085585e+01 1.00036240858371e+05 
6.55729437641150e+01 1.00034673113954e+05 
6.57309443638751e+01 1.00032721385897e+05 
6.58889448714392e+01 1.00030529353945e+05 
6.60469454271883e+01 1.00027975683473e+05 
6.62049458871531e+01 1.00025066691345e+05 
6.63629460911794e+01 1.00022044175410e+05 
6.65209461944869e+01 1.00018780115175e+05 
6.66789460139657e+01 1.00015307546822e+05 
6.68369454321013e+01 1.00011673483179e+05 
6.69949447414460e+01 1.00007795739465e+05 
6.71529441536746e+01 1.00003854911580e+05 
6.73109433241402e+01 9.99999197780719e+04 
6.74689424701647e+01 9.99960534071937e+04 
6.76269417991850e+01 9.99922327003797e+04 
6.77849410142811e+01 9.99883949309432e+04 
6.79429404441664e+01 9.99845298903644e+04 
6.81009399323400e+01 9.99809360228808e+04 
6.82589394467423e+01 9.99774764914873e+04 
6.84169390831585e+01 9.99743809359329e+04 
6.85749387125848e+01 9.99715719577674e+04 
6.87329381770452e+01 9.99689005308838e+04 
6.88909376719355e+01 9.99664186902690e+04 
6.90489371579850e+01 9.99644332328434e+04 
6.92069365995741e+01 9.99626524910998e+04 
6.93649360510441e+01 9.99613934221591e+04 
6.95229353740816e+01 9.99605464129929e+04 
6.96809345840638e+01 9.99599492406824e+04 
6.98389340499524e+01 9.99596785043537e+04 
6.99969337688401e+01 9.99599979998699e+04 
7.01549335087798e+01 9.99605389733608e+04 
7.03129334087804e+01 9.99615737626271e+04 
7.04709333808406e+01 9.99630313216015e+04 
7.06289333787524e+01 9.99647540404435e+04 
7.07869336204822e+01 9.99668205293658e+04 
7.09449340672215e+01 9.99693151482146e+04 
7.11029345997939e+01 9.99719157644702e+04 
7.12609350713582e+01 9.99749009584864e+04 
7.14189347160093e+01 9.99780757540188e+04 
7.15769336370085e+01 9.99814110623766e+04 
7.17349322495437e+01 9.99850023621980e+04 
7.18929307461385e+01 9.99887121172842e+04 
7.20509289766604e+01 9.99924353952742e+04 
7.22089272661357e+01 9.99961799963224e+04 
7.23669254718874e+01 9.99999202431703e+04 
7.25249235776293e+01 1.00003721853577e+05 
7.26829219494500e+01 1.00007612329213e+05 
7.28409203727508e+01 1.00011312437593e+05 
7.29989186538633e+01 1.00014912407644e+05 
7.31569171184710e+01 1.00018225201782e+05 
7.33149154807419e+01 1.00021315584113e+05 
7.34729138742871e+01 1.00024324848845e+05 
7.36309123482416e+01 1.00027228908649e+05 
7.37889111043111e+01 1.00029701838906e+05 
7.39469098644377e+01 1.00031987462138e+05 
7.41049087471577e+01 1.00033799910691e+05 
7.42629075233993e+01 1.00035253475989e+05 
7.44209062786759e+01 1.00036515730071e+05 
7.45789051660299e+01 1.00037518465024e+05 
7.47369040521852e+01 1.00037980232205e+05 
7.48949026971529e+01 1.00038195884760e+05 
7.50529013271319e+01 1.00037969926134e+05 
7.52109000002093e+01 1.00037304066678e+05 
7.53688985762336e+01 1.00036379278910e+05 
7.55268972581844e+01 1.00035087413239e+05 
7.56848960103278e+01 1.00033350246290e+05 
7.58428947255754e+01 1.00031425475549e+05 
7.60008936594136e+01 1.00029066255238e+05 
7.61588924322546e+01 1.00026411101526e+05 
7.63168911638559e+01 1.00023532803618e+05 
7.64748900450755e+01 1.00020346888453e+05 
7.66328890548658e+01 1.00016901439821e+05 
7.67908878834910e+01 1.00013390363883e+05 
7.69488867890563e+01 1.00009736450310e+05 
7.71068856575359e+01 1.00005986821873e+05 
7.72648846605642e+01 1.00002127122492e+05 
7.74228838477881e+01 9.99981205209086e+04 
7.75808832323467e+01 9.99941900220657e+04 
7.77388824246277e+01 9.99903166395432e+04 
7.78968816322887e+01 9.99866283254287e+04 
7.80548807011359e+01 9.99831083188403e+04 
7.82128796943324e+01 9.99796448246874e+04 
7.83708787081097e+01 9.99762637188406e+04 
7.85288777862713e+01 9.99732640177447e+04 
7.86868768060587e+01 9.99704304461459e+04 
7.88448759839678e+01 9.99680255809397e+04 
7.90028750293676e+01 9.99659805693733e+04 
7.91608740579794e+01 9.99641255209982e+04 
7.93188731240776e+01 9.99625380472322e+04 
7.94768722866737e+01 9.99614863322204e+04 
7.96348714744995e+01 9.99606462424360e+04 
7.97928707841639e+01 9.99603319261680e+04 
7.99508700431175e+01 9.99604566053985e+04 
8.01088692532010e+01 9.99608386122338e+04 
8.02668685571017e+01 9.99615937637410e+04 
8.04248679221742e+01 9.99628590838441e+04 
8.05828672895297e+01 9.99643186476989e+04 
8.07408668401889e+01 9.99662255495819e+04 
8.08988663183940e+01 9.99684694923488e+04 
8.10568658136689e+01 9.99709452356948e+04 
8.12148653641856e+01 9.99737338735867e+04 
8.13728650602450e+01 9.99768217656963e+04 
8.15308647094415e+01 9.99800021114567e+04 
8.16888645412167e+01 9.99833902369337e+04 
8.18468642992061e+01 9.99869163620839e+04 
8.20048640365115e+01 9.99905817301980e+04 
8.21628638878385e+01 9.99944427904519e+04 
8.23208638447879e+01 9.99983053223796e+04 
8.24788638290085e+01 1.00002152644462e+05 
8.26368639316287e+01 1.00005900435626e+05 
8.27948639928999e+01 1.00009558294211e+05 
8.29528640097892e+01 1.00013228882993e+05 
8.31108641257694e+01 1.00016904910495e+05 
8.32688643339817e+01 1.00020275418305e+05 
8.34268645003396e+01 1.00023513775824e+05 
8.35848648702901e+01 1.00026376402946e+05 
8.37428651207969e+01 1.00028945139538e+05 
8.39008653577218e+01 1.00031387080019e+05 
8.40588656514321e+01 1.00033645929374e+05 
8.42168660797810e+01 1.00035403678229e+05 
8.43748664504764e+01 1.00036961271810e+05 
8.45328669632765e+01 1.00038009495930e+05 
8.46908673910183e+01 1.00038637777828e+05 
8.48488677558302e+01 1.00039037765843e+05 
8.50068682338221e+01 1.00039120935561e+05 
8.51648687934220e+01 1.00038632715808e+05 
8.53228693020651e+01 1.00037939874031e+05 
8.54808699523303e+01 1.00036761354861e+05 
8.56388704750119e+01 1.00035163198515e+05 
8.57968709951201e+01 1.00033297179771e+05 
8.59548715414848e+01 1.00031068487292e+05 
8.61128721364377e+01 1.00028426630172e+05 
8.62708727179347e+01 1.00025642985057e+05 
8.64288733473842e+01 1.00022545282803e+05 
8.65868739800674e+01 1.00019201507854e+05 
8.67448745080638e+01 1.00015670384208e+05 
8.69028751837753e+01 1.00011860848500e+05 
8.70608758960404e+01 1.00007934475002e+05 
8.72188765860811e+01 1.00003992631573e+05 
8.73768773582707e+01 1.00000050387164e+05 
8.75348780012508e+01 9.99961230185031e+04 
8.76928786004829e+01 9.99921569426324e+04 
8.78508792441084e+01 9.99881300432633e+04 
8.80088800434000e+01 9.99843364913388e+04 
8.81668806916759e+01 9.99806673246470e+04 
8.83248814855233e+01 9.99773280436734e+04 
8.84828821285871e+01 9.99742573456753e+04 
8.86408826913246e+01 9.99713063096322e+04 
8.87988833442697e+01 9.99685200430186e+04 
8.89568840341034e+01 9.99662169996706e+04 
8.91148847006716e+01 9.99641183720450e+04 
8.92728853750260e+01 9.99625341550421e+04 
8.94308859501744e+01 9.99613592044504e+04 
8.95888863918260e+01 9.99604221428735e+04 
8.97468869365088e+01 9.99598126854063e+04 
8.99048875615784e+01 9.99597777668374e+04 
9.00628880436466e+01 9.99599805728383e+04 
9.02208886930447e+01 9.99606788571077e+04 
9.03788890986989e+01 9.99618277253597e+04 
9.05368894584843e+01 9.99632547249020e+04 
9.06948898189981e+01 9.99650370189072e+04 
9.08528902524989e+01 9.99672791356407e+04 
9.10108905775425e+01 9.99696429148671e+04 
9.11688909467955e+01 9.99724257640628e+04 
9.13268912145514e+01 9.99754429915017e+04 
9.14848913158008e+01 9.99786454847280e+04 
9.16428915822170e+01 9.99821335287023e+04 
9.18008918169298e+01 9.99858082160796e+04 
9.19588919708743e+01 9.99895102520275e+04 
9.21168922103786e+01 9.99932787842047e+04 
9.22748922710947e+01 9.99970793936358e+04 
9.24328922715071e+01 1.00000968800727e+05 
9.25908922911711e+01 1.00004983247907e+05 
9.27488924135160e+01 1.00008855520372e+05 
9.29068924081221e+01 1.00012647941022e+05 
9.30648924455409e+01 1.00016189214723e+05 
9.32228924177697e+01 1.00019536906197e+05 
9.33808923174738e+01 1.00022821232727e+05 
9.35388923127242e+01 1.00026024433492e+05 
9.36968923560327e+01 1.00028813231611e+05 
9.38548923989902e+01 1.00031423494971e+05 
9.40128924384549e+01 1.00033571640466e+05 
9.41708924405656e+01 1.00035363489634e+05 
9.43288923108054e+01 1.00036974311625e+05 
9.44868920599109e+01 1.00038328860082e+05 
9.46448916529606e+01 1.00039136795587e+05 
9.48028916076712e+01 1.00039713667265e+05 
9.49608914944496e+01 1.00039800601590e+05 
9.51188913057259e+01 1.00039442517099e+05 
9.52768912337209e+01 1.00038816860229e+05 
9.54348911411694e+01 1.00037803947905e+05 
9.55928911756063e+01 1.00036317435309e+05 
9.57508910635802e+01 1.00034635180172e+05 
9.59088910424678e+01 1.00032495200480e+05 
9.60668908867435e+01 1.00030012675879e+05 
9.62248906047757e+01 1.00027286665430e+05 
9.63828904827730e+01 1.00024220302782e+05 
9.65408903462501e+01 1.00020852619912e+05 
9.66988901623332e+01 1.00017406160849e+05 
9.68568900168082e+01 1.00013788500682e+05 
9.70148897240250e+01 1.00010032334868e+05 
9.71728892944551e+01 1.00006144898809e+05 
9.73308889047403e+01 1.00002065790315e+05 
9.74888886147520e+01 9.99980211198530e+04 
9.76468881266289e+01 9.99940265057178e+04 
9.78048877845412e+01 9.99901904071571e+04 
9.79628871957190e+01 9.99864866293369e+04 
9.81208865399089e+01 9.99828083842024e+04 
9.82788858937054e+01 9.99791704003116e+04 
9.84368853019583e+01 9.99758905011612e+04 
9.85948846206375e+01 9.99727721899347e+04 
9.87528839618249e+01 9.99700758246192e+04 
9.89108832001843e+01 9.99677225132281e+04 
9.90688822583182e+01 9.99655446354658e+04 
9.92268814607112e+01 9.99636052423878e+04 
9.93848806720824e+01 9.99622027228022e+04 
9.95428797821141e+01 9.99610162731305e+04 
9.97008790097915e+01 9.99603589286880e+04 
9.98588780603129e+01 9.99601537444239e+04 
1.00016877088879e+02 9.99602018025921e+04 
