# Liste des scalaires : TEMPS pmat 
0.00000000000000e+00 1.00000000000000e+05 
1.58013544018059e-01 1.00000000000000e+05 
3.16027088036117e-01 1.00000000000000e+05 
4.74040632054176e-01 1.00000000000000e+05 
6.32054176072234e-01 1.00000000000000e+05 
7.90067720090293e-01 1.00000000000000e+05 
9.48081264108351e-01 1.00000000000000e+05 
1.10609480812641e+00 1.00000000000000e+05 
1.26410835214447e+00 1.00000000000000e+05 
1.42212189616253e+00 1.00000000000000e+05 
1.58013544018058e+00 1.00000000000000e+05 
1.73814898419864e+00 1.00000000000000e+05 
1.89616252821670e+00 1.00000000000000e+05 
2.05417607223476e+00 1.00000000000000e+05 
2.21218961625282e+00 1.00000000000000e+05 
2.37020316027087e+00 1.00000000000000e+05 
2.52821670428893e+00 1.00000000000000e+05 
2.68623024830699e+00 1.00000000000000e+05 
2.84424379232505e+00 1.00000000000000e+05 
3.00225733634311e+00 1.00000000000000e+05 
3.16027088036116e+00 1.00000000000000e+05 
3.31828442437922e+00 1.00000000000000e+05 
3.47629796839728e+00 1.00000000000000e+05 
3.63431151241534e+00 1.00000000000000e+05 
3.79232505643340e+00 1.00000000000000e+05 
3.95033860045145e+00 1.00000000000000e+05 
4.10835214446951e+00 1.00000000000000e+05 
4.26636568848757e+00 1.00000000000000e+05 
4.42437923250563e+00 1.00000000000000e+05 
4.58239277652368e+00 1.00000000000000e+05 
4.74040632054174e+00 1.00000000000000e+05 
4.89841986455980e+00 1.00000000000000e+05 
5.05643340857786e+00 1.00000000000000e+05 
5.21444695259591e+00 1.00000000000000e+05 
5.37246049661397e+00 1.00000000000000e+05 
5.53047404063203e+00 1.00000000000000e+05 
5.68848758465009e+00 1.00000000000000e+05 
5.84650112866814e+00 1.00000000000000e+05 
6.00451467268620e+00 1.00000000000000e+05 
6.16252821670426e+00 1.00000000000000e+05 
6.32054176072231e+00 1.00000000000000e+05 
6.47855530474037e+00 1.00000000000000e+05 
6.63656884875843e+00 1.00000000000000e+05 
6.79458239277648e+00 1.00000000000000e+05 
6.95259593679454e+00 1.00000000000000e+05 
7.11060948081260e+00 1.00000000000000e+05 
7.26862302483065e+00 1.00000000000000e+05 
7.42663656884871e+00 1.00000000000000e+05 
7.58465011286677e+00 1.00000000000000e+05 
7.74266365688483e+00 1.00000000000000e+05 
7.90067720090288e+00 1.00000000000000e+05 
8.05869074492094e+00 1.00000000000000e+05 
8.21670428893899e+00 1.00000000000000e+05 
8.37471783295705e+00 1.00000000000000e+05 
8.53273137697511e+00 1.00000000000000e+05 
8.69074492099316e+00 1.00000000000000e+05 
8.84875846501122e+00 1.00000000000000e+05 
9.00677200902927e+00 1.00000000000000e+05 
9.16478555304733e+00 1.00000000000000e+05 
9.32279909706538e+00 1.00000000000000e+05 
9.48081264108344e+00 1.00000000000000e+05 
9.63882618510150e+00 1.00000000000000e+05 
9.79683972911955e+00 1.00000000000000e+05 
9.95485327313761e+00 1.00000000000000e+05 
1.01128668171557e+01 1.00000000000000e+05 
1.02708803611737e+01 1.00000000000000e+05 
1.04288939051918e+01 1.00000000000000e+05 
1.05869074492098e+01 1.00000000000000e+05 
1.07449209932279e+01 1.00000000000000e+05 
1.09029345372459e+01 1.00000000000000e+05 
1.10609480812640e+01 1.00000000000000e+05 
1.12189616252821e+01 1.00000000000000e+05 
1.13769751693001e+01 1.00000000000000e+05 
1.15349887133182e+01 1.00000000000000e+05 
1.16930022573362e+01 1.00000000000000e+05 
1.18510158013543e+01 1.00000000000000e+05 
1.20090293453723e+01 1.00000000000000e+05 
1.21670428893904e+01 1.00000000000000e+05 
1.23250564334084e+01 1.00000000000000e+05 
1.24830699774265e+01 1.00000000000000e+05 
1.26410835214446e+01 1.00000000000000e+05 
1.27990970654626e+01 1.00000000000000e+05 
1.29571106094807e+01 1.00000000000000e+05 
1.31151241534987e+01 1.00000000000000e+05 
1.32731376975168e+01 1.00000000000000e+05 
1.34311512415348e+01 1.00000000000000e+05 
1.35891647855529e+01 1.00000000000000e+05 
1.37471783295709e+01 1.00000000000000e+05 
1.39051918735890e+01 1.00000000000000e+05 
1.40632054176071e+01 1.00000000000000e+05 
1.42212189616251e+01 1.00000000000000e+05 
1.43792325056432e+01 1.00000000000000e+05 
1.45372460496612e+01 1.00000000000000e+05 
1.46952595936793e+01 1.00000000000000e+05 
1.48532731376973e+01 1.00000000000000e+05 
1.50112866817154e+01 1.00000000000000e+05 
1.51693002257334e+01 1.00000000000000e+05 
1.53273137697515e+01 1.00000000000000e+05 
1.54853273137695e+01 1.00000000000000e+05 
1.56433408577876e+01 1.00000000000000e+05 
1.58013544018057e+01 1.00000000000000e+05 
1.59593679458237e+01 1.00000000000000e+05 
1.61173814898418e+01 1.00000000000000e+05 
1.62753950338598e+01 1.00000000000000e+05 
1.64334085778779e+01 1.00000000000000e+05 
1.65914221218959e+01 1.00000000000000e+05 
1.67494356659140e+01 1.00000000000000e+05 
1.69074492099320e+01 1.00000000000000e+05 
1.70654627539501e+01 1.00000000000000e+05 
1.72234762979681e+01 1.00000000000000e+05 
1.73814898419862e+01 1.00000000000000e+05 
1.75395033860043e+01 1.00000000000000e+05 
1.76975169300223e+01 1.00000000000000e+05 
1.78555304740404e+01 1.00000000000000e+05 
1.80135440180584e+01 1.00000000000000e+05 
1.81715575620765e+01 1.00000000000000e+05 
1.83295711060945e+01 1.00000000000000e+05 
1.84875846501126e+01 1.00000000000000e+05 
1.86455981941306e+01 1.00000000000000e+05 
1.88036117381487e+01 1.00000000000000e+05 
1.89616252821667e+01 1.00000000000000e+05 
1.91196388261848e+01 1.00000000000000e+05 
1.92776523702028e+01 1.00000000000000e+05 
1.94356659142209e+01 1.00000000000000e+05 
1.95936794582390e+01 1.00000000000000e+05 
1.97516930022570e+01 1.00000000000000e+05 
1.99097065462751e+01 1.00000000000000e+05 
2.00677200902931e+01 1.00000000000000e+05 
2.02257336343112e+01 1.00000000000000e+05 
2.03837471783292e+01 1.00000000000000e+05 
2.05417607223473e+01 1.00000000000000e+05 
2.06997742663653e+01 1.00000000000004e+05 
2.08577878103834e+01 1.00000000000017e+05 
2.10158013544014e+01 1.00000000000048e+05 
2.11738148984195e+01 1.00000000000157e+05 
2.13318284424376e+01 1.00000000000677e+05 
2.14898419864556e+01 1.00000000006060e+05 
2.16478555304737e+01 1.00000000053016e+05 
2.18058690744917e+01 1.00000000342388e+05 
2.19638826185098e+01 1.00000000633754e+05 
2.21218961625278e+01 1.00000001086557e+05 
2.22799097065459e+01 1.00000001830679e+05 
2.24379232505639e+01 1.00000002918209e+05 
2.25959367945820e+01 1.00000004831348e+05 
2.27539503386000e+01 1.00000008180634e+05 
2.29119638826181e+01 1.00000014255897e+05 
2.30699774266361e+01 1.00000023832201e+05 
2.32279909706542e+01 1.00000037358071e+05 
2.33860045146723e+01 1.00000056049903e+05 
2.35440180586903e+01 1.00000085197205e+05 
2.37020316027084e+01 1.00000132619360e+05 
2.38600451467264e+01 1.00000211329463e+05 
2.40180586907445e+01 1.00000326788456e+05 
2.41760722347625e+01 1.00000479351496e+05 
2.43340857787806e+01 1.00000678922260e+05 
2.44920993227986e+01 1.00000951005328e+05 
2.46501128668167e+01 1.00001334285712e+05 
2.48081264108347e+01 1.00001862042617e+05 
2.49661399548528e+01 1.00002539534362e+05 
2.51241534988708e+01 1.00003335054375e+05 
2.52821670428889e+01 1.00004295142370e+05 
2.54401805869069e+01 1.00005431230108e+05 
2.55981941309250e+01 1.00006814781003e+05 
2.57562076749430e+01 1.00008330444376e+05 
2.59142212189611e+01 1.00009981752908e+05 
2.60722347629791e+01 1.00011629813035e+05 
2.62302483069972e+01 1.00013454160714e+05 
2.63882618510153e+01 1.00015322190044e+05 
2.65462753950333e+01 1.00017295464422e+05 
2.67042889390514e+01 1.00019046960815e+05 
2.68623024830694e+01 1.00020672746121e+05 
2.70203160270875e+01 1.00022002428916e+05 
2.71783295711055e+01 1.00023518567729e+05 
2.73363431151236e+01 1.00024865359840e+05 
2.74943566591416e+01 1.00026077439560e+05 
2.76523702031597e+01 1.00026817517974e+05 
2.78103837471777e+01 1.00027140859224e+05 
2.79683972911958e+01 1.00027063534449e+05 
2.81264108352138e+01 1.00027204122850e+05 
2.82844243792319e+01 1.00027068892085e+05 
2.84424379232499e+01 1.00026600114168e+05 
2.86004514672680e+01 1.00025831301538e+05 
2.87584650112860e+01 1.00024642817076e+05 
2.89164785553041e+01 1.00023026705105e+05 
2.90744920993221e+01 1.00021642949502e+05 
2.92325056433402e+01 1.00019978373524e+05 
2.93905191873582e+01 1.00017979512281e+05 
2.95485327313763e+01 1.00015903435584e+05 
2.97065462753943e+01 1.00013579042634e+05 
2.98645598194124e+01 1.00011041761985e+05 
3.00225733634304e+01 1.00008689435985e+05 
3.01805869074485e+01 1.00006140105679e+05 
3.03386004514665e+01 1.00003308215274e+05 
3.04966139954843e+01 1.00000712012526e+05 
3.06546275395003e+01 9.99981662268329e+04 
3.08126410834971e+01 9.99956537706776e+04 
3.09706546272957e+01 9.99931674897747e+04 
3.11286681708936e+01 9.99905278554324e+04 
3.12866817143274e+01 9.99876585294280e+04 
3.14446952574723e+01 9.99853607267323e+04 
3.16027088001674e+01 9.99833464752773e+04 
3.17607223421364e+01 9.99815613535660e+04 
3.19187358832495e+01 9.99796059213220e+04 
3.20767494226194e+01 9.99776103940159e+04 
3.22347629599941e+01 9.99755618683961e+04 
3.23927764943706e+01 9.99740923591620e+04 
3.25507900239423e+01 9.99731799127944e+04 
3.27088035457829e+01 9.99726571656887e+04 
3.28668170595274e+01 9.99718248274544e+04 
3.30248305599181e+01 9.99710876270089e+04 
3.31828440425992e+01 9.99704595874908e+04 
3.33408575031136e+01 9.99704191465990e+04 
3.34988709293862e+01 9.99709826435085e+04 
3.36568843063214e+01 9.99719863038341e+04 
3.38148976325709e+01 9.99726135246098e+04 
3.39729108878444e+01 9.99735164708940e+04 
3.41309240403887e+01 9.99747348351886e+04 
3.42889370834585e+01 9.99762831226865e+04 
3.44469499667095e+01 9.99783749546255e+04 
3.46049626416154e+01 9.99808891298671e+04 
3.47629751094123e+01 9.99831676983548e+04 
3.49209873220811e+01 9.99856969095792e+04 
3.50789991793260e+01 9.99885831053036e+04 
3.52370106929348e+01 9.99915448408595e+04 
3.53950217552060e+01 9.99947371408115e+04 
3.55530322801683e+01 9.99980793428492e+04 
3.57110422484800e+01 1.00001283062770e+05 
3.58690516557028e+01 1.00004622527116e+05 
3.60270604042267e+01 1.00008242751376e+05 
3.61850684108629e+01 1.00011434501570e+05 
3.63430757025597e+01 1.00014359423370e+05 
3.65010821998343e+01 1.00017098885771e+05 
3.66590879149553e+01 1.00019843787026e+05 
3.68170929429180e+01 1.00022533005214e+05 
3.69750972659910e+01 1.00025205648262e+05 
3.71331008599683e+01 1.00027151951350e+05 
3.72911038794230e+01 1.00028447009612e+05 
3.74491063311914e+01 1.00029229165091e+05 
3.76071083058444e+01 1.00030248507621e+05 
3.77651096857588e+01 1.00031021890120e+05 
3.79231104073047e+01 1.00031609342867e+05 
3.80811109502943e+01 1.00031471283207e+05 
3.82391112062999e+01 1.00030598550440e+05 
3.83971111660317e+01 1.00029228884365e+05 
3.85551109656345e+01 1.00028195239033e+05 
3.87131105571401e+01 1.00026867049825e+05 
3.88711098652798e+01 1.00025222458901e+05 
3.90291090063081e+01 1.00023275746627e+05 
3.91871079803516e+01 1.00020823797867e+05 
3.93451069164122e+01 1.00018013916295e+05 
3.95031056072435e+01 1.00015526838098e+05 
3.96611044176520e+01 1.00012803058049e+05 
3.98191030871787e+01 1.00009780079498e+05 
3.99771018088401e+01 1.00006844186690e+05 
4.01351007074698e+01 1.00003780487700e+05 
4.02930997022155e+01 1.00000634340310e+05 
4.04510986021552e+01 9.99976659871927e+04 
4.06090971618161e+01 9.99945229648431e+04 
4.07670958737284e+01 9.99911148003238e+04 
4.09250951708767e+01 9.99881664268397e+04 
4.10830945501286e+01 9.99854915696402e+04 
4.12410939472816e+01 9.99829273193136e+04 
4.13990933807653e+01 9.99803119394202e+04 
4.15570928592266e+01 9.99776446516541e+04 
4.17150923413803e+01 9.99748871604305e+04 
4.18730918618998e+01 9.99727554771414e+04 
4.20310913871491e+01 9.99711921624741e+04 
4.21890909437351e+01 9.99700120831419e+04 
4.23470905543198e+01 9.99685712885018e+04 
4.25050902256413e+01 9.99672486213674e+04 
4.26630899184684e+01 9.99659915875125e+04 
4.28210896745392e+01 9.99654086626621e+04 
4.29790892602239e+01 9.99655453650012e+04 
4.31370888188632e+01 9.99662012138480e+04 
4.32950884109090e+01 9.99665457224201e+04 
4.34530877023690e+01 9.99671223021591e+04 
4.36110866376294e+01 9.99678716619017e+04 
4.37690854724754e+01 9.99691285268859e+04 
4.39270845035842e+01 9.99710448683763e+04 
4.40850833364672e+01 9.99734227319168e+04 
4.42430820276957e+01 9.99754912024978e+04 
4.44010804989590e+01 9.99778342935108e+04 
4.45590788134630e+01 9.99805355729509e+04 
4.47170770655565e+01 9.99833339197389e+04 
4.48750752148097e+01 9.99864687896010e+04 
4.50330732938293e+01 9.99898679465011e+04 
4.51910713795358e+01 9.99929828426084e+04 
4.53490693983586e+01 9.99963052873640e+04 
4.55070674106562e+01 9.99999005370451e+04 
4.56650653676240e+01 1.00003261159729e+05 
4.58230631625694e+01 1.00006374104099e+05 
4.59810608096228e+01 1.00009379115571e+05 
4.61390583312556e+01 1.00012328056199e+05 
4.62970557728472e+01 1.00015309190577e+05 
4.64550531385988e+01 1.00018407273753e+05 
4.66130504658573e+01 1.00020765661571e+05 
4.67710476910669e+01 1.00022569140767e+05 
4.69290448370875e+01 1.00024047221725e+05 
4.70870418817074e+01 1.00025678117757e+05 
4.72450388394929e+01 1.00027152138238e+05 
4.74030357844738e+01 1.00028548058276e+05 
4.75610327369803e+01 1.00029209611545e+05 
4.77190296641417e+01 1.00029179873302e+05 
4.78770265567167e+01 1.00028659435989e+05 
4.80350232907807e+01 1.00028444231559e+05 
4.81930199724646e+01 1.00028056477099e+05 
4.83510166821919e+01 1.00027412015985e+05 
4.85090134340476e+01 1.00026418174589e+05 
4.86670101864053e+01 1.00024786797102e+05 
4.88250069367958e+01 1.00022735936916e+05 
4.89830037017608e+01 1.00021003729919e+05 
4.91410003791622e+01 1.00019036352511e+05 
4.92989969712441e+01 1.00016807914022e+05 
4.94569936135427e+01 1.00014505439173e+05 
4.96149902571749e+01 1.00011859450588e+05 
4.97729869349215e+01 1.00008973377898e+05 
4.99309836461128e+01 1.00006362892637e+05 
5.00889804092298e+01 1.00003526294777e+05 
5.02469772586986e+01 1.00000451024875e+05 
5.04049742099479e+01 9.99975578665443e+04 
5.05629710368897e+01 9.99947346035438e+04 
5.07209677221875e+01 9.99919722501596e+04 
5.08789643925024e+01 9.99892376401896e+04 
5.10369611214738e+01 9.99863848722431e+04 
5.11949579837573e+01 9.99833368872400e+04 
5.13529549196390e+01 9.99808517174756e+04 
5.15109519220113e+01 9.99787618361098e+04 
5.16689490194469e+01 9.99768956206059e+04 
5.18269461871349e+01 9.99749142440060e+04 
5.19849434232851e+01 9.99730111137550e+04 
5.21429407955823e+01 9.99710682066959e+04 
5.23009380095267e+01 9.99698180781358e+04 
5.24589351151370e+01 9.99692037606200e+04 
5.26169322605497e+01 9.99690602768279e+04 
5.27749294397864e+01 9.99686629780206e+04 
5.29329267403186e+01 9.99684816295576e+04 
5.30909241439174e+01 9.99684910473348e+04 
5.32489216473604e+01 9.99690912585687e+04 
5.34069192807000e+01 9.99703262550411e+04 
5.35649170063727e+01 9.99720539349609e+04 
5.37229148023365e+01 9.99735127840918e+04 
5.38809127246988e+01 9.99752737841202e+04 
5.40389107877367e+01 9.99773840937966e+04 
5.41969089517492e+01 9.99797028505151e+04 
5.43549072484630e+01 9.99825031409767e+04 
5.45129054270051e+01 9.99856124454815e+04 
5.46709034516164e+01 9.99884587048390e+04 
5.48289014795824e+01 9.99915434738143e+04 
5.49868996507851e+01 9.99949065689362e+04 
5.51448978880694e+01 9.99981075193536e+04 
5.53028962526066e+01 1.00001350503187e+05 
5.54608947556885e+01 1.00004590076120e+05 
5.56188933188464e+01 1.00007654828289e+05 
5.57768920070724e+01 1.00010802971623e+05 
5.59348908650161e+01 1.00014102783326e+05 
5.60928898167026e+01 1.00016776869379e+05 
5.62508889037190e+01 1.00019068520840e+05 
5.64088881394332e+01 1.00021116577614e+05 
5.65668874484921e+01 1.00023159495454e+05 
5.67248868836807e+01 1.00025075424481e+05 
5.68828864893542e+01 1.00026937684500e+05 
5.70408861960338e+01 1.00028051721495e+05 
5.71988860391269e+01 1.00028552068896e+05 
5.73568857825965e+01 1.00028565074417e+05 
5.75148854374958e+01 1.00028799470645e+05 
5.76728851158728e+01 1.00028810078184e+05 
5.78308849012099e+01 1.00028629876019e+05 
5.79888847480601e+01 1.00027935421854e+05 
5.81468847532464e+01 1.00026621297077e+05 
5.83048848708051e+01 1.00024874242601e+05 
5.84628851001882e+01 1.00023393140140e+05 
5.86208854661624e+01 1.00021695168160e+05 
5.87788859510897e+01 1.00019756310980e+05 
5.89368865555350e+01 1.00017658223130e+05 
5.90948872830377e+01 1.00015130629577e+05 
5.92528880864323e+01 1.00012338239501e+05 
5.94108889302507e+01 1.00009836354155e+05 
5.95688898327881e+01 1.00007136409922e+05 
5.97268908041111e+01 1.00004227964202e+05 
5.98848918003332e+01 1.00001485271298e+05 
6.00428928680254e+01 9.99986568186957e+04 
6.02008940796456e+01 9.99958152462649e+04 
6.03588954725139e+01 9.99931549308188e+04 
6.05168971072922e+01 9.99903772259072e+04 
6.06748990531746e+01 9.99874239387052e+04 
6.08329010433522e+01 9.99849614603323e+04 
6.09909029438758e+01 9.99827597927230e+04 
6.11489044805151e+01 9.99807190160835e+04 
6.13069057727749e+01 9.99786668662695e+04 
6.14649070351632e+01 9.99766461210018e+04 
6.16229081384915e+01 9.99745748551904e+04 
6.17809092441211e+01 9.99731041137798e+04 
6.19389101339700e+01 9.99721177361632e+04 
6.20969109801752e+01 9.99715382296875e+04 
6.22549119387378e+01 9.99707269914773e+04 
6.24129129488496e+01 9.99700904742324e+04 
6.25709138861800e+01 9.99695569876269e+04 
6.27289151983368e+01 9.99695339327957e+04 
6.28869165870729e+01 9.99701428572996e+04 
6.30449181597254e+01 9.99712332636013e+04 
6.32029200758520e+01 9.99720000349856e+04 
6.33609221827735e+01 9.99730081141452e+04 
6.35189242560073e+01 9.99742098698486e+04 
6.36769260693996e+01 9.99757364020415e+04 
6.38349281051127e+01 9.99777848218713e+04 
6.39929298098694e+01 9.99801818154750e+04 
6.41509316615666e+01 9.99822866369131e+04 
6.43089337942408e+01 9.99846494152399e+04 
6.44669357869463e+01 9.99873063767951e+04 
6.46249374433373e+01 9.99899670778802e+04 
6.47829389136374e+01 9.99929125820828e+04 
6.49409399663625e+01 9.99960165360121e+04 
6.50989409632269e+01 9.99988653759874e+04 
6.52569421377169e+01 1.00001882320624e+05 
6.54149430085585e+01 1.00005206976810e+05 
6.55729437641150e+01 1.00008178478166e+05 
6.57309443638751e+01 1.00010936233764e+05 
6.58889448714392e+01 1.00013556992353e+05 
6.60469454271883e+01 1.00016102099389e+05 
6.62049458871531e+01 1.00018641514891e+05 
6.63629460911794e+01 1.00021276815606e+05 
6.65209461944869e+01 1.00023191092451e+05 
6.66789460139657e+01 1.00024587924568e+05 
6.68369454321013e+01 1.00025629233948e+05 
6.69949447414460e+01 1.00026792358944e+05 
6.71529441536746e+01 1.00027772887864e+05 
6.73109433241402e+01 1.00028630728551e+05 
6.74689424701647e+01 1.00028858076664e+05 
6.76269417991850e+01 1.00028392322888e+05 
6.77849410142811e+01 1.00027459236129e+05 
6.79429404441664e+01 1.00026825184679e+05 
6.81009399323400e+01 1.00025960980080e+05 
6.82589394467423e+01 1.00024933677660e+05 
6.84169390831585e+01 1.00023503673077e+05 
6.85749387125848e+01 1.00021522838775e+05 
6.87329381770452e+01 1.00019208922300e+05 
6.88909376719355e+01 1.00017200743397e+05 
6.90489371579850e+01 1.00014994480936e+05 
6.92069365995741e+01 1.00012545070123e+05 
6.93649360510441e+01 1.00010143723236e+05 
6.95229353740816e+01 1.00007443911298e+05 
6.96809345840638e+01 1.00004585311644e+05 
6.98389340499524e+01 1.00001996892345e+05 
6.99969337688401e+01 9.99992441156993e+04 
7.01549335087798e+01 9.99963310605976e+04 
7.03129334087804e+01 9.99936376280081e+04 
7.04709333808406e+01 9.99910623634358e+04 
7.06289333787524e+01 9.99886059462815e+04 
7.07869336204822e+01 9.99861899884010e+04 
7.09449340672215e+01 9.99837165328109e+04 
7.11029345997939e+01 9.99811073921684e+04 
7.12609350713582e+01 9.99790659312280e+04 
7.14189347160093e+01 9.99774008676374e+04 
7.15769336370085e+01 9.99759367006354e+04 
7.17349322495437e+01 9.99743557082909e+04 
7.18929307461385e+01 9.99728687226519e+04 
7.20509289766604e+01 9.99714007268391e+04 
7.22089272661357e+01 9.99705255570763e+04 
7.23669254718874e+01 9.99702086431303e+04 
7.25249235776293e+01 9.99703270944271e+04 
7.26829219494500e+01 9.99701642068775e+04 
7.28409203727508e+01 9.99702287320949e+04 
7.29989186538633e+01 9.99704725612397e+04 
7.31569171184710e+01 9.99711337003774e+04 
7.33149154807419e+01 9.99723957251154e+04 
7.34729138742871e+01 9.99740422534961e+04 
7.36309123482416e+01 9.99754476576933e+04 
7.37889111043111e+01 9.99771083492778e+04 
7.39469098644377e+01 9.99790620146671e+04 
7.41049087471577e+01 9.99811868122560e+04 
7.42629075233993e+01 9.99837382467144e+04 
7.44209062786759e+01 9.99865753841517e+04 
7.45789051660299e+01 9.99891549051765e+04 
7.47369040521852e+01 9.99920166039501e+04 
7.48949026971529e+01 9.99951398035295e+04 
7.50529013271319e+01 9.99981243798959e+04 
7.52109000002093e+01 1.00001177737575e+05 
7.53688985762336e+01 1.00004252740029e+05 
7.55268972581844e+01 1.00007173641652e+05 
7.56848960103278e+01 1.00010204708716e+05 
7.58428947255754e+01 1.00013390682208e+05 
7.60008936594136e+01 1.00016032538225e+05 
7.61588924322546e+01 1.00018348856460e+05 
7.63168911638559e+01 1.00020443321294e+05 
7.64748900450755e+01 1.00022549883202e+05 
7.66328890548658e+01 1.00024552305006e+05 
7.67908878834910e+01 1.00026560941903e+05 
7.69488867890563e+01 1.00027841654683e+05 
7.71068856575359e+01 1.00028522842687e+05 
7.72648846605642e+01 1.00028752686837e+05 
7.74228838477881e+01 1.00029211537664e+05 
7.75808832323467e+01 1.00029462190915e+05 
7.77388824246277e+01 1.00029556080511e+05 
7.78968816322887e+01 1.00029120978463e+05 
7.80548807011359e+01 1.00028036726120e+05 
7.82128796943324e+01 1.00026540808673e+05 
7.83708787081097e+01 1.00025298342254e+05 
7.85288777862713e+01 1.00023875756093e+05 
7.86868768060587e+01 1.00022217132793e+05 
7.88448759839678e+01 1.00020345850491e+05 
7.90028750293676e+01 1.00018023886713e+05 
7.91608740579794e+01 1.00015403350369e+05 
7.93188731240776e+01 1.00013080036765e+05 
7.94768722866737e+01 1.00010546843098e+05 
7.96348714744995e+01 1.00007824951683e+05 
7.97928707841639e+01 1.00005209503104e+05 
7.99508700431175e+01 1.00002447552196e+05 
8.01088692532010e+01 9.99996162003369e+04 
8.02668685571017e+01 9.99969825448346e+04 
8.04248679221742e+01 9.99942367541037e+04 
8.05828672895297e+01 9.99912939002144e+04 
8.07408668401889e+01 9.99887701201710e+04 
8.08988663183940e+01 9.99864478980479e+04 
8.10568658136689e+01 9.99842349605071e+04 
8.12148653641856e+01 9.99820123089452e+04 
8.13728650602450e+01 9.99798149477094e+04 
8.15308647094415e+01 9.99774981525095e+04 
8.16888645412167e+01 9.99757613151391e+04 
8.18468642992061e+01 9.99744975006361e+04 
8.20048640365115e+01 9.99735410533415e+04 
8.21628638878385e+01 9.99724023904854e+04 
8.23208638447879e+01 9.99714156738000e+04 
8.24788638290085e+01 9.99704899762166e+04 
8.26368639316287e+01 9.99701252970853e+04 
8.27948639928999e+01 9.99703811854941e+04 
8.29528640097892e+01 9.99711079609248e+04 
8.31108641257694e+01 9.99715290698980e+04 
8.32688643339817e+01 9.99721904026951e+04 
8.34268645003396e+01 9.99731168397257e+04 
8.35848648702901e+01 9.99742562568208e+04 
8.37428651207969e+01 9.99760010791583e+04 
8.39008653577218e+01 9.99781814775126e+04 
8.40588656514321e+01 9.99800634604093e+04 
8.42168660797810e+01 9.99821967028381e+04 
8.43748664504764e+01 9.99846177210801e+04 
8.45328669632765e+01 9.99871132634785e+04 
8.46908673910183e+01 9.99899207196611e+04 
8.48488677558302e+01 9.99929705136848e+04 
8.50068682338221e+01 9.99957454501690e+04 
8.51648687934220e+01 9.99987290304341e+04 
8.53228693020651e+01 1.00001958714124e+05 
8.54808699523303e+01 1.00004976529959e+05 
8.56388704750119e+01 1.00007850816715e+05 
8.57968709951201e+01 1.00010599214035e+05 
8.59548715414848e+01 1.00013282315533e+05 
8.61128721364377e+01 1.00016010708040e+05 
8.62708727179347e+01 1.00018859062626e+05 
8.64288733473842e+01 1.00021005843347e+05 
8.65868739800674e+01 1.00022681264380e+05 
8.67448745080638e+01 1.00024082700541e+05 
8.69028751837753e+01 1.00025580977790e+05 
8.70608758960404e+01 1.00026941012747e+05 
8.72188765860811e+01 1.00028195310713e+05 
8.73768773582707e+01 1.00028750715055e+05 
8.75348780012508e+01 1.00028664904805e+05 
8.76928786004829e+01 1.00028136867503e+05 
8.78508792441084e+01 1.00027871190614e+05 
8.80088800434000e+01 1.00027404139733e+05 
8.81668806916759e+01 1.00026746447610e+05 
8.83248814855233e+01 1.00025687488138e+05 
8.84828821285871e+01 1.00024087574824e+05 
8.86408826913246e+01 1.00022063538702e+05 
8.87988833442697e+01 1.00020313149585e+05 
8.89568840341034e+01 1.00018385442433e+05 
8.91148847006716e+01 1.00016241904239e+05 
8.92728853750260e+01 1.00014037591459e+05 
8.94308859501744e+01 1.00011485922706e+05 
8.95888863918260e+01 1.00008688560825e+05 
8.97468869365088e+01 1.00006178853284e+05 
8.99048875615784e+01 1.00003526984320e+05 
9.00628880436466e+01 1.00000664870070e+05 
9.02208886930447e+01 9.99980270234562e+04 
9.03788890986989e+01 9.99954508264909e+04 
9.05368894584843e+01 9.99928655741019e+04 
9.06948898189981e+01 9.99903724805733e+04 
9.08528902524989e+01 9.99877817236589e+04 
9.10108905775425e+01 9.99850975402274e+04 
9.11688909467955e+01 9.99829449155060e+04 
9.13268912145514e+01 9.99810799655422e+04 
9.14848913158008e+01 9.99793948807629e+04 
9.16428915822170e+01 9.99776295857967e+04 
9.18008918169298e+01 9.99759483862545e+04 
9.19588919708743e+01 9.99742438453857e+04 
9.21168922103786e+01 9.99731361159713e+04 
9.22748922710947e+01 9.99725863659154e+04 
9.24328922715071e+01 9.99724210085568e+04 
9.25908922911711e+01 9.99720026633454e+04 
9.27488924135160e+01 9.99717811306195e+04 
9.29068924081221e+01 9.99717142077702e+04 
9.30648924455409e+01 9.99721159571971e+04 
9.32228924177697e+01 9.99731165178729e+04 
9.33808923174738e+01 9.99745296321986e+04 
9.35388923127242e+01 9.99756518044559e+04 
9.36968923560327e+01 9.99770088372783e+04 
9.38548923989902e+01 9.99786395854061e+04 
9.40128924384549e+01 9.99805011953563e+04 
9.41708924405656e+01 9.99828141357555e+04 
9.43288923108054e+01 9.99854638236979e+04 
9.44868920599109e+01 9.99878538068828e+04 
9.46448916529606e+01 9.99904759285941e+04 
9.48028916076712e+01 9.99933784862513e+04 
9.49608914944496e+01 9.99962282178210e+04 
9.51188913057259e+01 9.99991896723897e+04 
9.52768912337209e+01 1.00002230068177e+05 
9.54348911411694e+01 1.00005097392135e+05 
9.55928911756063e+01 1.00008095297145e+05 
9.57508910635802e+01 1.00011281740014e+05 
9.59088910424678e+01 1.00013940050404e+05 
9.60668908867435e+01 1.00016327395514e+05 
9.62248906047757e+01 1.00018560525464e+05 
9.63828904827730e+01 1.00020771137917e+05 
9.65408903462501e+01 1.00022911773993e+05 
9.66988901623332e+01 1.00025081271952e+05 
9.68568900168082e+01 1.00026529215157e+05 
9.70148897240250e+01 1.00027416535299e+05 
9.71728892944551e+01 1.00027877885714e+05 
9.73308889047403e+01 1.00028544691117e+05 
9.74888886147520e+01 1.00029011216041e+05 
9.76468881266289e+01 1.00029324652510e+05 
9.78048877845412e+01 1.00029089854198e+05 
9.79628871957190e+01 1.00028200800454e+05 
9.81208865399089e+01 1.00026856342244e+05 
9.82788858937054e+01 1.00025840720851e+05 
9.84368853019583e+01 1.00024602845263e+05 
9.85948846206375e+01 1.00023124849651e+05 
9.87528839618249e+01 1.00021385426110e+05 
9.89108832001843e+01 1.00019193030492e+05 
9.90688822583182e+01 1.00016682887514e+05 
9.92268814607112e+01 1.00014462852586e+05 
9.93848806720824e+01 1.00012058548573e+05 
9.95428797821141e+01 1.00009460092624e+05 
9.97008790097915e+01 1.00006913247212e+05 
9.98588780603129e+01 1.00004203763991e+05 
1.00016877088879e+02 1.00001383657434e+05 
