# Liste des scalaires : TEMPS pmat 
0.00000000000000e+00 1.00000000000000e+05 
1.58013544018059e-01 1.00000000000000e+05 
3.16027088036117e-01 1.00000000000000e+05 
4.74040632054176e-01 1.00000000000000e+05 
6.32054176072234e-01 1.00000000000000e+05 
7.90067720090293e-01 1.00000000000000e+05 
9.48081264108351e-01 1.00000000000000e+05 
1.10609480812641e+00 1.00000000000000e+05 
1.26410835214447e+00 1.00000000000000e+05 
1.42212189616253e+00 1.00000000000000e+05 
1.58013544018058e+00 1.00000000000000e+05 
1.73814898419864e+00 1.00000000000000e+05 
1.89616252821670e+00 1.00000000000000e+05 
2.05417607223476e+00 1.00000000000000e+05 
2.21218961625282e+00 1.00000000000000e+05 
2.37020316027087e+00 1.00000000000000e+05 
2.52821670428893e+00 1.00000000000000e+05 
2.68623024830699e+00 1.00000000000000e+05 
2.84424379232505e+00 1.00000000000000e+05 
3.00225733634311e+00 1.00000000000000e+05 
3.16027088036116e+00 1.00000000000000e+05 
3.31828442437922e+00 1.00000000000000e+05 
3.47629796839728e+00 1.00000000000000e+05 
3.63431151241534e+00 1.00000000000000e+05 
3.79232505643340e+00 1.00000000000000e+05 
3.95033860045145e+00 1.00000000000000e+05 
4.10835214446951e+00 1.00000000000000e+05 
4.26636568848757e+00 1.00000000000000e+05 
4.42437923250563e+00 1.00000000000000e+05 
4.58239277652368e+00 1.00000000000000e+05 
4.74040632054174e+00 1.00000000000000e+05 
4.89841986455980e+00 1.00000000000000e+05 
5.05643340857786e+00 1.00000000000000e+05 
5.21444695259591e+00 1.00000000000000e+05 
5.37246049661397e+00 1.00000000000000e+05 
5.53047404063203e+00 1.00000000000000e+05 
5.68848758465009e+00 1.00000000000000e+05 
5.84650112866814e+00 1.00000000000000e+05 
6.00451467268620e+00 1.00000000000000e+05 
6.16252821670426e+00 1.00000000000000e+05 
6.32054176072231e+00 1.00000000000000e+05 
6.47855530474037e+00 1.00000000000000e+05 
6.63656884875843e+00 1.00000000000000e+05 
6.79458239277648e+00 1.00000000000000e+05 
6.95259593679454e+00 1.00000000000000e+05 
7.11060948081260e+00 1.00000000000000e+05 
7.26862302483065e+00 1.00000000000000e+05 
7.42663656884871e+00 1.00000000000000e+05 
7.58465011286677e+00 1.00000000000000e+05 
7.74266365688483e+00 1.00000000000000e+05 
7.90067720090288e+00 1.00000000000000e+05 
8.05869074492094e+00 1.00000000000000e+05 
8.21670428893899e+00 1.00000000000000e+05 
8.37471783295705e+00 1.00000000000000e+05 
8.53273137697511e+00 1.00000000000000e+05 
8.69074492099316e+00 1.00000000000000e+05 
8.84875846501122e+00 1.00000000000000e+05 
9.00677200902927e+00 1.00000000000000e+05 
9.16478555304733e+00 1.00000000000000e+05 
9.32279909706538e+00 1.00000000000000e+05 
9.48081264108344e+00 1.00000000000000e+05 
9.63882618510150e+00 1.00000000000000e+05 
9.79683972911955e+00 1.00000000000000e+05 
9.95485327313761e+00 1.00000000000000e+05 
1.01128668171557e+01 1.00000000000000e+05 
1.02708803611737e+01 1.00000000000000e+05 
1.04288939051918e+01 1.00000000000000e+05 
1.05869074492098e+01 1.00000000000000e+05 
1.07449209932279e+01 1.00000000000000e+05 
1.09029345372459e+01 1.00000000000000e+05 
1.10609480812640e+01 1.00000000000000e+05 
1.12189616252821e+01 1.00000000000000e+05 
1.13769751693001e+01 1.00000000000000e+05 
1.15349887133182e+01 1.00000000000000e+05 
1.16930022573362e+01 1.00000000000000e+05 
1.18510158013543e+01 1.00000000000000e+05 
1.20090293453723e+01 1.00000000000000e+05 
1.21670428893904e+01 1.00000000000000e+05 
1.23250564334084e+01 1.00000000000000e+05 
1.24830699774265e+01 1.00000000000000e+05 
1.26410835214446e+01 1.00000000000000e+05 
1.27990970654626e+01 1.00000000000000e+05 
1.29571106094807e+01 1.00000000000000e+05 
1.31151241534987e+01 1.00000000000000e+05 
1.32731376975168e+01 1.00000000000000e+05 
1.34311512415348e+01 1.00000000000000e+05 
1.35891647855529e+01 1.00000000000000e+05 
1.37471783295709e+01 1.00000000000000e+05 
1.39051918735890e+01 1.00000000000000e+05 
1.40632054176071e+01 1.00000000000000e+05 
1.42212189616251e+01 1.00000000000000e+05 
1.43792325056432e+01 1.00000000000000e+05 
1.45372460496612e+01 1.00000000000000e+05 
1.46952595936793e+01 1.00000000000000e+05 
1.48532731376973e+01 1.00000000000000e+05 
1.50112866817154e+01 1.00000000000000e+05 
1.51693002257334e+01 1.00000000000000e+05 
1.53273137697515e+01 1.00000000000000e+05 
1.54853273137695e+01 1.00000000000000e+05 
1.56433408577876e+01 1.00000000000000e+05 
1.58013544018057e+01 1.00000000000000e+05 
1.59593679458237e+01 1.00000000000000e+05 
1.61173814898418e+01 1.00000000000000e+05 
1.62753950338598e+01 1.00000000000000e+05 
1.64334085778779e+01 1.00000000000000e+05 
1.65914221218959e+01 1.00000000000000e+05 
1.67494356659140e+01 1.00000000000000e+05 
1.69074492099320e+01 1.00000000000000e+05 
1.70654627539501e+01 1.00000000000000e+05 
1.72234762979681e+01 1.00000000000000e+05 
1.73814898419862e+01 1.00000000000000e+05 
1.75395033860043e+01 1.00000000000000e+05 
1.76975169300223e+01 1.00000000000000e+05 
1.78555304740404e+01 1.00000000000000e+05 
1.80135440180584e+01 1.00000000000000e+05 
1.81715575620765e+01 1.00000000000000e+05 
1.83295711060945e+01 1.00000000000000e+05 
1.84875846501126e+01 1.00000000000000e+05 
1.86455981941306e+01 1.00000000000000e+05 
1.88036117381487e+01 1.00000000000000e+05 
1.89616252821667e+01 1.00000000000000e+05 
1.91196388261848e+01 1.00000000000000e+05 
1.92776523702028e+01 1.00000000000000e+05 
1.94356659142209e+01 1.00000000000000e+05 
1.95936794582390e+01 1.00000000000000e+05 
1.97516930022570e+01 1.00000000000000e+05 
1.99097065462751e+01 1.00000000000000e+05 
2.00677200902931e+01 1.00000000000000e+05 
2.02257336343112e+01 1.00000000000000e+05 
2.03837471783292e+01 1.00000000000000e+05 
2.05417607223473e+01 1.00000000000000e+05 
2.06997742663653e+01 1.00000000000000e+05 
2.08577878103834e+01 1.00000000000000e+05 
2.10158013544014e+01 1.00000000000000e+05 
2.11738148984195e+01 1.00000000000000e+05 
2.13318284424376e+01 1.00000000000000e+05 
2.14898419864556e+01 1.00000000000000e+05 
2.16478555304737e+01 1.00000000000000e+05 
2.18058690744917e+01 1.00000000000000e+05 
2.19638826185098e+01 1.00000000000000e+05 
2.21218961625278e+01 1.00000000000000e+05 
2.22799097065459e+01 1.00000000000000e+05 
2.24379232505639e+01 1.00000000000000e+05 
2.25959367945820e+01 1.00000000000000e+05 
2.27539503386000e+01 1.00000000000000e+05 
2.29119638826181e+01 1.00000000000000e+05 
2.30699774266361e+01 1.00000000000000e+05 
2.32279909706542e+01 1.00000000000000e+05 
2.33860045146723e+01 1.00000000000000e+05 
2.35440180586903e+01 1.00000000000000e+05 
2.37020316027084e+01 1.00000000000000e+05 
2.38600451467264e+01 1.00000000000000e+05 
2.40180586907445e+01 1.00000000000000e+05 
2.41760722347625e+01 1.00000000000000e+05 
2.43340857787806e+01 1.00000000000000e+05 
2.44920993227986e+01 1.00000000000000e+05 
2.46501128668167e+01 1.00000000000000e+05 
2.48081264108347e+01 1.00000000000000e+05 
2.49661399548528e+01 1.00000000000000e+05 
2.51241534988708e+01 1.00000000000000e+05 
2.52821670428889e+01 1.00000000000000e+05 
2.54401805869069e+01 1.00000000000000e+05 
2.55981941309250e+01 1.00000000000000e+05 
2.57562076749430e+01 1.00000000000000e+05 
2.59142212189611e+01 1.00000000000000e+05 
2.60722347629791e+01 1.00000000000000e+05 
2.62302483069972e+01 1.00000000000000e+05 
2.63882618510153e+01 1.00000000000000e+05 
2.65462753950333e+01 1.00000000000000e+05 
2.67042889390514e+01 1.00000000000000e+05 
2.68623024830694e+01 1.00000000000000e+05 
2.70203160270875e+01 1.00000000000001e+05 
2.71783295711055e+01 1.00000000000009e+05 
2.73363431151236e+01 1.00000000000047e+05 
2.74943566591416e+01 1.00000000000262e+05 
2.76523702031597e+01 1.00000000000580e+05 
2.78103837471777e+01 1.00000000008933e+05 
2.79683972911958e+01 1.00000000060592e+05 
2.81264108352138e+01 1.00000000400711e+05 
2.82844243792319e+01 1.00000000772584e+05 
2.84424379232499e+01 1.00000001229378e+05 
2.86004514672680e+01 1.00000002037540e+05 
2.87584650112860e+01 1.00000003135957e+05 
2.89164785553041e+01 1.00000004500843e+05 
2.90744920993221e+01 1.00000006780144e+05 
2.92325056433402e+01 1.00000010491514e+05 
2.93905191873582e+01 1.00000017676453e+05 
2.95485327313763e+01 1.00000028746601e+05 
2.97065462753943e+01 1.00000044130137e+05 
2.98645598194124e+01 1.00000062860929e+05 
3.00225733634304e+01 1.00000091690114e+05 
3.01805869074485e+01 1.00000135967077e+05 
3.03386004514665e+01 1.00000212558497e+05 
3.04966139954843e+01 1.00000321432217e+05 
3.06546275395003e+01 1.00000461821143e+05 
3.08126410834971e+01 1.00000623434586e+05 
3.09706546272957e+01 1.00000856370168e+05 
3.11286681708936e+01 1.00001183828733e+05 
3.12866817143274e+01 1.00001682365176e+05 
3.14446952574723e+01 1.00002304721666e+05 
3.16027088001674e+01 1.00002985556491e+05 
3.17607223421364e+01 1.00003668857364e+05 
3.19187358832495e+01 1.00004521111305e+05 
3.20767494226194e+01 1.00005640714763e+05 
3.22347629599941e+01 1.00007077441367e+05 
3.23927764943706e+01 1.00008600664615e+05 
3.25507900239423e+01 1.00009887510542e+05 
3.27088035457829e+01 1.00010939075353e+05 
3.28668170595274e+01 1.00012124165567e+05 
3.30248305599181e+01 1.00013699989980e+05 
3.31828440425992e+01 1.00015559901099e+05 
3.33408575031136e+01 1.00017214103130e+05 
3.34988709293862e+01 1.00018132835674e+05 
3.36568843063214e+01 1.00018561540066e+05 
3.38148976325709e+01 1.00019097718922e+05 
3.39729108878444e+01 1.00020161728864e+05 
3.41309240403887e+01 1.00021334066873e+05 
3.42889370834585e+01 1.00022047222721e+05 
3.44469499667095e+01 1.00021773875567e+05 
3.46049626416154e+01 1.00021054405863e+05 
3.47629751094123e+01 1.00020481228668e+05 
3.49209873220811e+01 1.00020256353886e+05 
3.50789991793260e+01 1.00020229784697e+05 
3.52370106929348e+01 1.00019906213416e+05 
3.53950217552060e+01 1.00018649604794e+05 
3.55530322801683e+01 1.00016894271221e+05 
3.57110422484800e+01 1.00015226615763e+05 
3.58690516557028e+01 1.00013928297545e+05 
3.60270604042267e+01 1.00012769724250e+05 
3.61850684108629e+01 1.00011280696342e+05 
3.63430757025597e+01 1.00009316593332e+05 
3.65010821998343e+01 1.00007168402525e+05 
3.66590879149553e+01 1.00005000413806e+05 
3.68170929429180e+01 1.00002949599584e+05 
3.69750972659910e+01 1.00000987184360e+05 
3.71331008599683e+01 9.99989789007598e+04 
3.72911038794230e+01 9.99970565659991e+04 
3.74491063311914e+01 9.99951858653298e+04 
3.76071083058444e+01 9.99931533031302e+04 
3.77651096857588e+01 9.99909858217213e+04 
3.79231104073047e+01 9.99887805947670e+04 
3.80811109502943e+01 9.99868220174457e+04 
3.82391112062999e+01 9.99855064824912e+04 
3.83971111660317e+01 9.99844937852155e+04 
3.85551109656345e+01 9.99832328633779e+04 
3.87131105571401e+01 9.99814911935181e+04 
3.88711098652798e+01 9.99796388156052e+04 
3.90291090063081e+01 9.99782988147797e+04 
3.91871079803516e+01 9.99780506788619e+04 
3.93451069164122e+01 9.99781970233981e+04 
3.95031056072435e+01 9.99780878831958e+04 
3.96611044176520e+01 9.99773262835795e+04 
3.98191030871787e+01 9.99763881944569e+04 
3.99771018088401e+01 9.99760818570368e+04 
4.01351007074698e+01 9.99768666676369e+04 
4.02930997022155e+01 9.99781566048687e+04 
4.04510986021552e+01 9.99793291607289e+04 
4.06090971618161e+01 9.99799125116509e+04 
4.07670958737284e+01 9.99803395700440e+04 
4.09250951708767e+01 9.99813505216361e+04 
4.10830945501286e+01 9.99832264596914e+04 
4.12410939472816e+01 9.99854670476543e+04 
4.13990933807653e+01 9.99877576955317e+04 
4.15570928592266e+01 9.99897479459952e+04 
4.17150923413803e+01 9.99916395291770e+04 
4.18730918618998e+01 9.99938343015153e+04 
4.20310913871491e+01 9.99963229466443e+04 
4.21890909437351e+01 9.99989024888081e+04 
4.23470905543198e+01 1.00001639237665e+05 
4.25050902256413e+01 1.00004441533509e+05 
4.26630899184684e+01 1.00007212201282e+05 
4.28210896745392e+01 1.00009801818758e+05 
4.29790892602239e+01 1.00011943237988e+05 
4.31370888188632e+01 1.00013805672470e+05 
4.32950884109090e+01 1.00015901119473e+05 
4.34530877023690e+01 1.00018348852857e+05 
4.36110866376294e+01 1.00020793820861e+05 
4.37690854724754e+01 1.00022675062952e+05 
4.39270845035842e+01 1.00023280339218e+05 
4.40850833364672e+01 1.00023467426563e+05 
4.42430820276957e+01 1.00023955416412e+05 
4.44010804989590e+01 1.00024976830426e+05 
4.45590788134630e+01 1.00026033699221e+05 
4.47170770655565e+01 1.00026261763420e+05 
4.48750752148097e+01 1.00025221903456e+05 
4.50330732938293e+01 1.00023700918165e+05 
4.51910713795358e+01 1.00022371760938e+05 
4.53490693983586e+01 1.00021618863090e+05 
4.55070674106562e+01 1.00020933414328e+05 
4.56650653676240e+01 1.00019594757807e+05 
4.58230631625694e+01 1.00017345350286e+05 
4.59810608096228e+01 1.00014787322365e+05 
4.61390583312556e+01 1.00012299340933e+05 
4.62970557728472e+01 1.00010166573415e+05 
4.64550531385988e+01 1.00008126455754e+05 
4.66130504658573e+01 1.00005801820776e+05 
4.67710476910669e+01 1.00003230759572e+05 
4.69290448370875e+01 1.00000596793182e+05 
4.70870418817074e+01 9.99978770742141e+04 
4.72450388394929e+01 9.99950723600308e+04 
4.74030357844738e+01 9.99923730355908e+04 
4.75610327369803e+01 9.99898322609536e+04 
4.77190296641417e+01 9.99877007833959e+04 
4.78770265567167e+01 9.99858135443077e+04 
4.80350232907807e+01 9.99836864935638e+04 
4.81930199724646e+01 9.99811513675382e+04 
4.83510166821919e+01 9.99785198195371e+04 
4.85090134340476e+01 9.99763801938302e+04 
4.86670101864053e+01 9.99754263032583e+04 
4.88250069367958e+01 9.99749178849667e+04 
4.89830037017608e+01 9.99740896379689e+04 
4.91410003791622e+01 9.99725317483046e+04 
4.92989969712441e+01 9.99709182903183e+04 
4.94569936135427e+01 9.99701014276657e+04 
4.96149902571749e+01 9.99706164853630e+04 
4.97729869349215e+01 9.99716662249972e+04 
4.99309836461128e+01 9.99724835223453e+04 
5.00889804092298e+01 9.99726514420559e+04 
5.02469772586986e+01 9.99728074519592e+04 
5.04049742099479e+01 9.99732472794218e+04 
5.05629710368897e+01 9.99750454683023e+04 
5.07209677221875e+01 9.99775053007023e+04 
5.08789643925024e+01 9.99798826756616e+04 
5.10369611214738e+01 9.99817552101745e+04 
5.11949579837573e+01 9.99834307693054e+04 
5.13529549196390e+01 9.99855530988462e+04 
5.15109519220113e+01 9.99882725801163e+04 
5.16689490194469e+01 9.99912286202524e+04 
5.18269461871349e+01 9.99942806259497e+04 
5.19849434232851e+01 9.99971808976712e+04 
5.21429407955823e+01 9.99999450757341e+04 
5.23009380095267e+01 1.00002659849960e+05 
5.24589351151370e+01 1.00005166193798e+05 
5.26169322605497e+01 1.00007515261463e+05 
5.27749294397864e+01 1.00010033054918e+05 
5.29329267403186e+01 1.00012791312553e+05 
5.30909241439174e+01 1.00015506963803e+05 
5.32489216473604e+01 1.00017779480740e+05 
5.34069192807000e+01 1.00019013304865e+05 
5.35649170063727e+01 1.00019811792539e+05 
5.37229148023365e+01 1.00020948046617e+05 
5.38809127246988e+01 1.00022675748842e+05 
5.40389107877367e+01 1.00024316876767e+05 
5.41969089517492e+01 1.00025176298403e+05 
5.43549072484630e+01 1.00024786641147e+05 
5.45129054270051e+01 1.00023991587822e+05 
5.46709034516164e+01 1.00023506000344e+05 
5.48289014795824e+01 1.00023491447948e+05 
5.49868996507851e+01 1.00023625447004e+05 
5.51448978880694e+01 1.00023291949223e+05 
5.53028962526066e+01 1.00021792947385e+05 
5.54608947556885e+01 1.00019743530501e+05 
5.56188933188464e+01 1.00017863405488e+05 
5.57768920070724e+01 1.00016523078604e+05 
5.59348908650161e+01 1.00015361978765e+05 
5.60928898167026e+01 1.00013774726853e+05 
5.62508889037190e+01 1.00011611066922e+05 
5.64088881394332e+01 1.00009253974479e+05 
5.65668874484921e+01 1.00006891545359e+05 
5.67248868836807e+01 1.00004765208593e+05 
5.68828864893542e+01 1.00002747187816e+05 
5.70408861960338e+01 1.00000684595849e+05 
5.71988860391269e+01 9.99986673774466e+04 
5.73568857825965e+01 9.99966890370308e+04 
5.75148854374958e+01 9.99945371336348e+04 
5.76728851158728e+01 9.99921800396339e+04 
5.78308849012099e+01 9.99897457704062e+04 
5.79888847480601e+01 9.99875202547128e+04 
5.81468847532464e+01 9.99860125773665e+04 
5.83048848708051e+01 9.99847512420314e+04 
5.84628851001882e+01 9.99831592495405e+04 
5.86208854661624e+01 9.99810466152382e+04 
5.87788859510897e+01 9.99787747697167e+04 
5.89368865555350e+01 9.99771492551078e+04 
5.90948872830377e+01 9.99767940091654e+04 
5.92528880864323e+01 9.99767643488469e+04 
5.94108889302507e+01 9.99764308141975e+04 
5.95688898327881e+01 9.99754419759087e+04 
5.97268908041111e+01 9.99743144102552e+04 
5.98848918003332e+01 9.99738994031196e+04 
6.00428928680254e+01 9.99747064060930e+04 
6.02008940796456e+01 9.99760153757902e+04 
6.03588954725139e+01 9.99771828527605e+04 
6.05168971072922e+01 9.99777188638034e+04 
6.06748990531746e+01 9.99781763794678e+04 
6.08329010433522e+01 9.99792466197750e+04 
6.09909029438758e+01 9.99812297813490e+04 
6.11489044805151e+01 9.99835573260184e+04 
6.13069057727749e+01 9.99859068898401e+04 
6.14649070351632e+01 9.99879282454335e+04 
6.16229081384915e+01 9.99898650671129e+04 
6.17809092441211e+01 9.99920562024303e+04 
6.19389101339700e+01 9.99944742267087e+04 
6.20969109801752e+01 9.99969512680001e+04 
6.22549119387378e+01 9.99995830854467e+04 
6.24129129488496e+01 1.00002234038344e+05 
6.25709138861800e+01 1.00004865176930e+05 
6.27289151983368e+01 1.00007273220064e+05 
6.28869165870729e+01 1.00009157605875e+05 
6.30449181597254e+01 1.00010795423233e+05 
6.32029200758520e+01 1.00012706116827e+05 
6.33609221827735e+01 1.00015006647225e+05 
6.35189242560073e+01 1.00017363442660e+05 
6.36769260693996e+01 1.00019135647255e+05 
6.38349281051127e+01 1.00019666980955e+05 
6.39929298098694e+01 1.00019912545798e+05 
6.41509316615666e+01 1.00020520020955e+05 
6.43089337942408e+01 1.00021751869146e+05 
6.44669357869463e+01 1.00023048578362e+05 
6.46249374433373e+01 1.00023593270715e+05 
6.47829389136374e+01 1.00022946064230e+05 
6.49409399663625e+01 1.00021905008242e+05 
6.50989409632269e+01 1.00021084502337e+05 
6.52569421377169e+01 1.00020900512996e+05 
6.54149430085585e+01 1.00020808761600e+05 
6.55729437641150e+01 1.00020117913232e+05 
6.57309443638751e+01 1.00018514870126e+05 
6.58889448714392e+01 1.00016606859629e+05 
6.60469454271883e+01 1.00014734870770e+05 
6.62049458871531e+01 1.00013254975094e+05 
6.63629460911794e+01 1.00011851895293e+05 
6.65209461944869e+01 1.00010105146558e+05 
6.66789460139657e+01 1.00007991552855e+05 
6.68369454321013e+01 1.00005739888205e+05 
6.69949447414460e+01 1.00003354306651e+05 
6.71529441536746e+01 1.00000932561358e+05 
6.73109433241402e+01 9.99985540218695e+04 
6.74689424701647e+01 9.99962333266050e+04 
6.76269417991850e+01 9.99941944166878e+04 
6.77849410142811e+01 9.99922686922100e+04 
6.79429404441664e+01 9.99900454599794e+04 
6.81009399323400e+01 9.99874460807335e+04 
6.82589394467423e+01 9.99848348425049e+04 
6.84169390831585e+01 9.99825609958741e+04 
6.85749387125848e+01 9.99812911455055e+04 
6.87329381770452e+01 9.99803697108839e+04 
6.88909376719355e+01 9.99790960966719e+04 
6.90489371579850e+01 9.99771542025421e+04 
6.92069365995741e+01 9.99752101150647e+04 
6.93649360510441e+01 9.99739549181857e+04 
6.95229353740816e+01 9.99739901297233e+04 
6.96809345840638e+01 9.99744085234964e+04 
6.98389340499524e+01 9.99745372475971e+04 
6.99969337688401e+01 9.99741440987124e+04 
7.01549335087798e+01 9.99736646126511e+04 
7.03129334087804e+01 9.99736077925234e+04 
7.04709333808406e+01 9.99748311903983e+04 
7.06289333787524e+01 9.99766533110024e+04 
7.07869336204822e+01 9.99783671085519e+04 
7.09449340672215e+01 9.99795737104160e+04 
7.11029345997939e+01 9.99807114161118e+04 
7.12609350713582e+01 9.99823795726000e+04 
7.14189347160093e+01 9.99847189640261e+04 
7.15769336370085e+01 9.99872923734915e+04 
7.17349322495437e+01 9.99899641653049e+04 
7.18929307461385e+01 9.99924970656631e+04 
7.20509289766604e+01 9.99949599028622e+04 
7.22089272661357e+01 9.99975009518593e+04 
7.23669254718874e+01 9.99999685765935e+04 
7.25249235776293e+01 1.00002352454795e+05 
7.26829219494500e+01 1.00004910735375e+05 
7.28409203727508e+01 1.00007708831392e+05 
7.29989186538633e+01 1.00010509106838e+05 
7.31569171184710e+01 1.00012913772090e+05 
7.33149154807419e+01 1.00014431724862e+05 
7.34729138742871e+01 1.00015624035849e+05 
7.36309123482416e+01 1.00017127189972e+05 
7.37889111043111e+01 1.00019204552748e+05 
7.39469098644377e+01 1.00021227106877e+05 
7.41049087471577e+01 1.00022498706737e+05 
7.42629075233993e+01 1.00022557699288e+05 
7.44209062786759e+01 1.00022262532770e+05 
7.45789051660299e+01 1.00022251324487e+05 
7.47369040521852e+01 1.00022800275065e+05 
7.48949026971529e+01 1.00023446058012e+05 
7.50529013271319e+01 1.00023554334404e+05 
7.52109000002093e+01 1.00022455653978e+05 
7.53688985762336e+01 1.00020873026003e+05 
7.55268972581844e+01 1.00019448272835e+05 
7.56848960103278e+01 1.00018562562977e+05 
7.58428947255754e+01 1.00017789831686e+05 
7.60008936594136e+01 1.00016526010190e+05 
7.61588924322546e+01 1.00014551507668e+05 
7.63168911638559e+01 1.00012320810128e+05 
7.64748900450755e+01 1.00010046398068e+05 
7.66328890548658e+01 1.00007994322717e+05 
7.67908878834910e+01 1.00006022755857e+05 
7.69488867890563e+01 1.00003894018528e+05 
7.71068856575359e+01 1.00001699417791e+05 
7.72648846605642e+01 9.99994717111647e+04 
7.74228838477881e+01 9.99970441860732e+04 
7.75808832323467e+01 9.99944517577629e+04 
7.77388824246277e+01 9.99918036972799e+04 
7.78968816322887e+01 9.99894296331798e+04 
7.80548807011359e+01 9.99876848727213e+04 
7.82128796943324e+01 9.99861760245137e+04 
7.83708787081097e+01 9.99843391660383e+04 
7.85288777862713e+01 9.99819923432752e+04 
7.86868768060587e+01 9.99796082843801e+04 
7.88448759839678e+01 9.99777411854772e+04 
7.90028750293676e+01 9.99771235528095e+04 
7.91608740579794e+01 9.99768467680143e+04 
7.93188731240776e+01 9.99762630621169e+04 
7.94768722866737e+01 9.99750207108819e+04 
7.96348714744995e+01 9.99736646256382e+04 
7.97928707841639e+01 9.99730415844057e+04 
7.99508700431175e+01 9.99736554533172e+04 
8.01088692532010e+01 9.99747622377656e+04 
8.02668685571017e+01 9.99757358580933e+04 
8.04248679221742e+01 9.99760824004538e+04 
8.05828672895297e+01 9.99763495854995e+04 
8.07408668401889e+01 9.99772541278062e+04 
8.08988663183940e+01 9.99791282005033e+04 
8.10568658136689e+01 9.99813998189731e+04 
8.12148653641856e+01 9.99837037653911e+04 
8.13728650602450e+01 9.99856851929253e+04 
8.15308647094415e+01 9.99875680386955e+04 
8.16888645412167e+01 9.99897780240996e+04 
8.18468642992061e+01 9.99923113005909e+04 
8.20048640365115e+01 9.99949790729502e+04 
8.21628638878385e+01 9.99977938474131e+04 
8.23208638447879e+01 1.00000659436952e+05 
8.24788638290085e+01 1.00003437242803e+05 
8.26368639316287e+01 1.00006058258098e+05 
8.27948639928999e+01 1.00008232200939e+05 
8.29528640097892e+01 1.00010191695978e+05 
8.31108641257694e+01 1.00012411805223e+05 
8.32688643339817e+01 1.00015050731177e+05 
8.34268645003396e+01 1.00017629875893e+05 
8.35848648702901e+01 1.00019709321831e+05 
8.37428651207969e+01 1.00020578210289e+05 
8.39008653577218e+01 1.00021122416618e+05 
8.40588656514321e+01 1.00022008143928e+05 
8.42168660797810e+01 1.00023510578032e+05 
8.43748664504764e+01 1.00025058208878e+05 
8.45328669632765e+01 1.00025808828056e+05 
8.46908673910183e+01 1.00025329712350e+05 
8.48488677558302e+01 1.00024429029598e+05 
8.50068682338221e+01 1.00023753545849e+05 
8.51648687934220e+01 1.00023712641016e+05 
8.53228693020651e+01 1.00023823740203e+05 
8.54808699523303e+01 1.00023248011064e+05 
8.56388704750119e+01 1.00021651420613e+05 
8.57968709951201e+01 1.00019692643131e+05 
8.59548715414848e+01 1.00017780491914e+05 
8.61128721364377e+01 1.00016337282276e+05 
8.62708727179347e+01 1.00015029313946e+05 
8.64288733473842e+01 1.00013310274020e+05 
8.65868739800674e+01 1.00011132172903e+05 
8.67448745080638e+01 1.00008753713295e+05 
8.69028751837753e+01 1.00006253968952e+05 
8.70608758960404e+01 1.00003790909231e+05 
8.72188765860811e+01 1.00001456121052e+05 
8.73768773582707e+01 9.99991250453513e+04 
8.75348780012508e+01 9.99969366416493e+04 
8.76928786004829e+01 9.99948002077791e+04 
8.78508792441084e+01 9.99924023904893e+04 
8.80088800434000e+01 9.99897019264375e+04 
8.81668806916759e+01 9.99869637979139e+04 
8.83248814855233e+01 9.99845849101065e+04 
8.84828821285871e+01 9.99830958111396e+04 
8.86408826913246e+01 9.99819055601884e+04 
8.87988833442697e+01 9.99803600610719e+04 
8.89568840341034e+01 9.99782005079137e+04 
8.91148847006716e+01 9.99760104700543e+04 
8.92728853750260e+01 9.99745821096094e+04 
8.94308859501744e+01 9.99744116876707e+04 
8.95888863918260e+01 9.99746077652006e+04 
8.97468869365088e+01 9.99745135552891e+04 
8.99048875615784e+01 9.99738497877058e+04 
9.00628880436466e+01 9.99730313013185e+04 
9.02208886930447e+01 9.99728466501868e+04 
9.03788890986989e+01 9.99739050174489e+04 
9.05368894584843e+01 9.99755194968381e+04 
9.06948898189981e+01 9.99770472357219e+04 
9.08528902524989e+01 9.99780329732638e+04 
9.10108905775425e+01 9.99789365804871e+04 
9.11688909467955e+01 9.99804229004391e+04 
9.13268912145514e+01 9.99827027762811e+04 
9.14848913158008e+01 9.99852766968581e+04 
9.16428915822170e+01 9.99879422444189e+04 
9.18008918169298e+01 9.99903910849131e+04 
9.19588919708743e+01 9.99927726457393e+04 
9.21168922103786e+01 9.99953208282826e+04 
9.22748922710947e+01 9.99978935605184e+04 
9.24328922715071e+01 1.00000461415809e+05 
9.25908922911711e+01 1.00003207843470e+05 
9.27488924135160e+01 1.00006093827312e+05 
9.29068924081221e+01 1.00008984921049e+05 
9.30648924455409e+01 1.00011517560412e+05 
9.32228924177697e+01 1.00013329640616e+05 
9.33808923174738e+01 1.00014821791274e+05 
9.35388923127242e+01 1.00016603337297e+05 
9.36968923560327e+01 1.00018890995314e+05 
9.38548923989902e+01 1.00021224204115e+05 
9.40128924384549e+01 1.00022781407778e+05 
9.41708924405656e+01 1.00023098919876e+05 
9.43288923108054e+01 1.00023045830152e+05 
9.44868920599109e+01 1.00023335673823e+05 
9.46448916529606e+01 1.00024211540756e+05 
9.48028916076712e+01 1.00025223646103e+05 
9.49608914944496e+01 1.00025516018599e+05 
9.51188913057259e+01 1.00024578442866e+05 
9.52768912337209e+01 1.00023179294924e+05 
9.54348911411694e+01 1.00021953887803e+05 
9.55928911756063e+01 1.00021354890061e+05 
9.57508910635802e+01 1.00020851592126e+05 
9.59088910424678e+01 1.00019800366452e+05 
9.60668908867435e+01 1.00017922586904e+05 
9.62248906047757e+01 1.00015746850245e+05 
9.63828904827730e+01 1.00013551843413e+05 
9.65408903462501e+01 1.00011655472461e+05 
9.66988901623332e+01 1.00009868353537e+05 
9.68568900168082e+01 1.00007857343320e+05 
9.70148897240250e+01 1.00005648933654e+05 
9.71728892944551e+01 1.00003302160638e+05 
9.73308889047403e+01 1.00000778265303e+05 
9.74888886147520e+01 9.99981958845904e+04 
9.76468881266289e+01 9.99956122961159e+04 
9.78048877845412e+01 9.99932215204953e+04 
9.79628871957190e+01 9.99912938957002e+04 
9.81208865399089e+01 9.99895238341201e+04 
9.82788858937054e+01 9.99874490469780e+04 
9.84368853019583e+01 9.99849434014966e+04 
9.85948846206375e+01 9.99824100541711e+04 
9.87528839618249e+01 9.99803512707198e+04 
9.89108832001843e+01 9.99794561849091e+04 
9.90688822583182e+01 9.99788724007404e+04 
9.92268814607112e+01 9.99779453706986e+04 
9.93848806720824e+01 9.99764078947312e+04 
9.95428797821141e+01 9.99748138246824e+04 
9.97008790097915e+01 9.99739732085947e+04 
9.98588780603129e+01 9.99743362173652e+04 
1.00016877088879e+02 9.99751520709895e+04 
