# Liste des scalaires : TEMPS pmat 
0.00000000000000e+00 1.00000000000000e+05 
1.58013544018059e-01 1.00000000000000e+05 
3.16027088036117e-01 1.00000000000000e+05 
4.74040632054176e-01 1.00000000000000e+05 
6.32054176072234e-01 1.00000000000000e+05 
7.90067720090293e-01 1.00000000000000e+05 
9.48081264108351e-01 1.00000000000000e+05 
1.10609480812641e+00 1.00000000000000e+05 
1.26410835214447e+00 1.00000000000000e+05 
1.42212189616253e+00 1.00000000000000e+05 
1.58013544018058e+00 1.00000000000000e+05 
1.73814898419864e+00 1.00000000000000e+05 
1.89616252821670e+00 1.00000000000000e+05 
2.05417607223476e+00 1.00000000000000e+05 
2.21218961625282e+00 1.00000000000000e+05 
2.37020316027087e+00 1.00000000000000e+05 
2.52821670428893e+00 1.00000000000000e+05 
2.68623024830699e+00 1.00000000000000e+05 
2.84424379232505e+00 1.00000000000000e+05 
3.00225733634311e+00 1.00000000000000e+05 
3.16027088036116e+00 1.00000000000000e+05 
3.31828442437922e+00 1.00000000000000e+05 
3.47629796839728e+00 1.00000000000000e+05 
3.63431151241534e+00 1.00000000000000e+05 
3.79232505643340e+00 1.00000000000000e+05 
3.95033860045145e+00 1.00000000000000e+05 
4.10835214446951e+00 1.00000000000000e+05 
4.26636568848757e+00 1.00000000000000e+05 
4.42437923250563e+00 1.00000000000000e+05 
4.58239277652368e+00 1.00000000000000e+05 
4.74040632054174e+00 1.00000000000000e+05 
4.89841986455980e+00 1.00000000000000e+05 
5.05643340857786e+00 1.00000000000000e+05 
5.21444695259591e+00 1.00000000000000e+05 
5.37246049661397e+00 1.00000000000000e+05 
5.53047404063203e+00 1.00000000000000e+05 
5.68848758465009e+00 1.00000000000000e+05 
5.84650112866814e+00 1.00000000000000e+05 
6.00451467268620e+00 1.00000000000000e+05 
6.16252821670426e+00 1.00000000000000e+05 
6.32054176072231e+00 1.00000000000000e+05 
6.47855530474037e+00 1.00000000000000e+05 
6.63656884875843e+00 1.00000000000000e+05 
6.79458239277648e+00 1.00000000000000e+05 
6.95259593679454e+00 1.00000000000000e+05 
7.11060948081260e+00 1.00000000000000e+05 
7.26862302483065e+00 1.00000000000000e+05 
7.42663656884871e+00 1.00000000000000e+05 
7.58465011286677e+00 1.00000000000000e+05 
7.74266365688483e+00 1.00000000000000e+05 
7.90067720090288e+00 1.00000000000000e+05 
8.05869074492094e+00 1.00000000000000e+05 
8.21670428893899e+00 1.00000000000000e+05 
8.37471783295705e+00 1.00000000000000e+05 
8.53273137697511e+00 1.00000000000000e+05 
8.69074492099316e+00 1.00000000000000e+05 
8.84875846501122e+00 1.00000000000000e+05 
9.00677200902927e+00 1.00000000000000e+05 
9.16478555304733e+00 1.00000000000000e+05 
9.32279909706538e+00 1.00000000000000e+05 
9.48081264108344e+00 1.00000000000000e+05 
9.63882618510150e+00 1.00000000000000e+05 
9.79683972911955e+00 1.00000000000000e+05 
9.95485327313761e+00 1.00000000000000e+05 
1.01128668171557e+01 1.00000000000000e+05 
1.02708803611737e+01 1.00000000000000e+05 
1.04288939051918e+01 1.00000000000000e+05 
1.05869074492098e+01 1.00000000000000e+05 
1.07449209932279e+01 1.00000000000000e+05 
1.09029345372459e+01 1.00000000000000e+05 
1.10609480812640e+01 1.00000000000000e+05 
1.12189616252821e+01 1.00000000000000e+05 
1.13769751693001e+01 1.00000000000000e+05 
1.15349887133182e+01 1.00000000000000e+05 
1.16930022573362e+01 1.00000000000000e+05 
1.18510158013543e+01 1.00000000000000e+05 
1.20090293453723e+01 1.00000000000000e+05 
1.21670428893904e+01 1.00000000000000e+05 
1.23250564334084e+01 1.00000000000000e+05 
1.24830699774265e+01 1.00000000000000e+05 
1.26410835214446e+01 1.00000000000000e+05 
1.27990970654626e+01 1.00000000000000e+05 
1.29571106094807e+01 1.00000000000000e+05 
1.31151241534987e+01 1.00000000000000e+05 
1.32731376975168e+01 1.00000000000000e+05 
1.34311512415348e+01 1.00000000000000e+05 
1.35891647855529e+01 1.00000000000000e+05 
1.37471783295709e+01 1.00000000000000e+05 
1.39051918735890e+01 1.00000000000000e+05 
1.40632054176071e+01 1.00000000000000e+05 
1.42212189616251e+01 1.00000000000000e+05 
1.43792325056432e+01 1.00000000000000e+05 
1.45372460496612e+01 1.00000000000000e+05 
1.46952595936793e+01 1.00000000000000e+05 
1.48532731376973e+01 1.00000000000000e+05 
1.50112866817154e+01 1.00000000000000e+05 
1.51693002257334e+01 1.00000000000000e+05 
1.53273137697515e+01 1.00000000000000e+05 
1.54853273137695e+01 1.00000000000000e+05 
1.56433408577876e+01 1.00000000000000e+05 
1.58013544018057e+01 1.00000000000000e+05 
1.59593679458237e+01 1.00000000000000e+05 
1.61173814898418e+01 1.00000000000000e+05 
1.62753950338598e+01 1.00000000000000e+05 
1.64334085778779e+01 1.00000000000000e+05 
1.65914221218959e+01 1.00000000000000e+05 
1.67494356659140e+01 1.00000000000000e+05 
1.69074492099320e+01 1.00000000000000e+05 
1.70654627539501e+01 1.00000000000000e+05 
1.72234762979681e+01 1.00000000000000e+05 
1.73814898419862e+01 1.00000000000000e+05 
1.75395033860043e+01 1.00000000000000e+05 
1.76975169300223e+01 1.00000000000000e+05 
1.78555304740404e+01 1.00000000000000e+05 
1.80135440180584e+01 1.00000000000000e+05 
1.81715575620765e+01 1.00000000000000e+05 
1.83295711060945e+01 1.00000000000000e+05 
1.84875846501126e+01 1.00000000000000e+05 
1.86455981941306e+01 1.00000000000000e+05 
1.88036117381487e+01 1.00000000000000e+05 
1.89616252821667e+01 1.00000000000000e+05 
1.91196388261848e+01 1.00000000000000e+05 
1.92776523702028e+01 1.00000000000000e+05 
1.94356659142209e+01 1.00000000000000e+05 
1.95936794582390e+01 1.00000000000000e+05 
1.97516930022570e+01 1.00000000000000e+05 
1.99097065462751e+01 1.00000000000000e+05 
2.00677200902931e+01 1.00000000000000e+05 
2.02257336343112e+01 1.00000000000000e+05 
2.03837471783292e+01 1.00000000000000e+05 
2.05417607223473e+01 1.00000000000000e+05 
2.06997742663653e+01 1.00000000000000e+05 
2.08577878103834e+01 1.00000000000000e+05 
2.10158013544014e+01 1.00000000000000e+05 
2.11738148984195e+01 1.00000000000000e+05 
2.13318284424376e+01 1.00000000000000e+05 
2.14898419864556e+01 1.00000000000000e+05 
2.16478555304737e+01 1.00000000000000e+05 
2.18058690744917e+01 1.00000000000000e+05 
2.19638826185098e+01 1.00000000000000e+05 
2.21218961625278e+01 1.00000000000000e+05 
2.22799097065459e+01 1.00000000000000e+05 
2.24379232505639e+01 1.00000000000000e+05 
2.25959367945820e+01 1.00000000000000e+05 
2.27539503386000e+01 1.00000000000000e+05 
2.29119638826181e+01 1.00000000000000e+05 
2.30699774266361e+01 1.00000000000000e+05 
2.32279909706542e+01 1.00000000000000e+05 
2.33860045146723e+01 1.00000000000000e+05 
2.35440180586903e+01 1.00000000000000e+05 
2.37020316027084e+01 1.00000000000000e+05 
2.38600451467264e+01 1.00000000000000e+05 
2.40180586907445e+01 1.00000000000000e+05 
2.41760722347625e+01 1.00000000000000e+05 
2.43340857787806e+01 1.00000000000000e+05 
2.44920993227986e+01 1.00000000000000e+05 
2.46501128668167e+01 1.00000000000000e+05 
2.48081264108347e+01 1.00000000000000e+05 
2.49661399548528e+01 1.00000000000000e+05 
2.51241534988708e+01 1.00000000000000e+05 
2.52821670428889e+01 1.00000000000000e+05 
2.54401805869069e+01 1.00000000000000e+05 
2.55981941309250e+01 1.00000000000000e+05 
2.57562076749430e+01 1.00000000000000e+05 
2.59142212189611e+01 1.00000000000000e+05 
2.60722347629791e+01 1.00000000000000e+05 
2.62302483069972e+01 1.00000000000000e+05 
2.63882618510153e+01 1.00000000000000e+05 
2.65462753950333e+01 1.00000000000000e+05 
2.67042889390514e+01 1.00000000000000e+05 
2.68623024830694e+01 1.00000000000000e+05 
2.70203160270875e+01 1.00000000000000e+05 
2.71783295711055e+01 1.00000000000000e+05 
2.73363431151236e+01 1.00000000000000e+05 
2.74943566591416e+01 1.00000000000000e+05 
2.76523702031597e+01 1.00000000000000e+05 
2.78103837471777e+01 1.00000000000000e+05 
2.79683972911958e+01 1.00000000000000e+05 
2.81264108352138e+01 1.00000000000000e+05 
2.82844243792319e+01 1.00000000000000e+05 
2.84424379232499e+01 1.00000000000000e+05 
2.86004514672680e+01 1.00000000000000e+05 
2.87584650112860e+01 1.00000000000000e+05 
2.89164785553041e+01 1.00000000000000e+05 
2.90744920993221e+01 1.00000000000000e+05 
2.92325056433402e+01 1.00000000000000e+05 
2.93905191873582e+01 1.00000000000000e+05 
2.95485327313763e+01 1.00000000000000e+05 
2.97065462753943e+01 1.00000000000000e+05 
2.98645598194124e+01 1.00000000000000e+05 
3.00225733634304e+01 1.00000000000000e+05 
3.01805869074485e+01 1.00000000000000e+05 
3.03386004514665e+01 1.00000000000000e+05 
3.04966139954843e+01 1.00000000000000e+05 
3.06546275395003e+01 1.00000000000000e+05 
3.08126410834971e+01 1.00000000000000e+05 
3.09706546272957e+01 1.00000000000000e+05 
3.11286681708936e+01 1.00000000000000e+05 
3.12866817143274e+01 1.00000000000000e+05 
3.14446952574723e+01 1.00000000000000e+05 
3.16027088001674e+01 1.00000000000000e+05 
3.17607223421364e+01 1.00000000000000e+05 
3.19187358832495e+01 1.00000000000000e+05 
3.20767494226194e+01 1.00000000000000e+05 
3.22347629599941e+01 1.00000000000000e+05 
3.23927764943706e+01 1.00000000000000e+05 
3.25507900239423e+01 1.00000000000000e+05 
3.27088035457829e+01 1.00000000000000e+05 
3.28668170595274e+01 1.00000000000000e+05 
3.30248305599181e+01 1.00000000000000e+05 
3.31828440425992e+01 1.00000000000000e+05 
3.33408575031136e+01 1.00000000000000e+05 
3.34988709293862e+01 1.00000000000000e+05 
3.36568843063214e+01 1.00000000000000e+05 
3.38148976325709e+01 1.00000000000000e+05 
3.39729108878444e+01 1.00000000000000e+05 
3.41309240403887e+01 1.00000000000000e+05 
3.42889370834585e+01 1.00000000000000e+05 
3.44469499667095e+01 1.00000000000000e+05 
3.46049626416154e+01 1.00000000000000e+05 
3.47629751094123e+01 1.00000000000000e+05 
3.49209873220811e+01 1.00000000000000e+05 
3.50789991793260e+01 1.00000000000000e+05 
3.52370106929348e+01 1.00000000000000e+05 
3.53950217552060e+01 1.00000000000000e+05 
3.55530322801683e+01 1.00000000000000e+05 
3.57110422484800e+01 1.00000000000000e+05 
3.58690516557028e+01 1.00000000000000e+05 
3.60270604042267e+01 1.00000000000000e+05 
3.61850684108629e+01 1.00000000000000e+05 
3.63430757025597e+01 1.00000000000000e+05 
3.65010821998343e+01 1.00000000000000e+05 
3.66590879149553e+01 1.00000000000000e+05 
3.68170929429180e+01 1.00000000000000e+05 
3.69750972659910e+01 1.00000000000000e+05 
3.71331008599683e+01 1.00000000000000e+05 
3.72911038794230e+01 1.00000000000000e+05 
3.74491063311914e+01 1.00000000000000e+05 
3.76071083058444e+01 1.00000000000000e+05 
3.77651096857588e+01 1.00000000000000e+05 
3.79231104073047e+01 1.00000000000000e+05 
3.80811109502943e+01 1.00000000000000e+05 
3.82391112062999e+01 1.00000000000000e+05 
3.83971111660317e+01 1.00000000000000e+05 
3.85551109656345e+01 1.00000000000000e+05 
3.87131105571401e+01 1.00000000000000e+05 
3.88711098652798e+01 1.00000000000000e+05 
3.90291090063081e+01 1.00000000000000e+05 
3.91871079803516e+01 1.00000000000000e+05 
3.93451069164122e+01 1.00000000000000e+05 
3.95031056072435e+01 1.00000000000000e+05 
3.96611044176520e+01 1.00000000000000e+05 
3.98191030871787e+01 1.00000000000000e+05 
3.99771018088401e+01 1.00000000000000e+05 
4.01351007074698e+01 1.00000000000000e+05 
4.02930997022155e+01 1.00000000000000e+05 
4.04510986021552e+01 1.00000000000000e+05 
4.06090971618161e+01 1.00000000000000e+05 
4.07670958737284e+01 1.00000000000001e+05 
4.09250951708767e+01 1.00000000000006e+05 
4.10830945501286e+01 1.00000000000028e+05 
4.12410939472816e+01 1.00000000000093e+05 
4.13990933807653e+01 1.00000000000221e+05 
4.15570928592266e+01 1.00000000000257e+05 
4.17150923413803e+01 1.00000000000478e+05 
4.18730918618998e+01 1.00000000055611e+05 
4.20310913871491e+01 1.00000000359275e+05 
4.21890909437351e+01 1.00000000717572e+05 
4.23470905543198e+01 1.00000001021225e+05 
4.25050902256413e+01 1.00000001381351e+05 
4.26630899184684e+01 1.00000001976859e+05 
4.28210896745392e+01 1.00000003003607e+05 
4.29790892602239e+01 1.00000004520115e+05 
4.31370888188632e+01 1.00000006872109e+05 
4.32950884109090e+01 1.00000010142730e+05 
4.34530877023690e+01 1.00000015207844e+05 
4.36110866376294e+01 1.00000022663539e+05 
4.37690854724754e+01 1.00000034004133e+05 
4.39270845035842e+01 1.00000049382959e+05 
4.40850833364672e+01 1.00000070612126e+05 
4.42430820276957e+01 1.00000097898741e+05 
4.44010804989590e+01 1.00000136930061e+05 
4.45590788134630e+01 1.00000189962491e+05 
4.47170770655565e+01 1.00000264085397e+05 
4.48750752148097e+01 1.00000356111778e+05 
4.50330732938293e+01 1.00000472985536e+05 
4.51910713795358e+01 1.00000610869798e+05 
4.53490693983586e+01 1.00000790848930e+05 
4.55070674106562e+01 1.00001012006465e+05 
4.56650653676240e+01 1.00001290840879e+05 
4.58230631625694e+01 1.00001600984016e+05 
4.59810608096228e+01 1.00001955981233e+05 
4.61390583312556e+01 1.00002332644130e+05 
4.62970557728472e+01 1.00002773682228e+05 
4.64550531385988e+01 1.00003256747692e+05 
4.66130504658573e+01 1.00003800220732e+05 
4.67710476910669e+01 1.00004334299062e+05 
4.69290448370875e+01 1.00004879655956e+05 
4.70870418817074e+01 1.00005392045911e+05 
4.72450388394929e+01 1.00005927839206e+05 
4.74030357844738e+01 1.00006447570175e+05 
4.75610327369803e+01 1.00006966969457e+05 
4.77190296641417e+01 1.00007412476684e+05 
4.78770265567167e+01 1.00007812632635e+05 
4.80350232907807e+01 1.00008132156049e+05 
4.81930199724646e+01 1.00008415145513e+05 
4.83510166821919e+01 1.00008630771729e+05 
4.85090134340476e+01 1.00008791224236e+05 
4.86670101864053e+01 1.00008870912511e+05 
4.88250069367958e+01 1.00008885925468e+05 
4.89830037017608e+01 1.00008824471738e+05 
4.91410003791622e+01 1.00008694470355e+05 
4.92989969712441e+01 1.00008481926492e+05 
4.94569936135427e+01 1.00008186193548e+05 
4.96149902571749e+01 1.00007845251759e+05 
4.97729869349215e+01 1.00007445005398e+05 
4.99309836461128e+01 1.00007004046361e+05 
5.00889804092298e+01 1.00006481585991e+05 
5.02469772586986e+01 1.00005892015698e+05 
5.04049742099479e+01 1.00005218693161e+05 
5.05629710368897e+01 1.00004551637112e+05 
5.07209677221875e+01 1.00003846577201e+05 
5.08789643925024e+01 1.00003149626961e+05 
5.10369611214738e+01 1.00002389810835e+05 
5.11949579837573e+01 1.00001601951845e+05 
5.13529549196390e+01 1.00000761421611e+05 
5.15109519220113e+01 9.99999805356299e+04 
5.16689490194469e+01 9.99991967425586e+04 
5.18269461871349e+01 9.99984654286698e+04 
5.19849434232851e+01 9.99977148226085e+04 
5.21429407955823e+01 9.99969908133979e+04 
5.23009380095267e+01 9.99962694937004e+04 
5.24589351151370e+01 9.99956495469680e+04 
5.26169322605497e+01 9.99950628697276e+04 
5.27749294397864e+01 9.99945579958060e+04 
5.29329267403186e+01 9.99940837030110e+04 
5.30909241439174e+01 9.99936811864223e+04 
5.32489216473604e+01 9.99933368770417e+04 
5.34069192807000e+01 9.99930999159366e+04 
5.35649170063727e+01 9.99929206259923e+04 
5.37229148023365e+01 9.99928167569266e+04 
5.38809127246988e+01 9.99927759035951e+04 
5.40389107877367e+01 9.99928229409846e+04 
5.41969089517492e+01 9.99929550925773e+04 
5.43549072484630e+01 9.99931619675801e+04 
5.45129054270051e+01 9.99934205546498e+04 
5.46709034516164e+01 9.99937185041577e+04 
5.48289014795824e+01 9.99940901046242e+04 
5.49868996507851e+01 9.99945244830302e+04 
5.51448978880694e+01 9.99950445973104e+04 
5.53028962526066e+01 9.99955779978279e+04 
5.54608947556885e+01 9.99961398594155e+04 
5.56188933188464e+01 9.99966939579868e+04 
5.57768920070724e+01 9.99972938059123e+04 
5.59348908650161e+01 9.99979144949667e+04 
5.60928898167026e+01 9.99985803851687e+04 
5.62508889037190e+01 9.99992105430520e+04 
5.64088881394332e+01 9.99998399285053e+04 
5.65668874484921e+01 1.00000425150154e+05 
5.67248868836807e+01 1.00001020583917e+05 
5.68828864893542e+01 1.00001589218227e+05 
5.70408861960338e+01 1.00002154944843e+05 
5.71988860391269e+01 1.00002651148273e+05 
5.73568857825965e+01 1.00003122681573e+05 
5.75148854374958e+01 1.00003533214043e+05 
5.76728851158728e+01 1.00003921762266e+05 
5.78308849012099e+01 1.00004250414154e+05 
5.79888847480601e+01 1.00004534063221e+05 
5.81468847532464e+01 1.00004739682239e+05 
5.83048848708051e+01 1.00004906917348e+05 
5.84628851001882e+01 1.00005016937274e+05 
5.86208854661624e+01 1.00005075272262e+05 
5.87788859510897e+01 1.00005061714022e+05 
5.89368865555350e+01 1.00004975177676e+05 
5.90948872830377e+01 1.00004827825032e+05 
5.92528880864323e+01 1.00004635902656e+05 
5.94108889302507e+01 1.00004408071514e+05 
5.95688898327881e+01 1.00004119444821e+05 
5.97268908041111e+01 1.00003769289298e+05 
5.98848918003332e+01 1.00003339292279e+05 
6.00428928680254e+01 1.00002889539240e+05 
6.02008940796456e+01 1.00002408401991e+05 
6.03588954725139e+01 1.00001928236704e+05 
6.05168971072922e+01 1.00001398324294e+05 
6.06748990531746e+01 1.00000837397838e+05 
6.08329010433522e+01 1.00000223710913e+05 
6.09909029438758e+01 9.99996323529836e+04 
6.11489044805151e+01 9.99990340525113e+04 
6.13069057727749e+01 9.99984702705630e+04 
6.14649070351632e+01 9.99978844268596e+04 
6.16229081384915e+01 9.99973101163708e+04 
6.17809092441211e+01 9.99967235363168e+04 
6.19389101339700e+01 9.99962005727693e+04 
6.20969109801752e+01 9.99956969861688e+04 
6.22549119387378e+01 9.99952550041884e+04 
6.24129129488496e+01 9.99948297938030e+04 
6.25709138861800e+01 9.99944559816083e+04 
6.27289151983368e+01 9.99941208414681e+04 
6.28869165870729e+01 9.99938721760715e+04 
6.30449181597254e+01 9.99936734172217e+04 
6.32029200758520e+01 9.99935484491663e+04 
6.33609221827735e+01 9.99934809716070e+04 
6.35189242560073e+01 9.99934955174915e+04 
6.36769260693996e+01 9.99935935136478e+04 
6.38349281051127e+01 9.99937712595391e+04 
6.39929298098694e+01 9.99940108546621e+04 
6.41509316615666e+01 9.99943081670579e+04 
6.43089337942408e+01 9.99946830455152e+04 
6.44669357869463e+01 9.99951321404753e+04 
6.46249374433373e+01 9.99956700744480e+04 
6.47829389136374e+01 9.99962294761224e+04 
6.49409399663625e+01 9.99968235789948e+04 
6.50989409632269e+01 9.99974173116331e+04 
6.52569421377169e+01 9.99980595479863e+04 
6.54149430085585e+01 9.99987250836701e+04 
6.55729437641150e+01 9.99994357730921e+04 
6.57309443638751e+01 1.00000103474490e+05 
6.58889448714392e+01 1.00000774465251e+05 
6.60469454271883e+01 1.00001401419491e+05 
6.62049458871531e+01 1.00002045286610e+05 
6.63629460911794e+01 1.00002666214837e+05 
6.65209461944869e+01 1.00003287612215e+05 
6.66789460139657e+01 1.00003829768666e+05 
6.68369454321013e+01 1.00004345810557e+05 
6.69949447414460e+01 1.00004791502216e+05 
6.71529441536746e+01 1.00005206857959e+05 
6.73109433241402e+01 1.00005554512550e+05 
6.74689424701647e+01 1.00005849325442e+05 
6.76269417991850e+01 1.00006046605761e+05 
6.77849410142811e+01 1.00006192266139e+05 
6.79429404441664e+01 1.00006264099612e+05 
6.81009399323400e+01 1.00006279177628e+05 
6.82589394467423e+01 1.00006217334594e+05 
6.84169390831585e+01 1.00006078972592e+05 
6.85749387125848e+01 1.00005872655019e+05 
6.87329381770452e+01 1.00005619934294e+05 
6.88909376719355e+01 1.00005324070878e+05 
6.90489371579850e+01 1.00004961801278e+05 
6.92069365995741e+01 1.00004537359701e+05 
6.93649360510441e+01 1.00004033822188e+05 
6.95229353740816e+01 1.00003514100259e+05 
6.96809345840638e+01 1.00002963799975e+05 
6.98389340499524e+01 1.00002415044941e+05 
6.99969337688401e+01 1.00001819799654e+05 
7.01549335087798e+01 1.00001199678162e+05 
7.03129334087804e+01 1.00000531594573e+05 
7.04709333808406e+01 9.99998956598402e+04 
7.06289333787524e+01 9.99992524846395e+04 
7.07869336204822e+01 9.99986457640595e+04 
7.09449340672215e+01 9.99980179093880e+04 
7.11029345997939e+01 9.99974061187854e+04 
7.12609350713582e+01 9.99967871622673e+04 
7.14189347160093e+01 9.99962385225935e+04 
7.15769336370085e+01 9.99957061865274e+04 
7.17349322495437e+01 9.99952328452271e+04 
7.18929307461385e+01 9.99947698080505e+04 
7.20509289766604e+01 9.99943543543353e+04 
7.22089272661357e+01 9.99939693139549e+04 
7.23669254718874e+01 9.99936675015483e+04 
7.25249235776293e+01 9.99934006133926e+04 
7.26829219494500e+01 9.99931987883515e+04 
7.28409203727508e+01 9.99930350972134e+04 
7.29989186538633e+01 9.99929388922571e+04 
7.31569171184710e+01 9.99929034873222e+04 
7.33149154807419e+01 9.99929396284947e+04 
7.34729138742871e+01 9.99930216932836e+04 
7.36309123482416e+01 9.99931540511207e+04 
7.37889111043111e+01 9.99933427982595e+04 
7.39469098644377e+01 9.99936003163305e+04 
7.41049087471577e+01 9.99939313938014e+04 
7.42629075233993e+01 9.99943062284968e+04 
7.44209062786759e+01 9.99947262671164e+04 
7.45789051660299e+01 9.99951691122640e+04 
7.47369040521852e+01 9.99956699452835e+04 
7.48949026971529e+01 9.99962139276796e+04 
7.50529013271319e+01 9.99968173311607e+04 
7.52109000002093e+01 9.99974118934970e+04 
7.53688985762336e+01 9.99980317649081e+04 
7.55268972581844e+01 9.99986369545750e+04 
7.56848960103278e+01 9.99992796779786e+04 
7.58428947255754e+01 9.99999251588650e+04 
7.60008936594136e+01 1.00000594124825e+05 
7.61588924322546e+01 1.00001202444185e+05 
7.63168911638559e+01 1.00001803988928e+05 
7.64748900450755e+01 1.00002353262309e+05 
7.66328890548658e+01 1.00002900232884e+05 
7.67908878834910e+01 1.00003403641646e+05 
7.69488867890563e+01 1.00003881516851e+05 
7.71068856575359e+01 1.00004267601301e+05 
7.72648846605642e+01 1.00004617544295e+05 
7.74228838477881e+01 1.00004898739764e+05 
7.75808832323467e+01 1.00005141459682e+05 
7.77388824246277e+01 1.00005314333244e+05 
7.78968816322887e+01 1.00005424138190e+05 
7.80548807011359e+01 1.00005452445493e+05 
7.82128796943324e+01 1.00005437672877e+05 
7.83708787081097e+01 1.00005372900666e+05 
7.85288777862713e+01 1.00005250862552e+05 
7.86868768060587e+01 1.00005061796562e+05 
7.88448759839678e+01 1.00004799891274e+05 
7.90028750293676e+01 1.00004493393117e+05 
7.91608740579794e+01 1.00004149254409e+05 
7.93188731240776e+01 1.00003785612369e+05 
7.94768722866737e+01 1.00003362856080e+05 
7.96348714744995e+01 1.00002897302296e+05 
7.97928707841639e+01 1.00002365262707e+05 
7.99508700431175e+01 1.00001834007983e+05 
8.01088692532010e+01 1.00001280064386e+05 
8.02668685571017e+01 1.00000739243748e+05 
8.04248679221742e+01 1.00000155296167e+05 
8.05828672895297e+01 9.99995607214005e+04 
8.07408668401889e+01 9.99989310214569e+04 
8.08988663183940e+01 9.99983430577059e+04 
8.10568658136689e+01 9.99977549805594e+04 
8.12148653641856e+01 9.99972091846606e+04 
8.13728650602450e+01 9.99966517136945e+04 
8.15308647094415e+01 9.99961214776489e+04 
8.16888645412167e+01 9.99955992931551e+04 
8.18468642992061e+01 9.99951494937253e+04 
8.20048640365115e+01 9.99947233008521e+04 
8.21628638878385e+01 9.99943532519242e+04 
8.23208638447879e+01 9.99940007496072e+04 
8.24788638290085e+01 9.99937000103802e+04 
8.26368639316287e+01 9.99934421055883e+04 
8.27948639928999e+01 9.99932600022023e+04 
8.29528640097892e+01 9.99931198398188e+04 
8.31108641257694e+01 9.99930360049780e+04 
8.32688643339817e+01 9.99929974434837e+04 
8.34268645003396e+01 9.99930262926012e+04 
8.35848648702901e+01 9.99931248971387e+04 
8.37428651207969e+01 9.99932813717693e+04 
8.39008653577218e+01 9.99934850662786e+04 
8.40588656514321e+01 9.99937286260404e+04 
8.42168660797810e+01 9.99940339508144e+04 
8.43748664504764e+01 9.99944011306342e+04 
8.45328669632765e+01 9.99948430355902e+04 
8.46908673910183e+01 9.99953056728885e+04 
8.48488677558302e+01 9.99958062536511e+04 
8.50068682338221e+01 9.99963117035049e+04 
8.51648687934220e+01 9.99968708193825e+04 
8.53228693020651e+01 9.99974619483324e+04 
8.54808699523303e+01 9.99981059441574e+04 
8.56388704750119e+01 9.99987263634714e+04 
8.57968709951201e+01 9.99993652153940e+04 
8.59548715414848e+01 9.99999786634200e+04 
8.61128721364377e+01 1.00000621377947e+05 
8.62708727179347e+01 1.00001254146057e+05 
8.64288733473842e+01 1.00001897042138e+05 
8.65868739800674e+01 1.00002468723444e+05 
8.67448745080638e+01 1.00003024961528e+05 
8.69028751837753e+01 1.00003525029106e+05 
8.70608758960404e+01 1.00004013882309e+05 
8.72188765860811e+01 1.00004450864502e+05 
8.73768773582707e+01 1.00004847371821e+05 
8.75348780012508e+01 1.00005153313935e+05 
8.76928786004829e+01 1.00005416176907e+05 
8.78508792441084e+01 1.00005614580066e+05 
8.80088800434000e+01 1.00005767090240e+05 
8.81668806916759e+01 1.00005847603078e+05 
8.83248814855233e+01 1.00005855256169e+05 
8.84828821285871e+01 1.00005789602900e+05 
8.86408826913246e+01 1.00005675916545e+05 
8.87988833442697e+01 1.00005516651646e+05 
8.89568840341034e+01 1.00005290852809e+05 
8.91148847006716e+01 1.00004997426647e+05 
8.92728853750260e+01 1.00004621739912e+05 
8.94308859501744e+01 1.00004210856657e+05 
8.95888863918260e+01 1.00003760627844e+05 
8.97468869365088e+01 1.00003299971232e+05 
8.99048875615784e+01 1.00002782042004e+05 
9.00628880436466e+01 1.00002228433041e+05 
9.02208886930447e+01 1.00001618749254e+05 
9.03788890986989e+01 1.00001022309097e+05 
9.05368894584843e+01 1.00000409305596e+05 
9.06948898189981e+01 9.99998199625556e+04 
9.08528902524989e+01 9.99991990834561e+04 
9.10108905775425e+01 9.99985843286290e+04 
9.11688909467955e+01 9.99979541672408e+04 
9.13268912145514e+01 9.99973806322822e+04 
9.14848913158008e+01 9.99968163028769e+04 
9.16428915822170e+01 9.99963014095525e+04 
9.18008918169298e+01 9.99957879379167e+04 
9.19588919708743e+01 9.99953160622981e+04 
9.21168922103786e+01 9.99948719749345e+04 
9.22748922710947e+01 9.99945072690907e+04 
9.24328922715071e+01 9.99941743472476e+04 
9.25908922911711e+01 9.99938983958645e+04 
9.27488924135160e+01 9.99936537724961e+04 
9.29068924081221e+01 9.99934730373115e+04 
9.30648924455409e+01 9.99933541565103e+04 
9.32228924177697e+01 9.99933096533465e+04 
9.33808923174738e+01 9.99933089510641e+04 
9.35388923127242e+01 9.99933560720558e+04 
9.36968923560327e+01 9.99934553342689e+04 
9.38548923989902e+01 9.99936199626513e+04 
9.40128924384549e+01 9.99938607015128e+04 
9.41708924405656e+01 9.99941453891839e+04 
9.43288923108054e+01 9.99944724274867e+04 
9.44868920599109e+01 9.99948237021003e+04 
9.46448916529606e+01 9.99952294711514e+04 
9.48028916076712e+01 9.99956812769026e+04 
9.49608914944496e+01 9.99961960923253e+04 
9.51188913057259e+01 9.99967107761366e+04 
9.52768912337209e+01 9.99972520526082e+04 
9.54348911411694e+01 9.99977854366547e+04 
9.55928911756063e+01 9.99983596479700e+04 
9.57508910635802e+01 9.99989453430341e+04 
9.59088910424678e+01 9.99995608419004e+04 
9.60668908867435e+01 1.00000135178711e+05 
9.62248906047757e+01 1.00000711209394e+05 
9.63828904827730e+01 1.00001248298159e+05 
9.65408903462501e+01 1.00001792762053e+05 
9.66988901623332e+01 1.00002308172395e+05 
9.68568900168082e+01 1.00002809083402e+05 
9.70148897240250e+01 1.00003232424719e+05 
9.71728892944551e+01 1.00003628529039e+05 
9.73308889047403e+01 1.00003969710206e+05 
9.74888886147520e+01 1.00004282052202e+05 
9.76468881266289e+01 1.00004536220033e+05 
9.78048877845412e+01 1.00004735486112e+05 
9.79628871957190e+01 1.00004855698561e+05 
9.81208865399089e+01 1.00004933328342e+05 
9.82788858937054e+01 1.00004960499933e+05 
9.84368853019583e+01 1.00004937296613e+05 
9.85948846206375e+01 1.00004850942430e+05 
9.87528839618249e+01 1.00004694742819e+05 
9.89108832001843e+01 1.00004488101294e+05 
9.90688822583182e+01 1.00004241237022e+05 
9.92268814607112e+01 1.00003965720968e+05 
9.93848806720824e+01 1.00003632655963e+05 
9.95428797821141e+01 1.00003251342147e+05 
9.97008790097915e+01 1.00002808021306e+05 
9.98588780603129e+01 1.00002355118613e+05 
1.00016877088879e+02 1.00001876922049e+05 
