# Liste des scalaires : TEMPS pmat 
0.00000000000000e+00 1.00000000000000e+05 
1.58013544018059e-01 1.00000000000000e+05 
3.16027088036117e-01 1.00000000000000e+05 
4.74040632054176e-01 1.00000000000000e+05 
6.32054176072234e-01 1.00000000000000e+05 
7.90067720090293e-01 1.00000000000000e+05 
9.48081264108351e-01 1.00000000000000e+05 
1.10609480812641e+00 1.00000000000000e+05 
1.26410835214447e+00 1.00000000000000e+05 
1.42212189616253e+00 1.00000000000000e+05 
1.58013544018058e+00 1.00000000000000e+05 
1.73814898419864e+00 1.00000000000000e+05 
1.89616252821670e+00 1.00000000000000e+05 
2.05417607223476e+00 1.00000000000000e+05 
2.21218961625282e+00 1.00000000000000e+05 
2.37020316027087e+00 1.00000000000000e+05 
2.52821670428893e+00 1.00000000000000e+05 
2.68623024830699e+00 1.00000000000000e+05 
2.84424379232505e+00 1.00000000000000e+05 
3.00225733634311e+00 1.00000000000000e+05 
3.16027088036116e+00 1.00000000000000e+05 
3.31828442437922e+00 1.00000000000000e+05 
3.47629796839728e+00 1.00000000000000e+05 
3.63431151241534e+00 1.00000000000000e+05 
3.79232505643340e+00 1.00000000000000e+05 
3.95033860045145e+00 1.00000000000000e+05 
4.10835214446951e+00 1.00000000000000e+05 
4.26636568848757e+00 1.00000000000000e+05 
4.42437923250563e+00 1.00000000000000e+05 
4.58239277652368e+00 1.00000000000000e+05 
4.74040632054174e+00 1.00000000000000e+05 
4.89841986455980e+00 1.00000000000000e+05 
5.05643340857786e+00 1.00000000000000e+05 
5.21444695259591e+00 1.00000000000000e+05 
5.37246049661397e+00 1.00000000000000e+05 
5.53047404063203e+00 1.00000000000000e+05 
5.68848758465009e+00 1.00000000000000e+05 
5.84650112866814e+00 1.00000000000000e+05 
6.00451467268620e+00 1.00000000000000e+05 
6.16252821670426e+00 1.00000000000000e+05 
6.32054176072231e+00 1.00000000000000e+05 
6.47855530474037e+00 1.00000000000000e+05 
6.63656884875843e+00 1.00000000000000e+05 
6.79458239277648e+00 1.00000000000000e+05 
6.95259593679454e+00 1.00000000000000e+05 
7.11060948081260e+00 1.00000000000000e+05 
7.26862302483065e+00 1.00000000000000e+05 
7.42663656884871e+00 1.00000000000000e+05 
7.58465011286677e+00 1.00000000000000e+05 
7.74266365688483e+00 1.00000000000000e+05 
7.90067720090288e+00 1.00000000000000e+05 
8.05869074492094e+00 1.00000000000000e+05 
8.21670428893899e+00 1.00000000000000e+05 
8.37471783295705e+00 1.00000000000000e+05 
8.53273137697511e+00 1.00000000000000e+05 
8.69074492099316e+00 1.00000000000000e+05 
8.84875846501122e+00 1.00000000000000e+05 
9.00677200902927e+00 1.00000000000000e+05 
9.16478555304733e+00 1.00000000000000e+05 
9.32279909706538e+00 1.00000000000000e+05 
9.48081264108344e+00 1.00000000000000e+05 
9.63882618510150e+00 1.00000000000000e+05 
9.79683972911955e+00 1.00000000000000e+05 
9.95485327313761e+00 1.00000000000000e+05 
1.01128668171557e+01 1.00000000000000e+05 
1.02708803611737e+01 1.00000000000000e+05 
1.04288939051918e+01 1.00000000000000e+05 
1.05869074492098e+01 1.00000000000000e+05 
1.07449209932279e+01 1.00000000000000e+05 
1.09029345372459e+01 1.00000000000000e+05 
1.10609480812640e+01 1.00000000000000e+05 
1.12189616252821e+01 1.00000000000000e+05 
1.13769751693001e+01 1.00000000000000e+05 
1.15349887133182e+01 1.00000000000000e+05 
1.16930022573362e+01 1.00000000000000e+05 
1.18510158013543e+01 1.00000000000000e+05 
1.20090293453723e+01 1.00000000000000e+05 
1.21670428893904e+01 1.00000000000000e+05 
1.23250564334084e+01 1.00000000000000e+05 
1.24830699774265e+01 1.00000000000000e+05 
1.26410835214446e+01 1.00000000000000e+05 
1.27990970654626e+01 1.00000000000000e+05 
1.29571106094807e+01 1.00000000000000e+05 
1.31151241534987e+01 1.00000000000000e+05 
1.32731376975168e+01 1.00000000000000e+05 
1.34311512415348e+01 1.00000000000000e+05 
1.35891647855529e+01 1.00000000000000e+05 
1.37471783295709e+01 1.00000000000000e+05 
1.39051918735890e+01 1.00000000000000e+05 
1.40632054176071e+01 1.00000000000000e+05 
1.42212189616251e+01 1.00000000000000e+05 
1.43792325056432e+01 1.00000000000000e+05 
1.45372460496612e+01 1.00000000000000e+05 
1.46952595936793e+01 1.00000000000000e+05 
1.48532731376973e+01 1.00000000000000e+05 
1.50112866817154e+01 1.00000000000000e+05 
1.51693002257334e+01 1.00000000000000e+05 
1.53273137697515e+01 1.00000000000000e+05 
1.54853273137695e+01 1.00000000000000e+05 
1.56433408577876e+01 1.00000000000000e+05 
1.58013544018057e+01 1.00000000000000e+05 
1.59593679458237e+01 1.00000000000000e+05 
1.61173814898418e+01 1.00000000000000e+05 
1.62753950338598e+01 1.00000000000000e+05 
1.64334085778779e+01 1.00000000000000e+05 
1.65914221218959e+01 1.00000000000000e+05 
1.67494356659140e+01 1.00000000000000e+05 
1.69074492099320e+01 1.00000000000000e+05 
1.70654627539501e+01 1.00000000000000e+05 
1.72234762979681e+01 1.00000000000000e+05 
1.73814898419862e+01 1.00000000000001e+05 
1.75395033860043e+01 1.00000000000009e+05 
1.76975169300223e+01 1.00000000000082e+05 
1.78555304740404e+01 1.00000000000590e+05 
1.80135440180584e+01 1.00000000005904e+05 
1.81715575620765e+01 1.00000000055645e+05 
1.83295711060945e+01 1.00000000499107e+05 
1.84875846501126e+01 1.00000000989069e+05 
1.86455981941306e+01 1.00000002021050e+05 
1.88036117381487e+01 1.00000003859107e+05 
1.89616252821667e+01 1.00000007116395e+05 
1.91196388261848e+01 1.00000012223679e+05 
1.92776523702028e+01 1.00000021805766e+05 
1.94356659142209e+01 1.00000037872644e+05 
1.95936794582390e+01 1.00000063830087e+05 
1.97516930022570e+01 1.00000107002902e+05 
1.99097065462751e+01 1.00000175043868e+05 
2.00677200902931e+01 1.00000271055218e+05 
2.02257336343112e+01 1.00000426400126e+05 
2.03837471783292e+01 1.00000652803559e+05 
2.05417607223473e+01 1.00000973186214e+05 
2.06997742663653e+01 1.00001431522170e+05 
2.08577878103834e+01 1.00002047267302e+05 
2.10158013544014e+01 1.00002852071775e+05 
2.11738148984195e+01 1.00003938506200e+05 
2.13318284424376e+01 1.00005303965485e+05 
2.14898419864556e+01 1.00006993769917e+05 
2.16478555304737e+01 1.00008963009655e+05 
2.18058690744917e+01 1.00011091091218e+05 
2.19638826185098e+01 1.00013717378367e+05 
2.21218961625278e+01 1.00016592512093e+05 
2.22799097065459e+01 1.00019644465410e+05 
2.24379232505639e+01 1.00022990631100e+05 
2.25959367945820e+01 1.00026009633728e+05 
2.27539503386000e+01 1.00028500380813e+05 
2.29119638826181e+01 1.00031462726770e+05 
2.30699774266361e+01 1.00034465435637e+05 
2.32279909706542e+01 1.00037106477776e+05 
2.33860045146723e+01 1.00039832901455e+05 
2.35440180586903e+01 1.00041711430329e+05 
2.37020316027084e+01 1.00042518432037e+05 
2.38600451467264e+01 1.00043632272662e+05 
2.40180586907445e+01 1.00044841447664e+05 
2.41760722347625e+01 1.00045473694443e+05 
2.43340857787806e+01 1.00046156046791e+05 
2.44920993227986e+01 1.00045744516642e+05 
2.46501128668167e+01 1.00044262258162e+05 
2.48081264108347e+01 1.00043024540606e+05 
2.49661399548528e+01 1.00041987294316e+05 
2.51241534988708e+01 1.00040516918149e+05 
2.52821670428889e+01 1.00038638835865e+05 
2.54401805869069e+01 1.00035972135645e+05 
2.55981941309250e+01 1.00032683482459e+05 
2.57562076749430e+01 1.00029578958465e+05 
2.59142212189611e+01 1.00026515087254e+05 
2.60722347629791e+01 1.00023257661318e+05 
2.62302483069972e+01 1.00019406486407e+05 
2.63882618510153e+01 1.00015382116311e+05 
2.65462753950333e+01 1.00011349803923e+05 
2.67042889390514e+01 1.00007301529019e+05 
2.68623024830694e+01 1.00003141058022e+05 
2.70203160270875e+01 9.99990864434649e+04 
2.71783295711055e+01 9.99945597442042e+04 
2.73363431151236e+01 9.99904060597237e+04 
2.74943566591416e+01 9.99869184497202e+04 
2.76523702031597e+01 9.99833167443932e+04 
2.78103837471777e+01 9.99795465426944e+04 
2.79683972911958e+01 9.99761495472503e+04 
2.81264108352138e+01 9.99723744039787e+04 
2.82844243792319e+01 9.99695328985970e+04 
2.84424379232499e+01 9.99679418921826e+04 
2.86004514672680e+01 9.99658788442848e+04 
2.87584650112860e+01 9.99635575309852e+04 
2.89164785553041e+01 9.99616643584226e+04 
2.90744920993221e+01 9.99596404176782e+04 
2.92325056433402e+01 9.99585761091143e+04 
2.93905191873582e+01 9.99587477538676e+04 
2.95485327313763e+01 9.99583157301809e+04 
2.97065462753943e+01 9.99577022507579e+04 
2.98645598194124e+01 9.99574334310233e+04 
3.00225733634304e+01 9.99572193340615e+04 
3.01805869074485e+01 9.99577891280802e+04 
3.03386004514665e+01 9.99592905573586e+04 
3.04966139954843e+01 9.99603651511370e+04 
3.06546275395003e+01 9.99613070372000e+04 
3.08126410834971e+01 9.99625222347903e+04 
3.09706546272957e+01 9.99640671085311e+04 
3.11286681708936e+01 9.99659947253750e+04 
3.12866817143274e+01 9.99685711569274e+04 
3.14446952574723e+01 9.99708499163260e+04 
3.16027088001674e+01 9.99731924486557e+04 
3.17607223421364e+01 9.99756144616529e+04 
3.19187358832495e+01 9.99784920343533e+04 
3.20767494226194e+01 9.99813524176560e+04 
3.22347629599941e+01 9.99844420312349e+04 
3.23927764943706e+01 9.99872128818776e+04 
3.25507900239423e+01 9.99901830031561e+04 
3.27088035457829e+01 9.99929882246175e+04 
3.28668170595274e+01 9.99962140605956e+04 
3.30248305599181e+01 9.99990538884021e+04 
3.31828440425992e+01 1.00001580550299e+05 
3.33408575031136e+01 1.00003970006898e+05 
3.34988709293862e+01 1.00006666559955e+05 
3.36568843063214e+01 1.00009004603012e+05 
3.38148976325709e+01 1.00011607168291e+05 
3.39729108878444e+01 1.00013610409940e+05 
3.41309240403887e+01 1.00014930986481e+05 
3.42889370834585e+01 1.00016287426174e+05 
3.44469499667095e+01 1.00018017182217e+05 
3.46049626416154e+01 1.00019356031989e+05 
3.47629751094123e+01 1.00020697907440e+05 
3.49209873220811e+01 1.00021485508003e+05 
3.50789991793260e+01 1.00021556424711e+05 
3.52370106929348e+01 1.00021679316258e+05 
3.53950217552060e+01 1.00022056918059e+05 
3.55530322801683e+01 1.00022193555301e+05 
3.57110422484800e+01 1.00022192047744e+05 
3.58690516557028e+01 1.00021662337833e+05 
3.60270604042267e+01 1.00020704261781e+05 
3.61850684108629e+01 1.00019722530644e+05 
3.63430757025597e+01 1.00018700175207e+05 
3.65010821998343e+01 1.00017588410606e+05 
3.66590879149553e+01 1.00016175573525e+05 
3.68170929429180e+01 1.00014617440790e+05 
3.69750972659910e+01 1.00012891013141e+05 
3.71331008599683e+01 1.00011279977137e+05 
3.72911038794230e+01 1.00009416426580e+05 
3.74491063311914e+01 1.00007635879548e+05 
3.76071083058444e+01 1.00005457333341e+05 
3.77651096857588e+01 1.00003344614372e+05 
3.79231104073047e+01 1.00001343827545e+05 
3.80811109502943e+01 9.99994920890132e+04 
3.82391112062999e+01 9.99972557023698e+04 
3.83971111660317e+01 9.99952624370442e+04 
3.85551109656345e+01 9.99929977242100e+04 
3.87131105571401e+01 9.99910075612199e+04 
3.88711098652798e+01 9.99894244782345e+04 
3.90291090063081e+01 9.99878814821274e+04 
3.91871079803516e+01 9.99859156099044e+04 
3.93451069164122e+01 9.99843465836286e+04 
3.95031056072435e+01 9.99827301461846e+04 
3.96611044176520e+01 9.99815248004071e+04 
3.98191030871787e+01 9.99809530940953e+04 
3.99771018088401e+01 9.99802917407122e+04 
4.01351007074698e+01 9.99793748322485e+04 
4.02930997022155e+01 9.99788724451948e+04 
4.04510986021552e+01 9.99785789852969e+04 
4.06090971618161e+01 9.99786088779291e+04 
4.07670958737284e+01 9.99792638488831e+04 
4.09250951708767e+01 9.99798822446164e+04 
4.10830945501286e+01 9.99804634248184e+04 
4.12410939472816e+01 9.99813685288282e+04 
4.13990933807653e+01 9.99826539438519e+04 
4.15570928592266e+01 9.99840428215951e+04 
4.17150923413803e+01 9.99857894446271e+04 
4.18730918618998e+01 9.99875882765606e+04 
4.20310913871491e+01 9.99895442686437e+04 
4.21890909437351e+01 9.99915439697815e+04 
4.23470905543198e+01 9.99939606073639e+04 
4.25050902256413e+01 9.99962717067591e+04 
4.26630899184684e+01 9.99985142850763e+04 
4.28210896745392e+01 1.00000618141717e+05 
4.29790892602239e+01 1.00003017475209e+05 
4.31370888188632e+01 1.00005183898632e+05 
4.32950884109090e+01 1.00007680521943e+05 
4.34530877023690e+01 1.00009862836649e+05 
4.36110866376294e+01 1.00011622983823e+05 
4.37690854724754e+01 1.00013313227200e+05 
4.39270845035842e+01 1.00015325206133e+05 
4.40850833364672e+01 1.00016927041049e+05 
4.42430820276957e+01 1.00018619989754e+05 
4.44010804989590e+01 1.00019811180011e+05 
4.45590788134630e+01 1.00020366279005e+05 
4.47170770655565e+01 1.00020978785008e+05 
4.48750752148097e+01 1.00021864441491e+05 
4.50330732938293e+01 1.00022345026297e+05 
4.51910713795358e+01 1.00022633640849e+05 
4.53490693983586e+01 1.00022554495809e+05 
4.55070674106562e+01 1.00021851329286e+05 
4.56650653676240e+01 1.00021148952041e+05 
4.58230631625694e+01 1.00020662560252e+05 
4.59810608096228e+01 1.00019836016809e+05 
4.61390583312556e+01 1.00018658039592e+05 
4.62970557728472e+01 1.00017267661454e+05 
4.64550531385988e+01 1.00015525616300e+05 
4.66130504658573e+01 1.00013731974767e+05 
4.67710476910669e+01 1.00011882923781e+05 
4.69290448370875e+01 1.00009928660917e+05 
4.70870418817074e+01 1.00007580247205e+05 
4.72450388394929e+01 1.00005274015173e+05 
4.74030357844738e+01 1.00002928152820e+05 
4.75610327369803e+01 1.00000624674905e+05 
4.77190296641417e+01 9.99980709361199e+04 
4.78770265567167e+01 9.99956050482627e+04 
4.80350232907807e+01 9.99928181900503e+04 
4.81930199724646e+01 9.99902587004282e+04 
4.83510166821919e+01 9.99879812982196e+04 
4.85090134340476e+01 9.99856308197437e+04 
4.86670101864053e+01 9.99830107233591e+04 
4.88250069367958e+01 9.99807446848656e+04 
4.89830037017608e+01 9.99783639684851e+04 
4.91410003791622e+01 9.99764086248215e+04 
4.92989969712441e+01 9.99750465347702e+04 
4.94569936135427e+01 9.99735729671332e+04 
4.96149902571749e+01 9.99718740096900e+04 
4.97729869349215e+01 9.99706394390048e+04 
4.99309836461128e+01 9.99695309422348e+04 
5.00889804092298e+01 9.99689031805561e+04 
5.02469772586986e+01 9.99690341913221e+04 
5.04049742099479e+01 9.99690502329253e+04 
5.05629710368897e+01 9.99689274894958e+04 
5.07209677221875e+01 9.99692805761248e+04 
5.08789643925024e+01 9.99700135173449e+04 
5.10369611214738e+01 9.99710841950292e+04 
5.11949579837573e+01 9.99728005195302e+04 
5.13529549196390e+01 9.99744887294550e+04 
5.15109519220113e+01 9.99762137590744e+04 
5.16689490194469e+01 9.99782406052734e+04 
5.18269461871349e+01 9.99807248515347e+04 
5.19849434232851e+01 9.99832579535330e+04 
5.21429407955823e+01 9.99859771186657e+04 
5.23009380095267e+01 9.99886320428218e+04 
5.24589351151370e+01 9.99914544640111e+04 
5.26169322605497e+01 9.99941936169542e+04 
5.27749294397864e+01 9.99973174895740e+04 
5.29329267403186e+01 1.00000162600135e+05 
5.30909241439174e+01 1.00002734895484e+05 
5.32489216473604e+01 1.00005266030745e+05 
5.34069192807000e+01 1.00008060934928e+05 
5.35649170063727e+01 1.00010435455671e+05 
5.37229148023365e+01 1.00012960610959e+05 
5.38809127246988e+01 1.00015030531227e+05 
5.40389107877367e+01 1.00016522557638e+05 
5.41969089517492e+01 1.00018052156169e+05 
5.43549072484630e+01 1.00019846570101e+05 
5.45129054270051e+01 1.00021173679279e+05 
5.46709034516164e+01 1.00022411353540e+05 
5.48289014795824e+01 1.00023176777190e+05 
5.49868996507851e+01 1.00023265864654e+05 
5.51448978880694e+01 1.00023470012220e+05 
5.53028962526066e+01 1.00023896443912e+05 
5.54608947556885e+01 1.00023910129929e+05 
5.56188933188464e+01 1.00023575436923e+05 
5.57768920070724e+01 1.00023041739140e+05 
5.59348908650161e+01 1.00021972986196e+05 
5.60928898167026e+01 1.00020978882659e+05 
5.62508889037190e+01 1.00020036089913e+05 
5.64088881394332e+01 1.00018859544368e+05 
5.65668874484921e+01 1.00017258681350e+05 
5.67248868836807e+01 1.00015579762752e+05 
5.68828864893542e+01 1.00013678758017e+05 
5.70408861960338e+01 1.00011910992991e+05 
5.71988860391269e+01 1.00009902079067e+05 
5.73568857825965e+01 1.00007900283829e+05 
5.75148854374958e+01 1.00005493867471e+05 
5.76728851158728e+01 1.00003282126276e+05 
5.78308849012099e+01 1.00001180842474e+05 
5.79888847480601e+01 9.99991229563425e+04 
5.81468847532464e+01 9.99966660141799e+04 
5.83048848708051e+01 9.99944726471083e+04 
5.84628851001882e+01 9.99920103993403e+04 
5.86208854661624e+01 9.99898371148655e+04 
5.87788859510897e+01 9.99880692874455e+04 
5.89368865555350e+01 9.99862742495340e+04 
5.90948872830377e+01 9.99840368571467e+04 
5.92528880864323e+01 9.99822273468682e+04 
5.94108889302507e+01 9.99804059959083e+04 
5.95688898327881e+01 9.99789736182785e+04 
5.97268908041111e+01 9.99781956329693e+04 
5.98848918003332e+01 9.99772382275725e+04 
6.00428928680254e+01 9.99759622742025e+04 
6.02008940796456e+01 9.99751347823825e+04 
6.03588954725139e+01 9.99745895654660e+04 
6.05168971072922e+01 9.99743208839627e+04 
6.06748990531746e+01 9.99747149106273e+04 
6.08329010433522e+01 9.99749729908372e+04 
6.09909029438758e+01 9.99751447841348e+04 
6.11489044805151e+01 9.99756633273557e+04 
6.13069057727749e+01 9.99766247500584e+04 
6.14649070351632e+01 9.99777455688417e+04 
6.16229081384915e+01 9.99793123621629e+04 
6.17809092441211e+01 9.99807592954757e+04 
6.19389101339700e+01 9.99824658776612e+04 
6.20969109801752e+01 9.99842075144984e+04 
6.22549119387378e+01 9.99864414738030e+04 
6.24129129488496e+01 9.99885391035970e+04 
6.25709138861800e+01 9.99906334631108e+04 
6.27289151983368e+01 9.99924722224697e+04 
6.28869165870729e+01 9.99947963011211e+04 
6.30449181597254e+01 9.99968326498645e+04 
6.32029200758520e+01 9.99993179304802e+04 
6.33609221827735e+01 1.00001483494180e+05 
6.35189242560073e+01 1.00003273044590e+05 
6.36769260693996e+01 1.00004851154821e+05 
6.38349281051127e+01 1.00007085396049e+05 
6.39929298098694e+01 1.00008810450360e+05 
6.41509316615666e+01 1.00010713361919e+05 
6.43089337942408e+01 1.00012174845310e+05 
6.44669357869463e+01 1.00013010316503e+05 
6.46249374433373e+01 1.00013949314257e+05 
6.47829389136374e+01 1.00015384959809e+05 
6.49409399663625e+01 1.00016381135783e+05 
6.50989409632269e+01 1.00017226106283e+05 
6.52569421377169e+01 1.00017738381731e+05 
6.54149430085585e+01 1.00017690761414e+05 
6.55729437641150e+01 1.00017751801929e+05 
6.57309443638751e+01 1.00018103624059e+05 
6.58889448714392e+01 1.00018116506549e+05 
6.60469454271883e+01 1.00017702962755e+05 
6.62049458871531e+01 1.00017211081273e+05 
6.63629460911794e+01 1.00016330111405e+05 
6.65209461944869e+01 1.00015708782439e+05 
6.66789460139657e+01 1.00014902760255e+05 
6.68369454321013e+01 1.00013953125921e+05 
6.69949447414460e+01 1.00012476491500e+05 
6.71529441536746e+01 1.00011065798568e+05 
6.73109433241402e+01 1.00009550730992e+05 
6.74689424701647e+01 1.00008262092775e+05 
6.76269417991850e+01 1.00006490917360e+05 
6.77849410142811e+01 1.00004855244589e+05 
6.79429404441664e+01 1.00002694893444e+05 
6.81009399323400e+01 1.00000765169951e+05 
6.82589394467423e+01 9.99990304083128e+04 
6.84169390831585e+01 9.99974826610040e+04 
6.85749387125848e+01 9.99952675259511e+04 
6.87329381770452e+01 9.99934109504440e+04 
6.88909376719355e+01 9.99912499341380e+04 
6.90489371579850e+01 9.99894221670468e+04 
6.92069365995741e+01 9.99880783945266e+04 
6.93649360510441e+01 9.99867732384526e+04 
6.95229353740816e+01 9.99848448434178e+04 
6.96809345840638e+01 9.99833986863600e+04 
6.98389340499524e+01 9.99819645052340e+04 
6.99969337688401e+01 9.99809158705102e+04 
7.01549335087798e+01 9.99805523052806e+04 
7.03129334087804e+01 9.99800348908385e+04 
7.04709333808406e+01 9.99791908631360e+04 
7.06289333787524e+01 9.99788154515580e+04 
7.07869336204822e+01 9.99787865423470e+04 
7.09449340672215e+01 9.99790137974797e+04 
7.11029345997939e+01 9.99798458316621e+04 
7.12609350713582e+01 9.99804975362102e+04 
7.14189347160093e+01 9.99811869909610e+04 
7.15769336370085e+01 9.99821979437302e+04 
7.17349322495437e+01 9.99837659016017e+04 
7.18929307461385e+01 9.99852984044015e+04 
7.20509289766604e+01 9.99869975212306e+04 
7.22089272661357e+01 9.99886819404378e+04 
7.23669254718874e+01 9.99906713341833e+04 
7.25249235776293e+01 9.99925933742356e+04 
7.26829219494500e+01 9.99950305669954e+04 
7.28409203727508e+01 9.99971975739992e+04 
7.29989186538633e+01 9.99991696553510e+04 
7.31569171184710e+01 1.00000852752893e+05 
7.33149154807419e+01 1.00003095420904e+05 
7.34729138742871e+01 1.00004989690111e+05 
7.36309123482416e+01 1.00007302284194e+05 
7.37889111043111e+01 1.00009177490358e+05 
7.39469098644377e+01 1.00010542478669e+05 
7.41049087471577e+01 1.00011712393481e+05 
7.42629075233993e+01 1.00013542052234e+05 
7.44209062786759e+01 1.00014881833673e+05 
7.45789051660299e+01 1.00016322251157e+05 
7.47369040521852e+01 1.00017268085737e+05 
7.48949026971529e+01 1.00017562174119e+05 
7.50529013271319e+01 1.00017920406913e+05 
7.52109000002093e+01 1.00018748713644e+05 
7.53688985762336e+01 1.00019136682781e+05 
7.55268972581844e+01 1.00019271458554e+05 
7.56848960103278e+01 1.00019174292717e+05 
7.58428947255754e+01 1.00018496960154e+05 
7.60008936594136e+01 1.00017904217272e+05 
7.61588924322546e+01 1.00017558036413e+05 
7.63168911638559e+01 1.00016920153501e+05 
7.64748900450755e+01 1.00015849112382e+05 
7.66328890548658e+01 1.00014703013750e+05 
7.67908878834910e+01 1.00013332019648e+05 
7.69488867890563e+01 1.00012034925558e+05 
7.71068856575359e+01 1.00010504260934e+05 
7.72648846605642e+01 1.00008959888396e+05 
7.74228838477881e+01 1.00006944605093e+05 
7.75808832323467e+01 1.00005095282395e+05 
7.77388824246277e+01 1.00003306758356e+05 
7.78968816322887e+01 1.00001722080343e+05 
7.80548807011359e+01 9.99996832762018e+04 
7.82128796943324e+01 9.99978319014365e+04 
7.83708787081097e+01 9.99955351100877e+04 
7.85288777862713e+01 9.99935571565788e+04 
7.86868768060587e+01 9.99919187191527e+04 
7.88448759839678e+01 9.99904565465293e+04 
7.90028750293676e+01 9.99883658866021e+04 
7.91608740579794e+01 9.99867104033505e+04 
7.93188731240776e+01 9.99848568754880e+04 
7.94768722866737e+01 9.99834768090702e+04 
7.96348714744995e+01 9.99827183715339e+04 
7.97928707841639e+01 9.99818726696481e+04 
7.99508700431175e+01 9.99805275444036e+04 
8.01088692532010e+01 9.99796536292559e+04 
8.02668685571017e+01 9.99789060582529e+04 
8.04248679221742e+01 9.99785601282914e+04 
8.05828672895297e+01 9.99789159409769e+04 
8.07408668401889e+01 9.99792125181477e+04 
8.08988663183940e+01 9.99792009712049e+04 
8.10568658136689e+01 9.99795943582788e+04 
8.12148653641856e+01 9.99803790090534e+04 
8.13728650602450e+01 9.99814104896673e+04 
8.15308647094415e+01 9.99828436112711e+04 
8.16888645412167e+01 9.99841807444846e+04 
8.18468642992061e+01 9.99857267965038e+04 
8.20048640365115e+01 9.99874083363461e+04 
8.21628638878385e+01 9.99895158019653e+04 
8.23208638447879e+01 9.99915975563486e+04 
8.24788638290085e+01 9.99936730918607e+04 
8.26368639316287e+01 9.99954810347189e+04 
8.27948639928999e+01 9.99976537500604e+04 
8.29528640097892e+01 9.99996292884459e+04 
8.31108641257694e+01 1.00002118807692e+05 
8.32688643339817e+01 1.00004246594115e+05 
8.34268645003396e+01 1.00006008939710e+05 
8.35848648702901e+01 1.00007496388513e+05 
8.37428651207969e+01 1.00009553575722e+05 
8.39008653577218e+01 1.00011166486180e+05 
8.40588656514321e+01 1.00013059507222e+05 
8.42168660797810e+01 1.00014453833106e+05 
8.43748664504764e+01 1.00015217825037e+05 
8.45328669632765e+01 1.00015925866315e+05 
8.46908673910183e+01 1.00017221516519e+05 
8.48488677558302e+01 1.00018048073529e+05 
8.50068682338221e+01 1.00018845043259e+05 
8.51648687934220e+01 1.00019195897455e+05 
8.53228693020651e+01 1.00018923273850e+05 
8.54808699523303e+01 1.00018694637849e+05 
8.56388704750119e+01 1.00018860395636e+05 
8.57968709951201e+01 1.00018646823676e+05 
8.59548715414848e+01 1.00018088742139e+05 
8.61128721364377e+01 1.00017391548228e+05 
8.62708727179347e+01 1.00016262429223e+05 
8.64288733473842e+01 1.00015288138896e+05 
8.65868739800674e+01 1.00014308504480e+05 
8.67448745080638e+01 1.00013129316294e+05 
8.69028751837753e+01 1.00011476329495e+05 
8.70608758960404e+01 1.00009933966504e+05 
8.72188765860811e+01 1.00008246904544e+05 
8.73768773582707e+01 1.00006739057489e+05 
8.75348780012508e+01 1.00004937373849e+05 
8.76928786004829e+01 1.00003199293468e+05 
8.78508792441084e+01 1.00000976478489e+05 
8.80088800434000e+01 9.99990216066543e+04 
8.81668806916759e+01 9.99972670031294e+04 
8.83248814855233e+01 9.99957630740133e+04 
8.84828821285871e+01 9.99937054716102e+04 
8.86408826913246e+01 9.99919610938439e+04 
8.87988833442697e+01 9.99898581532813e+04 
8.89568840341034e+01 9.99881652613651e+04 
8.91148847006716e+01 9.99869608134935e+04 
8.92728853750260e+01 9.99859065286308e+04 
8.94308859501744e+01 9.99842030368762e+04 
8.95888863918260e+01 9.99829713626498e+04 
8.97468869365088e+01 9.99816636568390e+04 
8.99048875615784e+01 9.99808204290620e+04 
9.00628880436466e+01 9.99806485710861e+04 
9.02208886930447e+01 9.99803862922217e+04 
9.03788890986989e+01 9.99797023814903e+04 
9.05368894584843e+01 9.99794879290004e+04 
9.06948898189981e+01 9.99795383809953e+04 
9.08528902524989e+01 9.99798619078150e+04 
9.10108905775425e+01 9.99807905743314e+04 
9.11688909467955e+01 9.99816561379916e+04 
9.13268912145514e+01 9.99824012619319e+04 
9.14848913158008e+01 9.99834636666079e+04 
9.16428915822170e+01 9.99850024167510e+04 
9.18008918169298e+01 9.99865135583005e+04 
9.19588919708743e+01 9.99882744192020e+04 
9.21168922103786e+01 9.99900114889580e+04 
9.22748922710947e+01 9.99919813440630e+04 
9.24328922715071e+01 9.99939001720214e+04 
9.25908922911711e+01 9.99963060265742e+04 
9.27488924135160e+01 9.99984508550943e+04 
9.29068924081221e+01 1.00000423542292e+05 
9.30648924455409e+01 1.00002084738894e+05 
9.32228924177697e+01 1.00004245158484e+05 
9.33808923174738e+01 1.00006088369235e+05 
9.35388923127242e+01 1.00008349972939e+05 
9.36968923560327e+01 1.00010165955336e+05 
9.38548923989902e+01 1.00011498389359e+05 
9.40128924384549e+01 1.00012587141603e+05 
9.41708924405656e+01 1.00014348847254e+05 
9.43288923108054e+01 1.00015598988755e+05 
9.44868920599109e+01 1.00017022045669e+05 
9.46448916529606e+01 1.00017927166375e+05 
9.48028916076712e+01 1.00018173791298e+05 
9.49608914944496e+01 1.00018442513856e+05 
9.51188913057259e+01 1.00019237681737e+05 
9.52768912337209e+01 1.00019578203872e+05 
9.54348911411694e+01 1.00019720900633e+05 
9.55928911756063e+01 1.00019598845421e+05 
9.57508910635802e+01 1.00018881118466e+05 
9.59088910424678e+01 1.00018236280509e+05 
9.60668908867435e+01 1.00017887429675e+05 
9.62248906047757e+01 1.00017231283164e+05 
9.63828904827730e+01 1.00016166485354e+05 
9.65408903462501e+01 1.00015042745145e+05 
9.66988901623332e+01 1.00013676902143e+05 
9.68568900168082e+01 1.00012422237266e+05 
9.70148897240250e+01 1.00010923522213e+05 
9.71728892944551e+01 1.00009416342224e+05 
9.73308889047403e+01 1.00007415830713e+05 
9.74888886147520e+01 1.00005586578526e+05 
9.76468881266289e+01 1.00003797665341e+05 
9.78048877845412e+01 1.00002255514507e+05 
9.79628871957190e+01 1.00000282180597e+05 
9.81208865399089e+01 9.99984941306546e+04 
9.82788858937054e+01 9.99962397735706e+04 
9.84368853019583e+01 9.99943074413213e+04 
9.85948846206375e+01 9.99927008888342e+04 
9.87528839618249e+01 9.99912926515351e+04 
9.89108832001843e+01 9.99892627083420e+04 
9.90688822583182e+01 9.99876692399056e+04 
9.92268814607112e+01 9.99858384415655e+04 
9.93848806720824e+01 9.99844679148850e+04 
9.95428797821141e+01 9.99837027920956e+04 
9.97008790097915e+01 9.99829025010341e+04 
9.98588780603129e+01 9.99815442791439e+04 
1.00016877088879e+02 9.99806671865126e+04 
