# Liste des scalaires : TEMPS pmat 
0.00000000000000e+00 1.00000000000000e+05 
1.58013544018059e-01 1.00000000000000e+05 
3.16027088036117e-01 1.00000000000000e+05 
4.74040632054176e-01 1.00000000000000e+05 
6.32054176072234e-01 1.00000000000000e+05 
7.90067720090293e-01 1.00000000000000e+05 
9.48081264108351e-01 1.00000000000000e+05 
1.10609480812641e+00 1.00000000000000e+05 
1.26410835214447e+00 1.00000000000000e+05 
1.42212189616253e+00 1.00000000000000e+05 
1.58013544018058e+00 1.00000000000000e+05 
1.73814898419864e+00 1.00000000000000e+05 
1.89616252821670e+00 1.00000000000002e+05 
2.05417607223476e+00 1.00000000000439e+05 
2.21218961625282e+00 1.00000000043025e+05 
2.37020316027087e+00 1.00000000947716e+05 
2.52821670428893e+00 1.00000006509493e+05 
2.68623024830699e+00 1.00000025077748e+05 
2.84424379232505e+00 1.00000097125546e+05 
3.00225733634311e+00 1.00000286035480e+05 
3.16027088036116e+00 1.00000717378894e+05 
3.31828442437922e+00 1.00001580607202e+05 
3.47629796839728e+00 1.00003632583995e+05 
3.63431151241534e+00 1.00007022014709e+05 
3.79232505643340e+00 1.00013056974940e+05 
3.95033860045145e+00 1.00021729171520e+05 
4.10835214446951e+00 1.00033377379479e+05 
4.26636568848757e+00 1.00048424878235e+05 
4.42437923250563e+00 1.00067353520232e+05 
4.58239277652368e+00 1.00085126647834e+05 
4.74040632054174e+00 1.00107325916738e+05 
4.89841986455980e+00 1.00130669020680e+05 
5.05643340857786e+00 1.00153099747034e+05 
5.21444695259591e+00 1.00173965735398e+05 
5.37246049661397e+00 1.00192277160152e+05 
5.53047404063203e+00 1.00202726812281e+05 
5.68848758465009e+00 1.00215303492727e+05 
5.84650112866814e+00 1.00226310349180e+05 
6.00451467268620e+00 1.00236005579859e+05 
6.16252821670426e+00 1.00243445034775e+05 
6.32054176072231e+00 1.00245994724290e+05 
6.47855530474037e+00 1.00240718406212e+05 
6.63656884875843e+00 1.00236930034630e+05 
6.79458239277648e+00 1.00230705439044e+05 
6.95259593679454e+00 1.00224591500151e+05 
7.11060948081260e+00 1.00217320100178e+05 
7.26862302483065e+00 1.00205347286613e+05 
7.42663656884871e+00 1.00187520841595e+05 
7.58465011286677e+00 1.00169626272448e+05 
7.74266365688483e+00 1.00149434078180e+05 
7.90067720090288e+00 1.00130803080628e+05 
8.05869074492094e+00 1.00112869254585e+05 
8.21670428893899e+00 1.00092109447369e+05 
8.37471783295705e+00 1.00068411586908e+05 
8.53273137697511e+00 1.00043029070922e+05 
8.69074492099316e+00 1.00015411240124e+05 
8.84875846501122e+00 9.99900682675735e+04 
9.00677200902927e+00 9.99675305554544e+04 
9.16478555304733e+00 9.99449948546066e+04 
9.32279909706538e+00 9.99231861896737e+04 
9.48081264108344e+00 9.98986171492881e+04 
9.63882618510150e+00 9.98718591281718e+04 
9.79683972911955e+00 9.98467627196474e+04 
9.95485327313761e+00 9.98255358795990e+04 
1.01128668171557e+01 9.98072047242105e+04 
1.02708803611737e+01 9.97930469492677e+04 
1.04288939051918e+01 9.97767411615358e+04 
1.05869074492098e+01 9.97590440912335e+04 
1.07449209932279e+01 9.97422468137376e+04 
1.09029345372459e+01 9.97299847129584e+04 
1.10609480812640e+01 9.97230549130567e+04 
1.12189616252821e+01 9.97224031331275e+04 
1.13769751693001e+01 9.97207769608853e+04 
1.15349887133182e+01 9.97190032826030e+04 
1.16930022573362e+01 9.97171434094480e+04 
1.18510158013543e+01 9.97192258566011e+04 
1.20090293453723e+01 9.97275687370463e+04 
1.21670428893904e+01 9.97415135951985e+04 
1.23250564334084e+01 9.97561877083114e+04 
1.24830699774265e+01 9.97716103547066e+04 
1.26410835214446e+01 9.97857074048779e+04 
1.27990970654626e+01 9.98019522092379e+04 
1.29571106094807e+01 9.98228531881168e+04 
1.31151241534987e+01 9.98468285949850e+04 
1.32731376975168e+01 9.98733620572044e+04 
1.34311512415348e+01 9.99016153793697e+04 
1.35891647855529e+01 9.99274090994485e+04 
1.37471783295709e+01 9.99526760501187e+04 
1.39051918735890e+01 9.99792693616019e+04 
1.40632054176071e+01 1.00004809146774e+05 
1.42212189616251e+01 1.00033218038223e+05 
1.43792325056432e+01 1.00063156541870e+05 
1.45372460496612e+01 1.00090012759913e+05 
1.46952595936793e+01 1.00113880286470e+05 
1.48532731376973e+01 1.00135011314993e+05 
1.50112866817154e+01 1.00151114774208e+05 
1.51693002257334e+01 1.00169769173869e+05 
1.53273137697515e+01 1.00188844560539e+05 
1.54853273137695e+01 1.00205717983206e+05 
1.56433408577876e+01 1.00218932673849e+05 
1.58013544018057e+01 1.00226998155359e+05 
1.59593679458237e+01 1.00228351040560e+05 
1.61173814898418e+01 1.00231765865954e+05 
1.62753950338598e+01 1.00234729901283e+05 
1.64334085778779e+01 1.00237280250213e+05 
1.65914221218959e+01 1.00237225734081e+05 
1.67494356659140e+01 1.00231466293254e+05 
1.69074492099320e+01 1.00219116147929e+05 
1.70654627539501e+01 1.00207559353780e+05 
1.72234762979681e+01 1.00194706096992e+05 
1.73814898419862e+01 1.00183018652836e+05 
1.75395033860043e+01 1.00170499286802e+05 
1.76975169300223e+01 1.00153924825728e+05 
1.78555304740404e+01 1.00133360879915e+05 
1.80135440180584e+01 1.00112011563148e+05 
1.81715575620765e+01 1.00088834539920e+05 
1.83295711060945e+01 1.00067829930775e+05 
1.84875846501126e+01 1.00048156335437e+05 
1.86455981941306e+01 1.00027132712720e+05 
1.88036117381487e+01 1.00005416164681e+05 
1.89616252821667e+01 9.99816976447886e+04 
1.91196388261848e+01 9.99558307411398e+04 
1.92776523702028e+01 9.99318539999905e+04 
1.94356659142209e+01 9.99105680255423e+04 
1.95936794582390e+01 9.98906955776023e+04 
1.97516930022570e+01 9.98735549959886e+04 
1.99097065462751e+01 9.98539315480860e+04 
2.00677200902931e+01 9.98326948656545e+04 
2.02257336343112e+01 9.98129176574436e+04 
2.03837471783292e+01 9.97967762294912e+04 
2.05417607223473e+01 9.97847857182325e+04 
2.06997742663653e+01 9.97783139923889e+04 
2.08577878103834e+01 9.97694813051390e+04 
2.10158013544014e+01 9.97602251969009e+04 
2.11738148984195e+01 9.97511439328408e+04 
2.13318284424376e+01 9.97456192854430e+04 
2.14898419864556e+01 9.97457899652412e+04 
2.16478555304737e+01 9.97524480429348e+04 
2.18058690744917e+01 9.97578169171227e+04 
2.19638826185098e+01 9.97641159516150e+04 
2.21218961625278e+01 9.97692271641123e+04 
2.22799097065459e+01 9.97765082387090e+04 
2.24379232505639e+01 9.97887468286931e+04 
2.25959367945820e+01 9.98061293763309e+04 
2.27539503386000e+01 9.98240656982286e+04 
2.29119638826181e+01 9.98443598955614e+04 
2.30699774266361e+01 9.98625336342595e+04 
2.32279909706542e+01 9.98808208907330e+04 
2.33860045146723e+01 9.99017794977796e+04 
2.35440180586903e+01 9.99248588224172e+04 
2.37020316027084e+01 9.99500950223465e+04 
2.38600451467264e+01 9.99783288050311e+04 
2.40180586907445e+01 1.00004102007411e+05 
2.41760722347625e+01 1.00027936762320e+05 
2.43340857787806e+01 1.00051082703070e+05 
2.44920993227986e+01 1.00071875811690e+05 
2.46501128668167e+01 1.00094973854048e+05 
2.48081264108347e+01 1.00119960448359e+05 
2.49661399548528e+01 1.00142293273500e+05 
2.51241534988708e+01 1.00161157612371e+05 
2.52821670428889e+01 1.00176223518620e+05 
2.54401805869069e+01 1.00185919933727e+05 
2.55981941309250e+01 1.00197795395333e+05 
2.57562076749430e+01 1.00210437899371e+05 
2.59142212189611e+01 1.00222021819213e+05 
2.60722347629791e+01 1.00230493843205e+05 
2.62302483069972e+01 1.00233944158399e+05 
2.63882618510153e+01 1.00231149578941e+05 
2.65462753950333e+01 1.00229549682981e+05 
2.67042889390514e+01 1.00227593681835e+05 
2.68623024830694e+01 1.00225877271221e+05 
2.70203160270875e+01 1.00222006408975e+05 
2.71783295711055e+01 1.00213356882349e+05 
2.73363431151236e+01 1.00199445588754e+05 
2.74943566591416e+01 1.00184826611961e+05 
2.76523702031597e+01 1.00168957928395e+05 
2.78103837471777e+01 1.00154761151005e+05 
2.79683972911958e+01 1.00140359557386e+05 
2.81264108352138e+01 1.00123216469415e+05 
2.82844243792319e+01 1.00103459773814e+05 
2.84424379232499e+01 1.00081319466221e+05 
2.86004514672680e+01 1.00057343456262e+05 
2.87584650112860e+01 1.00035242396338e+05 
2.89164785553041e+01 1.00014609152596e+05 
2.90744920993221e+01 9.99940125187824e+04 
2.92325056433402e+01 9.99741866998147e+04 
2.93905191873582e+01 9.99509926895313e+04 
2.95485327313763e+01 9.99259168547348e+04 
2.97065462753943e+01 9.99023350984831e+04 
2.98645598194124e+01 9.98811597086646e+04 
3.00225733634304e+01 9.98623083016873e+04 
3.01805869074485e+01 9.98477385877523e+04 
3.03386004514665e+01 9.98295709707303e+04 
3.04966139954843e+01 9.98106577243209e+04 
3.06546275395003e+01 9.97928675413166e+04 
3.08126410834971e+01 9.97783757608964e+04 
3.09706546272957e+01 9.97686626724163e+04 
3.11286681708936e+01 9.97656779181304e+04 
3.12866817143274e+01 9.97600150584534e+04 
3.14446952574723e+01 9.97550848540332e+04 
3.16027088001674e+01 9.97500518940166e+04 
3.17607223421364e+01 9.97478780400981e+04 
3.19187358832495e+01 9.97512525377025e+04 
3.20767494226194e+01 9.97613871038581e+04 
3.22347629599941e+01 9.97706926479203e+04 
3.23927764943706e+01 9.97820359256564e+04 
3.25507900239423e+01 9.97920688400056e+04 
3.27088035457829e+01 9.98034488561431e+04 
3.28668170595274e+01 9.98190485396624e+04 
3.30248305599181e+01 9.98390986957293e+04 
3.31828440425992e+01 9.98605617316627e+04 
3.33408575031136e+01 9.98851705584613e+04 
3.34988709293862e+01 9.99079637680829e+04 
3.36568843063214e+01 9.99303554179553e+04 
3.38148976325709e+01 9.99544092788184e+04 
3.39729108878444e+01 9.99785757528775e+04 
3.41309240403887e+01 1.00004838366208e+05 
3.42889370834585e+01 1.00033604620606e+05 
3.44469499667095e+01 1.00059920752212e+05 
3.46049626416154e+01 1.00083767862505e+05 
3.47629751094123e+01 1.00105825392869e+05 
3.49209873220811e+01 1.00123807136798e+05 
3.50789991793260e+01 1.00143895601348e+05 
3.52370106929348e+01 1.00164814261354e+05 
3.53950217552060e+01 1.00183595220157e+05 
3.55530322801683e+01 1.00198796611980e+05 
3.57110422484800e+01 1.00209713878777e+05 
3.58690516557028e+01 1.00214676086358e+05 
3.60270604042267e+01 1.00221494502026e+05 
3.61850684108629e+01 1.00228266859920e+05 
3.63430757025597e+01 1.00234732521782e+05 
3.65010821998343e+01 1.00238345225098e+05 
3.66590879149553e+01 1.00236939452452e+05 
3.68170929429180e+01 1.00229388274234e+05 
3.69750972659910e+01 1.00222097260608e+05 
3.71331008599683e+01 1.00213815720506e+05 
3.72911038794230e+01 1.00206584939209e+05 
3.74491063311914e+01 1.00197938082651e+05 
3.76071083058444e+01 1.00185364688301e+05 
3.77651096857588e+01 1.00168638770947e+05 
3.79231104073047e+01 1.00150241862806e+05 
3.80811109502943e+01 1.00130209456076e+05 
3.82391112062999e+01 1.00112152230359e+05 
3.83971111660317e+01 1.00094479019136e+05 
3.85551109656345e+01 1.00075331275379e+05 
3.87131105571401e+01 1.00055206431385e+05 
3.88711098652798e+01 1.00032037387900e+05 
3.90291090063081e+01 1.00006842793996e+05 
3.91871079803516e+01 9.99834353744424e+04 
3.93451069164122e+01 9.99616814174749e+04 
3.95031056072435e+01 9.99409435211634e+04 
3.96611044176520e+01 9.99227969274462e+04 
3.98191030871787e+01 9.99008948548889e+04 
3.99771018088401e+01 9.98776178340732e+04 
4.01351007074698e+01 9.98556383792268e+04 
4.02930997022155e+01 9.98362739875288e+04 
4.04510986021552e+01 9.98203742503531e+04 
4.06090971618161e+01 9.98101681254383e+04 
4.07670958737284e+01 9.97964056112710e+04 
4.09250951708767e+01 9.97825327835632e+04 
4.10830945501286e+01 9.97694201792552e+04 
4.12410939472816e+01 9.97592224060722e+04 
4.13990933807653e+01 9.97544120466941e+04 
4.15570928592266e+01 9.97567611858823e+04 
4.17150923413803e+01 9.97570280301618e+04 
4.18730918618998e+01 9.97586923829811e+04 
4.20310913871491e+01 9.97599031571600e+04 
4.21890909437351e+01 9.97632337339325e+04 
4.23470905543198e+01 9.97715494515581e+04 
4.25050902256413e+01 9.97857954439136e+04 
4.26630899184684e+01 9.97999834640656e+04 
4.28210896745392e+01 9.98167680485311e+04 
4.29790892602239e+01 9.98320857509584e+04 
4.31370888188632e+01 9.98480984297745e+04 
4.32950884109090e+01 9.98675009829218e+04 
4.34530877023690e+01 9.98899565502861e+04 
4.36110866376294e+01 9.99144490513822e+04 
4.37690854724754e+01 9.99419575615463e+04 
4.39270845035842e+01 9.99676120992583e+04 
4.40850833364672e+01 9.99920264033193e+04 
4.42430820276957e+01 1.00016540975382e+05 
4.44010804989590e+01 1.00039304106319e+05 
4.45590788134630e+01 1.00064396780660e+05 
4.47170770655565e+01 1.00091245353216e+05 
4.48750752148097e+01 1.00115749193702e+05 
4.50330732938293e+01 1.00137062280646e+05 
4.51910713795358e+01 1.00155300490999e+05 
4.53490693983586e+01 1.00168222853635e+05 
4.55070674106562e+01 1.00183247980066e+05 
4.56650653676240e+01 1.00198654435989e+05 
4.58230631625694e+01 1.00212796032783e+05 
4.59810608096228e+01 1.00223635283473e+05 
4.61390583312556e+01 1.00229752462178e+05 
4.62970557728472e+01 1.00229677361550e+05 
4.64550531385988e+01 1.00230929851179e+05 
4.66130504658573e+01 1.00231699290859e+05 
4.67710476910669e+01 1.00232738148043e+05 
4.69290448370875e+01 1.00231267408044e+05 
4.70870418817074e+01 1.00224956435894e+05 
4.72450388394929e+01 1.00213075239495e+05 
4.74030357844738e+01 1.00200537623959e+05 
4.75610327369803e+01 1.00186693368160e+05 
4.77190296641417e+01 1.00174609653014e+05 
4.78770265567167e+01 1.00161885864648e+05 
4.80350232907807e+01 1.00146224576888e+05 
4.81930199724646e+01 1.00127619415319e+05 
4.83510166821919e+01 1.00106542006144e+05 
4.85090134340476e+01 1.00083604018193e+05 
4.86670101864053e+01 1.00062661211588e+05 
4.88250069367958e+01 1.00042640654017e+05 
4.89830037017608e+01 1.00022360399426e+05 
4.91410003791622e+01 1.00002551709739e+05 
4.92989969712441e+01 9.99791513855322e+04 
4.94569936135427e+01 9.99538606479790e+04 
4.96149902571749e+01 9.99302475743850e+04 
4.97729869349215e+01 9.99085461730381e+04 
4.99309836461128e+01 9.98888113588141e+04 
5.00889804092298e+01 9.98731172755662e+04 
5.02469772586986e+01 9.98533948837264e+04 
5.04049742099479e+01 9.98327774792677e+04 
5.05629710368897e+01 9.98134780906152e+04 
5.07209677221875e+01 9.97970772158775e+04 
5.08789643925024e+01 9.97853270387191e+04 
5.10369611214738e+01 9.97803317678381e+04 
5.11949579837573e+01 9.97723494916620e+04 
5.13529549196390e+01 9.97650963352890e+04 
5.15109519220113e+01 9.97581149762697e+04 
5.16689490194469e+01 9.97536050161748e+04 
5.18269461871349e+01 9.97543914256313e+04 
5.19849434232851e+01 9.97621003286337e+04 
5.21429407955823e+01 9.97686126066178e+04 
5.23009380095267e+01 9.97770668574439e+04 
5.24589351151370e+01 9.97846305848849e+04 
5.26169322605497e+01 9.97935793006894e+04 
5.27749294397864e+01 9.98068706863720e+04 
5.29329267403186e+01 9.98249601243564e+04 
5.30909241439174e+01 9.98441286734892e+04 
5.32489216473604e+01 9.98663644538743e+04 
5.34069192807000e+01 9.98872843061410e+04 
5.35649170063727e+01 9.99083625287894e+04 
5.37229148023365e+01 9.99317353735695e+04 
5.38809127246988e+01 9.99558102857256e+04 
5.40389107877367e+01 9.99819227769511e+04 
5.41969089517492e+01 1.00010509169895e+05 
5.43549072484630e+01 1.00036714059917e+05 
5.45129054270051e+01 1.00060536759629e+05 
5.46709034516164e+01 1.00083117398132e+05 
5.48289014795824e+01 1.00102222108968e+05 
5.49868996507851e+01 1.00123846689566e+05 
5.51448978880694e+01 1.00146555908024e+05 
5.53028962526066e+01 1.00167209443493e+05 
5.54608947556885e+01 1.00184374426543e+05 
5.56188933188464e+01 1.00197395145227e+05 
5.57768920070724e+01 1.00204454952775e+05 
5.59348908650161e+01 1.00213446816647e+05 
5.60928898167026e+01 1.00222544823714e+05 
5.62508889037190e+01 1.00231156342369e+05 
5.64088881394332e+01 1.00236741017341e+05 
5.65668874484921e+01 1.00237350355255e+05 
5.67248868836807e+01 1.00231838500254e+05 
5.68828864893542e+01 1.00226964446749e+05 
5.70408861960338e+01 1.00221224431696e+05 
5.71988860391269e+01 1.00216233238077e+05 
5.73568857825965e+01 1.00209177179411e+05 
5.75148854374958e+01 1.00197820045686e+05 
5.76728851158728e+01 1.00181993116363e+05 
5.78308849012099e+01 1.00164837967143e+05 
5.79888847480601e+01 1.00146166521633e+05 
5.81468847532464e+01 1.00129575502196e+05 
5.83048848708051e+01 1.00112928731769e+05 
5.84628851001882e+01 1.00094346016260e+05 
5.86208854661624e+01 1.00074348289080e+05 
5.87788859510897e+01 1.00051485255775e+05 
5.89368865555350e+01 1.00026740133807e+05 
5.90948872830377e+01 1.00004283542707e+05 
5.92528880864323e+01 9.99833147810458e+04 
5.94108889302507e+01 9.99630316200571e+04 
5.95688898327881e+01 9.99447047063912e+04 
5.97268908041111e+01 9.99223692260449e+04 
5.98848918003332e+01 9.98983160812952e+04 
6.00428928680254e+01 9.98755844839767e+04 
6.02008940796456e+01 9.98550863977749e+04 
6.03588954725139e+01 9.98378763416484e+04 
6.05168971072922e+01 9.98262849433608e+04 
6.06748990531746e+01 9.98112526650764e+04 
6.08329010433522e+01 9.97959525942558e+04 
6.09909029438758e+01 9.97814910006427e+04 
6.11489044805151e+01 9.97698232765716e+04 
6.13069057727749e+01 9.97632618248764e+04 
6.14649070351632e+01 9.97638839330047e+04 
6.16229081384915e+01 9.97624180761507e+04 
6.17809092441211e+01 9.97622577628056e+04 
6.19389101339700e+01 9.97619359549175e+04 
6.20969109801752e+01 9.97636495728026e+04 
6.22549119387378e+01 9.97702841690380e+04 
6.24129129488496e+01 9.97828521003912e+04 
6.25709138861800e+01 9.97952288296494e+04 
6.27289151983368e+01 9.98100004498429e+04 
6.28869165870729e+01 9.98236672350034e+04 
6.30449181597254e+01 9.98381572863648e+04 
6.32029200758520e+01 9.98561762402333e+04 
6.33609221827735e+01 9.98775446896979e+04 
6.35189242560073e+01 9.99009812095682e+04 
6.36769260693996e+01 9.99273693641595e+04 
6.38349281051127e+01 9.99521330951564e+04 
6.39929298098694e+01 9.99758999485918e+04 
6.41509316615666e+01 1.00000117181683e+05 
6.43089337942408e+01 1.00023053530307e+05 
6.44669357869463e+01 1.00048555516515e+05 
6.46249374433373e+01 1.00075908040034e+05 
6.47829389136374e+01 1.00101037478377e+05 
6.49409399663625e+01 1.00123043970412e+05 
6.50989409632269e+01 1.00142234746502e+05 
6.52569421377169e+01 1.00156437925756e+05 
6.54149430085585e+01 1.00173261287330e+05 
6.55729437641150e+01 1.00190606601757e+05 
6.57309443638751e+01 1.00206584527547e+05 
6.58889448714392e+01 1.00219098287967e+05 
6.60469454271883e+01 1.00226774779697e+05 
6.62049458871531e+01 1.00227980259007e+05 
6.63629460911794e+01 1.00230935568138e+05 
6.65209461944869e+01 1.00233491968257e+05 
6.66789460139657e+01 1.00236193342781e+05 
6.68369454321013e+01 1.00236224410206e+05 
6.69949447414460e+01 1.00231182722970e+05 
6.71529441536746e+01 1.00220309281814e+05 
6.73109433241402e+01 1.00209384884577e+05 
6.74689424701647e+01 1.00197109061166e+05 
6.76269417991850e+01 1.00186362632538e+05 
6.77849410142811e+01 1.00174459840811e+05 
6.79429404441664e+01 1.00159064674400e+05 
6.81009399323400e+01 1.00140286760437e+05 
6.82589394467423e+01 1.00119451812912e+05 
6.84169390831585e+01 1.00096750956177e+05 
6.85749387125848e+01 1.00076432063218e+05 
6.87329381770452e+01 1.00056851048108e+05 
6.88909376719355e+01 1.00036551167476e+05 
6.90489371579850e+01 1.00016254553810e+05 
6.92069365995741e+01 9.99926544499362e+04 
6.93649360510441e+01 9.99669741279614e+04 
6.95229353740816e+01 9.99431165151761e+04 
6.96809345840638e+01 9.99210516069010e+04 
6.98389340499524e+01 9.99006275003690e+04 
6.99969337688401e+01 9.98840154578981e+04 
7.01549335087798e+01 9.98636938323603e+04 
7.03129334087804e+01 9.98422825943735e+04 
7.04709333808406e+01 9.98222179753149e+04 
7.06289333787524e+01 9.98048710114466e+04 
7.07869336204822e+01 9.97918331640609e+04 
7.09449340672215e+01 9.97854398380449e+04 
7.11029345997939e+01 9.97762841671955e+04 
7.12609350713582e+01 9.97677562812008e+04 
7.14189347160093e+01 9.97595883471528e+04 
7.15769336370085e+01 9.97539561539985e+04 
7.17349322495437e+01 9.97534330432201e+04 
7.18929307461385e+01 9.97597690116366e+04 
7.20509289766604e+01 9.97650586201194e+04 
7.22089272661357e+01 9.97721180881454e+04 
7.23669254718874e+01 9.97784136447172e+04 
7.25249235776293e+01 9.97861601015043e+04 
7.26829219494500e+01 9.97981727761749e+04 
7.28409203727508e+01 9.98152311502523e+04 
7.29989186538633e+01 9.98334481380829e+04 
7.31569171184710e+01 9.98545568999585e+04 
7.33149154807419e+01 9.98743558160353e+04 
7.34729138742871e+01 9.98945060772730e+04 
7.36309123482416e+01 9.99171884661482e+04 
7.37889111043111e+01 9.99411165044618e+04 
7.39469098644377e+01 9.99674545628195e+04 
7.41049087471577e+01 9.99963604057215e+04 
7.42629075233993e+01 1.00022832089815e+05 
7.44209062786759e+01 1.00047103954372e+05 
7.45789051660299e+01 1.00070265816822e+05 
7.47369040521852e+01 1.00090316065818e+05 
7.48949026971529e+01 1.00113321747267e+05 
7.50529013271319e+01 1.00137555310200e+05 
7.52109000002093e+01 1.00159726324520e+05 
7.53688985762336e+01 1.00178481817845e+05 
7.55268972581844e+01 1.00193033224143e+05 
7.56848960103278e+01 1.00201545211798e+05 
7.58428947255754e+01 1.00212565485890e+05 
7.60008936594136e+01 1.00223679198065e+05 
7.61588924322546e+01 1.00234113872617e+05 
7.63168911638559e+01 1.00241436227313e+05 
7.64748900450755e+01 1.00243432596920e+05 
7.66328890548658e+01 1.00238888995824e+05 
7.67908878834910e+01 1.00235648612169e+05 
7.69488867890563e+01 1.00231326954661e+05 
7.71068856575359e+01 1.00227555235793e+05 
7.72648846605642e+01 1.00221526925387e+05 
7.74228838477881e+01 1.00210876391767e+05 
7.75808832323467e+01 1.00195331587229e+05 
7.77388824246277e+01 1.00179130627003e+05 
7.78968816322887e+01 1.00161222858262e+05 
7.80548807011359e+01 1.00145223269017e+05 
7.82128796943324e+01 1.00129008779627e+05 
7.83708787081097e+01 1.00110315169080e+05 
7.85288777862713e+01 1.00089621730502e+05 
7.86868768060587e+01 1.00066617911367e+05 
7.88448759839678e+01 1.00041529452186e+05 
7.90028750293676e+01 1.00018713124734e+05 
7.91608740579794e+01 9.99973199516336e+04 
7.93188731240776e+01 9.99760892602936e+04 
7.94768722866737e+01 9.99564433252639e+04 
7.96348714744995e+01 9.99332518193924e+04 
7.97928707841639e+01 9.99082268449719e+04 
7.99508700431175e+01 9.98846593396531e+04 
8.01088692532010e+01 9.98634644714215e+04 
8.02668685571017e+01 9.98451952291559e+04 
8.04248679221742e+01 9.98323067663932e+04 
8.05828672895297e+01 9.98163096231901e+04 
8.07408668401889e+01 9.97998720632950e+04 
8.08988663183940e+01 9.97843072440287e+04 
8.10568658136689e+01 9.97716273040008e+04 
8.12148653641856e+01 9.97639275744942e+04 
8.13728650602450e+01 9.97632508976478e+04 
8.15308647094415e+01 9.97607903133354e+04 
8.16888645412167e+01 9.97594014332677e+04 
8.18468642992061e+01 9.97578905438454e+04 
8.20048640365115e+01 9.97584861832104e+04 
8.21628638878385e+01 9.97638491035237e+04 
8.23208638447879e+01 9.97753416254375e+04 
8.24788638290085e+01 9.97869189125970e+04 
8.26368639316287e+01 9.98007507527608e+04 
8.27948639928999e+01 9.98133666413298e+04 
8.29528640097892e+01 9.98269211426210e+04 
8.31108641257694e+01 9.98439664802262e+04 
8.32688643339817e+01 9.98646400162375e+04 
8.34268645003396e+01 9.98876163201632e+04 
8.35848648702901e+01 9.99135036110283e+04 
8.37428651207969e+01 9.99377869352973e+04 
8.39008653577218e+01 9.99613367468467e+04 
8.40588656514321e+01 9.99855485205315e+04 
8.42168660797810e+01 1.00008844186916e+05 
8.43748664504764e+01 1.00035073259680e+05 
8.45328669632765e+01 1.00063203526373e+05 
8.46908673910183e+01 1.00088955770446e+05 
8.48488677558302e+01 1.00111747875164e+05 
8.50068682338221e+01 1.00131864129567e+05 
8.51648687934220e+01 1.00147251057164e+05 
8.53228693020651e+01 1.00165680391266e+05 
8.54808699523303e+01 1.00184696951512e+05 
8.56388704750119e+01 1.00202123634263e+05 
8.57968709951201e+01 1.00216084335809e+05 
8.59548715414848e+01 1.00225094421068e+05 
8.61128721364377e+01 1.00227513240824e+05 
8.62708727179347e+01 1.00232185355642e+05 
8.64288733473842e+01 1.00236413900113e+05 
8.65868739800674e+01 1.00240586857539e+05 
8.67448745080638e+01 1.00242155772165e+05 
8.69028751837753e+01 1.00238389563638e+05 
8.70608758960404e+01 1.00228406769242e+05 
8.72188765860811e+01 1.00218896554235e+05 
8.73768773582707e+01 1.00207841819656e+05 
8.75348780012508e+01 1.00197952748462e+05 
8.76928786004829e+01 1.00186770172451e+05 
8.78508792441084e+01 1.00171720883240e+05 
8.80088800434000e+01 1.00152980398930e+05 
8.81668806916759e+01 1.00132873990386e+05 
8.83248814855233e+01 1.00110850444507e+05 
8.84828821285871e+01 1.00091052454361e+05 
8.86408826913246e+01 1.00072000100806e+05 
8.87988833442697e+01 1.00051756110145e+05 
8.89568840341034e+01 1.00031091708600e+05 
8.91148847006716e+01 1.00007599547848e+05 
8.92728853750260e+01 9.99818653209228e+04 
8.94308859501744e+01 9.99578740451015e+04 
8.95888863918260e+01 9.99355954861184e+04 
8.97468869365088e+01 9.99145303155849e+04 
8.99048875615784e+01 9.98968915889726e+04 
9.00628880436466e+01 9.98758805692563e+04 
9.02208886930447e+01 9.98536092848485e+04 
9.03788890986989e+01 9.98327206261541e+04 
9.05368894584843e+01 9.98147311295724e+04 
9.06948898189981e+01 9.98008411589754e+04 
9.08528902524989e+01 9.97933452969471e+04 
9.10108905775425e+01 9.97833525800620e+04 
9.11688909467955e+01 9.97736138790519e+04 
9.13268912145514e+01 9.97641233673249e+04 
9.14848913158008e+01 9.97572159368732e+04 
9.16428915822170e+01 9.97554110914877e+04 
9.18008918169298e+01 9.97604785547535e+04 
9.19588919708743e+01 9.97645575779151e+04 
9.21168922103786e+01 9.97702387922423e+04 
9.22748922710947e+01 9.97751569552194e+04 
9.24328922715071e+01 9.97817834822524e+04 
9.25908922911711e+01 9.97926646186868e+04 
9.27488924135160e+01 9.98087130342291e+04 
9.29068924081221e+01 9.98259247659513e+04 
9.30648924455409e+01 9.98457222351260e+04 
9.32228924177697e+01 9.98640233935342e+04 
9.33808923174738e+01 9.98828489485563e+04 
9.35388923127242e+01 9.99043591652352e+04 
9.36968923560327e+01 9.99276274242130e+04 
9.38548923989902e+01 9.99535924972132e+04 
9.40128924384549e+01 9.99820615387047e+04 
9.41708924405656e+01 1.00008071263472e+05 
9.43288923108054e+01 1.00032167705142e+05 
9.44868920599109e+01 1.00055436107062e+05 
9.46448916529606e+01 1.00075995761264e+05 
9.48028916076712e+01 1.00099822127401e+05 
9.49608914944496e+01 1.00124947041257e+05 
9.51188913057259e+01 1.00147898825724e+05 
9.52768912337209e+01 1.00167621608009e+05 
9.54348911411694e+01 1.00183283529810e+05 
9.55928911756063e+01 1.00193006302890e+05 
9.57508910635802e+01 1.00205646789118e+05 
9.59088910424678e+01 1.00218308330240e+05 
9.60668908867435e+01 1.00229902974265e+05 
9.62248906047757e+01 1.00238452267835e+05 
9.63828904827730e+01 1.00241686063487e+05 
9.65408903462501e+01 1.00238145621830e+05 
9.66988901623332e+01 1.00236682759716e+05 
9.68568900168082e+01 1.00233993712169e+05 
9.70148897240250e+01 1.00231675284119e+05 
9.71728892944551e+01 1.00227204095962e+05 
9.73308889047403e+01 1.00217765998240e+05 
9.74888886147520e+01 1.00203033694932e+05 
9.76468881266289e+01 1.00188067732610e+05 
9.78048877845412e+01 1.00171136365480e+05 
9.79628871957190e+01 1.00155829952902e+05 
9.81208865399089e+01 1.00140151981636e+05 
9.82788858937054e+01 1.00121743681066e+05 
9.84368853019583e+01 1.00101115815615e+05 
9.85948846206375e+01 1.00078603389228e+05 
9.87528839618249e+01 1.00053947532117e+05 
9.89108832001843e+01 1.00031352844748e+05 
9.90688822583182e+01 1.00010229465558e+05 
9.92268814607112e+01 9.99890089168572e+04 
9.93848806720824e+01 9.99689443503264e+04 
9.95428797821141e+01 9.99456896022443e+04 
9.97008790097915e+01 9.99203615766196e+04 
9.98588780603129e+01 9.98965262291469e+04 
1.00016877088879e+02 9.98750908149344e+04 
