# Liste des scalaires : TEMPS pmat 
0.00000000000000e+00 1.00000000000000e+05 
1.58013544018059e-01 1.00000000000000e+05 
3.16027088036117e-01 1.00000000000000e+05 
4.74040632054176e-01 1.00000000000000e+05 
6.32054176072234e-01 1.00000000000000e+05 
7.90067720090293e-01 1.00000000000000e+05 
9.48081264108351e-01 1.00000000000000e+05 
1.10609480812641e+00 1.00000000000000e+05 
1.26410835214447e+00 1.00000000000000e+05 
1.42212189616253e+00 1.00000000000000e+05 
1.58013544018058e+00 1.00000000000000e+05 
1.73814898419864e+00 1.00000000000000e+05 
1.89616252821670e+00 1.00000000000000e+05 
2.05417607223476e+00 1.00000000000000e+05 
2.21218961625282e+00 1.00000000000000e+05 
2.37020316027087e+00 1.00000000000000e+05 
2.52821670428893e+00 1.00000000000000e+05 
2.68623024830699e+00 1.00000000000000e+05 
2.84424379232505e+00 1.00000000000000e+05 
3.00225733634311e+00 1.00000000000000e+05 
3.16027088036116e+00 1.00000000000000e+05 
3.31828442437922e+00 1.00000000000000e+05 
3.47629796839728e+00 1.00000000000000e+05 
3.63431151241534e+00 1.00000000000000e+05 
3.79232505643340e+00 1.00000000000000e+05 
3.95033860045145e+00 1.00000000000000e+05 
4.10835214446951e+00 1.00000000000000e+05 
4.26636568848757e+00 1.00000000000000e+05 
4.42437923250563e+00 1.00000000000000e+05 
4.58239277652368e+00 1.00000000000000e+05 
4.74040632054174e+00 1.00000000000000e+05 
4.89841986455980e+00 1.00000000000000e+05 
5.05643340857786e+00 1.00000000000000e+05 
5.21444695259591e+00 1.00000000000000e+05 
5.37246049661397e+00 1.00000000000000e+05 
5.53047404063203e+00 1.00000000000000e+05 
5.68848758465009e+00 1.00000000000000e+05 
5.84650112866814e+00 1.00000000000000e+05 
6.00451467268620e+00 1.00000000000000e+05 
6.16252821670426e+00 1.00000000000000e+05 
6.32054176072231e+00 1.00000000000000e+05 
6.47855530474037e+00 1.00000000000000e+05 
6.63656884875843e+00 1.00000000000000e+05 
6.79458239277648e+00 1.00000000000000e+05 
6.95259593679454e+00 1.00000000000000e+05 
7.11060948081260e+00 1.00000000000000e+05 
7.26862302483065e+00 1.00000000000000e+05 
7.42663656884871e+00 1.00000000000000e+05 
7.58465011286677e+00 1.00000000000000e+05 
7.74266365688483e+00 1.00000000000000e+05 
7.90067720090288e+00 1.00000000000000e+05 
8.05869074492094e+00 1.00000000000000e+05 
8.21670428893899e+00 1.00000000000000e+05 
8.37471783295705e+00 1.00000000000000e+05 
8.53273137697511e+00 1.00000000000000e+05 
8.69074492099316e+00 1.00000000000000e+05 
8.84875846501122e+00 1.00000000000000e+05 
9.00677200902927e+00 1.00000000000000e+05 
9.16478555304733e+00 1.00000000000000e+05 
9.32279909706538e+00 1.00000000000000e+05 
9.48081264108344e+00 1.00000000000000e+05 
9.63882618510150e+00 1.00000000000000e+05 
9.79683972911955e+00 1.00000000000000e+05 
9.95485327313761e+00 1.00000000000000e+05 
1.01128668171557e+01 1.00000000000000e+05 
1.02708803611737e+01 1.00000000000000e+05 
1.04288939051918e+01 1.00000000000000e+05 
1.05869074492098e+01 1.00000000000000e+05 
1.07449209932279e+01 1.00000000000000e+05 
1.09029345372459e+01 1.00000000000000e+05 
1.10609480812640e+01 1.00000000000000e+05 
1.12189616252821e+01 1.00000000000000e+05 
1.13769751693001e+01 1.00000000000000e+05 
1.15349887133182e+01 1.00000000000000e+05 
1.16930022573362e+01 1.00000000000000e+05 
1.18510158013543e+01 1.00000000000000e+05 
1.20090293453723e+01 1.00000000000000e+05 
1.21670428893904e+01 1.00000000000000e+05 
1.23250564334084e+01 1.00000000000000e+05 
1.24830699774265e+01 1.00000000000000e+05 
1.26410835214446e+01 1.00000000000000e+05 
1.27990970654626e+01 1.00000000000000e+05 
1.29571106094807e+01 1.00000000000000e+05 
1.31151241534987e+01 1.00000000000000e+05 
1.32731376975168e+01 1.00000000000000e+05 
1.34311512415348e+01 1.00000000000000e+05 
1.35891647855529e+01 1.00000000000000e+05 
1.37471783295709e+01 1.00000000000000e+05 
1.39051918735890e+01 1.00000000000000e+05 
1.40632054176071e+01 1.00000000000000e+05 
1.42212189616251e+01 1.00000000000000e+05 
1.43792325056432e+01 1.00000000000000e+05 
1.45372460496612e+01 1.00000000000000e+05 
1.46952595936793e+01 1.00000000000000e+05 
1.48532731376973e+01 1.00000000000000e+05 
1.50112866817154e+01 1.00000000000000e+05 
1.51693002257334e+01 1.00000000000000e+05 
1.53273137697515e+01 1.00000000000000e+05 
1.54853273137695e+01 1.00000000000000e+05 
1.56433408577876e+01 1.00000000000000e+05 
1.58013544018057e+01 1.00000000000000e+05 
1.59593679458237e+01 1.00000000000000e+05 
1.61173814898418e+01 1.00000000000000e+05 
1.62753950338598e+01 1.00000000000000e+05 
1.64334085778779e+01 1.00000000000000e+05 
1.65914221218959e+01 1.00000000000000e+05 
1.67494356659140e+01 1.00000000000000e+05 
1.69074492099320e+01 1.00000000000000e+05 
1.70654627539501e+01 1.00000000000000e+05 
1.72234762979681e+01 1.00000000000000e+05 
1.73814898419862e+01 1.00000000000000e+05 
1.75395033860043e+01 1.00000000000000e+05 
1.76975169300223e+01 1.00000000000000e+05 
1.78555304740404e+01 1.00000000000000e+05 
1.80135440180584e+01 1.00000000000000e+05 
1.81715575620765e+01 1.00000000000000e+05 
1.83295711060945e+01 1.00000000000000e+05 
1.84875846501126e+01 1.00000000000000e+05 
1.86455981941306e+01 1.00000000000000e+05 
1.88036117381487e+01 1.00000000000000e+05 
1.89616252821667e+01 1.00000000000000e+05 
1.91196388261848e+01 1.00000000000000e+05 
1.92776523702028e+01 1.00000000000000e+05 
1.94356659142209e+01 1.00000000000000e+05 
1.95936794582390e+01 1.00000000000000e+05 
1.97516930022570e+01 1.00000000000000e+05 
1.99097065462751e+01 1.00000000000000e+05 
2.00677200902931e+01 1.00000000000000e+05 
2.02257336343112e+01 1.00000000000000e+05 
2.03837471783292e+01 1.00000000000000e+05 
2.05417607223473e+01 1.00000000000000e+05 
2.06997742663653e+01 1.00000000000000e+05 
2.08577878103834e+01 1.00000000000000e+05 
2.10158013544014e+01 1.00000000000000e+05 
2.11738148984195e+01 1.00000000000000e+05 
2.13318284424376e+01 1.00000000000000e+05 
2.14898419864556e+01 1.00000000000000e+05 
2.16478555304737e+01 1.00000000000000e+05 
2.18058690744917e+01 1.00000000000000e+05 
2.19638826185098e+01 1.00000000000000e+05 
2.21218961625278e+01 1.00000000000000e+05 
2.22799097065459e+01 1.00000000000000e+05 
2.24379232505639e+01 1.00000000000000e+05 
2.25959367945820e+01 1.00000000000000e+05 
2.27539503386000e+01 1.00000000000000e+05 
2.29119638826181e+01 1.00000000000000e+05 
2.30699774266361e+01 1.00000000000000e+05 
2.32279909706542e+01 1.00000000000000e+05 
2.33860045146723e+01 1.00000000000000e+05 
2.35440180586903e+01 1.00000000000000e+05 
2.37020316027084e+01 1.00000000000000e+05 
2.38600451467264e+01 1.00000000000000e+05 
2.40180586907445e+01 1.00000000000000e+05 
2.41760722347625e+01 1.00000000000000e+05 
2.43340857787806e+01 1.00000000000000e+05 
2.44920993227986e+01 1.00000000000000e+05 
2.46501128668167e+01 1.00000000000000e+05 
2.48081264108347e+01 1.00000000000000e+05 
2.49661399548528e+01 1.00000000000000e+05 
2.51241534988708e+01 1.00000000000000e+05 
2.52821670428889e+01 1.00000000000000e+05 
2.54401805869069e+01 1.00000000000000e+05 
2.55981941309250e+01 1.00000000000000e+05 
2.57562076749430e+01 1.00000000000000e+05 
2.59142212189611e+01 1.00000000000000e+05 
2.60722347629791e+01 1.00000000000000e+05 
2.62302483069972e+01 1.00000000000000e+05 
2.63882618510153e+01 1.00000000000000e+05 
2.65462753950333e+01 1.00000000000000e+05 
2.67042889390514e+01 1.00000000000000e+05 
2.68623024830694e+01 1.00000000000000e+05 
2.70203160270875e+01 1.00000000000000e+05 
2.71783295711055e+01 1.00000000000001e+05 
2.73363431151236e+01 1.00000000000006e+05 
2.74943566591416e+01 1.00000000000053e+05 
2.76523702031597e+01 1.00000000000189e+05 
2.78103837471777e+01 1.00000000000849e+05 
2.79683972911958e+01 1.00000000005931e+05 
2.81264108352138e+01 1.00000000089127e+05 
2.82844243792319e+01 1.00000000637378e+05 
2.84424379232499e+01 1.00000001288831e+05 
2.86004514672680e+01 1.00000002219771e+05 
2.87584650112860e+01 1.00000004001617e+05 
2.89164785553041e+01 1.00000006996059e+05 
2.90744920993221e+01 1.00000011989362e+05 
2.92325056433402e+01 1.00000019608995e+05 
2.93905191873582e+01 1.00000031833190e+05 
2.95485327313763e+01 1.00000052092155e+05 
2.97065462753943e+01 1.00000085111731e+05 
2.98645598194124e+01 1.00000135868001e+05 
3.00225733634304e+01 1.00000211154165e+05 
3.01805869074485e+01 1.00000316137321e+05 
3.03386004514665e+01 1.00000466319706e+05 
3.04966139954843e+01 1.00000682252557e+05 
3.06546275395003e+01 1.00000988872234e+05 
3.08126410834971e+01 1.00001403038609e+05 
3.09706546272957e+01 1.00001936911784e+05 
3.11286681708936e+01 1.00002589634811e+05 
3.12866817143274e+01 1.00003398906078e+05 
3.14446952574723e+01 1.00004387463164e+05 
3.16027088001674e+01 1.00005589574168e+05 
3.17607223421364e+01 1.00007000126773e+05 
3.19187358832495e+01 1.00008560557073e+05 
3.20767494226194e+01 1.00010188920680e+05 
3.22347629599941e+01 1.00011915902279e+05 
3.23927764943706e+01 1.00013690583955e+05 
3.25507900239423e+01 1.00015536513955e+05 
3.27088035457829e+01 1.00017431664235e+05 
3.28668170595274e+01 1.00019230890712e+05 
3.30248305599181e+01 1.00020807748468e+05 
3.31828440425992e+01 1.00022231783958e+05 
3.33408575031136e+01 1.00023462956270e+05 
3.34988709293862e+01 1.00024584101004e+05 
3.36568843063214e+01 1.00025589393295e+05 
3.38148976325709e+01 1.00026366382302e+05 
3.39729108878444e+01 1.00026813854525e+05 
3.41309240403887e+01 1.00027013927756e+05 
3.42889370834585e+01 1.00026987766941e+05 
3.44469499667095e+01 1.00026821757130e+05 
3.46049626416154e+01 1.00026455695119e+05 
3.47629751094123e+01 1.00025862698354e+05 
3.49209873220811e+01 1.00025018777716e+05 
3.50789991793260e+01 1.00023955297986e+05 
3.52370106929348e+01 1.00022721015067e+05 
3.53950217552060e+01 1.00021364716338e+05 
3.55530322801683e+01 1.00019826107065e+05 
3.57110422484800e+01 1.00018133064377e+05 
3.58690516557028e+01 1.00016302132934e+05 
3.60270604042267e+01 1.00014314630277e+05 
3.61850684108629e+01 1.00012275734798e+05 
3.63430757025597e+01 1.00010173063822e+05 
3.65010821998343e+01 1.00007923492805e+05 
3.66590879149553e+01 1.00005620934605e+05 
3.68170929429180e+01 1.00003329977912e+05 
3.69750972659910e+01 1.00000977966804e+05 
3.71331008599683e+01 9.99986774758687e+04 
3.72911038794230e+01 9.99963682132609e+04 
3.74491063311914e+01 9.99939907595456e+04 
3.76071083058444e+01 9.99916830034547e+04 
3.77651096857588e+01 9.99895513996514e+04 
3.79231104073047e+01 9.99874825055752e+04 
3.80811109502943e+01 9.99855709697100e+04 
3.82391112062999e+01 9.99837282038538e+04 
3.83971111660317e+01 9.99819285235502e+04 
3.85551109656345e+01 9.99803134971572e+04 
3.87131105571401e+01 9.99789998665303e+04 
3.88711098652798e+01 9.99778496519117e+04 
3.90291090063081e+01 9.99768970661435e+04 
3.91871079803516e+01 9.99760430643938e+04 
3.93451069164122e+01 9.99752965085399e+04 
3.95031056072435e+01 9.99747628040727e+04 
3.96611044176520e+01 9.99745461992083e+04 
3.98191030871787e+01 9.99745011275491e+04 
3.99771018088401e+01 9.99745966966401e+04 
4.01351007074698e+01 9.99747492762821e+04 
4.02930997022155e+01 9.99750228189119e+04 
4.04510986021552e+01 9.99754885040224e+04 
4.06090971618161e+01 9.99762039879429e+04 
4.07670958737284e+01 9.99770804183548e+04 
4.09250951708767e+01 9.99780798692276e+04 
4.10830945501286e+01 9.99791229153771e+04 
4.12410939472816e+01 9.99802780274266e+04 
4.13990933807653e+01 9.99815673826245e+04 
4.15570928592266e+01 9.99830522872204e+04 
4.17150923413803e+01 9.99846896736338e+04 
4.18730918618998e+01 9.99863924931389e+04 
4.20310913871491e+01 9.99880995073819e+04 
4.21890909437351e+01 9.99899030691355e+04 
4.23470905543198e+01 9.99917593493517e+04 
4.25050902256413e+01 9.99936716757765e+04 
4.26630899184684e+01 9.99956624209932e+04 
4.28210896745392e+01 9.99976022321295e+04 
4.29790892602239e+01 9.99994875664162e+04 
4.31370888188632e+01 1.00001392885667e+05 
4.32950884109090e+01 1.00003225726932e+05 
4.34530877023690e+01 1.00004940292988e+05 
4.36110866376294e+01 1.00006606255379e+05 
4.37690854724754e+01 1.00008108905372e+05 
4.39270845035842e+01 1.00009497523959e+05 
4.40850833364672e+01 1.00010807231600e+05 
4.42430820276957e+01 1.00011942090212e+05 
4.44010804989590e+01 1.00012834081934e+05 
4.45590788134630e+01 1.00013583695781e+05 
4.47170770655565e+01 1.00014121103568e+05 
4.48750752148097e+01 1.00014533359021e+05 
4.50330732938293e+01 1.00014811780465e+05 
4.51910713795358e+01 1.00014903110247e+05 
4.53490693983586e+01 1.00014737056470e+05 
4.55070674106562e+01 1.00014415243978e+05 
4.56650653676240e+01 1.00013928251764e+05 
4.58230631625694e+01 1.00013346619392e+05 
4.59810608096228e+01 1.00012637556919e+05 
4.61390583312556e+01 1.00011793251666e+05 
4.62970557728472e+01 1.00010768879287e+05 
4.64550531385988e+01 1.00009624769496e+05 
4.66130504658573e+01 1.00008397848225e+05 
4.67710476910669e+01 1.00007137927944e+05 
4.69290448370875e+01 1.00005786952560e+05 
4.70870418817074e+01 1.00004387967082e+05 
4.72450388394929e+01 1.00002924873040e+05 
4.74030357844738e+01 1.00001407730506e+05 
4.75610327369803e+01 9.99999045344312e+04 
4.77190296641417e+01 9.99984301427929e+04 
4.78770265567167e+01 9.99969321330200e+04 
4.80350232907807e+01 9.99954826022442e+04 
4.81930199724646e+01 9.99940954415747e+04 
4.83510166821919e+01 9.99927378253928e+04 
4.85090134340476e+01 9.99914813682742e+04 
4.86670101864053e+01 9.99903059348427e+04 
4.88250069367958e+01 9.99891841780752e+04 
4.89830037017608e+01 9.99881957051237e+04 
4.91410003791622e+01 9.99873760174192e+04 
4.92989969712441e+01 9.99866662749064e+04 
4.94569936135427e+01 9.99861147952332e+04 
4.96149902571749e+01 9.99856753689777e+04 
4.97729869349215e+01 9.99853504102072e+04 
4.99309836461128e+01 9.99851947265358e+04 
5.00889804092298e+01 9.99852486220882e+04 
5.02469772586986e+01 9.99854566779478e+04 
5.04049742099479e+01 9.99858196688160e+04 
5.05629710368897e+01 9.99862925666728e+04 
5.07209677221875e+01 9.99869083887462e+04 
5.08789643925024e+01 9.99876734673086e+04 
5.10369611214738e+01 9.99886035071609e+04 
5.11949579837573e+01 9.99896959865775e+04 
5.13529549196390e+01 9.99908878108162e+04 
5.15109519220113e+01 9.99921419773364e+04 
5.16689490194469e+01 9.99935112065995e+04 
5.18269461871349e+01 9.99949555028594e+04 
5.19849434232851e+01 9.99964669636659e+04 
5.21429407955823e+01 9.99980397248356e+04 
5.23009380095267e+01 9.99996034393286e+04 
5.24589351151370e+01 1.00001142718000e+05 
5.26169322605497e+01 1.00002711524987e+05 
5.27749294397864e+01 1.00004230337795e+05 
5.29329267403186e+01 1.00005664740360e+05 
5.30909241439174e+01 1.00007060200002e+05 
5.32489216473604e+01 1.00008350337429e+05 
5.34069192807000e+01 1.00009554937718e+05 
5.35649170063727e+01 1.00010715166942e+05 
5.37229148023365e+01 1.00011745964094e+05 
5.38809127246988e+01 1.00012603890324e+05 
5.40389107877367e+01 1.00013359214859e+05 
5.41969089517492e+01 1.00013970225843e+05 
5.43549072484630e+01 1.00014477413862e+05 
5.45129054270051e+01 1.00014889685610e+05 
5.46709034516164e+01 1.00015149155620e+05 
5.48289014795824e+01 1.00015210245451e+05 
5.49868996507851e+01 1.00015139381609e+05 
5.51448978880694e+01 1.00014940341215e+05 
5.53028962526066e+01 1.00014651132325e+05 
5.54608947556885e+01 1.00014250258853e+05 
5.56188933188464e+01 1.00013712939292e+05 
5.57768920070724e+01 1.00013026293722e+05 
5.59348908650161e+01 1.00012229427169e+05 
5.60928898167026e+01 1.00011321592231e+05 
5.62508889037190e+01 1.00010357725402e+05 
5.64088881394332e+01 1.00009295308445e+05 
5.65668874484921e+01 1.00008149992672e+05 
5.67248868836807e+01 1.00006898389612e+05 
5.68828864893542e+01 1.00005547208185e+05 
5.70408861960338e+01 1.00004145276462e+05 
5.71988860391269e+01 1.00002712356036e+05 
5.73568857825965e+01 1.00001197234011e+05 
5.75148854374958e+01 9.99996559940663e+04 
5.76728851158728e+01 9.99980975599154e+04 
5.78308849012099e+01 9.99964911704043e+04 
5.79888847480601e+01 9.99949007469096e+04 
5.81468847532464e+01 9.99933170872886e+04 
5.83048848708051e+01 9.99917041407477e+04 
5.84628851001882e+01 9.99901529325032e+04 
5.86208854661624e+01 9.99887136621193e+04 
5.87788859510897e+01 9.99873208984134e+04 
5.89368865555350e+01 9.99860399186180e+04 
5.90948872830377e+01 9.99848289206333e+04 
5.92528880864323e+01 9.99836700570580e+04 
5.94108889302507e+01 9.99826570244640e+04 
5.95688898327881e+01 9.99818629116036e+04 
5.97268908041111e+01 9.99812085852368e+04 
5.98848918003332e+01 9.99807355478314e+04 
6.00428928680254e+01 9.99803722419053e+04 
6.02008940796456e+01 9.99801287488862e+04 
6.03588954725139e+01 9.99800725919535e+04 
6.05168971072922e+01 9.99802813752223e+04 
6.06748990531746e+01 9.99806888684871e+04 
6.08329010433522e+01 9.99812890720521e+04 
6.09909029438758e+01 9.99820158664326e+04 
6.11489044805151e+01 9.99828889623141e+04 
6.13069057727749e+01 9.99839232387585e+04 
6.14649070351632e+01 9.99851633473768e+04 
6.16229081384915e+01 9.99865781787937e+04 
6.17809092441211e+01 9.99881130083499e+04 
6.19389101339700e+01 9.99897202623665e+04 
6.20969109801752e+01 9.99914475097522e+04 
6.22549119387378e+01 9.99932332280040e+04 
6.24129129488496e+01 9.99950657135077e+04 
6.25709138861800e+01 9.99969629324100e+04 
6.27289151983368e+01 9.99988273713994e+04 
6.28869165870729e+01 1.00000666176713e+05 
6.30449181597254e+01 1.00002531771933e+05 
6.32029200758520e+01 1.00004328680175e+05 
6.33609221827735e+01 1.00006001469781e+05 
6.35189242560073e+01 1.00007610372796e+05 
6.36769260693996e+01 1.00009066243798e+05 
6.38349281051127e+01 1.00010438942039e+05 
6.39929298098694e+01 1.00011750879834e+05 
6.41509316615666e+01 1.00012910119650e+05 
6.43089337942408e+01 1.00013832760997e+05 
6.44669357869463e+01 1.00014601456547e+05 
6.46249374433373e+01 1.00015159568539e+05 
6.47829389136374e+01 1.00015600586859e+05 
6.49409399663625e+01 1.00015917972708e+05 
6.50989409632269e+01 1.00016055499998e+05 
6.52569421377169e+01 1.00015941937818e+05 
6.54149430085585e+01 1.00015649613961e+05 
6.55729437641150e+01 1.00015179728524e+05 
6.57309443638751e+01 1.00014599656971e+05 
6.58889448714392e+01 1.00013887081299e+05 
6.60469454271883e+01 1.00013031358053e+05 
6.62049458871531e+01 1.00012001950592e+05 
6.63629460911794e+01 1.00010811741757e+05 
6.65209461944869e+01 1.00009515131321e+05 
6.66789460139657e+01 1.00008147907475e+05 
6.68369454321013e+01 1.00006668770043e+05 
6.69949447414460e+01 1.00005109549446e+05 
6.71529441536746e+01 1.00003477519271e+05 
6.73109433241402e+01 1.00001761947869e+05 
6.74689424701647e+01 1.00000037966765e+05 
6.76269417991850e+01 9.99982929188744e+04 
6.77849410142811e+01 9.99964840300050e+04 
6.79429404441664e+01 9.99946928077560e+04 
6.81009399323400e+01 9.99929711044525e+04 
6.82589394467423e+01 9.99912679159673e+04 
6.84169390831585e+01 9.99896683327237e+04 
6.85749387125848e+01 9.99881129523476e+04 
6.87329381770452e+01 9.99865841812224e+04 
6.88909376719355e+01 9.99851797874424e+04 
6.90489371579850e+01 9.99839818803133e+04 
6.92069365995741e+01 9.99829157178232e+04 
6.93649360510441e+01 9.99820407503653e+04 
6.95229353740816e+01 9.99812695734660e+04 
6.96809345840638e+01 9.99806039916282e+04 
6.98389340499524e+01 9.99801245469150e+04 
6.99969337688401e+01 9.99799160118031e+04 
7.01549335087798e+01 9.99799088771788e+04 
7.03129334087804e+01 9.99801017464505e+04 
7.04709333808406e+01 9.99804331467735e+04 
7.06289333787524e+01 9.99809382838403e+04 
7.07869336204822e+01 9.99816519158561e+04 
7.09449340672215e+01 9.99825945089473e+04 
7.11029345997939e+01 9.99837243637471e+04 
7.12609350713582e+01 9.99850263581434e+04 
7.14189347160093e+01 9.99864576787497e+04 
7.15769336370085e+01 9.99880492405626e+04 
7.17349322495437e+01 9.99897622715718e+04 
7.18929307461385e+01 9.99915841863652e+04 
7.20509289766604e+01 9.99935189150260e+04 
7.22089272661357e+01 9.99954780484966e+04 
7.23669254718874e+01 9.99974626525844e+04 
7.25249235776293e+01 9.99995260892806e+04 
7.26829219494500e+01 1.00001569807610e+05 
7.28409203727508e+01 1.00003527179572e+05 
7.29989186538633e+01 1.00005455693796e+05 
7.31569171184710e+01 1.00007260562666e+05 
7.33149154807419e+01 1.00009007113689e+05 
7.34729138742871e+01 1.00010723136811e+05 
7.36309123482416e+01 1.00012301006280e+05 
7.37889111043111e+01 1.00013645649042e+05 
7.39469098644377e+01 1.00014853417310e+05 
7.41049087471577e+01 1.00015853726913e+05 
7.42629075233993e+01 1.00016744176427e+05 
7.44209062786759e+01 1.00017524784807e+05 
7.45789051660299e+01 1.00018114774376e+05 
7.47369040521852e+01 1.00018423652975e+05 
7.48949026971529e+01 1.00018546823933e+05 
7.50529013271319e+01 1.00018469048244e+05 
7.52109000002093e+01 1.00018267518827e+05 
7.53688985762336e+01 1.00017926424523e+05 
7.55268972581844e+01 1.00017390511378e+05 
7.56848960103278e+01 1.00016633856973e+05 
7.58428947255754e+01 1.00015700711274e+05 
7.60008936594136e+01 1.00014622392825e+05 
7.61588924322546e+01 1.00013440421773e+05 
7.63168911638559e+01 1.00012123587884e+05 
7.64748900450755e+01 1.00010680792089e+05 
7.66328890548658e+01 1.00009102501213e+05 
7.67908878834910e+01 1.00007397064973e+05 
7.69488867890563e+01 1.00005639665738e+05 
7.71068856575359e+01 1.00003826365792e+05 
7.72648846605642e+01 1.00001911982700e+05 
7.74228838477881e+01 9.99999567973705e+04 
7.75808832323467e+01 9.99980110266853e+04 
7.77388824246277e+01 9.99960327744901e+04 
7.78968816322887e+01 9.99941201098099e+04 
7.80548807011359e+01 9.99922156693482e+04 
7.82128796943324e+01 9.99902820745988e+04 
7.83708787081097e+01 9.99884242854363e+04 
7.85288777862713e+01 9.99867312125414e+04 
7.86868768060587e+01 9.99851263196134e+04 
7.88448759839678e+01 9.99837004117438e+04 
7.90028750293676e+01 9.99823552919184e+04 
7.91608740579794e+01 9.99810712264447e+04 
7.93188731240776e+01 9.99799529996705e+04 
7.94768722866737e+01 9.99791026737080e+04 
7.96348714744995e+01 9.99784316220753e+04 
7.97928707841639e+01 9.99779915206442e+04 
7.99508700431175e+01 9.99776826201518e+04 
8.01088692532010e+01 9.99775126421704e+04 
8.02668685571017e+01 9.99775591868800e+04 
8.04248679221742e+01 9.99778898010653e+04 
8.05828672895297e+01 9.99784947179828e+04 
8.07408668401889e+01 9.99792630333014e+04 
8.08988663183940e+01 9.99801936908435e+04 
8.10568658136689e+01 9.99813164296624e+04 
8.12148653641856e+01 9.99826334129626e+04 
8.13728650602450e+01 9.99841593490236e+04 
8.15308647094415e+01 9.99858816235767e+04 
8.16888645412167e+01 9.99877287018316e+04 
8.18468642992061e+01 9.99896849377276e+04 
8.20048640365115e+01 9.99917926690164e+04 
8.21628638878385e+01 9.99939859177177e+04 
8.23208638447879e+01 9.99962041708407e+04 
8.24788638290085e+01 9.99984850053253e+04 
8.26368639316287e+01 1.00000720237427e+05 
8.27948639928999e+01 1.00002966659447e+05 
8.29528640097892e+01 1.00005270472559e+05 
8.31108641257694e+01 1.00007510358574e+05 
8.32688643339817e+01 1.00009575181427e+05 
8.34268645003396e+01 1.00011551539047e+05 
8.35848648702901e+01 1.00013333580584e+05 
8.37428651207969e+01 1.00015035088381e+05 
8.39008653577218e+01 1.00016687870627e+05 
8.40588656514321e+01 1.00018165334967e+05 
8.42168660797810e+01 1.00019346117169e+05 
8.43748664504764e+01 1.00020331879195e+05 
8.45328669632765e+01 1.00021058141508e+05 
8.46908673910183e+01 1.00021657216164e+05 
8.48488677558302e+01 1.00022127997878e+05 
8.50068682338221e+01 1.00022378055647e+05 
8.51648687934220e+01 1.00022314080160e+05 
8.53228693020651e+01 1.00022026580453e+05 
8.54808699523303e+01 1.00021512555512e+05 
8.56388704750119e+01 1.00020864473871e+05 
8.57968709951201e+01 1.00020059097896e+05 
8.59548715414848e+01 1.00019065027542e+05 
8.61128721364377e+01 1.00017863373657e+05 
8.62708727179347e+01 1.00016480130644e+05 
8.64288733473842e+01 1.00014950689969e+05 
8.65868739800674e+01 1.00013308388529e+05 
8.67448745080638e+01 1.00011521060920e+05 
8.69028751837753e+01 1.00009616504421e+05 
8.70608758960404e+01 1.00007622982288e+05 
8.72188765860811e+01 1.00005522753474e+05 
8.73768773582707e+01 1.00003409328038e+05 
8.75348780012508e+01 1.00001243958950e+05 
8.76928786004829e+01 9.99989841801975e+04 
8.78508792441084e+01 9.99967197923072e+04 
8.80088800434000e+01 9.99945474484186e+04 
8.81668806916759e+01 9.99923984140008e+04 
8.83248814855233e+01 9.99903784045184e+04 
8.84828821285871e+01 9.99883829925567e+04 
8.86408826913246e+01 9.99863852682999e+04 
8.87988833442697e+01 9.99845059560514e+04 
8.89568840341034e+01 9.99828761878244e+04 
8.91148847006716e+01 9.99813990802207e+04 
8.92728853750260e+01 9.99801618107446e+04 
8.94308859501744e+01 9.99790205927291e+04 
8.95888863918260e+01 9.99779709848362e+04 
8.97468869365088e+01 9.99771239990715e+04 
8.99048875615784e+01 9.99766074048964e+04 
9.00628880436466e+01 9.99763287608508e+04 
9.02208886930447e+01 9.99762981856711e+04 
9.03788890986989e+01 9.99764273083422e+04 
9.05368894584843e+01 9.99767279131571e+04 
9.06948898189981e+01 9.99772626724774e+04 
9.08528902524989e+01 9.99781047759430e+04 
9.10108905775425e+01 9.99791796275404e+04 
9.11688909467955e+01 9.99804766128222e+04 
9.13268912145514e+01 9.99819383138798e+04 
9.14848913158008e+01 9.99835773718415e+04 
9.16428915822170e+01 9.99853857649085e+04 
9.18008918169298e+01 9.99873591798811e+04 
9.19588919708743e+01 9.99894915963524e+04 
9.21168922103786e+01 9.99916882102503e+04 
9.22748922710947e+01 9.99939627528476e+04 
9.24328922715071e+01 9.99963536550409e+04 
9.25908922911711e+01 9.99987685467757e+04 
9.27488924135160e+01 1.00001117035025e+05 
9.29068924081221e+01 1.00003462597887e+05 
9.30648924455409e+01 1.00005690985945e+05 
9.32228924177697e+01 1.00007895083685e+05 
9.33808923174738e+01 1.00010109739432e+05 
9.35388923127242e+01 1.00012208244695e+05 
9.36968923560327e+01 1.00014057624256e+05 
9.38548923989902e+01 1.00015754782185e+05 
9.40128924384549e+01 1.00017204763756e+05 
9.41708924405656e+01 1.00018555328525e+05 
9.43288923108054e+01 1.00019815044779e+05 
9.44868920599109e+01 1.00020870632665e+05 
9.46448916529606e+01 1.00021594512306e+05 
9.48028916076712e+01 1.00022099918621e+05 
9.49608914944496e+01 1.00022337603983e+05 
9.51188913057259e+01 1.00022438785110e+05 
9.52768912337209e+01 1.00022394986528e+05 
9.54348911411694e+01 1.00022145494094e+05 
9.55928911756063e+01 1.00021579096401e+05 
9.57508910635802e+01 1.00020798489873e+05 
9.59088910424678e+01 1.00019822377630e+05 
9.60668908867435e+01 1.00018723919968e+05 
9.62248906047757e+01 1.00017475296654e+05 
9.63828904827730e+01 1.00016068310721e+05 
9.65408903462501e+01 1.00014474012334e+05 
9.66988901623332e+01 1.00012717729313e+05 
9.68568900168082e+01 1.00010867065040e+05 
9.70148897240250e+01 1.00008928807722e+05 
9.71728892944551e+01 1.00006866561730e+05 
9.73308889047403e+01 1.00004728296089e+05 
9.74888886147520e+01 1.00002572368616e+05 
9.76468881266289e+01 1.00000363875678e+05 
9.78048877845412e+01 9.99982036389438e+04 
9.79628871957190e+01 9.99960229997176e+04 
9.81208865399089e+01 9.99937898659420e+04 
9.82788858937054e+01 9.99916074948977e+04 
9.84368853019583e+01 9.99895889675378e+04 
9.85948846206375e+01 9.99876555420852e+04 
9.87528839618249e+01 9.99859047776336e+04 
9.89108832001843e+01 9.99842164783096e+04 
9.90688822583182e+01 9.99825701474529e+04 
9.92268814607112e+01 9.99810844535536e+04 
9.93848806720824e+01 9.99798921408301e+04 
9.95428797821141e+01 9.99788952816093e+04 
9.97008790097915e+01 9.99781586960509e+04 
9.98588780603129e+01 9.99775470207844e+04 
1.00016877088879e+02 9.99770636920802e+04 
