# Liste des scalaires : TEMPS pmat 
0.00000000000000e+00 1.00000000000000e+05 
1.58013544018059e-01 1.00000000000000e+05 
3.16027088036117e-01 1.00000000000000e+05 
4.74040632054176e-01 1.00000000000000e+05 
6.32054176072234e-01 1.00000000000000e+05 
7.90067720090293e-01 1.00000000000000e+05 
9.48081264108351e-01 1.00000000000000e+05 
1.10609480812641e+00 1.00000000000000e+05 
1.26410835214447e+00 1.00000000000000e+05 
1.42212189616253e+00 1.00000000000000e+05 
1.58013544018058e+00 1.00000000000000e+05 
1.73814898419864e+00 1.00000000000000e+05 
1.89616252821670e+00 1.00000000000000e+05 
2.05417607223476e+00 1.00000000000000e+05 
2.21218961625282e+00 1.00000000000000e+05 
2.37020316027087e+00 1.00000000000000e+05 
2.52821670428893e+00 1.00000000000000e+05 
2.68623024830699e+00 1.00000000000000e+05 
2.84424379232505e+00 1.00000000000000e+05 
3.00225733634311e+00 1.00000000000000e+05 
3.16027088036116e+00 1.00000000000000e+05 
3.31828442437922e+00 1.00000000000000e+05 
3.47629796839728e+00 1.00000000000000e+05 
3.63431151241534e+00 1.00000000000000e+05 
3.79232505643340e+00 1.00000000000000e+05 
3.95033860045145e+00 1.00000000000000e+05 
4.10835214446951e+00 1.00000000000000e+05 
4.26636568848757e+00 1.00000000000000e+05 
4.42437923250563e+00 1.00000000000000e+05 
4.58239277652368e+00 1.00000000000000e+05 
4.74040632054174e+00 1.00000000000000e+05 
4.89841986455980e+00 1.00000000000000e+05 
5.05643340857786e+00 1.00000000000000e+05 
5.21444695259591e+00 1.00000000000000e+05 
5.37246049661397e+00 1.00000000000000e+05 
5.53047404063203e+00 1.00000000000000e+05 
5.68848758465009e+00 1.00000000000000e+05 
5.84650112866814e+00 1.00000000000000e+05 
6.00451467268620e+00 1.00000000000000e+05 
6.16252821670426e+00 1.00000000000000e+05 
6.32054176072231e+00 1.00000000000000e+05 
6.47855530474037e+00 1.00000000000000e+05 
6.63656884875843e+00 1.00000000000000e+05 
6.79458239277648e+00 1.00000000000000e+05 
6.95259593679454e+00 1.00000000000000e+05 
7.11060948081260e+00 1.00000000000000e+05 
7.26862302483065e+00 1.00000000000000e+05 
7.42663656884871e+00 1.00000000000000e+05 
7.58465011286677e+00 1.00000000000000e+05 
7.74266365688483e+00 1.00000000000000e+05 
7.90067720090288e+00 1.00000000000000e+05 
8.05869074492094e+00 1.00000000000000e+05 
8.21670428893899e+00 1.00000000000000e+05 
8.37471783295705e+00 1.00000000000000e+05 
8.53273137697511e+00 1.00000000000000e+05 
8.69074492099316e+00 1.00000000000000e+05 
8.84875846501122e+00 1.00000000000000e+05 
9.00677200902927e+00 1.00000000000000e+05 
9.16478555304733e+00 1.00000000000000e+05 
9.32279909706538e+00 1.00000000000000e+05 
9.48081264108344e+00 1.00000000000000e+05 
9.63882618510150e+00 1.00000000000000e+05 
9.79683972911955e+00 1.00000000000000e+05 
9.95485327313761e+00 1.00000000000000e+05 
1.01128668171557e+01 1.00000000000000e+05 
1.02708803611737e+01 1.00000000000000e+05 
1.04288939051918e+01 1.00000000000000e+05 
1.05869074492098e+01 1.00000000000000e+05 
1.07449209932279e+01 1.00000000000000e+05 
1.09029345372459e+01 1.00000000000000e+05 
1.10609480812640e+01 1.00000000000000e+05 
1.12189616252821e+01 1.00000000000000e+05 
1.13769751693001e+01 1.00000000000000e+05 
1.15349887133182e+01 1.00000000000000e+05 
1.16930022573362e+01 1.00000000000000e+05 
1.18510158013543e+01 1.00000000000000e+05 
1.20090293453723e+01 1.00000000000000e+05 
1.21670428893904e+01 1.00000000000000e+05 
1.23250564334084e+01 1.00000000000000e+05 
1.24830699774265e+01 1.00000000000000e+05 
1.26410835214446e+01 1.00000000000000e+05 
1.27990970654626e+01 1.00000000000000e+05 
1.29571106094807e+01 1.00000000000000e+05 
1.31151241534987e+01 1.00000000000000e+05 
1.32731376975168e+01 1.00000000000000e+05 
1.34311512415348e+01 1.00000000000000e+05 
1.35891647855529e+01 1.00000000000000e+05 
1.37471783295709e+01 1.00000000000000e+05 
1.39051918735890e+01 1.00000000000000e+05 
1.40632054176071e+01 1.00000000000000e+05 
1.42212189616251e+01 1.00000000000000e+05 
1.43792325056432e+01 1.00000000000000e+05 
1.45372460496612e+01 1.00000000000000e+05 
1.46952595936793e+01 1.00000000000000e+05 
1.48532731376973e+01 1.00000000000000e+05 
1.50112866817154e+01 1.00000000000000e+05 
1.51693002257334e+01 1.00000000000000e+05 
1.53273137697515e+01 1.00000000000000e+05 
1.54853273137695e+01 1.00000000000000e+05 
1.56433408577876e+01 1.00000000000000e+05 
1.58013544018057e+01 1.00000000000000e+05 
1.59593679458237e+01 1.00000000000000e+05 
1.61173814898418e+01 1.00000000000000e+05 
1.62753950338598e+01 1.00000000000000e+05 
1.64334085778779e+01 1.00000000000000e+05 
1.65914221218959e+01 1.00000000000000e+05 
1.67494356659140e+01 1.00000000000000e+05 
1.69074492099320e+01 1.00000000000000e+05 
1.70654627539501e+01 1.00000000000000e+05 
1.72234762979681e+01 1.00000000000000e+05 
1.73814898419862e+01 1.00000000000000e+05 
1.75395033860043e+01 1.00000000000000e+05 
1.76975169300223e+01 1.00000000000000e+05 
1.78555304740404e+01 1.00000000000000e+05 
1.80135440180584e+01 1.00000000000000e+05 
1.81715575620765e+01 1.00000000000000e+05 
1.83295711060945e+01 1.00000000000000e+05 
1.84875846501126e+01 1.00000000000000e+05 
1.86455981941306e+01 1.00000000000000e+05 
1.88036117381487e+01 1.00000000000000e+05 
1.89616252821667e+01 1.00000000000000e+05 
1.91196388261848e+01 1.00000000000000e+05 
1.92776523702028e+01 1.00000000000000e+05 
1.94356659142209e+01 1.00000000000000e+05 
1.95936794582390e+01 1.00000000000000e+05 
1.97516930022570e+01 1.00000000000000e+05 
1.99097065462751e+01 1.00000000000000e+05 
2.00677200902931e+01 1.00000000000000e+05 
2.02257336343112e+01 1.00000000000000e+05 
2.03837471783292e+01 1.00000000000000e+05 
2.05417607223473e+01 1.00000000000000e+05 
2.06997742663653e+01 1.00000000000000e+05 
2.08577878103834e+01 1.00000000000000e+05 
2.10158013544014e+01 1.00000000000000e+05 
2.11738148984195e+01 1.00000000000000e+05 
2.13318284424376e+01 1.00000000000000e+05 
2.14898419864556e+01 1.00000000000000e+05 
2.16478555304737e+01 1.00000000000000e+05 
2.18058690744917e+01 1.00000000000000e+05 
2.19638826185098e+01 1.00000000000000e+05 
2.21218961625278e+01 1.00000000000000e+05 
2.22799097065459e+01 1.00000000000000e+05 
2.24379232505639e+01 1.00000000000000e+05 
2.25959367945820e+01 1.00000000000000e+05 
2.27539503386000e+01 1.00000000000000e+05 
2.29119638826181e+01 1.00000000000000e+05 
2.30699774266361e+01 1.00000000000000e+05 
2.32279909706542e+01 1.00000000000000e+05 
2.33860045146723e+01 1.00000000000000e+05 
2.35440180586903e+01 1.00000000000000e+05 
2.37020316027084e+01 1.00000000000000e+05 
2.38600451467264e+01 1.00000000000000e+05 
2.40180586907445e+01 1.00000000000000e+05 
2.41760722347625e+01 1.00000000000000e+05 
2.43340857787806e+01 1.00000000000000e+05 
2.44920993227986e+01 1.00000000000000e+05 
2.46501128668167e+01 1.00000000000000e+05 
2.48081264108347e+01 1.00000000000000e+05 
2.49661399548528e+01 1.00000000000000e+05 
2.51241534988708e+01 1.00000000000000e+05 
2.52821670428889e+01 1.00000000000000e+05 
2.54401805869069e+01 1.00000000000000e+05 
2.55981941309250e+01 1.00000000000000e+05 
2.57562076749430e+01 1.00000000000000e+05 
2.59142212189611e+01 1.00000000000000e+05 
2.60722347629791e+01 1.00000000000000e+05 
2.62302483069972e+01 1.00000000000000e+05 
2.63882618510153e+01 1.00000000000000e+05 
2.65462753950333e+01 1.00000000000000e+05 
2.67042889390514e+01 1.00000000000000e+05 
2.68623024830694e+01 1.00000000000000e+05 
2.70203160270875e+01 1.00000000000000e+05 
2.71783295711055e+01 1.00000000000000e+05 
2.73363431151236e+01 1.00000000000000e+05 
2.74943566591416e+01 1.00000000000000e+05 
2.76523702031597e+01 1.00000000000000e+05 
2.78103837471777e+01 1.00000000000000e+05 
2.79683972911958e+01 1.00000000000000e+05 
2.81264108352138e+01 1.00000000000000e+05 
2.82844243792319e+01 1.00000000000000e+05 
2.84424379232499e+01 1.00000000000000e+05 
2.86004514672680e+01 1.00000000000000e+05 
2.87584650112860e+01 1.00000000000000e+05 
2.89164785553041e+01 1.00000000000000e+05 
2.90744920993221e+01 1.00000000000000e+05 
2.92325056433402e+01 1.00000000000000e+05 
2.93905191873582e+01 1.00000000000000e+05 
2.95485327313763e+01 1.00000000000000e+05 
2.97065462753943e+01 1.00000000000000e+05 
2.98645598194124e+01 1.00000000000000e+05 
3.00225733634304e+01 1.00000000000000e+05 
3.01805869074485e+01 1.00000000000000e+05 
3.03386004514665e+01 1.00000000000000e+05 
3.04966139954843e+01 1.00000000000000e+05 
3.06546275395003e+01 1.00000000000000e+05 
3.08126410834971e+01 1.00000000000000e+05 
3.09706546272957e+01 1.00000000000000e+05 
3.11286681708936e+01 1.00000000000000e+05 
3.12866817143274e+01 1.00000000000000e+05 
3.14446952574723e+01 1.00000000000000e+05 
3.16027088001674e+01 1.00000000000000e+05 
3.17607223421364e+01 1.00000000000000e+05 
3.19187358832495e+01 1.00000000000000e+05 
3.20767494226194e+01 1.00000000000000e+05 
3.22347629599941e+01 1.00000000000000e+05 
3.23927764943706e+01 1.00000000000000e+05 
3.25507900239423e+01 1.00000000000000e+05 
3.27088035457829e+01 1.00000000000000e+05 
3.28668170595274e+01 1.00000000000000e+05 
3.30248305599181e+01 1.00000000000000e+05 
3.31828440425992e+01 1.00000000000000e+05 
3.33408575031136e+01 1.00000000000000e+05 
3.34988709293862e+01 1.00000000000000e+05 
3.36568843063214e+01 1.00000000000000e+05 
3.38148976325709e+01 1.00000000000000e+05 
3.39729108878444e+01 1.00000000000000e+05 
3.41309240403887e+01 1.00000000000000e+05 
3.42889370834585e+01 1.00000000000000e+05 
3.44469499667095e+01 1.00000000000000e+05 
3.46049626416154e+01 1.00000000000000e+05 
3.47629751094123e+01 1.00000000000000e+05 
3.49209873220811e+01 1.00000000000000e+05 
3.50789991793260e+01 1.00000000000000e+05 
3.52370106929348e+01 1.00000000000000e+05 
3.53950217552060e+01 1.00000000000000e+05 
3.55530322801683e+01 1.00000000000000e+05 
3.57110422484800e+01 1.00000000000000e+05 
3.58690516557028e+01 1.00000000000000e+05 
3.60270604042267e+01 1.00000000000000e+05 
3.61850684108629e+01 1.00000000000000e+05 
3.63430757025597e+01 1.00000000000000e+05 
3.65010821998343e+01 1.00000000000000e+05 
3.66590879149553e+01 1.00000000000000e+05 
3.68170929429180e+01 1.00000000000000e+05 
3.69750972659910e+01 1.00000000000000e+05 
3.71331008599683e+01 1.00000000000000e+05 
3.72911038794230e+01 1.00000000000000e+05 
3.74491063311914e+01 1.00000000000000e+05 
3.76071083058444e+01 1.00000000000000e+05 
3.77651096857588e+01 1.00000000000000e+05 
3.79231104073047e+01 1.00000000000000e+05 
3.80811109502943e+01 1.00000000000000e+05 
3.82391112062999e+01 1.00000000000000e+05 
3.83971111660317e+01 1.00000000000000e+05 
3.85551109656345e+01 1.00000000000000e+05 
3.87131105571401e+01 1.00000000000000e+05 
3.88711098652798e+01 1.00000000000000e+05 
3.90291090063081e+01 1.00000000000000e+05 
3.91871079803516e+01 1.00000000000000e+05 
3.93451069164122e+01 1.00000000000000e+05 
3.95031056072435e+01 1.00000000000000e+05 
3.96611044176520e+01 1.00000000000000e+05 
3.98191030871787e+01 1.00000000000000e+05 
3.99771018088401e+01 1.00000000000000e+05 
4.01351007074698e+01 1.00000000000000e+05 
4.02930997022155e+01 1.00000000000000e+05 
4.04510986021552e+01 1.00000000000000e+05 
4.06090971618161e+01 1.00000000000000e+05 
4.07670958737284e+01 1.00000000000000e+05 
4.09250951708767e+01 1.00000000000000e+05 
4.10830945501286e+01 1.00000000000000e+05 
4.12410939472816e+01 1.00000000000000e+05 
4.13990933807653e+01 1.00000000000000e+05 
4.15570928592266e+01 1.00000000000000e+05 
4.17150923413803e+01 1.00000000000000e+05 
4.18730918618998e+01 1.00000000000000e+05 
4.20310913871491e+01 1.00000000000000e+05 
4.21890909437351e+01 1.00000000000000e+05 
4.23470905543198e+01 1.00000000000000e+05 
4.25050902256413e+01 1.00000000000000e+05 
4.26630899184684e+01 1.00000000000000e+05 
4.28210896745392e+01 1.00000000000000e+05 
4.29790892602239e+01 1.00000000000000e+05 
4.31370888188632e+01 1.00000000000000e+05 
4.32950884109090e+01 1.00000000000000e+05 
4.34530877023690e+01 1.00000000000000e+05 
4.36110866376294e+01 1.00000000000000e+05 
4.37690854724754e+01 1.00000000000000e+05 
4.39270845035842e+01 1.00000000000000e+05 
4.40850833364672e+01 1.00000000000000e+05 
4.42430820276957e+01 1.00000000000000e+05 
4.44010804989590e+01 1.00000000000000e+05 
4.45590788134630e+01 1.00000000000000e+05 
4.47170770655565e+01 1.00000000000000e+05 
4.48750752148097e+01 1.00000000000000e+05 
4.50330732938293e+01 1.00000000000000e+05 
4.51910713795358e+01 1.00000000000000e+05 
4.53490693983586e+01 1.00000000000000e+05 
4.55070674106562e+01 1.00000000000000e+05 
4.56650653676240e+01 1.00000000000000e+05 
4.58230631625694e+01 1.00000000000000e+05 
4.59810608096228e+01 1.00000000000000e+05 
4.61390583312556e+01 1.00000000000000e+05 
4.62970557728472e+01 1.00000000000000e+05 
4.64550531385988e+01 1.00000000000000e+05 
4.66130504658573e+01 1.00000000000000e+05 
4.67710476910669e+01 1.00000000000000e+05 
4.69290448370875e+01 1.00000000000000e+05 
4.70870418817074e+01 1.00000000000000e+05 
4.72450388394929e+01 1.00000000000000e+05 
4.74030357844738e+01 1.00000000000000e+05 
4.75610327369803e+01 1.00000000000000e+05 
4.77190296641417e+01 1.00000000000001e+05 
4.78770265567167e+01 1.00000000000003e+05 
4.80350232907807e+01 1.00000000000012e+05 
4.81930199724646e+01 1.00000000000042e+05 
4.83510166821919e+01 1.00000000000099e+05 
4.85090134340476e+01 1.00000000000246e+05 
4.86670101864053e+01 1.00000000000506e+05 
4.88250069367958e+01 1.00000000002094e+05 
4.89830037017608e+01 1.00000000009294e+05 
4.91410003791622e+01 1.00000000044887e+05 
4.92989969712441e+01 1.00000000266382e+05 
4.94569936135427e+01 1.00000000524674e+05 
4.96149902571749e+01 1.00000000640623e+05 
4.97729869349215e+01 1.00000000794804e+05 
4.99309836461128e+01 1.00000001015471e+05 
5.00889804092298e+01 1.00000001283528e+05 
5.02469772586986e+01 1.00000001705943e+05 
5.04049742099479e+01 1.00000002476577e+05 
5.05629710368897e+01 1.00000003567680e+05 
5.07209677221875e+01 1.00000005179994e+05 
5.08789643925024e+01 1.00000007248320e+05 
5.10369611214738e+01 1.00000010435775e+05 
5.11949579837573e+01 1.00000014764392e+05 
5.13529549196390e+01 1.00000021704030e+05 
5.15109519220113e+01 1.00000030756635e+05 
5.16689490194469e+01 1.00000043010554e+05 
5.18269461871349e+01 1.00000058000472e+05 
5.19849434232851e+01 1.00000079721018e+05 
5.21429407955823e+01 1.00000108398029e+05 
5.23009380095267e+01 1.00000151353347e+05 
5.24589351151370e+01 1.00000204232626e+05 
5.26169322605497e+01 1.00000271674282e+05 
5.27749294397864e+01 1.00000350528835e+05 
5.29329267403186e+01 1.00000459147495e+05 
5.30909241439174e+01 1.00000594681185e+05 
5.32489216473604e+01 1.00000782708388e+05 
5.34069192807000e+01 1.00000997871550e+05 
5.35649170063727e+01 1.00001251775661e+05 
5.37229148023365e+01 1.00001528464678e+05 
5.38809127246988e+01 1.00001879637201e+05 
5.40389107877367e+01 1.00002281980694e+05 
5.41969089517492e+01 1.00002782960957e+05 
5.43549072484630e+01 1.00003298239449e+05 
5.45129054270051e+01 1.00003844169506e+05 
5.46709034516164e+01 1.00004384925217e+05 
5.48289014795824e+01 1.00005007527955e+05 
5.49868996507851e+01 1.00005648820875e+05 
5.51448978880694e+01 1.00006354467055e+05 
5.53028962526066e+01 1.00006993586858e+05 
5.54608947556885e+01 1.00007590331588e+05 
5.56188933188464e+01 1.00008110250345e+05 
5.57768920070724e+01 1.00008646696183e+05 
5.59348908650161e+01 1.00009125517648e+05 
5.60928898167026e+01 1.00009570143304e+05 
5.62508889037190e+01 1.00009885476411e+05 
5.64088881394332e+01 1.00010093844880e+05 
5.65668874484921e+01 1.00010201220224e+05 
5.67248868836807e+01 1.00010251016100e+05 
5.68828864893542e+01 1.00010208400396e+05 
5.70408861960338e+01 1.00010057537856e+05 
5.71988860391269e+01 1.00009805327036e+05 
5.73568857825965e+01 1.00009448849644e+05 
5.75148854374958e+01 1.00009034985269e+05 
5.76728851158728e+01 1.00008517398897e+05 
5.78308849012099e+01 1.00007925913811e+05 
5.79888847480601e+01 1.00007201748110e+05 
5.81468847532464e+01 1.00006457790394e+05 
5.83048848708051e+01 1.00005660009103e+05 
5.84628851001882e+01 1.00004861009089e+05 
5.86208854661624e+01 1.00003944164716e+05 
5.87788859510897e+01 1.00002998302599e+05 
5.89368865555350e+01 1.00001944745395e+05 
5.90948872830377e+01 1.00000949116896e+05 
5.92528880864323e+01 9.99999584580698e+04 
5.94108889302507e+01 9.99990269192576e+04 
5.95688898327881e+01 9.99979919559893e+04 
5.97268908041111e+01 9.99969721835024e+04 
5.98848918003332e+01 9.99958925331752e+04 
6.00428928680254e+01 9.99949413957573e+04 
6.02008940796456e+01 9.99940623699582e+04 
6.03588954725139e+01 9.99932839538383e+04 
6.05168971072922e+01 9.99924493669096e+04 
6.06748990531746e+01 9.99916738952700e+04 
6.08329010433522e+01 9.99909233899276e+04 
6.09909029438758e+01 9.99903459413487e+04 
6.11489044805151e+01 9.99898929967447e+04 
6.13069057727749e+01 9.99895646699112e+04 
6.14649070351632e+01 9.99892633481807e+04 
6.16229081384915e+01 9.99890626849876e+04 
6.17809092441211e+01 9.99889718489032e+04 
6.19389101339700e+01 9.99890423564334e+04 
6.20969109801752e+01 9.99892611391156e+04 
6.22549119387378e+01 9.99895801494214e+04 
6.24129129488496e+01 9.99900071561717e+04 
6.25709138861800e+01 9.99905383891587e+04 
6.27289151983368e+01 9.99912455793865e+04 
6.28869165870729e+01 9.99920380549731e+04 
6.30449181597254e+01 9.99929392552065e+04 
6.32029200758520e+01 9.99938739781143e+04 
6.33609221827735e+01 9.99949658254519e+04 
6.35189242560073e+01 9.99961149790431e+04 
6.36769260693996e+01 9.99974315186135e+04 
6.38349281051127e+01 9.99987048364749e+04 
6.39929298098694e+01 9.99999987892835e+04 
6.41509316615666e+01 1.00001227594244e+05 
6.43089337942408e+01 1.00002583362749e+05 
6.44669357869463e+01 1.00003912784088e+05 
6.46249374433373e+01 1.00005310023256e+05 
6.47829389136374e+01 1.00006530439782e+05 
6.49409399663625e+01 1.00007646355126e+05 
6.50989409632269e+01 1.00008617158156e+05 
6.52569421377169e+01 1.00009622731856e+05 
6.54149430085585e+01 1.00010515464649e+05 
6.55729437641150e+01 1.00011334696474e+05 
6.57309443638751e+01 1.00011922421347e+05 
6.58889448714392e+01 1.00012337408343e+05 
6.60469454271883e+01 1.00012592374539e+05 
6.62049458871531e+01 1.00012786604796e+05 
6.63629460911794e+01 1.00012847897442e+05 
6.65209461944869e+01 1.00012751736490e+05 
6.66789460139657e+01 1.00012484715397e+05 
6.68369454321013e+01 1.00012056936530e+05 
6.69949447414460e+01 1.00011536736645e+05 
6.71529441536746e+01 1.00010894108067e+05 
6.73109433241402e+01 1.00010153958561e+05 
6.74689424701647e+01 1.00009237254577e+05 
6.76269417991850e+01 1.00008266280527e+05 
6.77849410142811e+01 1.00007206271099e+05 
6.79429404441664e+01 1.00006139257501e+05 
6.81009399323400e+01 1.00004931442573e+05 
6.82589394467423e+01 1.00003691618694e+05 
6.84169390831585e+01 1.00002308116316e+05 
6.85749387125848e+01 1.00000995579915e+05 
6.87329381770452e+01 9.99996780099105e+04 
6.88909376719355e+01 9.99984340082536e+04 
6.90489371579850e+01 9.99970682834628e+04 
6.92069365995741e+01 9.99957360590131e+04 
6.93649360510441e+01 9.99943377515116e+04 
6.95229353740816e+01 9.99931023254371e+04 
6.96809345840638e+01 9.99919548178816e+04 
6.98389340499524e+01 9.99909358262041e+04 
6.99969337688401e+01 9.99898515465807e+04 
7.01549335087798e+01 9.99888530483897e+04 
7.03129334087804e+01 9.99878925787587e+04 
7.04709333808406e+01 9.99871498207227e+04 
7.06289333787524e+01 9.99865665360614e+04 
7.07869336204822e+01 9.99861420447657e+04 
7.09449340672215e+01 9.99857564155236e+04 
7.11029345997939e+01 9.99855127298616e+04 
7.12609350713582e+01 9.99854228464209e+04 
7.14189347160093e+01 9.99855557833791e+04 
7.15769336370085e+01 9.99858927966462e+04 
7.17349322495437e+01 9.99863757851027e+04 
7.18929307461385e+01 9.99870185964224e+04 
7.20509289766604e+01 9.99878210265020e+04 
7.22089272661357e+01 9.99888610300672e+04 
7.23669254718874e+01 9.99900152426893e+04 
7.25249235776293e+01 9.99913098865892e+04 
7.26829219494500e+01 9.99926304018797e+04 
7.28409203727508e+01 9.99941269255927e+04 
7.29989186538633e+01 9.99956722367237e+04 
7.31569171184710e+01 9.99973489467712e+04 
7.33149154807419e+01 9.99989052737719e+04 
7.34729138742871e+01 1.00000413997894e+05 
7.36309123482416e+01 1.00001800590303e+05 
7.37889111043111e+01 1.00003267739727e+05 
7.39469098644377e+01 1.00004629956143e+05 
7.41049087471577e+01 1.00005969680959e+05 
7.42629075233993e+01 1.00007077920679e+05 
7.44209062786759e+01 1.00008054009015e+05 
7.45789051660299e+01 1.00008881143042e+05 
7.47369040521852e+01 1.00009714473978e+05 
7.48949026971529e+01 1.00010411096624e+05 
7.50529013271319e+01 1.00011019510700e+05 
7.52109000002093e+01 1.00011398184199e+05 
7.53688985762336e+01 1.00011608570528e+05 
7.55268972581844e+01 1.00011681697238e+05 
7.56848960103278e+01 1.00011688439474e+05 
7.58428947255754e+01 1.00011560149733e+05 
7.60008936594136e+01 1.00011288313919e+05 
7.61588924322546e+01 1.00010856971273e+05 
7.63168911638559e+01 1.00010284780345e+05 
7.64748900450755e+01 1.00009640540525e+05 
7.66328890548658e+01 1.00008887293379e+05 
7.67908878834910e+01 1.00008054328536e+05 
7.69488867890563e+01 1.00007084811011e+05 
7.71068856575359e+01 1.00006085905016e+05 
7.72648846605642e+01 1.00005010300900e+05 
7.74228838477881e+01 1.00003945580341e+05 
7.75808832323467e+01 1.00002763406148e+05 
7.77388824246277e+01 1.00001574087603e+05 
7.78968816322887e+01 1.00000299937765e+05 
7.80548807011359e+01 9.99991172338417e+04 
7.82128796943324e+01 9.99979562260411e+04 
7.83708787081097e+01 9.99968734613908e+04 
7.85288777862713e+01 9.99957127283317e+04 
7.86868768060587e+01 9.99946187247592e+04 
7.88448759839678e+01 9.99935233159453e+04 
7.90028750293676e+01 9.99926005888383e+04 
7.91608740579794e+01 9.99917699100782e+04 
7.93188731240776e+01 9.99910625215023e+04 
7.94768722866737e+01 9.99903385916984e+04 
7.96348714744995e+01 9.99897260828985e+04 
7.97928707841639e+01 9.99891703281941e+04 
7.99508700431175e+01 9.99888045598934e+04 
8.01088692532010e+01 9.99885708780542e+04 
8.02668685571017e+01 9.99884536894733e+04 
8.04248679221742e+01 9.99883781862111e+04 
8.05828672895297e+01 9.99884145752294e+04 
8.07408668401889e+01 9.99885552029233e+04 
8.08988663183940e+01 9.99888401797460e+04 
8.10568658136689e+01 9.99892547915478e+04 
8.12148653641856e+01 9.99897488685933e+04 
8.13728650602450e+01 9.99903401315296e+04 
8.15308647094415e+01 9.99910100817476e+04 
8.16888645412167e+01 9.99917947839725e+04 
8.18468642992061e+01 9.99926237213097e+04 
8.20048640365115e+01 9.99935330343255e+04 
8.21628638878385e+01 9.99944492218796e+04 
8.23208638447879e+01 9.99954729376852e+04 
8.24788638290085e+01 9.99965087640915e+04 
8.26368639316287e+01 9.99976258914054e+04 
8.27948639928999e+01 9.99986777959445e+04 
8.29528640097892e+01 9.99997285212947e+04 
8.31108641257694e+01 1.00000719771313e+05 
8.32688643339817e+01 1.00001798245843e+05 
8.34268645003396e+01 1.00002824255633e+05 
8.35848648702901e+01 1.00003875967576e+05 
8.37428651207969e+01 1.00004779107914e+05 
8.39008653577218e+01 1.00005614754562e+05 
8.40588656514321e+01 1.00006344572461e+05 
8.42168660797810e+01 1.00007106954515e+05 
8.43748664504764e+01 1.00007772709648e+05 
8.45328669632765e+01 1.00008402581466e+05 
8.46908673910183e+01 1.00008845054584e+05 
8.48488677558302e+01 1.00009161968822e+05 
8.50068682338221e+01 1.00009359471403e+05 
8.51648687934220e+01 1.00009523255233e+05 
8.53228693020651e+01 1.00009576638414e+05 
8.54808699523303e+01 1.00009537230284e+05 
8.56388704750119e+01 1.00009345925857e+05 
8.57968709951201e+01 1.00009029782478e+05 
8.59548715414848e+01 1.00008631501915e+05 
8.61128721364377e+01 1.00008149694241e+05 
8.62708727179347e+01 1.00007589854132e+05 
8.64288733473842e+01 1.00006925503701e+05 
8.65868739800674e+01 1.00006208625379e+05 
8.67448745080638e+01 1.00005408570033e+05 
8.69028751837753e+01 1.00004589420871e+05 
8.70608758960404e+01 1.00003668749454e+05 
8.72188765860811e+01 1.00002724925863e+05 
8.73768773582707e+01 1.00001692561218e+05 
8.75348780012508e+01 1.00000702383575e+05 
8.76928786004829e+01 9.99996975708791e+04 
8.78508792441084e+01 9.99987370200434e+04 
8.80088800434000e+01 9.99976872699611e+04 
8.81668806916759e+01 9.99966733032074e+04 
8.83248814855233e+01 9.99956141649262e+04 
8.84828821285871e+01 9.99946786383093e+04 
8.86408826913246e+01 9.99937927907344e+04 
8.87988833442697e+01 9.99929999936596e+04 
8.89568840341034e+01 9.99921551175102e+04 
8.91148847006716e+01 9.99913861979924e+04 
8.92728853750260e+01 9.99906289095686e+04 
8.94308859501744e+01 9.99900343586633e+04 
8.95888863918260e+01 9.99895434457936e+04 
8.97468869365088e+01 9.99891673643218e+04 
8.99048875615784e+01 9.99887962782918e+04 
9.00628880436466e+01 9.99885216547033e+04 
9.02208886930447e+01 9.99883104913416e+04 
9.03788890986989e+01 9.99882551850779e+04 
9.05368894584843e+01 9.99883216792886e+04 
9.06948898189981e+01 9.99884852865473e+04 
9.08528902524989e+01 9.99887133935541e+04 
9.10108905775425e+01 9.99890299129888e+04 
9.11688909467955e+01 9.99894432794228e+04 
9.13268912145514e+01 9.99899491176681e+04 
9.14848913158008e+01 9.99905639428890e+04 
9.16428915822170e+01 9.99912291130368e+04 
9.18008918169298e+01 9.99919985561072e+04 
9.19588919708743e+01 9.99928203977664e+04 
9.21168922103786e+01 9.99937483896498e+04 
9.22748922710947e+01 9.99946737926991e+04 
9.24328922715071e+01 9.99956468675778e+04 
9.25908922911711e+01 9.99966007904578e+04 
9.27488924135160e+01 9.99976618353127e+04 
9.29068924081221e+01 9.99987126825870e+04 
9.30648924455409e+01 9.99998408018324e+04 
9.32228924177697e+01 1.00000865373929e+05 
9.33808923174738e+01 1.00001869061193e+05 
9.35388923127242e+01 1.00002795569577e+05 
9.36968923560327e+01 1.00003798954356e+05 
9.38548923989902e+01 1.00004746874626e+05 
9.40128924384549e+01 1.00005713335889e+05 
9.41708924405656e+01 1.00006515870189e+05 
9.43288923108054e+01 1.00007229950858e+05 
9.44868920599109e+01 1.00007832546235e+05 
9.46448916529606e+01 1.00008449389746e+05 
9.48028916076712e+01 1.00008967998390e+05 
9.49608914944496e+01 1.00009430692753e+05 
9.51188913057259e+01 1.00009714960437e+05 
9.52768912337209e+01 1.00009866575159e+05 
9.54348911411694e+01 1.00009901776392e+05 
9.55928911756063e+01 1.00009879168081e+05 
9.57508910635802e+01 1.00009753918190e+05 
9.59088910424678e+01 1.00009526346043e+05 
9.60668908867435e+01 1.00009176569041e+05 
9.62248906047757e+01 1.00008709252599e+05 
9.63828904827730e+01 1.00008179020826e+05 
9.65408903462501e+01 1.00007552103439e+05 
9.66988901623332e+01 1.00006860261366e+05 
9.68568900168082e+01 1.00006054360404e+05 
9.70148897240250e+01 1.00005226159858e+05 
9.71728892944551e+01 1.00004330154311e+05 
9.73308889047403e+01 1.00003438083897e+05 
9.74888886147520e+01 1.00002436631707e+05 
9.76468881266289e+01 1.00001425568136e+05 
9.78048877845412e+01 1.00000329993277e+05 
9.79628871957190e+01 9.99993078140690e+04 
9.81208865399089e+01 9.99982924947253e+04 
9.82788858937054e+01 9.99973364597219e+04 
9.84368853019583e+01 9.99962938390782e+04 
9.85948846206375e+01 9.99953004606992e+04 
9.87528839618249e+01 9.99942791869405e+04 
9.89108832001843e+01 9.99934017154042e+04 
9.90688822583182e+01 9.99925955155593e+04 
9.92268814607112e+01 9.99918905222012e+04 
9.93848806720824e+01 9.99911597769510e+04 
9.95428797821141e+01 9.99905197983188e+04 
9.97008790097915e+01 9.99899121818786e+04 
9.98588780603129e+01 9.99894742304199e+04 
1.00016877088879e+02 9.99891584007620e+04 
