# Liste des scalaires : TEMPS pmat 
0.00000000000000e+00 1.00000000000000e+05 
1.58013544018059e-01 1.00000000000000e+05 
3.16027088036117e-01 1.00000000000000e+05 
4.74040632054176e-01 1.00000000000000e+05 
6.32054176072234e-01 1.00000000000000e+05 
7.90067720090293e-01 1.00000000000000e+05 
9.48081264108351e-01 1.00000000000000e+05 
1.10609480812641e+00 1.00000000000000e+05 
1.26410835214447e+00 1.00000000000000e+05 
1.42212189616253e+00 1.00000000000000e+05 
1.58013544018058e+00 1.00000000000000e+05 
1.73814898419864e+00 1.00000000000000e+05 
1.89616252821670e+00 1.00000000000000e+05 
2.05417607223476e+00 1.00000000000000e+05 
2.21218961625282e+00 1.00000000000000e+05 
2.37020316027087e+00 1.00000000000000e+05 
2.52821670428893e+00 1.00000000000000e+05 
2.68623024830699e+00 1.00000000000000e+05 
2.84424379232505e+00 1.00000000000000e+05 
3.00225733634311e+00 1.00000000000000e+05 
3.16027088036116e+00 1.00000000000000e+05 
3.31828442437922e+00 1.00000000000000e+05 
3.47629796839728e+00 1.00000000000000e+05 
3.63431151241534e+00 1.00000000000000e+05 
3.79232505643340e+00 1.00000000000000e+05 
3.95033860045145e+00 1.00000000000000e+05 
4.10835214446951e+00 1.00000000000000e+05 
4.26636568848757e+00 1.00000000000000e+05 
4.42437923250563e+00 1.00000000000000e+05 
4.58239277652368e+00 1.00000000000000e+05 
4.74040632054174e+00 1.00000000000000e+05 
4.89841986455980e+00 1.00000000000000e+05 
5.05643340857786e+00 1.00000000000000e+05 
5.21444695259591e+00 1.00000000000000e+05 
5.37246049661397e+00 1.00000000000000e+05 
5.53047404063203e+00 1.00000000000000e+05 
5.68848758465009e+00 1.00000000000000e+05 
5.84650112866814e+00 1.00000000000000e+05 
6.00451467268620e+00 1.00000000000000e+05 
6.16252821670426e+00 1.00000000000000e+05 
6.32054176072231e+00 1.00000000000000e+05 
6.47855530474037e+00 1.00000000000000e+05 
6.63656884875843e+00 1.00000000000000e+05 
6.79458239277648e+00 1.00000000000000e+05 
6.95259593679454e+00 1.00000000000000e+05 
7.11060948081260e+00 1.00000000000000e+05 
7.26862302483065e+00 1.00000000000000e+05 
7.42663656884871e+00 1.00000000000000e+05 
7.58465011286677e+00 1.00000000000000e+05 
7.74266365688483e+00 1.00000000000000e+05 
7.90067720090288e+00 1.00000000000000e+05 
8.05869074492094e+00 1.00000000000000e+05 
8.21670428893899e+00 1.00000000000000e+05 
8.37471783295705e+00 1.00000000000000e+05 
8.53273137697511e+00 1.00000000000000e+05 
8.69074492099316e+00 1.00000000000000e+05 
8.84875846501122e+00 1.00000000000000e+05 
9.00677200902927e+00 1.00000000000000e+05 
9.16478555304733e+00 1.00000000000000e+05 
9.32279909706538e+00 1.00000000000000e+05 
9.48081264108344e+00 1.00000000000000e+05 
9.63882618510150e+00 1.00000000000000e+05 
9.79683972911955e+00 1.00000000000000e+05 
9.95485327313761e+00 1.00000000000000e+05 
1.01128668171557e+01 1.00000000000000e+05 
1.02708803611737e+01 1.00000000000000e+05 
1.04288939051918e+01 1.00000000000000e+05 
1.05869074492098e+01 1.00000000000000e+05 
1.07449209932279e+01 1.00000000000000e+05 
1.09029345372459e+01 1.00000000000000e+05 
1.10609480812640e+01 1.00000000000000e+05 
1.12189616252821e+01 1.00000000000000e+05 
1.13769751693001e+01 1.00000000000000e+05 
1.15349887133182e+01 1.00000000000000e+05 
1.16930022573362e+01 1.00000000000000e+05 
1.18510158013543e+01 1.00000000000000e+05 
1.20090293453723e+01 1.00000000000000e+05 
1.21670428893904e+01 1.00000000000000e+05 
1.23250564334084e+01 1.00000000000000e+05 
1.24830699774265e+01 1.00000000000000e+05 
1.26410835214446e+01 1.00000000000000e+05 
1.27990970654626e+01 1.00000000000000e+05 
1.29571106094807e+01 1.00000000000000e+05 
1.31151241534987e+01 1.00000000000000e+05 
1.32731376975168e+01 1.00000000000000e+05 
1.34311512415348e+01 1.00000000000000e+05 
1.35891647855529e+01 1.00000000000000e+05 
1.37471783295709e+01 1.00000000000000e+05 
1.39051918735890e+01 1.00000000000000e+05 
1.40632054176071e+01 1.00000000000000e+05 
1.42212189616251e+01 1.00000000000000e+05 
1.43792325056432e+01 1.00000000000000e+05 
1.45372460496612e+01 1.00000000000000e+05 
1.46952595936793e+01 1.00000000000000e+05 
1.48532731376973e+01 1.00000000000000e+05 
1.50112866817154e+01 1.00000000000000e+05 
1.51693002257334e+01 1.00000000000000e+05 
1.53273137697515e+01 1.00000000000000e+05 
1.54853273137695e+01 1.00000000000000e+05 
1.56433408577876e+01 1.00000000000000e+05 
1.58013544018057e+01 1.00000000000000e+05 
1.59593679458237e+01 1.00000000000000e+05 
1.61173814898418e+01 1.00000000000000e+05 
1.62753950338598e+01 1.00000000000000e+05 
1.64334085778779e+01 1.00000000000000e+05 
1.65914221218959e+01 1.00000000000000e+05 
1.67494356659140e+01 1.00000000000000e+05 
1.69074492099320e+01 1.00000000000000e+05 
1.70654627539501e+01 1.00000000000000e+05 
1.72234762979681e+01 1.00000000000000e+05 
1.73814898419862e+01 1.00000000000000e+05 
1.75395033860043e+01 1.00000000000000e+05 
1.76975169300223e+01 1.00000000000000e+05 
1.78555304740404e+01 1.00000000000000e+05 
1.80135440180584e+01 1.00000000000000e+05 
1.81715575620765e+01 1.00000000000000e+05 
1.83295711060945e+01 1.00000000000000e+05 
1.84875846501126e+01 1.00000000000000e+05 
1.86455981941306e+01 1.00000000000000e+05 
1.88036117381487e+01 1.00000000000000e+05 
1.89616252821667e+01 1.00000000000000e+05 
1.91196388261848e+01 1.00000000000000e+05 
1.92776523702028e+01 1.00000000000000e+05 
1.94356659142209e+01 1.00000000000000e+05 
1.95936794582390e+01 1.00000000000000e+05 
1.97516930022570e+01 1.00000000000000e+05 
1.99097065462751e+01 1.00000000000000e+05 
2.00677200902931e+01 1.00000000000000e+05 
2.02257336343112e+01 1.00000000000000e+05 
2.03837471783292e+01 1.00000000000000e+05 
2.05417607223473e+01 1.00000000000000e+05 
2.06997742663653e+01 1.00000000000000e+05 
2.08577878103834e+01 1.00000000000000e+05 
2.10158013544014e+01 1.00000000000000e+05 
2.11738148984195e+01 1.00000000000000e+05 
2.13318284424376e+01 1.00000000000000e+05 
2.14898419864556e+01 1.00000000000000e+05 
2.16478555304737e+01 1.00000000000000e+05 
2.18058690744917e+01 1.00000000000000e+05 
2.19638826185098e+01 1.00000000000000e+05 
2.21218961625278e+01 1.00000000000000e+05 
2.22799097065459e+01 1.00000000000000e+05 
2.24379232505639e+01 1.00000000000000e+05 
2.25959367945820e+01 1.00000000000000e+05 
2.27539503386000e+01 1.00000000000000e+05 
2.29119638826181e+01 1.00000000000000e+05 
2.30699774266361e+01 1.00000000000000e+05 
2.32279909706542e+01 1.00000000000000e+05 
2.33860045146723e+01 1.00000000000000e+05 
2.35440180586903e+01 1.00000000000000e+05 
2.37020316027084e+01 1.00000000000000e+05 
2.38600451467264e+01 1.00000000000000e+05 
2.40180586907445e+01 1.00000000000000e+05 
2.41760722347625e+01 1.00000000000000e+05 
2.43340857787806e+01 1.00000000000000e+05 
2.44920993227986e+01 1.00000000000000e+05 
2.46501128668167e+01 1.00000000000000e+05 
2.48081264108347e+01 1.00000000000000e+05 
2.49661399548528e+01 1.00000000000000e+05 
2.51241534988708e+01 1.00000000000000e+05 
2.52821670428889e+01 1.00000000000000e+05 
2.54401805869069e+01 1.00000000000000e+05 
2.55981941309250e+01 1.00000000000000e+05 
2.57562076749430e+01 1.00000000000000e+05 
2.59142212189611e+01 1.00000000000000e+05 
2.60722347629791e+01 1.00000000000000e+05 
2.62302483069972e+01 1.00000000000000e+05 
2.63882618510153e+01 1.00000000000000e+05 
2.65462753950333e+01 1.00000000000000e+05 
2.67042889390514e+01 1.00000000000000e+05 
2.68623024830694e+01 1.00000000000000e+05 
2.70203160270875e+01 1.00000000000000e+05 
2.71783295711055e+01 1.00000000000000e+05 
2.73363431151236e+01 1.00000000000000e+05 
2.74943566591416e+01 1.00000000000000e+05 
2.76523702031597e+01 1.00000000000000e+05 
2.78103837471777e+01 1.00000000000000e+05 
2.79683972911958e+01 1.00000000000000e+05 
2.81264108352138e+01 1.00000000000000e+05 
2.82844243792319e+01 1.00000000000000e+05 
2.84424379232499e+01 1.00000000000000e+05 
2.86004514672680e+01 1.00000000000000e+05 
2.87584650112860e+01 1.00000000000000e+05 
2.89164785553041e+01 1.00000000000000e+05 
2.90744920993221e+01 1.00000000000000e+05 
2.92325056433402e+01 1.00000000000000e+05 
2.93905191873582e+01 1.00000000000000e+05 
2.95485327313763e+01 1.00000000000000e+05 
2.97065462753943e+01 1.00000000000000e+05 
2.98645598194124e+01 1.00000000000000e+05 
3.00225733634304e+01 1.00000000000000e+05 
3.01805869074485e+01 1.00000000000000e+05 
3.03386004514665e+01 1.00000000000000e+05 
3.04966139954843e+01 1.00000000000000e+05 
3.06546275395003e+01 1.00000000000000e+05 
3.08126410834971e+01 1.00000000000000e+05 
3.09706546272957e+01 1.00000000000000e+05 
3.11286681708936e+01 1.00000000000000e+05 
3.12866817143274e+01 1.00000000000000e+05 
3.14446952574723e+01 1.00000000000000e+05 
3.16027088001674e+01 1.00000000000000e+05 
3.17607223421364e+01 1.00000000000000e+05 
3.19187358832495e+01 1.00000000000000e+05 
3.20767494226194e+01 1.00000000000000e+05 
3.22347629599941e+01 1.00000000000000e+05 
3.23927764943706e+01 1.00000000000000e+05 
3.25507900239423e+01 1.00000000000000e+05 
3.27088035457829e+01 1.00000000000000e+05 
3.28668170595274e+01 1.00000000000000e+05 
3.30248305599181e+01 1.00000000000000e+05 
3.31828440425992e+01 1.00000000000000e+05 
3.33408575031136e+01 1.00000000000000e+05 
3.34988709293862e+01 1.00000000000000e+05 
3.36568843063214e+01 1.00000000000000e+05 
3.38148976325709e+01 1.00000000000000e+05 
3.39729108878444e+01 1.00000000000000e+05 
3.41309240403887e+01 1.00000000000000e+05 
3.42889370834585e+01 1.00000000000000e+05 
3.44469499667095e+01 1.00000000000000e+05 
3.46049626416154e+01 1.00000000000000e+05 
3.47629751094123e+01 1.00000000000000e+05 
3.49209873220811e+01 1.00000000000000e+05 
3.50789991793260e+01 1.00000000000000e+05 
3.52370106929348e+01 1.00000000000000e+05 
3.53950217552060e+01 1.00000000000000e+05 
3.55530322801683e+01 1.00000000000000e+05 
3.57110422484800e+01 1.00000000000000e+05 
3.58690516557028e+01 1.00000000000000e+05 
3.60270604042267e+01 1.00000000000000e+05 
3.61850684108629e+01 1.00000000000000e+05 
3.63430757025597e+01 1.00000000000000e+05 
3.65010821998343e+01 1.00000000000000e+05 
3.66590879149553e+01 1.00000000000000e+05 
3.68170929429180e+01 1.00000000000000e+05 
3.69750972659910e+01 1.00000000000000e+05 
3.71331008599683e+01 1.00000000000000e+05 
3.72911038794230e+01 1.00000000000000e+05 
3.74491063311914e+01 1.00000000000000e+05 
3.76071083058444e+01 1.00000000000000e+05 
3.77651096857588e+01 1.00000000000000e+05 
3.79231104073047e+01 1.00000000000000e+05 
3.80811109502943e+01 1.00000000000000e+05 
3.82391112062999e+01 1.00000000000000e+05 
3.83971111660317e+01 1.00000000000000e+05 
3.85551109656345e+01 1.00000000000000e+05 
3.87131105571401e+01 1.00000000000000e+05 
3.88711098652798e+01 1.00000000000000e+05 
3.90291090063081e+01 1.00000000000000e+05 
3.91871079803516e+01 1.00000000000000e+05 
3.93451069164122e+01 1.00000000000000e+05 
3.95031056072435e+01 1.00000000000000e+05 
3.96611044176520e+01 1.00000000000000e+05 
3.98191030871787e+01 1.00000000000000e+05 
3.99771018088401e+01 1.00000000000000e+05 
4.01351007074698e+01 1.00000000000000e+05 
4.02930997022155e+01 1.00000000000000e+05 
4.04510986021552e+01 1.00000000000000e+05 
4.06090971618161e+01 1.00000000000000e+05 
4.07670958737284e+01 1.00000000000000e+05 
4.09250951708767e+01 1.00000000000000e+05 
4.10830945501286e+01 1.00000000000000e+05 
4.12410939472816e+01 1.00000000000000e+05 
4.13990933807653e+01 1.00000000000000e+05 
4.15570928592266e+01 1.00000000000000e+05 
4.17150923413803e+01 1.00000000000000e+05 
4.18730918618998e+01 1.00000000000000e+05 
4.20310913871491e+01 1.00000000000000e+05 
4.21890909437351e+01 1.00000000000000e+05 
4.23470905543198e+01 1.00000000000000e+05 
4.25050902256413e+01 1.00000000000000e+05 
4.26630899184684e+01 1.00000000000000e+05 
4.28210896745392e+01 1.00000000000000e+05 
4.29790892602239e+01 1.00000000000000e+05 
4.31370888188632e+01 1.00000000000000e+05 
4.32950884109090e+01 1.00000000000000e+05 
4.34530877023690e+01 1.00000000000000e+05 
4.36110866376294e+01 1.00000000000000e+05 
4.37690854724754e+01 1.00000000000000e+05 
4.39270845035842e+01 1.00000000000000e+05 
4.40850833364672e+01 1.00000000000000e+05 
4.42430820276957e+01 1.00000000000000e+05 
4.44010804989590e+01 1.00000000000000e+05 
4.45590788134630e+01 1.00000000000000e+05 
4.47170770655565e+01 1.00000000000000e+05 
4.48750752148097e+01 1.00000000000000e+05 
4.50330732938293e+01 1.00000000000000e+05 
4.51910713795358e+01 1.00000000000000e+05 
4.53490693983586e+01 1.00000000000000e+05 
4.55070674106562e+01 1.00000000000000e+05 
4.56650653676240e+01 1.00000000000000e+05 
4.58230631625694e+01 1.00000000000000e+05 
4.59810608096228e+01 1.00000000000000e+05 
4.61390583312556e+01 1.00000000000000e+05 
4.62970557728472e+01 1.00000000000000e+05 
4.64550531385988e+01 1.00000000000000e+05 
4.66130504658573e+01 1.00000000000000e+05 
4.67710476910669e+01 1.00000000000000e+05 
4.69290448370875e+01 1.00000000000000e+05 
4.70870418817074e+01 1.00000000000000e+05 
4.72450388394929e+01 1.00000000000000e+05 
4.74030357844738e+01 1.00000000000000e+05 
4.75610327369803e+01 1.00000000000000e+05 
4.77190296641417e+01 1.00000000000000e+05 
4.78770265567167e+01 1.00000000000000e+05 
4.80350232907807e+01 1.00000000000000e+05 
4.81930199724646e+01 1.00000000000000e+05 
4.83510166821919e+01 1.00000000000000e+05 
4.85090134340476e+01 1.00000000000000e+05 
4.86670101864053e+01 1.00000000000000e+05 
4.88250069367958e+01 1.00000000000000e+05 
4.89830037017608e+01 1.00000000000000e+05 
4.91410003791622e+01 1.00000000000000e+05 
4.92989969712441e+01 1.00000000000000e+05 
4.94569936135427e+01 1.00000000000000e+05 
4.96149902571749e+01 1.00000000000000e+05 
4.97729869349215e+01 1.00000000000000e+05 
4.99309836461128e+01 1.00000000000000e+05 
5.00889804092298e+01 1.00000000000000e+05 
5.02469772586986e+01 1.00000000000000e+05 
5.04049742099479e+01 1.00000000000000e+05 
5.05629710368897e+01 1.00000000000000e+05 
5.07209677221875e+01 1.00000000000000e+05 
5.08789643925024e+01 1.00000000000000e+05 
5.10369611214738e+01 1.00000000000000e+05 
5.11949579837573e+01 1.00000000000000e+05 
5.13529549196390e+01 1.00000000000000e+05 
5.15109519220113e+01 1.00000000000000e+05 
5.16689490194469e+01 1.00000000000000e+05 
5.18269461871349e+01 1.00000000000000e+05 
5.19849434232851e+01 1.00000000000000e+05 
5.21429407955823e+01 1.00000000000000e+05 
5.23009380095267e+01 1.00000000000000e+05 
5.24589351151370e+01 1.00000000000000e+05 
5.26169322605497e+01 1.00000000000000e+05 
5.27749294397864e+01 1.00000000000000e+05 
5.29329267403186e+01 1.00000000000000e+05 
5.30909241439174e+01 1.00000000000003e+05 
5.32489216473604e+01 1.00000000000043e+05 
5.34069192807000e+01 1.00000000000447e+05 
5.35649170063727e+01 1.00000000002824e+05 
5.37229148023365e+01 1.00000000084456e+05 
5.38809127246988e+01 1.00000000448312e+05 
5.40389107877367e+01 1.00000000785724e+05 
5.41969089517492e+01 1.00000001001633e+05 
5.43549072484630e+01 1.00000001250370e+05 
5.45129054270051e+01 1.00000001685824e+05 
5.46709034516164e+01 1.00000002156272e+05 
5.48289014795824e+01 1.00000003090604e+05 
5.49868996507851e+01 1.00000004436327e+05 
5.51448978880694e+01 1.00000006235074e+05 
5.53028962526066e+01 1.00000008717253e+05 
5.54608947556885e+01 1.00000011979002e+05 
5.56188933188464e+01 1.00000015980157e+05 
5.57768920070724e+01 1.00000022157916e+05 
5.59348908650161e+01 1.00000030510782e+05 
5.60928898167026e+01 1.00000040787419e+05 
5.62508889037190e+01 1.00000053841132e+05 
5.64088881394332e+01 1.00000070193854e+05 
5.65668874484921e+01 1.00000088619287e+05 
5.67248868836807e+01 1.00000115680089e+05 
5.68828864893542e+01 1.00000150803406e+05 
5.70408861960338e+01 1.00000191080942e+05 
5.71988860391269e+01 1.00000238212288e+05 
5.73568857825965e+01 1.00000294805569e+05 
5.75148854374958e+01 1.00000351821713e+05 
5.76728851158728e+01 1.00000431131192e+05 
5.78308849012099e+01 1.00000531169480e+05 
5.79888847480601e+01 1.00000635966405e+05 
5.81468847532464e+01 1.00000746622641e+05 
5.83048848708051e+01 1.00000872933606e+05 
5.84628851001882e+01 1.00000980965055e+05 
5.86208854661624e+01 1.00001125671210e+05 
5.87788859510897e+01 1.00001304609020e+05 
5.89368865555350e+01 1.00001475717023e+05 
5.90948872830377e+01 1.00001630719638e+05 
5.92528880864323e+01 1.00001800535972e+05 
5.94108889302507e+01 1.00001909877519e+05 
5.95688898327881e+01 1.00002055606006e+05 
5.97268908041111e+01 1.00002240733808e+05 
5.98848918003332e+01 1.00002405373924e+05 
6.00428928680254e+01 1.00002520703461e+05 
6.02008940796456e+01 1.00002644737846e+05 
6.03588954725139e+01 1.00002678321448e+05 
6.05168971072922e+01 1.00002731206556e+05 
6.06748990531746e+01 1.00002821356289e+05 
6.08329010433522e+01 1.00002911980079e+05 
6.09909029438758e+01 1.00002941712629e+05 
6.11489044805151e+01 1.00002962803791e+05 
6.13069057727749e+01 1.00002908234570e+05 
6.14649070351632e+01 1.00002862156271e+05 
6.16229081384915e+01 1.00002848257482e+05 
6.17809092441211e+01 1.00002864646467e+05 
6.19389101339700e+01 1.00002817091326e+05 
6.20969109801752e+01 1.00002756890285e+05 
6.22549119387378e+01 1.00002667800058e+05 
6.24129129488496e+01 1.00002584629916e+05 
6.25709138861800e+01 1.00002484816556e+05 
6.27289151983368e+01 1.00002444781234e+05 
6.28869165870729e+01 1.00002359360235e+05 
6.30449181597254e+01 1.00002245019507e+05 
6.32029200758520e+01 1.00002157848641e+05 
6.33609221827735e+01 1.00002049237620e+05 
6.35189242560073e+01 1.00001926589469e+05 
6.36769260693996e+01 1.00001836668524e+05 
6.38349281051127e+01 1.00001711580591e+05 
6.39929298098694e+01 1.00001557152502e+05 
6.41509316615666e+01 1.00001468183757e+05 
6.43089337942408e+01 1.00001341294413e+05 
6.44669357869463e+01 1.00001167965286e+05 
6.46249374433373e+01 1.00001014763745e+05 
6.47829389136374e+01 1.00000848026719e+05 
6.49409399663625e+01 1.00000647065417e+05 
6.50989409632269e+01 1.00000541219172e+05 
6.52569421377169e+01 1.00000391539818e+05 
6.54149430085585e+01 1.00000165315376e+05 
6.55729437641150e+01 9.99999670416713e+04 
6.57309443638751e+01 9.99997894196964e+04 
6.58889448714392e+01 9.99995859809133e+04 
6.60469454271883e+01 9.99995046456985e+04 
6.62049458871531e+01 9.99993817135655e+04 
6.63629460911794e+01 9.99991970976932e+04 
6.65209461944869e+01 9.99990262287091e+04 
6.66789460139657e+01 9.99989257689782e+04 
6.68369454321013e+01 9.99988092170181e+04 
6.69949447414460e+01 9.99988155671275e+04 
6.71529441536746e+01 9.99988065900407e+04 
6.73109433241402e+01 9.99987546528275e+04 
6.74689424701647e+01 9.99987251804169e+04 
6.76269417991850e+01 9.99987556761124e+04 
6.77849410142811e+01 9.99987890343135e+04 
6.79429404441664e+01 9.99989037321666e+04 
6.81009399323400e+01 9.99990228811578e+04 
6.82589394467423e+01 9.99991343753050e+04 
6.84169390831585e+01 9.99992160812649e+04 
6.85749387125848e+01 9.99993449728137e+04 
6.87329381770452e+01 9.99994841533664e+04 
6.88909376719355e+01 9.99996210859554e+04 
6.90489371579850e+01 9.99997841406928e+04 
6.92069365995741e+01 9.99999529469494e+04 
6.93649360510441e+01 1.00000089218375e+05 
6.95229353740816e+01 1.00000234770826e+05 
6.96809345840638e+01 1.00000391911313e+05 
6.98389340499524e+01 1.00000492036677e+05 
6.99969337688401e+01 1.00000630542537e+05 
7.01549335087798e+01 1.00000788356490e+05 
7.03129334087804e+01 1.00000923590100e+05 
7.04709333808406e+01 1.00001046112860e+05 
7.06289333787524e+01 1.00001178020336e+05 
7.07869336204822e+01 1.00001228684537e+05 
7.09449340672215e+01 1.00001309783862e+05 
7.11029345997939e+01 1.00001418812517e+05 
7.12609350713582e+01 1.00001517209504e+05 
7.14189347160093e+01 1.00001580095086e+05 
7.15769336370085e+01 1.00001651296726e+05 
7.17349322495437e+01 1.00001648210550e+05 
7.18929307461385e+01 1.00001663598237e+05 
7.20509289766604e+01 1.00001704082737e+05 
7.22089272661357e+01 1.00001750127936e+05 
7.23669254718874e+01 1.00001754872693e+05 
7.25249235776293e+01 1.00001745994446e+05 
7.26829219494500e+01 1.00001690950466e+05 
7.28409203727508e+01 1.00001635041717e+05 
7.29989186538633e+01 1.00001564703582e+05 
7.31569171184710e+01 1.00001511594857e+05 
7.33149154807419e+01 1.00001408750785e+05 
7.34729138742871e+01 1.00001276244568e+05 
7.36309123482416e+01 1.00001135377678e+05 
7.37889111043111e+01 1.00000955235950e+05 
7.39469098644377e+01 1.00000732934268e+05 
7.41049087471577e+01 1.00000537506250e+05 
7.42629075233993e+01 1.00000323043026e+05 
7.44209062786759e+01 1.00000066393212e+05 
7.45789051660299e+01 9.99998734076948e+04 
7.47369040521852e+01 9.99996184226097e+04 
7.48949026971529e+01 9.99992965334651e+04 
7.50529013271319e+01 9.99990230180453e+04 
7.52109000002093e+01 9.99987827154962e+04 
7.53688985762336e+01 9.99985016404904e+04 
7.55268972581844e+01 9.99983502312459e+04 
7.56848960103278e+01 9.99981403872391e+04 
7.58428947255754e+01 9.99978409681819e+04 
7.60008936594136e+01 9.99975908539925e+04 
7.61588924322546e+01 9.99974227195972e+04 
7.63168911638559e+01 9.99972313303833e+04 
7.64748900450755e+01 9.99971988928953e+04 
7.66328890548658e+01 9.99971298317256e+04 
7.67908878834910e+01 9.99969836540364e+04 
7.69488867890563e+01 9.99968705974794e+04 
7.71068856575359e+01 9.99968554498491e+04 
7.72648846605642e+01 9.99968509575434e+04 
7.74228838477881e+01 9.99969622981925e+04 
7.75808832323467e+01 9.99970721143184e+04 
7.77388824246277e+01 9.99971363121744e+04 
7.78968816322887e+01 9.99971824920965e+04 
7.80548807011359e+01 9.99973223118114e+04 
7.82128796943324e+01 9.99974861549959e+04 
7.83708787081097e+01 9.99976694159426e+04 
7.85288777862713e+01 9.99978862274630e+04 
7.86868768060587e+01 9.99981179998708e+04 
7.88448759839678e+01 9.99983157337201e+04 
7.90028750293676e+01 9.99985426876644e+04 
7.91608740579794e+01 9.99988094895609e+04 
7.93188731240776e+01 9.99989962448091e+04 
7.94768722866737e+01 9.99992471495572e+04 
7.96348714744995e+01 9.99995446994131e+04 
7.97928707841639e+01 9.99998031682922e+04 
7.99508700431175e+01 1.00000043544222e+05 
8.01088692532010e+01 1.00000323050629e+05 
8.02668685571017e+01 1.00000446358587e+05 
8.04248679221742e+01 1.00000628845567e+05 
8.05828672895297e+01 1.00000899221868e+05 
8.07408668401889e+01 1.00001141936529e+05 
8.08988663183940e+01 1.00001310207155e+05 
8.10568658136689e+01 1.00001507653802e+05 
8.12148653641856e+01 1.00001534569998e+05 
8.13728650602450e+01 1.00001602170387e+05 
8.15308647094415e+01 1.00001752496851e+05 
8.16888645412167e+01 1.00001894732800e+05 
8.18468642992061e+01 1.00001946253205e+05 
8.20048640365115e+01 1.00001987468616e+05 
8.21628638878385e+01 1.00001918526685e+05 
8.23208638447879e+01 1.00001853640619e+05 
8.24788638290085e+01 1.00001826666390e+05 
8.26368639316287e+01 1.00001820524030e+05 
8.27948639928999e+01 1.00001725926102e+05 
8.29528640097892e+01 1.00001606511359e+05 
8.31108641257694e+01 1.00001458076478e+05 
8.32688643339817e+01 1.00001287333669e+05 
8.34268645003396e+01 1.00001088075515e+05 
8.35848648702901e+01 1.00000915184499e+05 
8.37428651207969e+01 1.00000711868158e+05 
8.39008653577218e+01 1.00000472743681e+05 
8.40588656514321e+01 1.00000292178369e+05 
8.42168660797810e+01 1.00000054780480e+05 
8.43748664504764e+01 9.99997626257143e+04 
8.45328669632765e+01 9.99995080709590e+04 
8.46908673910183e+01 9.99992679095187e+04 
8.48488677558302e+01 9.99990015369992e+04 
8.50068682338221e+01 9.99988748412622e+04 
8.51648687934220e+01 9.99986928391171e+04 
8.53228693020651e+01 9.99984281767460e+04 
8.54808699523303e+01 9.99982010608276e+04 
8.56388704750119e+01 9.99980507684156e+04 
8.57968709951201e+01 9.99978732314329e+04 
8.59548715414848e+01 9.99978610375274e+04 
8.61128721364377e+01 9.99978124629728e+04 
8.62708727179347e+01 9.99976918628298e+04 
8.64288733473842e+01 9.99975795944929e+04 
8.65868739800674e+01 9.99975610622182e+04 
8.67448745080638e+01 9.99975436453483e+04 
8.69028751837753e+01 9.99976363484382e+04 
8.70608758960404e+01 9.99977265142294e+04 
8.72188765860811e+01 9.99977789348515e+04 
8.73768773582707e+01 9.99978067217129e+04 
8.75348780012508e+01 9.99979212328833e+04 
8.76928786004829e+01 9.99980390167694e+04 
8.78508792441084e+01 9.99981867680586e+04 
8.80088800434000e+01 9.99983550885132e+04 
8.81668806916759e+01 9.99985659156917e+04 
8.83248814855233e+01 9.99987048578338e+04 
8.84828821285871e+01 9.99988802556112e+04 
8.86408826913246e+01 9.99990772838016e+04 
8.87988833442697e+01 9.99992228039060e+04 
8.89568840341034e+01 9.99994229023392e+04 
8.91148847006716e+01 9.99996632667392e+04 
8.92728853750260e+01 9.99998482583341e+04 
8.94308859501744e+01 1.00000021604394e+05 
8.95888863918260e+01 1.00000217583008e+05 
8.97468869365088e+01 1.00000298274199e+05 
8.99048875615784e+01 1.00000437366687e+05 
9.00628880436466e+01 1.00000656857107e+05 
9.02208886930447e+01 1.00000824212245e+05 
9.03788890986989e+01 1.00000934078304e+05 
9.05368894584843e+01 1.00001063762611e+05 
9.06948898189981e+01 1.00001066225975e+05 
9.08528902524989e+01 1.00001113326629e+05 
9.10108905775425e+01 1.00001233579992e+05 
9.11688909467955e+01 1.00001333396353e+05 
9.13268912145514e+01 1.00001346177401e+05 
9.14848913158008e+01 1.00001372487132e+05 
9.16428915822170e+01 1.00001302124866e+05 
9.18008918169298e+01 1.00001259275590e+05 
9.19588919708743e+01 1.00001257795113e+05 
9.21168922103786e+01 1.00001262532528e+05 
9.22748922710947e+01 1.00001200707246e+05 
9.24328922715071e+01 1.00001125357569e+05 
9.25908922911711e+01 1.00001012231105e+05 
9.27488924135160e+01 1.00000887689139e+05 
9.29068924081221e+01 1.00000751315185e+05 
9.30648924455409e+01 1.00000665956235e+05 
9.32228924177697e+01 1.00000538709484e+05 
9.33808923174738e+01 1.00000384422082e+05 
9.35388923127242e+01 1.00000256860958e+05 
9.36968923560327e+01 1.00000071877393e+05 
9.38548923989902e+01 9.99998475827739e+04 
9.40128924384549e+01 9.99996766647589e+04 
9.41708924405656e+01 9.99995163759031e+04 
9.43288923108054e+01 9.99993287523123e+04 
9.44868920599109e+01 9.99992246446620e+04 
9.46448916529606e+01 9.99990461347028e+04 
9.48028916076712e+01 9.99987889915552e+04 
9.49608914944496e+01 9.99985954760155e+04 
9.51188913057259e+01 9.99984642200582e+04 
9.52768912337209e+01 9.99983128103256e+04 
9.54348911411694e+01 9.99982733067722e+04 
9.55928911756063e+01 9.99981597890607e+04 
9.57508910635802e+01 9.99979619875853e+04 
9.59088910424678e+01 9.99978136590113e+04 
9.60668908867435e+01 9.99977644076705e+04 
9.62248906047757e+01 9.99977158376927e+04 
9.63828904827730e+01 9.99977651739794e+04 
9.65408903462501e+01 9.99977693920864e+04 
9.66988901623332e+01 9.99977146362186e+04 
9.68568900168082e+01 9.99976779426518e+04 
9.70148897240250e+01 9.99977298518953e+04 
9.71728892944551e+01 9.99978030731728e+04 
9.73308889047403e+01 9.99979294209407e+04 
9.74888886147520e+01 9.99980502914902e+04 
9.76468881266289e+01 9.99981597403491e+04 
9.78048877845412e+01 9.99982245069965e+04 
9.79628871957190e+01 9.99983535032396e+04 
9.81208865399089e+01 9.99985261020813e+04 
9.82788858937054e+01 9.99986666649821e+04 
9.84368853019583e+01 9.99988435251468e+04 
9.85948846206375e+01 9.99990402090823e+04 
9.87528839618249e+01 9.99991794176409e+04 
9.89108832001843e+01 9.99993269476085e+04 
9.90688822583182e+01 9.99995174435106e+04 
9.92268814607112e+01 9.99996164810073e+04 
9.93848806720824e+01 9.99997773144704e+04 
9.95428797821141e+01 9.99999971989764e+04 
9.97008790097915e+01 1.00000146248412e+05 
9.98588780603129e+01 1.00000257264426e+05 
1.00016877088879e+02 1.00000405782236e+05 
