# Liste des scalaires : TEMPS pmat 
0.00000000000000e+00 1.00000000000000e+05 
1.58013544018059e-01 1.00000000000000e+05 
3.16027088036117e-01 1.00000000000000e+05 
4.74040632054176e-01 1.00000000000000e+05 
6.32054176072234e-01 1.00000000000000e+05 
7.90067720090293e-01 1.00000000000000e+05 
9.48081264108351e-01 1.00000000000000e+05 
1.10609480812641e+00 1.00000000000000e+05 
1.26410835214447e+00 1.00000000000000e+05 
1.42212189616253e+00 1.00000000000000e+05 
1.58013544018058e+00 1.00000000000000e+05 
1.73814898419864e+00 1.00000000000000e+05 
1.89616252821670e+00 1.00000000000000e+05 
2.05417607223476e+00 1.00000000000000e+05 
2.21218961625282e+00 1.00000000000000e+05 
2.37020316027087e+00 1.00000000000000e+05 
2.52821670428893e+00 1.00000000000000e+05 
2.68623024830699e+00 1.00000000000000e+05 
2.84424379232505e+00 1.00000000000000e+05 
3.00225733634311e+00 1.00000000000000e+05 
3.16027088036116e+00 1.00000000000000e+05 
3.31828442437922e+00 1.00000000000000e+05 
3.47629796839728e+00 1.00000000000000e+05 
3.63431151241534e+00 1.00000000000000e+05 
3.79232505643340e+00 1.00000000000000e+05 
3.95033860045145e+00 1.00000000000000e+05 
4.10835214446951e+00 1.00000000000000e+05 
4.26636568848757e+00 1.00000000000000e+05 
4.42437923250563e+00 1.00000000000000e+05 
4.58239277652368e+00 1.00000000000000e+05 
4.74040632054174e+00 1.00000000000000e+05 
4.89841986455980e+00 1.00000000000000e+05 
5.05643340857786e+00 1.00000000000000e+05 
5.21444695259591e+00 1.00000000000000e+05 
5.37246049661397e+00 1.00000000000000e+05 
5.53047404063203e+00 1.00000000000000e+05 
5.68848758465009e+00 1.00000000000000e+05 
5.84650112866814e+00 1.00000000000000e+05 
6.00451467268620e+00 1.00000000000000e+05 
6.16252821670426e+00 1.00000000000000e+05 
6.32054176072231e+00 1.00000000000000e+05 
6.47855530474037e+00 1.00000000000000e+05 
6.63656884875843e+00 1.00000000000000e+05 
6.79458239277648e+00 1.00000000000000e+05 
6.95259593679454e+00 1.00000000000000e+05 
7.11060948081260e+00 1.00000000000000e+05 
7.26862302483065e+00 1.00000000000000e+05 
7.42663656884871e+00 1.00000000000000e+05 
7.58465011286677e+00 1.00000000000000e+05 
7.74266365688483e+00 1.00000000000000e+05 
7.90067720090288e+00 1.00000000000000e+05 
8.05869074492094e+00 1.00000000000000e+05 
8.21670428893899e+00 1.00000000000000e+05 
8.37471783295705e+00 1.00000000000000e+05 
8.53273137697511e+00 1.00000000000000e+05 
8.69074492099316e+00 1.00000000000000e+05 
8.84875846501122e+00 1.00000000000000e+05 
9.00677200902927e+00 1.00000000000000e+05 
9.16478555304733e+00 1.00000000000000e+05 
9.32279909706538e+00 1.00000000000000e+05 
9.48081264108344e+00 1.00000000000000e+05 
9.63882618510150e+00 1.00000000000000e+05 
9.79683972911955e+00 1.00000000000000e+05 
9.95485327313761e+00 1.00000000000000e+05 
1.01128668171557e+01 1.00000000000000e+05 
1.02708803611737e+01 1.00000000000000e+05 
1.04288939051918e+01 1.00000000000000e+05 
1.05869074492098e+01 1.00000000000000e+05 
1.07449209932279e+01 1.00000000000000e+05 
1.09029345372459e+01 1.00000000000000e+05 
1.10609480812640e+01 1.00000000000000e+05 
1.12189616252821e+01 1.00000000000000e+05 
1.13769751693001e+01 1.00000000000000e+05 
1.15349887133182e+01 1.00000000000000e+05 
1.16930022573362e+01 1.00000000000000e+05 
1.18510158013543e+01 1.00000000000000e+05 
1.20090293453723e+01 1.00000000000000e+05 
1.21670428893904e+01 1.00000000000000e+05 
1.23250564334084e+01 1.00000000000000e+05 
1.24830699774265e+01 1.00000000000000e+05 
1.26410835214446e+01 1.00000000000000e+05 
1.27990970654626e+01 1.00000000000000e+05 
1.29571106094807e+01 1.00000000000000e+05 
1.31151241534987e+01 1.00000000000000e+05 
1.32731376975168e+01 1.00000000000000e+05 
1.34311512415348e+01 1.00000000000000e+05 
1.35891647855529e+01 1.00000000000000e+05 
1.37471783295709e+01 1.00000000000000e+05 
1.39051918735890e+01 1.00000000000000e+05 
1.40632054176071e+01 1.00000000000000e+05 
1.42212189616251e+01 1.00000000000000e+05 
1.43792325056432e+01 1.00000000000000e+05 
1.45372460496612e+01 1.00000000000000e+05 
1.46952595936793e+01 1.00000000000000e+05 
1.48532731376973e+01 1.00000000000000e+05 
1.50112866817154e+01 1.00000000000000e+05 
1.51693002257334e+01 1.00000000000000e+05 
1.53273137697515e+01 1.00000000000000e+05 
1.54853273137695e+01 1.00000000000000e+05 
1.56433408577876e+01 1.00000000000000e+05 
1.58013544018057e+01 1.00000000000000e+05 
1.59593679458237e+01 1.00000000000000e+05 
1.61173814898418e+01 1.00000000000000e+05 
1.62753950338598e+01 1.00000000000000e+05 
1.64334085778779e+01 1.00000000000000e+05 
1.65914221218959e+01 1.00000000000000e+05 
1.67494356659140e+01 1.00000000000000e+05 
1.69074492099320e+01 1.00000000000000e+05 
1.70654627539501e+01 1.00000000000000e+05 
1.72234762979681e+01 1.00000000000000e+05 
1.73814898419862e+01 1.00000000000000e+05 
1.75395033860043e+01 1.00000000000000e+05 
1.76975169300223e+01 1.00000000000000e+05 
1.78555304740404e+01 1.00000000000000e+05 
1.80135440180584e+01 1.00000000000000e+05 
1.81715575620765e+01 1.00000000000000e+05 
1.83295711060945e+01 1.00000000000000e+05 
1.84875846501126e+01 1.00000000000000e+05 
1.86455981941306e+01 1.00000000000000e+05 
1.88036117381487e+01 1.00000000000000e+05 
1.89616252821667e+01 1.00000000000000e+05 
1.91196388261848e+01 1.00000000000000e+05 
1.92776523702028e+01 1.00000000000000e+05 
1.94356659142209e+01 1.00000000000000e+05 
1.95936794582390e+01 1.00000000000000e+05 
1.97516930022570e+01 1.00000000000000e+05 
1.99097065462751e+01 1.00000000000000e+05 
2.00677200902931e+01 1.00000000000000e+05 
2.02257336343112e+01 1.00000000000000e+05 
2.03837471783292e+01 1.00000000000000e+05 
2.05417607223473e+01 1.00000000000000e+05 
2.06997742663653e+01 1.00000000000000e+05 
2.08577878103834e+01 1.00000000000000e+05 
2.10158013544014e+01 1.00000000000000e+05 
2.11738148984195e+01 1.00000000000000e+05 
2.13318284424376e+01 1.00000000000000e+05 
2.14898419864556e+01 1.00000000000000e+05 
2.16478555304737e+01 1.00000000000000e+05 
2.18058690744917e+01 1.00000000000000e+05 
2.19638826185098e+01 1.00000000000000e+05 
2.21218961625278e+01 1.00000000000000e+05 
2.22799097065459e+01 1.00000000000000e+05 
2.24379232505639e+01 1.00000000000000e+05 
2.25959367945820e+01 1.00000000000000e+05 
2.27539503386000e+01 1.00000000000000e+05 
2.29119638826181e+01 1.00000000000000e+05 
2.30699774266361e+01 1.00000000000000e+05 
2.32279909706542e+01 1.00000000000000e+05 
2.33860045146723e+01 1.00000000000000e+05 
2.35440180586903e+01 1.00000000000000e+05 
2.37020316027084e+01 1.00000000000000e+05 
2.38600451467264e+01 1.00000000000000e+05 
2.40180586907445e+01 1.00000000000000e+05 
2.41760722347625e+01 1.00000000000000e+05 
2.43340857787806e+01 1.00000000000000e+05 
2.44920993227986e+01 1.00000000000000e+05 
2.46501128668167e+01 1.00000000000000e+05 
2.48081264108347e+01 1.00000000000000e+05 
2.49661399548528e+01 1.00000000000000e+05 
2.51241534988708e+01 1.00000000000000e+05 
2.52821670428889e+01 1.00000000000000e+05 
2.54401805869069e+01 1.00000000000000e+05 
2.55981941309250e+01 1.00000000000000e+05 
2.57562076749430e+01 1.00000000000000e+05 
2.59142212189611e+01 1.00000000000000e+05 
2.60722347629791e+01 1.00000000000000e+05 
2.62302483069972e+01 1.00000000000000e+05 
2.63882618510153e+01 1.00000000000000e+05 
2.65462753950333e+01 1.00000000000000e+05 
2.67042889390514e+01 1.00000000000000e+05 
2.68623024830694e+01 1.00000000000000e+05 
2.70203160270875e+01 1.00000000000000e+05 
2.71783295711055e+01 1.00000000000000e+05 
2.73363431151236e+01 1.00000000000000e+05 
2.74943566591416e+01 1.00000000000000e+05 
2.76523702031597e+01 1.00000000000000e+05 
2.78103837471777e+01 1.00000000000000e+05 
2.79683972911958e+01 1.00000000000000e+05 
2.81264108352138e+01 1.00000000000000e+05 
2.82844243792319e+01 1.00000000000000e+05 
2.84424379232499e+01 1.00000000000000e+05 
2.86004514672680e+01 1.00000000000000e+05 
2.87584650112860e+01 1.00000000000000e+05 
2.89164785553041e+01 1.00000000000000e+05 
2.90744920993221e+01 1.00000000000000e+05 
2.92325056433402e+01 1.00000000000000e+05 
2.93905191873582e+01 1.00000000000000e+05 
2.95485327313763e+01 1.00000000000000e+05 
2.97065462753943e+01 1.00000000000000e+05 
2.98645598194124e+01 1.00000000000000e+05 
3.00225733634304e+01 1.00000000000000e+05 
3.01805869074485e+01 1.00000000000000e+05 
3.03386004514665e+01 1.00000000000000e+05 
3.04966139954843e+01 1.00000000000000e+05 
3.06546275395003e+01 1.00000000000000e+05 
3.08126410834971e+01 1.00000000000000e+05 
3.09706546272957e+01 1.00000000000000e+05 
3.11286681708936e+01 1.00000000000000e+05 
3.12866817143274e+01 1.00000000000000e+05 
3.14446952574723e+01 1.00000000000000e+05 
3.16027088001674e+01 1.00000000000000e+05 
3.17607223421364e+01 1.00000000000000e+05 
3.19187358832495e+01 1.00000000000000e+05 
3.20767494226194e+01 1.00000000000000e+05 
3.22347629599941e+01 1.00000000000000e+05 
3.23927764943706e+01 1.00000000000000e+05 
3.25507900239423e+01 1.00000000000000e+05 
3.27088035457829e+01 1.00000000000000e+05 
3.28668170595274e+01 1.00000000000000e+05 
3.30248305599181e+01 1.00000000000000e+05 
3.31828440425992e+01 1.00000000000000e+05 
3.33408575031136e+01 1.00000000000000e+05 
3.34988709293862e+01 1.00000000000000e+05 
3.36568843063214e+01 1.00000000000000e+05 
3.38148976325709e+01 1.00000000000000e+05 
3.39729108878444e+01 1.00000000000000e+05 
3.41309240403887e+01 1.00000000000000e+05 
3.42889370834585e+01 1.00000000000000e+05 
3.44469499667095e+01 1.00000000000000e+05 
3.46049626416154e+01 1.00000000000000e+05 
3.47629751094123e+01 1.00000000000000e+05 
3.49209873220811e+01 1.00000000000000e+05 
3.50789991793260e+01 1.00000000000000e+05 
3.52370106929348e+01 1.00000000000000e+05 
3.53950217552060e+01 1.00000000000000e+05 
3.55530322801683e+01 1.00000000000000e+05 
3.57110422484800e+01 1.00000000000000e+05 
3.58690516557028e+01 1.00000000000000e+05 
3.60270604042267e+01 1.00000000000000e+05 
3.61850684108629e+01 1.00000000000000e+05 
3.63430757025597e+01 1.00000000000000e+05 
3.65010821998343e+01 1.00000000000000e+05 
3.66590879149553e+01 1.00000000000000e+05 
3.68170929429180e+01 1.00000000000000e+05 
3.69750972659910e+01 1.00000000000000e+05 
3.71331008599683e+01 1.00000000000000e+05 
3.72911038794230e+01 1.00000000000000e+05 
3.74491063311914e+01 1.00000000000000e+05 
3.76071083058444e+01 1.00000000000000e+05 
3.77651096857588e+01 1.00000000000000e+05 
3.79231104073047e+01 1.00000000000000e+05 
3.80811109502943e+01 1.00000000000000e+05 
3.82391112062999e+01 1.00000000000000e+05 
3.83971111660317e+01 1.00000000000000e+05 
3.85551109656345e+01 1.00000000000000e+05 
3.87131105571401e+01 1.00000000000000e+05 
3.88711098652798e+01 1.00000000000000e+05 
3.90291090063081e+01 1.00000000000000e+05 
3.91871079803516e+01 1.00000000000000e+05 
3.93451069164122e+01 1.00000000000000e+05 
3.95031056072435e+01 1.00000000000000e+05 
3.96611044176520e+01 1.00000000000000e+05 
3.98191030871787e+01 1.00000000000000e+05 
3.99771018088401e+01 1.00000000000000e+05 
4.01351007074698e+01 1.00000000000000e+05 
4.02930997022155e+01 1.00000000000000e+05 
4.04510986021552e+01 1.00000000000000e+05 
4.06090971618161e+01 1.00000000000000e+05 
4.07670958737284e+01 1.00000000000000e+05 
4.09250951708767e+01 1.00000000000000e+05 
4.10830945501286e+01 1.00000000000000e+05 
4.12410939472816e+01 1.00000000000000e+05 
4.13990933807653e+01 1.00000000000000e+05 
4.15570928592266e+01 1.00000000000000e+05 
4.17150923413803e+01 1.00000000000000e+05 
4.18730918618998e+01 1.00000000000000e+05 
4.20310913871491e+01 1.00000000000000e+05 
4.21890909437351e+01 1.00000000000000e+05 
4.23470905543198e+01 1.00000000000000e+05 
4.25050902256413e+01 1.00000000000000e+05 
4.26630899184684e+01 1.00000000000000e+05 
4.28210896745392e+01 1.00000000000000e+05 
4.29790892602239e+01 1.00000000000000e+05 
4.31370888188632e+01 1.00000000000000e+05 
4.32950884109090e+01 1.00000000000000e+05 
4.34530877023690e+01 1.00000000000000e+05 
4.36110866376294e+01 1.00000000000000e+05 
4.37690854724754e+01 1.00000000000000e+05 
4.39270845035842e+01 1.00000000000000e+05 
4.40850833364672e+01 1.00000000000000e+05 
4.42430820276957e+01 1.00000000000000e+05 
4.44010804989590e+01 1.00000000000000e+05 
4.45590788134630e+01 1.00000000000000e+05 
4.47170770655565e+01 1.00000000000000e+05 
4.48750752148097e+01 1.00000000000000e+05 
4.50330732938293e+01 1.00000000000000e+05 
4.51910713795358e+01 1.00000000000005e+05 
4.53490693983586e+01 1.00000000000024e+05 
4.55070674106562e+01 1.00000000000055e+05 
4.56650653676240e+01 1.00000000002488e+05 
4.58230631625694e+01 1.00000000205534e+05 
4.59810608096228e+01 1.00000000592624e+05 
4.61390583312556e+01 1.00000000870456e+05 
4.62970557728472e+01 1.00000001200835e+05 
4.64550531385988e+01 1.00000001669517e+05 
4.66130504658573e+01 1.00000002425721e+05 
4.67710476910669e+01 1.00000003462037e+05 
4.69290448370875e+01 1.00000004934793e+05 
4.70870418817074e+01 1.00000007129282e+05 
4.72450388394929e+01 1.00000010083163e+05 
4.74030357844738e+01 1.00000013985220e+05 
4.75610327369803e+01 1.00000019306138e+05 
4.77190296641417e+01 1.00000027175984e+05 
4.78770265567167e+01 1.00000037708842e+05 
4.80350232907807e+01 1.00000051673701e+05 
4.81930199724646e+01 1.00000068707190e+05 
4.83510166821919e+01 1.00000089738198e+05 
4.85090134340476e+01 1.00000116715022e+05 
4.86670101864053e+01 1.00000154968217e+05 
4.88250069367958e+01 1.00000203458288e+05 
4.89830037017608e+01 1.00000262437257e+05 
4.91410003791622e+01 1.00000328475248e+05 
4.92989969712441e+01 1.00000403699488e+05 
4.94569936135427e+01 1.00000494179304e+05 
4.96149902571749e+01 1.00000614916710e+05 
4.97729869349215e+01 1.00000758160332e+05 
4.99309836461128e+01 1.00000914871874e+05 
5.00889804092298e+01 1.00001071762987e+05 
5.02469772586986e+01 1.00001231961929e+05 
5.04049742099479e+01 1.00001412901430e+05 
5.05629710368897e+01 1.00001640906083e+05 
5.07209677221875e+01 1.00001891289335e+05 
5.08789643925024e+01 1.00002128512177e+05 
5.10369611214738e+01 1.00002327281319e+05 
5.11949579837573e+01 1.00002498693638e+05 
5.13529549196390e+01 1.00002686629027e+05 
5.15109519220113e+01 1.00002919323709e+05 
5.16689490194469e+01 1.00003154509614e+05 
5.18269461871349e+01 1.00003330475416e+05 
5.19849434232851e+01 1.00003421276791e+05 
5.21429407955823e+01 1.00003459119557e+05 
5.23009380095267e+01 1.00003531376370e+05 
5.24589351151370e+01 1.00003643377500e+05 
5.26169322605497e+01 1.00003743312885e+05 
5.27749294397864e+01 1.00003776836584e+05 
5.29329267403186e+01 1.00003701658278e+05 
5.30909241439174e+01 1.00003585687554e+05 
5.32489216473604e+01 1.00003535556153e+05 
5.34069192807000e+01 1.00003534195287e+05 
5.35649170063727e+01 1.00003512646910e+05 
5.37229148023365e+01 1.00003436948184e+05 
5.38809127246988e+01 1.00003265140403e+05 
5.40389107877367e+01 1.00003071944593e+05 
5.41969089517492e+01 1.00002965238264e+05 
5.43549072484630e+01 1.00002897560277e+05 
5.45129054270051e+01 1.00002817900432e+05 
5.46709034516164e+01 1.00002697494847e+05 
5.48289014795824e+01 1.00002499249467e+05 
5.49868996507851e+01 1.00002283067732e+05 
5.51448978880694e+01 1.00002153246272e+05 
5.53028962526066e+01 1.00002049074444e+05 
5.54608947556885e+01 1.00001930981791e+05 
5.56188933188464e+01 1.00001781450596e+05 
5.57768920070724e+01 1.00001564295529e+05 
5.59348908650161e+01 1.00001328853365e+05 
5.60928898167026e+01 1.00001153262880e+05 
5.62508889037190e+01 1.00000980727994e+05 
5.64088881394332e+01 1.00000791201356e+05 
5.65668874484921e+01 1.00000572933742e+05 
5.67248868836807e+01 1.00000320437171e+05 
5.68828864893542e+01 1.00000061321429e+05 
5.70408861960338e+01 9.99998439014950e+04 
5.71988860391269e+01 9.99996069163991e+04 
5.73568857825965e+01 9.99993522732209e+04 
5.75148854374958e+01 9.99991040087913e+04 
5.76728851158728e+01 9.99988632173090e+04 
5.78308849012099e+01 9.99986532044147e+04 
5.79888847480601e+01 9.99984705392765e+04 
5.81468847532464e+01 9.99982531606107e+04 
5.83048848708051e+01 9.99980240059663e+04 
5.84628851001882e+01 9.99978341349418e+04 
5.86208854661624e+01 9.99977019499478e+04 
5.87788859510897e+01 9.99976263002514e+04 
5.89368865555350e+01 9.99975543424445e+04 
5.90948872830377e+01 9.99974445915562e+04 
5.92528880864323e+01 9.99973334055254e+04 
5.94108889302507e+01 9.99972823052893e+04 
5.95688898327881e+01 9.99973179315820e+04 
5.97268908041111e+01 9.99974220296897e+04 
5.98848918003332e+01 9.99975063892823e+04 
6.00428928680254e+01 9.99975618886588e+04 
6.02008940796456e+01 9.99976238984889e+04 
6.03588954725139e+01 9.99977461219749e+04 
6.05168971072922e+01 9.99979652648997e+04 
6.06748990531746e+01 9.99982346429338e+04 
6.08329010433522e+01 9.99984668693622e+04 
6.09909029438758e+01 9.99986934011961e+04 
6.11489044805151e+01 9.99989305512118e+04 
6.13069057727749e+01 9.99992038684737e+04 
6.14649070351632e+01 9.99995450272297e+04 
6.16229081384915e+01 9.99999034347575e+04 
6.17809092441211e+01 1.00000216269406e+05 
6.19389101339700e+01 1.00000536654749e+05 
6.20969109801752e+01 1.00000848218990e+05 
6.22549119387378e+01 1.00001150950901e+05 
6.24129129488496e+01 1.00001457068062e+05 
6.25709138861800e+01 1.00001735052233e+05 
6.27289151983368e+01 1.00001977746676e+05 
6.28869165870729e+01 1.00002234500148e+05 
6.30449181597254e+01 1.00002465223806e+05 
6.32029200758520e+01 1.00002640101828e+05 
6.33609221827735e+01 1.00002766487240e+05 
6.35189242560073e+01 1.00002845190888e+05 
6.36769260693996e+01 1.00002921809664e+05 
6.38349281051127e+01 1.00003023580960e+05 
6.39929298098694e+01 1.00003097514636e+05 
6.41509316615666e+01 1.00003104889302e+05 
6.43089337942408e+01 1.00003039463603e+05 
6.44669357869463e+01 1.00002929272886e+05 
6.46249374433373e+01 1.00002847657270e+05 
6.47829389136374e+01 1.00002794258611e+05 
6.49409399663625e+01 1.00002719662232e+05 
6.50989409632269e+01 1.00002580524793e+05 
6.52569421377169e+01 1.00002365954801e+05 
6.54149430085585e+01 1.00002120327590e+05 
6.55729437641150e+01 1.00001921326757e+05 
6.57309443638751e+01 1.00001743261505e+05 
6.58889448714392e+01 1.00001545673759e+05 
6.60469454271883e+01 1.00001306383297e+05 
6.62049458871531e+01 1.00001006666247e+05 
6.63629460911794e+01 1.00000684740008e+05 
6.65209461944869e+01 1.00000404204882e+05 
6.66789460139657e+01 1.00000117249095e+05 
6.68369454321013e+01 9.99998163782352e+04 
6.69949447414460e+01 9.99995057000816e+04 
6.71529441536746e+01 9.99991675645654e+04 
6.73109433241402e+01 9.99988331806153e+04 
6.74689424701647e+01 9.99985192988401e+04 
6.76269417991850e+01 9.99981766571050e+04 
6.77849410142811e+01 9.99978398137486e+04 
6.79429404441664e+01 9.99975403282568e+04 
6.81009399323400e+01 9.99972766924338e+04 
6.82589394467423e+01 9.99970578817050e+04 
6.84169390831585e+01 9.99968458519395e+04 
6.85749387125848e+01 9.99965977694590e+04 
6.87329381770452e+01 9.99963798830835e+04 
6.88909376719355e+01 9.99962478051418e+04 
6.90489371579850e+01 9.99962102930892e+04 
6.92069365995741e+01 9.99962514512777e+04 
6.93649360510441e+01 9.99962624810275e+04 
6.95229353740816e+01 9.99962370258097e+04 
6.96809345840638e+01 9.99962511473722e+04 
6.98389340499524e+01 9.99963554558008e+04 
6.99969337688401e+01 9.99965754217878e+04 
7.01549335087798e+01 9.99968628349132e+04 
7.03129334087804e+01 9.99970966397083e+04 
7.04709333808406e+01 9.99972968829795e+04 
7.06289333787524e+01 9.99975208433667e+04 
7.07869336204822e+01 9.99978059277515e+04 
7.09449340672215e+01 9.99981832884529e+04 
7.11029345997939e+01 9.99985946898939e+04 
7.12609350713582e+01 9.99989352093976e+04 
7.14189347160093e+01 9.99992557947773e+04 
7.15769336370085e+01 9.99995800846167e+04 
7.17349322495437e+01 9.99999060713904e+04 
7.18929307461385e+01 1.00000277686809e+05 
7.20509289766604e+01 1.00000645418113e+05 
7.22089272661357e+01 1.00000965387772e+05 
7.23669254718874e+01 1.00001289540876e+05 
7.25249235776293e+01 1.00001597784712e+05 
7.26829219494500e+01 1.00001868434724e+05 
7.28409203727508e+01 1.00002120420761e+05 
7.29989186538633e+01 1.00002342913429e+05 
7.31569171184710e+01 1.00002553304383e+05 
7.33149154807419e+01 1.00002795248663e+05 
7.34729138742871e+01 1.00003004903538e+05 
7.36309123482416e+01 1.00003135760490e+05 
7.37889111043111e+01 1.00003197776130e+05 
7.39469098644377e+01 1.00003205387391e+05 
7.41049087471577e+01 1.00003230023812e+05 
7.42629075233993e+01 1.00003294896553e+05 
7.44209062786759e+01 1.00003319563510e+05 
7.45789051660299e+01 1.00003249717998e+05 
7.47369040521852e+01 1.00003077624571e+05 
7.48949026971529e+01 1.00002841934774e+05 
7.50529013271319e+01 1.00002645856203e+05 
7.52109000002093e+01 1.00002478602973e+05 
7.53688985762336e+01 1.00002275480885e+05 
7.55268972581844e+01 1.00001991898856e+05 
7.56848960103278e+01 1.00001613362779e+05 
7.58428947255754e+01 1.00001190184984e+05 
7.60008936594136e+01 1.00000820046881e+05 
7.61588924322546e+01 1.00000456901300e+05 
7.63168911638559e+01 1.00000071753401e+05 
7.64748900450755e+01 9.99996625362465e+04 
7.66328890548658e+01 9.99992071341687e+04 
7.67908878834910e+01 9.99987553392785e+04 
7.69488867890563e+01 9.99983414167840e+04 
7.71068856575359e+01 9.99979120648311e+04 
7.72648846605642e+01 9.99974915948261e+04 
7.74228838477881e+01 9.99971161158289e+04 
7.75808832323467e+01 9.99967762250877e+04 
7.77388824246277e+01 9.99964838078087e+04 
7.78968816322887e+01 9.99962029025143e+04 
7.80548807011359e+01 9.99958795045189e+04 
7.82128796943324e+01 9.99955931517602e+04 
7.83708787081097e+01 9.99954179601613e+04 
7.85288777862713e+01 9.99953532318197e+04 
7.86868768060587e+01 9.99953659410118e+04 
7.88448759839678e+01 9.99953439273718e+04 
7.90028750293676e+01 9.99952647121866e+04 
7.91608740579794e+01 9.99952336005353e+04 
7.93188731240776e+01 9.99953296892762e+04 
7.94768722866737e+01 9.99955730293871e+04 
7.96348714744995e+01 9.99958913451315e+04 
7.97928707841639e+01 9.99961302949562e+04 
7.99508700431175e+01 9.99963093951522e+04 
8.01088692532010e+01 9.99965180915390e+04 
8.02668685571017e+01 9.99968201149181e+04 
8.04248679221742e+01 9.99972545205188e+04 
8.05828672895297e+01 9.99977320636469e+04 
8.07408668401889e+01 9.99981065342660e+04 
8.08988663183940e+01 9.99984341195988e+04 
8.10568658136689e+01 9.99987703959850e+04 
8.12148653641856e+01 9.99991354530894e+04 
8.13728650602450e+01 9.99995839876870e+04 
8.15308647094415e+01 1.00000036793503e+05 
8.16888645412167e+01 1.00000404976069e+05 
8.18468642992061e+01 1.00000760273991e+05 
8.20048640365115e+01 1.00001103835790e+05 
8.21628638878385e+01 1.00001428340832e+05 
8.23208638447879e+01 1.00001752932798e+05 
8.24788638290085e+01 1.00002057396345e+05 
8.26368639316287e+01 1.00002321189839e+05 
8.27948639928999e+01 1.00002604370720e+05 
8.29528640097892e+01 1.00002855825226e+05 
8.31108641257694e+01 1.00003036847840e+05 
8.32688643339817e+01 1.00003164313550e+05 
8.34268645003396e+01 1.00003246921052e+05 
8.35848648702901e+01 1.00003336133637e+05 
8.37428651207969e+01 1.00003467560836e+05 
8.39008653577218e+01 1.00003562980376e+05 
8.40588656514321e+01 1.00003551338178e+05 
8.42168660797810e+01 1.00003442859314e+05 
8.43748664504764e+01 1.00003281510766e+05 
8.45328669632765e+01 1.00003162779269e+05 
8.46908673910183e+01 1.00003089320318e+05 
8.48488677558302e+01 1.00002982720211e+05 
8.50068682338221e+01 1.00002785622676e+05 
8.51648687934220e+01 1.00002465412878e+05 
8.53228693020651e+01 1.00002103059874e+05 
8.54808699523303e+01 1.00001798807727e+05 
8.56388704750119e+01 1.00001533208512e+05 
8.57968709951201e+01 1.00001247283775e+05 
8.59548715414848e+01 1.00000911789415e+05 
8.61128721364377e+01 1.00000487609747e+05 
8.62708727179347e+01 1.00000035854336e+05 
8.64288733473842e+01 9.99996491611816e+04 
8.65868739800674e+01 9.99992605817527e+04 
8.67448745080638e+01 9.99988774638827e+04 
8.69028751837753e+01 9.99984958277485e+04 
8.70608758960404e+01 9.99981035084264e+04 
8.72188765860811e+01 9.99977223692623e+04 
8.73768773582707e+01 9.99973754653648e+04 
8.75348780012508e+01 9.99970004870760e+04 
8.76928786004829e+01 9.99966511761055e+04 
8.78508792441084e+01 9.99963726454413e+04 
8.80088800434000e+01 9.99961548614044e+04 
8.81668806916759e+01 9.99959897108438e+04 
8.83248814855233e+01 9.99958225428862e+04 
8.84828821285871e+01 9.99956070702039e+04 
8.86408826913246e+01 9.99954311883446e+04 
8.87988833442697e+01 9.99953738307120e+04 
8.89568840341034e+01 9.99954367668669e+04 
8.91148847006716e+01 9.99955598464247e+04 
8.92728853750260e+01 9.99956340787680e+04 
8.94308859501744e+01 9.99956521607627e+04 
8.95888863918260e+01 9.99957121525967e+04 
8.97468869365088e+01 9.99958840074384e+04 
8.99048875615784e+01 9.99962040969204e+04 
9.00628880436466e+01 9.99965652642306e+04 
9.02208886930447e+01 9.99968417273650e+04 
9.03788890986989e+01 9.99970620421233e+04 
9.05368894584843e+01 9.99973081227108e+04 
9.06948898189981e+01 9.99976322589740e+04 
9.08528902524989e+01 9.99980717763195e+04 
9.10108905775425e+01 9.99985201136279e+04 
9.11688909467955e+01 9.99988688173472e+04 
9.13268912145514e+01 9.99991942849320e+04 
9.14848913158008e+01 9.99995185867224e+04 
9.16428915822170e+01 9.99998648475605e+04 
9.18008918169298e+01 1.00000255915563e+05 
9.19588919708743e+01 1.00000634474723e+05 
9.21168922103786e+01 1.00000944457048e+05 
9.22748922710947e+01 1.00001254266645e+05 
9.24328922715071e+01 1.00001544691934e+05 
9.25908922911711e+01 1.00001804681194e+05 
9.27488924135160e+01 1.00002051824750e+05 
9.29068924081221e+01 1.00002259363860e+05 
9.30648924455409e+01 1.00002437277398e+05 
9.32228924177697e+01 1.00002651008731e+05 
9.33808923174738e+01 1.00002835461750e+05 
9.35388923127242e+01 1.00002942628920e+05 
9.36968923560327e+01 1.00002983250178e+05 
9.38548923989902e+01 1.00002971115382e+05 
9.40128924384549e+01 1.00002978223718e+05 
9.41708924405656e+01 1.00003034234078e+05 
9.43288923108054e+01 1.00003058367239e+05 
9.44868920599109e+01 1.00002984666630e+05 
9.46448916529606e+01 1.00002817040726e+05 
9.48028916076712e+01 1.00002596495391e+05 
9.49608914944496e+01 1.00002421199848e+05 
9.51188913057259e+01 1.00002289723857e+05 
9.52768912337209e+01 1.00002137159924e+05 
9.54348911411694e+01 1.00001905384615e+05 
9.55928911756063e+01 1.00001567638575e+05 
9.57508910635802e+01 1.00001202568701e+05 
9.59088910424678e+01 1.00000899340148e+05 
9.60668908867435e+01 1.00000611555395e+05 
9.62248906047757e+01 1.00000316767475e+05 
9.63828904827730e+01 9.99999841437766e+04 
9.65408903462501e+01 9.99996014892840e+04 
9.66988901623332e+01 9.99992160982108e+04 
9.68568900168082e+01 9.99988767606486e+04 
9.70148897240250e+01 9.99985266969020e+04 
9.71728892944551e+01 9.99981869387294e+04 
9.73308889047403e+01 9.99978706823015e+04 
9.74888886147520e+01 9.99975646900596e+04 
9.76468881266289e+01 9.99972950921451e+04 
9.78048877845412e+01 9.99970443776926e+04 
9.79628871957190e+01 9.99967539024377e+04 
9.81208865399089e+01 9.99964969974058e+04 
9.82788858937054e+01 9.99963242430579e+04 
9.84368853019583e+01 9.99962294419573e+04 
9.85948846206375e+01 9.99961912058684e+04 
9.87528839618249e+01 9.99961330345263e+04 
9.89108832001843e+01 9.99960226274334e+04 
9.90688822583182e+01 9.99959539899988e+04 
9.92268814607112e+01 9.99959980973761e+04 
9.93848806720824e+01 9.99961489416838e+04 
9.95428797821141e+01 9.99963583884723e+04 
9.97008790097915e+01 9.99965091898880e+04 
9.98588780603129e+01 9.99966088308669e+04 
1.00016877088879e+02 9.99967427630064e+04 
