# Liste des scalaires : TEMPS pmat 
0.00000000000000e+00 1.00000000000000e+05 
1.58013544018059e-01 1.00000000000000e+05 
3.16027088036117e-01 1.00000000000000e+05 
4.74040632054176e-01 1.00000000000000e+05 
6.32054176072234e-01 1.00000000000000e+05 
7.90067720090293e-01 1.00000000000000e+05 
9.48081264108351e-01 1.00000000000000e+05 
1.10609480812641e+00 1.00000000000000e+05 
1.26410835214447e+00 1.00000000000000e+05 
1.42212189616253e+00 1.00000000000000e+05 
1.58013544018058e+00 1.00000000000000e+05 
1.73814898419864e+00 1.00000000000000e+05 
1.89616252821670e+00 1.00000000000000e+05 
2.05417607223476e+00 1.00000000000000e+05 
2.21218961625282e+00 1.00000000000000e+05 
2.37020316027087e+00 1.00000000000000e+05 
2.52821670428893e+00 1.00000000000000e+05 
2.68623024830699e+00 1.00000000000000e+05 
2.84424379232505e+00 1.00000000000000e+05 
3.00225733634311e+00 1.00000000000000e+05 
3.16027088036116e+00 1.00000000000000e+05 
3.31828442437922e+00 1.00000000000000e+05 
3.47629796839728e+00 1.00000000000000e+05 
3.63431151241534e+00 1.00000000000000e+05 
3.79232505643340e+00 1.00000000000000e+05 
3.95033860045145e+00 1.00000000000000e+05 
4.10835214446951e+00 1.00000000000000e+05 
4.26636568848757e+00 1.00000000000000e+05 
4.42437923250563e+00 1.00000000000000e+05 
4.58239277652368e+00 1.00000000000000e+05 
4.74040632054174e+00 1.00000000000000e+05 
4.89841986455980e+00 1.00000000000000e+05 
5.05643340857786e+00 1.00000000000000e+05 
5.21444695259591e+00 1.00000000000000e+05 
5.37246049661397e+00 1.00000000000000e+05 
5.53047404063203e+00 1.00000000000000e+05 
5.68848758465009e+00 1.00000000000000e+05 
5.84650112866814e+00 1.00000000000000e+05 
6.00451467268620e+00 1.00000000000000e+05 
6.16252821670426e+00 1.00000000000000e+05 
6.32054176072231e+00 1.00000000000000e+05 
6.47855530474037e+00 1.00000000000000e+05 
6.63656884875843e+00 1.00000000000000e+05 
6.79458239277648e+00 1.00000000000000e+05 
6.95259593679454e+00 1.00000000000000e+05 
7.11060948081260e+00 1.00000000000000e+05 
7.26862302483065e+00 1.00000000000000e+05 
7.42663656884871e+00 1.00000000000000e+05 
7.58465011286677e+00 1.00000000000000e+05 
7.74266365688483e+00 1.00000000000000e+05 
7.90067720090288e+00 1.00000000000000e+05 
8.05869074492094e+00 1.00000000000000e+05 
8.21670428893899e+00 1.00000000000000e+05 
8.37471783295705e+00 1.00000000000000e+05 
8.53273137697511e+00 1.00000000000000e+05 
8.69074492099316e+00 1.00000000000000e+05 
8.84875846501122e+00 1.00000000000000e+05 
9.00677200902927e+00 1.00000000000000e+05 
9.16478555304733e+00 1.00000000000000e+05 
9.32279909706538e+00 1.00000000000000e+05 
9.48081264108344e+00 1.00000000000000e+05 
9.63882618510150e+00 1.00000000000000e+05 
9.79683972911955e+00 1.00000000000000e+05 
9.95485327313761e+00 1.00000000000000e+05 
1.01128668171557e+01 1.00000000000000e+05 
1.02708803611737e+01 1.00000000000000e+05 
1.04288939051918e+01 1.00000000000000e+05 
1.05869074492098e+01 1.00000000000000e+05 
1.07449209932279e+01 1.00000000000000e+05 
1.09029345372459e+01 1.00000000000000e+05 
1.10609480812640e+01 1.00000000000000e+05 
1.12189616252821e+01 1.00000000000000e+05 
1.13769751693001e+01 1.00000000000000e+05 
1.15349887133182e+01 1.00000000000000e+05 
1.16930022573362e+01 1.00000000000000e+05 
1.18510158013543e+01 1.00000000000000e+05 
1.20090293453723e+01 1.00000000000000e+05 
1.21670428893904e+01 1.00000000000000e+05 
1.23250564334084e+01 1.00000000000000e+05 
1.24830699774265e+01 1.00000000000000e+05 
1.26410835214446e+01 1.00000000000000e+05 
1.27990970654626e+01 1.00000000000000e+05 
1.29571106094807e+01 1.00000000000000e+05 
1.31151241534987e+01 1.00000000000000e+05 
1.32731376975168e+01 1.00000000000000e+05 
1.34311512415348e+01 1.00000000000000e+05 
1.35891647855529e+01 1.00000000000000e+05 
1.37471783295709e+01 1.00000000000000e+05 
1.39051918735890e+01 1.00000000000000e+05 
1.40632054176071e+01 1.00000000000000e+05 
1.42212189616251e+01 1.00000000000000e+05 
1.43792325056432e+01 1.00000000000000e+05 
1.45372460496612e+01 1.00000000000002e+05 
1.46952595936793e+01 1.00000000000028e+05 
1.48532731376973e+01 1.00000000000203e+05 
1.50112866817154e+01 1.00000000000340e+05 
1.51693002257334e+01 1.00000000004831e+05 
1.53273137697515e+01 1.00000000155137e+05 
1.54853273137695e+01 1.00000000445310e+05 
1.56433408577876e+01 1.00000000961555e+05 
1.58013544018057e+01 1.00000001515487e+05 
1.59593679458237e+01 1.00000002653317e+05 
1.61173814898418e+01 1.00000004667629e+05 
1.62753950338598e+01 1.00000008025114e+05 
1.64334085778779e+01 1.00000014099547e+05 
1.65914221218959e+01 1.00000023436082e+05 
1.67494356659140e+01 1.00000035334193e+05 
1.69074492099320e+01 1.00000057955961e+05 
1.70654627539501e+01 1.00000091987928e+05 
1.72234762979681e+01 1.00000142206680e+05 
1.73814898419862e+01 1.00000224419378e+05 
1.75395033860043e+01 1.00000335475964e+05 
1.76975169300223e+01 1.00000463329237e+05 
1.78555304740404e+01 1.00000686000048e+05 
1.80135440180584e+01 1.00000975867897e+05 
1.81715575620765e+01 1.00001366688991e+05 
1.83295711060945e+01 1.00001937932035e+05 
1.84875846501126e+01 1.00002603895215e+05 
1.86455981941306e+01 1.00003288347929e+05 
1.88036117381487e+01 1.00004367146363e+05 
1.89616252821667e+01 1.00005572704360e+05 
1.91196388261848e+01 1.00007048972683e+05 
1.92776523702028e+01 1.00008942138140e+05 
1.94356659142209e+01 1.00010813521425e+05 
1.95936794582390e+01 1.00012473349905e+05 
1.97516930022570e+01 1.00014792873645e+05 
1.99097065462751e+01 1.00016994799933e+05 
2.00677200902931e+01 1.00019430473764e+05 
2.02257336343112e+01 1.00022141443790e+05 
2.03837471783292e+01 1.00024340749102e+05 
2.05417607223473e+01 1.00025946622184e+05 
2.06997742663653e+01 1.00028003299620e+05 
2.08577878103834e+01 1.00029654634729e+05 
2.10158013544014e+01 1.00031395637335e+05 
2.11738148984195e+01 1.00033192362596e+05 
2.13318284424376e+01 1.00034313522442e+05 
2.14898419864556e+01 1.00034873226926e+05 
2.16478555304737e+01 1.00035595660553e+05 
2.18058690744917e+01 1.00036095737641e+05 
2.19638826185098e+01 1.00036790917692e+05 
2.21218961625278e+01 1.00037426719082e+05 
2.22799097065459e+01 1.00037538936490e+05 
2.24379232505639e+01 1.00037243776970e+05 
2.25959367945820e+01 1.00036772505926e+05 
2.27539503386000e+01 1.00036445242353e+05 
2.29119638826181e+01 1.00036236893616e+05 
2.30699774266361e+01 1.00035755345951e+05 
2.32279909706542e+01 1.00034978393442e+05 
2.33860045146723e+01 1.00033926647167e+05 
2.35440180586903e+01 1.00032364712625e+05 
2.37020316027084e+01 1.00031078550996e+05 
2.38600451467264e+01 1.00029743135069e+05 
2.40180586907445e+01 1.00027949262376e+05 
2.41760722347625e+01 1.00025918297676e+05 
2.43340857787806e+01 1.00023969891077e+05 
2.44920993227986e+01 1.00021160185931e+05 
2.46501128668167e+01 1.00018724265518e+05 
2.48081264108347e+01 1.00015988750398e+05 
2.49661399548528e+01 1.00012661758937e+05 
2.51241534988708e+01 1.00009284081463e+05 
2.52821670428889e+01 1.00006465457552e+05 
2.54401805869069e+01 1.00002619460902e+05 
2.55981941309250e+01 9.99992086099525e+04 
2.57562076749430e+01 9.99954011580282e+04 
2.59142212189611e+01 9.99910647952539e+04 
2.60722347629791e+01 9.99870091897330e+04 
2.62302483069972e+01 9.99839062250236e+04 
2.63882618510153e+01 9.99799338925425e+04 
2.65462753950333e+01 9.99763888009953e+04 
2.67042889390514e+01 9.99726368875601e+04 
2.68623024830694e+01 9.99685027557868e+04 
2.70203160270875e+01 9.99649986921604e+04 
2.71783295711055e+01 9.99625165526504e+04 
2.73363431151236e+01 9.99598796680705e+04 
2.74943566591416e+01 9.99573959800864e+04 
2.76523702031597e+01 9.99549223898855e+04 
2.78103837471777e+01 9.99525082382483e+04 
2.79683972911958e+01 9.99508722780879e+04 
2.81264108352138e+01 9.99500970486862e+04 
2.82844243792319e+01 9.99494971464308e+04 
2.84424379232499e+01 9.99489740320490e+04 
2.86004514672680e+01 9.99486657052646e+04 
2.87584650112860e+01 9.99489155475904e+04 
2.89164785553041e+01 9.99497029591677e+04 
2.90744920993221e+01 9.99507325574148e+04 
2.92325056433402e+01 9.99524852018308e+04 
2.93905191873582e+01 9.99539062025783e+04 
2.95485327313763e+01 9.99557767261776e+04 
2.97065462753943e+01 9.99581467331734e+04 
2.98645598194124e+01 9.99608250104094e+04 
3.00225733634304e+01 9.99631072524182e+04 
3.01805869074485e+01 9.99663172211897e+04 
3.03386004514665e+01 9.99688553907516e+04 
3.04966139954843e+01 9.99718378720812e+04 
3.06546275395003e+01 9.99753055536064e+04 
3.08126410834971e+01 9.99787881124903e+04 
3.09706546272957e+01 9.99814259816410e+04 
3.11286681708936e+01 9.99848990490097e+04 
3.12866817143274e+01 9.99876649391246e+04 
3.14446952574723e+01 9.99908171073375e+04 
3.16027088001674e+01 9.99943553380882e+04 
3.17607223421364e+01 9.99977670693366e+04 
3.19187358832495e+01 1.00000204389621e+05 
3.20767494226194e+01 1.00003183828359e+05 
3.22347629599941e+01 1.00005670395039e+05 
3.23927764943706e+01 1.00008400380652e+05 
3.25507900239423e+01 1.00011456589731e+05 
3.27088035457829e+01 1.00014226253046e+05 
3.28668170595274e+01 1.00016238905372e+05 
3.30248305599181e+01 1.00018176907954e+05 
3.31828440425992e+01 1.00020134915857e+05 
3.33408575031136e+01 1.00022120515795e+05 
3.34988709293862e+01 1.00024161576940e+05 
3.36568843063214e+01 1.00025970516469e+05 
3.38148976325709e+01 1.00027125665726e+05 
3.39729108878444e+01 1.00028139091063e+05 
3.41309240403887e+01 1.00029212179740e+05 
3.42889370834585e+01 1.00030082447644e+05 
3.44469499667095e+01 1.00030702362664e+05 
3.46049626416154e+01 1.00030965737779e+05 
3.47629751094123e+01 1.00031109220526e+05 
3.49209873220811e+01 1.00030724396847e+05 
3.50789991793260e+01 1.00030651279780e+05 
3.52370106929348e+01 1.00029980654292e+05 
3.53950217552060e+01 1.00028911576884e+05 
3.55530322801683e+01 1.00027450118224e+05 
3.57110422484800e+01 1.00026397268908e+05 
3.58690516557028e+01 1.00024642800269e+05 
3.60270604042267e+01 1.00023371087125e+05 
3.61850684108629e+01 1.00021393859462e+05 
3.63430757025597e+01 1.00018977809372e+05 
3.65010821998343e+01 1.00016291646161e+05 
3.66590879149553e+01 1.00014373775542e+05 
3.68170929429180e+01 1.00011917558713e+05 
3.69750972659910e+01 1.00009965150697e+05 
3.71331008599683e+01 1.00007435526459e+05 
3.72911038794230e+01 1.00004584943327e+05 
3.74491063311914e+01 1.00001690054278e+05 
3.76071083058444e+01 9.99996477810064e+04 
3.77651096857588e+01 9.99973995035648e+04 
3.79231104073047e+01 9.99955464726648e+04 
3.80811109502943e+01 9.99933813363900e+04 
3.82391112062999e+01 9.99910807689593e+04 
3.83971111660317e+01 9.99889131426513e+04 
3.85551109656345e+01 9.99873791938086e+04 
3.87131105571401e+01 9.99860500732637e+04 
3.88711098652798e+01 9.99847938635146e+04 
3.90291090063081e+01 9.99835968501366e+04 
3.91871079803516e+01 9.99826694170861e+04 
3.93451069164122e+01 9.99818021864308e+04 
3.95031056072435e+01 9.99811270732776e+04 
3.96611044176520e+01 9.99808750310940e+04 
3.98191030871787e+01 9.99804610913457e+04 
3.99771018088401e+01 9.99804861366420e+04 
4.01351007074698e+01 9.99806708203266e+04 
4.02930997022155e+01 9.99810844021291e+04 
4.04510986021552e+01 9.99812486943481e+04 
4.06090971618161e+01 9.99819490597441e+04 
4.07670958737284e+01 9.99822878713598e+04 
4.09250951708767e+01 9.99832302333298e+04 
4.10830945501286e+01 9.99844664744911e+04 
4.12410939472816e+01 9.99859222363396e+04 
4.13990933807653e+01 9.99867775838571e+04 
4.15570928592266e+01 9.99880756860299e+04 
4.17150923413803e+01 9.99889877212719e+04 
4.18730918618998e+01 9.99905547177733e+04 
4.20310913871491e+01 9.99924083902032e+04 
4.21890909437351e+01 9.99944352831768e+04 
4.23470905543198e+01 9.99957249478945e+04 
4.25050902256413e+01 9.99971964817852e+04 
4.26630899184684e+01 9.99983541096989e+04 
4.28210896745392e+01 9.99999587046746e+04 
4.29790892602239e+01 1.00001739304969e+05 
4.31370888188632e+01 1.00003590039156e+05 
4.32950884109090e+01 1.00004864018828e+05 
4.34530877023690e+01 1.00005959854506e+05 
4.36110866376294e+01 1.00006875546629e+05 
4.37690854724754e+01 1.00007979601692e+05 
4.39270845035842e+01 1.00008980746604e+05 
4.40850833364672e+01 1.00010002490770e+05 
4.42430820276957e+01 1.00010741755567e+05 
4.44010804989590e+01 1.00011060912883e+05 
4.45590788134630e+01 1.00011408185653e+05 
4.47170770655565e+01 1.00011518107957e+05 
4.48750752148097e+01 1.00011482663681e+05 
4.50330732938293e+01 1.00011299312804e+05 
4.51910713795358e+01 1.00011241465825e+05 
4.53490693983586e+01 1.00010595369763e+05 
4.55070674106562e+01 1.00010166251988e+05 
4.56650653676240e+01 1.00009227203099e+05 
4.58230631625694e+01 1.00008014841063e+05 
4.59810608096228e+01 1.00006647850793e+05 
4.61390583312556e+01 1.00005860340323e+05 
4.62970557728472e+01 1.00004576951657e+05 
4.64550531385988e+01 1.00003627229022e+05 
4.66130504658573e+01 1.00002055065625e+05 
4.67710476910669e+01 1.00000231346768e+05 
4.69290448370875e+01 9.99983246346592e+04 
4.70870418817074e+01 9.99971921760241e+04 
4.72450388394929e+01 9.99958405404481e+04 
4.74030357844738e+01 9.99948057641643e+04 
4.75610327369803e+01 9.99932935661040e+04 
4.77190296641417e+01 9.99915446393108e+04 
4.78770265567167e+01 9.99898834176538e+04 
4.80350232907807e+01 9.99888847861652e+04 
4.81930199724646e+01 9.99881056584179e+04 
4.83510166821919e+01 9.99874013198233e+04 
4.85090134340476e+01 9.99864661938843e+04 
4.86670101864053e+01 9.99856006040158e+04 
4.88250069367958e+01 9.99848055367044e+04 
4.89830037017608e+01 9.99843880493284e+04 
4.91410003791622e+01 9.99843556575048e+04 
4.92989969712441e+01 9.99842455647063e+04 
4.94569936135427e+01 9.99841825235033e+04 
4.96149902571749e+01 9.99842701153560e+04 
4.97729869349215e+01 9.99843885407787e+04 
4.99309836461128e+01 9.99844118428266e+04 
5.00889804092298e+01 9.99849989107041e+04 
5.02469772586986e+01 9.99852845937525e+04 
5.04049742099479e+01 9.99858625592638e+04 
5.05629710368897e+01 9.99866202589403e+04 
5.07209677221875e+01 9.99874797859486e+04 
5.08789643925024e+01 9.99878856794451e+04 
5.10369611214738e+01 9.99887538494166e+04 
5.11949579837573e+01 9.99892410944970e+04 
5.13529549196390e+01 9.99902297702211e+04 
5.15109519220113e+01 9.99914488465674e+04 
5.16689490194469e+01 9.99928634798059e+04 
5.18269461871349e+01 9.99936410190454e+04 
5.19849434232851e+01 9.99946646149548e+04 
5.21429407955823e+01 9.99953996111124e+04 
5.23009380095267e+01 9.99966779316903e+04 
5.24589351151370e+01 9.99981741189852e+04 
5.26169322605497e+01 9.99998368827917e+04 
5.27749294397864e+01 1.00000877176032e+05 
5.29329267403186e+01 1.00001772424362e+05 
5.30909241439174e+01 1.00002662989810e+05 
5.32489216473604e+01 1.00003866185918e+05 
5.34069192807000e+01 1.00005135580930e+05 
5.35649170063727e+01 1.00006483755625e+05 
5.37229148023365e+01 1.00007326864107e+05 
5.38809127246988e+01 1.00007881446195e+05 
5.40389107877367e+01 1.00008371068631e+05 
5.41969089517492e+01 1.00008966123877e+05 
5.43549072484630e+01 1.00009481668949e+05 
5.45129054270051e+01 1.00009914761068e+05 
5.46709034516164e+01 1.00010253748764e+05 
5.48289014795824e+01 1.00010067622521e+05 
5.49868996507851e+01 1.00010057508126e+05 
5.51448978880694e+01 1.00009769082563e+05 
5.53028962526066e+01 1.00009253428555e+05 
5.54608947556885e+01 1.00008593839225e+05 
5.56188933188464e+01 1.00008237229994e+05 
5.57768920070724e+01 1.00007370467193e+05 
5.59348908650161e+01 1.00006823381753e+05 
5.60928898167026e+01 1.00005811409659e+05 
5.62508889037190e+01 1.00004543554762e+05 
5.64088881394332e+01 1.00003134022731e+05 
5.65668874484921e+01 1.00002338208352e+05 
5.67248868836807e+01 1.00001268930983e+05 
5.68828864893542e+01 1.00000579268113e+05 
5.70408861960338e+01 9.99993990686157e+04 
5.71988860391269e+01 9.99980284126977e+04 
5.73568857825965e+01 9.99965434391090e+04 
5.75148854374958e+01 9.99957437483172e+04 
5.76728851158728e+01 9.99950066684049e+04 
5.78308849012099e+01 9.99945848831087e+04 
5.79888847480601e+01 9.99937282995615e+04 
5.81468847532464e+01 9.99927358584182e+04 
5.83048848708051e+01 9.99917380465526e+04 
5.84628851001882e+01 9.99912580587280e+04 
5.86208854661624e+01 9.99911835989507e+04 
5.87788859510897e+01 9.99911453981304e+04 
5.89368865555350e+01 9.99908553776145e+04 
5.90948872830377e+01 9.99907771339004e+04 
5.92528880864323e+01 9.99905180092069e+04 
5.94108889302507e+01 9.99904054698119e+04 
5.95688898327881e+01 9.99908352615402e+04 
5.97268908041111e+01 9.99910732851144e+04 
5.98848918003332e+01 9.99913285534727e+04 
6.00428928680254e+01 9.99917161282502e+04 
6.02008940796456e+01 9.99920354533816e+04 
6.03588954725139e+01 9.99921736532131e+04 
6.05168971072922e+01 9.99928142961412e+04 
6.06748990531746e+01 9.99931073463636e+04 
6.08329010433522e+01 9.99936624630036e+04 
6.09909029438758e+01 9.99944189743747e+04 
6.11489044805151e+01 9.99952556057281e+04 
6.13069057727749e+01 9.99956450706953e+04 
6.14649070351632e+01 9.99963447710707e+04 
6.16229081384915e+01 9.99966949803963e+04 
6.17809092441211e+01 9.99975392726876e+04 
6.19389101339700e+01 9.99986091072889e+04 
6.20969109801752e+01 9.99998760967821e+04 
6.22549119387378e+01 1.00000561611584e+05 
6.24129129488496e+01 1.00001275063466e+05 
6.25709138861800e+01 1.00001741924782e+05 
6.27289151983368e+01 1.00002688339393e+05 
6.28869165870729e+01 1.00003832305092e+05 
6.30449181597254e+01 1.00005180721192e+05 
6.32029200758520e+01 1.00005974090728e+05 
6.33609221827735e+01 1.00006506522717e+05 
6.35189242560073e+01 1.00006891605445e+05 
6.36769260693996e+01 1.00007634952121e+05 
6.38349281051127e+01 1.00008333348263e+05 
6.39929298098694e+01 1.00009135348560e+05 
6.41509316615666e+01 1.00009634723718e+05 
6.43089337942408e+01 1.00009632625460e+05 
6.44669357869463e+01 1.00009663066634e+05 
6.46249374433373e+01 1.00009712020207e+05 
6.47829389136374e+01 1.00009582384768e+05 
6.49409399663625e+01 1.00009450467478e+05 
6.50989409632269e+01 1.00009342084650e+05 
6.52569421377169e+01 1.00008625989011e+05 
6.54149430085585e+01 1.00008100465213e+05 
6.55729437641150e+01 1.00007309923144e+05 
6.57309443638751e+01 1.00006279394575e+05 
6.58889448714392e+01 1.00005199920452e+05 
6.60469454271883e+01 1.00004521543071e+05 
6.62049458871531e+01 1.00003400433458e+05 
6.63629460911794e+01 1.00002619432785e+05 
6.65209461944869e+01 1.00001431444585e+05 
6.66789460139657e+01 1.00000012664887e+05 
6.68369454321013e+01 9.99985455727690e+04 
6.69949447414460e+01 9.99977004799683e+04 
6.71529441536746e+01 9.99967312884853e+04 
6.73109433241402e+01 9.99961120302027e+04 
6.74689424701647e+01 9.99950820315928e+04 
6.76269417991850e+01 9.99939086300273e+04 
6.77849410142811e+01 9.99926820245562e+04 
6.79429404441664e+01 9.99920104361669e+04 
6.81009399323400e+01 9.99917009304230e+04 
6.82589394467423e+01 9.99914984608886e+04 
6.84169390831585e+01 9.99909937535643e+04 
6.85749387125848e+01 9.99905095760947e+04 
6.87329381770452e+01 9.99899305834746e+04 
6.88909376719355e+01 9.99897337326856e+04 
6.90489371579850e+01 9.99900504166926e+04 
6.92069365995741e+01 9.99903639038189e+04 
6.93649360510441e+01 9.99904943142906e+04 
6.95229353740816e+01 9.99907477021236e+04 
6.96809345840638e+01 9.99908327648483e+04 
6.98389340499524e+01 9.99909301328785e+04 
6.99969337688401e+01 9.99915948739818e+04 
7.01549335087798e+01 9.99920177284528e+04 
7.03129334087804e+01 9.99925014344310e+04 
7.04709333808406e+01 9.99931431611895e+04 
7.06289333787524e+01 9.99937247159493e+04 
7.07869336204822e+01 9.99940000621063e+04 
7.09449340672215e+01 9.99947518658743e+04 
7.11029345997939e+01 9.99951646071714e+04 
7.12609350713582e+01 9.99958649456659e+04 
7.14189347160093e+01 9.99967633098676e+04 
7.15769336370085e+01 9.99977512802629e+04 
7.17349322495437e+01 9.99982462700373e+04 
7.18929307461385e+01 9.99989549213521e+04 
7.20509289766604e+01 9.99993618032764e+04 
7.22089272661357e+01 1.00000212369377e+05 
7.23669254718874e+01 1.00001243208286e+05 
7.25249235776293e+01 1.00002439117986e+05 
7.26829219494500e+01 1.00003085946223e+05 
7.28409203727508e+01 1.00003585139902e+05 
7.29989186538633e+01 1.00003909801200e+05 
7.31569171184710e+01 1.00004621310222e+05 
7.33149154807419e+01 1.00005461825498e+05 
7.34729138742871e+01 1.00006405227597e+05 
7.36309123482416e+01 1.00006883399265e+05 
7.37889111043111e+01 1.00006988485657e+05 
7.39469098644377e+01 1.00007018116051e+05 
7.41049087471577e+01 1.00007306822629e+05 
7.42629075233993e+01 1.00007364397930e+05 
7.44209062786759e+01 1.00007590941169e+05 
7.45789051660299e+01 1.00007693075576e+05 
7.47369040521852e+01 1.00007167902070e+05 
7.48949026971529e+01 1.00006753777526e+05 
7.50529013271319e+01 1.00006272418797e+05 
7.52109000002093e+01 1.00005614050476e+05 
7.53688985762336e+01 1.00004970740208e+05 
7.55268972581844e+01 1.00004511849018e+05 
7.56848960103278e+01 1.00003459375203e+05 
7.58428947255754e+01 1.00002682921696e+05 
7.60008936594136e+01 1.00001655637055e+05 
7.61588924322546e+01 1.00000399139538e+05 
7.63168911638559e+01 9.99991767246382e+04 
7.64748900450755e+01 9.99984597716508e+04 
7.66328890548658e+01 9.99974187354491e+04 
7.67908878834910e+01 9.99967459494497e+04 
7.69488867890563e+01 9.99957215288845e+04 
7.71068856575359e+01 9.99945410522956e+04 
7.72648846605642e+01 9.99933545234049e+04 
7.74228838477881e+01 9.99927811639081e+04 
7.75808832323467e+01 9.99922790659175e+04 
7.77388824246277e+01 9.99920594699658e+04 
7.78968816322887e+01 9.99915332457711e+04 
7.80548807011359e+01 9.99909387851832e+04 
7.82128796943324e+01 9.99902347883496e+04 
7.83708787081097e+01 9.99900910262701e+04 
7.85288777862713e+01 9.99902938363311e+04 
7.86868768060587e+01 9.99907505329103e+04 
7.88448759839678e+01 9.99908625245676e+04 
7.90028750293676e+01 9.99910969037983e+04 
7.91608740579794e+01 9.99912093451294e+04 
7.93188731240776e+01 9.99914548435377e+04 
7.94768722866737e+01 9.99923455615296e+04 
7.96348714744995e+01 9.99930794871762e+04 
7.97928707841639e+01 9.99936948004263e+04 
7.99508700431175e+01 9.99944175417820e+04 
8.01088692532010e+01 9.99949517409332e+04 
8.02668685571017e+01 9.99953432023736e+04 
8.04248679221742e+01 9.99963515906454e+04 
8.05828672895297e+01 9.99970352697436e+04 
8.07408668401889e+01 9.99977840598262e+04 
8.08988663183940e+01 9.99987082723515e+04 
8.10568658136689e+01 9.99995518286454e+04 
8.12148653641856e+01 9.99999986071438e+04 
8.13728650602450e+01 1.00000838430267e+05 
8.15308647094415e+01 1.00001345466430e+05 
8.16888645412167e+01 1.00002153161058e+05 
8.18468642992061e+01 1.00003144143427e+05 
8.20048640365115e+01 1.00004202983574e+05 
8.21628638878385e+01 1.00004729561769e+05 
8.23208638447879e+01 1.00005317012001e+05 
8.24788638290085e+01 1.00005670323397e+05 
8.26368639316287e+01 1.00006416327238e+05 
8.27948639928999e+01 1.00007278338516e+05 
8.29528640097892e+01 1.00008259972092e+05 
8.31108641257694e+01 1.00008738784622e+05 
8.32688643339817e+01 1.00008889706710e+05 
8.34268645003396e+01 1.00008964382315e+05 
8.35848648702901e+01 1.00009357971633e+05 
8.37428651207969e+01 1.00009707099768e+05 
8.39008653577218e+01 1.00010209340894e+05 
8.40588656514321e+01 1.00010366670683e+05 
8.42168660797810e+01 1.00009945200003e+05 
8.43748664504764e+01 1.00009542678018e+05 
8.45328669632765e+01 1.00009295696547e+05 
8.46908673910183e+01 1.00008872641884e+05 
8.48488677558302e+01 1.00008569501889e+05 
8.50068682338221e+01 1.00008246492789e+05 
8.51648687934220e+01 1.00007233347540e+05 
8.53228693020651e+01 1.00006434166775e+05 
8.54808699523303e+01 1.00005520371726e+05 
8.56388704750119e+01 1.00004369701047e+05 
8.57968709951201e+01 1.00003293746925e+05 
8.59548715414848e+01 1.00002567426999e+05 
8.61128721364377e+01 1.00001310138857e+05 
8.62708727179347e+01 1.00000403007567e+05 
8.64288733473842e+01 9.99992316443975e+04 
8.65868739800674e+01 9.99978488110717e+04 
8.67448745080638e+01 9.99965177769928e+04 
8.69028751837753e+01 9.99957529115522e+04 
8.70608758960404e+01 9.99948075840332e+04 
8.72188765860811e+01 9.99942115037048e+04 
8.73768773582707e+01 9.99933007572854e+04 
8.75348780012508e+01 9.99922747572894e+04 
8.76928786004829e+01 9.99912514638596e+04 
8.78508792441084e+01 9.99907802160714e+04 
8.80088800434000e+01 9.99906723361367e+04 
8.81668806916759e+01 9.99906191339653e+04 
8.83248814855233e+01 9.99902914096090e+04 
8.84828821285871e+01 9.99900124161282e+04 
8.86408826913246e+01 9.99896972365287e+04 
8.87988833442697e+01 9.99897456294851e+04 
8.89568840341034e+01 9.99903650767683e+04 
8.91148847006716e+01 9.99909111023716e+04 
8.92728853750260e+01 9.99912830113586e+04 
8.94308859501744e+01 9.99918563227094e+04 
8.95888863918260e+01 9.99921752777510e+04 
8.97468869365088e+01 9.99925070260113e+04 
8.99048875615784e+01 9.99934744680182e+04 
9.00628880436466e+01 9.99942178106460e+04 
9.02208886930447e+01 9.99949244011814e+04 
9.03788890986989e+01 9.99957926272568e+04 
9.05368894584843e+01 9.99965017693930e+04 
9.06948898189981e+01 9.99969305340542e+04 
9.08528902524989e+01 9.99979079543955e+04 
9.10108905775425e+01 9.99985409099778e+04 
9.11688909467955e+01 9.99993455215621e+04 
9.13268912145514e+01 1.00000335884271e+05 
9.14848913158008e+01 1.00001303923605e+05 
9.16428915822170e+01 1.00001797181678e+05 
9.18008918169298e+01 1.00002550777455e+05 
9.19588919708743e+01 1.00002997476332e+05 
9.21168922103786e+01 1.00003795647462e+05 
9.22748922710947e+01 1.00004760530554e+05 
9.24328922715071e+01 1.00005826963470e+05 
9.25908922911711e+01 1.00006352483842e+05 
9.27488924135160e+01 1.00006767336300e+05 
9.29068924081221e+01 1.00006942896816e+05 
9.30648924455409e+01 1.00007543081768e+05 
9.32228924177697e+01 1.00008246006629e+05 
9.33808923174738e+01 1.00009023904614e+05 
9.35388923127242e+01 1.00009351530884e+05 
9.36968923560327e+01 1.00009366956531e+05 
9.38548923989902e+01 1.00009157838356e+05 
9.40128924384549e+01 1.00009253341529e+05 
9.41708924405656e+01 1.00009240752978e+05 
9.43288923108054e+01 1.00009307841531e+05 
9.44868920599109e+01 1.00009262249919e+05 
9.46448916529606e+01 1.00008566283841e+05 
9.48028916076712e+01 1.00007999618084e+05 
9.49608914944496e+01 1.00007425123534e+05 
9.51188913057259e+01 1.00006671891965e+05 
9.52768912337209e+01 1.00005986751471e+05 
9.54348911411694e+01 1.00005454397468e+05 
9.55928911756063e+01 1.00004276739753e+05 
9.57508910635802e+01 1.00003386253567e+05 
9.59088910424678e+01 1.00002313782364e+05 
9.60668908867435e+01 1.00001012387185e+05 
9.62248906047757e+01 9.99997877392970e+04 
9.63828904827730e+01 9.99990304538848e+04 
9.65408903462501e+01 9.99978797219808e+04 
9.66988901623332e+01 9.99970949849246e+04 
9.68568900168082e+01 9.99960161346644e+04 
9.70148897240250e+01 9.99947675580870e+04 
9.71728892944551e+01 9.99935472373730e+04 
9.73308889047403e+01 9.99929202797666e+04 
9.74888886147520e+01 9.99923049755196e+04 
9.76468881266289e+01 9.99919796879591e+04 
9.78048877845412e+01 9.99913806975587e+04 
9.79628871957190e+01 9.99906724410784e+04 
9.81208865399089e+01 9.99899384678436e+04 
9.82788858937054e+01 9.99897440371073e+04 
9.84368853019583e+01 9.99899162806258e+04 
9.85948846206375e+01 9.99902657815970e+04 
9.87528839618249e+01 9.99903039911883e+04 
9.89108832001843e+01 9.99904915650091e+04 
9.90688822583182e+01 9.99905229576908e+04 
9.92268814607112e+01 9.99907577470830e+04 
9.93848806720824e+01 9.99916608986412e+04 
9.95428797821141e+01 9.99924074197917e+04 
9.97008790097915e+01 9.99930250516384e+04 
9.98588780603129e+01 9.99937723607474e+04 
1.00016877088879e+02 9.99943129002450e+04 
