# Liste des scalaires : TEMPS pmat 
0.00000000000000e+00 1.00000000000000e+05 
1.58013544018059e-01 1.00000000000000e+05 
3.16027088036117e-01 1.00000000000000e+05 
4.74040632054176e-01 1.00000000000000e+05 
6.32054176072234e-01 1.00000000000000e+05 
7.90067720090293e-01 1.00000000000000e+05 
9.48081264108351e-01 1.00000000000000e+05 
1.10609480812641e+00 1.00000000000000e+05 
1.26410835214447e+00 1.00000000000000e+05 
1.42212189616253e+00 1.00000000000000e+05 
1.58013544018058e+00 1.00000000000000e+05 
1.73814898419864e+00 1.00000000000000e+05 
1.89616252821670e+00 1.00000000000000e+05 
2.05417607223476e+00 1.00000000000000e+05 
2.21218961625282e+00 1.00000000000000e+05 
2.37020316027087e+00 1.00000000000000e+05 
2.52821670428893e+00 1.00000000000000e+05 
2.68623024830699e+00 1.00000000000000e+05 
2.84424379232505e+00 1.00000000000000e+05 
3.00225733634311e+00 1.00000000000000e+05 
3.16027088036116e+00 1.00000000000000e+05 
3.31828442437922e+00 1.00000000000000e+05 
3.47629796839728e+00 1.00000000000000e+05 
3.63431151241534e+00 1.00000000000000e+05 
3.79232505643340e+00 1.00000000000000e+05 
3.95033860045145e+00 1.00000000000000e+05 
4.10835214446951e+00 1.00000000000000e+05 
4.26636568848757e+00 1.00000000000000e+05 
4.42437923250563e+00 1.00000000000000e+05 
4.58239277652368e+00 1.00000000000000e+05 
4.74040632054174e+00 1.00000000000000e+05 
4.89841986455980e+00 1.00000000000000e+05 
5.05643340857786e+00 1.00000000000000e+05 
5.21444695259591e+00 1.00000000000000e+05 
5.37246049661397e+00 1.00000000000000e+05 
5.53047404063203e+00 1.00000000000000e+05 
5.68848758465009e+00 1.00000000000000e+05 
5.84650112866814e+00 1.00000000000000e+05 
6.00451467268620e+00 1.00000000000000e+05 
6.16252821670426e+00 1.00000000000000e+05 
6.32054176072231e+00 1.00000000000000e+05 
6.47855530474037e+00 1.00000000000000e+05 
6.63656884875843e+00 1.00000000000000e+05 
6.79458239277648e+00 1.00000000000000e+05 
6.95259593679454e+00 1.00000000000000e+05 
7.11060948081260e+00 1.00000000000000e+05 
7.26862302483065e+00 1.00000000000000e+05 
7.42663656884871e+00 1.00000000000000e+05 
7.58465011286677e+00 1.00000000000000e+05 
7.74266365688483e+00 1.00000000000000e+05 
7.90067720090288e+00 1.00000000000000e+05 
8.05869074492094e+00 1.00000000000000e+05 
8.21670428893899e+00 1.00000000000000e+05 
8.37471783295705e+00 1.00000000000000e+05 
8.53273137697511e+00 1.00000000000000e+05 
8.69074492099316e+00 1.00000000000000e+05 
8.84875846501122e+00 1.00000000000000e+05 
9.00677200902927e+00 1.00000000000000e+05 
9.16478555304733e+00 1.00000000000001e+05 
9.32279909706538e+00 1.00000000000025e+05 
9.48081264108344e+00 1.00000000000353e+05 
9.63882618510150e+00 1.00000000014780e+05 
9.79683972911955e+00 1.00000000190863e+05 
9.95485327313761e+00 1.00000000582391e+05 
1.01128668171557e+01 1.00000001436127e+05 
1.02708803611737e+01 1.00000002846613e+05 
1.04288939051918e+01 1.00000005303885e+05 
1.05869074492098e+01 1.00000009372742e+05 
1.07449209932279e+01 1.00000016915863e+05 
1.09029345372459e+01 1.00000029915144e+05 
1.10609480812640e+01 1.00000055245756e+05 
1.12189616252821e+01 1.00000094404779e+05 
1.13769751693001e+01 1.00000151019432e+05 
1.15349887133182e+01 1.00000231017018e+05 
1.16930022573362e+01 1.00000362226152e+05 
1.18510158013543e+01 1.00000556642383e+05 
1.20090293453723e+01 1.00000886601691e+05 
1.21670428893904e+01 1.00001317891531e+05 
1.23250564334084e+01 1.00001860897862e+05 
1.24830699774265e+01 1.00002532076935e+05 
1.26410835214446e+01 1.00003537706764e+05 
1.27990970654626e+01 1.00004857553908e+05 
1.29571106094807e+01 1.00006851743508e+05 
1.31151241534987e+01 1.00009089608541e+05 
1.32731376975168e+01 1.00011560868315e+05 
1.34311512415348e+01 1.00014243299553e+05 
1.35891647855529e+01 1.00017926626358e+05 
1.37471783295709e+01 1.00022208673030e+05 
1.39051918735890e+01 1.00027891586403e+05 
1.40632054176071e+01 1.00033137614807e+05 
1.42212189616251e+01 1.00038016313854e+05 
1.43792325056432e+01 1.00042421847606e+05 
1.45372460496612e+01 1.00047976832077e+05 
1.46952595936793e+01 1.00053673431263e+05 
1.48532731376973e+01 1.00060447446302e+05 
1.50112866817154e+01 1.00065280620932e+05 
1.51693002257334e+01 1.00068925109496e+05 
1.53273137697515e+01 1.00071377353808e+05 
1.54853273137695e+01 1.00074405796782e+05 
1.56433408577876e+01 1.00077126189190e+05 
1.58013544018057e+01 1.00080379310436e+05 
1.59593679458237e+01 1.00081599597800e+05 
1.61173814898418e+01 1.00081664906980e+05 
1.62753950338598e+01 1.00080517397991e+05 
1.64334085778779e+01 1.00079404927805e+05 
1.65914221218959e+01 1.00077782019895e+05 
1.67494356659140e+01 1.00076437170057e+05 
1.69074492099320e+01 1.00073507656707e+05 
1.70654627539501e+01 1.00070354661304e+05 
1.72234762979681e+01 1.00065943017334e+05 
1.73814898419862e+01 1.00061282974198e+05 
1.75395033860043e+01 1.00056070366323e+05 
1.76975169300223e+01 1.00050347863372e+05 
1.78555304740404e+01 1.00043672417555e+05 
1.80135440180584e+01 1.00037521754546e+05 
1.81715575620765e+01 1.00030515593006e+05 
1.83295711060945e+01 1.00022742757115e+05 
1.84875846501126e+01 1.00014292638763e+05 
1.86455981941306e+01 1.00004594956286e+05 
1.88036117381487e+01 9.99949819576306e+04 
1.89616252821667e+01 9.99869960941559e+04 
1.91196388261848e+01 9.99787268244979e+04 
1.92776523702028e+01 9.99694362692190e+04 
1.94356659142209e+01 9.99595948807248e+04 
1.95936794582390e+01 9.99481084836080e+04 
1.97516930022570e+01 9.99383013640825e+04 
1.99097065462751e+01 9.99306397271033e+04 
2.00677200902931e+01 9.99237139928589e+04 
2.02257336343112e+01 9.99159488586295e+04 
2.03837471783292e+01 9.99082534929402e+04 
2.05417607223473e+01 9.98991733723292e+04 
2.06997742663653e+01 9.98927531743379e+04 
2.08577878103834e+01 9.98886770818269e+04 
2.10158013544014e+01 9.98862062384510e+04 
2.11738148984195e+01 9.98834787668322e+04 
2.13318284424376e+01 9.98813708339524e+04 
2.14898419864556e+01 9.98786711502684e+04 
2.16478555304737e+01 9.98786580708168e+04 
2.18058690744917e+01 9.98803432551188e+04 
2.19638826185098e+01 9.98838502848739e+04 
2.21218961625278e+01 9.98878517294948e+04 
2.22799097065459e+01 9.98928653798541e+04 
2.24379232505639e+01 9.98982434716379e+04 
2.25959367945820e+01 9.99052523322879e+04 
2.27539503386000e+01 9.99126447321164e+04 
2.29119638826181e+01 9.99213486776810e+04 
2.30699774266361e+01 9.99310266600710e+04 
2.32279909706542e+01 9.99419591672647e+04 
2.33860045146723e+01 9.99539156471949e+04 
2.35440180586903e+01 9.99658976064802e+04 
2.37020316027084e+01 9.99765971583002e+04 
2.38600451467264e+01 9.99875693998601e+04 
2.40180586907445e+01 9.99997428015950e+04 
2.41760722347625e+01 1.00012731145264e+05 
2.43340857787806e+01 1.00027218256972e+05 
2.44920993227986e+01 1.00040024279096e+05 
2.46501128668167e+01 1.00050143419939e+05 
2.48081264108347e+01 1.00059313533367e+05 
2.49661399548528e+01 1.00069313775868e+05 
2.51241534988708e+01 1.00079618076538e+05 
2.52821670428889e+01 1.00091018386475e+05 
2.54401805869069e+01 1.00099468844310e+05 
2.55981941309250e+01 1.00104880073244e+05 
2.57562076749430e+01 1.00108531494020e+05 
2.59142212189611e+01 1.00112230545969e+05 
2.60722347629791e+01 1.00115377513336e+05 
2.62302483069972e+01 1.00118967989791e+05 
2.63882618510153e+01 1.00119598004909e+05 
2.65462753950333e+01 1.00117964461269e+05 
2.67042889390514e+01 1.00114328464505e+05 
2.68623024830694e+01 1.00110040883576e+05 
2.70203160270875e+01 1.00104801750101e+05 
2.71783295711055e+01 1.00099231210403e+05 
2.73363431151236e+01 1.00091801343057e+05 
2.74943566591416e+01 1.00083840141182e+05 
2.76523702031597e+01 1.00074424946195e+05 
2.78103837471777e+01 1.00063835616902e+05 
2.79683972911958e+01 1.00052385919094e+05 
2.81264108352138e+01 1.00039805624428e+05 
2.82844243792319e+01 1.00027228304413e+05 
2.84424379232499e+01 1.00015932087538e+05 
2.86004514672680e+01 1.00004292996031e+05 
2.87584650112860e+01 9.99914086688676e+04 
2.89164785553041e+01 9.99779021068918e+04 
2.90744920993221e+01 9.99628290856602e+04 
2.92325056433402e+01 9.99494481648201e+04 
2.93905191873582e+01 9.99389649205249e+04 
2.95485327313763e+01 9.99291167766529e+04 
2.97065462753943e+01 9.99184576842798e+04 
2.98645598194124e+01 9.99073843021019e+04 
3.00225733634304e+01 9.98949327818186e+04 
3.01805869074485e+01 9.98855617290643e+04 
3.03386004514665e+01 9.98792478512778e+04 
3.04966139954843e+01 9.98746393542489e+04 
3.06546275395003e+01 9.98696789333733e+04 
3.08126410834971e+01 9.98651374742675e+04 
3.09706546272957e+01 9.98597304841149e+04 
3.11286681708936e+01 9.98576772179635e+04 
3.12866817143274e+01 9.98579148051883e+04 
3.14446952574723e+01 9.98604112872059e+04 
3.16027088001674e+01 9.98633364475271e+04 
3.17607223421364e+01 9.98672018648615e+04 
3.19187358832495e+01 9.98710866479694e+04 
3.20767494226194e+01 9.98773240165235e+04 
3.22347629599941e+01 9.98844869339449e+04 
3.23927764943706e+01 9.98935638639105e+04 
3.25507900239423e+01 9.99036315822065e+04 
3.27088035457829e+01 9.99149291591442e+04 
3.28668170595274e+01 9.99271745874766e+04 
3.30248305599181e+01 9.99399529865044e+04 
3.31828440425992e+01 9.99517847043939e+04 
3.33408575031136e+01 9.99643511815338e+04 
3.34988709293862e+01 9.99781992306845e+04 
3.36568843063214e+01 9.99930054780781e+04 
3.38148976325709e+01 1.00009277282495e+05 
3.39729108878444e+01 1.00024010436518e+05 
3.41309240403887e+01 1.00035951164289e+05 
3.42889370834585e+01 1.00047433703234e+05 
3.44469499667095e+01 1.00059696872508e+05 
3.46049626416154e+01 1.00072415107985e+05 
3.47629751094123e+01 1.00086458201083e+05 
3.49209873220811e+01 1.00097266893920e+05 
3.50789991793260e+01 1.00105155525354e+05 
3.52370106929348e+01 1.00111232451283e+05 
3.53950217552060e+01 1.00117491666363e+05 
3.55530322801683e+01 1.00123514041079e+05 
3.57110422484800e+01 1.00130426543752e+05 
3.58690516557028e+01 1.00134022560710e+05 
3.60270604042267e+01 1.00135090896164e+05 
3.61850684108629e+01 1.00133966797246e+05 
3.63430757025597e+01 1.00132408010248e+05 
3.65010821998343e+01 1.00130053961502e+05 
3.66590879149553e+01 1.00127921838990e+05 
3.68170929429180e+01 1.00123363877700e+05 
3.69750972659910e+01 1.00117683665850e+05 
3.71331008599683e+01 1.00110031208786e+05 
3.72911038794230e+01 1.00101581690116e+05 
3.74491063311914e+01 1.00092033311690e+05 
3.76071083058444e+01 1.00081899090937e+05 
3.77651096857588e+01 1.00070989182099e+05 
3.79231104073047e+01 1.00060682810451e+05 
3.80811109502943e+01 1.00049347454077e+05 
3.82391112062999e+01 1.00036961851755e+05 
3.83971111660317e+01 1.00023615607864e+05 
3.85551109656345e+01 1.00009107877290e+05 
3.87131105571401e+01 9.99956040118324e+04 
3.88711098652798e+01 9.99843343736358e+04 
3.90291090063081e+01 9.99731874423102e+04 
3.91871079803516e+01 9.99611160002232e+04 
3.93451069164122e+01 9.99484808380700e+04 
3.95031056072435e+01 9.99343988862898e+04 
3.96611044176520e+01 9.99229494680187e+04 
3.98191030871787e+01 9.99142082641105e+04 
3.99771018088401e+01 9.99068511539172e+04 
4.01351007074698e+01 9.98990232314680e+04 
4.02930997022155e+01 9.98913549596486e+04 
4.04510986021552e+01 9.98825239459252e+04 
4.06090971618161e+01 9.98769503009950e+04 
4.07670958737284e+01 9.98738775518281e+04 
4.09250951708767e+01 9.98729190589528e+04 
4.10830945501286e+01 9.98721139656086e+04 
4.12410939472816e+01 9.98720701173189e+04 
4.13990933807653e+01 9.98715625561239e+04 
4.15570928592266e+01 9.98737491884531e+04 
4.17150923413803e+01 9.98774327924823e+04 
4.18730918618998e+01 9.98832264415091e+04 
4.20310913871491e+01 9.98896840153770e+04 
4.21890909437351e+01 9.98972915783459e+04 
4.23470905543198e+01 9.99053123916290e+04 
4.25050902256413e+01 9.99146224128445e+04 
4.26630899184684e+01 9.99238285417547e+04 
4.28210896745392e+01 9.99343489900615e+04 
4.29790892602239e+01 9.99459086421632e+04 
4.31370888188632e+01 9.99585786567789e+04 
4.32950884109090e+01 9.99723292967014e+04 
4.34530877023690e+01 9.99855372404257e+04 
4.36110866376294e+01 9.99969868736109e+04 
4.37690854724754e+01 1.00008460467169e+05 
4.39270845035842e+01 1.00020919397145e+05 
4.40850833364672e+01 1.00034127402001e+05 
4.42430820276957e+01 1.00048676896313e+05 
4.44010804989590e+01 1.00060954463635e+05 
4.45590788134630e+01 1.00070386745487e+05 
4.47170770655565e+01 1.00078770204889e+05 
4.48750752148097e+01 1.00087740057936e+05 
4.50330732938293e+01 1.00096646815494e+05 
4.51910713795358e+01 1.00106726276358e+05 
4.53490693983586e+01 1.00113785070867e+05 
4.55070674106562e+01 1.00118128936881e+05 
4.56650653676240e+01 1.00120621280415e+05 
4.58230631625694e+01 1.00123096115657e+05 
4.59810608096228e+01 1.00125019019494e+05 
4.61390583312556e+01 1.00127619917449e+05 
4.62970557728472e+01 1.00127460985988e+05 
4.64550531385988e+01 1.00125505833543e+05 
4.66130504658573e+01 1.00121486360603e+05 
4.67710476910669e+01 1.00116955645147e+05 
4.69290448370875e+01 1.00111525685289e+05 
4.70870418817074e+01 1.00105967983074e+05 
4.72450388394929e+01 1.00098765686921e+05 
4.74030357844738e+01 1.00091173126707e+05 
4.75610327369803e+01 1.00082119633009e+05 
4.77190296641417e+01 1.00072142684365e+05 
4.78770265567167e+01 1.00061112448463e+05 
4.80350232907807e+01 1.00049219198571e+05 
4.81930199724646e+01 1.00037257743098e+05 
4.83510166821919e+01 1.00026591016870e+05 
4.85090134340476e+01 1.00015469360261e+05 
4.86670101864053e+01 1.00003287773640e+05 
4.88250069367958e+01 9.99902313277588e+04 
4.89830037017608e+01 9.99757904650320e+04 
4.91410003791622e+01 9.99628846157527e+04 
4.92989969712441e+01 9.99526715318251e+04 
4.94569936135427e+01 9.99430810768454e+04 
4.96149902571749e+01 9.99325816270089e+04 
4.97729869349215e+01 9.99217197515507e+04 
4.99309836461128e+01 9.99095002045948e+04 
5.00889804092298e+01 9.99000714074040e+04 
5.02469772586986e+01 9.98934711833199e+04 
5.04049742099479e+01 9.98886009725328e+04 
5.05629710368897e+01 9.98833924157818e+04 
5.07209677221875e+01 9.98785696053099e+04 
5.08789643925024e+01 9.98728495403229e+04 
5.10369611214738e+01 9.98702457617861e+04 
5.11949579837573e+01 9.98698882225587e+04 
5.13529549196390e+01 9.98716885766940e+04 
5.15109519220113e+01 9.98738268206060e+04 
5.16689490194469e+01 9.98769411844250e+04 
5.18269461871349e+01 9.98799384693382e+04 
5.19849434232851e+01 9.98851193936038e+04 
5.21429407955823e+01 9.98913123735958e+04 
5.23009380095267e+01 9.98992304966616e+04 
5.24589351151370e+01 9.99080891198110e+04 
5.26169322605497e+01 9.99181002958314e+04 
5.27749294397864e+01 9.99289126574343e+04 
5.29329267403186e+01 9.99403608668067e+04 
5.30909241439174e+01 9.99509630892429e+04 
5.32489216473604e+01 9.99623424535360e+04 
5.34069192807000e+01 9.99749181677068e+04 
5.35649170063727e+01 9.99883053556317e+04 
5.37229148023365e+01 1.00003032865766e+05 
5.38809127246988e+01 1.00016511239800e+05 
5.40389107877367e+01 1.00027498223602e+05 
5.41969089517492e+01 1.00038090701394e+05 
5.43549072484630e+01 1.00049466375400e+05 
5.45129054270051e+01 1.00061268044284e+05 
5.46709034516164e+01 1.00074368909329e+05 
5.48289014795824e+01 1.00084585195411e+05 
5.49868996507851e+01 1.00092121519947e+05 
5.51448978880694e+01 1.00098063968018e+05 
5.53028962526066e+01 1.00104241525758e+05 
5.54608947556885e+01 1.00110157523235e+05 
5.56188933188464e+01 1.00117033268705e+05 
5.57768920070724e+01 1.00120847694932e+05 
5.59348908650161e+01 1.00122309013165e+05 
5.60928898167026e+01 1.00121740359214e+05 
5.62508889037190e+01 1.00120851337077e+05 
5.64088881394332e+01 1.00119216227875e+05 
5.65668874484921e+01 1.00117891935104e+05 
5.67248868836807e+01 1.00114235103010e+05 
5.68828864893542e+01 1.00109452457322e+05 
5.70408861960338e+01 1.00102778790997e+05 
5.71988860391269e+01 1.00095433594534e+05 
5.73568857825965e+01 1.00087058672793e+05 
5.75148854374958e+01 1.00078184780851e+05 
5.76728851158728e+01 1.00068436243048e+05 
5.78308849012099e+01 1.00059100266139e+05 
5.79888847480601e+01 1.00048724581035e+05 
5.81468847532464e+01 1.00037362556864e+05 
5.83048848708051e+01 1.00025008924719e+05 
5.84628851001882e+01 1.00011547445387e+05 
5.86208854661624e+01 9.99988936640673e+04 
5.87788859510897e+01 9.99881393966078e+04 
5.89368865555350e+01 9.99774382117246e+04 
5.90948872830377e+01 9.99657803313268e+04 
5.92528880864323e+01 9.99535441483763e+04 
5.94108889302507e+01 9.99398495646444e+04 
5.95688898327881e+01 9.99285213585354e+04 
5.97268908041111e+01 9.99197945060227e+04 
5.98848918003332e+01 9.99123496571436e+04 
6.00428928680254e+01 9.99042947912059e+04 
6.02008940796456e+01 9.98964106552536e+04 
6.03588954725139e+01 9.98873110198101e+04 
6.05168971072922e+01 9.98813343708848e+04 
6.06748990531746e+01 9.98779464542759e+04 
6.08329010433522e+01 9.98765414022586e+04 
6.09909029438758e+01 9.98751814891775e+04 
6.11489044805151e+01 9.98745481225214e+04 
6.13069057727749e+01 9.98734117525933e+04 
6.14649070351632e+01 9.98750147408262e+04 
6.16229081384915e+01 9.98782186894098e+04 
6.17809092441211e+01 9.98835327414219e+04 
6.19389101339700e+01 9.98894328917864e+04 
6.20969109801752e+01 9.98963897994487e+04 
6.22549119387378e+01 9.99036937187063e+04 
6.24129129488496e+01 9.99124207349482e+04 
6.25709138861800e+01 9.99211783627299e+04 
6.27289151983368e+01 9.99313066084709e+04 
6.28869165870729e+01 9.99425279906024e+04 
6.30449181597254e+01 9.99547333466997e+04 
6.32029200758520e+01 9.99680193753831e+04 
6.33609221827735e+01 9.99809029397526e+04 
6.35189242560073e+01 9.99922010091314e+04 
6.36769260693996e+01 1.00003629420666e+05 
6.38349281051127e+01 1.00016073962514e+05 
6.39929298098694e+01 1.00029173629075e+05 
6.41509316615666e+01 1.00043641102443e+05 
6.43089337942408e+01 1.00055970802563e+05 
6.44669357869463e+01 1.00065431990416e+05 
6.46249374433373e+01 1.00073933060521e+05 
6.47829389136374e+01 1.00083114318470e+05 
6.49409399663625e+01 1.00092323459353e+05 
6.50989409632269e+01 1.00102608730946e+05 
6.52569421377169e+01 1.00109918815741e+05 
6.54149430085585e+01 1.00114443981293e+05 
6.55729437641150e+01 1.00117183010340e+05 
6.57309443638751e+01 1.00119929899295e+05 
6.58889448714392e+01 1.00122143842821e+05 
6.60469454271883e+01 1.00125055493709e+05 
6.62049458871531e+01 1.00125182409495e+05 
6.63629460911794e+01 1.00123424554676e+05 
6.65209461944869e+01 1.00119631859908e+05 
6.66789460139657e+01 1.00115340287331e+05 
6.68369454321013e+01 1.00110160826384e+05 
6.69949447414460e+01 1.00104927429535e+05 
6.71529441536746e+01 1.00098029006856e+05 
6.73109433241402e+01 1.00090691910338e+05 
6.74689424701647e+01 1.00081844123736e+05 
6.76269417991850e+01 1.00072119349020e+05 
6.77849410142811e+01 1.00061387801160e+05 
6.79429404441664e+01 1.00049841398795e+05 
6.81009399323400e+01 1.00038245348398e+05 
6.82589394467423e+01 1.00027815025807e+05 
6.84169390831585e+01 1.00016891152322e+05 
6.85749387125848e+01 1.00004972154698e+05 
6.87329381770452e+01 9.99921472248854e+04 
6.88909376719355e+01 9.99780279897496e+04 
6.90489371579850e+01 9.99654015330458e+04 
6.92069365995741e+01 9.99553015015403e+04 
6.93649360510441e+01 9.99458843029313e+04 
6.95229353740816e+01 9.99355524089712e+04 
6.96809345840638e+01 9.99247608260980e+04 
6.98389340499524e+01 9.99126743358077e+04 
6.99969337688401e+01 9.99033307121184e+04 
7.01549335087798e+01 9.98967954324765e+04 
7.03129334087804e+01 9.98919582858733e+04 
7.04709333808406e+01 9.98867791967119e+04 
7.06289333787524e+01 9.98819125160569e+04 
7.07869336204822e+01 9.98761544907084e+04 
7.09449340672215e+01 9.98734720682927e+04 
7.11029345997939e+01 9.98730467598558e+04 
7.12609350713582e+01 9.98747484426452e+04 
7.14189347160093e+01 9.98767850465472e+04 
7.15769336370085e+01 9.98796946792579e+04 
7.17349322495437e+01 9.98824211716059e+04 
7.18929307461385e+01 9.98873337466008e+04 
7.20509289766604e+01 9.98932924839202e+04 
7.22089272661357e+01 9.99010050302634e+04 
7.23669254718874e+01 9.99095600596766e+04 
7.25249235776293e+01 9.99192139985401e+04 
7.26829219494500e+01 9.99295772922439e+04 
7.28409203727508e+01 9.99406374858047e+04 
7.29989186538633e+01 9.99509270509278e+04 
7.31569171184710e+01 9.99621018198562e+04 
7.33149154807419e+01 9.99743695113541e+04 
7.34729138742871e+01 9.99875143287151e+04 
7.36309123482416e+01 1.00001903526928e+05 
7.37889111043111e+01 1.00015187223311e+05 
7.39469098644377e+01 1.00026055063956e+05 
7.41049087471577e+01 1.00036625642888e+05 
7.42629075233993e+01 1.00048015781839e+05 
7.44209062786759e+01 1.00059841135992e+05 
7.45789051660299e+01 1.00072995354575e+05 
7.47369040521852e+01 1.00083362154581e+05 
7.48949026971529e+01 1.00091092110359e+05 
7.50529013271319e+01 1.00097302134227e+05 
7.52109000002093e+01 1.00103805233167e+05 
7.53688985762336e+01 1.00110044727192e+05 
7.55268972581844e+01 1.00117305741182e+05 
7.56848960103278e+01 1.00121529272036e+05 
7.58428947255754e+01 1.00123377016125e+05 
7.60008936594136e+01 1.00123203606534e+05 
7.61588924322546e+01 1.00122770026232e+05 
7.63168911638559e+01 1.00121581839740e+05 
7.64748900450755e+01 1.00120771502025e+05 
7.66328890548658e+01 1.00117563075948e+05 
7.67908878834910e+01 1.00113111197597e+05 
7.69488867890563e+01 1.00106732723259e+05 
7.71068856575359e+01 1.00099713152880e+05 
7.72648846605642e+01 1.00091640236179e+05 
7.74228838477881e+01 1.00083119338313e+05 
7.75808832323467e+01 1.00073647570238e+05 
7.77388824246277e+01 1.00064472904487e+05 
7.78968816322887e+01 1.00054198398856e+05 
7.80548807011359e+01 1.00042955327896e+05 
7.82128796943324e+01 1.00030692787751e+05 
7.83708787081097e+01 1.00017386885538e+05 
7.85288777862713e+01 1.00004781159515e+05 
7.86868768060587e+01 9.99939827093871e+04 
7.88448759839678e+01 9.99831373648621e+04 
7.90028750293676e+01 9.99714123054665e+04 
7.91608740579794e+01 9.99589681529074e+04 
7.93188731240776e+01 9.99450885998844e+04 
7.94768722866737e+01 9.99334688043588e+04 
7.96348714744995e+01 9.99244624270911e+04 
7.97928707841639e+01 9.99166444586215e+04 
7.99508700431175e+01 9.99081634648809e+04 
8.01088692532010e+01 9.98997933655261e+04 
8.02668685571017e+01 9.98901661263910e+04 
8.04248679221742e+01 9.98836138384782e+04 
8.05828672895297e+01 9.98797104531662e+04 
8.07408668401889e+01 9.98777538796627e+04 
8.08988663183940e+01 9.98757899710089e+04 
8.10568658136689e+01 9.98745147404309e+04 
8.12148653641856e+01 9.98726694521962e+04 
8.13728650602450e+01 9.98735846848676e+04 
8.15308647094415e+01 9.98761968089153e+04 
8.16888645412167e+01 9.98809517156395e+04 
8.18468642992061e+01 9.98862555998366e+04 
8.20048640365115e+01 9.98926117102388e+04 
8.21628638878385e+01 9.98992069898638e+04 
8.23208638447879e+01 9.99073908952972e+04 
8.24788638290085e+01 9.99157423913198e+04 
8.26368639316287e+01 9.99255540754401e+04 
8.27948639928999e+01 9.99364228907214e+04 
8.29528640097892e+01 9.99483451589618e+04 
8.31108641257694e+01 9.99612768070776e+04 
8.32688643339817e+01 9.99740243791730e+04 
8.34268645003396e+01 9.99853111457257e+04 
8.35848648702901e+01 9.99968623929953e+04 
8.37428651207969e+01 1.00009460019358e+05 
8.39008653577218e+01 1.00022764999191e+05 
8.40588656514321e+01 1.00037428103014e+05 
8.42168660797810e+01 1.00050152698767e+05 
8.43748664504764e+01 1.00060045551966e+05 
8.45328669632765e+01 1.00069024624177e+05 
8.46908673910183e+01 1.00078731824216e+05 
8.48488677558302e+01 1.00088704908410e+05 
8.50068682338221e+01 1.00099694187315e+05 
8.51648687934220e+01 1.00107765917329e+05 
8.53228693020651e+01 1.00112975119085e+05 
8.54808699523303e+01 1.00116427220122e+05 
8.56388704750119e+01 1.00119956959526e+05 
8.57968709951201e+01 1.00123002294678e+05 
8.59548715414848e+01 1.00126776486864e+05 
8.61128721364377e+01 1.00127693124757e+05 
8.62708727179347e+01 1.00126573717198e+05 
8.64288733473842e+01 1.00123415957143e+05 
8.65868739800674e+01 1.00119774791768e+05 
8.67448745080638e+01 1.00115237082073e+05 
8.69028751837753e+01 1.00110712444919e+05 
8.70608758960404e+01 1.00104370933961e+05 
8.72188765860811e+01 1.00097401226889e+05 
8.73768773582707e+01 1.00088830923892e+05 
8.75348780012508e+01 1.00079395232429e+05 
8.76928786004829e+01 1.00068920970814e+05 
8.78508792441084e+01 1.00057671885835e+05 
8.80088800434000e+01 1.00046218758255e+05 
8.81668806916759e+01 1.00035792642176e+05 
8.83248814855233e+01 1.00024758880413e+05 
8.84828821285871e+01 1.00012726513580e+05 
8.86408826913246e+01 9.99997432974757e+04 
8.87988833442697e+01 9.99855020056521e+04 
8.89568840341034e+01 9.99725904583902e+04 
8.91148847006716e+01 9.99622138276301e+04 
8.92728853750260e+01 9.99522789455329e+04 
8.94308859501744e+01 9.99415060594719e+04 
8.95888863918260e+01 9.99301870077929e+04 
8.97468869365088e+01 9.99175669544298e+04 
8.99048875615784e+01 9.99076364014955e+04 
9.00628880436466e+01 9.99004536147236e+04 
9.02208886930447e+01 9.98949415964515e+04 
9.03788890986989e+01 9.98890796283911e+04 
9.05368894584843e+01 9.98834825663436e+04 
9.06948898189981e+01 9.98769386366187e+04 
9.08528902524989e+01 9.98735048186174e+04 
9.10108905775425e+01 9.98724032883384e+04 
9.11688909467955e+01 9.98734228288879e+04 
9.13268912145514e+01 9.98747627134106e+04 
9.14848913158008e+01 9.98769513752768e+04 
9.16428915822170e+01 9.98789093109011e+04 
9.18008918169298e+01 9.98831613690730e+04 
9.19588919708743e+01 9.98885982972787e+04 
9.21168922103786e+01 9.98958731472948e+04 
9.22748922710947e+01 9.99039349044585e+04 
9.24328922715071e+01 9.99131101093991e+04 
9.25908922911711e+01 9.99229289298182e+04 
9.27488924135160e+01 9.99336310103827e+04 
9.29068924081221e+01 9.99437182000514e+04 
9.30648924455409e+01 9.99548149937286e+04 
9.32228924177697e+01 9.99669947830134e+04 
9.33808923174738e+01 9.99801097982625e+04 
9.35388923127242e+01 9.99944486911548e+04 
9.36968923560327e+01 1.00007771676053e+05 
9.38548923989902e+01 1.00018984245681e+05 
9.40128924384549e+01 1.00029969663672e+05 
9.41708924405656e+01 1.00041792466702e+05 
9.43288923108054e+01 1.00054052054720e+05 
9.44868920599109e+01 1.00067680503195e+05 
9.46448916529606e+01 1.00078702722188e+05 
9.48028916076712e+01 1.00087015265495e+05 
9.49608914944496e+01 1.00093958775806e+05 
9.51188913057259e+01 1.00101251879566e+05 
9.52768912337209e+01 1.00108306883760e+05 
9.54348911411694e+01 1.00116438147840e+05 
9.55928911756063e+01 1.00121488829890e+05 
9.57508910635802e+01 1.00124079185244e+05 
9.59088910424678e+01 1.00124669175213e+05 
9.60668908867435e+01 1.00125048178689e+05 
9.62248906047757e+01 1.00124699956933e+05 
9.63828904827730e+01 1.00124793929740e+05 
9.65408903462501e+01 1.00122374362779e+05 
9.66988901623332e+01 1.00118549556724e+05 
9.68568900168082e+01 1.00112751399149e+05 
9.70148897240250e+01 1.00106338764059e+05 
9.71728892944551e+01 1.00098873550738e+05 
9.73308889047403e+01 1.00091013558180e+05 
9.74888886147520e+01 1.00082024041767e+05 
9.76468881266289e+01 1.00073142939837e+05 
9.78048877845412e+01 1.00063072898069e+05 
9.79628871957190e+01 1.00052014081504e+05 
9.81208865399089e+01 1.00039926126837e+05 
9.82788858937054e+01 1.00026840859828e+05 
9.84368853019583e+01 1.00014287862821e+05 
9.85948846206375e+01 1.00003392665805e+05 
9.87528839618249e+01 9.99923722050135e+04 
9.89108832001843e+01 9.99804743290725e+04 
9.90688822583182e+01 9.99677157678435e+04 
9.92268814607112e+01 9.99535450578487e+04 
9.93848806720824e+01 9.99415064849355e+04 
9.95428797821141e+01 9.99320797918647e+04 
9.97008790097915e+01 9.99237076436947e+04 
9.98588780603129e+01 9.99146113826276e+04 
1.00016877088879e+02 9.99055454270084e+04 
