# Liste des scalaires : TEMPS pmat 
0.00000000000000e+00 1.00000000000000e+05 
1.58013544018059e-01 1.00000000000000e+05 
3.16027088036117e-01 1.00000000000000e+05 
4.74040632054176e-01 1.00000000000000e+05 
6.32054176072234e-01 1.00000000000000e+05 
7.90067720090293e-01 1.00000000000000e+05 
9.48081264108351e-01 1.00000000000000e+05 
1.10609480812641e+00 1.00000000000000e+05 
1.26410835214447e+00 1.00000000000000e+05 
1.42212189616253e+00 1.00000000000000e+05 
1.58013544018058e+00 1.00000000000000e+05 
1.73814898419864e+00 1.00000000000000e+05 
1.89616252821670e+00 1.00000000000000e+05 
2.05417607223476e+00 1.00000000000000e+05 
2.21218961625282e+00 1.00000000000000e+05 
2.37020316027087e+00 1.00000000000000e+05 
2.52821670428893e+00 1.00000000000000e+05 
2.68623024830699e+00 1.00000000000000e+05 
2.84424379232505e+00 1.00000000000000e+05 
3.00225733634311e+00 1.00000000000000e+05 
3.16027088036116e+00 1.00000000000000e+05 
3.31828442437922e+00 1.00000000000000e+05 
3.47629796839728e+00 1.00000000000000e+05 
3.63431151241534e+00 1.00000000000000e+05 
3.79232505643340e+00 1.00000000000000e+05 
3.95033860045145e+00 1.00000000000000e+05 
4.10835214446951e+00 1.00000000000000e+05 
4.26636568848757e+00 1.00000000000000e+05 
4.42437923250563e+00 1.00000000000000e+05 
4.58239277652368e+00 1.00000000000000e+05 
4.74040632054174e+00 1.00000000000000e+05 
4.89841986455980e+00 1.00000000000000e+05 
5.05643340857786e+00 1.00000000000000e+05 
5.21444695259591e+00 1.00000000000000e+05 
5.37246049661397e+00 1.00000000000000e+05 
5.53047404063203e+00 1.00000000000000e+05 
5.68848758465009e+00 1.00000000000000e+05 
5.84650112866814e+00 1.00000000000000e+05 
6.00451467268620e+00 1.00000000000000e+05 
6.16252821670426e+00 1.00000000000000e+05 
6.32054176072231e+00 1.00000000000000e+05 
6.47855530474037e+00 1.00000000000000e+05 
6.63656884875843e+00 1.00000000000000e+05 
6.79458239277648e+00 1.00000000000000e+05 
6.95259593679454e+00 1.00000000000000e+05 
7.11060948081260e+00 1.00000000000000e+05 
7.26862302483065e+00 1.00000000000000e+05 
7.42663656884871e+00 1.00000000000000e+05 
7.58465011286677e+00 1.00000000000000e+05 
7.74266365688483e+00 1.00000000000000e+05 
7.90067720090288e+00 1.00000000000000e+05 
8.05869074492094e+00 1.00000000000000e+05 
8.21670428893899e+00 1.00000000000000e+05 
8.37471783295705e+00 1.00000000000000e+05 
8.53273137697511e+00 1.00000000000000e+05 
8.69074492099316e+00 1.00000000000000e+05 
8.84875846501122e+00 1.00000000000000e+05 
9.00677200902927e+00 1.00000000000000e+05 
9.16478555304733e+00 1.00000000000000e+05 
9.32279909706538e+00 1.00000000000000e+05 
9.48081264108344e+00 1.00000000000000e+05 
9.63882618510150e+00 1.00000000000000e+05 
9.79683972911955e+00 1.00000000000000e+05 
9.95485327313761e+00 1.00000000000000e+05 
1.01128668171557e+01 1.00000000000000e+05 
1.02708803611737e+01 1.00000000000000e+05 
1.04288939051918e+01 1.00000000000000e+05 
1.05869074492098e+01 1.00000000000000e+05 
1.07449209932279e+01 1.00000000000000e+05 
1.09029345372459e+01 1.00000000000000e+05 
1.10609480812640e+01 1.00000000000000e+05 
1.12189616252821e+01 1.00000000000000e+05 
1.13769751693001e+01 1.00000000000000e+05 
1.15349887133182e+01 1.00000000000000e+05 
1.16930022573362e+01 1.00000000000000e+05 
1.18510158013543e+01 1.00000000000000e+05 
1.20090293453723e+01 1.00000000000000e+05 
1.21670428893904e+01 1.00000000000000e+05 
1.23250564334084e+01 1.00000000000000e+05 
1.24830699774265e+01 1.00000000000000e+05 
1.26410835214446e+01 1.00000000000000e+05 
1.27990970654626e+01 1.00000000000000e+05 
1.29571106094807e+01 1.00000000000000e+05 
1.31151241534987e+01 1.00000000000000e+05 
1.32731376975168e+01 1.00000000000000e+05 
1.34311512415348e+01 1.00000000000000e+05 
1.35891647855529e+01 1.00000000000000e+05 
1.37471783295709e+01 1.00000000000000e+05 
1.39051918735890e+01 1.00000000000000e+05 
1.40632054176071e+01 1.00000000000000e+05 
1.42212189616251e+01 1.00000000000000e+05 
1.43792325056432e+01 1.00000000000000e+05 
1.45372460496612e+01 1.00000000000000e+05 
1.46952595936793e+01 1.00000000000000e+05 
1.48532731376973e+01 1.00000000000000e+05 
1.50112866817154e+01 1.00000000000000e+05 
1.51693002257334e+01 1.00000000000000e+05 
1.53273137697515e+01 1.00000000000000e+05 
1.54853273137695e+01 1.00000000000000e+05 
1.56433408577876e+01 1.00000000000000e+05 
1.58013544018057e+01 1.00000000000000e+05 
1.59593679458237e+01 1.00000000000000e+05 
1.61173814898418e+01 1.00000000000000e+05 
1.62753950338598e+01 1.00000000000000e+05 
1.64334085778779e+01 1.00000000000000e+05 
1.65914221218959e+01 1.00000000000000e+05 
1.67494356659140e+01 1.00000000000000e+05 
1.69074492099320e+01 1.00000000000000e+05 
1.70654627539501e+01 1.00000000000000e+05 
1.72234762979681e+01 1.00000000000000e+05 
1.73814898419862e+01 1.00000000000000e+05 
1.75395033860043e+01 1.00000000000000e+05 
1.76975169300223e+01 1.00000000000000e+05 
1.78555304740404e+01 1.00000000000000e+05 
1.80135440180584e+01 1.00000000000000e+05 
1.81715575620765e+01 1.00000000000000e+05 
1.83295711060945e+01 1.00000000000000e+05 
1.84875846501126e+01 1.00000000000000e+05 
1.86455981941306e+01 1.00000000000000e+05 
1.88036117381487e+01 1.00000000000000e+05 
1.89616252821667e+01 1.00000000000000e+05 
1.91196388261848e+01 1.00000000000000e+05 
1.92776523702028e+01 1.00000000000000e+05 
1.94356659142209e+01 1.00000000000000e+05 
1.95936794582390e+01 1.00000000000000e+05 
1.97516930022570e+01 1.00000000000000e+05 
1.99097065462751e+01 1.00000000000000e+05 
2.00677200902931e+01 1.00000000000000e+05 
2.02257336343112e+01 1.00000000000000e+05 
2.03837471783292e+01 1.00000000000000e+05 
2.05417607223473e+01 1.00000000000000e+05 
2.06997742663653e+01 1.00000000000000e+05 
2.08577878103834e+01 1.00000000000000e+05 
2.10158013544014e+01 1.00000000000000e+05 
2.11738148984195e+01 1.00000000000000e+05 
2.13318284424376e+01 1.00000000000000e+05 
2.14898419864556e+01 1.00000000000000e+05 
2.16478555304737e+01 1.00000000000000e+05 
2.18058690744917e+01 1.00000000000000e+05 
2.19638826185098e+01 1.00000000000000e+05 
2.21218961625278e+01 1.00000000000000e+05 
2.22799097065459e+01 1.00000000000000e+05 
2.24379232505639e+01 1.00000000000000e+05 
2.25959367945820e+01 1.00000000000000e+05 
2.27539503386000e+01 1.00000000000000e+05 
2.29119638826181e+01 1.00000000000000e+05 
2.30699774266361e+01 1.00000000000000e+05 
2.32279909706542e+01 1.00000000000000e+05 
2.33860045146723e+01 1.00000000000000e+05 
2.35440180586903e+01 1.00000000000000e+05 
2.37020316027084e+01 1.00000000000000e+05 
2.38600451467264e+01 1.00000000000000e+05 
2.40180586907445e+01 1.00000000000000e+05 
2.41760722347625e+01 1.00000000000000e+05 
2.43340857787806e+01 1.00000000000000e+05 
2.44920993227986e+01 1.00000000000000e+05 
2.46501128668167e+01 1.00000000000000e+05 
2.48081264108347e+01 1.00000000000000e+05 
2.49661399548528e+01 1.00000000000000e+05 
2.51241534988708e+01 1.00000000000000e+05 
2.52821670428889e+01 1.00000000000000e+05 
2.54401805869069e+01 1.00000000000000e+05 
2.55981941309250e+01 1.00000000000000e+05 
2.57562076749430e+01 1.00000000000000e+05 
2.59142212189611e+01 1.00000000000000e+05 
2.60722347629791e+01 1.00000000000000e+05 
2.62302483069972e+01 1.00000000000000e+05 
2.63882618510153e+01 1.00000000000000e+05 
2.65462753950333e+01 1.00000000000000e+05 
2.67042889390514e+01 1.00000000000000e+05 
2.68623024830694e+01 1.00000000000000e+05 
2.70203160270875e+01 1.00000000000000e+05 
2.71783295711055e+01 1.00000000000001e+05 
2.73363431151236e+01 1.00000000000004e+05 
2.74943566591416e+01 1.00000000000018e+05 
2.76523702031597e+01 1.00000000000064e+05 
2.78103837471777e+01 1.00000000000158e+05 
2.79683972911958e+01 1.00000000000283e+05 
2.81264108352138e+01 1.00000000000634e+05 
2.82844243792319e+01 1.00000000001433e+05 
2.84424379232499e+01 1.00000000002540e+05 
2.86004514672680e+01 1.00000000018197e+05 
2.87584650112860e+01 1.00000000174161e+05 
2.89164785553041e+01 1.00000000422897e+05 
2.90744920993221e+01 1.00000000838297e+05 
2.92325056433402e+01 1.00000001326502e+05 
2.93905191873582e+01 1.00000001954515e+05 
2.95485327313763e+01 1.00000002788236e+05 
2.97065462753943e+01 1.00000004215726e+05 
2.98645598194124e+01 1.00000006179184e+05 
3.00225733634304e+01 1.00000009253871e+05 
3.01805869074485e+01 1.00000013743333e+05 
3.03386004514665e+01 1.00000019801348e+05 
3.04966139954843e+01 1.00000028298806e+05 
3.06546275395003e+01 1.00000041811726e+05 
3.08126410834971e+01 1.00000059891909e+05 
3.09706546272957e+01 1.00000085844823e+05 
3.11286681708936e+01 1.00000121240416e+05 
3.12866817143274e+01 1.00000166144459e+05 
3.14446952574723e+01 1.00000224435367e+05 
3.16027088001674e+01 1.00000309202824e+05 
3.17607223421364e+01 1.00000417031533e+05 
3.19187358832495e+01 1.00000565340364e+05 
3.20767494226194e+01 1.00000763063584e+05 
3.22347629599941e+01 1.00001012503496e+05 
3.23927764943706e+01 1.00001334166397e+05 
3.25507900239423e+01 1.00001787015368e+05 
3.27088035457829e+01 1.00002356756883e+05 
3.28668170595274e+01 1.00003101076014e+05 
3.30248305599181e+01 1.00004038710143e+05 
3.31828440425992e+01 1.00005148719758e+05 
3.33408575031136e+01 1.00006449792272e+05 
3.34988709293862e+01 1.00008052075590e+05 
3.36568843063214e+01 1.00009869299936e+05 
3.38148976325709e+01 1.00011941961412e+05 
3.39729108878444e+01 1.00014216641277e+05 
3.41309240403887e+01 1.00016610259868e+05 
3.42889370834585e+01 1.00019073601682e+05 
3.44469499667095e+01 1.00021690121541e+05 
3.46049626416154e+01 1.00024346930554e+05 
3.47629751094123e+01 1.00026999158733e+05 
3.49209873220811e+01 1.00029522505485e+05 
3.50789991793260e+01 1.00031902596657e+05 
3.52370106929348e+01 1.00034077136722e+05 
3.53950217552060e+01 1.00036103321918e+05 
3.55530322801683e+01 1.00037923826272e+05 
3.57110422484800e+01 1.00039483513183e+05 
3.58690516557028e+01 1.00040675285513e+05 
3.60270604042267e+01 1.00041555472215e+05 
3.61850684108629e+01 1.00042131632321e+05 
3.63430757025597e+01 1.00042407329829e+05 
3.65010821998343e+01 1.00042365769126e+05 
3.66590879149553e+01 1.00041945806441e+05 
3.68170929429180e+01 1.00041083284231e+05 
3.69750972659910e+01 1.00039859830561e+05 
3.71331008599683e+01 1.00038359006505e+05 
3.72911038794230e+01 1.00036483205091e+05 
3.74491063311914e+01 1.00034270753902e+05 
3.76071083058444e+01 1.00031650130413e+05 
3.77651096857588e+01 1.00028638283396e+05 
3.79231104073047e+01 1.00025319562086e+05 
3.80811109502943e+01 1.00021827760164e+05 
3.82391112062999e+01 1.00017965420087e+05 
3.83971111660317e+01 1.00013814712249e+05 
3.85551109656345e+01 1.00009315358531e+05 
3.87131105571401e+01 1.00004591602772e+05 
3.88711098652798e+01 9.99997186756111e+04 
3.90291090063081e+01 9.99948648149857e+04 
3.91871079803516e+01 9.99897451580381e+04 
3.93451069164122e+01 9.99845156428288e+04 
3.95031056072435e+01 9.99791329646819e+04 
3.96611044176520e+01 9.99738265954988e+04 
3.98191030871787e+01 9.99686370845514e+04 
3.99771018088401e+01 9.99637032258927e+04 
4.01351007074698e+01 9.99587723712888e+04 
4.02930997022155e+01 9.99539515515447e+04 
4.04510986021552e+01 9.99492743766403e+04 
4.06090971618161e+01 9.99450609920554e+04 
4.07670958737284e+01 9.99412305271189e+04 
4.09250951708767e+01 9.99378903043073e+04 
4.10830945501286e+01 9.99348645748328e+04 
4.12410939472816e+01 9.99322180828349e+04 
4.13990933807653e+01 9.99300223181693e+04 
4.15570928592266e+01 9.99285453359370e+04 
4.17150923413803e+01 9.99276723503965e+04 
4.18730918618998e+01 9.99273553438174e+04 
4.20310913871491e+01 9.99276026084723e+04 
4.21890909437351e+01 9.99283724659173e+04 
4.23470905543198e+01 9.99297829418087e+04 
4.25050902256413e+01 9.99319677481778e+04 
4.26630899184684e+01 9.99347537308163e+04 
4.28210896745392e+01 9.99379631653413e+04 
4.29790892602239e+01 9.99417680015285e+04 
4.31370888188632e+01 9.99460824608368e+04 
4.32950884109090e+01 9.99509984214812e+04 
4.34530877023690e+01 9.99564373951582e+04 
4.36110866376294e+01 9.99622431134900e+04 
4.37690854724754e+01 9.99681305575657e+04 
4.39270845035842e+01 9.99744159460751e+04 
4.40850833364672e+01 9.99809799070136e+04 
4.42430820276957e+01 9.99878759813187e+04 
4.44010804989590e+01 9.99948336055859e+04 
4.45590788134630e+01 1.00001779280570e+05 
4.47170770655565e+01 1.00008413765952e+05 
4.48750752148097e+01 1.00015121040395e+05 
4.50330732938293e+01 1.00021740087128e+05 
4.51910713795358e+01 1.00028323906920e+05 
4.53490693983586e+01 1.00034488630088e+05 
4.55070674106562e+01 1.00040247647564e+05 
4.56650653676240e+01 1.00045394950120e+05 
4.58230631625694e+01 1.00050248588172e+05 
4.59810608096228e+01 1.00054771000690e+05 
4.61390583312556e+01 1.00058912899037e+05 
4.62970557728472e+01 1.00062279082206e+05 
4.64550531385988e+01 1.00065004173726e+05 
4.66130504658573e+01 1.00067042353715e+05 
4.67710476910669e+01 1.00068564266279e+05 
4.69290448370875e+01 1.00069564199851e+05 
4.70870418817074e+01 1.00070001253214e+05 
4.72450388394929e+01 1.00069614505717e+05 
4.74030357844738e+01 1.00068573885822e+05 
4.75610327369803e+01 1.00066987144885e+05 
4.77190296641417e+01 1.00064844853521e+05 
4.78770265567167e+01 1.00062210276301e+05 
4.80350232907807e+01 1.00059005316568e+05 
4.81930199724646e+01 1.00055201811838e+05 
4.83510166821919e+01 1.00050942260709e+05 
4.85090134340476e+01 1.00046486745708e+05 
4.86670101864053e+01 1.00041593749375e+05 
4.88250069367958e+01 1.00036365253098e+05 
4.89830037017608e+01 1.00030739821920e+05 
4.91410003791622e+01 1.00024891017087e+05 
4.92989969712441e+01 1.00018899919463e+05 
4.94569936135427e+01 1.00013055027138e+05 
4.96149902571749e+01 1.00007038850972e+05 
4.97729869349215e+01 1.00000930391042e+05 
4.99309836461128e+01 9.99946872194706e+04 
5.00889804092298e+01 9.99886461451864e+04 
5.02469772586986e+01 9.99828108304671e+04 
5.04049742099479e+01 9.99774066749487e+04 
5.05629710368897e+01 9.99721169562838e+04 
5.07209677221875e+01 9.99670104534194e+04 
5.08789643925024e+01 9.99620326185290e+04 
5.10369611214738e+01 9.99576175870639e+04 
5.11949579837573e+01 9.99536488424686e+04 
5.13529549196390e+01 9.99502834805935e+04 
5.15109519220113e+01 9.99472680038729e+04 
5.16689490194469e+01 9.99446065350339e+04 
5.18269461871349e+01 9.99423449392417e+04 
5.19849434232851e+01 9.99408197038662e+04 
5.21429407955823e+01 9.99398682685518e+04 
5.23009380095267e+01 9.99395213316135e+04 
5.24589351151370e+01 9.99396759509661e+04 
5.26169322605497e+01 9.99402726124144e+04 
5.27749294397864e+01 9.99413781066613e+04 
5.29329267403186e+01 9.99431783236600e+04 
5.30909241439174e+01 9.99455194002907e+04 
5.32489216473604e+01 9.99482439339129e+04 
5.34069192807000e+01 9.99514565330451e+04 
5.35649170063727e+01 9.99550728897964e+04 
5.37229148023365e+01 9.99591590275850e+04 
5.38809127246988e+01 9.99636709603180e+04 
5.40389107877367e+01 9.99684913280904e+04 
5.41969089517492e+01 9.99733612180674e+04 
5.43549072484630e+01 9.99785232410443e+04 
5.45129054270051e+01 9.99838916849220e+04 
5.46709034516164e+01 9.99895066829793e+04 
5.48289014795824e+01 9.99951468490867e+04 
5.49868996507851e+01 1.00000769673224e+05 
5.51448978880694e+01 1.00006106017315e+05 
5.53028962526066e+01 1.00011476447319e+05 
5.54608947556885e+01 1.00016768036013e+05 
5.56188933188464e+01 1.00022031858682e+05 
5.57768920070724e+01 1.00026921470145e+05 
5.59348908650161e+01 1.00031464352840e+05 
5.60928898167026e+01 1.00035481284798e+05 
5.62508889037190e+01 1.00039248154209e+05 
5.64088881394332e+01 1.00042740773148e+05 
5.65668874484921e+01 1.00045938334456e+05 
5.67248868836807e+01 1.00048476253287e+05 
5.68828864893542e+01 1.00050477543343e+05 
5.70408861960338e+01 1.00051898401840e+05 
5.71988860391269e+01 1.00052870600376e+05 
5.73568857825965e+01 1.00053435839442e+05 
5.75148854374958e+01 1.00053548664035e+05 
5.76728851158728e+01 1.00052959686459e+05 
5.78308849012099e+01 1.00051808400792e+05 
5.79888847480601e+01 1.00050216578021e+05 
5.81468847532464e+01 1.00048129969883e+05 
5.83048848708051e+01 1.00045624901843e+05 
5.84628851001882e+01 1.00042667279333e+05 
5.86208854661624e+01 1.00039142227260e+05 
5.87788859510897e+01 1.00035227759202e+05 
5.89368865555350e+01 1.00031129669677e+05 
5.90948872830377e+01 1.00026647184750e+05 
5.92528880864323e+01 1.00021856053253e+05 
5.94108889302507e+01 1.00016725225411e+05 
5.95688898327881e+01 1.00011402539460e+05 
5.97268908041111e+01 1.00005969127316e+05 
5.98848918003332e+01 1.00000671743471e+05 
6.00428928680254e+01 9.99952094318769e+04 
6.02008940796456e+01 9.99897089199498e+04 
6.03588954725139e+01 9.99841316454253e+04 
6.05168971072922e+01 9.99787820437169e+04 
6.06748990531746e+01 9.99736588464342e+04 
6.08329010433522e+01 9.99689637515222e+04 
6.09909029438758e+01 9.99644257620154e+04 
6.11489044805151e+01 9.99601111202808e+04 
6.13069057727749e+01 9.99560068155607e+04 
6.14649070351632e+01 9.99525160161274e+04 
6.16229081384915e+01 9.99495194402261e+04 
6.17809092441211e+01 9.99471196489413e+04 
6.19389101339700e+01 9.99451293867619e+04 
6.20969109801752e+01 9.99435362381337e+04 
6.22549119387378e+01 9.99423951514684e+04 
6.24129129488496e+01 9.99420028451055e+04 
6.25709138861800e+01 9.99422046357138e+04 
6.27289151983368e+01 9.99429409558945e+04 
6.28869165870729e+01 9.99442018121810e+04 
6.30449181597254e+01 9.99459201781782e+04 
6.32029200758520e+01 9.99481532787876e+04 
6.33609221827735e+01 9.99510225658751e+04 
6.35189242560073e+01 9.99543776041072e+04 
6.36769260693996e+01 9.99580109824906e+04 
6.38349281051127e+01 9.99620947056788e+04 
6.39929298098694e+01 9.99665253008657e+04 
6.41509316615666e+01 9.99713366649169e+04 
6.43089337942408e+01 9.99764381645211e+04 
6.44669357869463e+01 9.99817254301730e+04 
6.46249374433373e+01 9.99869378294993e+04 
6.47829389136374e+01 9.99923494185501e+04 
6.49409399663625e+01 9.99978545393688e+04 
6.50989409632269e+01 1.00003475690952e+05 
6.52569421377169e+01 1.00008955245964e+05 
6.54149430085585e+01 1.00014275993054e+05 
6.55729437641150e+01 1.00019221084364e+05 
6.57309443638751e+01 1.00024075181757e+05 
6.58889448714392e+01 1.00028750004155e+05 
6.60469454271883e+01 1.00033284145305e+05 
6.62049458871531e+01 1.00037299297448e+05 
6.63629460911794e+01 1.00040872901682e+05 
6.65209461944869e+01 1.00043886059380e+05 
6.66789460139657e+01 1.00046560851878e+05 
6.68369454321013e+01 1.00048892495577e+05 
6.69949447414460e+01 1.00050844927158e+05 
6.71529441536746e+01 1.00052091660328e+05 
6.73109433241402e+01 1.00052795785765e+05 
6.74689424701647e+01 1.00052930646210e+05 
6.76269417991850e+01 1.00052592030193e+05 
6.77849410142811e+01 1.00051831665967e+05 
6.79429404441664e+01 1.00050601314536e+05 
6.81009399323400e+01 1.00048716865962e+05 
6.82589394467423e+01 1.00046321956598e+05 
6.84169390831585e+01 1.00043598483794e+05 
6.85749387125848e+01 1.00040414420938e+05 
6.87329381770452e+01 1.00036849598749e+05 
6.88909376719355e+01 1.00032861136816e+05 
6.90489371579850e+01 1.00028483075307e+05 
6.92069365995741e+01 1.00023817174936e+05 
6.93649360510441e+01 1.00019105125805e+05 
6.95229353740816e+01 1.00014110188796e+05 
6.96809345840638e+01 1.00008920384242e+05 
6.98389340499524e+01 1.00003492135970e+05 
6.99969337688401e+01 9.99980525396909e+04 
7.01549335087798e+01 9.99926497037600e+04 
7.03129334087804e+01 9.99875251939011e+04 
7.04709333808406e+01 9.99823816537063e+04 
7.06289333787524e+01 9.99772963581277e+04 
7.07869336204822e+01 9.99722601132663e+04 
7.09449340672215e+01 9.99676252741664e+04 
7.11029345997939e+01 9.99633479153025e+04 
7.12609350713582e+01 9.99595740015081e+04 
7.14189347160093e+01 9.99560673463742e+04 
7.15769336370085e+01 9.99528763613540e+04 
7.17349322495437e+01 9.99499880987245e+04 
7.18929307461385e+01 9.99477837310617e+04 
7.20509289766604e+01 9.99461172691734e+04 
7.22089272661357e+01 9.99450204780475e+04 
7.23669254718874e+01 9.99444073876136e+04 
7.25249235776293e+01 9.99442088336731e+04 
7.26829219494500e+01 9.99445012130115e+04 
7.28409203727508e+01 9.99455298238885e+04 
7.29989186538633e+01 9.99471225115366e+04 
7.31569171184710e+01 9.99491741493141e+04 
7.33149154807419e+01 9.99517495169797e+04 
7.34729138742871e+01 9.99547555495512e+04 
7.36309123482416e+01 9.99582395768253e+04 
7.37889111043111e+01 9.99622489586449e+04 
7.39469098644377e+01 9.99666300579771e+04 
7.41049087471577e+01 9.99711631776224e+04 
7.42629075233993e+01 9.99760560406546e+04 
7.44209062786759e+01 9.99812039246361e+04 
7.45789051660299e+01 9.99866377013511e+04 
7.47369040521852e+01 9.99921850481157e+04 
7.48949026971529e+01 9.99977706087777e+04 
7.50529013271319e+01 1.00003138821028e+05 
7.52109000002093e+01 1.00008574108936e+05 
7.53688985762336e+01 1.00014002467733e+05 
7.55268972581844e+01 1.00019430776372e+05 
7.56848960103278e+01 1.00024531540227e+05 
7.58428947255754e+01 1.00029330157126e+05 
7.60008936594136e+01 1.00033643601729e+05 
7.61588924322546e+01 1.00037747624337e+05 
7.63168911638559e+01 1.00041588574068e+05 
7.64748900450755e+01 1.00045167098165e+05 
7.66328890548658e+01 1.00048098462933e+05 
7.67908878834910e+01 1.00050496318282e+05 
7.69488867890563e+01 1.00052296983658e+05 
7.71068856575359e+01 1.00053682911437e+05 
7.72648846605642e+01 1.00054658677903e+05 
7.74228838477881e+01 1.00055199017337e+05 
7.75808832323467e+01 1.00055004372343e+05 
7.77388824246277e+01 1.00054227075161e+05 
7.78968816322887e+01 1.00052985246040e+05 
7.80548807011359e+01 1.00051240838679e+05 
7.82128796943324e+01 1.00049073067777e+05 
7.83708787081097e+01 1.00046448554151e+05 
7.85288777862713e+01 1.00043224342022e+05 
7.86868768060587e+01 1.00039573411309e+05 
7.88448759839678e+01 1.00035706212185e+05 
7.90028750293676e+01 1.00031438372460e+05 
7.91608740579794e+01 1.00026864204160e+05 
7.93188731240776e+01 1.00021928707356e+05 
7.94768722866737e+01 1.00016746237901e+05 
7.96348714744995e+01 1.00011420024457e+05 
7.97928707841639e+01 1.00006191850077e+05 
7.99508700431175e+01 1.00000787298854e+05 
8.01088692532010e+01 9.99952945693060e+04 
8.02668685571017e+01 9.99896843444226e+04 
8.04248679221742e+01 9.99842541703060e+04 
8.05828672895297e+01 9.99790183027473e+04 
8.07408668401889e+01 9.99741845109659e+04 
8.08988663183940e+01 9.99694651787913e+04 
8.10568658136689e+01 9.99649222225737e+04 
8.12148653641856e+01 9.99605512613289e+04 
8.13728650602450e+01 9.99567297599794e+04 
8.15308647094415e+01 9.99534073812009e+04 
8.16888645412167e+01 9.99506581875473e+04 
8.18468642992061e+01 9.99482812252747e+04 
8.20048640365115e+01 9.99462962374601e+04 
8.21628638878385e+01 9.99447217404364e+04 
8.23208638447879e+01 9.99439058843966e+04 
8.24788638290085e+01 9.99436651590139e+04 
8.26368639316287e+01 9.99440027163550e+04 
8.27948639928999e+01 9.99448612919482e+04 
8.29528640097892e+01 9.99461845882501e+04 
8.31108641257694e+01 9.99480134839506e+04 
8.32688643339817e+01 9.99505225958029e+04 
8.34268645003396e+01 9.99535485272068e+04 
8.35848648702901e+01 9.99569021276532e+04 
8.37428651207969e+01 9.99607377184371e+04 
8.39008653577218e+01 9.99649349400979e+04 
8.40588656514321e+01 9.99695425382884e+04 
8.42168660797810e+01 9.99745048060967e+04 
8.43748664504764e+01 9.99796995216511e+04 
8.45328669632765e+01 9.99848693817772e+04 
8.46908673910183e+01 9.99902655767422e+04 
8.48488677558302e+01 9.99957917848634e+04 
8.50068682338221e+01 1.00001483339370e+05 
8.51648687934220e+01 1.00007083143728e+05 
8.53228693020651e+01 1.00012558191563e+05 
8.54808699523303e+01 1.00017672733833e+05 
8.56388704750119e+01 1.00022723167016e+05 
8.57968709951201e+01 1.00027643230510e+05 
8.59548715414848e+01 1.00032438780566e+05 
8.61128721364377e+01 1.00036739378475e+05 
8.62708727179347e+01 1.00040612111824e+05 
8.64288733473842e+01 1.00043929085270e+05 
8.65868739800674e+01 1.00046920418639e+05 
8.67448745080638e+01 1.00049554004270e+05 
8.69028751837753e+01 1.00051836069311e+05 
8.70608758960404e+01 1.00053390629774e+05 
8.72188765860811e+01 1.00054402491608e+05 
8.73768773582707e+01 1.00054832926275e+05 
8.75348780012508e+01 1.00054774603323e+05 
8.76928786004829e+01 1.00054281209740e+05 
8.78508792441084e+01 1.00053322488724e+05 
8.80088800434000e+01 1.00051678429090e+05 
8.81668806916759e+01 1.00049490523464e+05 
8.83248814855233e+01 1.00046955027501e+05 
8.84828821285871e+01 1.00043926590886e+05 
8.86408826913246e+01 1.00040489852485e+05 
8.87988833442697e+01 1.00036608669177e+05 
8.89568840341034e+01 1.00032296684858e+05 
8.91148847006716e+01 1.00027669600693e+05 
8.92728853750260e+01 1.00022965334081e+05 
8.94308859501744e+01 1.00017948117978e+05 
8.95888863918260e+01 1.00012705220713e+05 
8.97468869365088e+01 1.00007191447446e+05 
8.99048875615784e+01 1.00001621562257e+05 
9.00628880436466e+01 9.99960569101139e+04 
9.02208886930447e+01 9.99907534197907e+04 
9.03788890986989e+01 9.99854061252706e+04 
9.05368894584843e+01 9.99800878099122e+04 
9.06948898189981e+01 9.99747892501074e+04 
9.08528902524989e+01 9.99698663765345e+04 
9.10108905775425e+01 9.99652838964095e+04 
9.11688909467955e+01 9.99612034784090e+04 
9.13268912145514e+01 9.99573709197822e+04 
9.14848913158008e+01 9.99538447783172e+04 
9.16428915822170e+01 9.99506078219880e+04 
9.18008918169298e+01 9.99480571027519e+04 
9.19588919708743e+01 9.99460518226670e+04 
9.21168922103786e+01 9.99446526235516e+04 
9.22748922710947e+01 9.99437179248648e+04 
9.24328922715071e+01 9.99432076751691e+04 
9.25908922911711e+01 9.99431916538385e+04 
9.27488924135160e+01 9.99439347316798e+04 
9.29068924081221e+01 9.99452829668789e+04 
9.30648924455409e+01 9.99470988825510e+04 
9.32228924177697e+01 9.99494530991498e+04 
9.33808923174738e+01 9.99522482480537e+04 
9.35388923127242e+01 9.99555272479435e+04 
9.36968923560327e+01 9.99593820104241e+04 
9.38548923989902e+01 9.99636329180297e+04 
9.40128924384549e+01 9.99680607608520e+04 
9.41708924405656e+01 9.99728664526242e+04 
9.43288923108054e+01 9.99779565922323e+04 
9.44868920599109e+01 9.99833638681871e+04 
9.46448916529606e+01 9.99889254750186e+04 
9.48028916076712e+01 9.99945572951951e+04 
9.49608914944496e+01 9.99999958800727e+04 
9.51188913057259e+01 1.00005533882966e+05 
9.52768912337209e+01 1.00011097322583e+05 
9.54348911411694e+01 1.00016698293495e+05 
9.55928911756063e+01 1.00022011374056e+05 
9.57508910635802e+01 1.00027048117743e+05 
9.59088910424678e+01 1.00031613428868e+05 
9.60668908867435e+01 1.00036000182012e+05 
9.62248906047757e+01 1.00040135653767e+05 
9.63828904827730e+01 1.00044035038934e+05 
9.65408903462501e+01 1.00047312721625e+05 
9.66988901623332e+01 1.00050052676910e+05 
9.68568900168082e+01 1.00052193507838e+05 
9.70148897240250e+01 1.00053932584324e+05 
9.71728892944551e+01 1.00055253104873e+05 
9.73308889047403e+01 1.00056153211082e+05 
9.74888886147520e+01 1.00056307469552e+05 
9.76468881266289e+01 1.00055877974337e+05 
9.78048877845412e+01 1.00054939341175e+05 
9.79628871957190e+01 1.00053492869149e+05 
9.81208865399089e+01 1.00051604685862e+05 
9.82788858937054e+01 1.00049234366887e+05 
9.84368853019583e+01 1.00046261305909e+05 
9.85948846206375e+01 1.00042822270827e+05 
9.87528839618249e+01 1.00039119586593e+05 
9.89108832001843e+01 1.00034985981047e+05 
9.90688822583182e+01 1.00030514322716e+05 
9.92268814607112e+01 1.00025659291237e+05 
9.93848806720824e+01 1.00020515591618e+05 
9.95428797821141e+01 1.00015188607840e+05 
9.97008790097915e+01 1.00009933484708e+05 
9.98588780603129e+01 1.00004473155566e+05 
1.00016877088879e+02 9.99988987368617e+04 
