# Nombre de stations fixes
3185
# Noms des stations fixes
ST0 -12288 -24576 325.468
ST1 -11538 -24576 -26.2916
ST2 -10788 -24576 328.408
ST3 -10038 -24576 341.368
ST4 -9288 -24576 337.591
ST5 -8538 -24576 345.727
ST6 -7788 -24576 357.307
ST7 -7038 -24576 364.296
ST8 -6288 -24576 367.101
ST9 -5538 -24576 380.497
ST10 -4788 -24576 406.08
ST11 -4038 -24576 425.197
ST12 -3288 -24576 423.19
ST13 -2538 -24576 391.021
ST14 -1788 -24576 200
ST15 -1038 -24576 412.217
ST16 -287.999 -24576 415.539
ST17 462.001 -24576 425.89
ST18 1212 -24576 -251.774
ST19 1962 -24576 430.747
ST20 2712 -24576 200
ST21 3462 -24576 200
ST22 4212 -24576 200
ST23 4962 -24576 200
ST24 5712 -24576 246.375
ST25 6462 -24576 438.597
ST26 7212 -24576 430.408
ST27 7962 -24576 453.297
ST28 8712 -24576 629.507
ST29 9462 -24576 582.17
ST30 10212 -24576 699.074
ST31 10962 -24576 566.457
ST32 11712 -24576 636.931
ST33 12462 -24576 674.154
ST34 13212 -24576 608.399
ST35 13962 -24576 798.443
ST36 14712 -24576 757.226
ST37 15462 -24576 663.057
ST38 16212 -24576 720.807
ST39 16962 -24576 490.092
ST40 17712 -24576 496.791
ST41 18462 -24576 522.114
ST42 19212 -24576 200
ST43 19962 -24576 200
ST44 20712 -24576 200
ST45 21462 -24576 200
ST46 22212 -24576 200
ST47 22962 -24576 541.912
ST48 23712 -24576 -561.609
ST49 24462 -24576 589.651
ST50 25212 -24576 579.183
ST51 25962 -24576 461.793
ST52 26712 -24576 554.57
ST53 27462 -24576 614.447
ST54 28212 -24576 671.667
ST55 28962 -24576 654.209
ST56 29712 -24576 620.966
ST57 30462 -24576 591.163
ST58 31212 -24576 591.716
ST59 31962 -24576 588.923
ST60 32712 -24576 588.276
ST61 33462 -24576 575.644
ST62 34212 -24576 586.603
ST63 34962 -24576 589.368
ST64 35712 -24576 -501.442
ST65 -12288 -23576 325.04
ST66 -11538 -23576 323.841
ST67 -10788 -23576 330.756
ST68 -10038 -23576 345.559
ST69 -9288 -23576 350.354
ST70 -8538 -23576 357.963
ST71 -7788 -23576 362.986
ST72 -7038 -23576 366.731
ST73 -6288 -23576 377.118
ST74 -5538 -23576 383.616
ST75 -4788 -23576 418.341
ST76 -4038 -23576 485.437
ST77 -3288 -23576 455.53
ST78 -2538 -23576 412.432
ST79 -1788 -23576 402.853
ST80 -1038 -23576 426.595
ST81 -287.999 -23576 417.282
ST82 462.001 -23576 426.938
ST83 1212 -23576 -253.934
ST84 1962 -23576 419.679
ST85 2712 -23576 436.656
ST86 3462 -23576 200
ST87 4212 -23576 262.083
ST88 4962 -23576 380.696
ST89 5712 -23576 455.469
ST90 6462 -23576 441.716
ST91 7212 -23576 421.419
ST92 7962 -23576 458.67
ST93 8712 -23576 893.407
ST94 9462 -23576 618.039
ST95 10212 -23576 833.348
ST96 10962 -23576 565.068
ST97 11712 -23576 683.151
ST98 12462 -23576 693.751
ST99 13212 -23576 700.568
ST100 13962 -23576 587.301
ST101 14712 -23576 699.742
ST102 15462 -23576 658.481
ST103 16212 -23576 525.754
ST104 16962 -23576 486.774
ST105 17712 -23576 492.542
ST106 18462 -23576 528.368
ST107 19212 -23576 558.037
ST108 19962 -23576 395.85
ST109 20712 -23576 200
ST110 21462 -23576 200
ST111 22212 -23576 558.047
ST112 22962 -23576 137.911
ST113 23712 -23576 -121.604
ST114 24462 -23576 586.098
ST115 25212 -23576 600.808
ST116 25962 -23576 601.752
ST117 26712 -23576 608.595
ST118 27462 -23576 660.995
ST119 28212 -23576 878.851
ST120 28962 -23576 682.703
ST121 29712 -23576 599.883
ST122 30462 -23576 615.96
ST123 31212 -23576 599.115
ST124 31962 -23576 603.18
ST125 32712 -23576 618.014
ST126 33462 -23576 600.653
ST127 34212 -23576 618.013
ST128 34962 -23576 581.729
ST129 35712 -23576 601.038
ST130 -12288 -22576 333.773
ST131 -11538 -22576 337.468
ST132 -10788 -22576 341.589
ST133 -10038 -22576 353.06
ST134 -9288 -22576 359.802
ST135 -8538 -22576 368.087
ST136 -7788 -22576 376.97
ST137 -7038 -22576 381.06
ST138 -6288 -22576 385.315
ST139 -5538 -22576 394.53
ST140 -4788 -22576 419.741
ST141 -4038 -22576 424.667
ST142 -3288 -22576 419.703
ST143 -2538 -22576 417.375
ST144 -1788 -22576 430.818
ST145 -1038 -22576 430.643
ST146 -287.999 -22576 418.889
ST147 462.001 -22576 420.353
ST148 1212 -22576 432.21
ST149 1962 -22576 -132.058
ST150 2712 -22576 428.501
ST151 3462 -22576 200
ST152 4212 -22576 262.083
ST153 4962 -22576 438.499
ST154 5712 -22576 455.798
ST155 6462 -22576 443.735
ST156 7212 -22576 416.769
ST157 7962 -22576 453.985
ST158 8712 -22576 458.875
ST159 9462 -22576 459.797
ST160 10212 -22576 517.439
ST161 10962 -22576 479.661
ST162 11712 -22576 692.484
ST163 12462 -22576 692.556
ST164 13212 -22576 516.843
ST165 13962 -22576 420.358
ST166 14712 -22576 507.918
ST167 15462 -22576 506.578
ST168 16212 -22576 504.334
ST169 16962 -22576 482.929
ST170 17712 -22576 487.131
ST171 18462 -22576 548.577
ST172 19212 -22576 524.701
ST173 19962 -22576 544.156
ST174 20712 -22576 200
ST175 21462 -22576 216.76
ST176 22212 -22576 554.466
ST177 22962 -22576 352.171
ST178 23712 -22576 579.877
ST179 24462 -22576 571.576
ST180 25212 -22576 605.966
ST181 25962 -22576 618.737
ST182 26712 -22576 625.928
ST183 27462 -22576 619.272
ST184 28212 -22576 663.315
ST185 28962 -22576 680.791
ST186 29712 -22576 657.73
ST187 30462 -22576 712.04
ST188 31212 -22576 669.387
ST189 31962 -22576 647.519
ST190 32712 -22576 645.296
ST191 33462 -22576 630.585
ST192 34212 -22576 630.807
ST193 34962 -22576 614.89
ST194 35712 -22576 638.738
ST195 -12288 -21576 346.484
ST196 -11538 -21576 354.594
ST197 -10788 -21576 358.642
ST198 -10038 -21576 360.388
ST199 -9288 -21576 371.768
ST200 -8538 -21576 383.918
ST201 -7788 -21576 406.84
ST202 -7038 -21576 409.155
ST203 -6288 -21576 401.634
ST204 -5538 -21576 401.785
ST205 -4788 -21576 427.748
ST206 -4038 -21576 424.881
ST207 -3288 -21576 428.715
ST208 -2538 -21576 418.273
ST209 -1788 -21576 465.023
ST210 -1038 -21576 441.405
ST211 -287.999 -21576 435.943
ST212 462.001 -21576 460.956
ST213 1212 -21576 428.751
ST214 1962 -21576 77.7408
ST215 2712 -21576 428.739
ST216 3462 -21576 399.707
ST217 4212 -21576 435.384
ST218 4962 -21576 439.781
ST219 5712 -21576 447.963
ST220 6462 -21576 442.77
ST221 7212 -21576 434.461
ST222 7962 -21576 467.069
ST223 8712 -21576 477.839
ST224 9462 -21576 466.058
ST225 10212 -21576 406.444
ST226 10962 -21576 401.012
ST227 11712 -21576 688.475
ST228 12462 -21576 689.544
ST229 13212 -21576 481.244
ST230 13962 -21576 421.73
ST231 14712 -21576 485.459
ST232 15462 -21576 524.194
ST233 16212 -21576 535.285
ST234 16962 -21576 526.581
ST235 17712 -21576 491.324
ST236 18462 -21576 512.233
ST237 19212 -21576 536.692
ST238 19962 -21576 524.34
ST239 20712 -21576 391.223
ST240 21462 -21576 539.029
ST241 22212 -21576 -492.423
ST242 22962 -21576 565.507
ST243 23712 -21576 643.74
ST244 24462 -21576 664.471
ST245 25212 -21576 633.836
ST246 25962 -21576 653.572
ST247 26712 -21576 673.425
ST248 27462 -21576 633.199
ST249 28212 -21576 661.245
ST250 28962 -21576 675.805
ST251 29712 -21576 669.441
ST252 30462 -21576 664.08
ST253 31212 -21576 703.841
ST254 31962 -21576 693.309
ST255 32712 -21576 707.492
ST256 33462 -21576 670.472
ST257 34212 -21576 657.606
ST258 34962 -21576 671.151
ST259 35712 -21576 684.305
ST260 -12288 -20576 367.44
ST261 -11538 -20576 368.413
ST262 -10788 -20576 368.234
ST263 -10038 -20576 375.831
ST264 -9288 -20576 387.718
ST265 -8538 -20576 459.341
ST266 -7788 -20576 432.31
ST267 -7038 -20576 413.834
ST268 -6288 -20576 423.54
ST269 -5538 -20576 426.955
ST270 -4788 -20576 422.883
ST271 -4038 -20576 414.101
ST272 -3288 -20576 419.922
ST273 -2538 -20576 438.82
ST274 -1788 -20576 455.16
ST275 -1038 -20576 451.293
ST276 -287.999 -20576 465.164
ST277 462.001 -20576 479.939
ST278 1212 -20576 437.781
ST279 1962 -20576 426.354
ST280 2712 -20576 438.561
ST281 3462 -20576 447.571
ST282 4212 -20576 455.829
ST283 4962 -20576 452.054
ST284 5712 -20576 414.567
ST285 6462 -20576 428.22
ST286 7212 -20576 434.665
ST287 7962 -20576 462.067
ST288 8712 -20576 471.947
ST289 9462 -20576 489.414
ST290 10212 -20576 408.42
ST291 10962 -20576 458.797
ST292 11712 -20576 503.112
ST293 12462 -20576 528.119
ST294 13212 -20576 593.019
ST295 13962 -20576 433.205
ST296 14712 -20576 527.174
ST297 15462 -20576 522.094
ST298 16212 -20576 517.834
ST299 16962 -20576 514.521
ST300 17712 -20576 493.863
ST301 18462 -20576 495.126
ST302 19212 -20576 557.399
ST303 19962 -20576 557.772
ST304 20712 -20576 566.718
ST305 21462 -20576 563.238
ST306 22212 -20576 557.12
ST307 22962 -20576 578.646
ST308 23712 -20576 671.245
ST309 24462 -20576 660.601
ST310 25212 -20576 666.826
ST311 25962 -20576 674.549
ST312 26712 -20576 668.858
ST313 27462 -20576 671.475
ST314 28212 -20576 645.536
ST315 28962 -20576 661.44
ST316 29712 -20576 683.256
ST317 30462 -20576 705.644
ST318 31212 -20576 734.494
ST319 31962 -20576 852.526
ST320 32712 -20576 753.717
ST321 33462 -20576 843.208
ST322 34212 -20576 725.855
ST323 34962 -20576 697.558
ST324 35712 -20576 704.212
ST325 -12288 -19576 363.135
ST326 -11538 -19576 382.438
ST327 -10788 -19576 386.66
ST328 -10038 -19576 389.275
ST329 -9288 -19576 772.584
ST330 -8538 -19576 480.826
ST331 -7788 -19576 497.969
ST332 -7038 -19576 1385.16
ST333 -6288 -19576 426.243
ST334 -5538 -19576 797.267
ST335 -4788 -19576 535.725
ST336 -4038 -19576 946.928
ST337 -3288 -19576 453.646
ST338 -2538 -19576 441.904
ST339 -1788 -19576 452.378
ST340 -1038 -19576 461.866
ST341 -287.999 -19576 470.5
ST342 462.001 -19576 478.298
ST343 1212 -19576 472.314
ST344 1962 -19576 435.321
ST345 2712 -19576 446.495
ST346 3462 -19576 459.881
ST347 4212 -19576 444.41
ST348 4962 -19576 408.858
ST349 5712 -19576 397.669
ST350 6462 -19576 482.575
ST351 7212 -19576 434.869
ST352 7962 -19576 456.185
ST353 8712 -19576 467.453
ST354 9462 -19576 485.808
ST355 10212 -19576 469.982
ST356 10962 -19576 514.868
ST357 11712 -19576 517.144
ST358 12462 -19576 688.516
ST359 13212 -19576 547.169
ST360 13962 -19576 523.298
ST361 14712 -19576 552.77
ST362 15462 -19576 517.974
ST363 16212 -19576 506.906
ST364 16962 -19576 502.508
ST365 17712 -19576 519.322
ST366 18462 -19576 533.502
ST367 19212 -19576 497.265
ST368 19962 -19576 486.264
ST369 20712 -19576 576.257
ST370 21462 -19576 579.563
ST371 22212 -19576 566.725
ST372 22962 -19576 593.138
ST373 23712 -19576 689.509
ST374 24462 -19576 677.387
ST375 25212 -19576 661.778
ST376 25962 -19576 668.458
ST377 26712 -19576 654.698
ST378 27462 -19576 749.764
ST379 28212 -19576 934.811
ST380 28962 -19576 1752.81
ST381 29712 -19576 1800.99
ST382 30462 -19576 766.942
ST383 31212 -19576 2293.23
ST384 31962 -19576 2208.61
ST385 32712 -19576 894.537
ST386 33462 -19576 2062.73
ST387 34212 -19576 1244.9
ST388 34962 -19576 769.267
ST389 35712 -19576 764.915
ST390 -12288 -18576 945.116
ST391 -11538 -18576 579.302
ST392 -10788 -18576 627.078
ST393 -10038 -18576 971.161
ST394 -9288 -18576 1116.64
ST395 -8538 -18576 505.788
ST396 -7788 -18576 578.394
ST397 -7038 -18576 1447.38
ST398 -6288 -18576 1472.81
ST399 -5538 -18576 1722.11
ST400 -4788 -18576 1745.66
ST401 -4038 -18576 1744.46
ST402 -3288 -18576 1502.56
ST403 -2538 -18576 1956.42
ST404 -1788 -18576 802.702
ST405 -1038 -18576 461.608
ST406 -287.999 -18576 462.307
ST407 462.001 -18576 483.836
ST408 1212 -18576 487.95
ST409 1962 -18576 462.961
ST410 2712 -18576 439.729
ST411 3462 -18576 447.666
ST412 4212 -18576 443.181
ST413 4962 -18576 453.78
ST414 5712 -18576 450.078
ST415 6462 -18576 426.585
ST416 7212 -18576 438.445
ST417 7962 -18576 444.493
ST418 8712 -18576 465.653
ST419 9462 -18576 539.422
ST420 10212 -18576 490.428
ST421 10962 -18576 516.317
ST422 11712 -18576 527.384
ST423 12462 -18576 580.486
ST424 13212 -18576 513.199
ST425 13962 -18576 525.921
ST426 14712 -18576 617.466
ST427 15462 -18576 545.439
ST428 16212 -18576 501.657
ST429 16962 -18576 496.275
ST430 17712 -18576 493.677
ST431 18462 -18576 493.802
ST432 19212 -18576 514.108
ST433 19962 -18576 599.124
ST434 20712 -18576 560.298
ST435 21462 -18576 567.079
ST436 22212 -18576 580.872
ST437 22962 -18576 643.965
ST438 23712 -18576 685.441
ST439 24462 -18576 672.904
ST440 25212 -18576 670.767
ST441 25962 -18576 716.396
ST442 26712 -18576 2773.88
ST443 27462 -18576 2889.73
ST444 28212 -18576 3062.39
ST445 28962 -18576 3433.49
ST446 29712 -18576 3830.3
ST447 30462 -18576 3287.2
ST448 31212 -18576 3213.61
ST449 31962 -18576 2091.08
ST450 32712 -18576 996.374
ST451 33462 -18576 2727.52
ST452 34212 -18576 2404.64
ST453 34962 -18576 2369.21
ST454 35712 -18576 1342.35
ST455 -12288 -17576 1303.34
ST456 -11538 -17576 1304.79
ST457 -10788 -17576 897.573
ST458 -10038 -17576 1195.15
ST459 -9288 -17576 1285.38
ST460 -8538 -17576 1011.37
ST461 -7788 -17576 606.147
ST462 -7038 -17576 1185.11
ST463 -6288 -17576 1534.76
ST464 -5538 -17576 1799.28
ST465 -4788 -17576 2086.55
ST466 -4038 -17576 2296.98
ST467 -3288 -17576 2351.7
ST468 -2538 -17576 2346.39
ST469 -1788 -17576 2191.21
ST470 -1038 -17576 1587.34
ST471 -287.999 -17576 477.184
ST472 462.001 -17576 499.845
ST473 1212 -17576 513.081
ST474 1962 -17576 494.188
ST475 2712 -17576 439.427
ST476 3462 -17576 440.663
ST477 4212 -17576 437.689
ST478 4962 -17576 433.351
ST479 5712 -17576 454.607
ST480 6462 -17576 452.816
ST481 7212 -17576 454.835
ST482 7962 -17576 444.549
ST483 8712 -17576 477.117
ST484 9462 -17576 512.953
ST485 10212 -17576 514.995
ST486 10962 -17576 506.679
ST487 11712 -17576 533.406
ST488 12462 -17576 571.985
ST489 13212 -17576 512.497
ST490 13962 -17576 539.175
ST491 14712 -17576 516.877
ST492 15462 -17576 584.097
ST493 16212 -17576 650.633
ST494 16962 -17576 509.695
ST495 17712 -17576 527.004
ST496 18462 -17576 521.107
ST497 19212 -17576 512.103
ST498 19962 -17576 542.397
ST499 20712 -17576 549.867
ST500 21462 -17576 573.023
ST501 22212 -17576 608.584
ST502 22962 -17576 699.571
ST503 23712 -17576 710.614
ST504 24462 -17576 689.15
ST505 25212 -17576 1087.03
ST506 25962 -17576 3642.88
ST507 26712 -17576 4291.87
ST508 27462 -17576 4468.12
ST509 28212 -17576 4584.78
ST510 28962 -17576 4502.53
ST511 29712 -17576 3917.13
ST512 30462 -17576 3612.15
ST513 31212 -17576 3254.89
ST514 31962 -17576 1266.71
ST515 32712 -17576 1147.49
ST516 33462 -17576 3133.66
ST517 34212 -17576 3001.92
ST518 34962 -17576 1617.01
ST519 35712 -17576 2911.73
ST520 -12288 -16576 1301.81
ST521 -11538 -16576 1344.68
ST522 -10788 -16576 1361.22
ST523 -10038 -16576 1299.16
ST524 -9288 -16576 1385.84
ST525 -8538 -16576 1212.32
ST526 -7788 -16576 934.576
ST527 -7038 -16576 835.754
ST528 -6288 -16576 1710.2
ST529 -5538 -16576 1944.83
ST530 -4788 -16576 2046.73
ST531 -4038 -16576 1746.48
ST532 -3288 -16576 1906.36
ST533 -2538 -16576 2057.3
ST534 -1788 -16576 2018.11
ST535 -1038 -16576 2287.1
ST536 -287.999 -16576 1318.67
ST537 462.001 -16576 514.434
ST538 1212 -16576 536.948
ST539 1962 -16576 515.295
ST540 2712 -16576 459.696
ST541 3462 -16576 467.772
ST542 4212 -16576 459.851
ST543 4962 -16576 460.547
ST544 5712 -16576 463.478
ST545 6462 -16576 475.525
ST546 7212 -16576 467.471
ST547 7962 -16576 458.877
ST548 8712 -16576 464.377
ST549 9462 -16576 506.833
ST550 10212 -16576 483.569
ST551 10962 -16576 491.639
ST552 11712 -16576 516.383
ST553 12462 -16576 556.458
ST554 13212 -16576 545.672
ST555 13962 -16576 514.028
ST556 14712 -16576 528.241
ST557 15462 -16576 503.532
ST558 16212 -16576 498.688
ST559 16962 -16576 520.466
ST560 17712 -16576 545.082
ST561 18462 -16576 559.343
ST562 19212 -16576 546.395
ST563 19962 -16576 561.909
ST564 20712 -16576 586.494
ST565 21462 -16576 587.97
ST566 22212 -16576 635.907
ST567 22962 -16576 749.722
ST568 23712 -16576 753.783
ST569 24462 -16576 1129.38
ST570 25212 -16576 3217.71
ST571 25962 -16576 4292.85
ST572 26712 -16576 3668.21
ST573 27462 -16576 3808.17
ST574 28212 -16576 3990.67
ST575 28962 -16576 3891.58
ST576 29712 -16576 4198.26
ST577 30462 -16576 3822.78
ST578 31212 -16576 2169.08
ST579 31962 -16576 1642.27
ST580 32712 -16576 2539.87
ST581 33462 -16576 3297.87
ST582 34212 -16576 3476.71
ST583 34962 -16576 3602.36
ST584 35712 -16576 3654.03
ST585 -12288 -15576 1304.89
ST586 -11538 -15576 1333.68
ST587 -10788 -15576 1395.95
ST588 -10038 -15576 1427.66
ST589 -9288 -15576 1435.08
ST590 -8538 -15576 1461.87
ST591 -7788 -15576 1497.23
ST592 -7038 -15576 1518.39
ST593 -6288 -15576 1499.22
ST594 -5538 -15576 1907.04
ST595 -4788 -15576 2214.76
ST596 -4038 -15576 2408.88
ST597 -3288 -15576 2525.2
ST598 -2538 -15576 2559.24
ST599 -1788 -15576 2540.23
ST600 -1038 -15576 2434.6
ST601 -287.999 -15576 1972.71
ST602 462.001 -15576 1393.72
ST603 1212 -15576 663.874
ST604 1962 -15576 582.042
ST605 2712 -15576 472.227
ST606 3462 -15576 475.87
ST607 4212 -15576 477.01
ST608 4962 -15576 469.56
ST609 5712 -15576 482.943
ST610 6462 -15576 477.814
ST611 7212 -15576 476.397
ST612 7962 -15576 477.295
ST613 8712 -15576 469.113
ST614 9462 -15576 472.759
ST615 10212 -15576 576.631
ST616 10962 -15576 495.882
ST617 11712 -15576 534.374
ST618 12462 -15576 542.196
ST619 13212 -15576 529.74
ST620 13962 -15576 541.867
ST621 14712 -15576 519.799
ST622 15462 -15576 509.963
ST623 16212 -15576 537.267
ST624 16962 -15576 536.684
ST625 17712 -15576 544.398
ST626 18462 -15576 561.105
ST627 19212 -15576 545.196
ST628 19962 -15576 580.944
ST629 20712 -15576 605.945
ST630 21462 -15576 610.369
ST631 22212 -15576 657.439
ST632 22962 -15576 803.998
ST633 23712 -15576 2381.42
ST634 24462 -15576 2951.09
ST635 25212 -15576 3819.48
ST636 25962 -15576 4449.97
ST637 26712 -15576 4708.9
ST638 27462 -15576 4838.57
ST639 28212 -15576 4803.16
ST640 28962 -15576 4692.86
ST641 29712 -15576 4492.13
ST642 30462 -15576 3658.36
ST643 31212 -15576 3408
ST644 31962 -15576 3443.64
ST645 32712 -15576 3470.36
ST646 33462 -15576 3539.52
ST647 34212 -15576 3628.42
ST648 34962 -15576 3645.53
ST649 35712 -15576 3751.59
ST650 -12288 -14576 1585.08
ST651 -11538 -14576 1588.65
ST652 -10788 -14576 1469.51
ST653 -10038 -14576 1520.95
ST654 -9288 -14576 1492.23
ST655 -8538 -14576 1466.28
ST656 -7788 -14576 1509.54
ST657 -7038 -14576 1300.23
ST658 -6288 -14576 1202.93
ST659 -5538 -14576 2179.76
ST660 -4788 -14576 2295.63
ST661 -4038 -14576 2446.68
ST662 -3288 -14576 2591.34
ST663 -2538 -14576 2614.55
ST664 -1788 -14576 2588.53
ST665 -1038 -14576 2529.54
ST666 -287.999 -14576 2359.55
ST667 462.001 -14576 1952.42
ST668 1212 -14576 2045.71
ST669 1962 -14576 740.006
ST670 2712 -14576 533.292
ST671 3462 -14576 476.488
ST672 4212 -14576 496.021
ST673 4962 -14576 482.073
ST674 5712 -14576 483.659
ST675 6462 -14576 497.83
ST676 7212 -14576 481.471
ST677 7962 -14576 493.593
ST678 8712 -14576 480.172
ST679 9462 -14576 513.907
ST680 10212 -14576 525.818
ST681 10962 -14576 524.041
ST682 11712 -14576 559.363
ST683 12462 -14576 584.478
ST684 13212 -14576 544.869
ST685 13962 -14576 568.163
ST686 14712 -14576 561.5
ST687 15462 -14576 545.749
ST688 16212 -14576 547.737
ST689 16962 -14576 588.107
ST690 17712 -14576 590.217
ST691 18462 -14576 580.3
ST692 19212 -14576 587.747
ST693 19962 -14576 602.423
ST694 20712 -14576 608.301
ST695 21462 -14576 610.319
ST696 22212 -14576 828.045
ST697 22962 -14576 2479.29
ST698 23712 -14576 3046.55
ST699 24462 -14576 3792.7
ST700 25212 -14576 4290.09
ST701 25962 -14576 4585.17
ST702 26712 -14576 4894.09
ST703 27462 -14576 4981.41
ST704 28212 -14576 4992.01
ST705 28962 -14576 4932.78
ST706 29712 -14576 4607.15
ST707 30462 -14576 3683.94
ST708 31212 -14576 2006.25
ST709 31962 -14576 3466.97
ST710 32712 -14576 3483.57
ST711 33462 -14576 3559.17
ST712 34212 -14576 3613.41
ST713 34962 -14576 3642.27
ST714 35712 -14576 4185.26
ST715 -12288 -13576 1694.09
ST716 -11538 -13576 1641.52
ST717 -10788 -13576 1635.59
ST718 -10038 -13576 1587.52
ST719 -9288 -13576 1570.46
ST720 -8538 -13576 1581.45
ST721 -7788 -13576 1588.62
ST722 -7038 -13576 1163.7
ST723 -6288 -13576 1397.63
ST724 -5538 -13576 2021.12
ST725 -4788 -13576 2267.38
ST726 -4038 -13576 2489.2
ST727 -3288 -13576 2635.09
ST728 -2538 -13576 2678.84
ST729 -1788 -13576 2712.49
ST730 -1038 -13576 2672.8
ST731 -287.999 -13576 2597.14
ST732 462.001 -13576 2319.87
ST733 1212 -13576 2393.06
ST734 1962 -13576 1787.16
ST735 2712 -13576 661.612
ST736 3462 -13576 594.976
ST737 4212 -13576 478.605
ST738 4962 -13576 480.172
ST739 5712 -13576 485.869
ST740 6462 -13576 502.052
ST741 7212 -13576 482.514
ST742 7962 -13576 503.605
ST743 8712 -13576 517.518
ST744 9462 -13576 536.736
ST745 10212 -13576 522.289
ST746 10962 -13576 544.482
ST747 11712 -13576 568.704
ST748 12462 -13576 581.042
ST749 13212 -13576 575.834
ST750 13962 -13576 564.586
ST751 14712 -13576 540.115
ST752 15462 -13576 582.533
ST753 16212 -13576 578.826
ST754 16962 -13576 553.235
ST755 17712 -13576 593.614
ST756 18462 -13576 569.06
ST757 19212 -13576 606.199
ST758 19962 -13576 603.595
ST759 20712 -13576 613.943
ST760 21462 -13576 854.854
ST761 22212 -13576 1930.81
ST762 22962 -13576 3343.38
ST763 23712 -13576 3858.24
ST764 24462 -13576 4149.8
ST765 25212 -13576 4493.03
ST766 25962 -13576 4852.73
ST767 26712 -13576 4994.18
ST768 27462 -13576 5088.1
ST769 28212 -13576 5067.56
ST770 28962 -13576 4898.1
ST771 29712 -13576 4494.82
ST772 30462 -13576 4140.22
ST773 31212 -13576 2258.48
ST774 31962 -13576 3279.98
ST775 32712 -13576 3745.56
ST776 33462 -13576 3858.6
ST777 34212 -13576 4064.34
ST778 34962 -13576 4258.92
ST779 35712 -13576 4446.26
ST780 -12288 -12576 1740.5
ST781 -11538 -12576 1783.07
ST782 -10788 -12576 1690.72
ST783 -10038 -12576 1642.37
ST784 -9288 -12576 1627.87
ST785 -8538 -12576 1597.25
ST786 -7788 -12576 1616.06
ST787 -7038 -12576 1249.08
ST788 -6288 -12576 1768.03
ST789 -5538 -12576 2090.12
ST790 -4788 -12576 2282.34
ST791 -4038 -12576 2526.44
ST792 -3288 -12576 2659.09
ST793 -2538 -12576 2763.69
ST794 -1788 -12576 2810.88
ST795 -1038 -12576 2747.82
ST796 -287.999 -12576 2644.25
ST797 462.001 -12576 2614.02
ST798 1212 -12576 2697.04
ST799 1962 -12576 2429.79
ST800 2712 -12576 1718.31
ST801 3462 -12576 760.395
ST802 4212 -12576 660.727
ST803 4962 -12576 495.636
ST804 5712 -12576 495.266
ST805 6462 -12576 515.939
ST806 7212 -12576 492.643
ST807 7962 -12576 544.786
ST808 8712 -12576 523.344
ST809 9462 -12576 535.096
ST810 10212 -12576 563.342
ST811 10962 -12576 569.875
ST812 11712 -12576 525.358
ST813 12462 -12576 736.899
ST814 13212 -12576 571.107
ST815 13962 -12576 618.805
ST816 14712 -12576 563.339
ST817 15462 -12576 580.098
ST818 16212 -12576 588.489
ST819 16962 -12576 560.453
ST820 17712 -12576 574.016
ST821 18462 -12576 579.953
ST822 19212 -12576 607.367
ST823 19962 -12576 611.477
ST824 20712 -12576 913.874
ST825 21462 -12576 1855.12
ST826 22212 -12576 2959
ST827 22962 -12576 4021.54
ST828 23712 -12576 4274.38
ST829 24462 -12576 4313.84
ST830 25212 -12576 4755.76
ST831 25962 -12576 4990.2
ST832 26712 -12576 5159.93
ST833 27462 -12576 5159.55
ST834 28212 -12576 5125.74
ST835 28962 -12576 4781.14
ST836 29712 -12576 4587.35
ST837 30462 -12576 4304.34
ST838 31212 -12576 2519.31
ST839 31962 -12576 3755.15
ST840 32712 -12576 3801.84
ST841 33462 -12576 3950.39
ST842 34212 -12576 4164.98
ST843 34962 -12576 4385.9
ST844 35712 -12576 4789.73
ST845 -12288 -11576 1890.37
ST846 -11538 -11576 1832.19
ST847 -10788 -11576 1773.53
ST848 -10038 -11576 1675.14
ST849 -9288 -11576 1628.82
ST850 -8538 -11576 1678.59
ST851 -7788 -11576 1763.45
ST852 -7038 -11576 1397.63
ST853 -6288 -11576 1775.32
ST854 -5538 -11576 2203.9
ST855 -4788 -11576 2327.06
ST856 -4038 -11576 2547.65
ST857 -3288 -11576 2703.52
ST858 -2538 -11576 2823.45
ST859 -1788 -11576 2895.51
ST860 -1038 -11576 2842.78
ST861 -287.999 -11576 2789.85
ST862 462.001 -11576 2809.31
ST863 1212 -11576 2796.85
ST864 1962 -11576 2640.24
ST865 2712 -11576 1911.21
ST866 3462 -11576 1890.11
ST867 4212 -11576 1422.16
ST868 4962 -11576 736.918
ST869 5712 -11576 512.498
ST870 6462 -11576 578.628
ST871 7212 -11576 505.941
ST872 7962 -11576 531.623
ST873 8712 -11576 540.838
ST874 9462 -11576 543.258
ST875 10212 -11576 631.551
ST876 10962 -11576 618.536
ST877 11712 -11576 870.566
ST878 12462 -11576 885.276
ST879 13212 -11576 840.326
ST880 13962 -11576 616.933
ST881 14712 -11576 585.134
ST882 15462 -11576 583.637
ST883 16212 -11576 583.487
ST884 16962 -11576 626.291
ST885 17712 -11576 679.549
ST886 18462 -11576 623.136
ST887 19212 -11576 796.208
ST888 19962 -11576 1112.69
ST889 20712 -11576 2330.97
ST890 21462 -11576 2530.33
ST891 22212 -11576 3609.19
ST892 22962 -11576 4231.27
ST893 23712 -11576 4549.43
ST894 24462 -11576 4689.58
ST895 25212 -11576 4827
ST896 25962 -11576 5099.64
ST897 26712 -11576 5268.46
ST898 27462 -11576 5298.1
ST899 28212 -11576 5198.16
ST900 28962 -11576 5016.69
ST901 29712 -11576 4698.78
ST902 30462 -11576 4445.44
ST903 31212 -11576 2755.14
ST904 31962 -11576 4125.31
ST905 32712 -11576 4055.6
ST906 33462 -11576 4105.11
ST907 34212 -11576 4218.22
ST908 34962 -11576 4626.87
ST909 35712 -11576 4993.35
ST910 -12288 -10576 1871.99
ST911 -11538 -10576 1943.23
ST912 -10788 -10576 1842.39
ST913 -10038 -10576 1712.7
ST914 -9288 -10576 1619.13
ST915 -8538 -10576 1731.23
ST916 -7788 -10576 1866.19
ST917 -7038 -10576 1904.95
ST918 -6288 -10576 1460.29
ST919 -5538 -10576 2185.04
ST920 -4788 -10576 2374.61
ST921 -4038 -10576 2560.22
ST922 -3288 -10576 2722.92
ST923 -2538 -10576 2860.51
ST924 -1788 -10576 2967.72
ST925 -1038 -10576 2899.72
ST926 -287.999 -10576 2899.4
ST927 462.001 -10576 3026.05
ST928 1212 -10576 2979
ST929 1962 -10576 2748.77
ST930 2712 -10576 2135.36
ST931 3462 -10576 2488
ST932 4212 -10576 2310.25
ST933 4962 -10576 1806.75
ST934 5712 -10576 816.859
ST935 6462 -10576 840.323
ST936 7212 -10576 695.162
ST937 7962 -10576 552.209
ST938 8712 -10576 541.177
ST939 9462 -10576 565.149
ST940 10212 -10576 920.587
ST941 10962 -10576 953.329
ST942 11712 -10576 1094.74
ST943 12462 -10576 1053.34
ST944 13212 -10576 1016.7
ST945 13962 -10576 1021.5
ST946 14712 -10576 497.219
ST947 15462 -10576 593.614
ST948 16212 -10576 560.67
ST949 16962 -10576 641.3
ST950 17712 -10576 1056.15
ST951 18462 -10576 1034.45
ST952 19212 -10576 1812.63
ST953 19962 -10576 2721.23
ST954 20712 -10576 3470.89
ST955 21462 -10576 3506.1
ST956 22212 -10576 3865.41
ST957 22962 -10576 4445.61
ST958 23712 -10576 4876.55
ST959 24462 -10576 4969.22
ST960 25212 -10576 4955.61
ST961 25962 -10576 5219.93
ST962 26712 -10576 5413.76
ST963 27462 -10576 5364.52
ST964 28212 -10576 5210.68
ST965 28962 -10576 5033.76
ST966 29712 -10576 4881.53
ST967 30462 -10576 3640.75
ST968 31212 -10576 3102.43
ST969 31962 -10576 4395.98
ST970 32712 -10576 4261.59
ST971 33462 -10576 3937.27
ST972 34212 -10576 4385.02
ST973 34962 -10576 4800.83
ST974 35712 -10576 5284.88
ST975 -12288 -9576 1950.3
ST976 -11538 -9576 1950.24
ST977 -10788 -9576 1897.97
ST978 -10038 -9576 1843.76
ST979 -9288 -9576 1799.53
ST980 -8538 -9576 1759.99
ST981 -7788 -9576 1934.7
ST982 -7038 -9576 1960.64
ST983 -6288 -9576 1615.59
ST984 -5538 -9576 1764.69
ST985 -4788 -9576 2364.96
ST986 -4038 -9576 2534.17
ST987 -3288 -9576 2719.73
ST988 -2538 -9576 2841.87
ST989 -1788 -9576 3007.08
ST990 -1038 -9576 2978.55
ST991 -287.999 -9576 2967.32
ST992 462.001 -9576 3164.7
ST993 1212 -9576 3003.65
ST994 1962 -9576 2788.33
ST995 2712 -9576 2649.56
ST996 3462 -9576 2859.33
ST997 4212 -9576 2727.42
ST998 4962 -9576 1843.42
ST999 5712 -9576 1733.55
ST1000 6462 -9576 1883.1
ST1001 7212 -9576 1012.77
ST1002 7962 -9576 929.894
ST1003 8712 -9576 985.035
ST1004 9462 -9576 1028.17
ST1005 10212 -9576 1098.69
ST1006 10962 -9576 1150.62
ST1007 11712 -9576 1168.95
ST1008 12462 -9576 1192.2
ST1009 13212 -9576 1196.12
ST1010 13962 -9576 1172.91
ST1011 14712 -9576 1165.25
ST1012 15462 -9576 1101.17
ST1013 16212 -9576 1096.49
ST1014 16962 -9576 1078.82
ST1015 17712 -9576 1920.69
ST1016 18462 -9576 2552.53
ST1017 19212 -9576 2028.57
ST1018 19962 -9576 3584.27
ST1019 20712 -9576 4018.48
ST1020 21462 -9576 4083.74
ST1021 22212 -9576 4016.72
ST1022 22962 -9576 4594.26
ST1023 23712 -9576 5119.85
ST1024 24462 -9576 5177.76
ST1025 25212 -9576 5170.9
ST1026 25962 -9576 5398.52
ST1027 26712 -9576 5325.9
ST1028 27462 -9576 5392.1
ST1029 28212 -9576 5145.42
ST1030 28962 -9576 5019.32
ST1031 29712 -9576 4831.43
ST1032 30462 -9576 3276.11
ST1033 31212 -9576 4281.47
ST1034 31962 -9576 4544.82
ST1035 32712 -9576 4393.24
ST1036 33462 -9576 4404.26
ST1037 34212 -9576 4675
ST1038 34962 -9576 5059.62
ST1039 35712 -9576 5617.21
ST1040 -12288 -8576 1989.93
ST1041 -11538 -8576 1998.28
ST1042 -10788 -8576 1960.08
ST1043 -10038 -8576 1913.26
ST1044 -9288 -8576 1804.14
ST1045 -8538 -8576 1839.83
ST1046 -7788 -8576 1981.03
ST1047 -7038 -8576 2038.06
ST1048 -6288 -8576 2009.48
ST1049 -5538 -8576 1762.79
ST1050 -4788 -8576 2339.86
ST1051 -4038 -8576 2573.14
ST1052 -3288 -8576 2779.34
ST1053 -2538 -8576 2956.88
ST1054 -1788 -8576 3089.53
ST1055 -1038 -8576 3039.62
ST1056 -287.999 -8576 3050.42
ST1057 462.001 -8576 3128.13
ST1058 1212 -8576 3072.73
ST1059 1962 -8576 2844.01
ST1060 2712 -8576 2758.42
ST1061 3462 -8576 3001.22
ST1062 4212 -8576 2883.3
ST1063 4962 -8576 1898.41
ST1064 5712 -8576 2078.5
ST1065 6462 -8576 2430.43
ST1066 7212 -8576 2163.35
ST1067 7962 -8576 2086.56
ST1068 8712 -8576 1574.82
ST1069 9462 -8576 964.021
ST1070 10212 -8576 1498.07
ST1071 10962 -8576 1480.12
ST1072 11712 -8576 1543.68
ST1073 12462 -8576 1561.93
ST1074 13212 -8576 1589.99
ST1075 13962 -8576 1667.27
ST1076 14712 -8576 1446.35
ST1077 15462 -8576 989.95
ST1078 16212 -8576 1945.16
ST1079 16962 -8576 2257.98
ST1080 17712 -8576 2933.58
ST1081 18462 -8576 3300.13
ST1082 19212 -8576 1973.89
ST1083 19962 -8576 3828.07
ST1084 20712 -8576 4228.88
ST1085 21462 -8576 4237.12
ST1086 22212 -8576 4198.16
ST1087 22962 -8576 4691.46
ST1088 23712 -8576 5063.29
ST1089 24462 -8576 5192.66
ST1090 25212 -8576 5272.62
ST1091 25962 -8576 5566.32
ST1092 26712 -8576 5594.75
ST1093 27462 -8576 5588.37
ST1094 28212 -8576 5286.97
ST1095 28962 -8576 5036.75
ST1096 29712 -8576 4180.65
ST1097 30462 -8576 4101.08
ST1098 31212 -8576 4641.13
ST1099 31962 -8576 4755.24
ST1100 32712 -8576 4553.69
ST1101 33462 -8576 4400.25
ST1102 34212 -8576 4845.52
ST1103 34962 -8576 5302.95
ST1104 35712 -8576 5699.48
ST1105 -12288 -7576 2072.32
ST1106 -11538 -7576 2142.87
ST1107 -10788 -7576 2111.01
ST1108 -10038 -7576 2041.84
ST1109 -9288 -7576 1857.73
ST1110 -8538 -7576 1987.88
ST1111 -7788 -7576 2047.26
ST1112 -7038 -7576 2165.42
ST1113 -6288 -7576 2180.57
ST1114 -5538 -7576 1732.22
ST1115 -4788 -7576 2329.76
ST1116 -4038 -7576 2586.92
ST1117 -3288 -7576 2844.57
ST1118 -2538 -7576 3052.26
ST1119 -1788 -7576 3158.56
ST1120 -1038 -7576 3124.48
ST1121 -287.999 -7576 3153.43
ST1122 462.001 -7576 3180.72
ST1123 1212 -7576 3058.03
ST1124 1962 -7576 2967.57
ST1125 2712 -7576 2893.07
ST1126 3462 -7576 2903
ST1127 4212 -7576 2851.45
ST1128 4962 -7576 1880.63
ST1129 5712 -7576 2700.17
ST1130 6462 -7576 2875.16
ST1131 7212 -7576 2597
ST1132 7962 -7576 2392.54
ST1133 8712 -7576 1984.09
ST1134 9462 -7576 1729.05
ST1135 10212 -7576 1904.34
ST1136 10962 -7576 1821.97
ST1137 11712 -7576 1821.53
ST1138 12462 -7576 1825.91
ST1139 13212 -7576 1922.09
ST1140 13962 -7576 2037.58
ST1141 14712 -7576 2059.18
ST1142 15462 -7576 2102.26
ST1143 16212 -7576 2624.05
ST1144 16962 -7576 3063.93
ST1145 17712 -7576 3381.44
ST1146 18462 -7576 3674.15
ST1147 19212 -7576 2479.71
ST1148 19962 -7576 3819.46
ST1149 20712 -7576 4101.15
ST1150 21462 -7576 4277.29
ST1151 22212 -7576 4403.79
ST1152 22962 -7576 4782.72
ST1153 23712 -7576 5132.3
ST1154 24462 -7576 5307.7
ST1155 25212 -7576 5412.31
ST1156 25962 -7576 5560.67
ST1157 26712 -7576 5815.19
ST1158 27462 -7576 5615.24
ST1159 28212 -7576 5331.21
ST1160 28962 -7576 5060.01
ST1161 29712 -7576 3861.12
ST1162 30462 -7576 4316.03
ST1163 31212 -7576 4952.31
ST1164 31962 -7576 4872.83
ST1165 32712 -7576 4834.62
ST1166 33462 -7576 4878.61
ST1167 34212 -7576 5105.82
ST1168 34962 -7576 5510.13
ST1169 35712 -7576 6000.6
ST1170 -12288 -6576 2160.45
ST1171 -11538 -6576 2218.8
ST1172 -10788 -6576 2164.54
ST1173 -10038 -6576 2066.94
ST1174 -9288 -6576 1939.82
ST1175 -8538 -6576 2006.63
ST1176 -7788 -6576 2267.42
ST1177 -7038 -6576 2286.74
ST1178 -6288 -6576 2350.71
ST1179 -5538 -6576 2046.26
ST1180 -4788 -6576 1875.46
ST1181 -4038 -6576 2625.7
ST1182 -3288 -6576 2868.56
ST1183 -2538 -6576 3088.83
ST1184 -1788 -6576 3199.32
ST1185 -1038 -6576 3225.88
ST1186 -287.999 -6576 3281.11
ST1187 462.001 -6576 3269.08
ST1188 1212 -6576 3222.47
ST1189 1962 -6576 3074.85
ST1190 2712 -6576 2985.62
ST1191 3462 -6576 2861.54
ST1192 4212 -6576 2235.33
ST1193 4962 -6576 2280.74
ST1194 5712 -6576 2879.47
ST1195 6462 -6576 3021.57
ST1196 7212 -6576 2866.7
ST1197 7962 -6576 2518.69
ST1198 8712 -6576 1577.72
ST1199 9462 -6576 2062.59
ST1200 10212 -6576 2335.54
ST1201 10962 -6576 2220.25
ST1202 11712 -6576 2056.68
ST1203 12462 -6576 2090.33
ST1204 13212 -6576 2161.38
ST1205 13962 -6576 2446.54
ST1206 14712 -6576 2532.23
ST1207 15462 -6576 1585.3
ST1208 16212 -6576 2566.65
ST1209 16962 -6576 3283.91
ST1210 17712 -6576 3701.51
ST1211 18462 -6576 3877.59
ST1212 19212 -6576 3695.97
ST1213 19962 -6576 2862.68
ST1214 20712 -6576 3924.9
ST1215 21462 -6576 4303.56
ST1216 22212 -6576 4540.48
ST1217 22962 -6576 4957.91
ST1218 23712 -6576 5296.17
ST1219 24462 -6576 5439.13
ST1220 25212 -6576 5590.24
ST1221 25962 -6576 5797.84
ST1222 26712 -6576 5884.12
ST1223 27462 -6576 5638.95
ST1224 28212 -6576 5481.58
ST1225 28962 -6576 4955.96
ST1226 29712 -6576 3831.81
ST1227 30462 -6576 4899.01
ST1228 31212 -6576 5264.05
ST1229 31962 -6576 5193.54
ST1230 32712 -6576 5026.53
ST1231 33462 -6576 5140.33
ST1232 34212 -6576 5347.83
ST1233 34962 -6576 5742.41
ST1234 35712 -6576 6240.15
ST1235 -12288 -5576 2220.27
ST1236 -11538 -5576 2298.6
ST1237 -10788 -5576 2233.33
ST1238 -10038 -5576 2147.08
ST1239 -9288 -5576 2002.9
ST1240 -8538 -5576 2023.5
ST1241 -7788 -5576 2280.2
ST1242 -7038 -5576 2401.75
ST1243 -6288 -5576 2437.35
ST1244 -5538 -5576 2202.17
ST1245 -4788 -5576 2278.49
ST1246 -4038 -5576 2652.15
ST1247 -3288 -5576 2862.35
ST1248 -2538 -5576 3124.22
ST1249 -1788 -5576 3230.44
ST1250 -1038 -5576 3219.55
ST1251 -287.999 -5576 3465.85
ST1252 462.001 -5576 3426.81
ST1253 1212 -5576 3334.07
ST1254 1962 -5576 3168.01
ST1255 2712 -5576 3038.44
ST1256 3462 -5576 2783.94
ST1257 4212 -5576 2635.41
ST1258 4962 -5576 2885.08
ST1259 5712 -5576 3034.06
ST1260 6462 -5576 3059.28
ST1261 7212 -5576 2956.82
ST1262 7962 -5576 2765.91
ST1263 8712 -5576 1595.68
ST1264 9462 -5576 2493.84
ST1265 10212 -5576 2570.85
ST1266 10962 -5576 2506.02
ST1267 11712 -5576 2292.36
ST1268 12462 -5576 2273.83
ST1269 13212 -5576 2509.94
ST1270 13962 -5576 2723.27
ST1271 14712 -5576 2924.62
ST1272 15462 -5576 2128.92
ST1273 16212 -5576 2698.76
ST1274 16962 -5576 3477.1
ST1275 17712 -5576 3801.92
ST1276 18462 -5576 3924.7
ST1277 19212 -5576 3970.02
ST1278 19962 -5576 3781.93
ST1279 20712 -5576 3694.04
ST1280 21462 -5576 4368.33
ST1281 22212 -5576 4691.05
ST1282 22962 -5576 5122.2
ST1283 23712 -5576 5478.69
ST1284 24462 -5576 5773.93
ST1285 25212 -5576 5796.15
ST1286 25962 -5576 5840.96
ST1287 26712 -5576 5900.04
ST1288 27462 -5576 5783.77
ST1289 28212 -5576 5470.41
ST1290 28962 -5576 5082.3
ST1291 29712 -5576 3997.65
ST1292 30462 -5576 5172.99
ST1293 31212 -5576 5492.34
ST1294 31962 -5576 5483.17
ST1295 32712 -5576 5136.69
ST1296 33462 -5576 4956.76
ST1297 34212 -5576 5529.14
ST1298 34962 -5576 5947.93
ST1299 35712 -5576 6446.96
ST1300 -12288 -4576 2254.78
ST1301 -11538 -4576 2322.49
ST1302 -10788 -4576 2297.5
ST1303 -10038 -4576 2212.79
ST1304 -9288 -4576 2119.88
ST1305 -8538 -4576 2069.15
ST1306 -7788 -4576 2366.62
ST1307 -7038 -4576 2460.89
ST1308 -6288 -4576 2516.27
ST1309 -5538 -4576 2284.58
ST1310 -4788 -4576 2371.11
ST1311 -4038 -4576 2732.09
ST1312 -3288 -4576 2928.93
ST1313 -2538 -4576 3133.6
ST1314 -1788 -4576 3226.48
ST1315 -1038 -4576 3325.2
ST1316 -287.999 -4576 3464.85
ST1317 462.001 -4576 3511.56
ST1318 1212 -4576 3399.12
ST1319 1962 -4576 3219.85
ST1320 2712 -4576 2979.08
ST1321 3462 -4576 2674.86
ST1322 4212 -4576 2968.74
ST1323 4962 -4576 3081.34
ST1324 5712 -4576 3163.71
ST1325 6462 -4576 3106.74
ST1326 7212 -4576 3033.82
ST1327 7962 -4576 2856.45
ST1328 8712 -4576 1821.54
ST1329 9462 -4576 2715.19
ST1330 10212 -4576 2886.7
ST1331 10962 -4576 2826.35
ST1332 11712 -4576 2673.4
ST1333 12462 -4576 2509.99
ST1334 13212 -4576 2837.07
ST1335 13962 -4576 3050.74
ST1336 14712 -4576 3097.99
ST1337 15462 -4576 2767.59
ST1338 16212 -4576 2884.25
ST1339 16962 -4576 3646.64
ST1340 17712 -4576 3895.25
ST1341 18462 -4576 4042.75
ST1342 19212 -4576 4131.43
ST1343 19962 -4576 4212.56
ST1344 20712 -4576 3944.38
ST1345 21462 -4576 4343.37
ST1346 22212 -4576 4779.41
ST1347 22962 -4576 5250.35
ST1348 23712 -4576 5675.38
ST1349 24462 -4576 5881.09
ST1350 25212 -4576 5913.89
ST1351 25962 -4576 5902.59
ST1352 26712 -4576 5916.42
ST1353 27462 -4576 5814.92
ST1354 28212 -4576 5631.76
ST1355 28962 -4576 5203.67
ST1356 29712 -4576 4152.06
ST1357 30462 -4576 5518.78
ST1358 31212 -4576 5505.57
ST1359 31962 -4576 5681.8
ST1360 32712 -4576 5348.52
ST1361 33462 -4576 5184.18
ST1362 34212 -4576 5720.3
ST1363 34962 -4576 6163.6
ST1364 35712 -4576 6604.13
ST1365 -12288 -3576 2281.63
ST1366 -11538 -3576 2349.74
ST1367 -10788 -3576 2351.66
ST1368 -10038 -3576 2303.59
ST1369 -9288 -3576 2214.67
ST1370 -8538 -3576 2253.01
ST1371 -7788 -3576 2436.73
ST1372 -7038 -3576 2531.43
ST1373 -6288 -3576 2606.4
ST1374 -5538 -3576 2362.97
ST1375 -4788 -3576 2355.34
ST1376 -4038 -3576 2777.89
ST1377 -3288 -3576 2937.2
ST1378 -2538 -3576 3096.32
ST1379 -1788 -3576 3247.63
ST1380 -1038 -3576 3354.78
ST1381 -287.999 -3576 3469.6
ST1382 462.001 -3576 3522.53
ST1383 1212 -3576 3370.67
ST1384 1962 -3576 3263.85
ST1385 2712 -3576 2899.14
ST1386 3462 -3576 2949.51
ST1387 4212 -3576 3165.23
ST1388 4962 -3576 3193.24
ST1389 5712 -3576 3227.34
ST1390 6462 -3576 3221.25
ST1391 7212 -3576 3155.82
ST1392 7962 -3576 2906.64
ST1393 8712 -3576 2097.07
ST1394 9462 -3576 2909.97
ST1395 10212 -3576 3079.03
ST1396 10962 -3576 3026.85
ST1397 11712 -3576 2833.72
ST1398 12462 -3576 2838.29
ST1399 13212 -3576 3074.65
ST1400 13962 -3576 3286.18
ST1401 14712 -3576 3346.29
ST1402 15462 -3576 3078.55
ST1403 16212 -3576 3206.3
ST1404 16962 -3576 3742.05
ST1405 17712 -3576 4041.21
ST1406 18462 -3576 4216.92
ST1407 19212 -3576 4311.91
ST1408 19962 -3576 4436.04
ST1409 20712 -3576 4351.84
ST1410 21462 -3576 4116.3
ST1411 22212 -3576 4712.89
ST1412 22962 -3576 5292.42
ST1413 23712 -3576 5770.53
ST1414 24462 -3576 5903.67
ST1415 25212 -3576 5919.51
ST1416 25962 -3576 5967.25
ST1417 26712 -3576 5911.77
ST1418 27462 -3576 5748
ST1419 28212 -3576 5666.75
ST1420 28962 -3576 5322.98
ST1421 29712 -3576 4335.43
ST1422 30462 -3576 5739.48
ST1423 31212 -3576 5895.44
ST1424 31962 -3576 5875.37
ST1425 32712 -3576 5721.69
ST1426 33462 -3576 5402.91
ST1427 34212 -3576 5999.09
ST1428 34962 -3576 6359.02
ST1429 35712 -3576 6690.65
ST1430 -12288 -2576 2268.15
ST1431 -11538 -2576 2377.03
ST1432 -10788 -2576 2395.46
ST1433 -10038 -2576 2357.31
ST1434 -9288 -2576 2267.27
ST1435 -8538 -2576 2306.92
ST1436 -7788 -2576 2544.77
ST1437 -7038 -2576 2669.94
ST1438 -6288 -2576 2691.58
ST1439 -5538 -2576 2487.24
ST1440 -4788 -2576 2196.75
ST1441 -4038 -2576 2618.97
ST1442 -3288 -2576 2945.39
ST1443 -2538 -2576 3095.54
ST1444 -1788 -2576 3282.64
ST1445 -1038 -2576 3357.84
ST1446 -287.999 -2576 3461.46
ST1447 462.001 -2576 3513.84
ST1448 1212 -2576 3432.31
ST1449 1962 -2576 3221.14
ST1450 2712 -2576 2941.51
ST1451 3462 -2576 3165.24
ST1452 4212 -2576 3326.62
ST1453 4962 -2576 3247.62
ST1454 5712 -2576 3270.47
ST1455 6462 -2576 3382.45
ST1456 7212 -2576 3214.65
ST1457 7962 -2576 2955.98
ST1458 8712 -2576 2230.98
ST1459 9462 -2576 3088.74
ST1460 10212 -2576 3270.77
ST1461 10962 -2576 3237.52
ST1462 11712 -2576 3114.76
ST1463 12462 -2576 3153.3
ST1464 13212 -2576 3347.56
ST1465 13962 -2576 3498.96
ST1466 14712 -2576 3541.98
ST1467 15462 -2576 3181.59
ST1468 16212 -2576 3401.38
ST1469 16962 -2576 3800.49
ST1470 17712 -2576 4169.74
ST1471 18462 -2576 4328.69
ST1472 19212 -2576 4433.62
ST1473 19962 -2576 4591.19
ST1474 20712 -2576 4682.39
ST1475 21462 -2576 4330.49
ST1476 22212 -2576 4728.17
ST1477 22962 -2576 5219.8
ST1478 23712 -2576 5699.31
ST1479 24462 -2576 5902.54
ST1480 25212 -2576 5955.66
ST1481 25962 -2576 6021.63
ST1482 26712 -2576 5889.42
ST1483 27462 -2576 5793.91
ST1484 28212 -2576 5574.23
ST1485 28962 -2576 4689.85
ST1486 29712 -2576 4710.21
ST1487 30462 -2576 5946.05
ST1488 31212 -2576 6068.21
ST1489 31962 -2576 6070.8
ST1490 32712 -2576 5759.01
ST1491 33462 -2576 5767.74
ST1492 34212 -2576 6110.69
ST1493 34962 -2576 6475.96
ST1494 35712 -2576 6784.62
ST1495 -12288 -1576 2275.33
ST1496 -11538 -1576 2380.97
ST1497 -10788 -1576 2429.09
ST1498 -10038 -1576 2414.75
ST1499 -9288 -1576 2458.92
ST1500 -8538 -1576 2522.32
ST1501 -7788 -1576 2604.66
ST1502 -7038 -1576 2719.27
ST1503 -6288 -1576 2772.26
ST1504 -5538 -1576 2595.65
ST1505 -4788 -1576 2293.98
ST1506 -4038 -1576 2352.26
ST1507 -3288 -1576 2587.32
ST1508 -2538 -1576 2911.01
ST1509 -1788 -1576 3218.62
ST1510 -1038 -1576 3365.13
ST1511 -287.999 -1576 3477.4
ST1512 462.001 -1576 3516.41
ST1513 1212 -1576 3387.38
ST1514 1962 -1576 3218.26
ST1515 2712 -1576 3019.76
ST1516 3462 -1576 3236.56
ST1517 4212 -1576 3408.34
ST1518 4962 -1576 3406.87
ST1519 5712 -1576 3363.81
ST1520 6462 -1576 3414.19
ST1521 7212 -1576 3175.43
ST1522 7962 -1576 2954.11
ST1523 8712 -1576 2448.43
ST1524 9462 -1576 3254.25
ST1525 10212 -1576 3420.88
ST1526 10962 -1576 3421.34
ST1527 11712 -1576 3289.49
ST1528 12462 -1576 3271.4
ST1529 13212 -1576 3501.91
ST1530 13962 -1576 3669.02
ST1531 14712 -1576 3809.85
ST1532 15462 -1576 3415.6
ST1533 16212 -1576 3144.56
ST1534 16962 -1576 3718.96
ST1535 17712 -1576 4194.75
ST1536 18462 -1576 4414.96
ST1537 19212 -1576 4500.3
ST1538 19962 -1576 4786.62
ST1539 20712 -1576 4786.28
ST1540 21462 -1576 4436.69
ST1541 22212 -1576 4792.95
ST1542 22962 -1576 5173.63
ST1543 23712 -1576 5650.57
ST1544 24462 -1576 5867.42
ST1545 25212 -1576 5974.74
ST1546 25962 -1576 5994.99
ST1547 26712 -1576 5798.45
ST1548 27462 -1576 5087.09
ST1549 28212 -1576 4936.09
ST1550 28962 -1576 4709.97
ST1551 29712 -1576 4963.79
ST1552 30462 -1576 5955.23
ST1553 31212 -1576 6225.18
ST1554 31962 -1576 6174.6
ST1555 32712 -1576 6264.56
ST1556 33462 -1576 6089.17
ST1557 34212 -1576 6389.33
ST1558 34962 -1576 6634.18
ST1559 35712 -1576 6876.88
ST1560 -12288 -575.999 2308.88
ST1561 -11538 -575.999 2405.34
ST1562 -10788 -575.999 2479.38
ST1563 -10038 -575.999 2501.03
ST1564 -9288 -575.999 2555.86
ST1565 -8538 -575.999 2611.52
ST1566 -7788 -575.999 2700.37
ST1567 -7038 -575.999 2779.98
ST1568 -6288 -575.999 2778.6
ST1569 -5538 -575.999 2620.7
ST1570 -4788 -575.999 2498.63
ST1571 -4038 -575.999 2575.55
ST1572 -3288 -575.999 2637.37
ST1573 -2538 -575.999 2659.97
ST1574 -1788 -575.999 3081.37
ST1575 -1038 -575.999 3352.63
ST1576 -287.999 -575.999 3457.42
ST1577 462.001 -575.999 3507.53
ST1578 1212 -575.999 3371.13
ST1579 1962 -575.999 3195.87
ST1580 2712 -575.999 3088.62
ST1581 3462 -575.999 3282.54
ST1582 4212 -575.999 3456.71
ST1583 4962 -575.999 3475.23
ST1584 5712 -575.999 3381.18
ST1585 6462 -575.999 3265.14
ST1586 7212 -575.999 2974.57
ST1587 7962 -575.999 2583.29
ST1588 8712 -575.999 2863
ST1589 9462 -575.999 3339.55
ST1590 10212 -575.999 3566.99
ST1591 10962 -575.999 3508.96
ST1592 11712 -575.999 3491.41
ST1593 12462 -575.999 3415.74
ST1594 13212 -575.999 3628.87
ST1595 13962 -575.999 3808.62
ST1596 14712 -575.999 3949.76
ST1597 15462 -575.999 3563.85
ST1598 16212 -575.999 2991.15
ST1599 16962 -575.999 3413.44
ST1600 17712 -575.999 4017.68
ST1601 18462 -575.999 4250.69
ST1602 19212 -575.999 4586.31
ST1603 19962 -575.999 4861.14
ST1604 20712 -575.999 4851.97
ST1605 21462 -575.999 4621.32
ST1606 22212 -575.999 4787.01
ST1607 22962 -575.999 5148
ST1608 23712 -575.999 5602.74
ST1609 24462 -575.999 5833.8
ST1610 25212 -575.999 5950.97
ST1611 25962 -575.999 5851.28
ST1612 26712 -575.999 5303.31
ST1613 27462 -575.999 5053.67
ST1614 28212 -575.999 5175.25
ST1615 28962 -575.999 5287.26
ST1616 29712 -575.999 5238.77
ST1617 30462 -575.999 5948.45
ST1618 31212 -575.999 6309.28
ST1619 31962 -575.999 6542.34
ST1620 32712 -575.999 6572.98
ST1621 33462 -575.999 6478.87
ST1622 34212 -575.999 6686.42
ST1623 34962 -575.999 6911.73
ST1624 35712 -575.999 6987.15
ST1625 -12288 424.001 2315.95
ST1626 -11538 424.001 2424.32
ST1627 -10788 424.001 2509.95
ST1628 -10038 424.001 2578.83
ST1629 -9288 424.001 2655.88
ST1630 -8538 424.001 2688.65
ST1631 -7788 424.001 2827.06
ST1632 -7038 424.001 2835.84
ST1633 -6288 424.001 2807.77
ST1634 -5538 424.001 2683.16
ST1635 -4788 424.001 2648.86
ST1636 -4038 424.001 2737.17
ST1637 -3288 424.001 2784.62
ST1638 -2538 424.001 2760.79
ST1639 -1788 424.001 3032.78
ST1640 -1038 424.001 3336.64
ST1641 -287.999 424.001 3429.75
ST1642 462.001 424.001 3426.55
ST1643 1212 424.001 3381.3
ST1644 1962 424.001 3241.88
ST1645 2712 424.001 3179.36
ST1646 3462 424.001 3350.58
ST1647 4212 424.001 3474.01
ST1648 4962 424.001 3472.66
ST1649 5712 424.001 3287.43
ST1650 6462 424.001 2764.14
ST1651 7212 424.001 2788.78
ST1652 7962 424.001 2803.32
ST1653 8712 424.001 3115.28
ST1654 9462 424.001 3449.27
ST1655 10212 424.001 3643.5
ST1656 10962 424.001 3616.98
ST1657 11712 424.001 3516.05
ST1658 12462 424.001 3511.55
ST1659 13212 424.001 3707.59
ST1660 13962 424.001 3877.45
ST1661 14712 424.001 3962.29
ST1662 15462 424.001 3748.57
ST1663 16212 424.001 3514.36
ST1664 16962 424.001 3327.5
ST1665 17712 424.001 3485.85
ST1666 18462 424.001 4046.83
ST1667 19212 424.001 4540.6
ST1668 19962 424.001 4830.24
ST1669 20712 424.001 4906.11
ST1670 21462 424.001 4765.99
ST1671 22212 424.001 4884.26
ST1672 22962 424.001 5225.2
ST1673 23712 424.001 5526.31
ST1674 24462 424.001 5792.49
ST1675 25212 424.001 5941.04
ST1676 25962 424.001 5788.56
ST1677 26712 424.001 5169.03
ST1678 27462 424.001 5354.87
ST1679 28212 424.001 5510.72
ST1680 28962 424.001 5591.71
ST1681 29712 424.001 5507.96
ST1682 30462 424.001 6032.28
ST1683 31212 424.001 6548.33
ST1684 31962 424.001 6720.56
ST1685 32712 424.001 6809.56
ST1686 33462 424.001 6780.65
ST1687 34212 424.001 6836.37
ST1688 34962 424.001 6922.32
ST1689 35712 424.001 7062.42
ST1690 -12288 1424 2356.14
ST1691 -11538 1424 2473.48
ST1692 -10788 1424 2556.03
ST1693 -10038 1424 2640.59
ST1694 -9288 1424 2677.81
ST1695 -8538 1424 2829.33
ST1696 -7788 1424 2872.37
ST1697 -7038 1424 2867.64
ST1698 -6288 1424 2850.62
ST1699 -5538 1424 2769.17
ST1700 -4788 1424 2819.87
ST1701 -4038 1424 2867.03
ST1702 -3288 1424 2913.6
ST1703 -2538 1424 2869.81
ST1704 -1788 1424 3032.39
ST1705 -1038 1424 3331.56
ST1706 -287.999 1424 3459.08
ST1707 462.001 1424 3480.09
ST1708 1212 1424 3454.38
ST1709 1962 1424 3338.83
ST1710 2712 1424 3274.41
ST1711 3462 1424 3408.3
ST1712 4212 1424 3481.4
ST1713 4962 1424 3348.36
ST1714 5712 1424 3213.64
ST1715 6462 1424 3094.74
ST1716 7212 1424 3080.48
ST1717 7962 1424 3123.12
ST1718 8712 1424 3321.82
ST1719 9462 1424 3547.46
ST1720 10212 1424 3696.13
ST1721 10962 1424 3690.16
ST1722 11712 1424 3615.7
ST1723 12462 1424 3548.65
ST1724 13212 1424 3818.6
ST1725 13962 1424 3947.73
ST1726 14712 1424 4055.72
ST1727 15462 1424 3886.74
ST1728 16212 1424 3769.78
ST1729 16962 1424 3674.53
ST1730 17712 1424 3776.31
ST1731 18462 1424 4020.56
ST1732 19212 1424 4387.5
ST1733 19962 1424 4677.47
ST1734 20712 1424 4925.42
ST1735 21462 1424 4884.3
ST1736 22212 1424 5016.93
ST1737 22962 1424 5311.32
ST1738 23712 1424 5656.98
ST1739 24462 1424 5873.16
ST1740 25212 1424 5909.72
ST1741 25962 1424 5618.65
ST1742 26712 1424 5289.33
ST1743 27462 1424 5561.73
ST1744 28212 1424 5761.48
ST1745 28962 1424 5850.72
ST1746 29712 1424 5839.32
ST1747 30462 1424 6230.58
ST1748 31212 1424 6550.69
ST1749 31962 1424 6839.02
ST1750 32712 1424 7029.93
ST1751 33462 1424 7080.07
ST1752 34212 1424 7169
ST1753 34962 1424 7159.53
ST1754 35712 1424 7150.78
ST1755 -12288 2424 2377.32
ST1756 -11538 2424 2499.32
ST1757 -10788 2424 2592.41
ST1758 -10038 2424 2708.63
ST1759 -9288 2424 2851.61
ST1760 -8538 2424 2877.37
ST1761 -7788 2424 2943.49
ST1762 -7038 2424 2979.92
ST1763 -6288 2424 2923.84
ST1764 -5538 2424 2888.69
ST1765 -4788 2424 2938.01
ST1766 -4038 2424 2967.96
ST1767 -3288 2424 2974.43
ST1768 -2538 2424 2929.06
ST1769 -1788 2424 3024.97
ST1770 -1038 2424 3347.5
ST1771 -287.999 2424 3478.71
ST1772 462.001 2424 3528.71
ST1773 1212 2424 3514.44
ST1774 1962 2424 3374.49
ST1775 2712 2424 3352.83
ST1776 3462 2424 3443.78
ST1777 4212 2424 3403.5
ST1778 4962 2424 3274.29
ST1779 5712 2424 3245.32
ST1780 6462 2424 3281.8
ST1781 7212 2424 3316.54
ST1782 7962 2424 3384.84
ST1783 8712 2424 3511.59
ST1784 9462 2424 3656.7
ST1785 10212 2424 3823.08
ST1786 10962 2424 3769.36
ST1787 11712 2424 3670.53
ST1788 12462 2424 3589.2
ST1789 13212 2424 3892.55
ST1790 13962 2424 4083.05
ST1791 14712 2424 4200.87
ST1792 15462 2424 4088.5
ST1793 16212 2424 4045.77
ST1794 16962 2424 4059.59
ST1795 17712 2424 4144.22
ST1796 18462 2424 4223.84
ST1797 19212 2424 4339.95
ST1798 19962 2424 4501.1
ST1799 20712 2424 4896.57
ST1800 21462 2424 5070.69
ST1801 22212 2424 5115.43
ST1802 22962 2424 5498.25
ST1803 23712 2424 5775.35
ST1804 24462 2424 5955.7
ST1805 25212 2424 5947.39
ST1806 25962 2424 5675.38
ST1807 26712 2424 5410.65
ST1808 27462 2424 5660.18
ST1809 28212 2424 5918.81
ST1810 28962 2424 6068.49
ST1811 29712 2424 6149
ST1812 30462 2424 6479
ST1813 31212 2424 6806.83
ST1814 31962 2424 6983.01
ST1815 32712 2424 7170.33
ST1816 33462 2424 7288.75
ST1817 34212 2424 7341.31
ST1818 34962 2424 7299.28
ST1819 35712 2424 7288.71
ST1820 -12288 3424 2401.74
ST1821 -11538 3424 2551.74
ST1822 -10788 3424 2645.21
ST1823 -10038 3424 2720.92
ST1824 -9288 3424 2855.91
ST1825 -8538 3424 2947.22
ST1826 -7788 3424 2987.94
ST1827 -7038 3424 3029.73
ST1828 -6288 3424 3031.01
ST1829 -5538 3424 3024.8
ST1830 -4788 3424 3016.04
ST1831 -4038 3424 3106.13
ST1832 -3288 3424 3034.81
ST1833 -2538 3424 2975.38
ST1834 -1788 3424 3089.12
ST1835 -1038 3424 3330.2
ST1836 -287.999 3424 3507.89
ST1837 462.001 3424 3574.11
ST1838 1212 3424 3527.48
ST1839 1962 3424 3468.7
ST1840 2712 3424 3479.24
ST1841 3462 3424 3438.15
ST1842 4212 3424 3317.75
ST1843 4962 3424 3283.17
ST1844 5712 3424 3449.07
ST1845 6462 3424 3575.69
ST1846 7212 3424 3586.92
ST1847 7962 3424 3620.99
ST1848 8712 3424 3623.06
ST1849 9462 3424 3815.4
ST1850 10212 3424 3907.08
ST1851 10962 3424 3800.98
ST1852 11712 3424 3722.42
ST1853 12462 3424 3701.53
ST1854 13212 3424 3935.08
ST1855 13962 3424 4244.86
ST1856 14712 3424 4308.06
ST1857 15462 3424 4187.85
ST1858 16212 3424 4336.66
ST1859 16962 3424 4395.19
ST1860 17712 3424 4467.4
ST1861 18462 3424 4548.58
ST1862 19212 3424 4325.64
ST1863 19962 3424 4602.21
ST1864 20712 3424 4787.72
ST1865 21462 3424 5147.7
ST1866 22212 3424 5307.48
ST1867 22962 3424 5503.6
ST1868 23712 3424 5796.32
ST1869 24462 3424 5946.68
ST1870 25212 3424 5953.18
ST1871 25962 3424 5863.09
ST1872 26712 3424 5534.17
ST1873 27462 3424 5779.13
ST1874 28212 3424 6096.39
ST1875 28962 3424 6336.48
ST1876 29712 3424 6401.41
ST1877 30462 3424 6627.76
ST1878 31212 3424 6967.34
ST1879 31962 3424 7161.64
ST1880 32712 3424 7279
ST1881 33462 3424 7380.45
ST1882 34212 3424 7376.01
ST1883 34962 3424 7415.95
ST1884 35712 3424 7399.98
ST1885 -12288 4424 2400.15
ST1886 -11538 4424 2559.64
ST1887 -10788 4424 2660.5
ST1888 -10038 4424 2788.71
ST1889 -9288 4424 2894.89
ST1890 -8538 4424 2984.03
ST1891 -7788 4424 3042.31
ST1892 -7038 4424 3063.61
ST1893 -6288 4424 3104.76
ST1894 -5538 4424 3109.56
ST1895 -4788 4424 3154.73
ST1896 -4038 4424 3172.2
ST1897 -3288 4424 3117.44
ST1898 -2538 4424 3032.06
ST1899 -1788 4424 3142.21
ST1900 -1038 4424 3381.39
ST1901 -287.999 4424 3516.67
ST1902 462.001 4424 3582.54
ST1903 1212 4424 3578.31
ST1904 1962 4424 3534.31
ST1905 2712 4424 3551.48
ST1906 3462 4424 3502.7
ST1907 4212 4424 3513.65
ST1908 4962 4424 3467.21
ST1909 5712 4424 3552.67
ST1910 6462 4424 3780.46
ST1911 7212 4424 3799.19
ST1912 7962 4424 3806.87
ST1913 8712 4424 3880.13
ST1914 9462 4424 3945.47
ST1915 10212 4424 3925.68
ST1916 10962 4424 3984.34
ST1917 11712 4424 3869.41
ST1918 12462 4424 3792.04
ST1919 13212 4424 4089.96
ST1920 13962 4424 4274.11
ST1921 14712 4424 4319.57
ST1922 15462 4424 4343.86
ST1923 16212 4424 4491.17
ST1924 16962 4424 4677.94
ST1925 17712 4424 4774.18
ST1926 18462 4424 4691.39
ST1927 19212 4424 4749.78
ST1928 19962 4424 4811.77
ST1929 20712 4424 5018.35
ST1930 21462 4424 5184.35
ST1931 22212 4424 5454.04
ST1932 22962 4424 5607.75
ST1933 23712 4424 5824.54
ST1934 24462 4424 6005.33
ST1935 25212 4424 6047.86
ST1936 25962 4424 5882.48
ST1937 26712 4424 5655.12
ST1938 27462 4424 5909.81
ST1939 28212 4424 6265.01
ST1940 28962 4424 6552.35
ST1941 29712 4424 6700
ST1942 30462 4424 6949.63
ST1943 31212 4424 7180.33
ST1944 31962 4424 7249.14
ST1945 32712 4424 7381.43
ST1946 33462 4424 7513.05
ST1947 34212 4424 7519.52
ST1948 34962 4424 7494.1
ST1949 35712 4424 7498.83
ST1950 -12288 5424 2412.89
ST1951 -11538 5424 2555.82
ST1952 -10788 5424 2667.56
ST1953 -10038 5424 2751.53
ST1954 -9288 5424 2917.07
ST1955 -8538 5424 3024.99
ST1956 -7788 5424 3061.91
ST1957 -7038 5424 3114.79
ST1958 -6288 5424 3184.41
ST1959 -5538 5424 3218.52
ST1960 -4788 5424 3240.44
ST1961 -4038 5424 3235.45
ST1962 -3288 5424 3183.6
ST1963 -2538 5424 3116.95
ST1964 -1788 5424 3170.79
ST1965 -1038 5424 3393.82
ST1966 -287.999 5424 3542.45
ST1967 462.001 5424 3617.46
ST1968 1212 5424 3624.59
ST1969 1962 5424 3623.28
ST1970 2712 5424 3613.8
ST1971 3462 5424 3572.61
ST1972 4212 5424 3577.92
ST1973 4962 5424 3652.68
ST1974 5712 5424 3858.2
ST1975 6462 5424 3894.38
ST1976 7212 5424 3959.15
ST1977 7962 5424 3949.9
ST1978 8712 5424 3949.94
ST1979 9462 5424 4024.34
ST1980 10212 5424 4048.29
ST1981 10962 5424 4048.15
ST1982 11712 5424 2937.57
ST1983 12462 5424 2919.57
ST1984 13212 5424 4205.45
ST1985 13962 5424 4350.38
ST1986 14712 5424 4465.58
ST1987 15462 5424 4504.49
ST1988 16212 5424 4660.79
ST1989 16962 5424 4772.23
ST1990 17712 5424 5019.16
ST1991 18462 5424 5138.16
ST1992 19212 5424 4991.33
ST1993 19962 5424 4955.35
ST1994 20712 5424 5144.31
ST1995 21462 5424 5293.2
ST1996 22212 5424 5558.1
ST1997 22962 5424 5724.04
ST1998 23712 5424 5913.56
ST1999 24462 5424 6038.72
ST2000 25212 5424 6042.09
ST2001 25962 5424 5894.71
ST2002 26712 5424 5683.94
ST2003 27462 5424 5988.24
ST2004 28212 5424 6412.62
ST2005 28962 5424 6708.79
ST2006 29712 5424 6915.95
ST2007 30462 5424 7076.75
ST2008 31212 5424 7228.3
ST2009 31962 5424 7345.96
ST2010 32712 5424 7499.66
ST2011 33462 5424 7557.16
ST2012 34212 5424 7416.7
ST2013 34962 5424 7412.74
ST2014 35712 5424 7475.04
ST2015 -12288 6424 2355.18
ST2016 -11538 6424 2510.38
ST2017 -10788 6424 2670.22
ST2018 -10038 6424 2759.64
ST2019 -9288 6424 2889.02
ST2020 -8538 6424 3008.12
ST2021 -7788 6424 3086.45
ST2022 -7038 6424 3140.04
ST2023 -6288 6424 3201.89
ST2024 -5538 6424 3296.09
ST2025 -4788 6424 3269.83
ST2026 -4038 6424 3225.51
ST2027 -3288 6424 3166.58
ST2028 -2538 6424 3215.92
ST2029 -1788 6424 3261.3
ST2030 -1038 6424 3383.83
ST2031 -287.999 6424 3543.08
ST2032 462.001 6424 3666.83
ST2033 1212 6424 3716.6
ST2034 1962 6424 3725.8
ST2035 2712 6424 3712.64
ST2036 3462 6424 3697.57
ST2037 4212 6424 3731.86
ST2038 4962 6424 3789.33
ST2039 5712 6424 3967.5
ST2040 6462 6424 4007.39
ST2041 7212 6424 3992.18
ST2042 7962 6424 3930.65
ST2043 8712 6424 3898.95
ST2044 9462 6424 3931.14
ST2045 10212 6424 3838.9
ST2046 10962 6424 4051.01
ST2047 11712 6424 3055.18
ST2048 12462 6424 3056.47
ST2049 13212 6424 4206.54
ST2050 13962 6424 4128.21
ST2051 14712 6424 4251.99
ST2052 15462 6424 4500.17
ST2053 16212 6424 4641.76
ST2054 16962 6424 4832.12
ST2055 17712 6424 5044.66
ST2056 18462 6424 5202.84
ST2057 19212 6424 5241.3
ST2058 19962 6424 5196.53
ST2059 20712 6424 5328.96
ST2060 21462 6424 5443.4
ST2061 22212 6424 5678.12
ST2062 22962 6424 5906.85
ST2063 23712 6424 6034.46
ST2064 24462 6424 6108.08
ST2065 25212 6424 6046.09
ST2066 25962 6424 5924.96
ST2067 26712 6424 5990.48
ST2068 27462 6424 6188.16
ST2069 28212 6424 6403.65
ST2070 28962 6424 6711.28
ST2071 29712 6424 6992.55
ST2072 30462 6424 7173.08
ST2073 31212 6424 7282.99
ST2074 31962 6424 7454.23
ST2075 32712 6424 7475.14
ST2076 33462 6424 7545.36
ST2077 34212 6424 7555.93
ST2078 34962 6424 7450.34
ST2079 35712 6424 7358.26
ST2080 -12288 7424 2293.73
ST2081 -11538 7424 2464.5
ST2082 -10788 7424 2589.54
ST2083 -10038 7424 2762.44
ST2084 -9288 7424 2897.93
ST2085 -8538 7424 2999.51
ST2086 -7788 7424 3131.5
ST2087 -7038 7424 3184.95
ST2088 -6288 7424 3247.38
ST2089 -5538 7424 3304.18
ST2090 -4788 7424 3310.2
ST2091 -4038 7424 3256.76
ST2092 -3288 7424 3222.87
ST2093 -2538 7424 3299.36
ST2094 -1788 7424 3315.2
ST2095 -1038 7424 3449.23
ST2096 -287.999 7424 3713.05
ST2097 462.001 7424 3786.19
ST2098 1212 7424 3807.07
ST2099 1962 7424 3825.64
ST2100 2712 7424 3821.15
ST2101 3462 7424 3830.15
ST2102 4212 7424 3924.26
ST2103 4962 7424 3938.9
ST2104 5712 7424 4015.09
ST2105 6462 7424 3980.66
ST2106 7212 7424 3848.06
ST2107 7962 7424 3768.07
ST2108 8712 7424 3721.22
ST2109 9462 7424 3678.24
ST2110 10212 7424 3484.92
ST2111 10962 7424 3246.48
ST2112 11712 7424 3165.24
ST2113 12462 7424 3048.87
ST2114 13212 7424 3345.85
ST2115 13962 7424 3616.81
ST2116 14712 7424 4075.44
ST2117 15462 7424 4219.07
ST2118 16212 7424 4407.81
ST2119 16962 7424 4657.51
ST2120 17712 7424 4903.46
ST2121 18462 7424 5241.99
ST2122 19212 7424 5297.65
ST2123 19962 7424 5377.38
ST2124 20712 7424 5611.05
ST2125 21462 7424 5642.62
ST2126 22212 7424 5845.79
ST2127 22962 7424 6040.71
ST2128 23712 7424 6193.69
ST2129 24462 7424 6321.28
ST2130 25212 7424 6415.17
ST2131 25962 7424 6111
ST2132 26712 7424 6180.08
ST2133 27462 7424 6281.66
ST2134 28212 7424 6474.38
ST2135 28962 7424 6801.69
ST2136 29712 7424 7169.64
ST2137 30462 7424 7250.74
ST2138 31212 7424 7393.77
ST2139 31962 7424 7475.11
ST2140 32712 7424 7495.81
ST2141 33462 7424 7525.42
ST2142 34212 7424 7509.09
ST2143 34962 7424 7333.95
ST2144 35712 7424 7213.63
ST2145 -12288 8424 2212.77
ST2146 -11538 8424 2401.35
ST2147 -10788 8424 2576.41
ST2148 -10038 8424 2731.54
ST2149 -9288 8424 2878.94
ST2150 -8538 8424 2990.85
ST2151 -7788 8424 3103.87
ST2152 -7038 8424 3197.35
ST2153 -6288 8424 3278.64
ST2154 -5538 8424 3325.67
ST2155 -4788 8424 3356.82
ST2156 -4038 8424 3410.09
ST2157 -3288 8424 3322.88
ST2158 -2538 8424 3351.77
ST2159 -1788 8424 3419.51
ST2160 -1038 8424 3515.25
ST2161 -287.999 8424 3720.05
ST2162 462.001 8424 3786.49
ST2163 1212 8424 3901.52
ST2164 1962 8424 3932.54
ST2165 2712 8424 3937.8
ST2166 3462 8424 3954.01
ST2167 4212 8424 3994.65
ST2168 4962 8424 4037.69
ST2169 5712 8424 4013.99
ST2170 6462 8424 3934.62
ST2171 7212 8424 3547.58
ST2172 7962 8424 3589.03
ST2173 8712 8424 3348.43
ST2174 9462 8424 3599.98
ST2175 10212 8424 3503.52
ST2176 10962 8424 3372.23
ST2177 11712 8424 2874.08
ST2178 12462 8424 2888.25
ST2179 13212 8424 3478.12
ST2180 13962 8424 3688.55
ST2181 14712 8424 3961.04
ST2182 15462 8424 3894.51
ST2183 16212 8424 4142.75
ST2184 16962 8424 4020.51
ST2185 17712 8424 4765.58
ST2186 18462 8424 5204.85
ST2187 19212 8424 5411.79
ST2188 19962 8424 5601.97
ST2189 20712 8424 5735.52
ST2190 21462 8424 5838.75
ST2191 22212 8424 5981
ST2192 22962 8424 6184.15
ST2193 23712 8424 6335.76
ST2194 24462 8424 6335
ST2195 25212 8424 6410.22
ST2196 25962 8424 6196.73
ST2197 26712 8424 6302.74
ST2198 27462 8424 6452.49
ST2199 28212 8424 6642.21
ST2200 28962 8424 7010.27
ST2201 29712 8424 7099.83
ST2202 30462 8424 7322.27
ST2203 31212 8424 7466.34
ST2204 31962 8424 7499.84
ST2205 32712 8424 7512.69
ST2206 33462 8424 7494.93
ST2207 34212 8424 7447.66
ST2208 34962 8424 7282.69
ST2209 35712 8424 7077.53
ST2210 -12288 9424 2196.36
ST2211 -11538 9424 2379.09
ST2212 -10788 9424 2558.65
ST2213 -10038 9424 2728.96
ST2214 -9288 9424 2857.68
ST2215 -8538 9424 2983.35
ST2216 -7788 9424 3101.43
ST2217 -7038 9424 3208.51
ST2218 -6288 9424 3282.53
ST2219 -5538 9424 3370.8
ST2220 -4788 9424 3415.47
ST2221 -4038 9424 3447.59
ST2222 -3288 9424 3424.68
ST2223 -2538 9424 3499.99
ST2224 -1788 9424 3524.12
ST2225 -1038 9424 3668.82
ST2226 -287.999 9424 3742.24
ST2227 462.001 9424 3846.45
ST2228 1212 9424 3985.74
ST2229 1962 9424 4023.28
ST2230 2712 9424 4046.39
ST2231 3462 9424 4075.5
ST2232 4212 9424 4064.14
ST2233 4962 9424 4136.91
ST2234 5712 9424 4083.33
ST2235 6462 9424 3887.33
ST2236 7212 9424 3307.96
ST2237 7962 9424 2790.5
ST2238 8712 9424 3223.04
ST2239 9462 9424 3313.91
ST2240 10212 9424 3454.57
ST2241 10962 9424 3497.64
ST2242 11712 9424 2794.42
ST2243 12462 9424 2384.65
ST2244 13212 9424 3542.42
ST2245 13962 9424 3434.86
ST2246 14712 9424 3629.35
ST2247 15462 9424 3573.49
ST2248 16212 9424 3335.5
ST2249 16962 9424 3559.84
ST2250 17712 9424 4629.47
ST2251 18462 9424 5221.76
ST2252 19212 9424 5521.35
ST2253 19962 9424 5646.05
ST2254 20712 9424 5880.37
ST2255 21462 9424 5999.04
ST2256 22212 9424 6165.35
ST2257 22962 9424 6310.32
ST2258 23712 9424 6449.77
ST2259 24462 9424 6384.81
ST2260 25212 9424 6445.05
ST2261 25962 9424 6485.53
ST2262 26712 9424 6507.99
ST2263 27462 9424 6687.68
ST2264 28212 9424 6824.13
ST2265 28962 9424 7077.47
ST2266 29712 9424 7216.43
ST2267 30462 9424 7389.54
ST2268 31212 9424 7468.65
ST2269 31962 9424 7509.79
ST2270 32712 9424 7488.12
ST2271 33462 9424 7465.98
ST2272 34212 9424 7375.58
ST2273 34962 9424 7210.25
ST2274 35712 9424 6996.78
ST2275 -12288 10424 2152.25
ST2276 -11538 10424 2372.65
ST2277 -10788 10424 2528.67
ST2278 -10038 10424 2691.09
ST2279 -9288 10424 2834.22
ST2280 -8538 10424 2968.89
ST2281 -7788 10424 3091.05
ST2282 -7038 10424 3199.3
ST2283 -6288 10424 3286.28
ST2284 -5538 10424 3381.72
ST2285 -4788 10424 3465.93
ST2286 -4038 10424 3498.22
ST2287 -3288 10424 3518.83
ST2288 -2538 10424 3575.99
ST2289 -1788 10424 3646.11
ST2290 -1038 10424 3761.82
ST2291 -287.999 10424 3822.47
ST2292 462.001 10424 3901.56
ST2293 1212 10424 4016.83
ST2294 1962 10424 4094.99
ST2295 2712 10424 4124.23
ST2296 3462 10424 4146.06
ST2297 4212 10424 4203.39
ST2298 4962 10424 4118.5
ST2299 5712 10424 4031.79
ST2300 6462 10424 3624.93
ST2301 7212 10424 3329.51
ST2302 7962 10424 3029.47
ST2303 8712 10424 2418.83
ST2304 9462 10424 2657.99
ST2305 10212 10424 2555.7
ST2306 10962 10424 2430.82
ST2307 11712 10424 2323.84
ST2308 12462 10424 1551.31
ST2309 13212 10424 2088.87
ST2310 13962 10424 2531.22
ST2311 14712 10424 2906.79
ST2312 15462 10424 2920.45
ST2313 16212 10424 3218.32
ST2314 16962 10424 3969.11
ST2315 17712 10424 4329.81
ST2316 18462 10424 5039.07
ST2317 19212 10424 5458.47
ST2318 19962 10424 5780.26
ST2319 20712 10424 5986.02
ST2320 21462 10424 6109.73
ST2321 22212 10424 6265.01
ST2322 22962 10424 6437.24
ST2323 23712 10424 6539.73
ST2324 24462 10424 6533.97
ST2325 25212 10424 6608.39
ST2326 25962 10424 6702.9
ST2327 26712 10424 6606.02
ST2328 27462 10424 6831.83
ST2329 28212 10424 6982.65
ST2330 28962 10424 7298.75
ST2331 29712 10424 7313.91
ST2332 30462 10424 7374.6
ST2333 31212 10424 7412.08
ST2334 31962 10424 7474.4
ST2335 32712 10424 7489.22
ST2336 33462 10424 7399.39
ST2337 34212 10424 7301.48
ST2338 34962 10424 7195.1
ST2339 35712 10424 6895.32
ST2340 -12288 11424 2182.81
ST2341 -11538 11424 2355.54
ST2342 -10788 11424 2527.35
ST2343 -10038 11424 2664.67
ST2344 -9288 11424 2806.22
ST2345 -8538 11424 2942.84
ST2346 -7788 11424 3060.84
ST2347 -7038 11424 3157.61
ST2348 -6288 11424 3282.54
ST2349 -5538 11424 3384.81
ST2350 -4788 11424 3481.14
ST2351 -4038 11424 3578.14
ST2352 -3288 11424 3598.57
ST2353 -2538 11424 3697.73
ST2354 -1788 11424 3719.83
ST2355 -1038 11424 3819
ST2356 -287.999 11424 3891.94
ST2357 462.001 11424 4042.37
ST2358 1212 11424 4097.32
ST2359 1962 11424 4128.18
ST2360 2712 11424 4185.01
ST2361 3462 11424 4216.62
ST2362 4212 11424 4205.67
ST2363 4962 11424 4185
ST2364 5712 11424 4038.57
ST2365 6462 11424 3860.71
ST2366 7212 11424 3664.09
ST2367 7962 11424 3393.41
ST2368 8712 11424 2873.46
ST2369 9462 11424 2247.6
ST2370 10212 11424 1911.61
ST2371 10962 11424 1987.4
ST2372 11712 11424 1531.23
ST2373 12462 11424 2221.23
ST2374 13212 11424 1731.47
ST2375 13962 11424 2242.55
ST2376 14712 11424 2303.23
ST2377 15462 11424 2861.63
ST2378 16212 11424 3792.74
ST2379 16962 11424 4344.92
ST2380 17712 11424 4750.29
ST2381 18462 11424 5105.06
ST2382 19212 11424 5506.89
ST2383 19962 11424 5749.59
ST2384 20712 11424 6073.91
ST2385 21462 11424 6210.47
ST2386 22212 11424 6355.21
ST2387 22962 11424 6511.49
ST2388 23712 11424 6644.76
ST2389 24462 11424 6784.58
ST2390 25212 11424 6685.49
ST2391 25962 11424 6810.1
ST2392 26712 11424 6910.22
ST2393 27462 11424 7074.22
ST2394 28212 11424 7125.23
ST2395 28962 11424 7279.17
ST2396 29712 11424 7353.98
ST2397 30462 11424 7421.81
ST2398 31212 11424 7386.09
ST2399 31962 11424 7423.03
ST2400 32712 11424 7385.39
ST2401 33462 11424 7335.48
ST2402 34212 11424 7227.08
ST2403 34962 11424 7113.34
ST2404 35712 11424 6908.25
ST2405 -12288 12424 2178.61
ST2406 -11538 12424 2330.52
ST2407 -10788 12424 2487.53
ST2408 -10038 12424 2645.81
ST2409 -9288 12424 2758.22
ST2410 -8538 12424 2916.86
ST2411 -7788 12424 3021.22
ST2412 -7038 12424 3132.49
ST2413 -6288 12424 3256.78
ST2414 -5538 12424 3387.59
ST2415 -4788 12424 3470.66
ST2416 -4038 12424 3577.56
ST2417 -3288 12424 3684.96
ST2418 -2538 12424 3723.39
ST2419 -1788 12424 3790.07
ST2420 -1038 12424 3874.26
ST2421 -287.999 12424 3976.01
ST2422 462.001 12424 4057.37
ST2423 1212 12424 4143.56
ST2424 1962 12424 4155.72
ST2425 2712 12424 4217.99
ST2426 3462 12424 4254.5
ST2427 4212 12424 4159.77
ST2428 4962 12424 4178.97
ST2429 5712 12424 4079.52
ST2430 6462 12424 3971.58
ST2431 7212 12424 3845.76
ST2432 7962 12424 3581.39
ST2433 8712 12424 3386.3
ST2434 9462 12424 3008.85
ST2435 10212 12424 2046.88
ST2436 10962 12424 1541.76
ST2437 11712 12424 2450.07
ST2438 12462 12424 2934.21
ST2439 13212 12424 1628.69
ST2440 13962 12424 1841.18
ST2441 14712 12424 2897.99
ST2442 15462 12424 3678.81
ST2443 16212 12424 4104.48
ST2444 16962 12424 4501.44
ST2445 17712 12424 4852.46
ST2446 18462 12424 5228.28
ST2447 19212 12424 5540.3
ST2448 19962 12424 5798.51
ST2449 20712 12424 6092.94
ST2450 21462 12424 6283.78
ST2451 22212 12424 6409.82
ST2452 22962 12424 6698.85
ST2453 23712 12424 6709.04
ST2454 24462 12424 6780.83
ST2455 25212 12424 6863.66
ST2456 25962 12424 6933.47
ST2457 26712 12424 6995.96
ST2458 27462 12424 7146.81
ST2459 28212 12424 7202.28
ST2460 28962 12424 7285.33
ST2461 29712 12424 7337.54
ST2462 30462 12424 7355.42
ST2463 31212 12424 7360.18
ST2464 31962 12424 7313.16
ST2465 32712 12424 7301.84
ST2466 33462 12424 7171.02
ST2467 34212 12424 7159.23
ST2468 34962 12424 7017.98
ST2469 35712 12424 6837.78
ST2470 -12288 13424 2115.64
ST2471 -11538 13424 2156.9
ST2472 -10788 13424 2442.04
ST2473 -10038 13424 2610.25
ST2474 -9288 13424 2713.68
ST2475 -8538 13424 2801.21
ST2476 -7788 13424 2976.63
ST2477 -7038 13424 3075.7
ST2478 -6288 13424 3233.04
ST2479 -5538 13424 3368.56
ST2480 -4788 13424 3478.26
ST2481 -4038 13424 3573.86
ST2482 -3288 13424 3675.55
ST2483 -2538 13424 3751.15
ST2484 -1788 13424 3873.19
ST2485 -1038 13424 3887.57
ST2486 -287.999 13424 3989.23
ST2487 462.001 13424 4074.32
ST2488 1212 13424 4179.24
ST2489 1962 13424 4181.63
ST2490 2712 13424 4238.54
ST2491 3462 13424 4287.27
ST2492 4212 13424 4169.35
ST2493 4962 13424 4156.19
ST2494 5712 13424 4094.63
ST2495 6462 13424 4061.09
ST2496 7212 13424 3821.07
ST2497 7962 13424 3657.17
ST2498 8712 13424 3484.96
ST2499 9462 13424 3191.08
ST2500 10212 13424 2044.99
ST2501 10962 13424 1769.28
ST2502 11712 13424 2696.48
ST2503 12462 13424 3813.23
ST2504 13212 13424 2258.9
ST2505 13962 13424 1692.26
ST2506 14712 13424 3192.92
ST2507 15462 13424 3817.57
ST2508 16212 13424 4240.56
ST2509 16962 13424 4581.05
ST2510 17712 13424 4946.98
ST2511 18462 13424 5281.73
ST2512 19212 13424 5561.29
ST2513 19962 13424 5779.71
ST2514 20712 13424 5996.19
ST2515 21462 13424 6256.89
ST2516 22212 13424 6450.79
ST2517 22962 13424 6716.68
ST2518 23712 13424 6719
ST2519 24462 13424 6798.35
ST2520 25212 13424 6901.71
ST2521 25962 13424 7061.74
ST2522 26712 13424 7188.15
ST2523 27462 13424 7193.79
ST2524 28212 13424 7238.45
ST2525 28962 13424 7301.64
ST2526 29712 13424 7331.5
ST2527 30462 13424 7280.68
ST2528 31212 13424 7210.48
ST2529 31962 13424 7175.04
ST2530 32712 13424 6996.72
ST2531 33462 13424 7012.01
ST2532 34212 13424 7078.72
ST2533 34962 13424 6903.8
ST2534 35712 13424 6744.08
ST2535 -12288 14424 2054.69
ST2536 -11538 14424 2117.12
ST2537 -10788 14424 2352.16
ST2538 -10038 14424 2517.29
ST2539 -9288 14424 2698.64
ST2540 -8538 14424 2796.51
ST2541 -7788 14424 2819.78
ST2542 -7038 14424 3049.69
ST2543 -6288 14424 3180.01
ST2544 -5538 14424 3349.38
ST2545 -4788 14424 3467.68
ST2546 -4038 14424 3557.87
ST2547 -3288 14424 3661.44
ST2548 -2538 14424 3771.89
ST2549 -1788 14424 3886.4
ST2550 -1038 14424 3943.14
ST2551 -287.999 14424 4001.68
ST2552 462.001 14424 4075.56
ST2553 1212 14424 4144.51
ST2554 1962 14424 4187.9
ST2555 2712 14424 4206.65
ST2556 3462 14424 4239.54
ST2557 4212 14424 4115.02
ST2558 4962 14424 4123.95
ST2559 5712 14424 4046.6
ST2560 6462 14424 3993.36
ST2561 7212 14424 3853.79
ST2562 7962 14424 3588.02
ST2563 8712 14424 3398.48
ST2564 9462 14424 3180.51
ST2565 10212 14424 1883.03
ST2566 10962 14424 1867.59
ST2567 11712 14424 3500.92
ST2568 12462 14424 3740.66
ST2569 13212 14424 2666.81
ST2570 13962 14424 1958.29
ST2571 14712 14424 2924.42
ST2572 15462 14424 3776.84
ST2573 16212 14424 4101.38
ST2574 16962 14424 4502.77
ST2575 17712 14424 4930.58
ST2576 18462 14424 5231.81
ST2577 19212 14424 5561.98
ST2578 19962 14424 5705.72
ST2579 20712 14424 5904.32
ST2580 21462 14424 6274.44
ST2581 22212 14424 6408.32
ST2582 22962 14424 6653.54
ST2583 23712 14424 6717.55
ST2584 24462 14424 6822.04
ST2585 25212 14424 6921.76
ST2586 25962 14424 7063.26
ST2587 26712 14424 7138.8
ST2588 27462 14424 7200.67
ST2589 28212 14424 7235.09
ST2590 28962 14424 7260.08
ST2591 29712 14424 7318.18
ST2592 30462 14424 7378.74
ST2593 31212 14424 7158.56
ST2594 31962 14424 7023.04
ST2595 32712 14424 6856.88
ST2596 33462 14424 6872.42
ST2597 34212 14424 6765.03
ST2598 34962 14424 6726.63
ST2599 35712 14424 6088.94
ST2600 -12288 15424 1987.78
ST2601 -11538 15424 2112.19
ST2602 -10788 15424 2263.94
ST2603 -10038 15424 2439.88
ST2604 -9288 15424 2549.78
ST2605 -8538 15424 2629
ST2606 -7788 15424 2845.01
ST2607 -7038 15424 3030.09
ST2608 -6288 15424 3167.49
ST2609 -5538 15424 3325.89
ST2610 -4788 15424 3456.89
ST2611 -4038 15424 3558.04
ST2612 -3288 15424 3645.25
ST2613 -2538 15424 3756.08
ST2614 -1788 15424 3864.59
ST2615 -1038 15424 3921.16
ST2616 -287.999 15424 3988.9
ST2617 462.001 15424 4072.95
ST2618 1212 15424 4127.33
ST2619 1962 15424 4171.11
ST2620 2712 15424 4091.06
ST2621 3462 15424 4142.28
ST2622 4212 15424 4041.98
ST2623 4962 15424 3949.71
ST2624 5712 15424 3819.9
ST2625 6462 15424 3876.53
ST2626 7212 15424 3718.87
ST2627 7962 15424 3454.69
ST2628 8712 15424 3215.07
ST2629 9462 15424 2993.33
ST2630 10212 15424 1833.35
ST2631 10962 15424 1863.87
ST2632 11712 15424 2446.49
ST2633 12462 15424 3676.78
ST2634 13212 15424 1950.83
ST2635 13962 15424 1969.73
ST2636 14712 15424 2621.44
ST2637 15462 15424 3584.74
ST2638 16212 15424 3960.78
ST2639 16962 15424 4329.07
ST2640 17712 15424 4766.93
ST2641 18462 15424 5049.53
ST2642 19212 15424 5280.37
ST2643 19962 15424 5572.88
ST2644 20712 15424 5841.45
ST2645 21462 15424 6114.63
ST2646 22212 15424 6423.54
ST2647 22962 15424 6570.47
ST2648 23712 15424 6703.18
ST2649 24462 15424 6823.52
ST2650 25212 15424 6943.98
ST2651 25962 15424 7040.11
ST2652 26712 15424 7140.57
ST2653 27462 15424 7127.34
ST2654 28212 15424 7190.52
ST2655 28962 15424 7235.73
ST2656 29712 15424 7277.72
ST2657 30462 15424 7126.13
ST2658 31212 15424 7069.33
ST2659 31962 15424 6886.12
ST2660 32712 15424 6675.92
ST2661 33462 15424 6695.04
ST2662 34212 15424 6545.87
ST2663 34962 15424 6520.31
ST2664 35712 15424 6088.08
ST2665 -12288 16424 1888.88
ST2666 -11538 16424 2002.37
ST2667 -10788 16424 2190.07
ST2668 -10038 16424 2370.13
ST2669 -9288 16424 2422.18
ST2670 -8538 16424 2573.28
ST2671 -7788 16424 2767.07
ST2672 -7038 16424 2953.59
ST2673 -6288 16424 3137.91
ST2674 -5538 16424 3309.36
ST2675 -4788 16424 3434.17
ST2676 -4038 16424 3551.01
ST2677 -3288 16424 3623.85
ST2678 -2538 16424 3734.71
ST2679 -1788 16424 3845.58
ST2680 -1038 16424 3911.02
ST2681 -287.999 16424 3941.08
ST2682 462.001 16424 4040.64
ST2683 1212 16424 4108.19
ST2684 1962 16424 4143.09
ST2685 2712 16424 4171.81
ST2686 3462 16424 4160.79
ST2687 4212 16424 3914.39
ST2688 4962 16424 3740.44
ST2689 5712 16424 3673.59
ST2690 6462 16424 3628.04
ST2691 7212 16424 3477.92
ST2692 7962 16424 3107.66
ST2693 8712 16424 2927.22
ST2694 9462 16424 2580.88
ST2695 10212 16424 1884.49
ST2696 10962 16424 1895.13
ST2697 11712 16424 2865.47
ST2698 12462 16424 3062.27
ST2699 13212 16424 1980.56
ST2700 13962 16424 2046.97
ST2701 14712 16424 2357.5
ST2702 15462 16424 3274.9
ST2703 16212 16424 3547.05
ST2704 16962 16424 4163.93
ST2705 17712 16424 4481.66
ST2706 18462 16424 4779.53
ST2707 19212 16424 4953.97
ST2708 19962 16424 5293.68
ST2709 20712 16424 5731.42
ST2710 21462 16424 6102.05
ST2711 22212 16424 6373.75
ST2712 22962 16424 6531.68
ST2713 23712 16424 6670.71
ST2714 24462 16424 6729.4
ST2715 25212 16424 6872.39
ST2716 25962 16424 7001.4
ST2717 26712 16424 7063.83
ST2718 27462 16424 7088.47
ST2719 28212 16424 7160.83
ST2720 28962 16424 7227.76
ST2721 29712 16424 7253.85
ST2722 30462 16424 7133.25
ST2723 31212 16424 6947.83
ST2724 31962 16424 6766.16
ST2725 32712 16424 6505.76
ST2726 33462 16424 6203.45
ST2727 34212 16424 6343.4
ST2728 34962 16424 6257.63
ST2729 35712 16424 5846.95
ST2730 -12288 17424 1823.78
ST2731 -11538 17424 1937.97
ST2732 -10788 17424 2094.49
ST2733 -10038 17424 2227.65
ST2734 -9288 17424 2369.04
ST2735 -8538 17424 2611.59
ST2736 -7788 17424 2771.18
ST2737 -7038 17424 2978.1
ST2738 -6288 17424 3129.76
ST2739 -5538 17424 3295.18
ST2740 -4788 17424 3421.2
ST2741 -4038 17424 3545.2
ST2742 -3288 17424 3607.91
ST2743 -2538 17424 3724.45
ST2744 -1788 17424 3820.18
ST2745 -1038 17424 3885.65
ST2746 -287.999 17424 3901.34
ST2747 462.001 17424 4018.55
ST2748 1212 17424 4049.14
ST2749 1962 17424 4105.5
ST2750 2712 17424 4151.81
ST2751 3462 17424 4062.11
ST2752 4212 17424 3970.11
ST2753 4962 17424 3832.65
ST2754 5712 17424 3470.42
ST2755 6462 17424 3265.34
ST2756 7212 17424 3240.29
ST2757 7962 17424 2927.9
ST2758 8712 17424 2550.33
ST2759 9462 17424 1850.26
ST2760 10212 17424 1966.51
ST2761 10962 17424 2540.69
ST2762 11712 17424 3054.95
ST2763 12462 17424 3051.03
ST2764 13212 17424 3159.86
ST2765 13962 17424 2194.88
ST2766 14712 17424 2083.96
ST2767 15462 17424 2516.03
ST2768 16212 17424 3245.47
ST2769 16962 17424 3820.46
ST2770 17712 17424 4166.58
ST2771 18462 17424 4236.34
ST2772 19212 17424 4854.59
ST2773 19962 17424 5426.69
ST2774 20712 17424 5832.68
ST2775 21462 17424 6149.16
ST2776 22212 17424 6333.06
ST2777 22962 17424 6434.03
ST2778 23712 17424 6598.37
ST2779 24462 17424 6683.79
ST2780 25212 17424 6791.63
ST2781 25962 17424 6997.25
ST2782 26712 17424 7039
ST2783 27462 17424 7067.77
ST2784 28212 17424 7119.38
ST2785 28962 17424 7195.04
ST2786 29712 17424 7179.04
ST2787 30462 17424 7205.65
ST2788 31212 17424 6974.13
ST2789 31962 17424 6782.05
ST2790 32712 17424 6560.52
ST2791 33462 17424 6260.87
ST2792 34212 17424 5958.53
ST2793 34962 17424 6049.17
ST2794 35712 17424 5701
ST2795 -12288 18424 1785.6
ST2796 -11538 18424 1911.4
ST2797 -10788 18424 2036.36
ST2798 -10038 18424 2132.87
ST2799 -9288 18424 2382.24
ST2800 -8538 18424 2605.41
ST2801 -7788 18424 2849.77
ST2802 -7038 18424 2973.65
ST2803 -6288 18424 3131.58
ST2804 -5538 18424 3239.65
ST2805 -4788 18424 3366.98
ST2806 -4038 18424 3445.97
ST2807 -3288 18424 3558.94
ST2808 -2538 18424 3641.61
ST2809 -1788 18424 3803.35
ST2810 -1038 18424 3858.86
ST2811 -287.999 18424 3835.45
ST2812 462.001 18424 3939.54
ST2813 1212 18424 4012.19
ST2814 1962 18424 4062.49
ST2815 2712 18424 4083.09
ST2816 3462 18424 4093.9
ST2817 4212 18424 4035.04
ST2818 4962 18424 3896.09
ST2819 5712 18424 3565.71
ST2820 6462 18424 3008.13
ST2821 7212 18424 2942.68
ST2822 7962 18424 2620.7
ST2823 8712 18424 2169.79
ST2824 9462 18424 1933.28
ST2825 10212 18424 2129.86
ST2826 10962 18424 3557.38
ST2827 11712 18424 3597.76
ST2828 12462 18424 3700.95
ST2829 13212 18424 3694.86
ST2830 13962 18424 3827.61
ST2831 14712 18424 2211.57
ST2832 15462 18424 2319.4
ST2833 16212 18424 2920.94
ST2834 16962 18424 3419.88
ST2835 17712 18424 3765.73
ST2836 18462 18424 4290.83
ST2837 19212 18424 4925.44
ST2838 19962 18424 5490.74
ST2839 20712 18424 5844.02
ST2840 21462 18424 6070.48
ST2841 22212 18424 6265.23
ST2842 22962 18424 6381.92
ST2843 23712 18424 6519.92
ST2844 24462 18424 6644.52
ST2845 25212 18424 6792.41
ST2846 25962 18424 6935.17
ST2847 26712 18424 6868.41
ST2848 27462 18424 6949.59
ST2849 28212 18424 7018.06
ST2850 28962 18424 7057.3
ST2851 29712 18424 7121.89
ST2852 30462 18424 7037.51
ST2853 31212 18424 7042.19
ST2854 31962 18424 6861.66
ST2855 32712 18424 6763.2
ST2856 33462 18424 6398.71
ST2857 34212 18424 5909.81
ST2858 34962 18424 5669.79
ST2859 35712 18424 5551.93
ST2860 -12288 19424 1742.87
ST2861 -11538 19424 1870.44
ST2862 -10788 19424 1989.75
ST2863 -10038 19424 2134.7
ST2864 -9288 19424 2385.28
ST2865 -8538 19424 2629
ST2866 -7788 19424 2872.1
ST2867 -7038 19424 3020.76
ST2868 -6288 19424 3140.51
ST2869 -5538 19424 3224.03
ST2870 -4788 19424 3304.95
ST2871 -4038 19424 3384.27
ST2872 -3288 19424 3446.81
ST2873 -2538 19424 3587.49
ST2874 -1788 19424 3668.88
ST2875 -1038 19424 3790.95
ST2876 -287.999 19424 3760.8
ST2877 462.001 19424 3739.44
ST2878 1212 19424 3905.5
ST2879 1962 19424 3928.78
ST2880 2712 19424 3981.59
ST2881 3462 19424 4024.33
ST2882 4212 19424 3963.98
ST2883 4962 19424 3762.8
ST2884 5712 19424 3638.45
ST2885 6462 19424 3199.75
ST2886 7212 19424 2896.41
ST2887 7962 19424 2572.14
ST2888 8712 19424 2437.7
ST2889 9462 19424 2087.33
ST2890 10212 19424 3229.86
ST2891 10962 19424 3498.73
ST2892 11712 19424 3637.52
ST2893 12462 19424 3768.85
ST2894 13212 19424 3691.33
ST2895 13962 19424 3762.63
ST2896 14712 19424 2335.66
ST2897 15462 19424 2576.94
ST2898 16212 19424 2953.68
ST2899 16962 19424 3429.98
ST2900 17712 19424 3847.68
ST2901 18462 19424 4454.47
ST2902 19212 19424 4984.26
ST2903 19962 19424 5445.7
ST2904 20712 19424 5718.04
ST2905 21462 19424 5958.29
ST2906 22212 19424 6048.06
ST2907 22962 19424 6148.74
ST2908 23712 19424 6270.58
ST2909 24462 19424 6327.46
ST2910 25212 19424 6573.31
ST2911 25962 19424 6720.01
ST2912 26712 19424 6781.04
ST2913 27462 19424 6813.92
ST2914 28212 19424 6809.76
ST2915 28962 19424 6940.13
ST2916 29712 19424 6977.14
ST2917 30462 19424 6992.58
ST2918 31212 19424 7040.51
ST2919 31962 19424 7007.25
ST2920 32712 19424 6645.62
ST2921 33462 19424 6290.48
ST2922 34212 19424 5892.74
ST2923 34962 19424 5475.9
ST2924 35712 19424 5442.25
ST2925 -12288 20424 1663.97
ST2926 -11538 20424 1836.2
ST2927 -10788 20424 1898.41
ST2928 -10038 20424 2118.04
ST2929 -9288 20424 2293.1
ST2930 -8538 20424 2594.44
ST2931 -7788 20424 2807.49
ST2932 -7038 20424 3041.95
ST2933 -6288 20424 3140.75
ST2934 -5538 20424 3128.17
ST2935 -4788 20424 3197.08
ST2936 -4038 20424 3276.96
ST2937 -3288 20424 3341.45
ST2938 -2538 20424 3478.37
ST2939 -1788 20424 3621.5
ST2940 -1038 20424 3653.52
ST2941 -287.999 20424 3605.53
ST2942 462.001 20424 3678.27
ST2943 1212 20424 3637.55
ST2944 1962 20424 3777.19
ST2945 2712 20424 3814.77
ST2946 3462 20424 3823.31
ST2947 4212 20424 3856.42
ST2948 4962 20424 3697.39
ST2949 5712 20424 3759.87
ST2950 6462 20424 3455.32
ST2951 7212 20424 3247.79
ST2952 7962 20424 3070.66
ST2953 8712 20424 2727.23
ST2954 9462 20424 2186.18
ST2955 10212 20424 3358.23
ST2956 10962 20424 3533.01
ST2957 11712 20424 3748.64
ST2958 12462 20424 3878.42
ST2959 13212 20424 3779.03
ST2960 13962 20424 3695.03
ST2961 14712 20424 2559.91
ST2962 15462 20424 2349.6
ST2963 16212 20424 3499.93
ST2964 16962 20424 3837.64
ST2965 17712 20424 4209.1
ST2966 18462 20424 4788.73
ST2967 19212 20424 4995.8
ST2968 19962 20424 5261.21
ST2969 20712 20424 5469.68
ST2970 21462 20424 5612.12
ST2971 22212 20424 5814.08
ST2972 22962 20424 5883.9
ST2973 23712 20424 5922.27
ST2974 24462 20424 5961.93
ST2975 25212 20424 6359.55
ST2976 25962 20424 6610.85
ST2977 26712 20424 6648.8
ST2978 27462 20424 6670.62
ST2979 28212 20424 6605.62
ST2980 28962 20424 6698.78
ST2981 29712 20424 6644.31
ST2982 30462 20424 6953.51
ST2983 31212 20424 7117.57
ST2984 31962 20424 6992.05
ST2985 32712 20424 6641.15
ST2986 33462 20424 6229.19
ST2987 34212 20424 5786.62
ST2988 34962 20424 5472.9
ST2989 35712 20424 5146.39
ST2990 -12288 21424 1584.62
ST2991 -11538 21424 1755.65
ST2992 -10788 21424 1867.1
ST2993 -10038 21424 2033.75
ST2994 -9288 21424 2206.42
ST2995 -8538 21424 2375.86
ST2996 -7788 21424 2754.11
ST2997 -7038 21424 2960.53
ST2998 -6288 21424 3114.74
ST2999 -5538 21424 2949.32
ST3000 -4788 21424 2984.08
ST3001 -4038 21424 3161.65
ST3002 -3288 21424 3179.24
ST3003 -2538 21424 3349.59
ST3004 -1788 21424 3445.24
ST3005 -1038 21424 3414.51
ST3006 -287.999 21424 3383.72
ST3007 462.001 21424 3347.43
ST3008 1212 21424 3307.65
ST3009 1962 21424 3466.12
ST3010 2712 21424 3480.43
ST3011 3462 21424 3587.2
ST3012 4212 21424 3648.11
ST3013 4962 21424 3693.6
ST3014 5712 21424 3692.74
ST3015 6462 21424 3566.53
ST3016 7212 21424 3369.59
ST3017 7962 21424 3181.79
ST3018 8712 21424 2690.38
ST3019 9462 21424 2275.28
ST3020 10212 21424 2855.24
ST3021 10962 21424 3612.93
ST3022 11712 21424 3856.59
ST3023 12462 21424 3987.99
ST3024 13212 21424 3887.55
ST3025 13962 21424 3725.8
ST3026 14712 21424 2683.94
ST3027 15462 21424 2330.07
ST3028 16212 21424 3585.06
ST3029 16962 21424 3999.14
ST3030 17712 21424 4345.71
ST3031 18462 21424 4831.44
ST3032 19212 21424 4931.61
ST3033 19962 21424 5097.87
ST3034 20712 21424 5171.46
ST3035 21462 21424 5188.22
ST3036 22212 21424 5294.9
ST3037 22962 21424 5558.45
ST3038 23712 21424 5546.72
ST3039 24462 21424 5691.64
ST3040 25212 21424 6085.13
ST3041 25962 21424 6000.72
ST3042 26712 21424 6290.12
ST3043 27462 21424 6275.78
ST3044 28212 21424 6282.12
ST3045 28962 21424 6360.02
ST3046 29712 21424 6443.05
ST3047 30462 21424 6823.5
ST3048 31212 21424 6946.73
ST3049 31962 21424 6861.57
ST3050 32712 21424 6030.48
ST3051 33462 21424 5728.03
ST3052 34212 21424 5558.28
ST3053 34962 21424 5133.43
ST3054 35712 21424 4938.05
ST3055 -12288 22424 1586.15
ST3056 -11538 22424 1666.29
ST3057 -10788 22424 1871.63
ST3058 -10038 22424 1951.93
ST3059 -9288 22424 2025.46
ST3060 -8538 22424 2261.51
ST3061 -7788 22424 2429.15
ST3062 -7038 22424 2848.54
ST3063 -6288 22424 2869.67
ST3064 -5538 22424 2800.16
ST3065 -4788 22424 2883.32
ST3066 -4038 22424 2975.07
ST3067 -3288 22424 3070.28
ST3068 -2538 22424 3095.55
ST3069 -1788 22424 3277.54
ST3070 -1038 22424 3345.44
ST3071 -287.999 22424 3325.93
ST3072 462.001 22424 3322
ST3073 1212 22424 3261.74
ST3074 1962 22424 3273.46
ST3075 2712 22424 3339.47
ST3076 3462 22424 3388.86
ST3077 4212 22424 3552.31
ST3078 4962 22424 3616.02
ST3079 5712 22424 3690.79
ST3080 6462 22424 3558.53
ST3081 7212 22424 3414.69
ST3082 7962 22424 3225.17
ST3083 8712 22424 2711.03
ST3084 9462 22424 2165.84
ST3085 10212 22424 2370
ST3086 10962 22424 3499.1
ST3087 11712 22424 3884.39
ST3088 12462 22424 4104.24
ST3089 13212 22424 3824.39
ST3090 13962 22424 3591.86
ST3091 14712 22424 2449.02
ST3092 15462 22424 2607.58
ST3093 16212 22424 3630.5
ST3094 16962 22424 4043.46
ST3095 17712 22424 4378.77
ST3096 18462 22424 4820.55
ST3097 19212 22424 4895.62
ST3098 19962 22424 4957.76
ST3099 20712 22424 4970.11
ST3100 21462 22424 4953.6
ST3101 22212 22424 5221.48
ST3102 22962 22424 5106.33
ST3103 23712 22424 5318.98
ST3104 24462 22424 5605.38
ST3105 25212 22424 5886.09
ST3106 25962 22424 6152.05
ST3107 26712 22424 6003.92
ST3108 27462 22424 5931.82
ST3109 28212 22424 6020.6
ST3110 28962 22424 5992.04
ST3111 29712 22424 6068.75
ST3112 30462 22424 6178.73
ST3113 31212 22424 6652.28
ST3114 31962 22424 6017.11
ST3115 32712 22424 5745.89
ST3116 33462 22424 5191.65
ST3117 34212 22424 5039.01
ST3118 34962 22424 5189.29
ST3119 35712 22424 5052.23
ST3120 -12288 23424 1575.78
ST3121 -11538 23424 1618.11
ST3122 -10788 23424 1773.44
ST3123 -10038 23424 1845.59
ST3124 -9288 23424 1917.81
ST3125 -8538 23424 1996.68
ST3126 -7788 23424 2251.52
ST3127 -7038 23424 2536.2
ST3128 -6288 23424 2666.52
ST3129 -5538 23424 2691.47
ST3130 -4788 23424 2795.94
ST3131 -4038 23424 2856.86
ST3132 -3288 23424 2962.62
ST3133 -2538 23424 2950.27
ST3134 -1788 23424 2998.49
ST3135 -1038 23424 3286.05
ST3136 -287.999 23424 3164.91
ST3137 462.001 23424 3239.36
ST3138 1212 23424 3153.67
ST3139 1962 23424 3139.7
ST3140 2712 23424 3278.87
ST3141 3462 23424 3363.77
ST3142 4212 23424 3466.73
ST3143 4962 23424 3505.71
ST3144 5712 23424 3457.28
ST3145 6462 23424 3424.02
ST3146 7212 23424 3398.43
ST3147 7962 23424 3252.46
ST3148 8712 23424 2990.03
ST3149 9462 23424 2762.76
ST3150 10212 23424 2332.63
ST3151 10962 23424 3573.33
ST3152 11712 23424 4090.31
ST3153 12462 23424 4296.11
ST3154 13212 23424 4013.36
ST3155 13962 23424 2756.66
ST3156 14712 23424 2779.81
ST3157 15462 23424 3441.48
ST3158 16212 23424 3700.02
ST3159 16962 23424 4063.4
ST3160 17712 23424 4307.9
ST3161 18462 23424 4542.33
ST3162 19212 23424 4724.64
ST3163 19962 23424 4817.97
ST3164 20712 23424 4861.98
ST3165 21462 23424 4901.89
ST3166 22212 23424 4805.86
ST3167 22962 23424 4917.54
ST3168 23712 23424 5167.62
ST3169 24462 23424 5464.37
ST3170 25212 23424 5684.86
ST3171 25962 23424 5570.97
ST3172 26712 23424 5529.98
ST3173 27462 23424 5617.29
ST3174 28212 23424 5728.68
ST3175 28962 23424 5837.64
ST3176 29712 23424 5805.87
ST3177 30462 23424 5874.44
ST3178 31212 23424 5830.77
ST3179 31962 23424 5751.67
ST3180 32712 23424 4946.03
ST3181 33462 23424 4897.18
ST3182 34212 23424 4848.26
ST3183 34962 23424 4822.44
ST3184 35712 23424 4749.25
# Noms des scalaires associes aux stations fixes
pmat
