# Liste des scalaires : TEMPS pmat 
0.00000000000000e+00 1.00000000000000e+05 
1.58013544018059e-01 1.00000000000000e+05 
3.16027088036117e-01 1.00000000000000e+05 
4.74040632054176e-01 1.00000000000000e+05 
6.32054176072234e-01 1.00000000000000e+05 
7.90067720090293e-01 1.00000000000000e+05 
9.48081264108351e-01 1.00000000000000e+05 
1.10609480812641e+00 1.00000000000000e+05 
1.26410835214447e+00 1.00000000000000e+05 
1.42212189616253e+00 1.00000000000000e+05 
1.58013544018058e+00 1.00000000000000e+05 
1.73814898419864e+00 1.00000000000000e+05 
1.89616252821670e+00 1.00000000000000e+05 
2.05417607223476e+00 1.00000000000000e+05 
2.21218961625282e+00 1.00000000000000e+05 
2.37020316027087e+00 1.00000000000000e+05 
2.52821670428893e+00 1.00000000000000e+05 
2.68623024830699e+00 1.00000000000000e+05 
2.84424379232505e+00 1.00000000000000e+05 
3.00225733634311e+00 1.00000000000000e+05 
3.16027088036116e+00 1.00000000000000e+05 
3.31828442437922e+00 1.00000000000000e+05 
3.47629796839728e+00 1.00000000000000e+05 
3.63431151241534e+00 1.00000000000000e+05 
3.79232505643340e+00 1.00000000000000e+05 
3.95033860045145e+00 1.00000000000000e+05 
4.10835214446951e+00 1.00000000000000e+05 
4.26636568848757e+00 1.00000000000000e+05 
4.42437923250563e+00 1.00000000000000e+05 
4.58239277652368e+00 1.00000000000000e+05 
4.74040632054174e+00 1.00000000000000e+05 
4.89841986455980e+00 1.00000000000000e+05 
5.05643340857786e+00 1.00000000000000e+05 
5.21444695259591e+00 1.00000000000000e+05 
5.37246049661397e+00 1.00000000000000e+05 
5.53047404063203e+00 1.00000000000000e+05 
5.68848758465009e+00 1.00000000000000e+05 
5.84650112866814e+00 1.00000000000000e+05 
6.00451467268620e+00 1.00000000000000e+05 
6.16252821670426e+00 1.00000000000000e+05 
6.32054176072231e+00 1.00000000000000e+05 
6.47855530474037e+00 1.00000000000000e+05 
6.63656884875843e+00 1.00000000000000e+05 
6.79458239277648e+00 1.00000000000000e+05 
6.95259593679454e+00 1.00000000000000e+05 
7.11060948081260e+00 1.00000000000000e+05 
7.26862302483065e+00 1.00000000000000e+05 
7.42663656884871e+00 1.00000000000000e+05 
7.58465011286677e+00 1.00000000000000e+05 
7.74266365688483e+00 1.00000000000000e+05 
7.90067720090288e+00 1.00000000000000e+05 
8.05869074492094e+00 1.00000000000000e+05 
8.21670428893899e+00 1.00000000000000e+05 
8.37471783295705e+00 1.00000000000000e+05 
8.53273137697511e+00 1.00000000000000e+05 
8.69074492099316e+00 1.00000000000000e+05 
8.84875846501122e+00 1.00000000000000e+05 
9.00677200902927e+00 1.00000000000000e+05 
9.16478555304733e+00 1.00000000000000e+05 
9.32279909706538e+00 1.00000000000000e+05 
9.48081264108344e+00 1.00000000000000e+05 
9.63882618510150e+00 1.00000000000000e+05 
9.79683972911955e+00 1.00000000000000e+05 
9.95485327313761e+00 1.00000000000000e+05 
1.01128668171557e+01 1.00000000000000e+05 
1.02708803611737e+01 1.00000000000000e+05 
1.04288939051918e+01 1.00000000000000e+05 
1.05869074492098e+01 1.00000000000000e+05 
1.07449209932279e+01 1.00000000000000e+05 
1.09029345372459e+01 1.00000000000000e+05 
1.10609480812640e+01 1.00000000000000e+05 
1.12189616252821e+01 1.00000000000000e+05 
1.13769751693001e+01 1.00000000000000e+05 
1.15349887133182e+01 1.00000000000000e+05 
1.16930022573362e+01 1.00000000000000e+05 
1.18510158013543e+01 1.00000000000000e+05 
1.20090293453723e+01 1.00000000000000e+05 
1.21670428893904e+01 1.00000000000000e+05 
1.23250564334084e+01 1.00000000000000e+05 
1.24830699774265e+01 1.00000000000000e+05 
1.26410835214446e+01 1.00000000000000e+05 
1.27990970654626e+01 1.00000000000000e+05 
1.29571106094807e+01 1.00000000000000e+05 
1.31151241534987e+01 1.00000000000000e+05 
1.32731376975168e+01 1.00000000000000e+05 
1.34311512415348e+01 1.00000000000000e+05 
1.35891647855529e+01 1.00000000000000e+05 
1.37471783295709e+01 1.00000000000000e+05 
1.39051918735890e+01 1.00000000000000e+05 
1.40632054176071e+01 1.00000000000000e+05 
1.42212189616251e+01 1.00000000000008e+05 
1.43792325056432e+01 1.00000000000040e+05 
1.45372460496612e+01 1.00000000000216e+05 
1.46952595936793e+01 1.00000000003894e+05 
1.48532731376973e+01 1.00000000070698e+05 
1.50112866817154e+01 1.00000000634796e+05 
1.51693002257334e+01 1.00000001128473e+05 
1.53273137697515e+01 1.00000002057429e+05 
1.54853273137695e+01 1.00000003674405e+05 
1.56433408577876e+01 1.00000006400573e+05 
1.58013544018057e+01 1.00000010848979e+05 
1.59593679458237e+01 1.00000017727278e+05 
1.61173814898418e+01 1.00000028942829e+05 
1.62753950338598e+01 1.00000046451074e+05 
1.64334085778779e+01 1.00000074575567e+05 
1.65914221218959e+01 1.00000117265819e+05 
1.67494356659140e+01 1.00000180357611e+05 
1.69074492099320e+01 1.00000267284862e+05 
1.70654627539501e+01 1.00000393116661e+05 
1.72234762979681e+01 1.00000564486442e+05 
1.73814898419862e+01 1.00000811885952e+05 
1.75395033860043e+01 1.00001148737574e+05 
1.76975169300223e+01 1.00001605338860e+05 
1.78555304740404e+01 1.00002160309292e+05 
1.80135440180584e+01 1.00002873581592e+05 
1.81715575620765e+01 1.00003711290080e+05 
1.83295711060945e+01 1.00004800049805e+05 
1.84875846501126e+01 1.00006127467400e+05 
1.86455981941306e+01 1.00007780213833e+05 
1.88036117381487e+01 1.00009515633212e+05 
1.89616252821667e+01 1.00011468075813e+05 
1.91196388261848e+01 1.00013385596224e+05 
1.92776523702028e+01 1.00015612920246e+05 
1.94356659142209e+01 1.00018017694195e+05 
1.95936794582390e+01 1.00020753856292e+05 
1.97516930022570e+01 1.00023162279616e+05 
1.99097065462751e+01 1.00025487601691e+05 
2.00677200902931e+01 1.00027220463016e+05 
2.02257336343112e+01 1.00028938344434e+05 
2.03837471783292e+01 1.00030575964713e+05 
2.05417607223473e+01 1.00032346898106e+05 
2.06997742663653e+01 1.00033396151471e+05 
2.08577878103834e+01 1.00034195210086e+05 
2.10158013544014e+01 1.00034196813416e+05 
2.11738148984195e+01 1.00033941013424e+05 
2.13318284424376e+01 1.00033522071984e+05 
2.14898419864556e+01 1.00032963598366e+05 
2.16478555304737e+01 1.00031933577849e+05 
2.18058690744917e+01 1.00030795201974e+05 
2.19638826185098e+01 1.00029276166446e+05 
2.21218961625278e+01 1.00027291626641e+05 
2.22799097065459e+01 1.00025117875154e+05 
2.24379232505639e+01 1.00022671953755e+05 
2.25959367945820e+01 1.00020204766129e+05 
2.27539503386000e+01 1.00017865286991e+05 
2.29119638826181e+01 1.00015818041105e+05 
2.30699774266361e+01 1.00013387332911e+05 
2.32279909706542e+01 1.00010952209080e+05 
2.33860045146723e+01 1.00008296382677e+05 
2.35440180586903e+01 1.00006034464259e+05 
2.37020316027084e+01 1.00004102164335e+05 
2.38600451467264e+01 1.00002881625579e+05 
2.40180586907445e+01 1.00001521717577e+05 
2.41760722347625e+01 1.00000227791603e+05 
2.43340857787806e+01 9.99987931218330e+04 
2.44920993227986e+01 9.99976150223845e+04 
2.46501128668167e+01 9.99965245804455e+04 
2.48081264108347e+01 9.99958249537291e+04 
2.49661399548528e+01 9.99949566733512e+04 
2.51241534988708e+01 9.99939164111645e+04 
2.52821670428889e+01 9.99925679555806e+04 
2.54401805869069e+01 9.99911649073631e+04 
2.55981941309250e+01 9.99895482799870e+04 
2.57562076749430e+01 9.99880967678026e+04 
2.59142212189611e+01 9.99864701557519e+04 
2.60722347629791e+01 9.99846741460185e+04 
2.62302483069972e+01 9.99825257024843e+04 
2.63882618510153e+01 9.99806069153834e+04 
2.65462753950333e+01 9.99786085631725e+04 
2.67042889390514e+01 9.99771713195895e+04 
2.68623024830694e+01 9.99756599867397e+04 
2.70203160270875e+01 9.99741087887535e+04 
2.71783295711055e+01 9.99722755412948e+04 
2.73363431151236e+01 9.99710036817800e+04 
2.74943566591416e+01 9.99697636733638e+04 
2.76523702031597e+01 9.99693510286635e+04 
2.78103837471777e+01 9.99690163594068e+04 
2.79683972911958e+01 9.99687946881979e+04 
2.81264108352138e+01 9.99684522859894e+04 
2.82844243792319e+01 9.99687326687117e+04 
2.84424379232499e+01 9.99689897343377e+04 
2.86004514672680e+01 9.99698062885184e+04 
2.87584650112860e+01 9.99709228233102e+04 
2.89164785553041e+01 9.99721852615317e+04 
2.90744920993221e+01 9.99734827672647e+04 
2.92325056433402e+01 9.99750224250419e+04 
2.93905191873582e+01 9.99764806718997e+04 
2.95485327313763e+01 9.99780776841353e+04 
2.97065462753943e+01 9.99800742964403e+04 
2.98645598194124e+01 9.99821993020403e+04 
3.00225733634304e+01 9.99845243718197e+04 
3.01805869074485e+01 9.99868171512846e+04 
3.03386004514665e+01 9.99890173747030e+04 
3.04966139954843e+01 9.99910067076038e+04 
3.06546275395003e+01 9.99934430805467e+04 
3.08126410834971e+01 9.99960357053524e+04 
3.09706546272957e+01 9.99989766241927e+04 
3.11286681708936e+01 1.00001686438190e+05 
3.12866817143274e+01 1.00004313310152e+05 
3.14446952574723e+01 1.00006431897738e+05 
3.16027088001674e+01 1.00008887894273e+05 
3.17607223421364e+01 1.00011458075504e+05 
3.19187358832495e+01 1.00014436882332e+05 
3.20767494226194e+01 1.00016882584166e+05 
3.22347629599941e+01 1.00019157937712e+05 
3.23927764943706e+01 1.00020632595196e+05 
3.25507900239423e+01 1.00022241333055e+05 
3.27088035457829e+01 1.00023873950423e+05 
3.28668170595274e+01 1.00025810029230e+05 
3.30248305599181e+01 1.00027061536764e+05 
3.31828440425992e+01 1.00028142817615e+05 
3.33408575031136e+01 1.00028322952762e+05 
3.34988709293862e+01 1.00028397414547e+05 
3.36568843063214e+01 1.00028362907011e+05 
3.38148976325709e+01 1.00028414868554e+05 
3.39729108878444e+01 1.00027819020319e+05 
3.41309240403887e+01 1.00027101745450e+05 
3.42889370834585e+01 1.00025804663866e+05 
3.44469499667095e+01 1.00024084224665e+05 
3.46049626416154e+01 1.00022135577488e+05 
3.47629751094123e+01 1.00020001837060e+05 
3.49209873220811e+01 1.00017597423420e+05 
3.50789991793260e+01 1.00015147611956e+05 
3.52370106929348e+01 1.00012577687264e+05 
3.53950217552060e+01 1.00009444664119e+05 
3.55530322801683e+01 1.00006096267687e+05 
3.57110422484800e+01 1.00002357432247e+05 
3.58690516557028e+01 9.99988257518153e+04 
3.60270604042267e+01 9.99954166114097e+04 
3.61850684108629e+01 9.99925231821859e+04 
3.63430757025597e+01 9.99891422923337e+04 
3.65010821998343e+01 9.99856976162686e+04 
3.66590879149553e+01 9.99818925368402e+04 
3.68170929429180e+01 9.99786789819988e+04 
3.69750972659910e+01 9.99757450797547e+04 
3.71331008599683e+01 9.99737099590272e+04 
3.72911038794230e+01 9.99715615942080e+04 
3.74491063311914e+01 9.99694897280517e+04 
3.76071083058444e+01 9.99671492924670e+04 
3.77651096857588e+01 9.99656394021426e+04 
3.79231104073047e+01 9.99644187496259e+04 
3.80811109502943e+01 9.99642604162958e+04 
3.82391112062999e+01 9.99642616216361e+04 
3.83971111660317e+01 9.99644324294618e+04 
3.85551109656345e+01 9.99645978475941e+04 
3.87131105571401e+01 9.99654266666084e+04 
3.88711098652798e+01 9.99663925498708e+04 
3.90291090063081e+01 9.99679836981237e+04 
3.91871079803516e+01 9.99700099252587e+04 
3.93451069164122e+01 9.99722481425443e+04 
3.95031056072435e+01 9.99747094398298e+04 
3.96611044176520e+01 9.99773144168550e+04 
3.98191030871787e+01 9.99799197771851e+04 
3.99771018088401e+01 9.99825355624802e+04 
4.01351007074698e+01 9.99856890339212e+04 
4.02930997022155e+01 9.99890300518216e+04 
4.04510986021552e+01 9.99927831319399e+04 
4.06090971618161e+01 9.99962715286275e+04 
4.07670958737284e+01 9.99996703592539e+04 
4.09250951708767e+01 1.00002539798992e+05 
4.10830945501286e+01 1.00005906228692e+05 
4.12410939472816e+01 1.00009394805982e+05 
4.13990933807653e+01 1.00013374830723e+05 
4.15570928592266e+01 1.00016751226028e+05 
4.17150923413803e+01 1.00019939869479e+05 
4.18730918618998e+01 1.00022241509172e+05 
4.20310913871491e+01 1.00024787641414e+05 
4.21890909437351e+01 1.00027387304744e+05 
4.23470905543198e+01 1.00030363803280e+05 
4.25050902256413e+01 1.00032532641554e+05 
4.26630899184684e+01 1.00034504796626e+05 
4.28210896745392e+01 1.00035370776832e+05 
4.29790892602239e+01 1.00036225634513e+05 
4.31370888188632e+01 1.00036993507397e+05 
4.32950884109090e+01 1.00037898855930e+05 
4.34530877023690e+01 1.00037987461908e+05 
4.36110866376294e+01 1.00037960333282e+05 
4.37690854724754e+01 1.00037108253282e+05 
4.39270845035842e+01 1.00035858962576e+05 
4.40850833364672e+01 1.00034333670380e+05 
4.42430820276957e+01 1.00032622134033e+05 
4.44010804989590e+01 1.00030490689274e+05 
4.45590788134630e+01 1.00028215671828e+05 
4.47170770655565e+01 1.00025618758124e+05 
4.48750752148097e+01 1.00022357564987e+05 
4.50330732938293e+01 1.00018807771789e+05 
4.51910713795358e+01 1.00014764178298e+05 
4.53490693983586e+01 1.00010797253527e+05 
4.55070674106562e+01 1.00006842527951e+05 
4.56650653676240e+01 1.00003320845171e+05 
4.58230631625694e+01 9.99991263845978e+04 
4.59810608096228e+01 9.99947364337396e+04 
4.61390583312556e+01 9.99897215458171e+04 
4.62970557728472e+01 9.99853575047891e+04 
4.64550531385988e+01 9.99812576386400e+04 
4.66130504658573e+01 9.99781762864496e+04 
4.67710476910669e+01 9.99747432868703e+04 
4.69290448370875e+01 9.99712451338930e+04 
4.70870418817074e+01 9.99672524710539e+04 
4.72450388394929e+01 9.99642590065282e+04 
4.74030357844738e+01 9.99615585164886e+04 
4.75610327369803e+01 9.99602029449266e+04 
4.77190296641417e+01 9.99588074177715e+04 
4.78770265567167e+01 9.99575196657800e+04 
4.80350232907807e+01 9.99560178628565e+04 
4.81930199724646e+01 9.99555037087341e+04 
4.83510166821919e+01 9.99551594088634e+04 
4.85090134340476e+01 9.99558481096744e+04 
4.86670101864053e+01 9.99569156589059e+04 
4.88250069367958e+01 9.99582092256960e+04 
4.89830037017608e+01 9.99596690725181e+04 
4.91410003791622e+01 9.99615492976851e+04 
4.92989969712441e+01 9.99635012566964e+04 
4.94569936135427e+01 9.99658295773968e+04 
4.96149902571749e+01 9.99687749680253e+04 
4.97729869349215e+01 9.99719422161608e+04 
4.99309836461128e+01 9.99754746112360e+04 
5.00889804092298e+01 9.99789170043636e+04 
5.02469772586986e+01 9.99822826843392e+04 
5.04049742099479e+01 9.99853008597105e+04 
5.05629710368897e+01 9.99889692644113e+04 
5.07209677221875e+01 9.99928329678384e+04 
5.08789643925024e+01 9.99971771465518e+04 
5.10369611214738e+01 1.00001111644676e+05 
5.11949579837573e+01 1.00004832582324e+05 
5.13529549196390e+01 1.00007797579574e+05 
5.15109519220113e+01 1.00011188376815e+05 
5.16689490194469e+01 1.00014690165284e+05 
5.18269461871349e+01 1.00018729436611e+05 
5.19849434232851e+01 1.00021969164723e+05 
5.21429407955823e+01 1.00024984595434e+05 
5.23009380095267e+01 1.00026868843650e+05 
5.24589351151370e+01 1.00028942359876e+05 
5.26169322605497e+01 1.00031013480577e+05 
5.27749294397864e+01 1.00033445757881e+05 
5.29329267403186e+01 1.00035010198811e+05 
5.30909241439174e+01 1.00036391348035e+05 
5.32489216473604e+01 1.00036575387912e+05 
5.34069192807000e+01 1.00036671211467e+05 
5.35649170063727e+01 1.00036631444029e+05 
5.37229148023365e+01 1.00036608841340e+05 
5.38809127246988e+01 1.00035907024062e+05 
5.40389107877367e+01 1.00035053290484e+05 
5.41969089517492e+01 1.00033569626242e+05 
5.43549072484630e+01 1.00031505442281e+05 
5.45129054270051e+01 1.00029197372293e+05 
5.46709034516164e+01 1.00026576293438e+05 
5.48289014795824e+01 1.00023714618989e+05 
5.49868996507851e+01 1.00020781072609e+05 
5.51448978880694e+01 1.00017795198300e+05 
5.53028962526066e+01 1.00014126491056e+05 
5.54608947556885e+01 1.00010181880170e+05 
5.56188933188464e+01 1.00005696698987e+05 
5.57768920070724e+01 1.00001552242876e+05 
5.59348908650161e+01 9.99975344943429e+04 
5.60928898167026e+01 9.99942051799779e+04 
5.62508889037190e+01 9.99903028572372e+04 
5.64088881394332e+01 9.99863020803087e+04 
5.65668874484921e+01 9.99817323513461e+04 
5.67248868836807e+01 9.99779927262603e+04 
5.68828864893542e+01 9.99745271485235e+04 
5.70408861960338e+01 9.99722535674912e+04 
5.71988860391269e+01 9.99697625535207e+04 
5.73568857825965e+01 9.99672937697191e+04 
5.75148854374958e+01 9.99644722292756e+04 
5.76728851158728e+01 9.99626170285854e+04 
5.78308849012099e+01 9.99610527983100e+04 
5.79888847480601e+01 9.99607978339906e+04 
5.81468847532464e+01 9.99606223116642e+04 
5.83048848708051e+01 9.99606319302601e+04 
5.84628851001882e+01 9.99606234616098e+04 
5.86208854661624e+01 9.99613624404350e+04 
5.87788859510897e+01 9.99622770949936e+04 
5.89368865555350e+01 9.99638141605975e+04 
5.90948872830377e+01 9.99658361104078e+04 
5.92528880864323e+01 9.99680926817181e+04 
5.94108889302507e+01 9.99705768709144e+04 
5.95688898327881e+01 9.99732182415369e+04 
5.97268908041111e+01 9.99758158899849e+04 
5.98848918003332e+01 9.99783972742056e+04 
6.00428928680254e+01 9.99815722197394e+04 
6.02008940796456e+01 9.99849665934149e+04 
6.03588954725139e+01 9.99888078735804e+04 
6.05168971072922e+01 9.99923538300426e+04 
6.06748990531746e+01 9.99957834623540e+04 
6.08329010433522e+01 9.99986486409198e+04 
6.09909029438758e+01 1.00002060875957e+05 
6.11489044805151e+01 1.00005637815115e+05 
6.13069057727749e+01 1.00009764424547e+05 
6.14649070351632e+01 1.00013251992703e+05 
6.16229081384915e+01 1.00016557596194e+05 
6.17809092441211e+01 1.00018909594551e+05 
6.19389101339700e+01 1.00021601290829e+05 
6.20969109801752e+01 1.00024400171152e+05 
6.22549119387378e+01 1.00027666981252e+05 
6.24129129488496e+01 1.00030099564220e+05 
6.25709138861800e+01 1.00032336595039e+05 
6.27289151983368e+01 1.00033418644313e+05 
6.28869165870729e+01 1.00034591301927e+05 
6.30449181597254e+01 1.00035726926997e+05 
6.32029200758520e+01 1.00037105953685e+05 
6.33609221827735e+01 1.00037615577316e+05 
6.35189242560073e+01 1.00038018312331e+05 
6.36769260693996e+01 1.00037506924432e+05 
6.38349281051127e+01 1.00036706687600e+05 
6.39929298098694e+01 1.00035719336749e+05 
6.41509316615666e+01 1.00034598396816e+05 
6.43089337942408e+01 1.00033000005643e+05 
6.44669357869463e+01 1.00031298785098e+05 
6.46249374433373e+01 1.00029151777407e+05 
6.47829389136374e+01 1.00026383555547e+05 
6.49409399663625e+01 1.00023342467172e+05 
6.50989409632269e+01 1.00019890437911e+05 
6.52569421377169e+01 1.00016401093499e+05 
6.54149430085585e+01 1.00012902917193e+05 
6.55729437641150e+01 1.00009660451789e+05 
6.57309443638751e+01 1.00005738706595e+05 
6.58889448714392e+01 1.00001590444280e+05 
6.60469454271883e+01 9.99969019637944e+04 
6.62049458871531e+01 9.99926999470877e+04 
6.63629460911794e+01 9.99887007861010e+04 
6.65209461944869e+01 9.99855702285029e+04 
6.66789460139657e+01 9.99820429913761e+04 
6.68369454321013e+01 9.99784494366510e+04 
6.69949447414460e+01 9.99743012933050e+04 
6.71529441536746e+01 9.99710979459064e+04 
6.73109433241402e+01 9.99681683582265e+04 
6.74689424701647e+01 9.99665508415192e+04 
6.76269417991850e+01 9.99648104731696e+04 
6.77849410142811e+01 9.99631405790972e+04 
6.79429404441664e+01 9.99611709259435e+04 
6.81009399323400e+01 9.99602213823115e+04 
6.82589394467423e+01 9.99594515274035e+04 
6.84169390831585e+01 9.99598098922981e+04 
6.85749387125848e+01 9.99604430667253e+04 
6.87329381770452e+01 9.99612840365888e+04 
6.88909376719355e+01 9.99621510554537e+04 
6.90489371579850e+01 9.99635600203775e+04 
6.92069365995741e+01 9.99650538928564e+04 
6.93649360510441e+01 9.99670349196226e+04 
6.95229353740816e+01 9.99695559842889e+04 
6.96809345840638e+01 9.99722494403463e+04 
6.98389340499524e+01 9.99752389610326e+04 
6.99969337688401e+01 9.99782562469486e+04 
7.01549335087798e+01 9.99812242706957e+04 
7.03129334087804e+01 9.99839911552074e+04 
7.04709333808406e+01 9.99873751294781e+04 
7.06289333787524e+01 9.99909660482950e+04 
7.07869336204822e+01 9.99950107959031e+04 
7.09449340672215e+01 9.99987161878797e+04 
7.11029345997939e+01 1.00002233619317e+05 
7.12609350713582e+01 1.00005125207280e+05 
7.14189347160093e+01 1.00008442545674e+05 
7.15769336370085e+01 1.00011892749037e+05 
7.17349322495437e+01 1.00015911379363e+05 
7.18929307461385e+01 1.00019180373795e+05 
7.20509289766604e+01 1.00022261941387e+05 
7.22089272661357e+01 1.00024245646623e+05 
7.23669254718874e+01 1.00026511659026e+05 
7.25249235776293e+01 1.00028796499696e+05 
7.26829219494500e+01 1.00031497480955e+05 
7.28409203727508e+01 1.00033350663145e+05 
7.29989186538633e+01 1.00035027583648e+05 
7.31569171184710e+01 1.00035511411593e+05 
7.33149154807419e+01 1.00036013803172e+05 
7.34729138742871e+01 1.00036414816095e+05 
7.36309123482416e+01 1.00036935941866e+05 
7.37889111043111e+01 1.00036656302260e+05 
7.39469098644377e+01 1.00036278098815e+05 
7.41049087471577e+01 1.00035154260115e+05 
7.42629075233993e+01 1.00033587357558e+05 
7.44209062786759e+01 1.00031781867212e+05 
7.45789051660299e+01 1.00029741373271e+05 
7.47369040521852e+01 1.00027341569133e+05 
7.48949026971529e+01 1.00024860197046e+05 
7.50529013271319e+01 1.00022192635634e+05 
7.52109000002093e+01 1.00018867142016e+05 
7.53688985762336e+01 1.00015266332967e+05 
7.55268972581844e+01 1.00011164968022e+05 
7.56848960103278e+01 1.00007269845716e+05 
7.58428947255754e+01 1.00003471741268e+05 
7.60008936594136e+01 1.00000228353196e+05 
7.61588924322546e+01 9.99963684032127e+04 
7.63168911638559e+01 9.99923480817455e+04 
7.64748900450755e+01 9.99877464025708e+04 
7.66328890548658e+01 9.99838893404982e+04 
7.67908878834910e+01 9.99802762145902e+04 
7.69488867890563e+01 9.99777612778790e+04 
7.71068856575359e+01 9.99749337971765e+04 
7.72648846605642e+01 9.99720815314158e+04 
7.74228838477881e+01 9.99687671998162e+04 
7.75808832323467e+01 9.99664394014402e+04 
7.77388824246277e+01 9.99643715881783e+04 
7.78968816322887e+01 9.99636502424636e+04 
7.80548807011359e+01 9.99628891447955e+04 
7.82128796943324e+01 9.99622666416347e+04 
7.83708787081097e+01 9.99614993234121e+04 
7.85288777862713e+01 9.99616360071672e+04 
7.86868768060587e+01 9.99618887764571e+04 
7.88448759839678e+01 9.99629735947207e+04 
7.90028750293676e+01 9.99644436282857e+04 
7.91608740579794e+01 9.99660963785456e+04 
7.93188731240776e+01 9.99679279209016e+04 
7.94768722866737e+01 9.99700399640572e+04 
7.96348714744995e+01 9.99721545381686e+04 
7.97928707841639e+01 9.99744400764823e+04 
7.99508700431175e+01 9.99773013362653e+04 
8.01088692532010e+01 9.99803694515433e+04 
8.02668685571017e+01 9.99838269766742e+04 
8.04248679221742e+01 9.99871281520302e+04 
8.05828672895297e+01 9.99903391293900e+04 
8.07408668401889e+01 9.99931075187313e+04 
8.08988663183940e+01 9.99964632459877e+04 
8.10568658136689e+01 9.99999954671721e+04 
8.12148653641856e+01 1.00004053851428e+05 
8.13728650602450e+01 1.00007576345018e+05 
8.15308647094415e+01 1.00010900288158e+05 
8.16888645412167e+01 1.00013382206161e+05 
8.18468642992061e+01 1.00016249874593e+05 
8.20048640365115e+01 1.00019246650777e+05 
8.21628638878385e+01 1.00022749357686e+05 
8.23208638447879e+01 1.00025463772064e+05 
8.24788638290085e+01 1.00027981889398e+05 
8.26368639316287e+01 1.00029365214143e+05 
8.27948639928999e+01 1.00030910659393e+05 
8.29528640097892e+01 1.00032453432672e+05 
8.31108641257694e+01 1.00034324500810e+05 
8.32688643339817e+01 1.00035307720968e+05 
8.34268645003396e+01 1.00036169239058e+05 
8.35848648702901e+01 1.00036065350688e+05 
8.37428651207969e+01 1.00035745036708e+05 
8.39008653577218e+01 1.00035252463883e+05 
8.40588656514321e+01 1.00034667718669e+05 
8.42168660797810e+01 1.00033622779103e+05 
8.43748664504764e+01 1.00032440945954e+05 
8.45328669632765e+01 1.00030682090891e+05 
8.46908673910183e+01 1.00028362706465e+05 
8.48488677558302e+01 1.00025829709963e+05 
8.50068682338221e+01 1.00022956638573e+05 
8.51648687934220e+01 1.00019932170272e+05 
8.53228693020651e+01 1.00016865381210e+05 
8.54808699523303e+01 1.00013905538721e+05 
8.56388704750119e+01 1.00010303505402e+05 
8.57968709951201e+01 1.00006463928980e+05 
8.59548715414848e+01 1.00002143548106e+05 
8.61128721364377e+01 9.99981839156921e+04 
8.62708727179347e+01 9.99943871736232e+04 
8.64288733473842e+01 9.99913138032977e+04 
8.65868739800674e+01 9.99878266795372e+04 
8.67448745080638e+01 9.99842654726636e+04 
8.69028751837753e+01 9.99801601979209e+04 
8.70608758960404e+01 9.99768901261821e+04 
8.72188765860811e+01 9.99738820041680e+04 
8.73768773582707e+01 9.99720994879077e+04 
8.75348780012508e+01 9.99701264045966e+04 
8.76928786004829e+01 9.99682083378519e+04 
8.78508792441084e+01 9.99659531926685e+04 
8.80088800434000e+01 9.99646938678268e+04 
8.81668806916759e+01 9.99635593578493e+04 
8.83248814855233e+01 9.99636765010006e+04 
8.84828821285871e+01 9.99639345268561e+04 
8.86408826913246e+01 9.99643666258183e+04 
8.87988833442697e+01 9.99648621242980e+04 
8.89568840341034e+01 9.99658381243379e+04 
8.91148847006716e+01 9.99669335226503e+04 
8.92728853750260e+01 9.99686048591374e+04 
8.94308859501744e+01 9.99707724762510e+04 
8.95888863918260e+01 9.99730812879423e+04 
8.97468869365088e+01 9.99756268321238e+04 
8.99048875615784e+01 9.99782831831046e+04 
9.00628880436466e+01 9.99809176104803e+04 
9.02208886930447e+01 9.99834638035610e+04 
9.03788890986989e+01 9.99865811167524e+04 
9.05368894584843e+01 9.99899053806271e+04 
9.06948898189981e+01 9.99936458468880e+04 
9.08528902524989e+01 9.99971151884961e+04 
9.10108905775425e+01 1.00000421342806e+05 
9.11688909467955e+01 1.00003198708555e+05 
9.13268912145514e+01 1.00006396789620e+05 
9.14848913158008e+01 1.00009735767047e+05 
9.16428915822170e+01 1.00013602788551e+05 
9.18008918169298e+01 1.00016816273457e+05 
9.19588919708743e+01 1.00019826075154e+05 
9.21168922103786e+01 1.00021819824182e+05 
9.22748922710947e+01 1.00024107280823e+05 
9.24328922715071e+01 1.00026448867938e+05 
9.25908922911711e+01 1.00029210899618e+05 
9.27488924135160e+01 1.00031163866427e+05 
9.29068924081221e+01 1.00032951411269e+05 
9.30648924455409e+01 1.00033580434649e+05 
9.32228924177697e+01 1.00034273097456e+05 
9.33808923174738e+01 1.00034890922887e+05 
9.35388923127242e+01 1.00035671459291e+05 
9.36968923560327e+01 1.00035624286141e+05 
9.38548923989902e+01 1.00035484852989e+05 
9.40128924384549e+01 1.00034565488990e+05 
9.41708924405656e+01 1.00033289721900e+05 
9.43288923108054e+01 1.00031771293426e+05 
9.44868920599109e+01 1.00030101539950e+05 
9.46448916529606e+01 1.00028041575284e+05 
9.48028916076712e+01 1.00025883914694e+05 
9.49608914944496e+01 1.00023465968112e+05 
9.51188913057259e+01 1.00020431066784e+05 
9.52768912337209e+01 1.00017148655850e+05 
9.54348911411694e+01 1.00013416423344e+05 
9.55928911756063e+01 1.00009806853318e+05 
9.57508910635802e+01 1.00006243236115e+05 
9.59088910424678e+01 1.00003136965980e+05 
9.60668908867435e+01 9.99994272556400e+04 
9.62248906047757e+01 9.99955490663747e+04 
9.63828904827730e+01 9.99911048483099e+04 
9.65408903462501e+01 9.99873325955405e+04 
9.66988901623332e+01 9.99837689577406e+04 
9.68568900168082e+01 9.99812154899614e+04 
9.70148897240250e+01 9.99783113992889e+04 
9.71728892944551e+01 9.99753720672131e+04 
9.73308889047403e+01 9.99719868559384e+04 
9.74888886147520e+01 9.99695121820254e+04 
9.76468881266289e+01 9.99672955323017e+04 
9.78048877845412e+01 9.99663862087544e+04 
9.79628871957190e+01 9.99654189566610e+04 
9.81208865399089e+01 9.99645675245625e+04 
9.82788858937054e+01 9.99635212321782e+04 
9.84368853019583e+01 9.99634056872125e+04 
9.85948846206375e+01 9.99634152994210e+04 
9.87528839618249e+01 9.99643167702165e+04 
9.89108832001843e+01 9.99655417175459e+04 
9.90688822583182e+01 9.99669686827695e+04 
9.92268814607112e+01 9.99685220060842e+04 
9.93848806720824e+01 9.99704162243837e+04 
9.95428797821141e+01 9.99723322579980e+04 
9.97008790097915e+01 9.99745031873742e+04 
9.98588780603129e+01 9.99772236410916e+04 
1.00016877088879e+02 9.99801283703965e+04 
