# Liste des scalaires : TEMPS pmat 
0.00000000000000e+00 1.00000000000000e+05 
1.58013544018059e-01 1.00000000000000e+05 
3.16027088036117e-01 1.00000000000000e+05 
4.74040632054176e-01 1.00000000000000e+05 
6.32054176072234e-01 1.00000000000000e+05 
7.90067720090293e-01 1.00000000000000e+05 
9.48081264108351e-01 1.00000000000000e+05 
1.10609480812641e+00 1.00000000000000e+05 
1.26410835214447e+00 1.00000000000000e+05 
1.42212189616253e+00 1.00000000000000e+05 
1.58013544018058e+00 1.00000000000000e+05 
1.73814898419864e+00 1.00000000000000e+05 
1.89616252821670e+00 1.00000000000000e+05 
2.05417607223476e+00 1.00000000000000e+05 
2.21218961625282e+00 1.00000000000000e+05 
2.37020316027087e+00 1.00000000000000e+05 
2.52821670428893e+00 1.00000000000000e+05 
2.68623024830699e+00 1.00000000000000e+05 
2.84424379232505e+00 1.00000000000000e+05 
3.00225733634311e+00 1.00000000000000e+05 
3.16027088036116e+00 1.00000000000000e+05 
3.31828442437922e+00 1.00000000000000e+05 
3.47629796839728e+00 1.00000000000000e+05 
3.63431151241534e+00 1.00000000000000e+05 
3.79232505643340e+00 1.00000000000000e+05 
3.95033860045145e+00 1.00000000000000e+05 
4.10835214446951e+00 1.00000000000000e+05 
4.26636568848757e+00 1.00000000000000e+05 
4.42437923250563e+00 1.00000000000000e+05 
4.58239277652368e+00 1.00000000000000e+05 
4.74040632054174e+00 1.00000000000000e+05 
4.89841986455980e+00 1.00000000000000e+05 
5.05643340857786e+00 1.00000000000000e+05 
5.21444695259591e+00 1.00000000000000e+05 
5.37246049661397e+00 1.00000000000000e+05 
5.53047404063203e+00 1.00000000000000e+05 
5.68848758465009e+00 1.00000000000000e+05 
5.84650112866814e+00 1.00000000000000e+05 
6.00451467268620e+00 1.00000000000000e+05 
6.16252821670426e+00 1.00000000000000e+05 
6.32054176072231e+00 1.00000000000000e+05 
6.47855530474037e+00 1.00000000000000e+05 
6.63656884875843e+00 1.00000000000000e+05 
6.79458239277648e+00 1.00000000000000e+05 
6.95259593679454e+00 1.00000000000000e+05 
7.11060948081260e+00 1.00000000000000e+05 
7.26862302483065e+00 1.00000000000000e+05 
7.42663656884871e+00 1.00000000000000e+05 
7.58465011286677e+00 1.00000000000000e+05 
7.74266365688483e+00 1.00000000000000e+05 
7.90067720090288e+00 1.00000000000000e+05 
8.05869074492094e+00 1.00000000000006e+05 
8.21670428893899e+00 1.00000000000034e+05 
8.37471783295705e+00 1.00000000000057e+05 
8.53273137697511e+00 1.00000000000313e+05 
8.69074492099316e+00 1.00000000026995e+05 
8.84875846501122e+00 1.00000000080909e+05 
9.00677200902927e+00 1.00000000668269e+05 
9.16478555304733e+00 1.00000001483614e+05 
9.32279909706538e+00 1.00000002435217e+05 
9.48081264108344e+00 1.00000005859798e+05 
9.63882618510150e+00 1.00000014041648e+05 
9.79683972911955e+00 1.00000022479485e+05 
9.95485327313761e+00 1.00000051419760e+05 
1.01128668171557e+01 1.00000089873804e+05 
1.02708803611737e+01 1.00000139359901e+05 
1.04288939051918e+01 1.00000267675284e+05 
1.05869074492098e+01 1.00000521291245e+05 
1.07449209932279e+01 1.00000787768984e+05 
1.09029345372459e+01 1.00001437087732e+05 
1.10609480812640e+01 1.00002224907926e+05 
1.12189616252821e+01 1.00003235383114e+05 
1.13769751693001e+01 1.00005234629272e+05 
1.15349887133182e+01 1.00008496795339e+05 
1.16930022573362e+01 1.00012112755977e+05 
1.18510158013543e+01 1.00017699989216e+05 
1.20090293453723e+01 1.00023623705357e+05 
1.21670428893904e+01 1.00030653554609e+05 
1.23250564334084e+01 1.00039770749196e+05 
1.24830699774265e+01 1.00050999615137e+05 
1.26410835214446e+01 1.00062362259287e+05 
1.27990970654626e+01 1.00073227012395e+05 
1.29571106094807e+01 1.00082305408596e+05 
1.31151241534987e+01 1.00091929777355e+05 
1.32731376975168e+01 1.00100677856664e+05 
1.34311512415348e+01 1.00109674934493e+05 
1.35891647855529e+01 1.00118489159470e+05 
1.37471783295709e+01 1.00123648271526e+05 
1.39051918735890e+01 1.00126843518769e+05 
1.40632054176071e+01 1.00130223856757e+05 
1.42212189616251e+01 1.00130968532568e+05 
1.43792325056432e+01 1.00130323959032e+05 
1.45372460496612e+01 1.00130257678951e+05 
1.46952595936793e+01 1.00125814641996e+05 
1.48532731376973e+01 1.00120795198873e+05 
1.50112866817154e+01 1.00115422230572e+05 
1.51693002257334e+01 1.00106801351320e+05 
1.53273137697515e+01 1.00095885496584e+05 
1.54853273137695e+01 1.00086041032896e+05 
1.56433408577876e+01 1.00073108449457e+05 
1.58013544018057e+01 1.00061650321553e+05 
1.59593679458237e+01 1.00049059829920e+05 
1.61173814898418e+01 1.00033934855791e+05 
1.62753950338598e+01 1.00016378544650e+05 
1.64334085778779e+01 9.99997231356781e+04 
1.65914221218959e+01 9.99825844601042e+04 
1.67494356659140e+01 9.99688249372838e+04 
1.69074492099320e+01 9.99535532481199e+04 
1.70654627539501e+01 9.99371294878981e+04 
1.72234762979681e+01 9.99186360266073e+04 
1.73814898419862e+01 9.99008067904021e+04 
1.75395033860043e+01 9.98854848981360e+04 
1.76975169300223e+01 9.98744209232440e+04 
1.78555304740404e+01 9.98618237930785e+04 
1.80135440180584e+01 9.98500073687621e+04 
1.81715575620765e+01 9.98375442463562e+04 
1.83295711060945e+01 9.98250570628249e+04 
1.84875846501126e+01 9.98174626170483e+04 
1.86455981941306e+01 9.98135670926497e+04 
1.88036117381487e+01 9.98088304770043e+04 
1.89616252821667e+01 9.98068145027611e+04 
1.91196388261848e+01 9.98059259375942e+04 
1.92776523702028e+01 9.98042365462269e+04 
1.94356659142209e+01 9.98079514416673e+04 
1.95936794582390e+01 9.98133081263736e+04 
1.97516930022570e+01 9.98187042511662e+04 
1.99097065462751e+01 9.98276332309303e+04 
2.00677200902931e+01 9.98389354689106e+04 
2.02257336343112e+01 9.98489934899188e+04 
2.03837471783292e+01 9.98631717815424e+04 
2.05417607223473e+01 9.98761730439397e+04 
2.06997742663653e+01 9.98901532074897e+04 
2.08577878103834e+01 9.99073047447493e+04 
2.10158013544014e+01 9.99276351809205e+04 
2.11738148984195e+01 9.99465260138305e+04 
2.13318284424376e+01 9.99666279049711e+04 
2.14898419864556e+01 9.99832164060495e+04 
2.16478555304737e+01 1.00001462832925e+05 
2.18058690744917e+01 1.00021389770349e+05 
2.19638826185098e+01 1.00043955614315e+05 
2.21218961625278e+01 1.00065236447763e+05 
2.22799097065459e+01 1.00084159994812e+05 
2.24379232505639e+01 1.00098168090283e+05 
2.25959367945820e+01 1.00113899151831e+05 
2.27539503386000e+01 1.00129060750450e+05 
2.29119638826181e+01 1.00145166140020e+05 
2.30699774266361e+01 1.00160814158088e+05 
2.32279909706542e+01 1.00171354806368e+05 
2.33860045146723e+01 1.00177559471676e+05 
2.35440180586903e+01 1.00185004648239e+05 
2.37020316027084e+01 1.00189577980522e+05 
2.38600451467264e+01 1.00193072920729e+05 
2.40180586907445e+01 1.00196983207694e+05 
2.41760722347625e+01 1.00195062486263e+05 
2.43340857787806e+01 1.00190998293754e+05 
2.44920993227986e+01 1.00187149554078e+05 
2.46501128668167e+01 1.00179575878755e+05 
2.48081264108347e+01 1.00169616232025e+05 
2.49661399548528e+01 1.00160744610018e+05 
2.51241534988708e+01 1.00147274773788e+05 
2.52821670428889e+01 1.00134611211000e+05 
2.54401805869069e+01 1.00121208398107e+05 
2.55981941309250e+01 1.00104519338617e+05 
2.57562076749430e+01 1.00084696187073e+05 
2.59142212189611e+01 1.00066587474409e+05 
2.60722347629791e+01 1.00046778776169e+05 
2.62302483069972e+01 1.00030232292987e+05 
2.63882618510153e+01 1.00012141789901e+05 
2.65462753950333e+01 9.99923057250901e+04 
2.67042889390514e+01 9.99696224679779e+04 
2.68623024830694e+01 9.99485226041800e+04 
2.70203160270875e+01 9.99288348461178e+04 
2.71783295711055e+01 9.99137929434186e+04 
2.73363431151236e+01 9.98970811519982e+04 
2.74943566591416e+01 9.98803438213773e+04 
2.76523702031597e+01 9.98621731146162e+04 
2.78103837471777e+01 9.98447868859304e+04 
2.79683972911958e+01 9.98315431110060e+04 
2.81264108352138e+01 9.98226618827639e+04 
2.82844243792319e+01 9.98124066491327e+04 
2.84424379232499e+01 9.98042023366760e+04 
2.86004514672680e+01 9.97961813796244e+04 
2.87584650112860e+01 9.97880434227734e+04 
2.89164785553041e+01 9.97856722898894e+04 
2.90744920993221e+01 9.97861429819662e+04 
2.92325056433402e+01 9.97859723863693e+04 
2.93905191873582e+01 9.97894412024602e+04 
2.95485327313763e+01 9.97949058570317e+04 
2.97065462753943e+01 9.97992808864930e+04 
2.98645598194124e+01 9.98090871192149e+04 
3.00225733634304e+01 9.98190915013861e+04 
3.01805869074485e+01 9.98296401683931e+04 
3.03386004514665e+01 9.98439325149698e+04 
3.04966139954843e+01 9.98613761674571e+04 
3.06546275395003e+01 9.98772805214698e+04 
3.08126410834971e+01 9.98967161381391e+04 
3.09706546272957e+01 9.99137855817393e+04 
3.11286681708936e+01 9.99322935646751e+04 
3.12866817143274e+01 9.99536741782875e+04 
3.14446952574723e+01 9.99781854245200e+04 
3.16027088001674e+01 1.00001204177105e+05 
3.17607223421364e+01 1.00024148709886e+05 
3.19187358832495e+01 1.00042322059435e+05 
3.20767494226194e+01 1.00062230382621e+05 
3.22347629599941e+01 1.00082848529263e+05 
3.23927764943706e+01 1.00105475864029e+05 
3.25507900239423e+01 1.00126907153791e+05 
3.27088035457829e+01 1.00144356132464e+05 
3.28668170595274e+01 1.00156715984385e+05 
3.30248305599181e+01 1.00170616868653e+05 
3.31828440425992e+01 1.00182452524427e+05 
3.33408575031136e+01 1.00194110157408e+05 
3.34988709293862e+01 1.00205614963546e+05 
3.36568843063214e+01 1.00210919927283e+05 
3.38148976325709e+01 1.00212544910475e+05 
3.39729108878444e+01 1.00215049131968e+05 
3.41309240403887e+01 1.00213819885289e+05 
3.42889370834585e+01 1.00210723646640e+05 
3.44469499667095e+01 1.00208650583747e+05 
3.46049626416154e+01 1.00200473736069e+05 
3.47629751094123e+01 1.00191464632942e+05 
3.49209873220811e+01 1.00182157866508e+05 
3.50789991793260e+01 1.00168751055972e+05 
3.52370106929348e+01 1.00152405221903e+05 
3.53950217552060e+01 1.00137765348489e+05 
3.55530322801683e+01 1.00119365790615e+05 
3.57110422484800e+01 1.00103000497872e+05 
3.58690516557028e+01 1.00085506516251e+05 
3.60270604042267e+01 1.00065226573886e+05 
3.61850684108629e+01 1.00041925650494e+05 
3.63430757025597e+01 1.00020449238941e+05 
3.65010821998343e+01 9.99985200927420e+04 
3.66590879149553e+01 9.99808842932852e+04 
3.68170929429180e+01 9.99615851225725e+04 
3.69750972659910e+01 9.99413103239998e+04 
3.71331008599683e+01 9.99187963122456e+04 
3.72911038794230e+01 9.98977790898597e+04 
3.74491063311914e+01 9.98797106123470e+04 
3.76071083058444e+01 9.98664804050413e+04 
3.77651096857588e+01 9.98516120686091e+04 
3.79231104073047e+01 9.98379355883376e+04 
3.80811109502943e+01 9.98236902468576e+04 
3.82391112062999e+01 9.98098157685268e+04 
3.83971111660317e+01 9.98012965731978e+04 
3.85551109656345e+01 9.97966532360433e+04 
3.87131105571401e+01 9.97908875943410e+04 
3.88711098652798e+01 9.97886157727397e+04 
3.90291090063081e+01 9.97876471410502e+04 
3.91871079803516e+01 9.97859832509661e+04 
3.93451069164122e+01 9.97902719209481e+04 
3.95031056072435e+01 9.97961966476350e+04 
3.96611044176520e+01 9.98020668957200e+04 
3.98191030871787e+01 9.98119300177398e+04 
3.99771018088401e+01 9.98244420484170e+04 
4.01351007074698e+01 9.98357300168458e+04 
4.02930997022155e+01 9.98515168625486e+04 
4.04510986021552e+01 9.98662099452774e+04 
4.06090971618161e+01 9.98818367817674e+04 
4.07670958737284e+01 9.99010632413498e+04 
4.09250951708767e+01 9.99236962452752e+04 
4.10830945501286e+01 9.99446596179563e+04 
4.12410939472816e+01 9.99672134912288e+04 
4.13990933807653e+01 9.99861243893394e+04 
4.15570928592266e+01 1.00006744458943e+05 
4.17150923413803e+01 1.00028902221739e+05 
4.18730918618998e+01 1.00054031750947e+05 
4.20310913871491e+01 1.00077425980305e+05 
4.21890909437351e+01 1.00098493406815e+05 
4.23470905543198e+01 1.00114406595452e+05 
4.25050902256413e+01 1.00131912311666e+05 
4.26630899184684e+01 1.00148559388670e+05 
4.28210896745392e+01 1.00165996433427e+05 
4.29790892602239e+01 1.00182712073315e+05 
4.31370888188632e+01 1.00193961989899e+05 
4.32950884109090e+01 1.00200662359350e+05 
4.34530877023690e+01 1.00208491714997e+05 
4.36110866376294e+01 1.00213099773046e+05 
4.37690854724754e+01 1.00216426431763e+05 
4.39270845035842e+01 1.00220154216002e+05 
4.40850833364672e+01 1.00217599597153e+05 
4.42430820276957e+01 1.00212902223939e+05 
4.44010804989590e+01 1.00208427610667e+05 
4.45590788134630e+01 1.00199988394567e+05 
4.47170770655565e+01 1.00189028121898e+05 
4.48750752148097e+01 1.00179450440503e+05 
4.50330732938293e+01 1.00165035588749e+05 
4.51910713795358e+01 1.00151350369322e+05 
4.53490693983586e+01 1.00136960096857e+05 
4.55070674106562e+01 1.00119152911861e+05 
4.56650653676240e+01 1.00098266978584e+05 
4.58230631625694e+01 1.00079266757107e+05 
4.59810608096228e+01 1.00058504544997e+05 
4.61390583312556e+01 1.00040993652349e+05 
4.62970557728472e+01 1.00021978584957e+05 
4.64550531385988e+01 1.00001237151892e+05 
4.66130504658573e+01 9.99776975019854e+04 
4.67710476910669e+01 9.99559587800704e+04 
4.69290448370875e+01 9.99356202851237e+04 
4.70870418817074e+01 9.99200095209415e+04 
4.72450388394929e+01 9.99027688906087e+04 
4.74030357844738e+01 9.98855562200200e+04 
4.75610327369803e+01 9.98668786402384e+04 
4.77190296641417e+01 9.98491121377156e+04 
4.78770265567167e+01 9.98355320541774e+04 
4.80350232907807e+01 9.98264805969101e+04 
4.81930199724646e+01 9.98160508348157e+04 
4.83510166821919e+01 9.98077605370151e+04 
4.85090134340476e+01 9.97996604834270e+04 
4.86670101864053e+01 9.97915500315787e+04 
4.88250069367958e+01 9.97893316793528e+04 
4.89830037017608e+01 9.97901114896810e+04 
4.91410003791622e+01 9.97902391620225e+04 
4.92989969712441e+01 9.97939675502518e+04 
4.94569936135427e+01 9.97996426393705e+04 
4.96149902571749e+01 9.98042075160694e+04 
4.97729869349215e+01 9.98141698473272e+04 
4.99309836461128e+01 9.98244241713116e+04 
5.00889804092298e+01 9.98351673887751e+04 
5.02469772586986e+01 9.98495754530707e+04 
5.04049742099479e+01 9.98670755192559e+04 
5.05629710368897e+01 9.98830006844692e+04 
5.07209677221875e+01 9.99024031461812e+04 
5.08789643925024e+01 9.99195163219831e+04 
5.10369611214738e+01 9.99379781856629e+04 
5.11949579837573e+01 9.99591700489702e+04 
5.13529549196390e+01 9.99833773646763e+04 
5.15109519220113e+01 1.00006001111530e+05 
5.16689490194469e+01 1.00028573551224e+05 
5.18269461871349e+01 1.00046466114017e+05 
5.19849434232851e+01 1.00066010218082e+05 
5.21429407955823e+01 1.00086204318726e+05 
5.23009380095267e+01 1.00108403912686e+05 
5.24589351151370e+01 1.00129282554732e+05 
5.26169322605497e+01 1.00146315374590e+05 
5.27749294397864e+01 1.00158262875426e+05 
5.29329267403186e+01 1.00171679707594e+05 
5.30909241439174e+01 1.00183090100988e+05 
5.32489216473604e+01 1.00194374415217e+05 
5.34069192807000e+01 1.00205373998011e+05 
5.35649170063727e+01 1.00210289045027e+05 
5.37229148023365e+01 1.00211443919502e+05 
5.38809127246988e+01 1.00213415093976e+05 
5.40389107877367e+01 1.00211740595450e+05 
5.41969089517492e+01 1.00208298151049e+05 
5.43549072484630e+01 1.00205802595455e+05 
5.45129054270051e+01 1.00197470900573e+05 
5.46709034516164e+01 1.00188296890101e+05 
5.48289014795824e+01 1.00178854941583e+05 
5.49868996507851e+01 1.00165619719593e+05 
5.51448978880694e+01 1.00149573519065e+05 
5.53028962526066e+01 1.00135182555814e+05 
5.54608947556885e+01 1.00117208476668e+05 
5.56188933188464e+01 1.00101148535948e+05 
5.57768920070724e+01 1.00084007374873e+05 
5.59348908650161e+01 1.00064240156620e+05 
5.60928898167026e+01 1.00041613926492e+05 
5.62508889037190e+01 1.00020788636915e+05 
5.64088881394332e+01 9.99995572252023e+04 
5.65668874484921e+01 9.99824567151227e+04 
5.67248868836807e+01 9.99637267943869e+04 
5.68828864893542e+01 9.99439867765014e+04 
5.70408861960338e+01 9.99219881141919e+04 
5.71988860391269e+01 9.99014376610951e+04 
5.73568857825965e+01 9.98836400607400e+04 
5.75148854374958e+01 9.98705635226468e+04 
5.76728851158728e+01 9.98558680788097e+04 
5.78308849012099e+01 9.98421733414055e+04 
5.79888847480601e+01 9.98277750151258e+04 
5.81468847532464e+01 9.98137579050629e+04 
5.83048848708051e+01 9.98048268849794e+04 
5.84628851001882e+01 9.97997990429784e+04 
5.86208854661624e+01 9.97936298151672e+04 
5.87788859510897e+01 9.97906526656705e+04 
5.89368865555350e+01 9.97888216236458e+04 
5.90948872830377e+01 9.97863774104789e+04 
5.92528880864323e+01 9.97897407122192e+04 
5.94108889302507e+01 9.97948185025634e+04 
5.95688898327881e+01 9.97997562684298e+04 
5.97268908041111e+01 9.98085661211396e+04 
5.98848918003332e+01 9.98199096776666e+04 
6.00428928680254e+01 9.98299982511143e+04 
6.02008940796456e+01 9.98447335412957e+04 
6.03588954725139e+01 9.98585737797481e+04 
6.05168971072922e+01 9.98732373033907e+04 
6.06748990531746e+01 9.98915435924016e+04 
6.08329010433522e+01 9.99132019950707e+04 
6.09909029438758e+01 9.99331730539909e+04 
6.11489044805151e+01 9.99550338480731e+04 
6.13069057727749e+01 9.99734741474368e+04 
6.14649070351632e+01 9.99935643405620e+04 
6.16229081384915e+01 1.00015438840393e+05 
6.17809092441211e+01 1.00040307633908e+05 
6.19389101339700e+01 1.00063477338386e+05 
6.20969109801752e+01 1.00084756269486e+05 
6.22549119387378e+01 1.00101005265806e+05 
6.24129129488496e+01 1.00118872028899e+05 
6.25709138861800e+01 1.00136188720535e+05 
6.27289151983368e+01 1.00154496173727e+05 
6.28869165870729e+01 1.00171975777743e+05 
6.30449181597254e+01 1.00184320435460e+05 
6.32029200758520e+01 1.00192068903649e+05 
6.33609221827735e+01 1.00201050280995e+05 
6.35189242560073e+01 1.00207040772313e+05 
6.36769260693996e+01 1.00212015222249e+05 
6.38349281051127e+01 1.00217181343313e+05 
6.39929298098694e+01 1.00215972431357e+05 
6.41509316615666e+01 1.00212356034947e+05 
6.43089337942408e+01 1.00209104012281e+05 
6.44669357869463e+01 1.00201959659388e+05 
6.46249374433373e+01 1.00192385987971e+05 
6.47829389136374e+01 1.00184175832865e+05 
6.49409399663625e+01 1.00170829348132e+05 
6.50989409632269e+01 1.00157983566262e+05 
6.52569421377169e+01 1.00144472251023e+05 
6.54149430085585e+01 1.00127512537596e+05 
6.55729437641150e+01 1.00107486335772e+05 
6.57309443638751e+01 1.00089354157817e+05 
6.58889448714392e+01 1.00069092461644e+05 
6.60469454271883e+01 1.00051856142384e+05 
6.62049458871531e+01 1.00033155278299e+05 
6.63629460911794e+01 1.00012563711872e+05 
6.65209461944869e+01 9.99891429112564e+04 
6.66789460139657e+01 9.99675336364591e+04 
6.68369454321013e+01 9.99469274777590e+04 
6.69949447414460e+01 9.99309146772903e+04 
6.71529441536746e+01 9.99132719576035e+04 
6.73109433241402e+01 9.98955032630706e+04 
6.74689424701647e+01 9.98761051917318e+04 
6.76269417991850e+01 9.98576834182487e+04 
6.77849410142811e+01 9.98432703391272e+04 
6.79429404441664e+01 9.98334040008977e+04 
6.81009399323400e+01 9.98220755172428e+04 
6.82589394467423e+01 9.98127462688156e+04 
6.84169390831585e+01 9.98035147969675e+04 
6.85749387125848e+01 9.97942686378762e+04 
6.87329381770452e+01 9.97907766538466e+04 
6.88909376719355e+01 9.97905211325104e+04 
6.90489371579850e+01 9.97895176844450e+04 
6.92069365995741e+01 9.97921088665799e+04 
6.93649360510441e+01 9.97964149162333e+04 
6.95229353740816e+01 9.97996949749863e+04 
6.96809345840638e+01 9.98085704487802e+04 
6.98389340499524e+01 9.98179838424541e+04 
6.99969337688401e+01 9.98277104405817e+04 
7.01549335087798e+01 9.98413456939351e+04 
7.03129334087804e+01 9.98579979194462e+04 
7.04709333808406e+01 9.98730712738106e+04 
7.06289333787524e+01 9.98918766174237e+04 
7.07869336204822e+01 9.99086278616938e+04 
7.09449340672215e+01 9.99266370279704e+04 
7.11029345997939e+01 9.99475765523106e+04 
7.12609350713582e+01 9.99716413068150e+04 
7.14189347160093e+01 9.99940567678568e+04 
7.15769336370085e+01 1.00016782365738e+05 
7.17349322495437e+01 1.00034978793225e+05 
7.18929307461385e+01 1.00054848398866e+05 
7.20509289766604e+01 1.00075600751184e+05 
7.22089272661357e+01 1.00098525845992e+05 
7.23669254718874e+01 1.00120032481928e+05 
7.25249235776293e+01 1.00138005129816e+05 
7.26829219494500e+01 1.00150889814025e+05 
7.28409203727508e+01 1.00165317222081e+05 
7.29989186538633e+01 1.00177962934741e+05 
7.31569171184710e+01 1.00190669319254e+05 
7.33149154807419e+01 1.00203038991533e+05 
7.34729138742871e+01 1.00209422647934e+05 
7.36309123482416e+01 1.00211766647928e+05 
7.37889111043111e+01 1.00215020132728e+05 
7.39469098644377e+01 1.00214717253999e+05 
7.41049087471577e+01 1.00212694958416e+05 
7.42629075233993e+01 1.00211582332740e+05 
7.44209062786759e+01 1.00204478910684e+05 
7.45789051660299e+01 1.00196191800975e+05 
7.47369040521852e+01 1.00187721978479e+05 
7.48949026971529e+01 1.00175363651208e+05 
7.50529013271319e+01 1.00160210328248e+05 
7.52109000002093e+01 1.00146637135580e+05 
7.53688985762336e+01 1.00129132255516e+05 
7.55268972581844e+01 1.00113368545760e+05 
7.56848960103278e+01 1.00096643141778e+05 
7.58428947255754e+01 1.00077031364495e+05 
7.60008936594136e+01 1.00054488069932e+05 
7.61588924322546e+01 1.00033805064619e+05 
7.63168911638559e+01 1.00012451590705e+05 
7.64748900450755e+01 9.99950968345047e+04 
7.66328890548658e+01 9.99761012692634e+04 
7.67908878834910e+01 9.99559506026369e+04 
7.69488867890563e+01 9.99333839443073e+04 
7.71068856575359e+01 9.99123610654504e+04 
7.72648846605642e+01 9.98938524512304e+04 
7.74228838477881e+01 9.98800929186919e+04 
7.75808832323467e+01 9.98646836756680e+04 
7.77388824246277e+01 9.98501207697761e+04 
7.78968816322887e+01 9.98347270392434e+04 
7.80548807011359e+01 9.98198211810347e+04 
7.82128796943324e+01 9.98099152797702e+04 
7.83708787081097e+01 9.98040813330064e+04 
7.85288777862713e+01 9.97971045543845e+04 
7.86868768060587e+01 9.97930220284061e+04 
7.88448759839678e+01 9.97899167828440e+04 
7.90028750293676e+01 9.97863270182358e+04 
7.91608740579794e+01 9.97886574942361e+04 
7.93188731240776e+01 9.97929198031602e+04 
7.94768722866737e+01 9.97969355372039e+04 
7.96348714744995e+01 9.98048509107422e+04 
7.97928707841639e+01 9.98151946225844e+04 
7.99508700431175e+01 9.98242060288850e+04 
8.01088692532010e+01 9.98380811351124e+04 
8.02668685571017e+01 9.98513002467246e+04 
8.04248679221742e+01 9.98652383326800e+04 
8.05828672895297e+01 9.98829180785987e+04 
8.07408668401889e+01 9.99039179563793e+04 
8.08988663183940e+01 9.99231422908077e+04 
8.10568658136689e+01 9.99446120859912e+04 
8.12148653641856e+01 9.99628503781841e+04 
8.13728650602450e+01 9.99826877214440e+04 
8.15308647094415e+01 1.00004542922237e+05 
8.16888645412167e+01 1.00029459521208e+05 
8.18468642992061e+01 1.00052601995764e+05 
8.20048640365115e+01 1.00074230779206e+05 
8.21628638878385e+01 1.00090888361683e+05 
8.23208638447879e+01 1.00109210631669e+05 
8.24788638290085e+01 1.00127261247692e+05 
8.26368639316287e+01 1.00146533150591e+05 
8.27948639928999e+01 1.00164843924447e+05 
8.29528640097892e+01 1.00178277048386e+05 
8.31108641257694e+01 1.00186964391503e+05 
8.32688643339817e+01 1.00196970586192e+05 
8.34268645003396e+01 1.00204221768937e+05 
8.35848648702901e+01 1.00210711964745e+05 
8.37428651207969e+01 1.00217226562944e+05 
8.39008653577218e+01 1.00217328068706e+05 
8.40588656514321e+01 1.00214708463520e+05 
8.42168660797810e+01 1.00212631819036e+05 
8.43748664504764e+01 1.00206643831172e+05 
8.45328669632765e+01 1.00198336379949e+05 
8.46908673910183e+01 1.00191323668709e+05 
8.48488677558302e+01 1.00179010631493e+05 
8.50068682338221e+01 1.00166884774144e+05 
8.51648687934220e+01 1.00154163732390e+05 
8.53228693020651e+01 1.00137868948672e+05 
8.54808699523303e+01 1.00118521394971e+05 
8.56388704750119e+01 1.00101001893170e+05 
8.57968709951201e+01 1.00080898050985e+05 
8.59548715414848e+01 1.00063663549456e+05 
8.61128721364377e+01 1.00045056265434e+05 
8.62708727179347e+01 1.00024335541309e+05 
8.64288733473842e+01 1.00000874268055e+05 
8.65868739800674e+01 9.99792968033204e+04 
8.67448745080638e+01 9.99582579655715e+04 
8.69028751837753e+01 9.99418316598358e+04 
8.70608758960404e+01 9.99238184783010e+04 
8.72188765860811e+01 9.99054548708551e+04 
8.73768773582707e+01 9.98853150269766e+04 
8.75348780012508e+01 9.98662596704715e+04 
8.76928786004829e+01 9.98509716737256e+04 
8.78508792441084e+01 9.98403328308291e+04 
8.80088800434000e+01 9.98282180201111e+04 
8.81668806916759e+01 9.98179135597862e+04 
8.83248814855233e+01 9.98075766301588e+04 
8.84828821285871e+01 9.97973100416664e+04 
8.86408826913246e+01 9.97926524466753e+04 
8.87988833442697e+01 9.97914426023168e+04 
8.89568840341034e+01 9.97894182369476e+04 
8.91148847006716e+01 9.97908804821898e+04 
8.92728853750260e+01 9.97939953093920e+04 
8.94308859501744e+01 9.97961156822965e+04 
8.95888863918260e+01 9.98039012666346e+04 
8.97468869365088e+01 9.98124676188706e+04 
8.99048875615784e+01 9.98212521724243e+04 
9.00628880436466e+01 9.98340028289806e+04 
9.02208886930447e+01 9.98496466723583e+04 
9.03788890986989e+01 9.98637534898168e+04 
9.05368894584843e+01 9.98818416550707e+04 
9.06948898189981e+01 9.98981118561617e+04 
9.08528902524989e+01 9.99155081401152e+04 
9.10108905775425e+01 9.99360579174071e+04 
9.11688909467955e+01 9.99598265227398e+04 
9.13268912145514e+01 9.99818342045011e+04 
9.14848913158008e+01 1.00004497479429e+05 
9.16428915822170e+01 1.00022874185053e+05 
9.18008918169298e+01 1.00042947781633e+05 
9.19588919708743e+01 1.00064100885883e+05 
9.21168922103786e+01 1.00087604075418e+05 
9.22748922710947e+01 1.00109571912039e+05 
9.24328922715071e+01 1.00128365090599e+05 
9.25908922911711e+01 1.00142058505300e+05 
9.27488924135160e+01 1.00157343345890e+05 
9.29068924081221e+01 1.00171099081022e+05 
9.30648924455409e+01 1.00185123871192e+05 
9.32228924177697e+01 1.00198725494280e+05 
9.33808923174738e+01 1.00206428841830e+05 
9.35388923127242e+01 1.00210079461644e+05 
9.36968923560327e+01 1.00214667236406e+05 
9.38548923989902e+01 1.00215699052679e+05 
9.40128924384549e+01 1.00215143633251e+05 
9.41708924405656e+01 1.00215384491769e+05 
9.43288923108054e+01 1.00209527110742e+05 
9.44868920599109e+01 1.00202203699410e+05 
9.46448916529606e+01 1.00194793110630e+05 
9.48028916076712e+01 1.00183434680760e+05 
9.49608914944496e+01 1.00169398085655e+05 
9.51188913057259e+01 1.00156856531704e+05 
9.52768912337209e+01 1.00140102515853e+05 
9.54348911411694e+01 1.00124804186871e+05 
9.55928911756063e+01 1.00108585529441e+05 
9.57508910635802e+01 1.00089268978406e+05 
9.59088910424678e+01 1.00066902063094e+05 
9.60668908867435e+01 1.00046357411051e+05 
9.62248906047757e+01 1.00024872380371e+05 
9.63828904827730e+01 1.00007198615052e+05 
9.65408903462501e+01 9.99879581574924e+04 
9.66988901623332e+01 9.99673906141824e+04 
9.68568900168082e+01 9.99442845826695e+04 
9.70148897240250e+01 9.99228522609761e+04 
9.71728892944551e+01 9.99036722168263e+04 
9.73308889047403e+01 9.98892652912922e+04 
9.74888886147520e+01 9.98731989917735e+04 
9.76468881266289e+01 9.98577644403957e+04 
9.78048877845412e+01 9.98413598893069e+04 
9.79628871957190e+01 9.98255492898917e+04 
9.81208865399089e+01 9.98146371241006e+04 
9.82788858937054e+01 9.98079603482366e+04 
9.84368853019583e+01 9.98000781593359e+04 
9.85948846206375e+01 9.97949776291059e+04 
9.87528839618249e+01 9.97906513419980e+04 
9.89108832001843e+01 9.97859986237861e+04 
9.90688822583182e+01 9.97872685120431e+04 
9.92268814607112e+01 9.97907392083918e+04 
9.93848806720824e+01 9.97937949223944e+04 
9.95428797821141e+01 9.98007902095442e+04 
9.97008790097915e+01 9.98101117704086e+04 
9.98588780603129e+01 9.98180927968495e+04 
1.00016877088879e+02 9.98312315598265e+04 
