# Liste des scalaires : TEMPS pmat 
0.00000000000000e+00 1.00000000000000e+05 
1.58013544018059e-01 1.00000000000000e+05 
3.16027088036117e-01 1.00000000000000e+05 
4.74040632054176e-01 1.00000000000000e+05 
6.32054176072234e-01 1.00000000000000e+05 
7.90067720090293e-01 1.00000000000000e+05 
9.48081264108351e-01 1.00000000000000e+05 
1.10609480812641e+00 1.00000000000000e+05 
1.26410835214447e+00 1.00000000000000e+05 
1.42212189616253e+00 1.00000000000000e+05 
1.58013544018058e+00 1.00000000000000e+05 
1.73814898419864e+00 1.00000000000000e+05 
1.89616252821670e+00 1.00000000000000e+05 
2.05417607223476e+00 1.00000000000000e+05 
2.21218961625282e+00 1.00000000000000e+05 
2.37020316027087e+00 1.00000000000000e+05 
2.52821670428893e+00 1.00000000000000e+05 
2.68623024830699e+00 1.00000000000000e+05 
2.84424379232505e+00 1.00000000000000e+05 
3.00225733634311e+00 1.00000000000000e+05 
3.16027088036116e+00 1.00000000000000e+05 
3.31828442437922e+00 1.00000000000000e+05 
3.47629796839728e+00 1.00000000000000e+05 
3.63431151241534e+00 1.00000000000000e+05 
3.79232505643340e+00 1.00000000000000e+05 
3.95033860045145e+00 1.00000000000000e+05 
4.10835214446951e+00 1.00000000000000e+05 
4.26636568848757e+00 1.00000000000000e+05 
4.42437923250563e+00 1.00000000000000e+05 
4.58239277652368e+00 1.00000000000000e+05 
4.74040632054174e+00 1.00000000000000e+05 
4.89841986455980e+00 1.00000000000000e+05 
5.05643340857786e+00 1.00000000000000e+05 
5.21444695259591e+00 1.00000000000000e+05 
5.37246049661397e+00 1.00000000000000e+05 
5.53047404063203e+00 1.00000000000000e+05 
5.68848758465009e+00 1.00000000000000e+05 
5.84650112866814e+00 1.00000000000000e+05 
6.00451467268620e+00 1.00000000000000e+05 
6.16252821670426e+00 1.00000000000000e+05 
6.32054176072231e+00 1.00000000000000e+05 
6.47855530474037e+00 1.00000000000000e+05 
6.63656884875843e+00 1.00000000000000e+05 
6.79458239277648e+00 1.00000000000000e+05 
6.95259593679454e+00 1.00000000000000e+05 
7.11060948081260e+00 1.00000000000000e+05 
7.26862302483065e+00 1.00000000000000e+05 
7.42663656884871e+00 1.00000000000000e+05 
7.58465011286677e+00 1.00000000000000e+05 
7.74266365688483e+00 1.00000000000000e+05 
7.90067720090288e+00 1.00000000000000e+05 
8.05869074492094e+00 1.00000000000000e+05 
8.21670428893899e+00 1.00000000000000e+05 
8.37471783295705e+00 1.00000000000000e+05 
8.53273137697511e+00 1.00000000000000e+05 
8.69074492099316e+00 1.00000000000000e+05 
8.84875846501122e+00 1.00000000000000e+05 
9.00677200902927e+00 1.00000000000000e+05 
9.16478555304733e+00 1.00000000000000e+05 
9.32279909706538e+00 1.00000000000000e+05 
9.48081264108344e+00 1.00000000000000e+05 
9.63882618510150e+00 1.00000000000000e+05 
9.79683972911955e+00 1.00000000000000e+05 
9.95485327313761e+00 1.00000000000000e+05 
1.01128668171557e+01 1.00000000000000e+05 
1.02708803611737e+01 1.00000000000000e+05 
1.04288939051918e+01 1.00000000000000e+05 
1.05869074492098e+01 1.00000000000000e+05 
1.07449209932279e+01 1.00000000000000e+05 
1.09029345372459e+01 1.00000000000000e+05 
1.10609480812640e+01 1.00000000000000e+05 
1.12189616252821e+01 1.00000000000000e+05 
1.13769751693001e+01 1.00000000000000e+05 
1.15349887133182e+01 1.00000000000000e+05 
1.16930022573362e+01 1.00000000000000e+05 
1.18510158013543e+01 1.00000000000000e+05 
1.20090293453723e+01 1.00000000000000e+05 
1.21670428893904e+01 1.00000000000000e+05 
1.23250564334084e+01 1.00000000000000e+05 
1.24830699774265e+01 1.00000000000000e+05 
1.26410835214446e+01 1.00000000000000e+05 
1.27990970654626e+01 1.00000000000000e+05 
1.29571106094807e+01 1.00000000000000e+05 
1.31151241534987e+01 1.00000000000000e+05 
1.32731376975168e+01 1.00000000000000e+05 
1.34311512415348e+01 1.00000000000000e+05 
1.35891647855529e+01 1.00000000000000e+05 
1.37471783295709e+01 1.00000000000000e+05 
1.39051918735890e+01 1.00000000000000e+05 
1.40632054176071e+01 1.00000000000000e+05 
1.42212189616251e+01 1.00000000000000e+05 
1.43792325056432e+01 1.00000000000000e+05 
1.45372460496612e+01 1.00000000000000e+05 
1.46952595936793e+01 1.00000000000000e+05 
1.48532731376973e+01 1.00000000000000e+05 
1.50112866817154e+01 1.00000000000000e+05 
1.51693002257334e+01 1.00000000000000e+05 
1.53273137697515e+01 1.00000000000000e+05 
1.54853273137695e+01 1.00000000000000e+05 
1.56433408577876e+01 1.00000000000000e+05 
1.58013544018057e+01 1.00000000000000e+05 
1.59593679458237e+01 1.00000000000000e+05 
1.61173814898418e+01 1.00000000000000e+05 
1.62753950338598e+01 1.00000000000000e+05 
1.64334085778779e+01 1.00000000000000e+05 
1.65914221218959e+01 1.00000000000000e+05 
1.67494356659140e+01 1.00000000000000e+05 
1.69074492099320e+01 1.00000000000000e+05 
1.70654627539501e+01 1.00000000000000e+05 
1.72234762979681e+01 1.00000000000000e+05 
1.73814898419862e+01 1.00000000000000e+05 
1.75395033860043e+01 1.00000000000000e+05 
1.76975169300223e+01 1.00000000000000e+05 
1.78555304740404e+01 1.00000000000000e+05 
1.80135440180584e+01 1.00000000000000e+05 
1.81715575620765e+01 1.00000000000000e+05 
1.83295711060945e+01 1.00000000000000e+05 
1.84875846501126e+01 1.00000000000000e+05 
1.86455981941306e+01 1.00000000000000e+05 
1.88036117381487e+01 1.00000000000000e+05 
1.89616252821667e+01 1.00000000000000e+05 
1.91196388261848e+01 1.00000000000000e+05 
1.92776523702028e+01 1.00000000000000e+05 
1.94356659142209e+01 1.00000000000000e+05 
1.95936794582390e+01 1.00000000000000e+05 
1.97516930022570e+01 1.00000000000000e+05 
1.99097065462751e+01 1.00000000000000e+05 
2.00677200902931e+01 1.00000000000000e+05 
2.02257336343112e+01 1.00000000000000e+05 
2.03837471783292e+01 1.00000000000000e+05 
2.05417607223473e+01 1.00000000000000e+05 
2.06997742663653e+01 1.00000000000000e+05 
2.08577878103834e+01 1.00000000000000e+05 
2.10158013544014e+01 1.00000000000000e+05 
2.11738148984195e+01 1.00000000000000e+05 
2.13318284424376e+01 1.00000000000000e+05 
2.14898419864556e+01 1.00000000000000e+05 
2.16478555304737e+01 1.00000000000000e+05 
2.18058690744917e+01 1.00000000000000e+05 
2.19638826185098e+01 1.00000000000000e+05 
2.21218961625278e+01 1.00000000000000e+05 
2.22799097065459e+01 1.00000000000000e+05 
2.24379232505639e+01 1.00000000000000e+05 
2.25959367945820e+01 1.00000000000000e+05 
2.27539503386000e+01 1.00000000000000e+05 
2.29119638826181e+01 1.00000000000000e+05 
2.30699774266361e+01 1.00000000000000e+05 
2.32279909706542e+01 1.00000000000000e+05 
2.33860045146723e+01 1.00000000000000e+05 
2.35440180586903e+01 1.00000000000001e+05 
2.37020316027084e+01 1.00000000000001e+05 
2.38600451467264e+01 1.00000000000005e+05 
2.40180586907445e+01 1.00000000000035e+05 
2.41760722347625e+01 1.00000000000277e+05 
2.43340857787806e+01 1.00000000001181e+05 
2.44920993227986e+01 1.00000000002494e+05 
2.46501128668167e+01 1.00000000012230e+05 
2.48081264108347e+01 1.00000000047673e+05 
2.49661399548528e+01 1.00000000208579e+05 
2.51241534988708e+01 1.00000000635524e+05 
2.52821670428889e+01 1.00000001089032e+05 
2.54401805869069e+01 1.00000001594194e+05 
2.55981941309250e+01 1.00000002408969e+05 
2.57562076749430e+01 1.00000003755814e+05 
2.59142212189611e+01 1.00000005837414e+05 
2.60722347629791e+01 1.00000009268617e+05 
2.62302483069972e+01 1.00000014652824e+05 
2.63882618510153e+01 1.00000021135267e+05 
2.65462753950333e+01 1.00000030604756e+05 
2.67042889390514e+01 1.00000046133110e+05 
2.68623024830694e+01 1.00000068328946e+05 
2.70203160270875e+01 1.00000101076185e+05 
2.71783295711055e+01 1.00000149490177e+05 
2.73363431151236e+01 1.00000206393642e+05 
2.74943566591416e+01 1.00000284347417e+05 
2.76523702031597e+01 1.00000402083360e+05 
2.78103837471777e+01 1.00000562779291e+05 
2.79683972911958e+01 1.00000785695189e+05 
2.81264108352138e+01 1.00001094551062e+05 
2.82844243792319e+01 1.00001461331266e+05 
2.84424379232499e+01 1.00001942922624e+05 
2.86004514672680e+01 1.00002604816219e+05 
2.87584650112860e+01 1.00003466695147e+05 
2.89164785553041e+01 1.00004550092930e+05 
2.90744920993221e+01 1.00005914298481e+05 
2.92325056433402e+01 1.00007467135853e+05 
2.93905191873582e+01 1.00009276284021e+05 
2.95485327313763e+01 1.00011371545485e+05 
2.97065462753943e+01 1.00013844358919e+05 
2.98645598194124e+01 1.00016498905058e+05 
3.00225733634304e+01 1.00019437952709e+05 
3.01805869074485e+01 1.00022460868435e+05 
3.03386004514665e+01 1.00025503258737e+05 
3.04966139954843e+01 1.00028465098287e+05 
3.06546275395003e+01 1.00031630967223e+05 
3.08126410834971e+01 1.00034592383814e+05 
3.09706546272957e+01 1.00037531271582e+05 
3.11286681708936e+01 1.00040194777347e+05 
3.12866817143274e+01 1.00042523047432e+05 
3.14446952574723e+01 1.00044418940888e+05 
3.16027088001674e+01 1.00046243547699e+05 
3.17607223421364e+01 1.00047697591442e+05 
3.19187358832495e+01 1.00048807045888e+05 
3.20767494226194e+01 1.00049424635223e+05 
3.22347629599941e+01 1.00049641079166e+05 
3.23927764943706e+01 1.00049424285589e+05 
3.25507900239423e+01 1.00048885701856e+05 
3.27088035457829e+01 1.00047974000141e+05 
3.28668170595274e+01 1.00046544054736e+05 
3.30248305599181e+01 1.00044587530746e+05 
3.31828440425992e+01 1.00042327865127e+05 
3.33408575031136e+01 1.00039740396633e+05 
3.34988709293862e+01 1.00036737805248e+05 
3.36568843063214e+01 1.00033456472916e+05 
3.38148976325709e+01 1.00029545072302e+05 
3.39729108878444e+01 1.00025264995864e+05 
3.41309240403887e+01 1.00020825277304e+05 
3.42889370834585e+01 1.00016245210720e+05 
3.44469499667095e+01 1.00011206469905e+05 
3.46049626416154e+01 1.00006029493453e+05 
3.47629751094123e+01 1.00000250946642e+05 
3.49209873220811e+01 9.99943968411259e+04 
3.50789991793260e+01 9.99885689700191e+04 
3.52370106929348e+01 9.99829320340015e+04 
3.53950217552060e+01 9.99769237841072e+04 
3.55530322801683e+01 9.99710133366569e+04 
3.57110422484800e+01 9.99647587143537e+04 
3.58690516557028e+01 9.99588679404697e+04 
3.60270604042267e+01 9.99532863640220e+04 
3.61850684108629e+01 9.99482127886082e+04 
3.63430757025597e+01 9.99430820802234e+04 
3.65010821998343e+01 9.99382264134642e+04 
3.66590879149553e+01 9.99334206980076e+04 
3.68170929429180e+01 9.99294587661413e+04 
3.69750972659910e+01 9.99258987118662e+04 
3.71331008599683e+01 9.99231688080446e+04 
3.72911038794230e+01 9.99206478401886e+04 
3.74491063311914e+01 9.99185693799597e+04 
3.76071083058444e+01 9.99170860062818e+04 
3.77651096857588e+01 9.99165573481498e+04 
3.79231104073047e+01 9.99165629530303e+04 
3.80811109502943e+01 9.99173643432746e+04 
3.82391112062999e+01 9.99187441102349e+04 
3.83971111660317e+01 9.99206042476152e+04 
3.85551109656345e+01 9.99233216027706e+04 
3.87131105571401e+01 9.99269675842462e+04 
3.88711098652798e+01 9.99310256278960e+04 
3.90291090063081e+01 9.99355712292617e+04 
3.91871079803516e+01 9.99408196351840e+04 
3.93451069164122e+01 9.99463770576089e+04 
3.95031056072435e+01 9.99528430162012e+04 
3.96611044176520e+01 9.99598222364802e+04 
3.98191030871787e+01 9.99668683827355e+04 
3.99771018088401e+01 9.99737895239150e+04 
4.01351007074698e+01 9.99812712366832e+04 
4.02930997022155e+01 9.99887355553972e+04 
4.04510986021552e+01 9.99969009593536e+04 
4.06090971618161e+01 1.00004912222981e+05 
4.07670958737284e+01 1.00012580970133e+05 
4.09250951708767e+01 1.00019586819806e+05 
4.10830945501286e+01 1.00026808298889e+05 
4.12410939472816e+01 1.00033733726518e+05 
4.13990933807653e+01 1.00040936227836e+05 
4.15570928592266e+01 1.00047386301448e+05 
4.17150923413803e+01 1.00053187443399e+05 
4.18730918618998e+01 1.00058039436323e+05 
4.20310913871491e+01 1.00062766600326e+05 
4.21890909437351e+01 1.00067012670054e+05 
4.23470905543198e+01 1.00070990210124e+05 
4.25050902256413e+01 1.00073778120220e+05 
4.26630899184684e+01 1.00075986823105e+05 
4.28210896745392e+01 1.00077296053913e+05 
4.29790892602239e+01 1.00078069491149e+05 
4.31370888188632e+01 1.00078571212093e+05 
4.32950884109090e+01 1.00078422900232e+05 
4.34530877023690e+01 1.00077134951285e+05 
4.36110866376294e+01 1.00075422282839e+05 
4.37690854724754e+01 1.00073016655906e+05 
4.39270845035842e+01 1.00069964335532e+05 
4.40850833364672e+01 1.00066716799416e+05 
4.42430820276957e+01 1.00062693048402e+05 
4.44010804989590e+01 1.00057854275644e+05 
4.45590788134630e+01 1.00052869584084e+05 
4.47170770655565e+01 1.00047682208788e+05 
4.48750752148097e+01 1.00041915267033e+05 
4.50330732938293e+01 1.00036125801606e+05 
4.51910713795358e+01 1.00029591278432e+05 
4.53490693983586e+01 1.00022832182298e+05 
4.55070674106562e+01 1.00016216161855e+05 
4.56650653676240e+01 1.00009921528581e+05 
4.58230631625694e+01 1.00003257537903e+05 
4.59810608096228e+01 9.99967276286742e+04 
4.61390583312556e+01 9.99897289845029e+04 
4.62970557728472e+01 9.99830724364160e+04 
4.64550531385988e+01 9.99768303888118e+04 
4.66130504658573e+01 9.99712841846610e+04 
4.67710476910669e+01 9.99656414761706e+04 
4.69290448370875e+01 9.99603119584766e+04 
4.70870418817074e+01 9.99548710432581e+04 
4.72450388394929e+01 9.99502396762937e+04 
4.74030357844738e+01 9.99461701793601e+04 
4.75610327369803e+01 9.99430036881542e+04 
4.77190296641417e+01 9.99401450932093e+04 
4.78770265567167e+01 9.99375568598640e+04 
4.80350232907807e+01 9.99353010581495e+04 
4.81930199724646e+01 9.99341521328176e+04 
4.83510166821919e+01 9.99333624328549e+04 
4.85090134340476e+01 9.99336202818328e+04 
4.86670101864053e+01 9.99343074092589e+04 
4.88250069367958e+01 9.99351792752196e+04 
4.89830037017608e+01 9.99367695362339e+04 
4.91410003791622e+01 9.99392728333137e+04 
4.92989969712441e+01 9.99421318687530e+04 
4.94569936135427e+01 9.99455065416927e+04 
4.96149902571749e+01 9.99494977686840e+04 
4.97729869349215e+01 9.99535578809954e+04 
4.99309836461128e+01 9.99583156981707e+04 
5.00889804092298e+01 9.99635711771172e+04 
5.02469772586986e+01 9.99688571570006e+04 
5.04049742099479e+01 9.99741458562945e+04 
5.05629710368897e+01 9.99799098597673e+04 
5.07209677221875e+01 9.99855597787417e+04 
5.08789643925024e+01 9.99917051789208e+04 
5.10369611214738e+01 9.99978328257975e+04 
5.11949579837573e+01 1.00003670839059e+05 
5.13529549196390e+01 1.00009036653456e+05 
5.15109519220113e+01 1.00014605766871e+05 
5.16689490194469e+01 1.00019892097672e+05 
5.18269461871349e+01 1.00025382371313e+05 
5.19849434232851e+01 1.00030340619154e+05 
5.21429407955823e+01 1.00034796252111e+05 
5.23009380095267e+01 1.00038503334064e+05 
5.24589351151370e+01 1.00042108326808e+05 
5.26169322605497e+01 1.00045337676029e+05 
5.27749294397864e+01 1.00048376664863e+05 
5.29329267403186e+01 1.00050496737954e+05 
5.30909241439174e+01 1.00052135439575e+05 
5.32489216473604e+01 1.00052976353597e+05 
5.34069192807000e+01 1.00053410876433e+05 
5.35649170063727e+01 1.00053629915456e+05 
5.37229148023365e+01 1.00053424337885e+05 
5.38809127246988e+01 1.00052295713030e+05 
5.40389107877367e+01 1.00050724291820e+05 
5.41969089517492e+01 1.00048541404672e+05 
5.43549072484630e+01 1.00045858348334e+05 
5.45129054270051e+01 1.00043061284310e+05 
5.46709034516164e+01 1.00039676107031e+05 
5.48289014795824e+01 1.00035679723757e+05 
5.49868996507851e+01 1.00031517622933e+05 
5.51448978880694e+01 1.00027134621071e+05 
5.53028962526066e+01 1.00022237508422e+05 
5.54608947556885e+01 1.00017409339588e+05 
5.56188933188464e+01 1.00012081719233e+05 
5.57768920070724e+01 1.00006550583772e+05 
5.59348908650161e+01 1.00001160595630e+05 
5.60928898167026e+01 9.99960029196706e+04 
5.62508889037190e+01 9.99905189280623e+04 
5.64088881394332e+01 9.99852919090070e+04 
5.65668874484921e+01 9.99798132331230e+04 
5.67248868836807e+01 9.99746223968043e+04 
5.68828864893542e+01 9.99698422217606e+04 
5.70408861960338e+01 9.99656139613788e+04 
5.71988860391269e+01 9.99613760773941e+04 
5.73568857825965e+01 9.99575262250566e+04 
5.75148854374958e+01 9.99538051990852e+04 
5.76728851158728e+01 9.99508551333009e+04 
5.78308849012099e+01 9.99483844016130e+04 
5.79888847480601e+01 9.99466571116528e+04 
5.81468847532464e+01 9.99452766184961e+04 
5.83048848708051e+01 9.99441559167791e+04 
5.84628851001882e+01 9.99434846695347e+04 
5.86208854661624e+01 9.99437379672260e+04 
5.87788859510897e+01 9.99445017717063e+04 
5.89368865555350e+01 9.99458789861475e+04 
5.90948872830377e+01 9.99478008421139e+04 
5.92528880864323e+01 9.99498281699040e+04 
5.94108889302507e+01 9.99525353445554e+04 
5.95688898327881e+01 9.99559578271555e+04 
5.97268908041111e+01 9.99596301444507e+04 
5.98848918003332e+01 9.99636109866192e+04 
6.00428928680254e+01 9.99680781305545e+04 
6.02008940796456e+01 9.99724986846943e+04 
6.03588954725139e+01 9.99774550073106e+04 
6.05168971072922e+01 9.99827334700627e+04 
6.06748990531746e+01 9.99879255188949e+04 
6.08329010433522e+01 9.99929595819942e+04 
6.09909029438758e+01 9.99983341040432e+04 
6.11489044805151e+01 1.00003455764266e+05 
6.13069057727749e+01 1.00008864083839e+05 
6.14649070351632e+01 1.00014076189088e+05 
6.16229081384915e+01 1.00018962334973e+05 
6.17809092441211e+01 1.00023386071156e+05 
6.19389101339700e+01 1.00027877241319e+05 
6.20969109801752e+01 1.00031980420111e+05 
6.22549119387378e+01 1.00036085237063e+05 
6.24129129488496e+01 1.00039559353486e+05 
6.25709138861800e+01 1.00042587168167e+05 
6.27289151983368e+01 1.00044943207976e+05 
6.28869165870729e+01 1.00047048379995e+05 
6.30449181597254e+01 1.00048919177041e+05 
6.32029200758520e+01 1.00050455388630e+05 
6.33609221827735e+01 1.00051151902542e+05 
6.35189242560073e+01 1.00051417689489e+05 
6.36769260693996e+01 1.00051012304259e+05 
6.38349281051127e+01 1.00050230428017e+05 
6.39929298098694e+01 1.00049243976097e+05 
6.41509316615666e+01 1.00047774518778e+05 
6.43089337942408e+01 1.00045440705304e+05 
6.44669357869463e+01 1.00042897562104e+05 
6.46249374433373e+01 1.00039906115126e+05 
6.47829389136374e+01 1.00036405807075e+05 
6.49409399663625e+01 1.00032869747741e+05 
6.50989409632269e+01 1.00028753173071e+05 
6.52569421377169e+01 1.00024172282578e+05 
6.54149430085585e+01 1.00019553610601e+05 
6.55729437641150e+01 1.00014887739536e+05 
6.57309443638751e+01 1.00009766146347e+05 
6.58889448714392e+01 1.00004776096336e+05 
6.60469454271883e+01 9.99993884748322e+04 
6.62049458871531e+01 9.99939896005719e+04 
6.63629460911794e+01 9.99887983280689e+04 
6.65209461944869e+01 9.99839623582521e+04 
6.66789460139657e+01 9.99788905814861e+04 
6.68369454321013e+01 9.99741556247042e+04 
6.69949447414460e+01 9.99693070522272e+04 
6.71529441536746e+01 9.99649449431367e+04 
6.73109433241402e+01 9.99609838528329e+04 
6.74689424701647e+01 9.99576772157658e+04 
6.76269417991850e+01 9.99545200033540e+04 
6.77849410142811e+01 9.99516565589583e+04 
6.79429404441664e+01 9.99490425404640e+04 
6.81009399323400e+01 9.99473425475067e+04 
6.82589394467423e+01 9.99460248844643e+04 
6.84169390831585e+01 9.99455504288474e+04 
6.85749387125848e+01 9.99453640475646e+04 
6.87329381770452e+01 9.99454773376740e+04 
6.88909376719355e+01 9.99460816858579e+04 
6.90489371579850e+01 9.99475876832114e+04 
6.92069365995741e+01 9.99494593986101e+04 
6.93649360510441e+01 9.99519309169306e+04 
6.95229353740816e+01 9.99549378962235e+04 
6.96809345840638e+01 9.99579928968892e+04 
6.98389340499524e+01 9.99616705125467e+04 
6.99969337688401e+01 9.99659236259927e+04 
7.01549335087798e+01 9.99702858207770e+04 
7.03129334087804e+01 9.99748042352054e+04 
7.04709333808406e+01 9.99798197690384e+04 
7.06289333787524e+01 9.99846941553578e+04 
7.07869336204822e+01 9.99900122788345e+04 
7.09449340672215e+01 9.99954736476194e+04 
7.11029345997939e+01 1.00000747796762e+05 
7.12609350713582e+01 1.00005747636519e+05 
7.14189347160093e+01 1.00011011147992e+05 
7.15769336370085e+01 1.00015961051494e+05 
7.17349322495437e+01 1.00021093752335e+05 
7.18929307461385e+01 1.00025863496085e+05 
7.20509289766604e+01 1.00030248812003e+05 
7.22089272661357e+01 1.00034078341879e+05 
7.23669254718874e+01 1.00037842519981e+05 
7.25249235776293e+01 1.00041285898561e+05 
7.26829219494500e+01 1.00044570957035e+05 
7.28409203727508e+01 1.00047028327491e+05 
7.29989186538633e+01 1.00049144317981e+05 
7.31569171184710e+01 1.00050511273755e+05 
7.33149154807419e+01 1.00051574916310e+05 
7.34729138742871e+01 1.00052352772320e+05 
7.36309123482416e+01 1.00052724746005e+05 
7.37889111043111e+01 1.00052242821218e+05 
7.39469098644377e+01 1.00051370485206e+05 
7.41049087471577e+01 1.00049908009153e+05 
7.42629075233993e+01 1.00047952476939e+05 
7.44209062786759e+01 1.00045935041001e+05 
7.45789051660299e+01 1.00043215795652e+05 
7.47369040521852e+01 1.00039876296131e+05 
7.48949026971529e+01 1.00036363950508e+05 
7.50529013271319e+01 1.00032510517619e+05 
7.52109000002093e+01 1.00028151670879e+05 
7.53688985762336e+01 1.00023820880071e+05 
7.55268972581844e+01 1.00018983124679e+05 
7.56848960103278e+01 1.00013829708385e+05 
7.58428947255754e+01 1.00008718840335e+05 
7.60008936594136e+01 1.00003705115752e+05 
7.61588924322546e+01 9.99983115267260e+04 
7.63168911638559e+01 9.99931586246733e+04 
7.64748900450755e+01 9.99877292126148e+04 
7.66328890548658e+01 9.99824702918922e+04 
7.67908878834910e+01 9.99775295684354e+04 
7.69488867890563e+01 9.99730265838659e+04 
7.71068856575359e+01 9.99684501939645e+04 
7.72648846605642e+01 9.99642251645047e+04 
7.74228838477881e+01 9.99600433176935e+04 
7.75808832323467e+01 9.99565680831576e+04 
7.77388824246277e+01 9.99535173408725e+04 
7.78968816322887e+01 9.99511245015954e+04 
7.80548807011359e+01 9.99490538203125e+04 
7.82128796943324e+01 9.99472844193907e+04 
7.83708787081097e+01 9.99458763212215e+04 
7.85288777862713e+01 9.99453766748536e+04 
7.86868768060587e+01 9.99453735139778e+04 
7.88448759839678e+01 9.99460834969251e+04 
7.90028750293676e+01 9.99472956323230e+04 
7.91608740579794e+01 9.99486829941956e+04 
7.93188731240776e+01 9.99506074858257e+04 
7.94768722866737e+01 9.99534497842075e+04 
7.96348714744995e+01 9.99565484625022e+04 
7.97928707841639e+01 9.99600548172047e+04 
7.99508700431175e+01 9.99641109086198e+04 
8.01088692532010e+01 9.99681136561467e+04 
8.02668685571017e+01 9.99727346942867e+04 
8.04248679221742e+01 9.99777700199838e+04 
8.05828672895297e+01 9.99827969600967e+04 
8.07408668401889e+01 9.99877834226446e+04 
8.08988663183940e+01 9.99931734711029e+04 
8.10568658136689e+01 9.99983436738476e+04 
8.12148653641856e+01 1.00003844895775e+05 
8.13728650602450e+01 1.00009259349725e+05 
8.15308647094415e+01 1.00014390010896e+05 
8.16888645412167e+01 1.00019106317696e+05 
8.18468642992061e+01 1.00023967000243e+05 
8.20048640365115e+01 1.00028457877028e+05 
8.21628638878385e+01 1.00033000154313e+05 
8.23208638447879e+01 1.00036969638790e+05 
8.24788638290085e+01 1.00040508324434e+05 
8.26368639316287e+01 1.00043382688366e+05 
8.27948639928999e+01 1.00046037682417e+05 
8.29528640097892e+01 1.00048478148409e+05 
8.31108641257694e+01 1.00050612413182e+05 
8.32688643339817e+01 1.00051885254361e+05 
8.34268645003396e+01 1.00052673522774e+05 
8.35848648702901e+01 1.00052753996286e+05 
8.37428651207969e+01 1.00052455634050e+05 
8.39008653577218e+01 1.00051912479041e+05 
8.40588656514321e+01 1.00050902262611e+05 
8.42168660797810e+01 1.00049089526684e+05 
8.43748664504764e+01 1.00046914541600e+05 
8.45328669632765e+01 1.00044225497358e+05 
8.46908673910183e+01 1.00041041080856e+05 
8.48488677558302e+01 1.00037813867945e+05 
8.50068682338221e+01 1.00033973305057e+05 
8.51648687934220e+01 1.00029595109042e+05 
8.53228693020651e+01 1.00025121948338e+05 
8.54808699523303e+01 1.00020537603838e+05 
8.56388704750119e+01 1.00015460549533e+05 
8.57968709951201e+01 1.00010495363625e+05 
8.59548715414848e+01 1.00005089120211e+05 
8.61128721364377e+01 9.99995909126473e+04 
8.62708727179347e+01 9.99942747713486e+04 
8.64288733473842e+01 9.99892547207540e+04 
8.65868739800674e+01 9.99839802073019e+04 
8.67448745080638e+01 9.99790033056761e+04 
8.69028751837753e+01 9.99738645891437e+04 
8.70608758960404e+01 9.99691555593081e+04 
8.72188765860811e+01 9.99648353484557e+04 
8.73768773582707e+01 9.99611294814520e+04 
8.75348780012508e+01 9.99575312260476e+04 
8.76928786004829e+01 9.99542409150785e+04 
8.78508792441084e+01 9.99511506975971e+04 
8.80088800434000e+01 9.99489033687919e+04 
8.81668806916759e+01 9.99471310828738e+04 
8.83248814855233e+01 9.99462105493152e+04 
8.84828821285871e+01 9.99455637735366e+04 
8.86408826913246e+01 9.99452313346313e+04 
8.87988833442697e+01 9.99454050730616e+04 
8.89568840341034e+01 9.99464876413966e+04 
8.91148847006716e+01 9.99479618119939e+04 
8.92728853750260e+01 9.99500730772352e+04 
8.94308859501744e+01 9.99527510750537e+04 
8.95888863918260e+01 9.99554528066428e+04 
8.97468869365088e+01 9.99589132018525e+04 
8.99048875615784e+01 9.99629064612487e+04 
9.00628880436466e+01 9.99670681557442e+04 
9.02208886930447e+01 9.99715042002725e+04 
9.03788890986989e+01 9.99764347362016e+04 
9.05368894584843e+01 9.99812394509226e+04 
9.06948898189981e+01 9.99865152262228e+04 
9.08528902524989e+01 9.99919952192412e+04 
9.10108905775425e+01 9.99973277592719e+04 
9.11688909467955e+01 1.00002420612665e+05 
9.13268912145514e+01 1.00007814203796e+05 
9.14848913158008e+01 1.00012904158143e+05 
9.16428915822170e+01 1.00018214212854e+05 
9.18008918169298e+01 1.00023232226725e+05 
9.19588919708743e+01 1.00027862879552e+05 
9.21168922103786e+01 1.00031961900650e+05 
9.22748922710947e+01 1.00036059190082e+05 
9.24328922715071e+01 1.00039797565654e+05 
9.25908922911711e+01 1.00043418893846e+05 
9.27488924135160e+01 1.00046226562007e+05 
9.29068924081221e+01 1.00048712681019e+05 
9.30648924455409e+01 1.00050469440231e+05 
9.32228924177697e+01 1.00051912205587e+05 
9.33808923174738e+01 1.00053030661352e+05 
9.35388923127242e+01 1.00053775185628e+05 
9.36968923560327e+01 1.00053636504721e+05 
9.38548923989902e+01 1.00053093382189e+05 
9.40128924384549e+01 1.00051937994042e+05 
9.41708924405656e+01 1.00050294264627e+05 
9.43288923108054e+01 1.00048573607777e+05 
9.44868920599109e+01 1.00046181072682e+05 
9.46448916529606e+01 1.00043028677005e+05 
9.48028916076712e+01 1.00039686810418e+05 
9.49608914944496e+01 1.00035988596738e+05 
9.51188913057259e+01 1.00031797040353e+05 
9.52768912337209e+01 1.00027635482123e+05 
9.54348911411694e+01 1.00022881289300e+05 
9.55928911756063e+01 1.00017761459183e+05 
9.57508910635802e+01 1.00012662506233e+05 
9.59088910424678e+01 1.00007635471426e+05 
9.60668908867435e+01 1.00002213366076e+05 
9.62248906047757e+01 9.99970050068112e+04 
9.63828904827730e+01 9.99914829954348e+04 
9.65408903462501e+01 9.99860946734101e+04 
9.66988901623332e+01 9.99809894432418e+04 
9.68568900168082e+01 9.99763077638851e+04 
9.70148897240250e+01 9.99715186995928e+04 
9.71728892944551e+01 9.99670902276782e+04 
9.73308889047403e+01 9.99626570141842e+04 
9.74888886147520e+01 9.99588617691124e+04 
9.76468881266289e+01 9.99555008906583e+04 
9.78048877845412e+01 9.99528179449348e+04 
9.79628871957190e+01 9.99504310825470e+04 
9.81208865399089e+01 9.99482828613265e+04 
9.82788858937054e+01 9.99464949705206e+04 
9.84368853019583e+01 9.99456124700747e+04 
9.85948846206375e+01 9.99452509262070e+04 
9.87528839618249e+01 9.99456126074678e+04 
9.89108832001843e+01 9.99464444043663e+04 
9.90688822583182e+01 9.99474895333654e+04 
9.92268814607112e+01 9.99490235990240e+04 
9.93848806720824e+01 9.99515435077027e+04 
9.95428797821141e+01 9.99543330207434e+04 
9.97008790097915e+01 9.99575901831218e+04 
9.98588780603129e+01 9.99613872263254e+04 
1.00016877088879e+02 9.99651906423379e+04 
