# Liste des scalaires : TEMPS pmat 
0.00000000000000e+00 1.00000000000000e+05 
1.58013544018059e-01 1.00000000000000e+05 
3.16027088036117e-01 1.00000000000000e+05 
4.74040632054176e-01 1.00000000000000e+05 
6.32054176072234e-01 1.00000000000000e+05 
7.90067720090293e-01 1.00000000000000e+05 
9.48081264108351e-01 1.00000000000000e+05 
1.10609480812641e+00 1.00000000000000e+05 
1.26410835214447e+00 1.00000000000000e+05 
1.42212189616253e+00 1.00000000000000e+05 
1.58013544018058e+00 1.00000000000000e+05 
1.73814898419864e+00 1.00000000000000e+05 
1.89616252821670e+00 1.00000000000000e+05 
2.05417607223476e+00 1.00000000000000e+05 
2.21218961625282e+00 1.00000000000000e+05 
2.37020316027087e+00 1.00000000000000e+05 
2.52821670428893e+00 1.00000000000000e+05 
2.68623024830699e+00 1.00000000000000e+05 
2.84424379232505e+00 1.00000000000000e+05 
3.00225733634311e+00 1.00000000000000e+05 
3.16027088036116e+00 1.00000000000000e+05 
3.31828442437922e+00 1.00000000000000e+05 
3.47629796839728e+00 1.00000000000000e+05 
3.63431151241534e+00 1.00000000000000e+05 
3.79232505643340e+00 1.00000000000000e+05 
3.95033860045145e+00 1.00000000000000e+05 
4.10835214446951e+00 1.00000000000000e+05 
4.26636568848757e+00 1.00000000000000e+05 
4.42437923250563e+00 1.00000000000000e+05 
4.58239277652368e+00 1.00000000000000e+05 
4.74040632054174e+00 1.00000000000000e+05 
4.89841986455980e+00 1.00000000000000e+05 
5.05643340857786e+00 1.00000000000000e+05 
5.21444695259591e+00 1.00000000000000e+05 
5.37246049661397e+00 1.00000000000000e+05 
5.53047404063203e+00 1.00000000000000e+05 
5.68848758465009e+00 1.00000000000000e+05 
5.84650112866814e+00 1.00000000000000e+05 
6.00451467268620e+00 1.00000000000000e+05 
6.16252821670426e+00 1.00000000000000e+05 
6.32054176072231e+00 1.00000000000000e+05 
6.47855530474037e+00 1.00000000000000e+05 
6.63656884875843e+00 1.00000000000000e+05 
6.79458239277648e+00 1.00000000000000e+05 
6.95259593679454e+00 1.00000000000000e+05 
7.11060948081260e+00 1.00000000000000e+05 
7.26862302483065e+00 1.00000000000000e+05 
7.42663656884871e+00 1.00000000000000e+05 
7.58465011286677e+00 1.00000000000000e+05 
7.74266365688483e+00 1.00000000000000e+05 
7.90067720090288e+00 1.00000000000000e+05 
8.05869074492094e+00 1.00000000000000e+05 
8.21670428893899e+00 1.00000000000000e+05 
8.37471783295705e+00 1.00000000000000e+05 
8.53273137697511e+00 1.00000000000000e+05 
8.69074492099316e+00 1.00000000000000e+05 
8.84875846501122e+00 1.00000000000000e+05 
9.00677200902927e+00 1.00000000000000e+05 
9.16478555304733e+00 1.00000000000000e+05 
9.32279909706538e+00 1.00000000000000e+05 
9.48081264108344e+00 1.00000000000000e+05 
9.63882618510150e+00 1.00000000000000e+05 
9.79683972911955e+00 1.00000000000000e+05 
9.95485327313761e+00 1.00000000000000e+05 
1.01128668171557e+01 1.00000000000000e+05 
1.02708803611737e+01 1.00000000000000e+05 
1.04288939051918e+01 1.00000000000000e+05 
1.05869074492098e+01 1.00000000000000e+05 
1.07449209932279e+01 1.00000000000000e+05 
1.09029345372459e+01 1.00000000000000e+05 
1.10609480812640e+01 1.00000000000000e+05 
1.12189616252821e+01 1.00000000000000e+05 
1.13769751693001e+01 1.00000000000000e+05 
1.15349887133182e+01 1.00000000000000e+05 
1.16930022573362e+01 1.00000000000000e+05 
1.18510158013543e+01 1.00000000000000e+05 
1.20090293453723e+01 1.00000000000000e+05 
1.21670428893904e+01 1.00000000000000e+05 
1.23250564334084e+01 1.00000000000000e+05 
1.24830699774265e+01 1.00000000000000e+05 
1.26410835214446e+01 1.00000000000000e+05 
1.27990970654626e+01 1.00000000000000e+05 
1.29571106094807e+01 1.00000000000000e+05 
1.31151241534987e+01 1.00000000000000e+05 
1.32731376975168e+01 1.00000000000000e+05 
1.34311512415348e+01 1.00000000000000e+05 
1.35891647855529e+01 1.00000000000000e+05 
1.37471783295709e+01 1.00000000000000e+05 
1.39051918735890e+01 1.00000000000000e+05 
1.40632054176071e+01 1.00000000000000e+05 
1.42212189616251e+01 1.00000000000000e+05 
1.43792325056432e+01 1.00000000000000e+05 
1.45372460496612e+01 1.00000000000000e+05 
1.46952595936793e+01 1.00000000000000e+05 
1.48532731376973e+01 1.00000000000000e+05 
1.50112866817154e+01 1.00000000000000e+05 
1.51693002257334e+01 1.00000000000000e+05 
1.53273137697515e+01 1.00000000000000e+05 
1.54853273137695e+01 1.00000000000000e+05 
1.56433408577876e+01 1.00000000000000e+05 
1.58013544018057e+01 1.00000000000000e+05 
1.59593679458237e+01 1.00000000000000e+05 
1.61173814898418e+01 1.00000000000000e+05 
1.62753950338598e+01 1.00000000000000e+05 
1.64334085778779e+01 1.00000000000000e+05 
1.65914221218959e+01 1.00000000000000e+05 
1.67494356659140e+01 1.00000000000000e+05 
1.69074492099320e+01 1.00000000000000e+05 
1.70654627539501e+01 1.00000000000000e+05 
1.72234762979681e+01 1.00000000000000e+05 
1.73814898419862e+01 1.00000000000000e+05 
1.75395033860043e+01 1.00000000000000e+05 
1.76975169300223e+01 1.00000000000000e+05 
1.78555304740404e+01 1.00000000000000e+05 
1.80135440180584e+01 1.00000000000000e+05 
1.81715575620765e+01 1.00000000000000e+05 
1.83295711060945e+01 1.00000000000000e+05 
1.84875846501126e+01 1.00000000000000e+05 
1.86455981941306e+01 1.00000000000000e+05 
1.88036117381487e+01 1.00000000000000e+05 
1.89616252821667e+01 1.00000000000000e+05 
1.91196388261848e+01 1.00000000000000e+05 
1.92776523702028e+01 1.00000000000000e+05 
1.94356659142209e+01 1.00000000000000e+05 
1.95936794582390e+01 1.00000000000000e+05 
1.97516930022570e+01 1.00000000000000e+05 
1.99097065462751e+01 1.00000000000000e+05 
2.00677200902931e+01 1.00000000000000e+05 
2.02257336343112e+01 1.00000000000000e+05 
2.03837471783292e+01 1.00000000000000e+05 
2.05417607223473e+01 1.00000000000000e+05 
2.06997742663653e+01 1.00000000000000e+05 
2.08577878103834e+01 1.00000000000000e+05 
2.10158013544014e+01 1.00000000000000e+05 
2.11738148984195e+01 1.00000000000000e+05 
2.13318284424376e+01 1.00000000000000e+05 
2.14898419864556e+01 1.00000000000000e+05 
2.16478555304737e+01 1.00000000000000e+05 
2.18058690744917e+01 1.00000000000000e+05 
2.19638826185098e+01 1.00000000000000e+05 
2.21218961625278e+01 1.00000000000000e+05 
2.22799097065459e+01 1.00000000000000e+05 
2.24379232505639e+01 1.00000000000000e+05 
2.25959367945820e+01 1.00000000000000e+05 
2.27539503386000e+01 1.00000000000000e+05 
2.29119638826181e+01 1.00000000000000e+05 
2.30699774266361e+01 1.00000000000000e+05 
2.32279909706542e+01 1.00000000000000e+05 
2.33860045146723e+01 1.00000000000000e+05 
2.35440180586903e+01 1.00000000000000e+05 
2.37020316027084e+01 1.00000000000000e+05 
2.38600451467264e+01 1.00000000000000e+05 
2.40180586907445e+01 1.00000000000000e+05 
2.41760722347625e+01 1.00000000000000e+05 
2.43340857787806e+01 1.00000000000000e+05 
2.44920993227986e+01 1.00000000000000e+05 
2.46501128668167e+01 1.00000000000000e+05 
2.48081264108347e+01 1.00000000000000e+05 
2.49661399548528e+01 1.00000000000003e+05 
2.51241534988708e+01 1.00000000000017e+05 
2.52821670428889e+01 1.00000000000072e+05 
2.54401805869069e+01 1.00000000000165e+05 
2.55981941309250e+01 1.00000000000268e+05 
2.57562076749430e+01 1.00000000004444e+05 
2.59142212189611e+01 1.00000000077672e+05 
2.60722347629791e+01 1.00000000549347e+05 
2.62302483069972e+01 1.00000000855736e+05 
2.63882618510153e+01 1.00000001293044e+05 
2.65462753950333e+01 1.00000001946542e+05 
2.67042889390514e+01 1.00000002873941e+05 
2.68623024830694e+01 1.00000004371263e+05 
2.70203160270875e+01 1.00000006608647e+05 
2.71783295711055e+01 1.00000009910047e+05 
2.73363431151236e+01 1.00000014476702e+05 
2.74943566591416e+01 1.00000020961671e+05 
2.76523702031597e+01 1.00000029975372e+05 
2.78103837471777e+01 1.00000043439345e+05 
2.79683972911958e+01 1.00000062125692e+05 
2.81264108352138e+01 1.00000087892542e+05 
2.82844243792319e+01 1.00000121893868e+05 
2.84424379232499e+01 1.00000166966088e+05 
2.86004514672680e+01 1.00000225881858e+05 
2.87584650112860e+01 1.00000308138139e+05 
2.89164785553041e+01 1.00000416043196e+05 
2.90744920993221e+01 1.00000556472069e+05 
2.92325056433402e+01 1.00000730571338e+05 
2.93905191873582e+01 1.00000944495373e+05 
2.95485327313763e+01 1.00001205211628e+05 
2.97065462753943e+01 1.00001543337118e+05 
2.98645598194124e+01 1.00001960350219e+05 
3.00225733634304e+01 1.00002464791912e+05 
3.01805869074485e+01 1.00003050366295e+05 
3.03386004514665e+01 1.00003706045889e+05 
3.04966139954843e+01 1.00004442030919e+05 
3.06546275395003e+01 1.00005309736324e+05 
3.08126410834971e+01 1.00006296766260e+05 
3.09706546272957e+01 1.00007387933173e+05 
3.11286681708936e+01 1.00008545834156e+05 
3.12866817143274e+01 1.00009694331362e+05 
3.14446952574723e+01 1.00010852078798e+05 
3.16027088001674e+01 1.00012054980681e+05 
3.17607223421364e+01 1.00013290273628e+05 
3.19187358832495e+01 1.00014500963827e+05 
3.20767494226194e+01 1.00015660764712e+05 
3.22347629599941e+01 1.00016620151195e+05 
3.23927764943706e+01 1.00017432842964e+05 
3.25507900239423e+01 1.00018109102720e+05 
3.27088035457829e+01 1.00018679894119e+05 
3.28668170595274e+01 1.00019101160382e+05 
3.30248305599181e+01 1.00019412026686e+05 
3.31828440425992e+01 1.00019439869193e+05 
3.33408575031136e+01 1.00019276105080e+05 
3.34988709293862e+01 1.00018919362448e+05 
3.36568843063214e+01 1.00018425132835e+05 
3.38148976325709e+01 1.00017789921502e+05 
3.39729108878444e+01 1.00017102630023e+05 
3.41309240403887e+01 1.00016205532837e+05 
3.42889370834585e+01 1.00015200711225e+05 
3.44469499667095e+01 1.00014064163458e+05 
3.46049626416154e+01 1.00012837548123e+05 
3.47629751094123e+01 1.00011552967408e+05 
3.49209873220811e+01 1.00010276725846e+05 
3.50789991793260e+01 1.00008930883791e+05 
3.52370106929348e+01 1.00007572949942e+05 
3.53950217552060e+01 1.00006154232366e+05 
3.55530322801683e+01 1.00004691447087e+05 
3.57110422484800e+01 1.00003198301775e+05 
3.58690516557028e+01 1.00001737731842e+05 
3.60270604042267e+01 1.00000276564321e+05 
3.61850684108629e+01 9.99988252571903e+04 
3.63430757025597e+01 9.99973245541490e+04 
3.65010821998343e+01 9.99957897768273e+04 
3.66590879149553e+01 9.99942527338994e+04 
3.68170929429180e+01 9.99927510187113e+04 
3.69750972659910e+01 9.99913361689450e+04 
3.71331008599683e+01 9.99899910698700e+04 
3.72911038794230e+01 9.99886752987460e+04 
3.74491063311914e+01 9.99873915384590e+04 
3.76071083058444e+01 9.99862005947530e+04 
3.77651096857588e+01 9.99851098785095e+04 
3.79231104073047e+01 9.99842515339833e+04 
3.80811109502943e+01 9.99835797411607e+04 
3.82391112062999e+01 9.99830772835982e+04 
3.83971111660317e+01 9.99827213645357e+04 
3.85551109656345e+01 9.99825619141486e+04 
3.87131105571401e+01 9.99825505462811e+04 
3.88711098652798e+01 9.99828149079352e+04 
3.90291090063081e+01 9.99832830329330e+04 
3.91871079803516e+01 9.99839675706854e+04 
3.93451069164122e+01 9.99848075392277e+04 
3.95031056072435e+01 9.99858078672740e+04 
3.96611044176520e+01 9.99868624413272e+04 
3.98191030871787e+01 9.99880649952083e+04 
3.99771018088401e+01 9.99893231832969e+04 
4.01351007074698e+01 9.99906534773240e+04 
4.02930997022155e+01 9.99920257849536e+04 
4.04510986021552e+01 9.99934078997058e+04 
4.06090971618161e+01 9.99947264638233e+04 
4.07670958737284e+01 9.99960210375827e+04 
4.09250951708767e+01 9.99972434001807e+04 
4.10830945501286e+01 9.99984201669457e+04 
4.12410939472816e+01 9.99995459363364e+04 
4.13990933807653e+01 1.00000599994389e+05 
4.15570928592266e+01 1.00001554964498e+05 
4.17150923413803e+01 1.00002397015900e+05 
4.18730918618998e+01 1.00003142347659e+05 
4.20310913871491e+01 1.00003805521320e+05 
4.21890909437351e+01 1.00004392354533e+05 
4.23470905543198e+01 1.00004880874150e+05 
4.25050902256413e+01 1.00005284980628e+05 
4.26630899184684e+01 1.00005577457464e+05 
4.28210896745392e+01 1.00005779943728e+05 
4.29790892602239e+01 1.00005898486463e+05 
4.31370888188632e+01 1.00005944629269e+05 
4.32950884109090e+01 1.00005895599939e+05 
4.34530877023690e+01 1.00005784846321e+05 
4.36110866376294e+01 1.00005589580694e+05 
4.37690854724754e+01 1.00005311354358e+05 
4.39270845035842e+01 1.00004950143360e+05 
4.40850833364672e+01 1.00004528203856e+05 
4.42430820276957e+01 1.00004030259097e+05 
4.44010804989590e+01 1.00003481343256e+05 
4.45590788134630e+01 1.00002877148526e+05 
4.47170770655565e+01 1.00002227288079e+05 
4.48750752148097e+01 1.00001517906326e+05 
4.50330732938293e+01 1.00000764518379e+05 
4.51910713795358e+01 9.99999775597765e+04 
4.53490693983586e+01 9.99991772439835e+04 
4.55070674106562e+01 9.99983753365966e+04 
4.56650653676240e+01 9.99975827617228e+04 
4.58230631625694e+01 9.99967690396951e+04 
4.59810608096228e+01 9.99959548000218e+04 
4.61390583312556e+01 9.99951575887228e+04 
4.62970557728472e+01 9.99943944492181e+04 
4.64550531385988e+01 9.99937056612142e+04 
4.66130504658573e+01 9.99930795979667e+04 
4.67710476910669e+01 9.99924850240551e+04 
4.69290448370875e+01 9.99919345516844e+04 
4.70870418817074e+01 9.99914617179300e+04 
4.72450388394929e+01 9.99910698170948e+04 
4.74030357844738e+01 9.99908046862393e+04 
4.75610327369803e+01 9.99906517478473e+04 
4.77190296641417e+01 9.99905814730996e+04 
4.78770265567167e+01 9.99905956391064e+04 
4.80350232907807e+01 9.99907140722282e+04 
4.81930199724646e+01 9.99909307888954e+04 
4.83510166821919e+01 9.99912821172394e+04 
4.85090134340476e+01 9.99917389623544e+04 
4.86670101864053e+01 9.99922844809905e+04 
4.88250069367958e+01 9.99928829253400e+04 
4.89830037017608e+01 9.99935489532377e+04 
4.91410003791622e+01 9.99942647668905e+04 
4.92989969712441e+01 9.99950410329759e+04 
4.94569936135427e+01 9.99958524608145e+04 
4.96149902571749e+01 9.99967022727779e+04 
4.97729869349215e+01 9.99975570000883e+04 
4.99309836461128e+01 9.99984203588851e+04 
5.00889804092298e+01 9.99992710834012e+04 
5.02469772586986e+01 1.00000105118182e+05 
5.04049742099479e+01 1.00000900126418e+05 
5.05629710368897e+01 1.00001695211113e+05 
5.07209677221875e+01 1.00002459123144e+05 
5.08789643925024e+01 1.00003186950718e+05 
5.10369611214738e+01 1.00003862594350e+05 
5.11949579837573e+01 1.00004467585048e+05 
5.13529549196390e+01 1.00004990885839e+05 
5.15109519220113e+01 1.00005480924362e+05 
5.16689490194469e+01 1.00005928495258e+05 
5.18269461871349e+01 1.00006314002058e+05 
5.19849434232851e+01 1.00006641941981e+05 
5.21429407955823e+01 1.00006882204254e+05 
5.23009380095267e+01 1.00007021826955e+05 
5.24589351151370e+01 1.00007097915206e+05 
5.26169322605497e+01 1.00007113634385e+05 
5.27749294397864e+01 1.00007051427546e+05 
5.29329267403186e+01 1.00006928217722e+05 
5.30909241439174e+01 1.00006709039298e+05 
5.32489216473604e+01 1.00006396770828e+05 
5.34069192807000e+01 1.00006011417313e+05 
5.35649170063727e+01 1.00005583818290e+05 
5.37229148023365e+01 1.00005095835069e+05 
5.38809127246988e+01 1.00004574144894e+05 
5.40389107877367e+01 1.00004000840098e+05 
5.41969089517492e+01 1.00003383770726e+05 
5.43549072484630e+01 1.00002713950349e+05 
5.45129054270051e+01 1.00002022673568e+05 
5.46709034516164e+01 1.00001304239599e+05 
5.48289014795824e+01 1.00000593126199e+05 
5.49868996507851e+01 9.99998822961068e+04 
5.51448978880694e+01 9.99991909384125e+04 
5.53028962526066e+01 9.99984688375696e+04 
5.54608947556885e+01 9.99977395292447e+04 
5.56188933188464e+01 9.99970101365374e+04 
5.57768920070724e+01 9.99963108579630e+04 
5.59348908650161e+01 9.99956475121999e+04 
5.60928898167026e+01 9.99950428675466e+04 
5.62508889037190e+01 9.99944348971285e+04 
5.64088881394332e+01 9.99938298822668e+04 
5.65668874484921e+01 9.99932513496415e+04 
5.67248868836807e+01 9.99927178285065e+04 
5.68828864893542e+01 9.99922653724256e+04 
5.70408861960338e+01 9.99919108797779e+04 
5.71988860391269e+01 9.99916095634817e+04 
5.73568857825965e+01 9.99913580277071e+04 
5.75148854374958e+01 9.99911822507079e+04 
5.76728851158728e+01 9.99910767266541e+04 
5.78308849012099e+01 9.99910787254735e+04 
5.79888847480601e+01 9.99911923771468e+04 
5.81468847532464e+01 9.99913916693986e+04 
5.83048848708051e+01 9.99916521972737e+04 
5.84628851001882e+01 9.99919868272607e+04 
5.86208854661624e+01 9.99923798415764e+04 
5.87788859510897e+01 9.99928479691116e+04 
5.89368865555350e+01 9.99933910306726e+04 
5.90948872830377e+01 9.99939990149760e+04 
5.92528880864323e+01 9.99946475470371e+04 
5.94108889302507e+01 9.99953414859517e+04 
5.95688898327881e+01 9.99960554933008e+04 
5.97268908041111e+01 9.99967727506181e+04 
5.98848918003332e+01 9.99974907072904e+04 
6.00428928680254e+01 9.99982267923902e+04 
6.02008940796456e+01 9.99989624045672e+04 
6.03588954725139e+01 9.99996821694624e+04 
6.05168971072922e+01 1.00000380220604e+05 
6.06748990531746e+01 1.00001020950243e+05 
6.08329010433522e+01 1.00001603183169e+05 
6.09909029438758e+01 1.00002152121783e+05 
6.11489044805151e+01 1.00002660303442e+05 
6.13069057727749e+01 1.00003120254173e+05 
6.14649070351632e+01 1.00003536753241e+05 
6.16229081384915e+01 1.00003867855518e+05 
6.17809092441211e+01 1.00004118727666e+05 
6.19389101339700e+01 1.00004310869437e+05 
6.20969109801752e+01 1.00004452852396e+05 
6.22549119387378e+01 1.00004532549199e+05 
6.24129129488496e+01 1.00004573134924e+05 
6.25709138861800e+01 1.00004548463889e+05 
6.27289151983368e+01 1.00004463703348e+05 
6.28869165870729e+01 1.00004328625872e+05 
6.30449181597254e+01 1.00004148270439e+05 
6.32029200758520e+01 1.00003916756101e+05 
6.33609221827735e+01 1.00003655809662e+05 
6.35189242560073e+01 1.00003364338096e+05 
6.36769260693996e+01 1.00003042048302e+05 
6.38349281051127e+01 1.00002687857882e+05 
6.39929298098694e+01 1.00002306919703e+05 
6.41509316615666e+01 1.00001896837255e+05 
6.43089337942408e+01 1.00001460448790e+05 
6.44669357869463e+01 1.00001013538518e+05 
6.46249374433373e+01 1.00000551825590e+05 
6.47829389136374e+01 1.00000065307708e+05 
6.49409399663625e+01 9.99995603344785e+04 
6.50989409632269e+01 9.99990429603132e+04 
6.52569421377169e+01 9.99985105971247e+04 
6.54149430085585e+01 9.99980027721225e+04 
6.55729437641150e+01 9.99975117764192e+04 
6.57309443638751e+01 9.99970179470526e+04 
6.58889448714392e+01 9.99965293271865e+04 
6.60469454271883e+01 9.99960552584275e+04 
6.62049458871531e+01 9.99955856317201e+04 
6.63629460911794e+01 9.99951715163929e+04 
6.65209461944869e+01 9.99948086803835e+04 
6.66789460139657e+01 9.99944790658732e+04 
6.68369454321013e+01 9.99941847456540e+04 
6.69949447414460e+01 9.99939376095494e+04 
6.71529441536746e+01 9.99937195759672e+04 
6.73109433241402e+01 9.99935758945101e+04 
6.74689424701647e+01 9.99935043133484e+04 
6.76269417991850e+01 9.99934926810120e+04 
6.77849410142811e+01 9.99935372845931e+04 
6.79429404441664e+01 9.99936478537873e+04 
6.81009399323400e+01 9.99937989817273e+04 
6.82589394467423e+01 9.99940132551569e+04 
6.84169390831585e+01 9.99942886975170e+04 
6.85749387125848e+01 9.99946241652208e+04 
6.87329381770452e+01 9.99950101241865e+04 
6.88909376719355e+01 9.99954423602387e+04 
6.90489371579850e+01 9.99959045844766e+04 
6.92069365995741e+01 9.99963887337324e+04 
6.93649360510441e+01 9.99969048917718e+04 
6.95229353740816e+01 9.99974525645491e+04 
6.96809345840638e+01 9.99980262424314e+04 
6.98389340499524e+01 9.99986186856683e+04 
6.99969337688401e+01 9.99992212566868e+04 
7.01549335087798e+01 9.99997978569828e+04 
7.03129334087804e+01 1.00000358648723e+05 
7.04709333808406e+01 1.00000918098999e+05 
7.06289333787524e+01 1.00001470531452e+05 
7.07869336204822e+01 1.00002003843920e+05 
7.09449340672215e+01 1.00002523375296e+05 
7.11029345997939e+01 1.00002986812253e+05 
7.12609350713582e+01 1.00003400999459e+05 
7.14189347160093e+01 1.00003781034021e+05 
7.15769336370085e+01 1.00004124874654e+05 
7.17349322495437e+01 1.00004419983852e+05 
7.18929307461385e+01 1.00004686152737e+05 
7.20509289766604e+01 1.00004888248706e+05 
7.22089272661357e+01 1.00005032169997e+05 
7.23669254718874e+01 1.00005125657772e+05 
7.25249235776293e+01 1.00005172915501e+05 
7.26829219494500e+01 1.00005165715571e+05 
7.28409203727508e+01 1.00005127251041e+05 
7.29989186538633e+01 1.00005040054315e+05 
7.31569171184710e+01 1.00004902795371e+05 
7.33149154807419e+01 1.00004724549142e+05 
7.34729138742871e+01 1.00004504369005e+05 
7.36309123482416e+01 1.00004238801176e+05 
7.37889111043111e+01 1.00003940368154e+05 
7.39469098644377e+01 1.00003611137246e+05 
7.41049087471577e+01 1.00003246182191e+05 
7.42629075233993e+01 1.00002848347846e+05 
7.44209062786759e+01 1.00002415760794e+05 
7.45789051660299e+01 1.00001956422741e+05 
7.47369040521852e+01 1.00001466405740e+05 
7.48949026971529e+01 1.00000971381956e+05 
7.50529013271319e+01 1.00000461550194e+05 
7.52109000002093e+01 9.99999319401285e+04 
7.53688985762336e+01 9.99993859638738e+04 
7.55268972581844e+01 9.99988277421102e+04 
7.56848960103278e+01 9.99982500586906e+04 
7.58428947255754e+01 9.99976970350843e+04 
7.60008936594136e+01 9.99971614318171e+04 
7.61588924322546e+01 9.99966300898343e+04 
7.63168911638559e+01 9.99961130431329e+04 
7.64748900450755e+01 9.99956182226429e+04 
7.66328890548658e+01 9.99951348640901e+04 
7.67908878834910e+01 9.99947113756585e+04 
7.69488867890563e+01 9.99943452525436e+04 
7.71068856575359e+01 9.99940256103057e+04 
7.72648846605642e+01 9.99937587454313e+04 
7.74228838477881e+01 9.99935525038128e+04 
7.75808832323467e+01 9.99933927592467e+04 
7.77388824246277e+01 9.99933173987225e+04 
7.78968816322887e+01 9.99933270103801e+04 
7.80548807011359e+01 9.99934101178227e+04 
7.82128796943324e+01 9.99935625214566e+04 
7.83708787081097e+01 9.99937877701680e+04 
7.85288777862713e+01 9.99940660745277e+04 
7.86868768060587e+01 9.99944076280661e+04 
7.88448759839678e+01 9.99948140326193e+04 
7.90028750293676e+01 9.99952817885237e+04 
7.91608740579794e+01 9.99958044090674e+04 
7.93188731240776e+01 9.99963729537052e+04 
7.94768722866737e+01 9.99969788972310e+04 
7.96348714744995e+01 9.99975966955618e+04 
7.97928707841639e+01 9.99982373732904e+04 
7.99508700431175e+01 9.99989014139603e+04 
8.01088692532010e+01 9.99995821378237e+04 
8.02668685571017e+01 1.00000268601851e+05 
8.04248679221742e+01 1.00000958766273e+05 
8.05828672895297e+01 1.00001606122702e+05 
8.07408668401889e+01 1.00002218561482e+05 
8.08988663183940e+01 1.00002806671085e+05 
8.10568658136689e+01 1.00003366014296e+05 
8.12148653641856e+01 1.00003886129421e+05 
8.13728650602450e+01 1.00004380752735e+05 
8.15308647094415e+01 1.00004806982208e+05 
8.16888645412167e+01 1.00005168394705e+05 
8.18468642992061e+01 1.00005478644757e+05 
8.20048640365115e+01 1.00005737348369e+05 
8.21628638878385e+01 1.00005934438502e+05 
8.23208638447879e+01 1.00006092967898e+05 
8.24788638290085e+01 1.00006185374992e+05 
8.26368639316287e+01 1.00006209020126e+05 
8.27948639928999e+01 1.00006170758127e+05 
8.29528640097892e+01 1.00006074395295e+05 
8.31108641257694e+01 1.00005917051540e+05 
8.32688643339817e+01 1.00005721092829e+05 
8.34268645003396e+01 1.00005474859752e+05 
8.35848648702901e+01 1.00005175981462e+05 
8.37428651207969e+01 1.00004825431711e+05 
8.39008653577218e+01 1.00004426435065e+05 
8.40588656514321e+01 1.00003985368362e+05 
8.42168660797810e+01 1.00003506100801e+05 
8.43748664504764e+01 1.00003000628704e+05 
8.45328669632765e+01 1.00002458810134e+05 
8.46908673910183e+01 1.00001881368871e+05 
8.48488677558302e+01 1.00001265936334e+05 
8.50068682338221e+01 1.00000632872366e+05 
8.51648687934220e+01 9.99999738543868e+04 
8.53228693020651e+01 9.99993231517996e+04 
8.54808699523303e+01 9.99986751175552e+04 
8.56388704750119e+01 9.99980207242553e+04 
8.57968709951201e+01 9.99973586744856e+04 
8.59548715414848e+01 9.99967116852673e+04 
8.61128721364377e+01 9.99960609348249e+04 
8.62708727179347e+01 9.99954557688714e+04 
8.64288733473842e+01 9.99948986097416e+04 
8.65868739800674e+01 9.99943764669411e+04 
8.67448745080638e+01 9.99938932992090e+04 
8.69028751837753e+01 9.99934654539708e+04 
8.70608758960404e+01 9.99930732001285e+04 
8.72188765860811e+01 9.99927700206223e+04 
8.73768773582707e+01 9.99925586418039e+04 
8.75348780012508e+01 9.99924254495237e+04 
8.76928786004829e+01 9.99923663885085e+04 
8.78508792441084e+01 9.99923878088109e+04 
8.80088800434000e+01 9.99924657400011e+04 
8.81668806916759e+01 9.99926317245281e+04 
8.83248814855233e+01 9.99928871057961e+04 
8.84828821285871e+01 9.99932244661592e+04 
8.86408826913246e+01 9.99936331743883e+04 
8.87988833442697e+01 9.99941089052632e+04 
8.89568840341034e+01 9.99946307173552e+04 
8.91148847006716e+01 9.99951986953980e+04 
8.92728853750260e+01 9.99958184100894e+04 
8.94308859501744e+01 9.99964865259619e+04 
8.95888863918260e+01 9.99971967752869e+04 
8.97468869365088e+01 9.99979269586976e+04 
8.99048875615784e+01 9.99986716995839e+04 
9.00628880436466e+01 9.99993995568688e+04 
9.02208886930447e+01 1.00000119188593e+05 
9.03788890986989e+01 1.00000832839574e+05 
9.05368894584843e+01 1.00001537264919e+05 
9.06948898189981e+01 1.00002215279198e+05 
9.08528902524989e+01 1.00002872524111e+05 
9.10108905775425e+01 1.00003458898106e+05 
9.11688909467955e+01 1.00003980898840e+05 
9.13268912145514e+01 1.00004457094173e+05 
9.14848913158008e+01 1.00004889980587e+05 
9.16428915822170e+01 1.00005266290794e+05 
9.18008918169298e+01 1.00005602170128e+05 
9.19588919708743e+01 1.00005861458248e+05 
9.21168922103786e+01 1.00006044396891e+05 
9.22748922710947e+01 1.00006164303640e+05 
9.24328922715071e+01 1.00006228396241e+05 
9.25908922911711e+01 1.00006229993725e+05 
9.27488924135160e+01 1.00006191662237e+05 
9.29068924081221e+01 1.00006089962265e+05 
9.30648924455409e+01 1.00005924896662e+05 
9.32228924177697e+01 1.00005709070728e+05 
9.33808923174738e+01 1.00005449320439e+05 
9.35388923127242e+01 1.00005146115293e+05 
9.36968923560327e+01 1.00004811657565e+05 
9.38548923989902e+01 1.00004442776297e+05 
9.40128924384549e+01 1.00004037126842e+05 
9.41708924405656e+01 1.00003597740032e+05 
9.43288923108054e+01 1.00003126799373e+05 
9.44868920599109e+01 1.00002633149040e+05 
9.46448916529606e+01 1.00002109366389e+05 
9.48028916076712e+01 1.00001580031630e+05 
9.49608914944496e+01 1.00001032805625e+05 
9.51188913057259e+01 1.00000463564348e+05 
9.52768912337209e+01 9.99998757635012e+04 
9.54348911411694e+01 9.99992751469401e+04 
9.55928911756063e+01 9.99986611898279e+04 
9.57508910635802e+01 9.99980670109147e+04 
9.59088910424678e+01 9.99974912049458e+04 
9.60668908867435e+01 9.99969211262640e+04 
9.62248906047757e+01 9.99963595151939e+04 
9.63828904827730e+01 9.99958152679968e+04 
9.65408903462501e+01 9.99952816319078e+04 
9.66988901623332e+01 9.99947998469138e+04 
9.68568900168082e+01 9.99943750937800e+04 
9.70148897240250e+01 9.99939938391113e+04 
9.71728892944551e+01 9.99936593573052e+04 
9.73308889047403e+01 9.99933824560766e+04 
9.74888886147520e+01 9.99931489433932e+04 
9.76468881266289e+01 9.99929990364382e+04 
9.78048877845412e+01 9.99929375282356e+04 
9.79628871957190e+01 9.99929565643345e+04 
9.81208865399089e+01 9.99930461248584e+04 
9.82788858937054e+01 9.99932105416891e+04 
9.84368853019583e+01 9.99934305719283e+04 
9.85948846206375e+01 9.99937252250519e+04 
9.87528839618249e+01 9.99940939796029e+04 
9.89108832001843e+01 9.99945314973286e+04 
9.90688822583182e+01 9.99950239323662e+04 
9.92268814607112e+01 9.99955643668900e+04 
9.93848806720824e+01 9.99961392444502e+04 
9.95428797821141e+01 9.99967411440943e+04 
9.97008790097915e+01 9.99973726609584e+04 
9.98588780603129e+01 9.99980362456978e+04 
1.00016877088879e+02 9.99987265048851e+04 
