# Liste des scalaires : TEMPS pmat 
0.00000000000000e+00 1.00000000000000e+05 
1.58013544018059e-01 1.00000000000000e+05 
3.16027088036117e-01 1.00000000000000e+05 
4.74040632054176e-01 1.00000000000000e+05 
6.32054176072234e-01 1.00000000000000e+05 
7.90067720090293e-01 1.00000000000000e+05 
9.48081264108351e-01 1.00000000000000e+05 
1.10609480812641e+00 1.00000000000000e+05 
1.26410835214447e+00 1.00000000000000e+05 
1.42212189616253e+00 1.00000000000000e+05 
1.58013544018058e+00 1.00000000000000e+05 
1.73814898419864e+00 1.00000000000000e+05 
1.89616252821670e+00 1.00000000000000e+05 
2.05417607223476e+00 1.00000000000000e+05 
2.21218961625282e+00 1.00000000000000e+05 
2.37020316027087e+00 1.00000000000000e+05 
2.52821670428893e+00 1.00000000000000e+05 
2.68623024830699e+00 1.00000000000000e+05 
2.84424379232505e+00 1.00000000000000e+05 
3.00225733634311e+00 1.00000000000000e+05 
3.16027088036116e+00 1.00000000000000e+05 
3.31828442437922e+00 1.00000000000000e+05 
3.47629796839728e+00 1.00000000000000e+05 
3.63431151241534e+00 1.00000000000000e+05 
3.79232505643340e+00 1.00000000000000e+05 
3.95033860045145e+00 1.00000000000000e+05 
4.10835214446951e+00 1.00000000000000e+05 
4.26636568848757e+00 1.00000000000000e+05 
4.42437923250563e+00 1.00000000000000e+05 
4.58239277652368e+00 1.00000000000000e+05 
4.74040632054174e+00 1.00000000000000e+05 
4.89841986455980e+00 1.00000000000000e+05 
5.05643340857786e+00 1.00000000000000e+05 
5.21444695259591e+00 1.00000000000000e+05 
5.37246049661397e+00 1.00000000000000e+05 
5.53047404063203e+00 1.00000000000000e+05 
5.68848758465009e+00 1.00000000000000e+05 
5.84650112866814e+00 1.00000000000000e+05 
6.00451467268620e+00 1.00000000000000e+05 
6.16252821670426e+00 1.00000000000000e+05 
6.32054176072231e+00 1.00000000000000e+05 
6.47855530474037e+00 1.00000000000000e+05 
6.63656884875843e+00 1.00000000000000e+05 
6.79458239277648e+00 1.00000000000000e+05 
6.95259593679454e+00 1.00000000000000e+05 
7.11060948081260e+00 1.00000000000000e+05 
7.26862302483065e+00 1.00000000000000e+05 
7.42663656884871e+00 1.00000000000000e+05 
7.58465011286677e+00 1.00000000000000e+05 
7.74266365688483e+00 1.00000000000000e+05 
7.90067720090288e+00 1.00000000000000e+05 
8.05869074492094e+00 1.00000000000000e+05 
8.21670428893899e+00 1.00000000000000e+05 
8.37471783295705e+00 1.00000000000000e+05 
8.53273137697511e+00 1.00000000000000e+05 
8.69074492099316e+00 1.00000000000000e+05 
8.84875846501122e+00 1.00000000000000e+05 
9.00677200902927e+00 1.00000000000000e+05 
9.16478555304733e+00 1.00000000000000e+05 
9.32279909706538e+00 1.00000000000000e+05 
9.48081264108344e+00 1.00000000000000e+05 
9.63882618510150e+00 1.00000000000000e+05 
9.79683972911955e+00 1.00000000000000e+05 
9.95485327313761e+00 1.00000000000000e+05 
1.01128668171557e+01 1.00000000000000e+05 
1.02708803611737e+01 1.00000000000000e+05 
1.04288939051918e+01 1.00000000000000e+05 
1.05869074492098e+01 1.00000000000000e+05 
1.07449209932279e+01 1.00000000000000e+05 
1.09029345372459e+01 1.00000000000000e+05 
1.10609480812640e+01 1.00000000000000e+05 
1.12189616252821e+01 1.00000000000000e+05 
1.13769751693001e+01 1.00000000000000e+05 
1.15349887133182e+01 1.00000000000000e+05 
1.16930022573362e+01 1.00000000000000e+05 
1.18510158013543e+01 1.00000000000000e+05 
1.20090293453723e+01 1.00000000000000e+05 
1.21670428893904e+01 1.00000000000000e+05 
1.23250564334084e+01 1.00000000000000e+05 
1.24830699774265e+01 1.00000000000000e+05 
1.26410835214446e+01 1.00000000000000e+05 
1.27990970654626e+01 1.00000000000000e+05 
1.29571106094807e+01 1.00000000000000e+05 
1.31151241534987e+01 1.00000000000000e+05 
1.32731376975168e+01 1.00000000000000e+05 
1.34311512415348e+01 1.00000000000000e+05 
1.35891647855529e+01 1.00000000000000e+05 
1.37471783295709e+01 1.00000000000002e+05 
1.39051918735890e+01 1.00000000000012e+05 
1.40632054176071e+01 1.00000000000070e+05 
1.42212189616251e+01 1.00000000000299e+05 
1.43792325056432e+01 1.00000000005383e+05 
1.45372460496612e+01 1.00000000062202e+05 
1.46952595936793e+01 1.00000000458823e+05 
1.48532731376973e+01 1.00000000812058e+05 
1.50112866817154e+01 1.00000001402184e+05 
1.51693002257334e+01 1.00000002205470e+05 
1.53273137697515e+01 1.00000003792938e+05 
1.54853273137695e+01 1.00000006964584e+05 
1.56433408577876e+01 1.00000011969542e+05 
1.58013544018057e+01 1.00000019580736e+05 
1.59593679458237e+01 1.00000029059500e+05 
1.61173814898418e+01 1.00000044008281e+05 
1.62753950338598e+01 1.00000069362445e+05 
1.64334085778779e+01 1.00000113201623e+05 
1.65914221218959e+01 1.00000175238858e+05 
1.67494356659140e+01 1.00000261712655e+05 
1.69074492099320e+01 1.00000361554935e+05 
1.70654627539501e+01 1.00000504773399e+05 
1.72234762979681e+01 1.00000723493373e+05 
1.73814898419862e+01 1.00001068319424e+05 
1.75395033860043e+01 1.00001510436490e+05 
1.76975169300223e+01 1.00002070839933e+05 
1.78555304740404e+01 1.00002668222986e+05 
1.80135440180584e+01 1.00003447505945e+05 
1.81715575620765e+01 1.00004530256547e+05 
1.83295711060945e+01 1.00006083465643e+05 
1.84875846501126e+01 1.00007871356130e+05 
1.86455981941306e+01 1.00009897327792e+05 
1.88036117381487e+01 1.00011838011820e+05 
1.89616252821667e+01 1.00014050008641e+05 
1.91196388261848e+01 1.00016836424011e+05 
1.92776523702028e+01 1.00020384890620e+05 
1.94356659142209e+01 1.00023941275572e+05 
1.95936794582390e+01 1.00027356348870e+05 
1.97516930022570e+01 1.00030129490443e+05 
1.99097065462751e+01 1.00032713898842e+05 
2.00677200902931e+01 1.00035723689353e+05 
2.02257336343112e+01 1.00039123071546e+05 
2.03837471783292e+01 1.00042034503521e+05 
2.05417607223473e+01 1.00044277931839e+05 
2.06997742663653e+01 1.00045644766030e+05 
2.08577878103834e+01 1.00046311423906e+05 
2.10158013544014e+01 1.00047186348628e+05 
2.11738148984195e+01 1.00047937051303e+05 
2.13318284424376e+01 1.00048257339619e+05 
2.14898419864556e+01 1.00047914081480e+05 
2.16478555304737e+01 1.00047093881849e+05 
2.18058690744917e+01 1.00045549705789e+05 
2.19638826185098e+01 1.00044060376234e+05 
2.21218961625278e+01 1.00042140644705e+05 
2.22799097065459e+01 1.00040090838220e+05 
2.24379232505639e+01 1.00037619675122e+05 
2.25959367945820e+01 1.00035108012881e+05 
2.27539503386000e+01 1.00032048982267e+05 
2.29119638826181e+01 1.00028795694481e+05 
2.30699774266361e+01 1.00024852556413e+05 
2.32279909706542e+01 1.00020909725547e+05 
2.33860045146723e+01 1.00016660895232e+05 
2.35440180586903e+01 1.00012709927470e+05 
2.37020316027084e+01 1.00008404511991e+05 
2.38600451467264e+01 1.00003619822537e+05 
2.40180586907445e+01 9.99978630568610e+04 
2.41760722347625e+01 9.99922775849354e+04 
2.43340857787806e+01 9.99867597095265e+04 
2.44920993227986e+01 9.99819867354546e+04 
2.46501128668167e+01 9.99773301751518e+04 
2.48081264108347e+01 9.99720535290581e+04 
2.49661399548528e+01 9.99660518272490e+04 
2.51241534988708e+01 9.99605131622383e+04 
2.52821670428889e+01 9.99555726380658e+04 
2.54401805869069e+01 9.99517842805990e+04 
2.55981941309250e+01 9.99487402333352e+04 
2.57562076749430e+01 9.99453264767278e+04 
2.59142212189611e+01 9.99417850582995e+04 
2.60722347629791e+01 9.99388309912523e+04 
2.62302483069972e+01 9.99368207936641e+04 
2.63882618510153e+01 9.99359413093860e+04 
2.65462753950333e+01 9.99361622852181e+04 
2.67042889390514e+01 9.99362759367507e+04 
2.68623024830694e+01 9.99369352693960e+04 
2.70203160270875e+01 9.99379603395878e+04 
2.71783295711055e+01 9.99398045573377e+04 
2.73363431151236e+01 9.99421845635815e+04 
2.74943566591416e+01 9.99455398818694e+04 
2.76523702031597e+01 9.99490958605909e+04 
2.78103837471777e+01 9.99536822091074e+04 
2.79683972911958e+01 9.99582477145446e+04 
2.81264108352138e+01 9.99632940637947e+04 
2.82844243792319e+01 9.99681446857969e+04 
2.84424379232499e+01 9.99735423485908e+04 
2.86004514672680e+01 9.99794289747555e+04 
2.87584650112860e+01 9.99865647892347e+04 
2.89164785553041e+01 9.99932709493266e+04 
2.90744920993221e+01 9.99998667039810e+04 
2.92325056433402e+01 1.00005608302650e+05 
2.93905191873582e+01 1.00011178804875e+05 
2.95485327313763e+01 1.00017404894280e+05 
2.97065462753943e+01 1.00024453032033e+05 
2.98645598194124e+01 1.00030679654546e+05 
3.00225733634304e+01 1.00036153349326e+05 
3.01805869074485e+01 1.00040384945583e+05 
3.03386004514665e+01 1.00043667025837e+05 
3.04966139954843e+01 1.00047309846779e+05 
3.06546275395003e+01 1.00050998949822e+05 
3.08126410834971e+01 1.00053816238592e+05 
3.09706546272957e+01 1.00055568289285e+05 
3.11286681708936e+01 1.00056228393886e+05 
3.12866817143274e+01 1.00055611143408e+05 
3.14446952574723e+01 1.00055057799988e+05 
3.16027088001674e+01 1.00053791470391e+05 
3.17607223421364e+01 1.00052048540421e+05 
3.19187358832495e+01 1.00049484669857e+05 
3.20767494226194e+01 1.00046545026133e+05 
3.22347629599941e+01 1.00042553613405e+05 
3.23927764943706e+01 1.00038339096251e+05 
3.25507900239423e+01 1.00032995205201e+05 
3.27088035457829e+01 1.00027756518812e+05 
3.28668170595274e+01 1.00022214084261e+05 
3.30248305599181e+01 1.00017058713299e+05 
3.31828440425992e+01 1.00011431879228e+05 
3.33408575031136e+01 1.00005399548774e+05 
3.34988709293862e+01 9.99982221684667e+04 
3.36568843063214e+01 9.99915881106266e+04 
3.38148976325709e+01 9.99852138880453e+04 
3.39729108878444e+01 9.99797734570561e+04 
3.41309240403887e+01 9.99746093323356e+04 
3.42889370834585e+01 9.99688416445855e+04 
3.44469499667095e+01 9.99623188588899e+04 
3.46049626416154e+01 9.99565439438461e+04 
3.47629751094123e+01 9.99515039322305e+04 
3.49209873220811e+01 9.99476215471464e+04 
3.50789991793260e+01 9.99446259843768e+04 
3.52370106929348e+01 9.99411712112426e+04 
3.53950217552060e+01 9.99375175685697e+04 
3.55530322801683e+01 9.99345901702855e+04 
3.57110422484800e+01 9.99326045700151e+04 
3.58690516557028e+01 9.99317194270372e+04 
3.60270604042267e+01 9.99320483277620e+04 
3.61850684108629e+01 9.99321782936273e+04 
3.63430757025597e+01 9.99327948587891e+04 
3.65010821998343e+01 9.99339115041930e+04 
3.66590879149553e+01 9.99359315296118e+04 
3.68170929429180e+01 9.99385209359813e+04 
3.69750972659910e+01 9.99422456366619e+04 
3.71331008599683e+01 9.99460833127793e+04 
3.72911038794230e+01 9.99509581013922e+04 
3.74491063311914e+01 9.99559132514809e+04 
3.76071083058444e+01 9.99613648085296e+04 
3.77651096857588e+01 9.99665994601184e+04 
3.79231104073047e+01 9.99724749468228e+04 
3.80811109502943e+01 9.99787095234738e+04 
3.82391112062999e+01 9.99861976777237e+04 
3.83971111660317e+01 9.99932319329740e+04 
3.85551109656345e+01 1.00000135133970e+05 
3.87131105571401e+01 1.00006068126334e+05 
3.88711098652798e+01 1.00011872060735e+05 
3.90291090063081e+01 1.00018221386459e+05 
3.91871079803516e+01 1.00025387742680e+05 
3.93451069164122e+01 1.00031777534190e+05 
3.95031056072435e+01 1.00037419741490e+05 
3.96611044176520e+01 1.00041809905926e+05 
3.98191030871787e+01 1.00045350312381e+05 
3.99771018088401e+01 1.00049297481478e+05 
4.01351007074698e+01 1.00053458183662e+05 
4.02930997022155e+01 1.00056840849603e+05 
4.04510986021552e+01 1.00059303951868e+05 
4.06090971618161e+01 1.00060665534368e+05 
4.07670958737284e+01 1.00060857363099e+05 
4.09250951708767e+01 1.00061277044207e+05 
4.10830945501286e+01 1.00061332891468e+05 
4.12410939472816e+01 1.00060933907575e+05 
4.13990933807653e+01 1.00059709677231e+05 
4.15570928592266e+01 1.00057860708053e+05 
4.17150923413803e+01 1.00054990409772e+05 
4.18730918618998e+01 1.00052115425800e+05 
4.20310913871491e+01 1.00048424695992e+05 
4.21890909437351e+01 1.00044710643759e+05 
4.23470905543198e+01 1.00040500683832e+05 
4.25050902256413e+01 1.00036311536450e+05 
4.26630899184684e+01 1.00031486870225e+05 
4.28210896745392e+01 1.00026384427271e+05 
4.29790892602239e+01 1.00020268280023e+05 
4.31370888188632e+01 1.00014530663185e+05 
4.32950884109090e+01 1.00008744255347e+05 
4.34530877023690e+01 1.00003588044985e+05 
4.36110866376294e+01 9.99983757041222e+04 
4.37690854724754e+01 9.99927218655571e+04 
4.39270845035842e+01 9.99861863023373e+04 
4.40850833364672e+01 9.99802595248394e+04 
4.42430820276957e+01 9.99747924136718e+04 
4.44010804989590e+01 9.99703340159506e+04 
4.45590788134630e+01 9.99664464986434e+04 
4.47170770655565e+01 9.99620654535189e+04 
4.48750752148097e+01 9.99572474518238e+04 
4.50330732938293e+01 9.99531135712280e+04 
4.51910713795358e+01 9.99497852657304e+04 
4.53490693983586e+01 9.99475242927011e+04 
4.55070674106562e+01 9.99462533851925e+04 
4.56650653676240e+01 9.99447253890069e+04 
4.58230631625694e+01 9.99432929581128e+04 
4.59810608096228e+01 9.99424292171389e+04 
4.61390583312556e+01 9.99424364137866e+04 
4.62970557728472e+01 9.99432739938096e+04 
4.64550531385988e+01 9.99451612238500e+04 
4.66130504658573e+01 9.99470162823838e+04 
4.67710476910669e+01 9.99495413893838e+04 
4.69290448370875e+01 9.99522268648618e+04 
4.70870418817074e+01 9.99555652839187e+04 
4.72450388394929e+01 9.99590965181915e+04 
4.74030357844738e+01 9.99634485009119e+04 
4.75610327369803e+01 9.99679860396153e+04 
4.77190296641417e+01 9.99735430268571e+04 
4.78770265567167e+01 9.99789019877541e+04 
4.80350232907807e+01 9.99844323343210e+04 
4.81930199724646e+01 9.99894735050176e+04 
4.83510166821919e+01 9.99947848163143e+04 
4.85090134340476e+01 1.00000501660650e+05 
4.86670101864053e+01 1.00007196942522e+05 
4.88250069367958e+01 1.00013323070751e+05 
4.89830037017608e+01 1.00019067184630e+05 
4.91410003791622e+01 1.00023826151867e+05 
4.92989969712441e+01 1.00028176227492e+05 
4.94569936135427e+01 1.00032990831956e+05 
4.96149902571749e+01 1.00038356818638e+05 
4.97729869349215e+01 1.00043008384609e+05 
4.99309836461128e+01 1.00046887621809e+05 
5.00889804092298e+01 1.00049675173019e+05 
5.02469772586986e+01 1.00051526844305e+05 
5.04049742099479e+01 1.00053685079516e+05 
5.05629710368897e+01 1.00055868282577e+05 
5.07209677221875e+01 1.00057463881377e+05 
5.08789643925024e+01 1.00058191072666e+05 
5.10369611214738e+01 1.00058040665722e+05 
5.11949579837573e+01 1.00056849633082e+05 
5.13529549196390e+01 1.00055780696179e+05 
5.15109519220113e+01 1.00054191971168e+05 
5.16689490194469e+01 1.00052315884800e+05 
5.18269461871349e+01 1.00049824851822e+05 
5.19849434232851e+01 1.00046988214199e+05 
5.21429407955823e+01 1.00043264311563e+05 
5.23009380095267e+01 1.00039396645757e+05 
5.24589351151370e+01 1.00034649330729e+05 
5.26169322605497e+01 1.00029980177020e+05 
5.27749294397864e+01 1.00024998414049e+05 
5.29329267403186e+01 1.00020281275052e+05 
5.30909241439174e+01 1.00015121995431e+05 
5.32489216473604e+01 1.00009590247074e+05 
5.34069192807000e+01 1.00003016423900e+05 
5.35649170063727e+01 9.99969031175627e+04 
5.37229148023365e+01 9.99909573867128e+04 
5.38809127246988e+01 9.99858373364738e+04 
5.40389107877367e+01 9.99808885125679e+04 
5.41969089517492e+01 9.99753750991710e+04 
5.43549072484630e+01 9.99691346223967e+04 
5.45129054270051e+01 9.99635347598226e+04 
5.46709034516164e+01 9.99585722447967e+04 
5.48289014795824e+01 9.99546989710521e+04 
5.49868996507851e+01 9.99515839904374e+04 
5.51448978880694e+01 9.99480322063908e+04 
5.53028962526066e+01 9.99442670558997e+04 
5.54608947556885e+01 9.99411831010174e+04 
5.56188933188464e+01 9.99389626766926e+04 
5.57768920070724e+01 9.99377901731637e+04 
5.59348908650161e+01 9.99377040453074e+04 
5.60928898167026e+01 9.99374180003683e+04 
5.62508889037190e+01 9.99375383588979e+04 
5.64088881394332e+01 9.99381506192315e+04 
5.65668874484921e+01 9.99396200371393e+04 
5.67248868836807e+01 9.99416738243565e+04 
5.68828864893542e+01 9.99447440857950e+04 
5.70408861960338e+01 9.99478897017176e+04 
5.71988860391269e+01 9.99519217908046e+04 
5.73568857825965e+01 9.99560303585234e+04 
5.75148854374958e+01 9.99606332900401e+04 
5.76728851158728e+01 9.99651552469140e+04 
5.78308849012099e+01 9.99703250535542e+04 
5.79888847480601e+01 9.99758386197386e+04 
5.81468847532464e+01 9.99824599657709e+04 
5.83048848708051e+01 9.99887110026649e+04 
5.84628851001882e+01 9.99949418228487e+04 
5.86208854661624e+01 1.00000431190556e+05 
5.87788859510897e+01 1.00005921015996e+05 
5.89368865555350e+01 1.00011937598700e+05 
5.90948872830377e+01 1.00018752892171e+05 
5.92528880864323e+01 1.00024898287678e+05 
5.94108889302507e+01 1.00030439459426e+05 
5.95688898327881e+01 1.00034896829309e+05 
5.97268908041111e+01 1.00038665776218e+05 
5.98848918003332e+01 1.00042859336188e+05 
6.00428928680254e+01 1.00047295717446e+05 
6.02008940796456e+01 1.00050987876934e+05 
6.03588954725139e+01 1.00053830015107e+05 
6.05168971072922e+01 1.00055623436996e+05 
6.06748990531746e+01 1.00056343699984e+05 
6.08329010433522e+01 1.00057265914374e+05 
6.09909029438758e+01 1.00057886104343e+05 
6.11489044805151e+01 1.00058012267769e+05 
6.13069057727749e+01 1.00057303305203e+05 
6.14649070351632e+01 1.00055944440446e+05 
6.16229081384915e+01 1.00053572818761e+05 
6.17809092441211e+01 1.00051191704244e+05 
6.19389101339700e+01 1.00048057517349e+05 
6.20969109801752e+01 1.00044791801716e+05 
6.22549119387378e+01 1.00040996241381e+05 
6.24129129488496e+01 1.00037161863141e+05 
6.25709138861800e+01 1.00032642215413e+05 
6.27289151983368e+01 1.00027834726833e+05 
6.28869165870729e+01 1.00022055471160e+05 
6.30449181597254e+01 1.00016530698311e+05 
6.32029200758520e+01 1.00010907004865e+05 
6.33609221827735e+01 1.00005836213688e+05 
6.35189242560073e+01 1.00000616620094e+05 
6.36769260693996e+01 9.99949375485770e+04 
6.38349281051127e+01 9.99883654160773e+04 
6.39929298098694e+01 9.99823270070581e+04 
6.41509316615666e+01 9.99766940035168e+04 
6.43089337942408e+01 9.99720171494989e+04 
6.44669357869463e+01 9.99678061710056e+04 
6.46249374433373e+01 9.99631057662690e+04 
6.47829389136374e+01 9.99579419195576e+04 
6.49409399663625e+01 9.99534525736901e+04 
6.50989409632269e+01 9.99497659362196e+04 
6.52569421377169e+01 9.99471477541966e+04 
6.54149430085585e+01 9.99454702589376e+04 
6.55729437641150e+01 9.99435465271219e+04 
6.57309443638751e+01 9.99416779007520e+04 
6.58889448714392e+01 9.99404271556351e+04 
6.60469454271883e+01 9.99400809457684e+04 
6.62049458871531e+01 9.99406077964683e+04 
6.63629460911794e+01 9.99421797585836e+04 
6.65209461944869e+01 9.99437120305461e+04 
6.66789460139657e+01 9.99459738636650e+04 
6.68369454321013e+01 9.99484029338075e+04 
6.69949447414460e+01 9.99515185934739e+04 
6.71529441536746e+01 9.99548838115758e+04 
6.73109433241402e+01 9.99591200423939e+04 
6.74689424701647e+01 9.99635788142754e+04 
6.76269417991850e+01 9.99690409881676e+04 
6.77849410142811e+01 9.99743621711993e+04 
6.79429404441664e+01 9.99799157756274e+04 
6.81009399323400e+01 9.99850489362967e+04 
6.82589394467423e+01 9.99905174368930e+04 
6.84169390831585e+01 9.99964259873334e+04 
6.85749387125848e+01 1.00003313732148e+05 
6.87329381770452e+01 1.00009662702616e+05 
6.88909376719355e+01 1.00015669374898e+05 
6.90489371579850e+01 1.00020733904211e+05 
6.92069365995741e+01 1.00025450718409e+05 
6.93649360510441e+01 1.00030644414879e+05 
6.95229353740816e+01 1.00036368002079e+05 
6.96809345840638e+01 1.00041369854168e+05 
6.98389340499524e+01 1.00045611971533e+05 
6.99969337688401e+01 1.00048754526262e+05 
7.01549335087798e+01 1.00050993061343e+05 
7.03129334087804e+01 1.00053539869254e+05 
7.04709333808406e+01 1.00056075678978e+05 
7.06289333787524e+01 1.00057987255173e+05 
7.07869336204822e+01 1.00059004472017e+05 
7.09449340672215e+01 1.00059127588708e+05 
7.11029345997939e+01 1.00058194005061e+05 
7.12609350713582e+01 1.00057357779483e+05 
7.14189347160093e+01 1.00055967650929e+05 
7.15769336370085e+01 1.00054253911835e+05 
7.17349322495437e+01 1.00051901907958e+05 
7.18929307461385e+01 1.00049191601935e+05 
7.20509289766604e+01 1.00045572752806e+05 
7.22089272661357e+01 1.00041792835318e+05 
7.23669254718874e+01 1.00037139274943e+05 
7.25249235776293e+01 1.00032556160551e+05 
7.26829219494500e+01 1.00027667504339e+05 
7.28409203727508e+01 1.00023026268299e+05 
7.29989186538633e+01 1.00017938890492e+05 
7.31569171184710e+01 1.00012481543495e+05 
7.33149154807419e+01 1.00006034949889e+05 
7.34729138742871e+01 1.00000032985396e+05 
7.36309123482416e+01 9.99941888978158e+04 
7.37889111043111e+01 9.99891199284469e+04 
7.39469098644377e+01 9.99841935679037e+04 
7.41049087471577e+01 9.99787204509216e+04 
7.42629075233993e+01 9.99725584459393e+04 
7.44209062786759e+01 9.99670133764533e+04 
7.45789051660299e+01 9.99620673480073e+04 
7.47369040521852e+01 9.99581581560785e+04 
7.48949026971529e+01 9.99549580965335e+04 
7.50529013271319e+01 9.99513373949809e+04 
7.52109000002093e+01 9.99475084568474e+04 
7.53688985762336e+01 9.99443587220596e+04 
7.55268972581844e+01 9.99420494499240e+04 
7.56848960103278e+01 9.99407755727209e+04 
7.58428947255754e+01 9.99405643214086e+04 
7.60008936594136e+01 9.99401712167244e+04 
7.61588924322546e+01 9.99401549351904e+04 
7.63168911638559e+01 9.99406171829949e+04 
7.64748900450755e+01 9.99419158809663e+04 
7.66328890548658e+01 9.99438047283741e+04 
7.67908878834910e+01 9.99466857226133e+04 
7.69488867890563e+01 9.99496362417299e+04 
7.71068856575359e+01 9.99534247147251e+04 
7.72648846605642e+01 9.99573042851683e+04 
7.74228838477881e+01 9.99616859969087e+04 
7.75808832323467e+01 9.99660325399919e+04 
7.77388824246277e+01 9.99710216512551e+04 
7.78968816322887e+01 9.99763572096604e+04 
7.80548807011359e+01 9.99827435154610e+04 
7.82128796943324e+01 9.99887996768897e+04 
7.83708787081097e+01 9.99948724983015e+04 
7.85288777862713e+01 1.00000266002527e+05 
7.86868768060587e+01 1.00005692397784e+05 
7.88448759839678e+01 1.00011639816910e+05 
7.90028750293676e+01 1.00018380823660e+05 
7.91608740579794e+01 1.00024469872541e+05 
7.93188731240776e+01 1.00029999625271e+05 
7.94768722866737e+01 1.00034486928150e+05 
7.96348714744995e+01 1.00038335239774e+05 
7.97928707841639e+01 1.00042608557905e+05 
7.99508700431175e+01 1.00047147976851e+05 
8.01088692532010e+01 1.00050946760290e+05 
8.02668685571017e+01 1.00053914522580e+05 
8.04248679221742e+01 1.00055839219278e+05 
8.05828672895297e+01 1.00056715472652e+05 
8.07408668401889e+01 1.00057795097463e+05 
8.08988663183940e+01 1.00058607766275e+05 
8.10568658136689e+01 1.00058903604803e+05 
8.12148653641856e+01 1.00058351333047e+05 
8.13728650602450e+01 1.00057118007490e+05 
8.15308647094415e+01 1.00054858087915e+05 
8.16888645412167e+01 1.00052587088605e+05 
8.18468642992061e+01 1.00049606572317e+05 
8.20048640365115e+01 1.00046471447630e+05 
8.21628638878385e+01 1.00042800755751e+05 
8.23208638447879e+01 1.00039034976987e+05 
8.24788638290085e+01 1.00034548799881e+05 
8.26368639316287e+01 1.00029783279824e+05 
8.27948639928999e+01 1.00024083103990e+05 
8.29528640097892e+01 1.00018618136321e+05 
8.31108641257694e+01 1.00013039822323e+05 
8.32688643339817e+01 1.00007980114257e+05 
8.34268645003396e+01 1.00002735270833e+05 
8.35848648702901e+01 9.99970435827455e+04 
8.37428651207969e+01 9.99904717300614e+04 
8.39008653577218e+01 9.99844405246799e+04 
8.40588656514321e+01 9.99787974911040e+04 
8.42168660797810e+01 9.99740715550558e+04 
8.43748664504764e+01 9.99697563255648e+04 
8.45328669632765e+01 9.99649458999939e+04 
8.46908673910183e+01 9.99596604825257e+04 
8.48488677558302e+01 9.99550454916582e+04 
8.50068682338221e+01 9.99511905657692e+04 
8.51648687934220e+01 9.99484028894536e+04 
8.53228693020651e+01 9.99465089389886e+04 
8.54808699523303e+01 9.99443551402295e+04 
8.56388704750119e+01 9.99422091806792e+04 
8.57968709951201e+01 9.99406782082329e+04 
8.59548715414848e+01 9.99400659058613e+04 
8.61128721364377e+01 9.99403693974670e+04 
8.62708727179347e+01 9.99417079174096e+04 
8.64288733473842e+01 9.99429779030072e+04 
8.65868739800674e+01 9.99449094612798e+04 
8.67448745080638e+01 9.99471002364269e+04 
8.69028751837753e+01 9.99499475272952e+04 
8.70608758960404e+01 9.99530952132621e+04 
8.72188765860811e+01 9.99571344746143e+04 
8.73768773582707e+01 9.99613781568218e+04 
8.75348780012508e+01 9.99665888479916e+04 
8.76928786004829e+01 9.99716913312387e+04 
8.78508792441084e+01 9.99770704322262e+04 
8.80088800434000e+01 9.99821036779326e+04 
8.81668806916759e+01 9.99875290532785e+04 
8.83248814855233e+01 9.99933858508563e+04 
8.84828821285871e+01 1.00000277703005e+05 
8.86408826913246e+01 1.00006627338071e+05 
8.87988833442697e+01 1.00012699075488e+05 
8.89568840341034e+01 1.00017883492897e+05 
8.91148847006716e+01 1.00022799266345e+05 
8.92728853750260e+01 1.00028216438341e+05 
8.94308859501744e+01 1.00034213753625e+05 
8.95888863918260e+01 1.00039488722533e+05 
8.97468869365088e+01 1.00044035987941e+05 
8.99048875615784e+01 1.00047489781689e+05 
9.00628880436466e+01 1.00050089348765e+05 
9.02208886930447e+01 1.00053001534415e+05 
9.03788890986989e+01 1.00055957792172e+05 
9.05368894584843e+01 1.00058267912299e+05 
9.06948898189981e+01 1.00059682189668e+05 
9.08528902524989e+01 1.00060144563747e+05 
9.10108905775425e+01 1.00059538446947e+05 
9.11688909467955e+01 1.00059055102668e+05 
9.13268912145514e+01 1.00058049938180e+05 
9.14848913158008e+01 1.00056681415534e+05 
9.16428915822170e+01 1.00054601915537e+05 
9.18008918169298e+01 1.00052113615169e+05 
9.19588919708743e+01 1.00048678280105e+05 
9.21168922103786e+01 1.00045109747325e+05 
9.22748922710947e+01 1.00040664929715e+05 
9.24328922715071e+01 1.00036236550001e+05 
9.25908922911711e+01 1.00031457900859e+05 
9.27488924135160e+01 1.00026875437281e+05 
9.29068924081221e+01 1.00021766827919e+05 
9.30648924455409e+01 1.00016297386576e+05 
9.32228924177697e+01 1.00009839380476e+05 
9.33808923174738e+01 1.00003803842512e+05 
9.35388923127242e+01 9.99978882705262e+04 
9.36968923560327e+01 9.99927055790717e+04 
9.38548923989902e+01 9.99876104982770e+04 
9.40128924384549e+01 9.99819706611011e+04 
9.41708924405656e+01 9.99756054168727e+04 
9.43288923108054e+01 9.99698756645091e+04 
9.44868920599109e+01 9.99647120587504e+04 
9.46448916529606e+01 9.99605663094608e+04 
9.48028916076712e+01 9.99570847233352e+04 
9.49608914944496e+01 9.99531718569007e+04 
9.51188913057259e+01 9.99490081260588e+04 
9.52768912337209e+01 9.99455365964537e+04 
9.54348911411694e+01 9.99428958846172e+04 
9.55928911756063e+01 9.99413107259800e+04 
9.57508910635802e+01 9.99407824260509e+04 
9.59088910424678e+01 9.99400555272442e+04 
9.60668908867435e+01 9.99396560391523e+04 
9.62248906047757e+01 9.99397622624656e+04 
9.63828904827730e+01 9.99407442487646e+04 
9.65408903462501e+01 9.99423826235072e+04 
9.66988901623332e+01 9.99450442154993e+04 
9.68568900168082e+01 9.99477684507721e+04 
9.70148897240250e+01 9.99512958795344e+04 
9.71728892944551e+01 9.99549555682071e+04 
9.73308889047403e+01 9.99591623494415e+04 
9.74888886147520e+01 9.99633830907509e+04 
9.76468881266289e+01 9.99683041569593e+04 
9.78048877845412e+01 9.99735701295016e+04 
9.79628871957190e+01 9.99798466839554e+04 
9.81208865399089e+01 9.99858409134649e+04 
9.82788858937054e+01 9.99919048687098e+04 
9.84368853019583e+01 9.99973443426624e+04 
9.85948846206375e+01 1.00002882721490e+05 
9.87528839618249e+01 1.00008942177479e+05 
9.89108832001843e+01 1.00015836522963e+05 
9.90688822583182e+01 1.00022091269740e+05 
9.92268814607112e+01 1.00027832072885e+05 
9.93848806720824e+01 1.00032552305916e+05 
9.95428797821141e+01 1.00036696980403e+05 
9.97008790097915e+01 1.00041293535537e+05 
9.98588780603129e+01 1.00046211197565e+05 
1.00016877088879e+02 1.00050378144170e+05 
