# Liste des scalaires : TEMPS pmat 
0.00000000000000e+00 1.00000000000000e+05 
1.58013544018059e-01 1.00000000000000e+05 
3.16027088036117e-01 1.00000000000000e+05 
4.74040632054176e-01 1.00000000000000e+05 
6.32054176072234e-01 1.00000000000000e+05 
7.90067720090293e-01 1.00000000000000e+05 
9.48081264108351e-01 1.00000000000000e+05 
1.10609480812641e+00 1.00000000000000e+05 
1.26410835214447e+00 1.00000000000000e+05 
1.42212189616253e+00 1.00000000000000e+05 
1.58013544018058e+00 1.00000000000000e+05 
1.73814898419864e+00 1.00000000000000e+05 
1.89616252821670e+00 1.00000000000000e+05 
2.05417607223476e+00 1.00000000000000e+05 
2.21218961625282e+00 1.00000000000000e+05 
2.37020316027087e+00 1.00000000000000e+05 
2.52821670428893e+00 1.00000000000000e+05 
2.68623024830699e+00 1.00000000000000e+05 
2.84424379232505e+00 1.00000000000000e+05 
3.00225733634311e+00 1.00000000000000e+05 
3.16027088036116e+00 1.00000000000000e+05 
3.31828442437922e+00 1.00000000000000e+05 
3.47629796839728e+00 1.00000000000000e+05 
3.63431151241534e+00 1.00000000000000e+05 
3.79232505643340e+00 1.00000000000000e+05 
3.95033860045145e+00 1.00000000000000e+05 
4.10835214446951e+00 1.00000000000000e+05 
4.26636568848757e+00 1.00000000000000e+05 
4.42437923250563e+00 1.00000000000000e+05 
4.58239277652368e+00 1.00000000000000e+05 
4.74040632054174e+00 1.00000000000000e+05 
4.89841986455980e+00 1.00000000000000e+05 
5.05643340857786e+00 1.00000000000000e+05 
5.21444695259591e+00 1.00000000000000e+05 
5.37246049661397e+00 1.00000000000000e+05 
5.53047404063203e+00 1.00000000000000e+05 
5.68848758465009e+00 1.00000000000000e+05 
5.84650112866814e+00 1.00000000000000e+05 
6.00451467268620e+00 1.00000000000000e+05 
6.16252821670426e+00 1.00000000000000e+05 
6.32054176072231e+00 1.00000000000000e+05 
6.47855530474037e+00 1.00000000000000e+05 
6.63656884875843e+00 1.00000000000000e+05 
6.79458239277648e+00 1.00000000000000e+05 
6.95259593679454e+00 1.00000000000000e+05 
7.11060948081260e+00 1.00000000000000e+05 
7.26862302483065e+00 1.00000000000000e+05 
7.42663656884871e+00 1.00000000000000e+05 
7.58465011286677e+00 1.00000000000000e+05 
7.74266365688483e+00 1.00000000000000e+05 
7.90067720090288e+00 1.00000000000000e+05 
8.05869074492094e+00 1.00000000000000e+05 
8.21670428893899e+00 1.00000000000000e+05 
8.37471783295705e+00 1.00000000000000e+05 
8.53273137697511e+00 1.00000000000000e+05 
8.69074492099316e+00 1.00000000000000e+05 
8.84875846501122e+00 1.00000000000000e+05 
9.00677200902927e+00 1.00000000000000e+05 
9.16478555304733e+00 1.00000000000000e+05 
9.32279909706538e+00 1.00000000000000e+05 
9.48081264108344e+00 1.00000000000000e+05 
9.63882618510150e+00 1.00000000000000e+05 
9.79683972911955e+00 1.00000000000000e+05 
9.95485327313761e+00 1.00000000000000e+05 
1.01128668171557e+01 1.00000000000000e+05 
1.02708803611737e+01 1.00000000000000e+05 
1.04288939051918e+01 1.00000000000000e+05 
1.05869074492098e+01 1.00000000000000e+05 
1.07449209932279e+01 1.00000000000000e+05 
1.09029345372459e+01 1.00000000000000e+05 
1.10609480812640e+01 1.00000000000000e+05 
1.12189616252821e+01 1.00000000000000e+05 
1.13769751693001e+01 1.00000000000000e+05 
1.15349887133182e+01 1.00000000000000e+05 
1.16930022573362e+01 1.00000000000000e+05 
1.18510158013543e+01 1.00000000000000e+05 
1.20090293453723e+01 1.00000000000000e+05 
1.21670428893904e+01 1.00000000000000e+05 
1.23250564334084e+01 1.00000000000000e+05 
1.24830699774265e+01 1.00000000000000e+05 
1.26410835214446e+01 1.00000000000000e+05 
1.27990970654626e+01 1.00000000000000e+05 
1.29571106094807e+01 1.00000000000000e+05 
1.31151241534987e+01 1.00000000000000e+05 
1.32731376975168e+01 1.00000000000000e+05 
1.34311512415348e+01 1.00000000000000e+05 
1.35891647855529e+01 1.00000000000000e+05 
1.37471783295709e+01 1.00000000000000e+05 
1.39051918735890e+01 1.00000000000000e+05 
1.40632054176071e+01 1.00000000000000e+05 
1.42212189616251e+01 1.00000000000000e+05 
1.43792325056432e+01 1.00000000000000e+05 
1.45372460496612e+01 1.00000000000000e+05 
1.46952595936793e+01 1.00000000000000e+05 
1.48532731376973e+01 1.00000000000000e+05 
1.50112866817154e+01 1.00000000000000e+05 
1.51693002257334e+01 1.00000000000000e+05 
1.53273137697515e+01 1.00000000000000e+05 
1.54853273137695e+01 1.00000000000000e+05 
1.56433408577876e+01 1.00000000000000e+05 
1.58013544018057e+01 1.00000000000000e+05 
1.59593679458237e+01 1.00000000000000e+05 
1.61173814898418e+01 1.00000000000000e+05 
1.62753950338598e+01 1.00000000000000e+05 
1.64334085778779e+01 1.00000000000000e+05 
1.65914221218959e+01 1.00000000000000e+05 
1.67494356659140e+01 1.00000000000000e+05 
1.69074492099320e+01 1.00000000000000e+05 
1.70654627539501e+01 1.00000000000000e+05 
1.72234762979681e+01 1.00000000000000e+05 
1.73814898419862e+01 1.00000000000000e+05 
1.75395033860043e+01 1.00000000000000e+05 
1.76975169300223e+01 1.00000000000000e+05 
1.78555304740404e+01 1.00000000000000e+05 
1.80135440180584e+01 1.00000000000000e+05 
1.81715575620765e+01 1.00000000000000e+05 
1.83295711060945e+01 1.00000000000000e+05 
1.84875846501126e+01 1.00000000000000e+05 
1.86455981941306e+01 1.00000000000000e+05 
1.88036117381487e+01 1.00000000000000e+05 
1.89616252821667e+01 1.00000000000000e+05 
1.91196388261848e+01 1.00000000000000e+05 
1.92776523702028e+01 1.00000000000000e+05 
1.94356659142209e+01 1.00000000000000e+05 
1.95936794582390e+01 1.00000000000000e+05 
1.97516930022570e+01 1.00000000000000e+05 
1.99097065462751e+01 1.00000000000000e+05 
2.00677200902931e+01 1.00000000000000e+05 
2.02257336343112e+01 1.00000000000000e+05 
2.03837471783292e+01 1.00000000000000e+05 
2.05417607223473e+01 1.00000000000000e+05 
2.06997742663653e+01 1.00000000000000e+05 
2.08577878103834e+01 1.00000000000000e+05 
2.10158013544014e+01 1.00000000000000e+05 
2.11738148984195e+01 1.00000000000000e+05 
2.13318284424376e+01 1.00000000000000e+05 
2.14898419864556e+01 1.00000000000000e+05 
2.16478555304737e+01 1.00000000000000e+05 
2.18058690744917e+01 1.00000000000000e+05 
2.19638826185098e+01 1.00000000000000e+05 
2.21218961625278e+01 1.00000000000000e+05 
2.22799097065459e+01 1.00000000000000e+05 
2.24379232505639e+01 1.00000000000000e+05 
2.25959367945820e+01 1.00000000000000e+05 
2.27539503386000e+01 1.00000000000000e+05 
2.29119638826181e+01 1.00000000000000e+05 
2.30699774266361e+01 1.00000000000000e+05 
2.32279909706542e+01 1.00000000000000e+05 
2.33860045146723e+01 1.00000000000000e+05 
2.35440180586903e+01 1.00000000000000e+05 
2.37020316027084e+01 1.00000000000000e+05 
2.38600451467264e+01 1.00000000000000e+05 
2.40180586907445e+01 1.00000000000000e+05 
2.41760722347625e+01 1.00000000000000e+05 
2.43340857787806e+01 1.00000000000000e+05 
2.44920993227986e+01 1.00000000000000e+05 
2.46501128668167e+01 1.00000000000000e+05 
2.48081264108347e+01 1.00000000000000e+05 
2.49661399548528e+01 1.00000000000000e+05 
2.51241534988708e+01 1.00000000000000e+05 
2.52821670428889e+01 1.00000000000000e+05 
2.54401805869069e+01 1.00000000000000e+05 
2.55981941309250e+01 1.00000000000000e+05 
2.57562076749430e+01 1.00000000000000e+05 
2.59142212189611e+01 1.00000000000000e+05 
2.60722347629791e+01 1.00000000000000e+05 
2.62302483069972e+01 1.00000000000000e+05 
2.63882618510153e+01 1.00000000000000e+05 
2.65462753950333e+01 1.00000000000000e+05 
2.67042889390514e+01 1.00000000000000e+05 
2.68623024830694e+01 1.00000000000000e+05 
2.70203160270875e+01 1.00000000000000e+05 
2.71783295711055e+01 1.00000000000000e+05 
2.73363431151236e+01 1.00000000000000e+05 
2.74943566591416e+01 1.00000000000000e+05 
2.76523702031597e+01 1.00000000000000e+05 
2.78103837471777e+01 1.00000000000000e+05 
2.79683972911958e+01 1.00000000000000e+05 
2.81264108352138e+01 1.00000000000000e+05 
2.82844243792319e+01 1.00000000000000e+05 
2.84424379232499e+01 1.00000000000000e+05 
2.86004514672680e+01 1.00000000000000e+05 
2.87584650112860e+01 1.00000000000000e+05 
2.89164785553041e+01 1.00000000000000e+05 
2.90744920993221e+01 1.00000000000000e+05 
2.92325056433402e+01 1.00000000000000e+05 
2.93905191873582e+01 1.00000000000000e+05 
2.95485327313763e+01 1.00000000000000e+05 
2.97065462753943e+01 1.00000000000000e+05 
2.98645598194124e+01 1.00000000000000e+05 
3.00225733634304e+01 1.00000000000000e+05 
3.01805869074485e+01 1.00000000000000e+05 
3.03386004514665e+01 1.00000000000000e+05 
3.04966139954843e+01 1.00000000000000e+05 
3.06546275395003e+01 1.00000000000000e+05 
3.08126410834971e+01 1.00000000000000e+05 
3.09706546272957e+01 1.00000000000000e+05 
3.11286681708936e+01 1.00000000000000e+05 
3.12866817143274e+01 1.00000000000000e+05 
3.14446952574723e+01 1.00000000000000e+05 
3.16027088001674e+01 1.00000000000000e+05 
3.17607223421364e+01 1.00000000000000e+05 
3.19187358832495e+01 1.00000000000000e+05 
3.20767494226194e+01 1.00000000000000e+05 
3.22347629599941e+01 1.00000000000000e+05 
3.23927764943706e+01 1.00000000000000e+05 
3.25507900239423e+01 1.00000000000000e+05 
3.27088035457829e+01 1.00000000000001e+05 
3.28668170595274e+01 1.00000000000001e+05 
3.30248305599181e+01 1.00000000000005e+05 
3.31828440425992e+01 1.00000000000013e+05 
3.33408575031136e+01 1.00000000000128e+05 
3.34988709293862e+01 1.00000000000408e+05 
3.36568843063214e+01 1.00000000001356e+05 
3.38148976325709e+01 1.00000000001949e+05 
3.39729108878444e+01 1.00000000006974e+05 
3.41309240403887e+01 1.00000000055456e+05 
3.42889370834585e+01 1.00000000357410e+05 
3.44469499667095e+01 1.00000000845202e+05 
3.46049626416154e+01 1.00000001022949e+05 
3.47629751094123e+01 1.00000001586048e+05 
3.49209873220811e+01 1.00000002259597e+05 
3.50789991793260e+01 1.00000003431645e+05 
3.52370106929348e+01 1.00000005446394e+05 
3.53950217552060e+01 1.00000008313712e+05 
3.55530322801683e+01 1.00000012635196e+05 
3.57110422484800e+01 1.00000018243380e+05 
3.58690516557028e+01 1.00000026607322e+05 
3.60270604042267e+01 1.00000038607997e+05 
3.61850684108629e+01 1.00000057610960e+05 
3.63430757025597e+01 1.00000082913029e+05 
3.65010821998343e+01 1.00000118952470e+05 
3.66590879149553e+01 1.00000163543994e+05 
3.68170929429180e+01 1.00000225088466e+05 
3.69750972659910e+01 1.00000307800814e+05 
3.71331008599683e+01 1.00000426414496e+05 
3.72911038794230e+01 1.00000572583402e+05 
3.74491063311914e+01 1.00000763405094e+05 
3.76071083058444e+01 1.00000986546527e+05 
3.77651096857588e+01 1.00001267244616e+05 
3.79231104073047e+01 1.00001611270312e+05 
3.80811109502943e+01 1.00002045723832e+05 
3.82391112062999e+01 1.00002528314941e+05 
3.83971111660317e+01 1.00003091935793e+05 
3.85551109656345e+01 1.00003702854299e+05 
3.87131105571401e+01 1.00004390103818e+05 
3.88711098652798e+01 1.00005148462476e+05 
3.90291090063081e+01 1.00005970684850e+05 
3.91871079803516e+01 1.00006779267902e+05 
3.93451069164122e+01 1.00007636337597e+05 
3.95031056072435e+01 1.00008501021839e+05 
3.96611044176520e+01 1.00009383803783e+05 
3.98191030871787e+01 1.00010263328297e+05 
3.99771018088401e+01 1.00011065694916e+05 
4.01351007074698e+01 1.00011761428320e+05 
4.02930997022155e+01 1.00012450508116e+05 
4.04510986021552e+01 1.00013120826686e+05 
4.06090971618161e+01 1.00013733354651e+05 
4.07670958737284e+01 1.00014273881327e+05 
4.09250951708767e+01 1.00014602215329e+05 
4.10830945501286e+01 1.00014771266811e+05 
4.12410939472816e+01 1.00014926760809e+05 
4.13990933807653e+01 1.00015069085265e+05 
4.15570928592266e+01 1.00015119444553e+05 
4.17150923413803e+01 1.00015058849241e+05 
4.18730918618998e+01 1.00014720872641e+05 
4.20310913871491e+01 1.00014245677283e+05 
4.21890909437351e+01 1.00013744013895e+05 
4.23470905543198e+01 1.00013247107656e+05 
4.25050902256413e+01 1.00012664320040e+05 
4.26630899184684e+01 1.00011969661149e+05 
4.28210896745392e+01 1.00011016299982e+05 
4.29790892602239e+01 1.00009964465425e+05 
4.31370888188632e+01 1.00008895916195e+05 
4.32950884109090e+01 1.00007860131895e+05 
4.34530877023690e+01 1.00006772324193e+05 
4.36110866376294e+01 1.00005607202179e+05 
4.37690854724754e+01 1.00004282070796e+05 
4.39270845035842e+01 1.00002923414279e+05 
4.40850833364672e+01 1.00001578304449e+05 
4.42430820276957e+01 1.00000277834621e+05 
4.44010804989590e+01 9.99989786928270e+04 
4.45590788134630e+01 9.99976649587287e+04 
4.47170770655565e+01 9.99963421846948e+04 
4.48750752148097e+01 9.99950812184850e+04 
4.50330732938293e+01 9.99938464662487e+04 
4.51910713795358e+01 9.99926644507436e+04 
4.53490693983586e+01 9.99915478683632e+04 
4.55070674106562e+01 9.99904824875118e+04 
4.56650653676240e+01 9.99895611670457e+04 
4.58230631625694e+01 9.99887909087333e+04 
4.59810608096228e+01 9.99880551618513e+04 
4.61390583312556e+01 9.99873497696015e+04 
4.62970557728472e+01 9.99867614725111e+04 
4.64550531385988e+01 9.99862804600948e+04 
4.66130504658573e+01 9.99860844163061e+04 
4.67710476910669e+01 9.99860699174448e+04 
4.69290448370875e+01 9.99860629415534e+04 
4.70870418817074e+01 9.99860712414475e+04 
4.72450388394929e+01 9.99862074737326e+04 
4.74030357844738e+01 9.99864830478647e+04 
4.75610327369803e+01 9.99870897246688e+04 
4.77190296641417e+01 9.99878370507936e+04 
4.78770265567167e+01 9.99885971162638e+04 
4.80350232907807e+01 9.99893297999557e+04 
4.81930199724646e+01 9.99901606190850e+04 
4.83510166821919e+01 9.99911234530457e+04 
4.85090134340476e+01 9.99923406885139e+04 
4.86670101864053e+01 9.99936181534493e+04 
4.88250069367958e+01 9.99948745165672e+04 
4.89830037017608e+01 9.99960637081085e+04 
4.91410003791622e+01 9.99972828060219e+04 
4.92989969712441e+01 9.99985476143131e+04 
4.94569936135427e+01 9.99999048067748e+04 
4.96149902571749e+01 1.00001242975760e+05 
4.97729869349215e+01 1.00002523020455e+05 
4.99309836461128e+01 1.00003720123415e+05 
5.00889804092298e+01 1.00004875529651e+05 
5.02469772586986e+01 1.00005991094044e+05 
5.04049742099479e+01 1.00007026093694e+05 
5.05629710368897e+01 1.00007954424727e+05 
5.07209677221875e+01 1.00008823394341e+05 
5.08789643925024e+01 1.00009627444879e+05 
5.10369611214738e+01 1.00010324465881e+05 
5.11949579837573e+01 1.00010924462488e+05 
5.13529549196390e+01 1.00011300589858e+05 
5.15109519220113e+01 1.00011530282879e+05 
5.16689490194469e+01 1.00011707914223e+05 
5.18269461871349e+01 1.00011852119532e+05 
5.19849434232851e+01 1.00011849955626e+05 
5.21429407955823e+01 1.00011714219593e+05 
5.23009380095267e+01 1.00011269004324e+05 
5.24589351151370e+01 1.00010692230436e+05 
5.26169322605497e+01 1.00010058885612e+05 
5.27749294397864e+01 1.00009419707818e+05 
5.29329267403186e+01 1.00008659011004e+05 
5.30909241439174e+01 1.00007759916837e+05 
5.32489216473604e+01 1.00006580522727e+05 
5.34069192807000e+01 1.00005305831006e+05 
5.35649170063727e+01 1.00004019162993e+05 
5.37229148023365e+01 1.00002765720712e+05 
5.38809127246988e+01 1.00001446100415e+05 
5.40389107877367e+01 1.00000039408470e+05 
5.41969089517492e+01 9.99985006037126e+04 
5.43549072484630e+01 9.99969713657931e+04 
5.45129054270051e+01 9.99954628558521e+04 
5.46709034516164e+01 9.99940196768103e+04 
5.48289014795824e+01 9.99925905276324e+04 
5.49868996507851e+01 9.99911774343241e+04 
5.51448978880694e+01 9.99898327116633e+04 
5.53028962526066e+01 9.99886097620490e+04 
5.54608947556885e+01 9.99874377851324e+04 
5.56188933188464e+01 9.99863262792768e+04 
5.57768920070724e+01 9.99853141670703e+04 
5.59348908650161e+01 9.99844066234687e+04 
5.60928898167026e+01 9.99837627275464e+04 
5.62508889037190e+01 9.99832976826230e+04 
5.64088881394332e+01 9.99828800580372e+04 
5.65668874484921e+01 9.99824912485514e+04 
5.67248868836807e+01 9.99822735177474e+04 
5.68828864893542e+01 9.99821967476458e+04 
5.70408861960338e+01 9.99825018221395e+04 
5.71988860391269e+01 9.99829848673064e+04 
5.73568857825965e+01 9.99835115105466e+04 
5.75148854374958e+01 9.99840359540027e+04 
5.76728851158728e+01 9.99847015556507e+04 
5.78308849012099e+01 9.99855222248641e+04 
5.79888847480601e+01 9.99867138496247e+04 
5.81468847532464e+01 9.99880502158916e+04 
5.83048848708051e+01 9.99893800666546e+04 
5.84628851001882e+01 9.99906593644540e+04 
5.86208854661624e+01 9.99920229614628e+04 
5.87788859510897e+01 9.99935002468672e+04 
5.89368865555350e+01 9.99951915988856e+04 
5.90948872830377e+01 9.99969120431631e+04 
5.92528880864323e+01 9.99985898323325e+04 
5.94108889302507e+01 1.00000177640001e+05 
5.95688898327881e+01 1.00001749096209e+05 
5.97268908041111e+01 1.00003334013990e+05 
5.98848918003332e+01 1.00004914646200e+05 
6.00428928680254e+01 1.00006410623450e+05 
6.02008940796456e+01 1.00007826366650e+05 
6.03588954725139e+01 1.00009155731866e+05 
6.05168971072922e+01 1.00010397451016e+05 
6.06748990531746e+01 1.00011560064777e+05 
6.08329010433522e+01 1.00012531603082e+05 
6.09909029438758e+01 1.00013332274460e+05 
6.11489044805151e+01 1.00014093687046e+05 
6.13069057727749e+01 1.00014814613077e+05 
6.14649070351632e+01 1.00015401472009e+05 
6.16229081384915e+01 1.00015861257676e+05 
6.17809092441211e+01 1.00016004235994e+05 
6.19389101339700e+01 1.00015996110459e+05 
6.20969109801752e+01 1.00015972739907e+05 
6.22549119387378e+01 1.00015964878313e+05 
6.24129129488496e+01 1.00015822466785e+05 
6.25709138861800e+01 1.00015515671643e+05 
6.27289151983368e+01 1.00014843404986e+05 
6.28869165870729e+01 1.00014038805758e+05 
6.30449181597254e+01 1.00013208904249e+05 
6.32029200758520e+01 1.00012411766621e+05 
6.33609221827735e+01 1.00011489462819e+05 
6.35189242560073e+01 1.00010416017620e+05 
6.36769260693996e+01 1.00009011399685e+05 
6.38349281051127e+01 1.00007521087618e+05 
6.39929298098694e+01 1.00006041874184e+05 
6.41509316615666e+01 1.00004615378067e+05 
6.43089337942408e+01 1.00003128694748e+05 
6.44669357869463e+01 1.00001549094182e+05 
6.46249374433373e+01 9.99998274788514e+04 
6.47829389136374e+01 9.99981158088770e+04 
6.49409399663625e+01 9.99964314418400e+04 
6.50989409632269e+01 9.99948031212372e+04 
6.52569421377169e+01 9.99931941315918e+04 
6.54149430085585e+01 9.99915931912158e+04 
6.55729437641150e+01 9.99900734088924e+04 
6.57309443638751e+01 9.99886613831677e+04 
6.58889448714392e+01 9.99872947054524e+04 
6.60469454271883e+01 9.99859744609545e+04 
6.62049458871531e+01 9.99847463164145e+04 
6.63629460911794e+01 9.99836365212570e+04 
6.65209461944869e+01 9.99828319920968e+04 
6.66789460139657e+01 9.99822095135580e+04 
6.68369454321013e+01 9.99816183451418e+04 
6.69949447414460e+01 9.99810524034524e+04 
6.71529441536746e+01 9.99806586735427e+04 
6.73109433241402e+01 9.99804397119080e+04 
6.74689424701647e+01 9.99806659859032e+04 
6.76269417991850e+01 9.99810791372803e+04 
6.77849410142811e+01 9.99815293362962e+04 
6.79429404441664e+01 9.99819740316037e+04 
6.81009399323400e+01 9.99825746761056e+04 
6.82589394467423e+01 9.99833974349071e+04 
6.84169390831585e+01 9.99846472598520e+04 
6.85749387125848e+01 9.99860035490320e+04 
6.87329381770452e+01 9.99873762132549e+04 
6.88909376719355e+01 9.99886974033431e+04 
6.90489371579850e+01 9.99901019853344e+04 
6.92069365995741e+01 9.99916369224376e+04 
6.93649360510441e+01 9.99934408528218e+04 
6.95229353740816e+01 9.99952739873899e+04 
6.96809345840638e+01 9.99970651008836e+04 
6.98389340499524e+01 9.99987909161507e+04 
6.99969337688401e+01 1.00000491566498e+05 
7.01549335087798e+01 1.00002238270866e+05 
7.03129334087804e+01 1.00003991355380e+05 
7.04709333808406e+01 1.00005667351121e+05 
7.06289333787524e+01 1.00007290410574e+05 
7.07869336204822e+01 1.00008853828169e+05 
7.09449340672215e+01 1.00010321574106e+05 
7.11029345997939e+01 1.00011712060312e+05 
7.12609350713582e+01 1.00012876425753e+05 
7.14189347160093e+01 1.00013888086278e+05 
7.15769336370085e+01 1.00014853589316e+05 
7.17349322495437e+01 1.00015785192132e+05 
7.18929307461385e+01 1.00016549603173e+05 
7.20509289766604e+01 1.00017150140959e+05 
7.22089272661357e+01 1.00017333075288e+05 
7.23669254718874e+01 1.00017337778553e+05 
7.25249235776293e+01 1.00017298405773e+05 
7.26829219494500e+01 1.00017239981323e+05 
7.28409203727508e+01 1.00016993611501e+05 
7.29989186538633e+01 1.00016507561462e+05 
7.31569171184710e+01 1.00015548369580e+05 
7.33149154807419e+01 1.00014448054955e+05 
7.34729138742871e+01 1.00013299946971e+05 
7.36309123482416e+01 1.00012160761049e+05 
7.37889111043111e+01 1.00010877977145e+05 
7.39469098644377e+01 1.00009413684792e+05 
7.41049087471577e+01 1.00007596608704e+05 
7.42629075233993e+01 1.00005715651176e+05 
7.44209062786759e+01 1.00003850348252e+05 
7.45789051660299e+01 1.00002041650582e+05 
7.47369040521852e+01 1.00000199962299e+05 
7.48949026971529e+01 9.99982815563902e+04 
7.50529013271319e+01 9.99963061130273e+04 
7.52109000002093e+01 9.99943876238898e+04 
7.53688985762336e+01 9.99925232922186e+04 
7.55268972581844e+01 9.99907365119127e+04 
7.56848960103278e+01 9.99890334403108e+04 
7.58428947255754e+01 9.99873988667476e+04 
7.60008936594136e+01 9.99859756558800e+04 
7.61588924322546e+01 9.99847106400858e+04 
7.63168911638559e+01 9.99835155421613e+04 
7.64748900450755e+01 9.99823763981586e+04 
7.66328890548658e+01 9.99814033441372e+04 
7.67908878834910e+01 9.99806019135564e+04 
7.69488867890563e+01 9.99802318585132e+04 
7.71068856575359e+01 9.99800532788212e+04 
7.72648846605642e+01 9.99799283375990e+04 
7.74228838477881e+01 9.99798304377094e+04 
7.75808832323467e+01 9.99799051453451e+04 
7.77388824246277e+01 9.99802299978391e+04 
7.78968816322887e+01 9.99810364690048e+04 
7.80548807011359e+01 9.99819955546244e+04 
7.82128796943324e+01 9.99829963559065e+04 
7.83708787081097e+01 9.99839757063281e+04 
7.85288777862713e+01 9.99850918954873e+04 
7.86868768060587e+01 9.99863859849541e+04 
7.88448759839678e+01 9.99880687615997e+04 
7.90028750293676e+01 9.99898431801729e+04 
7.91608740579794e+01 9.99915894920943e+04 
7.93188731240776e+01 9.99932698726997e+04 
7.94768722866737e+01 9.99949860005275e+04 
7.96348714744995e+01 9.99967937982562e+04 
7.97928707841639e+01 9.99987294294634e+04 
7.99508700431175e+01 1.00000641770759e+05 
8.01088692532010e+01 1.00002504124567e+05 
8.02668685571017e+01 1.00004288078048e+05 
8.04248679221742e+01 1.00006007464362e+05 
8.05828672895297e+01 1.00007688680620e+05 
8.07408668401889e+01 1.00009235405531e+05 
8.08988663183940e+01 1.00010656368751e+05 
8.10568658136689e+01 1.00012012909154e+05 
8.12148653641856e+01 1.00013309577129e+05 
8.13728650602450e+01 1.00014467148869e+05 
8.15308647094415e+01 1.00015476967681e+05 
8.16888645412167e+01 1.00016134232310e+05 
8.18468642992061e+01 1.00016601689976e+05 
8.20048640365115e+01 1.00017023793349e+05 
8.21628638878385e+01 1.00017428037318e+05 
8.23208638447879e+01 1.00017649172402e+05 
8.24788638290085e+01 1.00017653956903e+05 
8.26368639316287e+01 1.00017197080577e+05 
8.27948639928999e+01 1.00016577650739e+05 
8.29528640097892e+01 1.00015913005248e+05 
8.31108641257694e+01 1.00015257294082e+05 
8.32688643339817e+01 1.00014442850896e+05 
8.34268645003396e+01 1.00013438390362e+05 
8.35848648702901e+01 1.00012020899012e+05 
8.37428651207969e+01 1.00010485428674e+05 
8.39008653577218e+01 1.00008959240907e+05 
8.40588656514321e+01 1.00007482762953e+05 
8.42168660797810e+01 1.00005924131959e+05 
8.43748664504764e+01 1.00004238659000e+05 
8.45328669632765e+01 1.00002357322813e+05 
8.46908673910183e+01 1.00000460792554e+05 
8.48488677558302e+01 9.99985947058206e+04 
8.50068682338221e+01 9.99967995110249e+04 
8.51648687934220e+01 9.99950247520019e+04 
8.53228693020651e+01 9.99932426797443e+04 
8.54808699523303e+01 9.99915262055484e+04 
8.56388704750119e+01 9.99899122503996e+04 
8.57968709951201e+01 9.99883627166417e+04 
8.59548715414848e+01 9.99868786658182e+04 
8.61128721364377e+01 9.99855013267976e+04 
8.62708727179347e+01 9.99842518220849e+04 
8.64288733473842e+01 9.99833090674858e+04 
8.65868739800674e+01 9.99825444950870e+04 
8.67448745080638e+01 9.99818324775113e+04 
8.69028751837753e+01 9.99811626305007e+04 
8.70608758960404e+01 9.99806834600653e+04 
8.72188765860811e+01 9.99803819063995e+04 
8.73768773582707e+01 9.99805458923001e+04 
8.75348780012508e+01 9.99808911672782e+04 
8.76928786004829e+01 9.99812997998423e+04 
8.78508792441084e+01 9.99817151853806e+04 
8.80088800434000e+01 9.99822990184045e+04 
8.81668806916759e+01 9.99830849844113e+04 
8.83248814855233e+01 9.99843274337992e+04 
8.84828821285871e+01 9.99857143753337e+04 
8.86408826913246e+01 9.99871048058984e+04 
8.87988833442697e+01 9.99884556254991e+04 
8.89568840341034e+01 9.99899071287911e+04 
8.91148847006716e+01 9.99915079712090e+04 
8.92728853750260e+01 9.99933719892226e+04 
8.94308859501744e+01 9.99952778201434e+04 
8.95888863918260e+01 9.99971566095967e+04 
8.97468869365088e+01 9.99989677542434e+04 
8.99048875615784e+01 1.00000771888838e+05 
9.00628880436466e+01 1.00002616987203e+05 
9.02208886930447e+01 1.00004460099355e+05 
9.03788890986989e+01 1.00006226844487e+05 
9.05368894584843e+01 1.00007935015880e+05 
9.06948898189981e+01 1.00009576231429e+05 
9.08528902524989e+01 1.00011121106400e+05 
9.10108905775425e+01 1.00012580613573e+05 
9.11688909467955e+01 1.00013796097864e+05 
9.13268912145514e+01 1.00014840614563e+05 
9.14848913158008e+01 1.00015835710774e+05 
9.16428915822170e+01 1.00016788902362e+05 
9.18008918169298e+01 1.00017563873362e+05 
9.19588919708743e+01 1.00018162497042e+05 
9.21168922103786e+01 1.00018318174231e+05 
9.22748922710947e+01 1.00018308392223e+05 
9.24328922715071e+01 1.00018257207016e+05 
9.25908922911711e+01 1.00018188474495e+05 
9.27488924135160e+01 1.00017946022441e+05 
9.29068924081221e+01 1.00017472959408e+05 
9.30648924455409e+01 1.00016546459663e+05 
9.32228924177697e+01 1.00015475346491e+05 
9.33808923174738e+01 1.00014373534718e+05 
9.35388923127242e+01 1.00013297002388e+05 
9.36968923560327e+01 1.00012090346463e+05 
9.38548923989902e+01 1.00010716008536e+05 
9.40128924384549e+01 1.00008996889239e+05 
9.41708924405656e+01 1.00007197702140e+05 
9.43288923108054e+01 1.00005419426026e+05 
9.44868920599109e+01 1.00003699060576e+05 
9.46448916529606e+01 1.00001940406982e+05 
9.48028916076712e+01 1.00000100318120e+05 
9.49608914944496e+01 9.99981707297642e+04 
9.51188913057259e+01 9.99962760482440e+04 
9.52768912337209e+01 9.99944251041406e+04 
9.54348911411694e+01 9.99926454673725e+04 
9.55928911756063e+01 9.99909283815187e+04 
9.57508910635802e+01 9.99892710192485e+04 
9.59088910424678e+01 9.99877858705936e+04 
9.60668908867435e+01 9.99864414931196e+04 
9.62248906047757e+01 9.99851576953140e+04 
9.63828904827730e+01 9.99839278271063e+04 
9.65408903462501e+01 9.99828607628050e+04 
9.66988901623332e+01 9.99819479204015e+04 
9.68568900168082e+01 9.99814372328592e+04 
9.70148897240250e+01 9.99811144789827e+04 
9.71728892944551e+01 9.99808432720019e+04 
9.73308889047403e+01 9.99806026859815e+04 
9.74888886147520e+01 9.99805413807257e+04 
9.76468881266289e+01 9.99807197424780e+04 
9.78048877845412e+01 9.99813848303323e+04 
9.79628871957190e+01 9.99822101356657e+04 
9.81208865399089e+01 9.99830832657841e+04 
9.82788858937054e+01 9.99839498040663e+04 
9.84368853019583e+01 9.99849727932475e+04 
9.85948846206375e+01 9.99861840843879e+04 
9.87528839618249e+01 9.99878019320364e+04 
9.89108832001843e+01 9.99895279486437e+04 
9.90688822583182e+01 9.99912383106551e+04 
9.92268814607112e+01 9.99928933168442e+04 
9.93848806720824e+01 9.99946090302402e+04 
9.95428797821141e+01 9.99964297087134e+04 
9.97008790097915e+01 9.99984112390874e+04 
9.98588780603129e+01 1.00000381964093e+05 
1.00016877088879e+02 1.00002306412333e+05 
