# Liste des scalaires : TEMPS pmat 
0.00000000000000e+00 1.00000000000000e+05 
1.58013544018059e-01 1.00000000000000e+05 
3.16027088036117e-01 1.00000000000000e+05 
4.74040632054176e-01 1.00000000000000e+05 
6.32054176072234e-01 1.00000000000000e+05 
7.90067720090293e-01 1.00000000000000e+05 
9.48081264108351e-01 1.00000000000000e+05 
1.10609480812641e+00 1.00000000435500e+05 
1.26410835214447e+00 1.00000015707489e+05 
1.42212189616253e+00 1.00000034990746e+05 
1.58013544018058e+00 1.00000118224384e+05 
1.73814898419864e+00 1.00000508711625e+05 
1.89616252821670e+00 1.00002424756395e+05 
2.05417607223476e+00 1.00007717369936e+05 
2.21218961625282e+00 1.00018059485854e+05 
2.37020316027087e+00 1.00034112410083e+05 
2.52821670428893e+00 1.00058607835868e+05 
2.68623024830699e+00 1.00090155104757e+05 
2.84424379232505e+00 1.00123923405466e+05 
3.00225733634311e+00 1.00156155689607e+05 
3.16027088036116e+00 1.00181325662508e+05 
3.31828442437922e+00 1.00202398247450e+05 
3.47629796839728e+00 1.00223283806813e+05 
3.63431151241534e+00 1.00246441279876e+05 
3.79232505643340e+00 1.00268253320840e+05 
3.95033860045145e+00 1.00285676896422e+05 
4.10835214446951e+00 1.00294868541984e+05 
4.26636568848757e+00 1.00299710662020e+05 
4.42437923250563e+00 1.00304422555067e+05 
4.58239277652368e+00 1.00309060440992e+05 
4.74040632054174e+00 1.00311048282062e+05 
4.89841986455980e+00 1.00307590621122e+05 
5.05643340857786e+00 1.00296863216244e+05 
5.21444695259591e+00 1.00282660659148e+05 
5.37246049661397e+00 1.00269120580292e+05 
5.53047404063203e+00 1.00254659639376e+05 
5.68848758465009e+00 1.00237324240312e+05 
5.84650112866814e+00 1.00216748527733e+05 
6.00451467268620e+00 1.00192469367304e+05 
6.16252821670426e+00 1.00166499166539e+05 
6.32054176072231e+00 1.00141730184383e+05 
6.47855530474037e+00 1.00116519108702e+05 
6.63656884875843e+00 1.00091105546306e+05 
6.79458239277648e+00 1.00065783286807e+05 
6.95259593679454e+00 1.00042071273119e+05 
7.11060948081260e+00 1.00020422271133e+05 
7.26862302483065e+00 1.00001173663618e+05 
7.42663656884871e+00 9.99807769811959e+04 
7.58465011286677e+00 9.99600511408794e+04 
7.74266365688483e+00 9.99398126252371e+04 
7.90067720090288e+00 9.99228478209814e+04 
8.05869074492094e+00 9.99084558736926e+04 
8.21670428893899e+00 9.98945732538952e+04 
8.37471783295705e+00 9.98779475706993e+04 
8.53273137697511e+00 9.98605171525298e+04 
8.69074492099316e+00 9.98438892487479e+04 
8.84875846501122e+00 9.98312050852324e+04 
9.00677200902927e+00 9.98204560484413e+04 
9.16478555304733e+00 9.98092188806733e+04 
9.32279909706538e+00 9.97963305495407e+04 
9.48081264108344e+00 9.97834144102621e+04 
9.63882618510150e+00 9.97731564781874e+04 
9.79683972911955e+00 9.97679142884876e+04 
9.95485327313761e+00 9.97660131692184e+04 
1.01128668171557e+01 9.97644110989781e+04 
1.02708803611737e+01 9.97626468098261e+04 
1.04288939051918e+01 9.97625499083747e+04 
1.05869074492098e+01 9.97653073639773e+04 
1.07449209932279e+01 9.97731154335939e+04 
1.09029345372459e+01 9.97825963378180e+04 
1.10609480812640e+01 9.97924149346844e+04 
1.12189616252821e+01 9.98034897377225e+04 
1.13769751693001e+01 9.98169128276317e+04 
1.15349887133182e+01 9.98320725520121e+04 
1.16930022573362e+01 9.98482352238161e+04 
1.18510158013543e+01 9.98647073786715e+04 
1.20090293453723e+01 9.98817107978343e+04 
1.21670428893904e+01 9.99004041156411e+04 
1.23250564334084e+01 9.99213136441760e+04 
1.24830699774265e+01 9.99420337010274e+04 
1.26410835214446e+01 9.99601467015953e+04 
1.27990970654626e+01 9.99760399233668e+04 
1.29571106094807e+01 9.99915169998996e+04 
1.31151241534987e+01 1.00007401250044e+05 
1.32731376975168e+01 1.00024402394912e+05 
1.34311512415348e+01 1.00039339815805e+05 
1.35891647855529e+01 1.00050183512073e+05 
1.37471783295709e+01 1.00058333841852e+05 
1.39051918735890e+01 1.00066760137462e+05 
1.40632054176071e+01 1.00075168803389e+05 
1.42212189616251e+01 1.00084705172131e+05 
1.43792325056432e+01 1.00092005847714e+05 
1.45372460496612e+01 1.00095237746049e+05 
1.46952595936793e+01 1.00096056237555e+05 
1.48532731376973e+01 1.00097566144330e+05 
1.50112866817154e+01 1.00098048703334e+05 
1.51693002257334e+01 1.00098956265028e+05 
1.53273137697515e+01 1.00097634594411e+05 
1.54853273137695e+01 1.00093566360662e+05 
1.56433408577876e+01 1.00088712586671e+05 
1.58013544018057e+01 1.00084534379968e+05 
1.59593679458237e+01 1.00078122368384e+05 
1.61173814898418e+01 1.00071334998259e+05 
1.62753950338598e+01 1.00064612126194e+05 
1.64334085778779e+01 1.00057179036347e+05 
1.65914221218959e+01 1.00050164544963e+05 
1.67494356659140e+01 1.00044068323912e+05 
1.69074492099320e+01 1.00034922707221e+05 
1.70654627539501e+01 1.00025041572471e+05 
1.72234762979681e+01 1.00014592381661e+05 
1.73814898419862e+01 1.00004727340120e+05 
1.75395033860043e+01 9.99972308548983e+04 
1.76975169300223e+01 9.99908350001722e+04 
1.78555304740404e+01 9.99813054684035e+04 
1.80135440180584e+01 9.99698896771150e+04 
1.81715575620765e+01 9.99581227019799e+04 
1.83295711060945e+01 9.99480584677274e+04 
1.84875846501126e+01 9.99411583814223e+04 
1.86455981941306e+01 9.99346615050088e+04 
1.88036117381487e+01 9.99260971226899e+04 
1.89616252821667e+01 9.99155793647123e+04 
1.91196388261848e+01 9.99055033583981e+04 
1.92776523702028e+01 9.98982123570596e+04 
1.94356659142209e+01 9.98938527422768e+04 
1.95936794582390e+01 9.98895168714777e+04 
1.97516930022570e+01 9.98839431837921e+04 
1.99097065462751e+01 9.98780872570659e+04 
2.00677200902931e+01 9.98744087064403e+04 
2.02257336343112e+01 9.98739358434743e+04 
2.03837471783292e+01 9.98758243817068e+04 
2.05417607223473e+01 9.98780599971305e+04 
2.06997742663653e+01 9.98804820992637e+04 
2.08577878103834e+01 9.98832339721905e+04 
2.10158013544014e+01 9.98876210384551e+04 
2.11738148984195e+01 9.98937653243435e+04 
2.13318284424376e+01 9.99007676205589e+04 
2.14898419864556e+01 9.99084066455414e+04 
2.16478555304737e+01 9.99175048655039e+04 
2.18058690744917e+01 9.99281491935712e+04 
2.19638826185098e+01 9.99400813873913e+04 
2.21218961625278e+01 9.99520736264718e+04 
2.22799097065459e+01 9.99629886307946e+04 
2.24379232505639e+01 9.99740078819023e+04 
2.25959367945820e+01 9.99863101650436e+04 
2.27539503386000e+01 1.00000579220340e+05 
2.29119638826181e+01 1.00015112656156e+05 
2.30699774266361e+01 1.00027889552604e+05 
2.32279909706542e+01 1.00038267511823e+05 
2.33860045146723e+01 1.00048041887163e+05 
2.35440180586903e+01 1.00057244289369e+05 
2.37020316027084e+01 1.00067431998766e+05 
2.38600451467264e+01 1.00076157234736e+05 
2.40180586907445e+01 1.00082444898212e+05 
2.41760722347625e+01 1.00087127242088e+05 
2.43340857787806e+01 1.00092847979461e+05 
2.44920993227986e+01 1.00097736809943e+05 
2.46501128668167e+01 1.00102997946793e+05 
2.48081264108347e+01 1.00106490491862e+05 
2.49661399548528e+01 1.00107412194286e+05 
2.51241534988708e+01 1.00107116594700e+05 
2.52821670428889e+01 1.00107538231705e+05 
2.54401805869069e+01 1.00106164603633e+05 
2.55981941309250e+01 1.00104802794891e+05 
2.57562076749430e+01 1.00102271460298e+05 
2.59142212189611e+01 1.00096889148952e+05 
2.60722347629791e+01 1.00092887389631e+05 
2.62302483069972e+01 1.00089696698260e+05 
2.63882618510153e+01 1.00084173942056e+05 
2.65462753950333e+01 1.00077256442761e+05 
2.67042889390514e+01 1.00069792033877e+05 
2.68623024830694e+01 1.00061929160279e+05 
2.70203160270875e+01 1.00055336337514e+05 
2.71783295711055e+01 1.00049374232913e+05 
2.73363431151236e+01 1.00040329981532e+05 
2.74943566591416e+01 1.00028979913567e+05 
2.76523702031597e+01 1.00017116669428e+05 
2.78103837471777e+01 1.00006191255974e+05 
2.79683972911958e+01 9.99979993775983e+04 
2.81264108352138e+01 9.99903054878731e+04 
2.82844243792319e+01 9.99795488955625e+04 
2.84424379232499e+01 9.99660599002920e+04 
2.86004514672680e+01 9.99517729178688e+04 
2.87584650112860e+01 9.99394195156695e+04 
2.89164785553041e+01 9.99295344874210e+04 
2.90744920993221e+01 9.99197235157330e+04 
2.92325056433402e+01 9.99083299159300e+04 
2.93905191873582e+01 9.98952753611288e+04 
2.95485327313763e+01 9.98840416547450e+04 
2.97065462753943e+01 9.98763595756368e+04 
2.98645598194124e+01 9.98718380584062e+04 
3.00225733634304e+01 9.98679737989914e+04 
3.01805869074485e+01 9.98642542834494e+04 
3.03386004514665e+01 9.98601054147607e+04 
3.04966139954843e+01 9.98582846555674e+04 
3.06546275395003e+01 9.98596978367179e+04 
3.08126410834971e+01 9.98628745440553e+04 
3.09706546272957e+01 9.98663339120950e+04 
3.11286681708936e+01 9.98709849804444e+04 
3.12866817143274e+01 9.98765961179899e+04 
3.14446952574723e+01 9.98835102943089e+04 
3.16027088001674e+01 9.98927372701794e+04 
3.17607223421364e+01 9.99032168206808e+04 
3.19187358832495e+01 9.99153817260537e+04 
3.20767494226194e+01 9.99292614131432e+04 
3.22347629599941e+01 9.99435795115345e+04 
3.23927764943706e+01 9.99581046014038e+04 
3.25507900239423e+01 9.99718864801972e+04 
3.27088035457829e+01 9.99843978022875e+04 
3.28668170595274e+01 9.99975467858348e+04 
3.30248305599181e+01 1.00012715763936e+05 
3.31828440425992e+01 1.00028917840805e+05 
3.33408575031136e+01 1.00044125780300e+05 
3.34988709293862e+01 1.00056147536446e+05 
3.36568843063214e+01 1.00064827415657e+05 
3.38148976325709e+01 1.00073441662592e+05 
3.39729108878444e+01 1.00082382314937e+05 
3.41309240403887e+01 1.00092195798003e+05 
3.42889370834585e+01 1.00100570441990e+05 
3.44469499667095e+01 1.00106297159903e+05 
3.46049626416154e+01 1.00109796211293e+05 
3.47629751094123e+01 1.00113882025089e+05 
3.49209873220811e+01 1.00117109110752e+05 
3.50789991793260e+01 1.00119641672730e+05 
3.52370106929348e+01 1.00120140925489e+05 
3.53950217552060e+01 1.00117736016252e+05 
3.55530322801683e+01 1.00114530871454e+05 
3.57110422484800e+01 1.00112035938789e+05 
3.58690516557028e+01 1.00107583125638e+05 
3.60270604042267e+01 1.00101594598362e+05 
3.61850684108629e+01 1.00094747313563e+05 
3.63430757025597e+01 1.00087066560510e+05 
3.65010821998343e+01 1.00080065874821e+05 
3.66590879149553e+01 1.00074171122677e+05 
3.68170929429180e+01 1.00065987802759e+05 
3.69750972659910e+01 1.00055532930896e+05 
3.71331008599683e+01 1.00044377205100e+05 
3.72911038794230e+01 1.00033317355265e+05 
3.74491063311914e+01 1.00024337743523e+05 
3.76071083058444e+01 1.00016302344491e+05 
3.77651096857588e+01 1.00005876369115e+05 
3.79231104073047e+01 9.99924325850275e+04 
3.80811109502943e+01 9.99782516135265e+04 
3.82391112062999e+01 9.99652884367641e+04 
3.83971111660317e+01 9.99548500792285e+04 
3.85551109656345e+01 9.99446900011386e+04 
3.87131105571401e+01 9.99326373962630e+04 
3.88711098652798e+01 9.99177131316206e+04 
3.90291090063081e+01 9.99033417081094e+04 
3.91871079803516e+01 9.98918636321285e+04 
3.93451069164122e+01 9.98838235027211e+04 
3.95031056072435e+01 9.98765203118416e+04 
3.96611044176520e+01 9.98690896945518e+04 
3.98191030871787e+01 9.98601137025345e+04 
3.99771018088401e+01 9.98533494452725e+04 
4.01351007074698e+01 9.98504646831340e+04 
4.02930997022155e+01 9.98504204273403e+04 
4.04510986021552e+01 9.98514238051975e+04 
4.06090971618161e+01 9.98535188898630e+04 
4.07670958737284e+01 9.98543220903140e+04 
4.09250951708767e+01 9.98566158080254e+04 
4.10830945501286e+01 9.98628879416371e+04 
4.12410939472816e+01 9.98700866648406e+04 
4.13990933807653e+01 9.98785230267304e+04 
4.15570928592266e+01 9.98898068020969e+04 
4.17150923413803e+01 9.99017509297589e+04 
4.18730918618998e+01 9.99149987182671e+04 
4.20310913871491e+01 9.99286856162845e+04 
4.21890909437351e+01 9.99413606614357e+04 
4.23470905543198e+01 9.99543577446418e+04 
4.25050902256413e+01 9.99698085813495e+04 
4.26630899184684e+01 9.99862462722033e+04 
4.28210896745392e+01 1.00002745072943e+05 
4.29790892602239e+01 1.00017380264089e+05 
4.31370888188632e+01 1.00029726942946e+05 
4.32950884109090e+01 1.00042062156299e+05 
4.34530877023690e+01 1.00055726176166e+05 
4.36110866376294e+01 1.00069107093262e+05 
4.37690854724754e+01 1.00080725873183e+05 
4.39270845035842e+01 1.00089074108176e+05 
4.40850833364672e+01 1.00094863104210e+05 
4.42430820276957e+01 1.00101386172542e+05 
4.44010804989590e+01 1.00108509559483e+05 
4.45590788134630e+01 1.00115254157576e+05 
4.47170770655565e+01 1.00120143208711e+05 
4.48750752148097e+01 1.00122025859516e+05 
4.50330732938293e+01 1.00121983616247e+05 
4.51910713795358e+01 1.00122575692382e+05 
4.53490693983586e+01 1.00122481968364e+05 
4.55070674106562e+01 1.00121580077539e+05 
4.56650653676240e+01 1.00118474122448e+05 
4.58230631625694e+01 1.00112680714652e+05 
4.59810608096228e+01 1.00106875878006e+05 
4.61390583312556e+01 1.00101948708556e+05 
4.62970557728472e+01 1.00096234168636e+05 
4.64550531385988e+01 1.00088669456245e+05 
4.66130504658573e+01 1.00080267831359e+05 
4.67710476910669e+01 1.00070855869820e+05 
4.69290448370875e+01 1.00062129735113e+05 
4.70870418817074e+01 1.00054588631559e+05 
4.72450388394929e+01 1.00045856405682e+05 
4.74030357844738e+01 1.00034785654279e+05 
4.75610327369803e+01 1.00023285860672e+05 
4.77190296641417e+01 1.00012228671187e+05 
4.78770265567167e+01 1.00003012438061e+05 
4.80350232907807e+01 9.99939867424572e+04 
4.81930199724646e+01 9.99828300345617e+04 
4.83510166821919e+01 9.99682754781937e+04 
4.85090134340476e+01 9.99534679216288e+04 
4.86670101864053e+01 9.99411946310206e+04 
4.88250069367958e+01 9.99311495125005e+04 
4.89830037017608e+01 9.99212863251734e+04 
4.91410003791622e+01 9.99106848665857e+04 
4.92989969712441e+01 9.98975545106633e+04 
4.94569936135427e+01 9.98858974153734e+04 
4.96149902571749e+01 9.98778010064189e+04 
4.97729869349215e+01 9.98729006866910e+04 
4.99309836461128e+01 9.98690005493644e+04 
5.00889804092298e+01 9.98661561273217e+04 
5.02469772586986e+01 9.98616359456085e+04 
5.04049742099479e+01 9.98590410900437e+04 
5.05629710368897e+01 9.98595074897397e+04 
5.07209677221875e+01 9.98615113808405e+04 
5.08789643925024e+01 9.98643433161536e+04 
5.10369611214738e+01 9.98694706485534e+04 
5.11949579837573e+01 9.98741111022198e+04 
5.13529549196390e+01 9.98807946867529e+04 
5.15109519220113e+01 9.98892364237882e+04 
5.16689490194469e+01 9.98984658141652e+04 
5.18269461871349e+01 9.99097315742556e+04 
5.19849434232851e+01 9.99245110275877e+04 
5.21429407955823e+01 9.99392643360699e+04 
5.23009380095267e+01 9.99539517023899e+04 
5.24589351151370e+01 9.99674988871107e+04 
5.26169322605497e+01 9.99792180552245e+04 
5.27749294397864e+01 9.99916397050685e+04 
5.29329267403186e+01 1.00007501628195e+05 
5.30909241439174e+01 1.00024039918655e+05 
5.32489216473604e+01 1.00039687691202e+05 
5.34069192807000e+01 1.00052287126290e+05 
5.35649170063727e+01 1.00061275211092e+05 
5.37229148023365e+01 1.00070506758064e+05 
5.38809127246988e+01 1.00080835568408e+05 
5.40389107877367e+01 1.00091628724136e+05 
5.41969089517492e+01 1.00100929219908e+05 
5.43549072484630e+01 1.00107192106636e+05 
5.45129054270051e+01 1.00110685993326e+05 
5.46709034516164e+01 1.00114954334706e+05 
5.48289014795824e+01 1.00119770204075e+05 
5.49868996507851e+01 1.00123771514738e+05 
5.51448978880694e+01 1.00125771021154e+05 
5.53028962526066e+01 1.00124529656871e+05 
5.54608947556885e+01 1.00121477460798e+05 
5.56188933188464e+01 1.00119235294285e+05 
5.57768920070724e+01 1.00116486208868e+05 
5.59348908650161e+01 1.00112224270619e+05 
5.60928898167026e+01 1.00106629329188e+05 
5.62508889037190e+01 1.00099618414968e+05 
5.64088881394332e+01 1.00092472102562e+05 
5.65668874484921e+01 1.00086242660249e+05 
5.67248868836807e+01 1.00078789455242e+05 
5.68828864893542e+01 1.00069125148950e+05 
5.70408861960338e+01 1.00058710072623e+05 
5.71988860391269e+01 1.00048106125124e+05 
5.73568857825965e+01 1.00038947289152e+05 
5.75148854374958e+01 1.00030641823184e+05 
5.76728851158728e+01 1.00020757291308e+05 
5.78308849012099e+01 1.00007660715532e+05 
5.79888847480601e+01 9.99938787858711e+04 
5.81468847532464e+01 9.99812938311676e+04 
5.83048848708051e+01 9.99710804687933e+04 
5.84628851001882e+01 9.99611257665671e+04 
5.86208854661624e+01 9.99497862673487e+04 
5.87788859510897e+01 9.99350042623700e+04 
5.89368865555350e+01 9.99207773280498e+04 
5.90948872830377e+01 9.99091189022132e+04 
5.92528880864323e+01 9.99003630744180e+04 
5.94108889302507e+01 9.98920641327494e+04 
5.95688898327881e+01 9.98842898628958e+04 
5.97268908041111e+01 9.98746789735964e+04 
5.98848918003332e+01 9.98671117174429e+04 
6.00428928680254e+01 9.98630314461786e+04 
6.02008940796456e+01 9.98612986718019e+04 
6.03588954725139e+01 9.98605814840994e+04 
6.05168971072922e+01 9.98616597322717e+04 
6.06748990531746e+01 9.98612049829526e+04 
6.08329010433522e+01 9.98623291797670e+04 
6.09909029438758e+01 9.98662373099643e+04 
6.11489044805151e+01 9.98715616405993e+04 
6.13069057727749e+01 9.98777559212721e+04 
6.14649070351632e+01 9.98873637847425e+04 
6.16229081384915e+01 9.98972434629150e+04 
6.17809092441211e+01 9.99087022232619e+04 
6.19389101339700e+01 9.99214720328109e+04 
6.20969109801752e+01 9.99332810646097e+04 
6.22549119387378e+01 9.99452986227454e+04 
6.24129129488496e+01 9.99603948584911e+04 
6.25709138861800e+01 9.99761068516926e+04 
6.27289151983368e+01 9.99918489454737e+04 
6.28869165870729e+01 1.00006161911615e+05 
6.30449181597254e+01 1.00018266265524e+05 
6.32029200758520e+01 1.00030539723407e+05 
6.33609221827735e+01 1.00045294747582e+05 
6.35189242560073e+01 1.00059830882446e+05 
6.36769260693996e+01 1.00072568002260e+05 
6.38349281051127e+01 1.00081446176553e+05 
6.39929298098694e+01 1.00087859015242e+05 
6.41509316615666e+01 1.00094449643614e+05 
6.43089337942408e+01 1.00102632903206e+05 
6.44669357869463e+01 1.00110771709144e+05 
6.46249374433373e+01 1.00117084751987e+05 
6.47829389136374e+01 1.00120188619544e+05 
6.49409399663625e+01 1.00120647649783e+05 
6.50989409632269e+01 1.00121342068736e+05 
6.52569421377169e+01 1.00122280210187e+05 
6.54149430085585e+01 1.00122652252710e+05 
6.55729437641150e+01 1.00121130285759e+05 
6.57309443638751e+01 1.00116973700663e+05 
6.58889448714392e+01 1.00111595066320e+05 
6.60469454271883e+01 1.00106376122724e+05 
6.62049458871531e+01 1.00100368521975e+05 
6.63629460911794e+01 1.00093645901326e+05 
6.65209461944869e+01 1.00086337739122e+05 
6.66789460139657e+01 1.00077848831926e+05 
6.68369454321013e+01 1.00069573685803e+05 
6.69949447414460e+01 1.00061949554260e+05 
6.71529441536746e+01 1.00052982141600e+05 
6.73109433241402e+01 1.00041534654734e+05 
6.74689424701647e+01 1.00029450555164e+05 
6.76269417991850e+01 1.00017984738603e+05 
6.77849410142811e+01 1.00008463982873e+05 
6.79429404441664e+01 9.99993957279537e+04 
6.81009399323400e+01 9.99887497283892e+04 
6.82589394467423e+01 9.99747216951472e+04 
6.84169390831585e+01 9.99602095684554e+04 
6.85749387125848e+01 9.99477390205204e+04 
6.87329381770452e+01 9.99375942078412e+04 
6.88909376719355e+01 9.99273803721217e+04 
6.90489371579850e+01 9.99165642162222e+04 
6.92069365995741e+01 9.99034729206640e+04 
6.93649360510441e+01 9.98915580562757e+04 
6.95229353740816e+01 9.98829891762099e+04 
6.96809345840638e+01 9.98774044102809e+04 
6.98389340499524e+01 9.98727243667571e+04 
6.99969337688401e+01 9.98694669894933e+04 
7.01549335087798e+01 9.98647662876429e+04 
7.03129334087804e+01 9.98618444326121e+04 
7.04709333808406e+01 9.98617084349375e+04 
7.06289333787524e+01 9.98631115533065e+04 
7.07869336204822e+01 9.98652525770709e+04 
7.09449340672215e+01 9.98699568179832e+04 
7.11029345997939e+01 9.98741637536773e+04 
7.12609350713582e+01 9.98802122375886e+04 
7.14189347160093e+01 9.98877808719404e+04 
7.15769336370085e+01 9.98959693578457e+04 
7.17349322495437e+01 9.99058749921650e+04 
7.18929307461385e+01 9.99198889919025e+04 
7.20509289766604e+01 9.99343708056359e+04 
7.22089272661357e+01 9.99490520031872e+04 
7.23669254718874e+01 9.99625290043714e+04 
7.25249235776293e+01 9.99738546679284e+04 
7.26829219494500e+01 9.99855574913362e+04 
7.28409203727508e+01 1.00001061520872e+05 
7.29989186538633e+01 1.00017803906064e+05 
7.31569171184710e+01 1.00034080708668e+05 
7.33149154807419e+01 1.00047175769397e+05 
7.34729138742871e+01 1.00056560957906e+05 
7.36309123482416e+01 1.00065925198337e+05 
7.37889111043111e+01 1.00077253149276e+05 
7.39469098644377e+01 1.00089027955458e+05 
7.41049087471577e+01 1.00099120974561e+05 
7.42629075233993e+01 1.00105820983681e+05 
7.44209062786759e+01 1.00109588190926e+05 
7.45789051660299e+01 1.00114010331920e+05 
7.47369040521852e+01 1.00119440597300e+05 
7.48949026971529e+01 1.00124351049234e+05 
7.50529013271319e+01 1.00127168539230e+05 
7.52109000002093e+01 1.00126754704928e+05 
7.53688985762336e+01 1.00124183022533e+05 
7.55268972581844e+01 1.00122073661332e+05 
7.56848960103278e+01 1.00119638410158e+05 
7.58428947255754e+01 1.00116383591540e+05 
7.60008936594136e+01 1.00111761980205e+05 
7.61588924322546e+01 1.00105460005030e+05 
7.63168911638559e+01 1.00098454726458e+05 
7.64748900450755e+01 1.00091688877203e+05 
7.66328890548658e+01 1.00083785296770e+05 
7.67908878834910e+01 1.00074413152545e+05 
7.69488867890563e+01 1.00064484248135e+05 
7.71068856575359e+01 1.00054474149825e+05 
7.72648846605642e+01 1.00045673739306e+05 
7.74228838477881e+01 1.00037406351599e+05 
7.75808832323467e+01 1.00027440507800e+05 
7.77388824246277e+01 1.00014521735679e+05 
7.78968816322887e+01 1.00000739148034e+05 
7.80548807011359e+01 9.99879432375209e+04 
7.82128796943324e+01 9.99773798997494e+04 
7.83708787081097e+01 9.99672115664876e+04 
7.85288777862713e+01 9.99558284727843e+04 
7.86868768060587e+01 9.99415329569120e+04 
7.88448759839678e+01 9.99276068942666e+04 
7.90028750293676e+01 9.99159443843073e+04 
7.91608740579794e+01 9.99069011319653e+04 
7.93188731240776e+01 9.98979149474135e+04 
7.94768722866737e+01 9.98893874009193e+04 
7.96348714744995e+01 9.98794515762490e+04 
7.97928707841639e+01 9.98714602027355e+04 
7.99508700431175e+01 9.98667670790533e+04 
8.01088692532010e+01 9.98644405840463e+04 
8.02668685571017e+01 9.98630070482055e+04 
8.04248679221742e+01 9.98632964854901e+04 
8.05828672895297e+01 9.98625750050079e+04 
8.07408668401889e+01 9.98634499985773e+04 
8.08988663183940e+01 9.98667134528313e+04 
8.10568658136689e+01 9.98708389999642e+04 
8.12148653641856e+01 9.98760186145480e+04 
8.13728650602450e+01 9.98844345598077e+04 
8.15308647094415e+01 9.98936164530217e+04 
8.16888645412167e+01 9.99045065401667e+04 
8.18468642992061e+01 9.99165923482752e+04 
8.20048640365115e+01 9.99279724497696e+04 
8.21628638878385e+01 9.99395938900734e+04 
8.23208638447879e+01 9.99543463244718e+04 
8.24788638290085e+01 9.99699085428353e+04 
8.26368639316287e+01 9.99853299969883e+04 
8.27948639928999e+01 9.99991305380280e+04 
8.29528640097892e+01 1.00010933815020e+05 
8.31108641257694e+01 1.00023099518239e+05 
8.32688643339817e+01 1.00038214348969e+05 
8.34268645003396e+01 1.00053891043982e+05 
8.35848648702901e+01 1.00068031618420e+05 
8.37428651207969e+01 1.00077985080015e+05 
8.39008653577218e+01 1.00085102189332e+05 
8.40588656514321e+01 1.00092150378904e+05 
8.42168660797810e+01 1.00100969193608e+05 
8.43748664504764e+01 1.00110373978935e+05 
8.45328669632765e+01 1.00117931069155e+05 
8.46908673910183e+01 1.00121977586377e+05 
8.48488677558302e+01 1.00123301713954e+05 
8.50068682338221e+01 1.00124671638352e+05 
8.51648687934220e+01 1.00126300505008e+05 
8.53228693020651e+01 1.00127790936578e+05 
8.54808699523303e+01 1.00127334392761e+05 
8.56388704750119e+01 1.00123941407042e+05 
8.57968709951201e+01 1.00119185886903e+05 
8.59548715414848e+01 1.00114486150090e+05 
8.61128721364377e+01 1.00109101213144e+05 
8.62708727179347e+01 1.00103147167907e+05 
8.64288733473842e+01 1.00096088028620e+05 
8.65868739800674e+01 1.00087719850427e+05 
8.67448745080638e+01 1.00079403212632e+05 
8.69028751837753e+01 1.00071248314883e+05 
8.70608758960404e+01 1.00061645969726e+05 
8.72188765860811e+01 1.00050346064794e+05 
8.73768773582707e+01 1.00038607031506e+05 
8.75348780012508e+01 1.00027412691907e+05 
8.76928786004829e+01 1.00017927039199e+05 
8.78508792441084e+01 1.00008444268598e+05 
8.80088800434000e+01 9.99970531284510e+04 
8.81668806916759e+01 9.99829072807808e+04 
8.83248814855233e+01 9.99684346783736e+04 
8.84828821285871e+01 9.99555252102518e+04 
8.86408826913246e+01 9.99452369275516e+04 
8.87988833442697e+01 9.99345171882714e+04 
8.89568840341034e+01 9.99229195361741e+04 
8.91148847006716e+01 9.99095053240516e+04 
8.92728853750260e+01 9.98972663531607e+04 
8.94308859501744e+01 9.98881749817799e+04 
8.95888863918260e+01 9.98819124305599e+04 
8.97468869365088e+01 9.98761667807416e+04 
8.99048875615784e+01 9.98715222748820e+04 
9.00628880436466e+01 9.98660744823442e+04 
9.02208886930447e+01 9.98624080526154e+04 
9.03788890986989e+01 9.98615198056279e+04 
9.05368894584843e+01 9.98623320164309e+04 
9.06948898189981e+01 9.98636864122351e+04 
9.08528902524989e+01 9.98673713267911e+04 
9.10108905775425e+01 9.98712667830253e+04 
9.11688909467955e+01 9.98765258922999e+04 
9.13268912145514e+01 9.98832543968861e+04 
9.14848913158008e+01 9.98906138610580e+04 
9.16428915822170e+01 9.98992945363311e+04 
9.18008918169298e+01 9.99118336613602e+04 
9.19588919708743e+01 9.99255690568070e+04 
9.21168922103786e+01 9.99399132813414e+04 
9.22748922710947e+01 9.99532963832205e+04 
9.24328922715071e+01 9.99646769028526e+04 
9.25908922911711e+01 9.99761473174634e+04 
9.27488924135160e+01 9.99912614246712e+04 
9.29068924081221e+01 1.00008180023533e+05 
9.30648924455409e+01 1.00024704671138e+05 
9.32228924177697e+01 1.00038239920990e+05 
9.33808923174738e+01 1.00048356269021e+05 
9.35388923127242e+01 1.00058276743812e+05 
9.36968923560327e+01 1.00070224400219e+05 
9.38548923989902e+01 1.00083350288567e+05 
9.40128924384549e+01 1.00094674536029e+05 
9.41708924405656e+01 1.00102322562658e+05 
9.43288923108054e+01 1.00106862379322e+05 
9.44868920599109e+01 1.00111683149820e+05 
9.46448916529606e+01 1.00117621201825e+05 
9.48028916076712e+01 1.00123912733556e+05 
9.49608914944496e+01 1.00128097272700e+05 
9.51188913057259e+01 1.00128716036158e+05 
9.52768912337209e+01 1.00127037272443e+05 
9.54348911411694e+01 1.00125368810672e+05 
9.55928911756063e+01 1.00123498330717e+05 
9.57508910635802e+01 1.00121533775808e+05 
9.59088910424678e+01 1.00118097971158e+05 
9.60668908867435e+01 1.00112222078633e+05 
9.62248906047757e+01 1.00105395182744e+05 
9.63828904827730e+01 1.00098545441842e+05 
9.65408903462501e+01 1.00090749335500e+05 
9.66988901623332e+01 1.00082363919083e+05 
9.68568900168082e+01 1.00073472390091e+05 
9.70148897240250e+01 1.00063938899582e+05 
9.71728892944551e+01 1.00055030228644e+05 
9.73308889047403e+01 1.00046045079901e+05 
9.74888886147520e+01 1.00035097284309e+05 
9.76468881266289e+01 1.00022018537569e+05 
9.78048877845412e+01 1.00008367680552e+05 
9.79628871957190e+01 9.99957645120964e+04 
9.81208865399089e+01 9.99854015083505e+04 
9.82788858937054e+01 9.99750741663542e+04 
9.84368853019583e+01 9.99631083591963e+04 
9.85948846206375e+01 9.99487148377821e+04 
9.87528839618249e+01 9.99346173119656e+04 
9.89108832001843e+01 9.99227793616223e+04 
9.90688822583182e+01 9.99135377904754e+04 
9.92268814607112e+01 9.99042377994926e+04 
9.93848806720824e+01 9.98949402605560e+04 
9.95428797821141e+01 9.98845172502146e+04 
9.97008790097915e+01 9.98759592599592e+04 
9.98588780603129e+01 9.98704250075081e+04 
1.00016877088879e+02 9.98672335036424e+04 
