# Liste des scalaires : TEMPS pmat 
0.00000000000000e+00 1.00000000000000e+05 
1.58013544018059e-01 1.00000000000000e+05 
3.16027088036117e-01 1.00000000000000e+05 
4.74040632054176e-01 1.00000000000000e+05 
6.32054176072234e-01 1.00000000000000e+05 
7.90067720090293e-01 1.00000000000000e+05 
9.48081264108351e-01 1.00000000000000e+05 
1.10609480812641e+00 1.00000000000000e+05 
1.26410835214447e+00 1.00000000000000e+05 
1.42212189616253e+00 1.00000000000000e+05 
1.58013544018058e+00 1.00000000000000e+05 
1.73814898419864e+00 1.00000000000000e+05 
1.89616252821670e+00 1.00000000000000e+05 
2.05417607223476e+00 1.00000000000000e+05 
2.21218961625282e+00 1.00000000000000e+05 
2.37020316027087e+00 1.00000000000000e+05 
2.52821670428893e+00 1.00000000000000e+05 
2.68623024830699e+00 1.00000000000000e+05 
2.84424379232505e+00 1.00000000000000e+05 
3.00225733634311e+00 1.00000000000000e+05 
3.16027088036116e+00 1.00000000000000e+05 
3.31828442437922e+00 1.00000000000000e+05 
3.47629796839728e+00 1.00000000000000e+05 
3.63431151241534e+00 1.00000000000000e+05 
3.79232505643340e+00 1.00000000000000e+05 
3.95033860045145e+00 1.00000000000000e+05 
4.10835214446951e+00 1.00000000000000e+05 
4.26636568848757e+00 1.00000000000000e+05 
4.42437923250563e+00 1.00000000000000e+05 
4.58239277652368e+00 1.00000000000000e+05 
4.74040632054174e+00 1.00000000000000e+05 
4.89841986455980e+00 1.00000000000000e+05 
5.05643340857786e+00 1.00000000000000e+05 
5.21444695259591e+00 1.00000000000000e+05 
5.37246049661397e+00 1.00000000000000e+05 
5.53047404063203e+00 1.00000000000000e+05 
5.68848758465009e+00 1.00000000000000e+05 
5.84650112866814e+00 1.00000000000000e+05 
6.00451467268620e+00 1.00000000000000e+05 
6.16252821670426e+00 1.00000000000000e+05 
6.32054176072231e+00 1.00000000000000e+05 
6.47855530474037e+00 1.00000000000000e+05 
6.63656884875843e+00 1.00000000000000e+05 
6.79458239277648e+00 1.00000000000000e+05 
6.95259593679454e+00 1.00000000000000e+05 
7.11060948081260e+00 1.00000000000000e+05 
7.26862302483065e+00 1.00000000000000e+05 
7.42663656884871e+00 1.00000000000000e+05 
7.58465011286677e+00 1.00000000000000e+05 
7.74266365688483e+00 1.00000000000000e+05 
7.90067720090288e+00 1.00000000000000e+05 
8.05869074492094e+00 1.00000000000000e+05 
8.21670428893899e+00 1.00000000000000e+05 
8.37471783295705e+00 1.00000000000000e+05 
8.53273137697511e+00 1.00000000000002e+05 
8.69074492099316e+00 1.00000000000012e+05 
8.84875846501122e+00 1.00000000000104e+05 
9.00677200902927e+00 1.00000000001604e+05 
9.16478555304733e+00 1.00000000013884e+05 
9.32279909706538e+00 1.00000000195482e+05 
9.48081264108344e+00 1.00000000630114e+05 
9.63882618510150e+00 1.00000001135767e+05 
9.79683972911955e+00 1.00000002243527e+05 
9.95485327313761e+00 1.00000004267089e+05 
1.01128668171557e+01 1.00000007917689e+05 
1.02708803611737e+01 1.00000014063420e+05 
1.04288939051918e+01 1.00000025594569e+05 
1.05869074492098e+01 1.00000042304925e+05 
1.07449209932279e+01 1.00000070269619e+05 
1.09029345372459e+01 1.00000114099868e+05 
1.10609480812640e+01 1.00000180866218e+05 
1.12189616252821e+01 1.00000279906392e+05 
1.13769751693001e+01 1.00000427671296e+05 
1.15349887133182e+01 1.00000621448618e+05 
1.16930022573362e+01 1.00000878453414e+05 
1.18510158013543e+01 1.00001223114843e+05 
1.20090293453723e+01 1.00001670120502e+05 
1.21670428893904e+01 1.00002274263677e+05 
1.23250564334084e+01 1.00003028220538e+05 
1.24830699774265e+01 1.00003933176384e+05 
1.26410835214446e+01 1.00004944388257e+05 
1.27990970654626e+01 1.00006104597257e+05 
1.29571106094807e+01 1.00007434247991e+05 
1.31151241534987e+01 1.00009111112239e+05 
1.32731376975168e+01 1.00010921553268e+05 
1.34311512415348e+01 1.00012938815984e+05 
1.35891647855529e+01 1.00014867325630e+05 
1.37471783295709e+01 1.00016907510836e+05 
1.39051918735890e+01 1.00019000959066e+05 
1.40632054176071e+01 1.00021545409124e+05 
1.42212189616251e+01 1.00024000490107e+05 
1.43792325056432e+01 1.00026543463481e+05 
1.45372460496612e+01 1.00028755775657e+05 
1.46952595936793e+01 1.00030931779360e+05 
1.48532731376973e+01 1.00032954482095e+05 
1.50112866817154e+01 1.00035266676621e+05 
1.51693002257334e+01 1.00037388184075e+05 
1.53273137697515e+01 1.00039337835342e+05 
1.54853273137695e+01 1.00040842980299e+05 
1.56433408577876e+01 1.00042050765399e+05 
1.58013544018057e+01 1.00042965070856e+05 
1.59593679458237e+01 1.00043948160570e+05 
1.61173814898418e+01 1.00044478431992e+05 
1.62753950338598e+01 1.00044643677091e+05 
1.64334085778779e+01 1.00044496414332e+05 
1.65914221218959e+01 1.00043872678216e+05 
1.67494356659140e+01 1.00042916675089e+05 
1.69074492099320e+01 1.00041720723504e+05 
1.70654627539501e+01 1.00040031542264e+05 
1.72234762979681e+01 1.00038016014538e+05 
1.73814898419862e+01 1.00035707090981e+05 
1.75395033860043e+01 1.00033087539294e+05 
1.76975169300223e+01 1.00030292773296e+05 
1.78555304740404e+01 1.00027010273315e+05 
1.80135440180584e+01 1.00023366824979e+05 
1.81715575620765e+01 1.00019482580486e+05 
1.83295711060945e+01 1.00015510045594e+05 
1.84875846501126e+01 1.00011518437902e+05 
1.86455981941306e+01 1.00007567359710e+05 
1.88036117381487e+01 1.00003027793543e+05 
1.89616252821667e+01 9.99984959019747e+04 
1.91196388261848e+01 9.99938858037931e+04 
1.92776523702028e+01 9.99894867913629e+04 
1.94356659142209e+01 9.99852586155577e+04 
1.95936794582390e+01 9.99812775174035e+04 
1.97516930022570e+01 9.99767508571722e+04 
1.99097065462751e+01 9.99727144884603e+04 
2.00677200902931e+01 9.99687513571703e+04 
2.02257336343112e+01 9.99651565106616e+04 
2.03837471783292e+01 9.99620117552580e+04 
2.05417607223473e+01 9.99592937710316e+04 
2.06997742663653e+01 9.99562062715801e+04 
2.08577878103834e+01 9.99539153432791e+04 
2.10158013544014e+01 9.99518262460740e+04 
2.11738148984195e+01 9.99502048907854e+04 
2.13318284424376e+01 9.99492188936546e+04 
2.14898419864556e+01 9.99486603204030e+04 
2.16478555304737e+01 9.99480540653526e+04 
2.18058690744917e+01 9.99483555952433e+04 
2.19638826185098e+01 9.99489250023855e+04 
2.21218961625278e+01 9.99499230127867e+04 
2.22799097065459e+01 9.99515435765261e+04 
2.24379232505639e+01 9.99535670066570e+04 
2.25959367945820e+01 9.99559602577870e+04 
2.27539503386000e+01 9.99589913314490e+04 
2.29119638826181e+01 9.99623914498016e+04 
2.30699774266361e+01 9.99659111428344e+04 
2.32279909706542e+01 9.99699190814088e+04 
2.33860045146723e+01 9.99741158384823e+04 
2.35440180586903e+01 9.99789131972431e+04 
2.37020316027084e+01 9.99839822098309e+04 
2.38600451467264e+01 9.99892444671385e+04 
2.40180586907445e+01 9.99943739707986e+04 
2.41760722347625e+01 9.99995902077018e+04 
2.43340857787806e+01 1.00004645393230e+05 
2.44920993227986e+01 1.00010514285480e+05 
2.46501128668167e+01 1.00015958002516e+05 
2.48081264108347e+01 1.00021500496670e+05 
2.49661399548528e+01 1.00026468809267e+05 
2.51241534988708e+01 1.00031101703882e+05 
2.52821670428889e+01 1.00035306531750e+05 
2.54401805869069e+01 1.00040111238576e+05 
2.55981941309250e+01 1.00043828198324e+05 
2.57562076749430e+01 1.00047357671838e+05 
2.59142212189611e+01 1.00050125850760e+05 
2.60722347629791e+01 1.00052062549013e+05 
2.62302483069972e+01 1.00053436622216e+05 
2.63882618510153e+01 1.00054909381139e+05 
2.65462753950333e+01 1.00055160432579e+05 
2.67042889390514e+01 1.00054873258710e+05 
2.68623024830694e+01 1.00054083701876e+05 
2.70203160270875e+01 1.00052305826734e+05 
2.71783295711055e+01 1.00049938445682e+05 
2.73363431151236e+01 1.00047089934196e+05 
2.74943566591416e+01 1.00043373802869e+05 
2.76523702031597e+01 1.00039109551306e+05 
2.78103837471777e+01 1.00034599506227e+05 
2.79683972911958e+01 1.00029505777306e+05 
2.81264108352138e+01 1.00024142020018e+05 
2.82844243792319e+01 1.00017870259117e+05 
2.84424379232499e+01 1.00011339135125e+05 
2.86004514672680e+01 1.00004509236660e+05 
2.87584650112860e+01 9.99979844149264e+04 
2.89164785553041e+01 9.99916345731464e+04 
2.90744920993221e+01 9.99854198593991e+04 
2.92325056433402e+01 9.99780514922871e+04 
2.93905191873582e+01 9.99712762133342e+04 
2.95485327313763e+01 9.99644229642723e+04 
2.97065462753943e+01 9.99585751916150e+04 
2.98645598194124e+01 9.99533333666698e+04 
3.00225733634304e+01 9.99486528007600e+04 
3.01805869074485e+01 9.99431698607977e+04 
3.03386004514665e+01 9.99386987058613e+04 
3.04966139954843e+01 9.99345984275642e+04 
3.06546275395003e+01 9.99315740049146e+04 
3.08126410834971e+01 9.99296927366717e+04 
3.09706546272957e+01 9.99285462159281e+04 
3.11286681708936e+01 9.99272167434721e+04 
3.12866817143274e+01 9.99267880246589e+04 
3.14446952574723e+01 9.99270704210180e+04 
3.16027088001674e+01 9.99280498537672e+04 
3.17607223421364e+01 9.99302166587457e+04 
3.19187358832495e+01 9.99330682503340e+04 
3.20767494226194e+01 9.99362985807886e+04 
3.22347629599941e+01 9.99403162913952e+04 
3.23927764943706e+01 9.99448878352981e+04 
3.25507900239423e+01 9.99498150497288e+04 
3.27088035457829e+01 9.99553858694106e+04 
3.28668170595274e+01 9.99612506738881e+04 
3.30248305599181e+01 9.99680632739167e+04 
3.31828440425992e+01 9.99751076491439e+04 
3.33408575031136e+01 9.99824745533294e+04 
3.34988709293862e+01 9.99895227243509e+04 
3.36568843063214e+01 9.99965116983066e+04 
3.38148976325709e+01 1.00003328920914e+05 
3.39729108878444e+01 1.00011303559182e+05 
3.41309240403887e+01 1.00018896671422e+05 
3.42889370834585e+01 1.00026564871368e+05 
3.44469499667095e+01 1.00033206139136e+05 
3.46049626416154e+01 1.00039162995829e+05 
3.47629751094123e+01 1.00044545692605e+05 
3.49209873220811e+01 1.00051022260867e+05 
3.50789991793260e+01 1.00056264620478e+05 
3.52370106929348e+01 1.00061253622068e+05 
3.53950217552060e+01 1.00065089721267e+05 
3.55530322801683e+01 1.00067731416132e+05 
3.57110422484800e+01 1.00069554901951e+05 
3.58690516557028e+01 1.00071685599229e+05 
3.60270604042267e+01 1.00072751170301e+05 
3.61850684108629e+01 1.00073124274252e+05 
3.63430757025597e+01 1.00072643883417e+05 
3.65010821998343e+01 1.00070886106110e+05 
3.66590879149553e+01 1.00068388858127e+05 
3.68170929429180e+01 1.00065588894424e+05 
3.69750972659910e+01 1.00061953075078e+05 
3.71331008599683e+01 1.00057711330954e+05 
3.72911038794230e+01 1.00053034159809e+05 
3.74491063311914e+01 1.00047620731424e+05 
3.76071083058444e+01 1.00041826569475e+05 
3.77651096857588e+01 1.00035128268984e+05 
3.79231104073047e+01 1.00028201058931e+05 
3.80811109502943e+01 1.00020942103329e+05 
3.82391112062999e+01 1.00013960152810e+05 
3.83971111660317e+01 1.00007032764856e+05 
3.85551109656345e+01 1.00000160688110e+05 
3.87131105571401e+01 9.99921735203252e+04 
3.88711098652798e+01 9.99845626814146e+04 
3.90291090063081e+01 9.99769132347283e+04 
3.91871079803516e+01 9.99702652667784e+04 
3.93451069164122e+01 9.99643369306531e+04 
3.95031056072435e+01 9.99588854769929e+04 
3.96611044176520e+01 9.99523381344665e+04 
3.98191030871787e+01 9.99468247573595e+04 
3.99771018088401e+01 9.99415605376189e+04 
4.01351007074698e+01 9.99374064163573e+04 
4.02930997022155e+01 9.99344205196689e+04 
4.04510986021552e+01 9.99321929221229e+04 
4.06090971618161e+01 9.99294623119074e+04 
4.07670958737284e+01 9.99276123641720e+04 
4.09250951708767e+01 9.99264097344037e+04 
4.10830945501286e+01 9.99260402855850e+04 
4.12410939472816e+01 9.99269420995196e+04 
4.13990933807653e+01 9.99285086751956e+04 
4.15570928592266e+01 9.99301630759010e+04 
4.17150923413803e+01 9.99326549758965e+04 
4.18730918618998e+01 9.99356823806657e+04 
4.20310913871491e+01 9.99392349752634e+04 
4.21890909437351e+01 9.99436174805967e+04 
4.23470905543198e+01 9.99484093736366e+04 
4.25050902256413e+01 9.99539700768563e+04 
4.26630899184684e+01 9.99599748200074e+04 
4.28210896745392e+01 9.99663754525653e+04 
4.29790892602239e+01 9.99726173115521e+04 
4.31370888188632e+01 9.99790681446537e+04 
4.32950884109090e+01 9.99855280283970e+04 
4.34530877023690e+01 9.99930996122013e+04 
4.36110866376294e+01 1.00000579591902e+05 
4.37690854724754e+01 1.00008220069270e+05 
4.39270845035842e+01 1.00015031596799e+05 
4.40850833364672e+01 1.00021320731275e+05 
4.42430820276957e+01 1.00027241049078e+05 
4.44010804989590e+01 1.00034415559137e+05 
4.45590788134630e+01 1.00040622934683e+05 
4.47170770655565e+01 1.00046759704213e+05 
4.48750752148097e+01 1.00051784475816e+05 
4.50330732938293e+01 1.00055840269173e+05 
4.51910713795358e+01 1.00059207043697e+05 
4.53490693983586e+01 1.00063187564325e+05 
4.55070674106562e+01 1.00066141436153e+05 
4.56650653676240e+01 1.00068543632854e+05 
4.58230631625694e+01 1.00069949230243e+05 
4.59810608096228e+01 1.00070106820598e+05 
4.61390583312556e+01 1.00069608749993e+05 
4.62970557728472e+01 1.00068990573285e+05 
4.64550531385988e+01 1.00067616146772e+05 
4.66130504658573e+01 1.00065565470483e+05 
4.67710476910669e+01 1.00062871730860e+05 
4.69290448370875e+01 1.00059200194108e+05 
4.70870418817074e+01 1.00055044319035e+05 
4.72450388394929e+01 1.00050244418400e+05 
4.74030357844738e+01 1.00044866659176e+05 
4.75610327369803e+01 1.00039027260998e+05 
4.77190296641417e+01 1.00033211009374e+05 
4.78770265567167e+01 1.00027065597845e+05 
4.80350232907807e+01 1.00020790389851e+05 
4.81930199724646e+01 1.00013477238337e+05 
4.83510166821919e+01 1.00006170637958e+05 
4.85090134340476e+01 9.99986633396815e+04 
4.86670101864053e+01 9.99918537843115e+04 
4.88250069367958e+01 9.99854150024567e+04 
4.89830037017608e+01 9.99792191709583e+04 
4.91410003791622e+01 9.99717731416854e+04 
4.92989969712441e+01 9.99651913727309e+04 
4.94569936135427e+01 9.99586124690144e+04 
4.96149902571749e+01 9.99531323299718e+04 
4.97729869349215e+01 9.99483606173971e+04 
4.99309836461128e+01 9.99442284506354e+04 
5.00889804092298e+01 9.99393342736462e+04 
5.02469772586986e+01 9.99353894350069e+04 
5.04049742099479e+01 9.99318687685243e+04 
5.05629710368897e+01 9.99293570840072e+04 
5.07209677221875e+01 9.99280801668052e+04 
5.08789643925024e+01 9.99274506625565e+04 
5.10369611214738e+01 9.99266693599778e+04 
5.11949579837573e+01 9.99266448789306e+04 
5.13529549196390e+01 9.99273025537298e+04 
5.15109519220113e+01 9.99285742622298e+04 
5.16689490194469e+01 9.99309879467531e+04 
5.18269461871349e+01 9.99340132966168e+04 
5.19849434232851e+01 9.99374520374706e+04 
5.21429407955823e+01 9.99416595612321e+04 
5.23009380095267e+01 9.99463745008244e+04 
5.24589351151370e+01 9.99512799825435e+04 
5.26169322605497e+01 9.99567606853536e+04 
5.27749294397864e+01 9.99624905580449e+04 
5.29329267403186e+01 9.99691821234011e+04 
5.30909241439174e+01 9.99761493096652e+04 
5.32489216473604e+01 9.99834211373094e+04 
5.34069192807000e+01 9.99902785204912e+04 
5.35649170063727e+01 9.99970476938704e+04 
5.37229148023365e+01 1.00003605878437e+05 
5.38809127246988e+01 1.00011342305149e+05 
5.40389107877367e+01 1.00018647670267e+05 
5.41969089517492e+01 1.00026030125685e+05 
5.43549072484630e+01 1.00032422851847e+05 
5.45129054270051e+01 1.00038134850073e+05 
5.46709034516164e+01 1.00043296010455e+05 
5.48289014795824e+01 1.00049419290151e+05 
5.49868996507851e+01 1.00054488529337e+05 
5.51448978880694e+01 1.00059258910669e+05 
5.53028962526066e+01 1.00063018675426e+05 
5.54608947556885e+01 1.00065586618540e+05 
5.56188933188464e+01 1.00067372382649e+05 
5.57768920070724e+01 1.00069468392894e+05 
5.59348908650161e+01 1.00070495554946e+05 
5.60928898167026e+01 1.00070859961297e+05 
5.62508889037190e+01 1.00070548214674e+05 
5.64088881394332e+01 1.00069005209406e+05 
5.65668874484921e+01 1.00066730858157e+05 
5.67248868836807e+01 1.00064101948052e+05 
5.68828864893542e+01 1.00060579206314e+05 
5.70408861960338e+01 1.00056480941786e+05 
5.71988860391269e+01 1.00052066336610e+05 
5.73568857825965e+01 1.00046940844615e+05 
5.75148854374958e+01 1.00041471627569e+05 
5.76728851158728e+01 1.00035102694417e+05 
5.78308849012099e+01 1.00028376454071e+05 
5.79888847480601e+01 1.00021323627927e+05 
5.81468847532464e+01 1.00014582428502e+05 
5.83048848708051e+01 1.00007838044793e+05 
5.84628851001882e+01 1.00001137984420e+05 
5.86208854661624e+01 9.99933638153216e+04 
5.87788859510897e+01 9.99858651894243e+04 
5.89368865555350e+01 9.99783257935896e+04 
5.90948872830377e+01 9.99716815588967e+04 
5.92528880864323e+01 9.99656935517329e+04 
5.94108889302507e+01 9.99601476227319e+04 
5.95688898327881e+01 9.99535724166148e+04 
5.97268908041111e+01 9.99479276380378e+04 
5.98848918003332e+01 9.99425204399944e+04 
6.00428928680254e+01 9.99381335965172e+04 
6.02008940796456e+01 9.99348385006426e+04 
6.03588954725139e+01 9.99322793728562e+04 
6.05168971072922e+01 9.99292466087596e+04 
6.06748990531746e+01 9.99271670134437e+04 
6.08329010433522e+01 9.99257045875788e+04 
6.09909029438758e+01 9.99250618947270e+04 
6.11489044805151e+01 9.99256607301805e+04 
6.13069057727749e+01 9.99269547143619e+04 
6.14649070351632e+01 9.99283668408030e+04 
6.16229081384915e+01 9.99307299839979e+04 
6.17809092441211e+01 9.99336678043424e+04 
6.19389101339700e+01 9.99371703874671e+04 
6.20969109801752e+01 9.99415586198352e+04 
6.22549119387378e+01 9.99464285530624e+04 
6.24129129488496e+01 9.99520807050652e+04 
6.25709138861800e+01 9.99582717433135e+04 
6.27289151983368e+01 9.99648982325518e+04 
6.28869165870729e+01 9.99714389187975e+04 
6.30449181597254e+01 9.99782459974856e+04 
6.32029200758520e+01 9.99851314066119e+04 
6.33609221827735e+01 9.99931319701964e+04 
6.35189242560073e+01 1.00001071526769e+05 
6.36769260693996e+01 1.00009142981325e+05 
6.38349281051127e+01 1.00016417809233e+05 
6.39929298098694e+01 1.00023262424144e+05 
6.41509316615666e+01 1.00029750757551e+05 
6.43089337942408e+01 1.00037458346861e+05 
6.44669357869463e+01 1.00044121102235e+05 
6.46249374433373e+01 1.00050694385779e+05 
6.47829389136374e+01 1.00056142753812e+05 
6.49409399663625e+01 1.00060593998302e+05 
6.50989409632269e+01 1.00064298417058e+05 
6.52569421377169e+01 1.00068610511763e+05 
6.54149430085585e+01 1.00071841288292e+05 
6.55729437641150e+01 1.00074442055285e+05 
6.57309443638751e+01 1.00076001706478e+05 
6.58889448714392e+01 1.00076231923461e+05 
6.60469454271883e+01 1.00075698568781e+05 
6.62049458871531e+01 1.00075128091375e+05 
6.63629460911794e+01 1.00073574139403e+05 
6.65209461944869e+01 1.00071382977030e+05 
6.66789460139657e+01 1.00068537627305e+05 
6.68369454321013e+01 1.00064642663625e+05 
6.69949447414460e+01 1.00060146711540e+05 
6.71529441536746e+01 1.00054988809644e+05 
6.73109433241402e+01 1.00049264290914e+05 
6.74689424701647e+01 1.00043096991703e+05 
6.76269417991850e+01 1.00036907716457e+05 
6.77849410142811e+01 1.00030381164101e+05 
6.79429404441664e+01 1.00023673416657e+05 
6.81009399323400e+01 1.00015904101273e+05 
6.82589394467423e+01 1.00008169034927e+05 
6.84169390831585e+01 1.00000294667545e+05 
6.85749387125848e+01 9.99930985427025e+04 
6.87329381770452e+01 9.99862810980468e+04 
6.88909376719355e+01 9.99797307291207e+04 
6.90489371579850e+01 9.99718919293183e+04 
6.92069365995741e+01 9.99649647722556e+04 
6.93649360510441e+01 9.99580712601776e+04 
6.95229353740816e+01 9.99522911630842e+04 
6.96809345840638e+01 9.99472983345960e+04 
6.98389340499524e+01 9.99430065273820e+04 
6.99969337688401e+01 9.99379240945971e+04 
7.01549335087798e+01 9.99337337365142e+04 
7.03129334087804e+01 9.99300317885423e+04 
7.04709333808406e+01 9.99273685536218e+04 
7.06289333787524e+01 9.99259955504463e+04 
7.07869336204822e+01 9.99253882435989e+04 
7.09449340672215e+01 9.99246066589822e+04 
7.11029345997939e+01 9.99245709415088e+04 
7.12609350713582e+01 9.99251459298547e+04 
7.14189347160093e+01 9.99265276281038e+04 
7.15769336370085e+01 9.99289860045187e+04 
7.17349322495437e+01 9.99321477861972e+04 
7.18929307461385e+01 9.99357699465705e+04 
7.20509289766604e+01 9.99401202062730e+04 
7.22089272661357e+01 9.99449718396713e+04 
7.23669254718874e+01 9.99500840287387e+04 
7.25249235776293e+01 9.99557606001737e+04 
7.26829219494500e+01 9.99617630847685e+04 
7.28409203727508e+01 9.99687682171232e+04 
7.29989186538633e+01 9.99760094105084e+04 
7.31569171184710e+01 9.99835533057177e+04 
7.33149154807419e+01 9.99907208591711e+04 
7.34729138742871e+01 9.99977677332202e+04 
7.36309123482416e+01 1.00004658128491e+05 
7.37889111043111e+01 1.00012764859460e+05 
7.39469098644377e+01 1.00020479346137e+05 
7.41049087471577e+01 1.00028204617718e+05 
7.42629075233993e+01 1.00034900176398e+05 
7.44209062786759e+01 1.00040839453593e+05 
7.45789051660299e+01 1.00046206633606e+05 
7.47369040521852e+01 1.00052612469018e+05 
7.48949026971529e+01 1.00057981279288e+05 
7.50529013271319e+01 1.00063020713161e+05 
7.52109000002093e+01 1.00066969133038e+05 
7.53688985762336e+01 1.00069649045883e+05 
7.55268972581844e+01 1.00071474000056e+05 
7.56848960103278e+01 1.00073604727797e+05 
7.58428947255754e+01 1.00074872134303e+05 
7.60008936594136e+01 1.00075405958860e+05 
7.61588924322546e+01 1.00075076921984e+05 
7.63168911638559e+01 1.00073488570669e+05 
7.64748900450755e+01 1.00071149261468e+05 
7.66328890548658e+01 1.00068545232972e+05 
7.67908878834910e+01 1.00065093176745e+05 
7.69488867890563e+01 1.00061071138727e+05 
7.71068856575359e+01 1.00056599986645e+05 
7.72648846605642e+01 1.00051384496091e+05 
7.74228838477881e+01 1.00045771696186e+05 
7.75808832323467e+01 1.00039279618588e+05 
7.77388824246277e+01 1.00032493490753e+05 
7.78968816322887e+01 1.00025399119804e+05 
7.80548807011359e+01 1.00018521319586e+05 
7.82128796943324e+01 1.00011620453587e+05 
7.83708787081097e+01 1.00004769754128e+05 
7.85288777862713e+01 9.99967478319570e+04 
7.86868768060587e+01 9.99890646103046e+04 
7.88448759839678e+01 9.99813246499235e+04 
7.90028750293676e+01 9.99744773277472e+04 
7.91608740579794e+01 9.99682798946066e+04 
7.93188731240776e+01 9.99625219660881e+04 
7.94768722866737e+01 9.99555988881047e+04 
7.96348714744995e+01 9.99496582473996e+04 
7.97928707841639e+01 9.99439142214060e+04 
7.99508700431175e+01 9.99392673694675e+04 
8.01088692532010e+01 9.99356855606783e+04 
8.02668685571017e+01 9.99328446295396e+04 
8.04248679221742e+01 9.99294180821483e+04 
8.05828672895297e+01 9.99269200240347e+04 
8.07408668401889e+01 9.99250302027760e+04 
8.08988663183940e+01 9.99240474925775e+04 
8.10568658136689e+01 9.99243615791850e+04 
8.12148653641856e+01 9.99253433915117e+04 
8.13728650602450e+01 9.99263355331993e+04 
8.15308647094415e+01 9.99282020389501e+04 
8.16888645412167e+01 9.99306505958761e+04 
8.18468642992061e+01 9.99337357205549e+04 
8.20048640365115e+01 9.99377769583668e+04 
8.21628638878385e+01 9.99423368376243e+04 
8.23208638447879e+01 9.99475872170550e+04 
8.24788638290085e+01 9.99533915170658e+04 
8.26368639316287e+01 9.99596535992446e+04 
8.27948639928999e+01 9.99659212277478e+04 
8.29528640097892e+01 9.99725186740146e+04 
8.31108641257694e+01 9.99792515110566e+04 
8.32688643339817e+01 9.99870844358752e+04 
8.34268645003396e+01 9.99948952312289e+04 
8.35848648702901e+01 1.00002919958598e+05 
8.37428651207969e+01 1.00010236092962e+05 
8.39008653577218e+01 1.00017179106647e+05 
8.40588656514321e+01 1.00023820022268e+05 
8.42168660797810e+01 1.00031731012892e+05 
8.43748664504764e+01 1.00038764063126e+05 
8.45328669632765e+01 1.00045751465154e+05 
8.46908673910183e+01 1.00051525924072e+05 
8.48488677558302e+01 1.00056503565865e+05 
8.50068682338221e+01 1.00060744754676e+05 
8.51648687934220e+01 1.00065747488915e+05 
8.53228693020651e+01 1.00069601700245e+05 
8.54808699523303e+01 1.00072943710352e+05 
8.56388704750119e+01 1.00075181762010e+05 
8.57968709951201e+01 1.00076088960404e+05 
8.59548715414848e+01 1.00076234460669e+05 
8.61128721364377e+01 1.00076396236027e+05 
8.62708727179347e+01 1.00075766690820e+05 
8.64288733473842e+01 1.00074377107880e+05 
8.65868739800674e+01 1.00072234663555e+05 
8.67448745080638e+01 1.00068951081306e+05 
8.69028751837753e+01 1.00065024581254e+05 
8.70608758960404e+01 1.00060547444018e+05 
8.72188765860811e+01 1.00055410605400e+05 
8.73768773582707e+01 1.00049783671540e+05 
8.75348780012508e+01 1.00044006164735e+05 
8.76928786004829e+01 1.00037752316353e+05 
8.78508792441084e+01 1.00031261611633e+05 
8.80088800434000e+01 1.00023761356181e+05 
8.81668806916759e+01 1.00016197044656e+05 
8.83248814855233e+01 1.00008419854371e+05 
8.84828821285871e+01 1.00001177067068e+05 
8.86408826913246e+01 9.99941839149891e+04 
8.87988833442697e+01 9.99874505090999e+04 
8.89568840341034e+01 9.99795066554903e+04 
8.91148847006716e+01 9.99721950884875e+04 
8.92728853750260e+01 9.99648977800078e+04 
8.94308859501744e+01 9.99587138302903e+04 
8.95888863918260e+01 9.99532986271907e+04 
8.97468869365088e+01 9.99484957106314e+04 
8.99048875615784e+01 9.99427826877900e+04 
9.00628880436466e+01 9.99380786253314e+04 
9.02208886930447e+01 9.99337639372237e+04 
9.03788890986989e+01 9.99304889715126e+04 
9.05368894584843e+01 9.99284714831476e+04 
9.06948898189981e+01 9.99272278857811e+04 
9.08528902524989e+01 9.99257499122276e+04 
9.10108905775425e+01 9.99250503154828e+04 
9.11688909467955e+01 9.99250150150469e+04 
9.13268912145514e+01 9.99257857397163e+04 
9.14848913158008e+01 9.99277087966662e+04 
9.16428915822170e+01 9.99303413559888e+04 
9.18008918169298e+01 9.99332939701077e+04 
9.19588919708743e+01 9.99370829320736e+04 
9.21168922103786e+01 9.99414173052280e+04 
9.22748922710947e+01 9.99461118824019e+04 
9.24328922715071e+01 9.99514995989690e+04 
9.25908922911711e+01 9.99572235415514e+04 
9.27488924135160e+01 9.99638750451500e+04 
9.29068924081221e+01 9.99708629827412e+04 
9.30648924455409e+01 9.99781985775576e+04 
9.32228924177697e+01 9.99852569345426e+04 
9.33808923174738e+01 9.99923171887177e+04 
9.35388923127242e+01 9.99993202798046e+04 
9.36968923560327e+01 1.00007441584485e+05 
9.38548923989902e+01 1.00015278035252e+05 
9.40128924384549e+01 1.00023185624975e+05 
9.41708924405656e+01 1.00030166439721e+05 
9.43288923108054e+01 1.00036451528724e+05 
9.44868920599109e+01 1.00042230836383e+05 
9.46448916529606e+01 1.00049122312858e+05 
9.48028916076712e+01 1.00054920493929e+05 
9.49608914944496e+01 1.00060468980070e+05 
9.51188913057259e+01 1.00064895706661e+05 
9.52768912337209e+01 1.00068196756627e+05 
9.54348911411694e+01 1.00070662019786e+05 
9.55928911756063e+01 1.00073546665876e+05 
9.57508910635802e+01 1.00075358158429e+05 
9.59088910424678e+01 1.00076494407511e+05 
9.60668908867435e+01 1.00076775723203e+05 
9.62248906047757e+01 1.00075739692307e+05 
9.63828904827730e+01 1.00073973767824e+05 
9.65408903462501e+01 1.00072006604634e+05 
9.66988901623332e+01 1.00069104384338e+05 
9.68568900168082e+01 1.00065602631075e+05 
9.70148897240250e+01 1.00061589546866e+05 
9.71728892944551e+01 1.00056723332243e+05 
9.73308889047403e+01 1.00051415695757e+05 
9.74888886147520e+01 1.00045296908010e+05 
9.76468881266289e+01 1.00038774177807e+05 
9.78048877845412e+01 1.00031877440448e+05 
9.79628871957190e+01 1.00025146321982e+05 
9.81208865399089e+01 1.00018266346252e+05 
9.82788858937054e+01 1.00011375524527e+05 
9.84368853019583e+01 1.00003378851432e+05 
9.85948846206375e+01 9.99955888394654e+04 
9.87528839618249e+01 9.99877338272618e+04 
9.89108832001843e+01 9.99807193294661e+04 
9.90688822583182e+01 9.99742576665472e+04 
9.92268814607112e+01 9.99681830666356e+04 
9.93848806720824e+01 9.99609218191441e+04 
9.95428797821141e+01 9.99546604028312e+04 
9.97008790097915e+01 9.99485340430377e+04 
9.98588780603129e+01 9.99435172992646e+04 
1.00016877088879e+02 9.99394742246778e+04 
