# Liste des scalaires : TEMPS pmat 
0.00000000000000e+00 1.00000000000000e+05 
1.58013544018059e-01 1.00000000000000e+05 
3.16027088036117e-01 1.00000000000000e+05 
4.74040632054176e-01 1.00000000000000e+05 
6.32054176072234e-01 1.00000000000000e+05 
7.90067720090293e-01 1.00000000000000e+05 
9.48081264108351e-01 1.00000000000000e+05 
1.10609480812641e+00 1.00000000000000e+05 
1.26410835214447e+00 1.00000000000000e+05 
1.42212189616253e+00 1.00000000000000e+05 
1.58013544018058e+00 1.00000000000000e+05 
1.73814898419864e+00 1.00000000000000e+05 
1.89616252821670e+00 1.00000000000000e+05 
2.05417607223476e+00 1.00000000000000e+05 
2.21218961625282e+00 1.00000000000000e+05 
2.37020316027087e+00 1.00000000000000e+05 
2.52821670428893e+00 1.00000000000000e+05 
2.68623024830699e+00 1.00000000000000e+05 
2.84424379232505e+00 1.00000000000000e+05 
3.00225733634311e+00 1.00000000000000e+05 
3.16027088036116e+00 1.00000000000000e+05 
3.31828442437922e+00 1.00000000000000e+05 
3.47629796839728e+00 1.00000000000000e+05 
3.63431151241534e+00 1.00000000000000e+05 
3.79232505643340e+00 1.00000000000000e+05 
3.95033860045145e+00 1.00000000000000e+05 
4.10835214446951e+00 1.00000000000000e+05 
4.26636568848757e+00 1.00000000000000e+05 
4.42437923250563e+00 1.00000000000000e+05 
4.58239277652368e+00 1.00000000000000e+05 
4.74040632054174e+00 1.00000000000000e+05 
4.89841986455980e+00 1.00000000000000e+05 
5.05643340857786e+00 1.00000000000000e+05 
5.21444695259591e+00 1.00000000000000e+05 
5.37246049661397e+00 1.00000000000000e+05 
5.53047404063203e+00 1.00000000000000e+05 
5.68848758465009e+00 1.00000000000000e+05 
5.84650112866814e+00 1.00000000000000e+05 
6.00451467268620e+00 1.00000000000000e+05 
6.16252821670426e+00 1.00000000000000e+05 
6.32054176072231e+00 1.00000000000000e+05 
6.47855530474037e+00 1.00000000000000e+05 
6.63656884875843e+00 1.00000000000000e+05 
6.79458239277648e+00 1.00000000000000e+05 
6.95259593679454e+00 1.00000000000000e+05 
7.11060948081260e+00 1.00000000000000e+05 
7.26862302483065e+00 1.00000000000000e+05 
7.42663656884871e+00 1.00000000000000e+05 
7.58465011286677e+00 1.00000000000000e+05 
7.74266365688483e+00 1.00000000000000e+05 
7.90067720090288e+00 1.00000000000000e+05 
8.05869074492094e+00 1.00000000000000e+05 
8.21670428893899e+00 1.00000000000000e+05 
8.37471783295705e+00 1.00000000000000e+05 
8.53273137697511e+00 1.00000000000000e+05 
8.69074492099316e+00 1.00000000000000e+05 
8.84875846501122e+00 1.00000000000000e+05 
9.00677200902927e+00 1.00000000000000e+05 
9.16478555304733e+00 1.00000000000000e+05 
9.32279909706538e+00 1.00000000000000e+05 
9.48081264108344e+00 1.00000000000000e+05 
9.63882618510150e+00 1.00000000000000e+05 
9.79683972911955e+00 1.00000000000000e+05 
9.95485327313761e+00 1.00000000000000e+05 
1.01128668171557e+01 1.00000000000000e+05 
1.02708803611737e+01 1.00000000000000e+05 
1.04288939051918e+01 1.00000000000000e+05 
1.05869074492098e+01 1.00000000000000e+05 
1.07449209932279e+01 1.00000000000000e+05 
1.09029345372459e+01 1.00000000000000e+05 
1.10609480812640e+01 1.00000000000002e+05 
1.12189616252821e+01 1.00000000000012e+05 
1.13769751693001e+01 1.00000000000141e+05 
1.15349887133182e+01 1.00000000054209e+05 
1.16930022573362e+01 1.00000000440108e+05 
1.18510158013543e+01 1.00000001000346e+05 
1.20090293453723e+01 1.00000001553935e+05 
1.21670428893904e+01 1.00000002219215e+05 
1.23250564334084e+01 1.00000003813167e+05 
1.24830699774265e+01 1.00000008389571e+05 
1.26410835214446e+01 1.00000018001136e+05 
1.27990970654626e+01 1.00000037338559e+05 
1.29571106094807e+01 1.00000064083786e+05 
1.31151241534987e+01 1.00000108115518e+05 
1.32731376975168e+01 1.00000173618414e+05 
1.34311512415348e+01 1.00000286546156e+05 
1.35891647855529e+01 1.00000450909258e+05 
1.37471783295709e+01 1.00000706217926e+05 
1.39051918735890e+01 1.00001022291151e+05 
1.40632054176071e+01 1.00001488349982e+05 
1.42212189616251e+01 1.00002082264785e+05 
1.43792325056432e+01 1.00002956183838e+05 
1.45372460496612e+01 1.00003993709691e+05 
1.46952595936793e+01 1.00005275609673e+05 
1.48532731376973e+01 1.00006654390074e+05 
1.50112866817154e+01 1.00008430425452e+05 
1.51693002257334e+01 1.00010362179962e+05 
1.53273137697515e+01 1.00012910902473e+05 
1.54853273137695e+01 1.00015494853186e+05 
1.56433408577876e+01 1.00018168531792e+05 
1.58013544018057e+01 1.00020714917256e+05 
1.59593679458237e+01 1.00023621340731e+05 
1.61173814898418e+01 1.00026238946470e+05 
1.62753950338598e+01 1.00029358674700e+05 
1.64334085778779e+01 1.00031961897497e+05 
1.65914221218959e+01 1.00034333042572e+05 
1.67494356659140e+01 1.00036448998284e+05 
1.69074492099320e+01 1.00038762144097e+05 
1.70654627539501e+01 1.00040480985905e+05 
1.72234762979681e+01 1.00042253403293e+05 
1.73814898419862e+01 1.00043134826122e+05 
1.75395033860043e+01 1.00043679260298e+05 
1.76975169300223e+01 1.00043951755570e+05 
1.78555304740404e+01 1.00044382569941e+05 
1.80135440180584e+01 1.00044291765022e+05 
1.81715575620765e+01 1.00043764250267e+05 
1.83295711060945e+01 1.00042220467716e+05 
1.84875846501126e+01 1.00040360454570e+05 
1.86455981941306e+01 1.00038576739965e+05 
1.88036117381487e+01 1.00036889137625e+05 
1.89616252821667e+01 1.00034921328402e+05 
1.91196388261848e+01 1.00032075882967e+05 
1.92776523702028e+01 1.00028476616031e+05 
1.94356659142209e+01 1.00024586700732e+05 
1.95936794582390e+01 1.00021182445857e+05 
1.97516930022570e+01 1.00017744746162e+05 
1.99097065462751e+01 1.00014234902259e+05 
2.00677200902931e+01 1.00009805356034e+05 
2.02257336343112e+01 1.00005021070267e+05 
2.03837471783292e+01 1.00000186465074e+05 
2.05417607223473e+01 9.99960455631444e+04 
2.06997742663653e+01 9.99919490277883e+04 
2.08577878103834e+01 9.99880056518330e+04 
2.10158013544014e+01 9.99832526701452e+04 
2.11738148984195e+01 9.99787046821706e+04 
2.13318284424376e+01 9.99742507572187e+04 
2.14898419864556e+01 9.99706704062211e+04 
2.16478555304737e+01 9.99671215818397e+04 
2.18058690744917e+01 9.99639129948882e+04 
2.19638826185098e+01 9.99602938883247e+04 
2.21218961625278e+01 9.99575939193260e+04 
2.22799097065459e+01 9.99550987209659e+04 
2.24379232505639e+01 9.99533134453083e+04 
2.25959367945820e+01 9.99514550297577e+04 
2.27539503386000e+01 9.99500363161685e+04 
2.29119638826181e+01 9.99488388968344e+04 
2.30699774266361e+01 9.99487826971245e+04 
2.32279909706542e+01 9.99491945674732e+04 
2.33860045146723e+01 9.99499879524403e+04 
2.35440180586903e+01 9.99506058453416e+04 
2.37020316027084e+01 9.99516246951987e+04 
2.38600451467264e+01 9.99534423868477e+04 
2.40180586907445e+01 9.99565365648357e+04 
2.41760722347625e+01 9.99600390494804e+04 
2.43340857787806e+01 9.99634222244931e+04 
2.44920993227986e+01 9.99665693472133e+04 
2.46501128668167e+01 9.99700110915867e+04 
2.48081264108347e+01 9.99746729233888e+04 
2.49661399548528e+01 9.99801796488572e+04 
2.51241534988708e+01 9.99859001306104e+04 
2.52821670428889e+01 9.99909797164628e+04 
2.54401805869069e+01 9.99959408393579e+04 
2.55981941309250e+01 1.00000680130247e+05 
2.57562076749430e+01 1.00006484030178e+05 
2.59142212189611e+01 1.00012287342093e+05 
2.60722347629791e+01 1.00017916738015e+05 
2.62302483069972e+01 1.00022586951262e+05 
2.63882618510153e+01 1.00026994358998e+05 
2.65462753950333e+01 1.00030793867884e+05 
2.67042889390514e+01 1.00035069313741e+05 
2.68623024830694e+01 1.00038303951486e+05 
2.70203160270875e+01 1.00041365910466e+05 
2.71783295711055e+01 1.00043507714976e+05 
2.73363431151236e+01 1.00045346121932e+05 
2.74943566591416e+01 1.00046549048693e+05 
2.76523702031597e+01 1.00047495002982e+05 
2.78103837471777e+01 1.00047240143468e+05 
2.79683972911958e+01 1.00046654710572e+05 
2.81264108352138e+01 1.00045554004890e+05 
2.82844243792319e+01 1.00044259072115e+05 
2.84424379232499e+01 1.00042689793177e+05 
2.86004514672680e+01 1.00040374614412e+05 
2.87584650112860e+01 1.00036939581413e+05 
2.89164785553041e+01 1.00033357292808e+05 
2.90744920993221e+01 1.00029820485744e+05 
2.92325056433402e+01 1.00026343770237e+05 
2.93905191873582e+01 1.00022919490112e+05 
2.95485327313763e+01 1.00018432016513e+05 
2.97065462753943e+01 1.00013283337878e+05 
2.98645598194124e+01 1.00008016949656e+05 
3.00225733634304e+01 1.00003256283239e+05 
3.01805869074485e+01 9.99985972798135e+04 
3.03386004514665e+01 9.99942705486948e+04 
3.04966139954843e+01 9.99888981141255e+04 
3.06546275395003e+01 9.99835762190086e+04 
3.08126410834971e+01 9.99783216852699e+04 
3.09706546272957e+01 9.99738415511512e+04 
3.11286681708936e+01 9.99694946028049e+04 
3.12866817143274e+01 9.99655982569387e+04 
3.14446952574723e+01 9.99610561200352e+04 
3.16027088001674e+01 9.99573875518600e+04 
3.17607223421364e+01 9.99539114559562e+04 
3.19187358832495e+01 9.99512422959415e+04 
3.20767494226194e+01 9.99485878887929e+04 
3.22347629599941e+01 9.99465977575975e+04 
3.23927764943706e+01 9.99447782378619e+04 
3.25507900239423e+01 9.99441353138195e+04 
3.27088035457829e+01 9.99438620248069e+04 
3.28668170595274e+01 9.99441387190557e+04 
3.30248305599181e+01 9.99444497672258e+04 
3.31828440425992e+01 9.99452680504289e+04 
3.33408575031136e+01 9.99469339108813e+04 
3.34988709293862e+01 9.99499540273875e+04 
3.36568843063214e+01 9.99533799773945e+04 
3.38148976325709e+01 9.99567347368169e+04 
3.39729108878444e+01 9.99599232627453e+04 
3.41309240403887e+01 9.99633507820534e+04 
3.42889370834585e+01 9.99681410563662e+04 
3.44469499667095e+01 9.99738709789055e+04 
3.46049626416154e+01 9.99798792738984e+04 
3.47629751094123e+01 9.99852416422162e+04 
3.49209873220811e+01 9.99904995819475e+04 
3.50789991793260e+01 9.99955296464088e+04 
3.52370106929348e+01 1.00001708661616e+05 
3.53950217552060e+01 1.00007962698890e+05 
3.55530322801683e+01 1.00014158767932e+05 
3.57110422484800e+01 1.00019406894152e+05 
3.58690516557028e+01 1.00024352157466e+05 
3.60270604042267e+01 1.00028726144997e+05 
3.61850684108629e+01 1.00033817844615e+05 
3.63430757025597e+01 1.00038002622976e+05 
3.65010821998343e+01 1.00042014761193e+05 
3.66590879149553e+01 1.00045058850071e+05 
3.68170929429180e+01 1.00047889821627e+05 
3.69750972659910e+01 1.00049997937763e+05 
3.71331008599683e+01 1.00052143284469e+05 
3.72911038794230e+01 1.00052989008774e+05 
3.74491063311914e+01 1.00053569465087e+05 
3.76071083058444e+01 1.00053488030479e+05 
3.77651096857588e+01 1.00053324708648e+05 
3.79231104073047e+01 1.00052776388298e+05 
3.80811109502943e+01 1.00051568389789e+05 
3.82391112062999e+01 1.00049036594162e+05 
3.83971111660317e+01 1.00046186011154e+05 
3.85551109656345e+01 1.00043284446075e+05 
3.87131105571401e+01 1.00040546613447e+05 
3.88711098652798e+01 1.00037718689477e+05 
3.90291090063081e+01 1.00033741194391e+05 
3.91871079803516e+01 1.00028779507012e+05 
3.93451069164122e+01 1.00023549044534e+05 
3.95031056072435e+01 1.00018762634369e+05 
3.96611044176520e+01 1.00014177513972e+05 
3.98191030871787e+01 1.00009626970470e+05 
3.99771018088401e+01 1.00004000501408e+05 
4.01351007074698e+01 9.99980012571744e+04 
4.02930997022155e+01 9.99920038900234e+04 
4.04510986021552e+01 9.99867820365302e+04 
4.06090971618161e+01 9.99817418819402e+04 
4.07670958737284e+01 9.99770591684027e+04 
4.09250951708767e+01 9.99715466929929e+04 
4.10830945501286e+01 9.99665154991930e+04 
4.12410939472816e+01 9.99616175796867e+04 
4.13990933807653e+01 9.99576533881660e+04 
4.15570928592266e+01 9.99538520879385e+04 
4.17150923413803e+01 9.99506378753521e+04 
4.18730918618998e+01 9.99472424333180e+04 
4.20310913871491e+01 9.99451920472919e+04 
4.21890909437351e+01 9.99432903196722e+04 
4.23470905543198e+01 9.99421141312489e+04 
4.25050902256413e+01 9.99410505381834e+04 
4.26630899184684e+01 9.99405680652176e+04 
4.28210896745392e+01 9.99406664045226e+04 
4.29790892602239e+01 9.99422223523212e+04 
4.31370888188632e+01 9.99441523643669e+04 
4.32950884109090e+01 9.99463479368744e+04 
4.34530877023690e+01 9.99485364213831e+04 
4.36110866376294e+01 9.99510566128217e+04 
4.37690854724754e+01 9.99548157513872e+04 
4.39270845035842e+01 9.99597138463315e+04 
4.40850833364672e+01 9.99649036763390e+04 
4.42430820276957e+01 9.99697490920196e+04 
4.44010804989590e+01 9.99744810900589e+04 
4.45590788134630e+01 9.99792734205094e+04 
4.47170770655565e+01 9.99852876787661e+04 
4.48750752148097e+01 9.99918161424927e+04 
4.50330732938293e+01 9.99984504503102e+04 
4.51910713795358e+01 1.00004296387726e+05 
4.53490693983586e+01 1.00009937333605e+05 
4.55070674106562e+01 1.00015077130866e+05 
4.56650653676240e+01 1.00021102427040e+05 
4.58230631625694e+01 1.00026634533666e+05 
4.59810608096228e+01 1.00032010230092e+05 
4.61390583312556e+01 1.00036452851953e+05 
4.62970557728472e+01 1.00040604704674e+05 
4.64550531385988e+01 1.00044090666132e+05 
4.66130504658573e+01 1.00047859176682e+05 
4.67710476910669e+01 1.00050235568894e+05 
4.69290448370875e+01 1.00052466165050e+05 
4.70870418817074e+01 1.00053950155103e+05 
4.72450388394929e+01 1.00055202247317e+05 
4.74030357844738e+01 1.00055918705655e+05 
4.75610327369803e+01 1.00056252800309e+05 
4.77190296641417e+01 1.00055119358956e+05 
4.78770265567167e+01 1.00053709532775e+05 
4.80350232907807e+01 1.00051938034029e+05 
4.81930199724646e+01 1.00050091911375e+05 
4.83510166821919e+01 1.00048016014101e+05 
4.85090134340476e+01 1.00044997996134e+05 
4.86670101864053e+01 1.00040805075334e+05 
4.88250069367958e+01 1.00036354711002e+05 
4.89830037017608e+01 1.00032165322345e+05 
4.91410003791622e+01 1.00028104516614e+05 
4.92989969712441e+01 1.00023961582340e+05 
4.94569936135427e+01 1.00018777609402e+05 
4.96149902571749e+01 1.00012933217974e+05 
4.97729869349215e+01 1.00006873941924e+05 
4.99309836461128e+01 1.00001448863165e+05 
5.00889804092298e+01 9.99961988304563e+04 
5.02469772586986e+01 9.99912230260146e+04 
5.04049742099479e+01 9.99853506698329e+04 
5.05629710368897e+01 9.99796064269396e+04 
5.07209677221875e+01 9.99738953372760e+04 
5.08789643925024e+01 9.99690205244663e+04 
5.10369611214738e+01 9.99643173261140e+04 
5.11949579837573e+01 9.99600643199707e+04 
5.13529549196390e+01 9.99554110493616e+04 
5.15109519220113e+01 9.99517318115561e+04 
5.16689490194469e+01 9.99482431841709e+04 
5.18269461871349e+01 9.99455617378002e+04 
5.19849434232851e+01 9.99429482882611e+04 
5.21429407955823e+01 9.99410006290653e+04 
5.23009380095267e+01 9.99393370348664e+04 
5.24589351151370e+01 9.99390390788515e+04 
5.26169322605497e+01 9.99390449137312e+04 
5.27749294397864e+01 9.99395502055440e+04 
5.29329267403186e+01 9.99400907058342e+04 
5.30909241439174e+01 9.99411752895408e+04 
5.32489216473604e+01 9.99430745435800e+04 
5.34069192807000e+01 9.99463570018085e+04 
5.35649170063727e+01 9.99500295507905e+04 
5.37229148023365e+01 9.99535834937593e+04 
5.38809127246988e+01 9.99570727832224e+04 
5.40389107877367e+01 9.99607217132937e+04 
5.41969089517492e+01 9.99656125949353e+04 
5.43549072484630e+01 9.99714462641218e+04 
5.45129054270051e+01 9.99776205532816e+04 
5.46709034516164e+01 9.99831634724597e+04 
5.48289014795824e+01 9.99886726011963e+04 
5.49868996507851e+01 9.99939462006382e+04 
5.51448978880694e+01 1.00000266178183e+05 
5.53028962526066e+01 1.00006677493264e+05 
5.54608947556885e+01 1.00013020364229e+05 
5.56188933188464e+01 1.00018477510980e+05 
5.57768920070724e+01 1.00023696483896e+05 
5.59348908650161e+01 1.00028354047274e+05 
5.60928898167026e+01 1.00033602203693e+05 
5.62508889037190e+01 1.00038027515030e+05 
5.64088881394332e+01 1.00042228346944e+05 
5.65668874484921e+01 1.00045505263527e+05 
5.67248868836807e+01 1.00048517060824e+05 
5.68828864893542e+01 1.00050970759987e+05 
5.70408861960338e+01 1.00053250554702e+05 
5.71988860391269e+01 1.00054181463519e+05 
5.73568857825965e+01 1.00054898889542e+05 
5.75148854374958e+01 1.00054953120811e+05 
5.76728851158728e+01 1.00054903065573e+05 
5.78308849012099e+01 1.00054442652282e+05 
5.79888847480601e+01 1.00053330213312e+05 
5.81468847532464e+01 1.00050886556140e+05 
5.83048848708051e+01 1.00048108472428e+05 
5.84628851001882e+01 1.00045242856272e+05 
5.86208854661624e+01 1.00042469325305e+05 
5.87788859510897e+01 1.00039634834385e+05 
5.89368865555350e+01 1.00035705442827e+05 
5.90948872830377e+01 1.00030831552293e+05 
5.92528880864323e+01 1.00025683249811e+05 
5.94108889302507e+01 1.00020947737505e+05 
5.95688898327881e+01 1.00016368129881e+05 
5.97268908041111e+01 1.00011835483763e+05 
5.98848918003332e+01 1.00006310871561e+05 
6.00428928680254e+01 1.00000460529944e+05 
6.02008940796456e+01 9.99945663900724e+04 
6.03588954725139e+01 9.99893849891131e+04 
6.05168971072922e+01 9.99844183337023e+04 
6.06748990531746e+01 9.99798352483099e+04 
6.08329010433522e+01 9.99744715315503e+04 
6.09909029438758e+01 9.99696116176605e+04 
6.11489044805151e+01 9.99648240796277e+04 
6.13069057727749e+01 9.99608714038265e+04 
6.14649070351632e+01 9.99571104914809e+04 
6.16229081384915e+01 9.99538912081901e+04 
6.17809092441211e+01 9.99504632607073e+04 
6.19389101339700e+01 9.99483527420130e+04 
6.20969109801752e+01 9.99463389175783e+04 
6.22549119387378e+01 9.99449734237251e+04 
6.24129129488496e+01 9.99437197235729e+04 
6.25709138861800e+01 9.99430143421525e+04 
6.27289151983368e+01 9.99427989940213e+04 
6.28869165870729e+01 9.99440009420857e+04 
6.30449181597254e+01 9.99455393662115e+04 
6.32029200758520e+01 9.99473484458328e+04 
6.33609221827735e+01 9.99491367155381e+04 
6.35189242560073e+01 9.99512266985574e+04 
6.36769260693996e+01 9.99543925021873e+04 
6.38349281051127e+01 9.99588172211829e+04 
6.39929298098694e+01 9.99635137470737e+04 
6.41509316615666e+01 9.99679159800431e+04 
6.43089337942408e+01 9.99721578302511e+04 
6.44669357869463e+01 9.99765209333050e+04 
6.46249374433373e+01 9.99820428281591e+04 
6.47829389136374e+01 9.99881602232777e+04 
6.49409399663625e+01 9.99945138268920e+04 
6.50989409632269e+01 1.00000152293577e+05 
6.52569421377169e+01 1.00005545332927e+05 
6.54149430085585e+01 1.00010474685695e+05 
6.55729437641150e+01 1.00016386158754e+05 
6.57309443638751e+01 1.00021915680386e+05 
6.58889448714392e+01 1.00027383017529e+05 
6.60469454271883e+01 1.00031979820234e+05 
6.62049458871531e+01 1.00036257386025e+05 
6.63629460911794e+01 1.00039921442360e+05 
6.65209461944869e+01 1.00043969440908e+05 
6.66789460139657e+01 1.00046772877788e+05 
6.68369454321013e+01 1.00049444963353e+05 
6.69949447414460e+01 1.00051371265306e+05 
6.71529441536746e+01 1.00053068157009e+05 
6.73109433241402e+01 1.00054214576621e+05 
6.74689424701647e+01 1.00055058836193e+05 
6.76269417991850e+01 1.00054551315953e+05 
6.77849410142811e+01 1.00053746307263e+05 
6.79429404441664e+01 1.00052536975380e+05 
6.81009399323400e+01 1.00051270995646e+05 
6.82589394467423e+01 1.00049702696761e+05 
6.84169390831585e+01 1.00047332620234e+05 
6.85749387125848e+01 1.00043676082403e+05 
6.87329381770452e+01 1.00039792369913e+05 
6.88909376719355e+01 1.00036082591678e+05 
6.90489371579850e+01 1.00032591949362e+05 
6.92069365995741e+01 1.00029003512757e+05 
6.93649360510441e+01 1.00024340178617e+05 
6.95229353740816e+01 1.00018924586590e+05 
6.96809345840638e+01 1.00013234714070e+05 
6.98389340499524e+01 1.00008129377163e+05 
6.99969337688401e+01 1.00003247602125e+05 
7.01549335087798e+01 9.99986320790575e+04 
7.03129334087804e+01 9.99930049117632e+04 
7.04709333808406e+01 9.99874043321651e+04 
7.06289333787524e+01 9.99817280653090e+04 
7.07869336204822e+01 9.99768451313072e+04 
7.09449340672215e+01 9.99722283360883e+04 
7.11029345997939e+01 9.99680302200407e+04 
7.12609350713582e+01 9.99632587998383e+04 
7.14189347160093e+01 9.99593047704013e+04 
7.15769336370085e+01 9.99554650728294e+04 
7.17349322495437e+01 9.99524194364961e+04 
7.18929307461385e+01 9.99495635016532e+04 
7.20509289766604e+01 9.99472526174124e+04 
7.22089272661357e+01 9.99451361021547e+04 
7.23669254718874e+01 9.99443360012790e+04 
7.25249235776293e+01 9.99437478399211e+04 
7.26829219494500e+01 9.99437283167550e+04 
7.28409203727508e+01 9.99437865406444e+04 
7.29989186538633e+01 9.99442992066583e+04 
7.31569171184710e+01 9.99455773333084e+04 
7.33149154807419e+01 9.99482411953047e+04 
7.34729138742871e+01 9.99512870004403e+04 
7.36309123482416e+01 9.99543294103450e+04 
7.37889111043111e+01 9.99572590387334e+04 
7.39469098644377e+01 9.99603764241998e+04 
7.41049087471577e+01 9.99647337231561e+04 
7.42629075233993e+01 9.99700886775148e+04 
7.44209062786759e+01 9.99757461438523e+04 
7.45789051660299e+01 9.99808854816443e+04 
7.47369040521852e+01 9.99859796294291e+04 
7.48949026971529e+01 9.99909000635817e+04 
7.50529013271319e+01 9.99969737533131e+04 
7.52109000002093e+01 1.00003221203646e+05 
7.53688985762336e+01 1.00009485948454e+05 
7.55268972581844e+01 1.00014910017752e+05 
7.56848960103278e+01 1.00020032846321e+05 
7.58428947255754e+01 1.00024635439418e+05 
7.60008936594136e+01 1.00030015204292e+05 
7.61588924322546e+01 1.00034667943609e+05 
7.63168911638559e+01 1.00039173559691e+05 
7.64748900450755e+01 1.00042759345548e+05 
7.66328890548658e+01 1.00046007875603e+05 
7.67908878834910e+01 1.00048644046725e+05 
7.69488867890563e+01 1.00051380883985e+05 
7.71068856575359e+01 1.00052744456808e+05 
7.72648846605642e+01 1.00053915396029e+05 
7.74228838477881e+01 1.00054443605695e+05 
7.75808832323467e+01 1.00054737822721e+05 
7.77388824246277e+01 1.00054620495336e+05 
7.78968816322887e+01 1.00053943720176e+05 
7.80548807011359e+01 1.00051919618811e+05 
7.82128796943324e+01 1.00049529731380e+05 
7.83708787081097e+01 1.00046978859168e+05 
7.85288777862713e+01 1.00044478739594e+05 
7.86868768060587e+01 1.00041884900984e+05 
7.88448759839678e+01 1.00038198282231e+05 
7.90028750293676e+01 1.00033485081915e+05 
7.91608740579794e+01 1.00028511611232e+05 
7.93188731240776e+01 1.00023861708689e+05 
7.94768722866737e+01 1.00019488257922e+05 
7.96348714744995e+01 1.00015047476047e+05 
7.97928707841639e+01 1.00009545542596e+05 
7.99508700431175e+01 1.00003647893294e+05 
8.01088692532010e+01 9.99976326642443e+04 
8.02668685571017e+01 9.99923415667194e+04 
8.04248679221742e+01 9.99872929770513e+04 
8.05828672895297e+01 9.99826191905131e+04 
8.07408668401889e+01 9.99770698255702e+04 
8.08988663183940e+01 9.99719265813268e+04 
8.10568658136689e+01 9.99668316533083e+04 
8.12148653641856e+01 9.99625949757441e+04 
8.13728650602450e+01 9.99586180258782e+04 
8.15308647094415e+01 9.99551773411624e+04 
8.16888645412167e+01 9.99514290919387e+04 
8.18468642992061e+01 9.99489638027004e+04 
8.20048640365115e+01 9.99465904195733e+04 
8.21628638878385e+01 9.99449156117782e+04 
8.23208638447879e+01 9.99434136344355e+04 
8.24788638290085e+01 9.99424944083406e+04 
8.26368639316287e+01 9.99419781148182e+04 
8.27948639928999e+01 9.99429022342778e+04 
8.29528640097892e+01 9.99441376474439e+04 
8.31108641257694e+01 9.99457231303423e+04 
8.32688643339817e+01 9.99473807253594e+04 
8.34268645003396e+01 9.99493996876079e+04 
8.35848648702901e+01 9.99523765050668e+04 
8.37428651207969e+01 9.99566488743650e+04 
8.39008653577218e+01 9.99612552259881e+04 
8.40588656514321e+01 9.99655959820749e+04 
8.42168660797810e+01 9.99698366166287e+04 
8.43748664504764e+01 9.99741991571814e+04 
8.45328669632765e+01 9.99797273433065e+04 
8.46908673910183e+01 9.99859758297008e+04 
8.48488677558302e+01 9.99924604329613e+04 
8.50068682338221e+01 9.99982747134350e+04 
8.51648687934220e+01 1.00003865408066e+05 
8.53228693020651e+01 1.00009080189049e+05 
8.54808699523303e+01 1.00015240727045e+05 
8.56388704750119e+01 1.00021141530821e+05 
8.57968709951201e+01 1.00026964487763e+05 
8.59548715414848e+01 1.00031887743328e+05 
8.61128721364377e+01 1.00036515580217e+05 
8.62708727179347e+01 1.00040532049005e+05 
8.64288733473842e+01 1.00044934709853e+05 
8.65868739800674e+01 1.00048196794716e+05 
8.67448745080638e+01 1.00051259300302e+05 
8.69028751837753e+01 1.00053503192898e+05 
8.70608758960404e+01 1.00055535113786e+05 
8.72188765860811e+01 1.00056915470694e+05 
8.73768773582707e+01 1.00058052398481e+05 
8.75348780012508e+01 1.00057790102195e+05 
8.76928786004829e+01 1.00057216794087e+05 
8.78508792441084e+01 1.00056174737889e+05 
8.80088800434000e+01 1.00055015319354e+05 
8.81668806916759e+01 1.00053471706005e+05 
8.83248814855233e+01 1.00051135796406e+05 
8.84828821285871e+01 1.00047556552069e+05 
8.86408826913246e+01 1.00043661229783e+05 
8.87988833442697e+01 1.00039900973199e+05 
8.89568840341034e+01 1.00036294335343e+05 
8.91148847006716e+01 1.00032620876501e+05 
8.92728853750260e+01 1.00027808575318e+05 
8.94308859501744e+01 1.00022200706966e+05 
8.95888863918260e+01 1.00016319259604e+05 
8.97468869365088e+01 1.00011033652438e+05 
8.99048875615784e+01 1.00005918826962e+05 
9.00628880436466e+01 1.00001030547481e+05 
9.02208886930447e+01 9.99951749813939e+04 
9.03788890986989e+01 9.99892516430408e+04 
9.05368894584843e+01 9.99833084571391e+04 
9.06948898189981e+01 9.99781821927693e+04 
9.08528902524989e+01 9.99732841524563e+04 
9.10108905775425e+01 9.99688443655296e+04 
9.11688909467955e+01 9.99638246543811e+04 
9.13268912145514e+01 9.99595693253358e+04 
9.14848913158008e+01 9.99554736318804e+04 
9.16428915822170e+01 9.99522303040174e+04 
9.18008918169298e+01 9.99491602393630e+04 
9.19588919708743e+01 9.99466808182135e+04 
9.21168922103786e+01 9.99442520941079e+04 
9.22748922710947e+01 9.99432277857446e+04 
9.24328922715071e+01 9.99424451415034e+04 
9.25908922911711e+01 9.99422362125108e+04 
9.27488924135160e+01 9.99421615038274e+04 
9.29068924081221e+01 9.99425474994323e+04 
9.30648924455409e+01 9.99436352038831e+04 
9.32228924177697e+01 9.99461408901815e+04 
9.33808923174738e+01 9.99490881698038e+04 
9.35388923127242e+01 9.99520918537360e+04 
9.36968923560327e+01 9.99550125275912e+04 
9.38548923989902e+01 9.99581436970300e+04 
9.40128924384549e+01 9.99624783418285e+04 
9.41708924405656e+01 9.99678528182310e+04 
9.43288923108054e+01 9.99735821141258e+04 
9.44868920599109e+01 9.99787594182295e+04 
9.46448916529606e+01 9.99839537034924e+04 
9.48028916076712e+01 9.99890662702947e+04 
9.49608914944496e+01 9.99953006308582e+04 
9.51188913057259e+01 1.00001827384236e+05 
9.52768912337209e+01 1.00008345989769e+05 
9.54348911411694e+01 1.00014020625966e+05 
9.55928911756063e+01 1.00019450535556e+05 
9.57508910635802e+01 1.00024371942065e+05 
9.59088910424678e+01 1.00030044149468e+05 
9.60668908867435e+01 1.00035073930203e+05 
9.62248906047757e+01 1.00039930848002e+05 
9.63828904827730e+01 1.00043850389099e+05 
9.65408903462501e+01 1.00047471234478e+05 
9.66988901623332e+01 1.00050447938387e+05 
9.68568900168082e+01 1.00053528344106e+05 
9.70148897240250e+01 1.00055183543938e+05 
9.71728892944551e+01 1.00056696418901e+05 
9.73308889047403e+01 1.00057495615101e+05 
9.74888886147520e+01 1.00058081916405e+05 
9.76468881266289e+01 1.00058189769984e+05 
9.78048877845412e+01 1.00057760196211e+05 
9.79628871957190e+01 1.00055954732580e+05 
9.81208865399089e+01 1.00053735263331e+05 
9.82788858937054e+01 1.00051290428567e+05 
9.84368853019583e+01 1.00048888493719e+05 
9.85948846206375e+01 1.00046346085589e+05 
9.87528839618249e+01 1.00042674952910e+05 
9.89108832001843e+01 1.00037957938876e+05 
9.90688822583182e+01 1.00032959026601e+05 
9.92268814607112e+01 1.00028290495983e+05 
9.93848806720824e+01 1.00023855189025e+05 
9.95428797821141e+01 1.00019378279453e+05 
9.97008790097915e+01 1.00013814441224e+05 
9.98588780603129e+01 1.00007764993849e+05 
1.00016877088879e+02 1.00001533663469e+05 
