# Liste des scalaires : TEMPS pmat 
0.00000000000000e+00 1.00000000000000e+05 
1.58013544018059e-01 1.00000000000000e+05 
3.16027088036117e-01 1.00000000000000e+05 
4.74040632054176e-01 1.00000000000000e+05 
6.32054176072234e-01 1.00000000000000e+05 
7.90067720090293e-01 1.00000000000000e+05 
9.48081264108351e-01 1.00000000000000e+05 
1.10609480812641e+00 1.00000000000000e+05 
1.26410835214447e+00 1.00000000000000e+05 
1.42212189616253e+00 1.00000000000000e+05 
1.58013544018058e+00 1.00000000000000e+05 
1.73814898419864e+00 1.00000000000000e+05 
1.89616252821670e+00 1.00000000000000e+05 
2.05417607223476e+00 1.00000000000000e+05 
2.21218961625282e+00 1.00000000000000e+05 
2.37020316027087e+00 1.00000000000000e+05 
2.52821670428893e+00 1.00000000000000e+05 
2.68623024830699e+00 1.00000000000000e+05 
2.84424379232505e+00 1.00000000000000e+05 
3.00225733634311e+00 1.00000000000000e+05 
3.16027088036116e+00 1.00000000000000e+05 
3.31828442437922e+00 1.00000000000000e+05 
3.47629796839728e+00 1.00000000000000e+05 
3.63431151241534e+00 1.00000000000000e+05 
3.79232505643340e+00 1.00000000000000e+05 
3.95033860045145e+00 1.00000000000000e+05 
4.10835214446951e+00 1.00000000000000e+05 
4.26636568848757e+00 1.00000000000000e+05 
4.42437923250563e+00 1.00000000000000e+05 
4.58239277652368e+00 1.00000000000000e+05 
4.74040632054174e+00 1.00000000000000e+05 
4.89841986455980e+00 1.00000000000000e+05 
5.05643340857786e+00 1.00000000000000e+05 
5.21444695259591e+00 1.00000000000000e+05 
5.37246049661397e+00 1.00000000000000e+05 
5.53047404063203e+00 1.00000000000000e+05 
5.68848758465009e+00 1.00000000000000e+05 
5.84650112866814e+00 1.00000000000000e+05 
6.00451467268620e+00 1.00000000000000e+05 
6.16252821670426e+00 1.00000000000000e+05 
6.32054176072231e+00 1.00000000000000e+05 
6.47855530474037e+00 1.00000000000000e+05 
6.63656884875843e+00 1.00000000000000e+05 
6.79458239277648e+00 1.00000000000000e+05 
6.95259593679454e+00 1.00000000000000e+05 
7.11060948081260e+00 1.00000000000000e+05 
7.26862302483065e+00 1.00000000000000e+05 
7.42663656884871e+00 1.00000000000000e+05 
7.58465011286677e+00 1.00000000000000e+05 
7.74266365688483e+00 1.00000000000000e+05 
7.90067720090288e+00 1.00000000000000e+05 
8.05869074492094e+00 1.00000000000000e+05 
8.21670428893899e+00 1.00000000000000e+05 
8.37471783295705e+00 1.00000000000000e+05 
8.53273137697511e+00 1.00000000000000e+05 
8.69074492099316e+00 1.00000000000000e+05 
8.84875846501122e+00 1.00000000000000e+05 
9.00677200902927e+00 1.00000000000000e+05 
9.16478555304733e+00 1.00000000000000e+05 
9.32279909706538e+00 1.00000000000000e+05 
9.48081264108344e+00 1.00000000000000e+05 
9.63882618510150e+00 1.00000000000000e+05 
9.79683972911955e+00 1.00000000000000e+05 
9.95485327313761e+00 1.00000000000000e+05 
1.01128668171557e+01 1.00000000000000e+05 
1.02708803611737e+01 1.00000000000000e+05 
1.04288939051918e+01 1.00000000000000e+05 
1.05869074492098e+01 1.00000000000000e+05 
1.07449209932279e+01 1.00000000000000e+05 
1.09029345372459e+01 1.00000000000000e+05 
1.10609480812640e+01 1.00000000000000e+05 
1.12189616252821e+01 1.00000000000000e+05 
1.13769751693001e+01 1.00000000000000e+05 
1.15349887133182e+01 1.00000000000000e+05 
1.16930022573362e+01 1.00000000000000e+05 
1.18510158013543e+01 1.00000000000000e+05 
1.20090293453723e+01 1.00000000000000e+05 
1.21670428893904e+01 1.00000000000000e+05 
1.23250564334084e+01 1.00000000000000e+05 
1.24830699774265e+01 1.00000000000000e+05 
1.26410835214446e+01 1.00000000000000e+05 
1.27990970654626e+01 1.00000000000000e+05 
1.29571106094807e+01 1.00000000000000e+05 
1.31151241534987e+01 1.00000000000000e+05 
1.32731376975168e+01 1.00000000000000e+05 
1.34311512415348e+01 1.00000000000000e+05 
1.35891647855529e+01 1.00000000000000e+05 
1.37471783295709e+01 1.00000000000000e+05 
1.39051918735890e+01 1.00000000000000e+05 
1.40632054176071e+01 1.00000000000000e+05 
1.42212189616251e+01 1.00000000000000e+05 
1.43792325056432e+01 1.00000000000000e+05 
1.45372460496612e+01 1.00000000000000e+05 
1.46952595936793e+01 1.00000000000000e+05 
1.48532731376973e+01 1.00000000000000e+05 
1.50112866817154e+01 1.00000000000000e+05 
1.51693002257334e+01 1.00000000000000e+05 
1.53273137697515e+01 1.00000000000000e+05 
1.54853273137695e+01 1.00000000000000e+05 
1.56433408577876e+01 1.00000000000000e+05 
1.58013544018057e+01 1.00000000000000e+05 
1.59593679458237e+01 1.00000000000000e+05 
1.61173814898418e+01 1.00000000000000e+05 
1.62753950338598e+01 1.00000000000000e+05 
1.64334085778779e+01 1.00000000000000e+05 
1.65914221218959e+01 1.00000000000000e+05 
1.67494356659140e+01 1.00000000000000e+05 
1.69074492099320e+01 1.00000000000000e+05 
1.70654627539501e+01 1.00000000000000e+05 
1.72234762979681e+01 1.00000000000000e+05 
1.73814898419862e+01 1.00000000000000e+05 
1.75395033860043e+01 1.00000000000000e+05 
1.76975169300223e+01 1.00000000000000e+05 
1.78555304740404e+01 1.00000000000000e+05 
1.80135440180584e+01 1.00000000000000e+05 
1.81715575620765e+01 1.00000000000000e+05 
1.83295711060945e+01 1.00000000000000e+05 
1.84875846501126e+01 1.00000000000000e+05 
1.86455981941306e+01 1.00000000000000e+05 
1.88036117381487e+01 1.00000000000000e+05 
1.89616252821667e+01 1.00000000000000e+05 
1.91196388261848e+01 1.00000000000000e+05 
1.92776523702028e+01 1.00000000000000e+05 
1.94356659142209e+01 1.00000000000000e+05 
1.95936794582390e+01 1.00000000000000e+05 
1.97516930022570e+01 1.00000000000000e+05 
1.99097065462751e+01 1.00000000000000e+05 
2.00677200902931e+01 1.00000000000000e+05 
2.02257336343112e+01 1.00000000000000e+05 
2.03837471783292e+01 1.00000000000000e+05 
2.05417607223473e+01 1.00000000000000e+05 
2.06997742663653e+01 1.00000000000000e+05 
2.08577878103834e+01 1.00000000000000e+05 
2.10158013544014e+01 1.00000000000000e+05 
2.11738148984195e+01 1.00000000000000e+05 
2.13318284424376e+01 1.00000000000000e+05 
2.14898419864556e+01 1.00000000000000e+05 
2.16478555304737e+01 1.00000000000000e+05 
2.18058690744917e+01 1.00000000000000e+05 
2.19638826185098e+01 1.00000000000000e+05 
2.21218961625278e+01 1.00000000000000e+05 
2.22799097065459e+01 1.00000000000000e+05 
2.24379232505639e+01 1.00000000000000e+05 
2.25959367945820e+01 1.00000000000000e+05 
2.27539503386000e+01 1.00000000000000e+05 
2.29119638826181e+01 1.00000000000000e+05 
2.30699774266361e+01 1.00000000000000e+05 
2.32279909706542e+01 1.00000000000000e+05 
2.33860045146723e+01 1.00000000000000e+05 
2.35440180586903e+01 1.00000000000000e+05 
2.37020316027084e+01 1.00000000000000e+05 
2.38600451467264e+01 1.00000000000000e+05 
2.40180586907445e+01 1.00000000000000e+05 
2.41760722347625e+01 1.00000000000000e+05 
2.43340857787806e+01 1.00000000000000e+05 
2.44920993227986e+01 1.00000000000000e+05 
2.46501128668167e+01 1.00000000000000e+05 
2.48081264108347e+01 1.00000000000000e+05 
2.49661399548528e+01 1.00000000000000e+05 
2.51241534988708e+01 1.00000000000000e+05 
2.52821670428889e+01 1.00000000000000e+05 
2.54401805869069e+01 1.00000000000000e+05 
2.55981941309250e+01 1.00000000000000e+05 
2.57562076749430e+01 1.00000000000000e+05 
2.59142212189611e+01 1.00000000000000e+05 
2.60722347629791e+01 1.00000000000000e+05 
2.62302483069972e+01 1.00000000000000e+05 
2.63882618510153e+01 1.00000000000001e+05 
2.65462753950333e+01 1.00000000000001e+05 
2.67042889390514e+01 1.00000000000031e+05 
2.68623024830694e+01 1.00000000000116e+05 
2.70203160270875e+01 1.00000000000346e+05 
2.71783295711055e+01 1.00000000000942e+05 
2.73363431151236e+01 1.00000000001731e+05 
2.74943566591416e+01 1.00000000034124e+05 
2.76523702031597e+01 1.00000000310199e+05 
2.78103837471777e+01 1.00000000834005e+05 
2.79683972911958e+01 1.00000001176021e+05 
2.81264108352138e+01 1.00000001794138e+05 
2.82844243792319e+01 1.00000002642585e+05 
2.84424379232499e+01 1.00000003916249e+05 
2.86004514672680e+01 1.00000005776533e+05 
2.87584650112860e+01 1.00000008686567e+05 
2.89164785553041e+01 1.00000012988918e+05 
2.90744920993221e+01 1.00000019154206e+05 
2.92325056433402e+01 1.00000027598710e+05 
2.93905191873582e+01 1.00000039198026e+05 
2.95485327313763e+01 1.00000054986032e+05 
2.97065462753943e+01 1.00000077802304e+05 
2.98645598194124e+01 1.00000109422871e+05 
3.00225733634304e+01 1.00000152014885e+05 
3.01805869074485e+01 1.00000207137752e+05 
3.03386004514665e+01 1.00000278534103e+05 
3.04966139954843e+01 1.00000370260111e+05 
3.06546275395003e+01 1.00000493784465e+05 
3.08126410834971e+01 1.00000653754587e+05 
3.09706546272957e+01 1.00000854796658e+05 
3.11286681708936e+01 1.00001099626227e+05 
3.12866817143274e+01 1.00001395701273e+05 
3.14446952574723e+01 1.00001750194089e+05 
3.16027088001674e+01 1.00002189831667e+05 
3.17607223421364e+01 1.00002717167258e+05 
3.19187358832495e+01 1.00003330386855e+05 
3.20767494226194e+01 1.00004026502129e+05 
3.22347629599941e+01 1.00004800831743e+05 
3.23927764943706e+01 1.00005648632531e+05 
3.25507900239423e+01 1.00006596992405e+05 
3.27088035457829e+01 1.00007632786861e+05 
3.28668170595274e+01 1.00008729334810e+05 
3.30248305599181e+01 1.00009874386403e+05 
3.31828440425992e+01 1.00011020664374e+05 
3.33408575031136e+01 1.00012134021392e+05 
3.34988709293862e+01 1.00013216009993e+05 
3.36568843063214e+01 1.00014255594581e+05 
3.38148976325709e+01 1.00015223930694e+05 
3.39729108878444e+01 1.00016135099690e+05 
3.41309240403887e+01 1.00016905682907e+05 
3.42889370834585e+01 1.00017498028642e+05 
3.44469499667095e+01 1.00017896043278e+05 
3.46049626416154e+01 1.00018124602007e+05 
3.47629751094123e+01 1.00018201269795e+05 
3.49209873220811e+01 1.00018195467268e+05 
3.50789991793260e+01 1.00018025311429e+05 
3.52370106929348e+01 1.00017673580713e+05 
3.53950217552060e+01 1.00017085229478e+05 
3.55530322801683e+01 1.00016315508053e+05 
3.57110422484800e+01 1.00015408246131e+05 
3.58690516557028e+01 1.00014457177212e+05 
3.60270604042267e+01 1.00013428256184e+05 
3.61850684108629e+01 1.00012324659157e+05 
3.63430757025597e+01 1.00011065385254e+05 
3.65010821998343e+01 1.00009711755185e+05 
3.66590879149553e+01 1.00008285622984e+05 
3.68170929429180e+01 1.00006880074775e+05 
3.69750972659910e+01 1.00005511111188e+05 
3.71331008599683e+01 1.00004191796322e+05 
3.72911038794230e+01 1.00002846733587e+05 
3.74491063311914e+01 1.00001489742930e+05 
3.76071083058444e+01 1.00000109935661e+05 
3.77651096857588e+01 9.99987738917550e+04 
3.79231104073047e+01 9.99975433053006e+04 
3.80811109502943e+01 9.99964365094666e+04 
3.82391112062999e+01 9.99954032668584e+04 
3.83971111660317e+01 9.99944338507755e+04 
3.85551109656345e+01 9.99935008605263e+04 
3.87131105571401e+01 9.99926348931612e+04 
3.88711098652798e+01 9.99919206405052e+04 
3.90291090063081e+01 9.99913769524237e+04 
3.91871079803516e+01 9.99909894088938e+04 
3.93451069164122e+01 9.99907183662629e+04 
3.95031056072435e+01 9.99905158752943e+04 
3.96611044176520e+01 9.99903627452331e+04 
3.98191030871787e+01 9.99903119287701e+04 
3.99771018088401e+01 9.99903646251245e+04 
4.01351007074698e+01 9.99905036253241e+04 
4.02930997022155e+01 9.99906922443826e+04 
4.04510986021552e+01 9.99908766524083e+04 
4.06090971618161e+01 9.99910156686965e+04 
4.07670958737284e+01 9.99911342400128e+04 
4.09250951708767e+01 9.99912285791250e+04 
4.10830945501286e+01 9.99913162048981e+04 
4.12410939472816e+01 9.99913777380403e+04 
4.13990933807653e+01 9.99914070776982e+04 
4.15570928592266e+01 9.99913733028033e+04 
4.17150923413803e+01 9.99913092450509e+04 
4.18730918618998e+01 9.99912161815121e+04 
4.20310913871491e+01 9.99911206206553e+04 
4.21890909437351e+01 9.99910154962148e+04 
4.23470905543198e+01 9.99909120042547e+04 
4.25050902256413e+01 9.99907902560673e+04 
4.26630899184684e+01 9.99906824389471e+04 
4.28210896745392e+01 9.99905885732610e+04 
4.29790892602239e+01 9.99905423235722e+04 
4.31370888188632e+01 9.99905309764307e+04 
4.32950884109090e+01 9.99905709705483e+04 
4.34530877023690e+01 9.99906409802354e+04 
4.36110866376294e+01 9.99907624111693e+04 
4.37690854724754e+01 9.99909319502074e+04 
4.39270845035842e+01 9.99911935160158e+04 
4.40850833364672e+01 9.99915208052250e+04 
4.42430820276957e+01 9.99919255299378e+04 
4.44010804989590e+01 9.99923810478121e+04 
4.45590788134630e+01 9.99928984444648e+04 
4.47170770655565e+01 9.99934759420426e+04 
4.48750752148097e+01 9.99941643226712e+04 
4.50330732938293e+01 9.99949181321106e+04 
4.51910713795358e+01 9.99957424549888e+04 
4.53490693983586e+01 9.99965932363638e+04 
4.55070674106562e+01 9.99974473867474e+04 
4.56650653676240e+01 9.99983002571681e+04 
4.58230631625694e+01 9.99992068039043e+04 
4.59810608096228e+01 1.00000137932707e+05 
4.61390583312556e+01 1.00001098576182e+05 
4.62970557728472e+01 1.00002044086621e+05 
4.64550531385988e+01 1.00002927201422e+05 
4.66130504658573e+01 1.00003738695595e+05 
4.67710476910669e+01 1.00004528305517e+05 
4.69290448370875e+01 1.00005285149983e+05 
4.70870418817074e+01 1.00006021908820e+05 
4.72450388394929e+01 1.00006709935567e+05 
4.74030357844738e+01 1.00007295889251e+05 
4.75610327369803e+01 1.00007768746125e+05 
4.77190296641417e+01 1.00008153789667e+05 
4.78770265567167e+01 1.00008465472487e+05 
4.80350232907807e+01 1.00008722347741e+05 
4.81930199724646e+01 1.00008925043417e+05 
4.83510166821919e+01 1.00009020321893e+05 
4.85090134340476e+01 1.00009010710185e+05 
4.86670101864053e+01 1.00008888827094e+05 
4.88250069367958e+01 1.00008683748229e+05 
4.89830037017608e+01 1.00008422033971e+05 
4.91410003791622e+01 1.00008115722303e+05 
4.92989969712441e+01 1.00007735129266e+05 
4.94569936135427e+01 1.00007282509787e+05 
4.96149902571749e+01 1.00006703856310e+05 
4.97729869349215e+01 1.00006034763889e+05 
4.99309836461128e+01 1.00005294333015e+05 
5.00889804092298e+01 1.00004507166282e+05 
5.02469772586986e+01 1.00003687393909e+05 
5.04049742099479e+01 1.00002850946024e+05 
5.05629710368897e+01 1.00001919753307e+05 
5.07209677221875e+01 1.00000906066353e+05 
5.08789643925024e+01 9.99998305996144e+04 
5.10369611214738e+01 9.99987281497969e+04 
5.11949579837573e+01 9.99976595163104e+04 
5.13529549196390e+01 9.99966543976026e+04 
5.15109519220113e+01 9.99956450714335e+04 
5.16689490194469e+01 9.99946357280446e+04 
5.18269461871349e+01 9.99936272383850e+04 
5.19849434232851e+01 9.99926462429882e+04 
5.21429407955823e+01 9.99917551781970e+04 
5.23009380095267e+01 9.99909800057760e+04 
5.24589351151370e+01 9.99902974606528e+04 
5.26169322605497e+01 9.99896942286961e+04 
5.27749294397864e+01 9.99891427301120e+04 
5.29329267403186e+01 9.99886523136895e+04 
5.30909241439174e+01 9.99882751803967e+04 
5.32489216473604e+01 9.99880264153499e+04 
5.34069192807000e+01 9.99879169131320e+04 
5.35649170063727e+01 9.99879279105646e+04 
5.37229148023365e+01 9.99880258429587e+04 
5.38809127246988e+01 9.99881859449266e+04 
5.40389107877367e+01 9.99884407509588e+04 
5.41969089517492e+01 9.99887840934612e+04 
5.43549072484630e+01 9.99892823796288e+04 
5.45129054270051e+01 9.99899124728470e+04 
5.46709034516164e+01 9.99906367014792e+04 
5.48289014795824e+01 9.99914217129162e+04 
5.49868996507851e+01 9.99922619024069e+04 
5.51448978880694e+01 9.99931399533915e+04 
5.53028962526066e+01 9.99941439709989e+04 
5.54608947556885e+01 9.99952373612228e+04 
5.56188933188464e+01 9.99964003151185e+04 
5.57768920070724e+01 9.99975830706808e+04 
5.59348908650161e+01 9.99987369427396e+04 
5.60928898167026e+01 9.99998357959392e+04 
5.62508889037190e+01 1.00000962067196e+05 
5.64088881394332e+01 1.00002105525390e+05 
5.65668874484921e+01 1.00003265679433e+05 
5.67248868836807e+01 1.00004399703926e+05 
5.68828864893542e+01 1.00005445448986e+05 
5.70408861960338e+01 1.00006377241251e+05 
5.71988860391269e+01 1.00007246747600e+05 
5.73568857825965e+01 1.00008081984443e+05 
5.75148854374958e+01 1.00008884231665e+05 
5.76728851158728e+01 1.00009641653047e+05 
5.78308849012099e+01 1.00010274350821e+05 
5.79888847480601e+01 1.00010757258160e+05 
5.81468847532464e+01 1.00011097275056e+05 
5.83048848708051e+01 1.00011339367869e+05 
5.84628851001882e+01 1.00011493660966e+05 
5.86208854661624e+01 1.00011584663741e+05 
5.87788859510897e+01 1.00011554827036e+05 
5.89368865555350e+01 1.00011397947228e+05 
5.90948872830377e+01 1.00011060263482e+05 
5.92528880864323e+01 1.00010589872723e+05 
5.94108889302507e+01 1.00010009485363e+05 
5.95688898327881e+01 1.00009357108418e+05 
5.97268908041111e+01 1.00008615138128e+05 
5.98848918003332e+01 1.00007793422309e+05 
6.00428928680254e+01 1.00006785660088e+05 
6.02008940796456e+01 1.00005644474310e+05 
6.03588954725139e+01 1.00004395426069e+05 
6.05168971072922e+01 1.00003099204194e+05 
6.06748990531746e+01 1.00001803468799e+05 
6.08329010433522e+01 1.00000535769977e+05 
6.09909029438758e+01 9.99991906013758e+04 
6.11489044805151e+01 9.99977834937769e+04 
6.13069057727749e+01 9.99963337241252e+04 
6.14649070351632e+01 9.99948965968776e+04 
6.16229081384915e+01 9.99935590078874e+04 
6.17809092441211e+01 9.99923565096371e+04 
6.19389101339700e+01 9.99912135032430e+04 
6.20969109801752e+01 9.99901081268503e+04 
6.22549119387378e+01 9.99890434954424e+04 
6.24129129488496e+01 9.99880356426595e+04 
6.25709138861800e+01 9.99871827190139e+04 
6.27289151983368e+01 9.99865130656949e+04 
6.28869165870729e+01 9.99860021612933e+04 
6.30449181597254e+01 9.99855983981848e+04 
6.32029200758520e+01 9.99852854081769e+04 
6.33609221827735e+01 9.99850461201383e+04 
6.35189242560073e+01 9.99849561512271e+04 
6.36769260693996e+01 9.99850286860834e+04 
6.38349281051127e+01 9.99852880820083e+04 
6.39929298098694e+01 9.99856775790969e+04 
6.41509316615666e+01 9.99861697476586e+04 
6.43089337942408e+01 9.99867175707973e+04 
6.44669357869463e+01 9.99873564940056e+04 
6.46249374433373e+01 9.99880896440692e+04 
6.47829389136374e+01 9.99890058337154e+04 
6.49409399663625e+01 9.99900425709843e+04 
6.50989409632269e+01 9.99911727579584e+04 
6.52569421377169e+01 9.99923260773354e+04 
6.54149430085585e+01 9.99934749024382e+04 
6.55729437641150e+01 9.99946088354968e+04 
6.57309443638751e+01 9.99958301661216e+04 
6.58889448714392e+01 9.99971310290120e+04 
6.60469454271883e+01 9.99984981164574e+04 
6.62049458871531e+01 9.99998646810603e+04 
6.63629460911794e+01 1.00001163571625e+05 
6.65209461944869e+01 1.00002362569956e+05 
6.66789460139657e+01 1.00003559615094e+05 
6.68369454321013e+01 1.00004768436401e+05 
6.69949447414460e+01 1.00005981743668e+05 
6.71529441536746e+01 1.00007161146490e+05 
6.73109433241402e+01 1.00008212700320e+05 
6.74689424701647e+01 1.00009106402390e+05 
6.76269417991850e+01 1.00009889294786e+05 
6.77849410142811e+01 1.00010602613460e+05 
6.79429404441664e+01 1.00011252948205e+05 
6.81009399323400e+01 1.00011832781695e+05 
6.82589394467423e+01 1.00012257970444e+05 
6.84169390831585e+01 1.00012511639444e+05 
6.85749387125848e+01 1.00012579566132e+05 
6.87329381770452e+01 1.00012517166434e+05 
6.88909376719355e+01 1.00012349640172e+05 
6.90489371579850e+01 1.00012105020737e+05 
6.92069365995741e+01 1.00011734257490e+05 
6.93649360510441e+01 1.00011235095627e+05 
6.95229353740816e+01 1.00010538260146e+05 
6.96809345840638e+01 1.00009691839108e+05 
6.98389340499524e+01 1.00008739559507e+05 
6.99969337688401e+01 1.00007738158135e+05 
7.01549335087798e+01 1.00006691738017e+05 
7.03129334087804e+01 1.00005620619747e+05 
7.04709333808406e+01 1.00004415786590e+05 
7.06289333787524e+01 1.00003114812432e+05 
7.07869336204822e+01 1.00001746610140e+05 
7.09449340672215e+01 1.00000367014529e+05 
7.11029345997939e+01 9.99990431501726e+04 
7.12609350713582e+01 9.99978106181734e+04 
7.14189347160093e+01 9.99965723350942e+04 
7.15769336370085e+01 9.99953232786162e+04 
7.17349322495437e+01 9.99940800425322e+04 
7.18929307461385e+01 9.99928793581714e+04 
7.20509289766604e+01 9.99918092281565e+04 
7.22089272661357e+01 9.99909069172221e+04 
7.23669254718874e+01 9.99901074166332e+04 
7.25249235776293e+01 9.99893791593259e+04 
7.26829219494500e+01 9.99887132675501e+04 
7.28409203727508e+01 9.99881076442277e+04 
7.29989186538633e+01 9.99876458661964e+04 
7.31569171184710e+01 9.99873545032666e+04 
7.33149154807419e+01 9.99872278609065e+04 
7.34729138742871e+01 9.99872178810718e+04 
7.36309123482416e+01 9.99872951362527e+04 
7.37889111043111e+01 9.99874236094389e+04 
7.39469098644377e+01 9.99876592704842e+04 
7.41049087471577e+01 9.99880136759713e+04 
7.42629075233993e+01 9.99885345810515e+04 
7.44209062786759e+01 9.99891766349794e+04 
7.45789051660299e+01 9.99899029736427e+04 
7.47369040521852e+01 9.99906625660187e+04 
7.48949026971529e+01 9.99914661774808e+04 
7.50529013271319e+01 9.99923037602764e+04 
7.52109000002093e+01 9.99932713616557e+04 
7.53688985762336e+01 9.99943327864517e+04 
7.55268972581844e+01 9.99954645556444e+04 
7.56848960103278e+01 9.99966131709178e+04 
7.58428947255754e+01 9.99977366441394e+04 
7.60008936594136e+01 9.99988006048000e+04 
7.61588924322546e+01 9.99999189557746e+04 
7.63168911638559e+01 1.00001092093557e+05 
7.64748900450755e+01 1.00002306407633e+05 
7.66328890548658e+01 1.00003519813292e+05 
7.67908878834910e+01 1.00004652843362e+05 
7.69488867890563e+01 1.00005673032196e+05 
7.71068856575359e+01 1.00006654967325e+05 
7.72648846605642e+01 1.00007625993636e+05 
7.74228838477881e+01 1.00008572168890e+05 
7.75808832323467e+01 1.00009478639141e+05 
7.77388824246277e+01 1.00010265532005e+05 
7.78968816322887e+01 1.00010889576012e+05 
7.80548807011359e+01 1.00011376091168e+05 
7.82128796943324e+01 1.00011767602284e+05 
7.83708787081097e+01 1.00012082351928e+05 
7.85288777862713e+01 1.00012336702364e+05 
7.86868768060587e+01 1.00012454350086e+05 
7.88448759839678e+01 1.00012420366219e+05 
7.90028750293676e+01 1.00012204117685e+05 
7.91608740579794e+01 1.00011853912367e+05 
7.93188731240776e+01 1.00011402898270e+05 
7.94768722866737e+01 1.00010887737267e+05 
7.96348714744995e+01 1.00010271755463e+05 
7.97928707841639e+01 1.00009564252869e+05 
7.99508700431175e+01 1.00008681531036e+05 
8.01088692532010e+01 1.00007664902604e+05 
8.02668685571017e+01 1.00006555355295e+05 
8.04248679221742e+01 1.00005409761727e+05 
8.05828672895297e+01 1.00004255701302e+05 
8.07408668401889e+01 1.00003119535043e+05 
8.08988663183940e+01 1.00001892496756e+05 
8.10568658136689e+01 1.00000598764447e+05 
8.12148653641856e+01 9.99992582354512e+04 
8.13728650602450e+01 9.99979247156938e+04 
8.15308647094415e+01 9.99966686735866e+04 
8.16888645412167e+01 9.99955289150641e+04 
8.18468642992061e+01 9.99944216808602e+04 
8.20048640365115e+01 9.99933324743552e+04 
8.21628638878385e+01 9.99922645258072e+04 
8.23208638447879e+01 9.99912436735973e+04 
8.24788638290085e+01 9.99903558443287e+04 
8.26368639316287e+01 9.99896303833544e+04 
8.27948639928999e+01 9.99890255176751e+04 
8.29528640097892e+01 9.99885027162924e+04 
8.31108641257694e+01 9.99880467175926e+04 
8.32688643339817e+01 9.99876496797824e+04 
8.34268645003396e+01 9.99873919701498e+04 
8.35848648702901e+01 9.99872915981641e+04 
8.37428651207969e+01 9.99873587174949e+04 
8.39008653577218e+01 9.99875434450027e+04 
8.40588656514321e+01 9.99878179631319e+04 
8.42168660797810e+01 9.99881530514809e+04 
8.43748664504764e+01 9.99885831464746e+04 
8.45328669632765e+01 9.99891141459166e+04 
8.46908673910183e+01 9.99898117087947e+04 
8.48488677558302e+01 9.99906334527662e+04 
8.50068682338221e+01 9.99915413775877e+04 
8.51648687934220e+01 9.99924784707029e+04 
8.53228693020651e+01 9.99934362931795e+04 
8.54808699523303e+01 9.99943980479569e+04 
8.56388704750119e+01 9.99954624501181e+04 
8.57968709951201e+01 9.99966099192160e+04 
8.59548715414848e+01 9.99978204713767e+04 
8.61128721364377e+01 9.99990415758262e+04 
8.62708727179347e+01 1.00000219496931e+05 
8.64288733473842e+01 1.00001328335404e+05 
8.65868739800674e+01 1.00002464650890e+05 
8.67448745080638e+01 1.00003626515651e+05 
8.69028751837753e+01 1.00004806253708e+05 
8.70608758960404e+01 1.00005967059209e+05 
8.72188765860811e+01 1.00007022588780e+05 
8.73768773582707e+01 1.00007943747357e+05 
8.75348780012508e+01 1.00008790812735e+05 
8.76928786004829e+01 1.00009592787113e+05 
8.78508792441084e+01 1.00010349795070e+05 
8.80088800434000e+01 1.00011055602480e+05 
8.81668806916759e+01 1.00011613509236e+05 
8.83248814855233e+01 1.00012011477343e+05 
8.84828821285871e+01 1.00012243099884e+05 
8.86408826913246e+01 1.00012360386863e+05 
8.87988833442697e+01 1.00012388370767e+05 
8.89568840341034e+01 1.00012340776053e+05 
8.91148847006716e+01 1.00012161102596e+05 
8.92728853750260e+01 1.00011838717960e+05 
8.94308859501744e+01 1.00011324289375e+05 
8.95888863918260e+01 1.00010667984389e+05 
8.97468869365088e+01 1.00009897166685e+05 
8.99048875615784e+01 1.00009048888964e+05 
9.00628880436466e+01 1.00008132746608e+05 
9.02208886930447e+01 1.00007149139910e+05 
9.03788890986989e+01 1.00006030660216e+05 
9.05368894584843e+01 1.00004798144592e+05 
9.06948898189981e+01 1.00003476651743e+05 
9.08528902524989e+01 1.00002131608278e+05 
9.10108905775425e+01 1.00000815127720e+05 
9.11688909467955e+01 9.99995652332341e+04 
9.13268912145514e+01 9.99982829411956e+04 
9.14848913158008e+01 9.99969723488931e+04 
9.16428915822170e+01 9.99956462285337e+04 
9.18008918169298e+01 9.99943532284154e+04 
9.19588919708743e+01 9.99931826100460e+04 
9.21168922103786e+01 9.99921675286081e+04 
9.22748922710947e+01 9.99912343567905e+04 
9.24328922715071e+01 9.99903589403729e+04 
9.25908922911711e+01 9.99895389291442e+04 
9.27488924135160e+01 9.99887809213858e+04 
9.29068924081221e+01 9.99881710182643e+04 
9.30648924455409e+01 9.99877367048538e+04 
9.32228924177697e+01 9.99874614616098e+04 
9.33808923174738e+01 9.99872960571866e+04 
9.35388923127242e+01 9.99872153509776e+04 
9.36968923560327e+01 9.99871988719143e+04 
9.38548923989902e+01 9.99873054333075e+04 
9.40128924384549e+01 9.99875511031339e+04 
9.41708924405656e+01 9.99879632281018e+04 
9.43288923108054e+01 9.99884921817197e+04 
9.44868920599109e+01 9.99891139661150e+04 
9.46448916529606e+01 9.99897901581852e+04 
9.48028916076712e+01 9.99905282867354e+04 
9.49608914944496e+01 9.99913242013918e+04 
9.51188913057259e+01 9.99922459522513e+04 
9.52768912337209e+01 9.99932589236084e+04 
9.54348911411694e+01 9.99943460733403e+04 
9.55928911756063e+01 9.99954499274262e+04 
9.57508910635802e+01 9.99965375774764e+04 
9.59088910424678e+01 9.99975885505691e+04 
9.60668908867435e+01 9.99987006389160e+04 
9.62248906047757e+01 9.99998663135005e+04 
9.63828904827730e+01 1.00001080079922e+05 
9.65408903462501e+01 1.00002290916962e+05 
9.66988901623332e+01 1.00003426218705e+05 
9.68568900168082e+01 1.00004452436440e+05 
9.70148897240250e+01 1.00005458909119e+05 
9.71728892944551e+01 1.00006457835679e+05 
9.73308889047403e+01 1.00007448692866e+05 
9.74888886147520e+01 1.00008402745807e+05 
9.76468881266289e+01 1.00009233510315e+05 
9.78048877845412e+01 1.00009915329571e+05 
9.79628871957190e+01 1.00010484538882e+05 
9.81208865399089e+01 1.00010978847407e+05 
9.82788858937054e+01 1.00011409854616e+05 
9.84368853019583e+01 1.00011777271405e+05 
9.85948846206375e+01 1.00012002681947e+05 
9.87528839618249e+01 1.00012072242880e+05 
9.89108832001843e+01 1.00011977293669e+05 
9.90688822583182e+01 1.00011763445868e+05 
9.92268814607112e+01 1.00011456787005e+05 
9.93848806720824e+01 1.00011082301869e+05 
9.95428797821141e+01 1.00010599794935e+05 
9.97008790097915e+01 1.00010007195425e+05 
9.98588780603129e+01 1.00009242706066e+05 
1.00016877088879e+02 1.00008347066698e+05 
