# Liste des scalaires : TEMPS pmat 
0.00000000000000e+00 1.00000000000000e+05 
1.58013544018059e-01 1.00000000000000e+05 
3.16027088036117e-01 1.00000000000000e+05 
4.74040632054176e-01 1.00000000000000e+05 
6.32054176072234e-01 1.00000000000000e+05 
7.90067720090293e-01 1.00000000000000e+05 
9.48081264108351e-01 1.00000000000000e+05 
1.10609480812641e+00 1.00000000000000e+05 
1.26410835214447e+00 1.00000000000000e+05 
1.42212189616253e+00 1.00000000000000e+05 
1.58013544018058e+00 1.00000000000000e+05 
1.73814898419864e+00 1.00000000000000e+05 
1.89616252821670e+00 1.00000000000000e+05 
2.05417607223476e+00 1.00000000000000e+05 
2.21218961625282e+00 1.00000000000000e+05 
2.37020316027087e+00 1.00000000000000e+05 
2.52821670428893e+00 1.00000000000000e+05 
2.68623024830699e+00 1.00000000000000e+05 
2.84424379232505e+00 1.00000000000000e+05 
3.00225733634311e+00 1.00000000000000e+05 
3.16027088036116e+00 1.00000000000000e+05 
3.31828442437922e+00 1.00000000000000e+05 
3.47629796839728e+00 1.00000000000000e+05 
3.63431151241534e+00 1.00000000000000e+05 
3.79232505643340e+00 1.00000000000000e+05 
3.95033860045145e+00 1.00000000000000e+05 
4.10835214446951e+00 1.00000000000000e+05 
4.26636568848757e+00 1.00000000000000e+05 
4.42437923250563e+00 1.00000000000000e+05 
4.58239277652368e+00 1.00000000000000e+05 
4.74040632054174e+00 1.00000000000000e+05 
4.89841986455980e+00 1.00000000000000e+05 
5.05643340857786e+00 1.00000000000000e+05 
5.21444695259591e+00 1.00000000000000e+05 
5.37246049661397e+00 1.00000000000000e+05 
5.53047404063203e+00 1.00000000000000e+05 
5.68848758465009e+00 1.00000000000000e+05 
5.84650112866814e+00 1.00000000000000e+05 
6.00451467268620e+00 1.00000000000000e+05 
6.16252821670426e+00 1.00000000000000e+05 
6.32054176072231e+00 1.00000000000000e+05 
6.47855530474037e+00 1.00000000000000e+05 
6.63656884875843e+00 1.00000000000000e+05 
6.79458239277648e+00 1.00000000000000e+05 
6.95259593679454e+00 1.00000000000000e+05 
7.11060948081260e+00 1.00000000000000e+05 
7.26862302483065e+00 1.00000000000000e+05 
7.42663656884871e+00 1.00000000000000e+05 
7.58465011286677e+00 1.00000000000000e+05 
7.74266365688483e+00 1.00000000000000e+05 
7.90067720090288e+00 1.00000000000000e+05 
8.05869074492094e+00 1.00000000000000e+05 
8.21670428893899e+00 1.00000000000000e+05 
8.37471783295705e+00 1.00000000000000e+05 
8.53273137697511e+00 1.00000000000000e+05 
8.69074492099316e+00 1.00000000000000e+05 
8.84875846501122e+00 1.00000000000000e+05 
9.00677200902927e+00 1.00000000000000e+05 
9.16478555304733e+00 1.00000000000000e+05 
9.32279909706538e+00 1.00000000000000e+05 
9.48081264108344e+00 1.00000000000000e+05 
9.63882618510150e+00 1.00000000000000e+05 
9.79683972911955e+00 1.00000000000000e+05 
9.95485327313761e+00 1.00000000000000e+05 
1.01128668171557e+01 1.00000000000000e+05 
1.02708803611737e+01 1.00000000000000e+05 
1.04288939051918e+01 1.00000000000000e+05 
1.05869074492098e+01 1.00000000000000e+05 
1.07449209932279e+01 1.00000000000000e+05 
1.09029345372459e+01 1.00000000000000e+05 
1.10609480812640e+01 1.00000000000000e+05 
1.12189616252821e+01 1.00000000000000e+05 
1.13769751693001e+01 1.00000000000000e+05 
1.15349887133182e+01 1.00000000000000e+05 
1.16930022573362e+01 1.00000000000000e+05 
1.18510158013543e+01 1.00000000000000e+05 
1.20090293453723e+01 1.00000000000000e+05 
1.21670428893904e+01 1.00000000000000e+05 
1.23250564334084e+01 1.00000000000000e+05 
1.24830699774265e+01 1.00000000000000e+05 
1.26410835214446e+01 1.00000000000000e+05 
1.27990970654626e+01 1.00000000000000e+05 
1.29571106094807e+01 1.00000000000000e+05 
1.31151241534987e+01 1.00000000000000e+05 
1.32731376975168e+01 1.00000000000000e+05 
1.34311512415348e+01 1.00000000000000e+05 
1.35891647855529e+01 1.00000000000000e+05 
1.37471783295709e+01 1.00000000000000e+05 
1.39051918735890e+01 1.00000000000000e+05 
1.40632054176071e+01 1.00000000000000e+05 
1.42212189616251e+01 1.00000000000000e+05 
1.43792325056432e+01 1.00000000000000e+05 
1.45372460496612e+01 1.00000000000000e+05 
1.46952595936793e+01 1.00000000000000e+05 
1.48532731376973e+01 1.00000000000000e+05 
1.50112866817154e+01 1.00000000000000e+05 
1.51693002257334e+01 1.00000000000000e+05 
1.53273137697515e+01 1.00000000000000e+05 
1.54853273137695e+01 1.00000000000000e+05 
1.56433408577876e+01 1.00000000000000e+05 
1.58013544018057e+01 1.00000000000000e+05 
1.59593679458237e+01 1.00000000000000e+05 
1.61173814898418e+01 1.00000000000000e+05 
1.62753950338598e+01 1.00000000000000e+05 
1.64334085778779e+01 1.00000000000000e+05 
1.65914221218959e+01 1.00000000000000e+05 
1.67494356659140e+01 1.00000000000000e+05 
1.69074492099320e+01 1.00000000000000e+05 
1.70654627539501e+01 1.00000000000000e+05 
1.72234762979681e+01 1.00000000000000e+05 
1.73814898419862e+01 1.00000000000000e+05 
1.75395033860043e+01 1.00000000000000e+05 
1.76975169300223e+01 1.00000000000000e+05 
1.78555304740404e+01 1.00000000000000e+05 
1.80135440180584e+01 1.00000000000000e+05 
1.81715575620765e+01 1.00000000000000e+05 
1.83295711060945e+01 1.00000000000000e+05 
1.84875846501126e+01 1.00000000000000e+05 
1.86455981941306e+01 1.00000000000000e+05 
1.88036117381487e+01 1.00000000000000e+05 
1.89616252821667e+01 1.00000000000000e+05 
1.91196388261848e+01 1.00000000000000e+05 
1.92776523702028e+01 1.00000000000000e+05 
1.94356659142209e+01 1.00000000000000e+05 
1.95936794582390e+01 1.00000000000000e+05 
1.97516930022570e+01 1.00000000000000e+05 
1.99097065462751e+01 1.00000000000000e+05 
2.00677200902931e+01 1.00000000000000e+05 
2.02257336343112e+01 1.00000000000000e+05 
2.03837471783292e+01 1.00000000000000e+05 
2.05417607223473e+01 1.00000000000000e+05 
2.06997742663653e+01 1.00000000000000e+05 
2.08577878103834e+01 1.00000000000000e+05 
2.10158013544014e+01 1.00000000000000e+05 
2.11738148984195e+01 1.00000000000000e+05 
2.13318284424376e+01 1.00000000000000e+05 
2.14898419864556e+01 1.00000000000000e+05 
2.16478555304737e+01 1.00000000000000e+05 
2.18058690744917e+01 1.00000000000000e+05 
2.19638826185098e+01 1.00000000000000e+05 
2.21218961625278e+01 1.00000000000000e+05 
2.22799097065459e+01 1.00000000000000e+05 
2.24379232505639e+01 1.00000000000000e+05 
2.25959367945820e+01 1.00000000000000e+05 
2.27539503386000e+01 1.00000000000000e+05 
2.29119638826181e+01 1.00000000000000e+05 
2.30699774266361e+01 1.00000000000000e+05 
2.32279909706542e+01 1.00000000000000e+05 
2.33860045146723e+01 1.00000000000000e+05 
2.35440180586903e+01 1.00000000000000e+05 
2.37020316027084e+01 1.00000000000000e+05 
2.38600451467264e+01 1.00000000000000e+05 
2.40180586907445e+01 1.00000000000000e+05 
2.41760722347625e+01 1.00000000000000e+05 
2.43340857787806e+01 1.00000000000000e+05 
2.44920993227986e+01 1.00000000000000e+05 
2.46501128668167e+01 1.00000000000000e+05 
2.48081264108347e+01 1.00000000000001e+05 
2.49661399548528e+01 1.00000000000001e+05 
2.51241534988708e+01 1.00000000000011e+05 
2.52821670428889e+01 1.00000000000027e+05 
2.54401805869069e+01 1.00000000000089e+05 
2.55981941309250e+01 1.00000000000270e+05 
2.57562076749430e+01 1.00000000000723e+05 
2.59142212189611e+01 1.00000000001249e+05 
2.60722347629791e+01 1.00000000003368e+05 
2.62302483069972e+01 1.00000000012818e+05 
2.63882618510153e+01 1.00000000021709e+05 
2.65462753950333e+01 1.00000000054749e+05 
2.67042889390514e+01 1.00000000237386e+05 
2.68623024830694e+01 1.00000000458439e+05 
2.70203160270875e+01 1.00000000927518e+05 
2.71783295711055e+01 1.00000001339364e+05 
2.73363431151236e+01 1.00000001762564e+05 
2.74943566591416e+01 1.00000002477410e+05 
2.76523702031597e+01 1.00000003996568e+05 
2.78103837471777e+01 1.00000005509300e+05 
2.79683972911958e+01 1.00000008323519e+05 
2.81264108352138e+01 1.00000012209565e+05 
2.82844243792319e+01 1.00000016036258e+05 
2.84424379232499e+01 1.00000022181512e+05 
2.86004514672680e+01 1.00000033620731e+05 
2.87584650112860e+01 1.00000045433537e+05 
2.89164785553041e+01 1.00000067818012e+05 
2.90744920993221e+01 1.00000098615092e+05 
2.92325056433402e+01 1.00000130899994e+05 
2.93905191873582e+01 1.00000178566012e+05 
2.95485327313763e+01 1.00000253965673e+05 
2.97065462753943e+01 1.00000328766391e+05 
2.98645598194124e+01 1.00000449484519e+05 
3.00225733634304e+01 1.00000601007233e+05 
3.01805869074485e+01 1.00000751419609e+05 
3.03386004514665e+01 1.00000964667884e+05 
3.04966139954843e+01 1.00001291727406e+05 
3.06546275395003e+01 1.00001617696039e+05 
3.08126410834971e+01 1.00002132895965e+05 
3.09706546272957e+01 1.00002774341319e+05 
3.11286681708936e+01 1.00003435214710e+05 
3.12866817143274e+01 1.00004331402029e+05 
3.14446952574723e+01 1.00005577018180e+05 
3.16027088001674e+01 1.00006834572948e+05 
3.17607223421364e+01 1.00008523815624e+05 
3.19187358832495e+01 1.00010419731119e+05 
3.20767494226194e+01 1.00012308753451e+05 
3.22347629599941e+01 1.00014527543141e+05 
3.23927764943706e+01 1.00017098570838e+05 
3.25507900239423e+01 1.00019543657166e+05 
3.27088035457829e+01 1.00022279859945e+05 
3.28668170595274e+01 1.00024983535985e+05 
3.30248305599181e+01 1.00027413294944e+05 
3.31828440425992e+01 1.00029887434833e+05 
3.33408575031136e+01 1.00032241928766e+05 
3.34988709293862e+01 1.00034286366885e+05 
3.36568843063214e+01 1.00036076021752e+05 
3.38148976325709e+01 1.00037474571473e+05 
3.39729108878444e+01 1.00038520186851e+05 
3.41309240403887e+01 1.00039224498642e+05 
3.42889370834585e+01 1.00039485765530e+05 
3.44469499667095e+01 1.00039537284771e+05 
3.46049626416154e+01 1.00038916624681e+05 
3.47629751094123e+01 1.00037880484002e+05 
3.49209873220811e+01 1.00036742432447e+05 
3.50789991793260e+01 1.00035110196803e+05 
3.52370106929348e+01 1.00032908782999e+05 
3.53950217552060e+01 1.00030797790117e+05 
3.55530322801683e+01 1.00027974474368e+05 
3.57110422484800e+01 1.00024941897857e+05 
3.58690516557028e+01 1.00022107916178e+05 
3.60270604042267e+01 1.00018765931728e+05 
3.61850684108629e+01 1.00014976421205e+05 
3.63430757025597e+01 1.00011544358147e+05 
3.65010821998343e+01 1.00007607132308e+05 
3.66590879149553e+01 1.00003743618315e+05 
3.68170929429180e+01 1.00000188606908e+05 
3.69750972659910e+01 9.99962698572352e+04 
3.71331008599683e+01 9.99922112127678e+04 
3.72911038794230e+01 9.99885832095557e+04 
3.74491063311914e+01 9.99847827033877e+04 
3.76071083058444e+01 9.99812163902669e+04 
3.77651096857588e+01 9.99780120055254e+04 
3.79231104073047e+01 9.99746938592713e+04 
3.80811109502943e+01 9.99714065010213e+04 
3.82391112062999e+01 9.99685365400455e+04 
3.83971111660317e+01 9.99658874219709e+04 
3.85551109656345e+01 9.99635839008319e+04 
3.87131105571401e+01 9.99615754020627e+04 
3.88711098652798e+01 9.99597390138840e+04 
3.90291090063081e+01 9.99581853517369e+04 
3.91871079803516e+01 9.99568996136439e+04 
3.93451069164122e+01 9.99561279698518e+04 
3.95031056072435e+01 9.99556871882042e+04 
3.96611044176520e+01 9.99554210519118e+04 
3.98191030871787e+01 9.99555646638466e+04 
3.99771018088401e+01 9.99562050079894e+04 
4.01351007074698e+01 9.99568682934132e+04 
4.02930997022155e+01 9.99582502084723e+04 
4.04510986021552e+01 9.99598867755785e+04 
4.06090971618161e+01 9.99615253486924e+04 
4.07670958737284e+01 9.99637330314907e+04 
4.09250951708767e+01 9.99665228391891e+04 
4.10830945501286e+01 9.99691236779809e+04 
4.12410939472816e+01 9.99724119583786e+04 
4.13990933807653e+01 9.99758144646496e+04 
4.15570928592266e+01 9.99790367302602e+04 
4.17150923413803e+01 9.99828083083428e+04 
4.18730918618998e+01 9.99870170423385e+04 
4.20310913871491e+01 9.99908882716414e+04 
4.21890909437351e+01 9.99951935805954e+04 
4.23470905543198e+01 9.99993878279337e+04 
4.25050902256413e+01 1.00003219736409e+05 
4.26630899184684e+01 1.00007390051261e+05 
4.28210896745392e+01 1.00011759003392e+05 
4.29790892602239e+01 1.00015666782649e+05 
4.31370888188632e+01 1.00019599612850e+05 
4.32950884109090e+01 1.00023223843598e+05 
4.34530877023690e+01 1.00026480382783e+05 
4.36110866376294e+01 1.00029717290797e+05 
4.37690854724754e+01 1.00032781436512e+05 
4.39270845035842e+01 1.00035505107872e+05 
4.40850833364672e+01 1.00037800111888e+05 
4.42430820276957e+01 1.00039728968977e+05 
4.44010804989590e+01 1.00041431870674e+05 
4.45590788134630e+01 1.00042790626743e+05 
4.47170770655565e+01 1.00043680124364e+05 
4.48750752148097e+01 1.00044482930356e+05 
4.50330732938293e+01 1.00044557696122e+05 
4.51910713795358e+01 1.00044327149118e+05 
4.53490693983586e+01 1.00044067166071e+05 
4.55070674106562e+01 1.00043239090319e+05 
4.56650653676240e+01 1.00041765397936e+05 
4.58230631625694e+01 1.00040459288343e+05 
4.59810608096228e+01 1.00038332862102e+05 
4.61390583312556e+01 1.00036017700479e+05 
4.62970557728472e+01 1.00033840699330e+05 
4.64550531385988e+01 1.00031022870111e+05 
4.66130504658573e+01 1.00027603312419e+05 
4.67710476910669e+01 1.00024481091836e+05 
4.69290448370875e+01 1.00020717422828e+05 
4.70870418817074e+01 1.00016913119782e+05 
4.72450388394929e+01 1.00013279077586e+05 
4.74030357844738e+01 1.00009109581092e+05 
4.75610327369803e+01 1.00004512461403e+05 
4.77190296641417e+01 1.00000189155810e+05 
4.78770265567167e+01 9.99955750763686e+04 
4.80350232907807e+01 9.99910642869595e+04 
4.81930199724646e+01 9.99867441345586e+04 
4.83510166821919e+01 9.99822033013184e+04 
4.85090134340476e+01 9.99776133667385e+04 
4.86670101864053e+01 9.99732094329808e+04 
4.88250069367958e+01 9.99690152405245e+04 
4.89830037017608e+01 9.99650529462673e+04 
4.91410003791622e+01 9.99612198675626e+04 
4.92989969712441e+01 9.99575622378058e+04 
4.94569936135427e+01 9.99542837743166e+04 
4.96149902571749e+01 9.99510222031974e+04 
4.97729869349215e+01 9.99484678934007e+04 
4.99309836461128e+01 9.99462438037108e+04 
5.00889804092298e+01 9.99440603590992e+04 
5.02469772586986e+01 9.99424638343168e+04 
5.04049742099479e+01 9.99416246694261e+04 
5.05629710368897e+01 9.99406515938780e+04 
5.07209677221875e+01 9.99407366923702e+04 
5.08789643925024e+01 9.99411929676165e+04 
5.10369611214738e+01 9.99416046047077e+04 
5.11949579837573e+01 9.99428460311138e+04 
5.13529549196390e+01 9.99450295473495e+04 
5.15109519220113e+01 9.99469544326477e+04 
5.16689490194469e+01 9.99499190682293e+04 
5.18269461871349e+01 9.99531665523122e+04 
5.19849434232851e+01 9.99563398318165e+04 
5.21429407955823e+01 9.99601969013744e+04 
5.23009380095267e+01 9.99648554499913e+04 
5.24589351151370e+01 9.99692900973599e+04 
5.26169322605497e+01 9.99743772826549e+04 
5.27749294397864e+01 9.99795066709036e+04 
5.29329267403186e+01 9.99844665532479e+04 
5.30909241439174e+01 9.99898697844401e+04 
5.32489216473604e+01 9.99955280313885e+04 
5.34069192807000e+01 1.00000986134203e+05 
5.35649170063727e+01 1.00006407964759e+05 
5.37229148023365e+01 1.00011651617302e+05 
5.38809127246988e+01 1.00016768150345e+05 
5.40389107877367e+01 1.00021829661655e+05 
5.41969089517492e+01 1.00026568375043e+05 
5.43549072484630e+01 1.00031257531390e+05 
5.45129054270051e+01 1.00035272216124e+05 
5.46709034516164e+01 1.00038974954062e+05 
5.48289014795824e+01 1.00042625452643e+05 
5.49868996507851e+01 1.00045749283450e+05 
5.51448978880694e+01 1.00048083330774e+05 
5.53028962526066e+01 1.00050542554986e+05 
5.54608947556885e+01 1.00051954224885e+05 
5.56188933188464e+01 1.00053011197808e+05 
5.57768920070724e+01 1.00054061466851e+05 
5.59348908650161e+01 1.00054292455198e+05 
5.60928898167026e+01 1.00053537941325e+05 
5.62508889037190e+01 1.00053039231839e+05 
5.64088881394332e+01 1.00051440658236e+05 
5.65668874484921e+01 1.00049556837191e+05 
5.67248868836807e+01 1.00047746094310e+05 
5.68828864893542e+01 1.00045089581952e+05 
5.70408861960338e+01 1.00041552013429e+05 
5.71988860391269e+01 1.00038276514565e+05 
5.73568857825965e+01 1.00034196201363e+05 
5.75148854374958e+01 1.00029986608945e+05 
5.76728851158728e+01 1.00025879210891e+05 
5.78308849012099e+01 1.00021139976023e+05 
5.79888847480601e+01 1.00015893421920e+05 
5.81468847532464e+01 1.00010849826031e+05 
5.83048848708051e+01 1.00005535212619e+05 
5.84628851001882e+01 1.00000283777831e+05 
5.86208854661624e+01 9.99951573221757e+04 
5.87788859510897e+01 9.99898672728173e+04 
5.89368865555350e+01 9.99846225512751e+04 
5.90948872830377e+01 9.99794901833334e+04 
5.92528880864323e+01 9.99747514567521e+04 
5.94108889302507e+01 9.99702667605794e+04 
5.95688898327881e+01 9.99658714195933e+04 
5.97268908041111e+01 9.99618196239064e+04 
5.98848918003332e+01 9.99583847482355e+04 
6.00428928680254e+01 9.99549115374018e+04 
6.02008940796456e+01 9.99523889993188e+04 
6.03588954725139e+01 9.99502302150658e+04 
6.05168971072922e+01 9.99480946786018e+04 
6.06748990531746e+01 9.99467363922494e+04 
6.08329010433522e+01 9.99463566508687e+04 
6.09909029438758e+01 9.99457759831842e+04 
6.11489044805151e+01 9.99464356290437e+04 
6.13069057727749e+01 9.99474661618227e+04 
6.14649070351632e+01 9.99483941275736e+04 
6.16229081384915e+01 9.99502892986056e+04 
6.17809092441211e+01 9.99532366974082e+04 
6.19389101339700e+01 9.99558321912016e+04 
6.20969109801752e+01 9.99594702664041e+04 
6.22549119387378e+01 9.99633069033622e+04 
6.24129129488496e+01 9.99670266581850e+04 
6.25709138861800e+01 9.99713588721257e+04 
6.27289151983368e+01 9.99763803672618e+04 
6.28869165870729e+01 9.99811251496582e+04 
6.30449181597254e+01 9.99863416906511e+04 
6.32029200758520e+01 9.99914665325611e+04 
6.33609221827735e+01 9.99963895878497e+04 
6.35189242560073e+01 1.00001584784902e+05 
6.36769260693996e+01 1.00006851785698e+05 
6.38349281051127e+01 1.00011899324168e+05 
6.39929298098694e+01 1.00016653914935e+05 
6.41509316615666e+01 1.00021139060234e+05 
6.43089337942408e+01 1.00025530703226e+05 
6.44669357869463e+01 1.00029682072655e+05 
6.46249374433373e+01 1.00033338200890e+05 
6.47829389136374e+01 1.00037025160121e+05 
6.49409399663625e+01 1.00039841275216e+05 
6.50989409632269e+01 1.00042316029452e+05 
6.52569421377169e+01 1.00044873267247e+05 
6.54149430085585e+01 1.00046773884152e+05 
6.55729437641150e+01 1.00047759870948e+05 
6.57309443638751e+01 1.00049008463541e+05 
6.58889448714392e+01 1.00049096425198e+05 
6.60469454271883e+01 1.00048895359033e+05 
6.62049458871531e+01 1.00048838485074e+05 
6.63629460911794e+01 1.00047916368389e+05 
6.65209461944869e+01 1.00046012623281e+05 
6.66789460139657e+01 1.00044487298791e+05 
6.68369454321013e+01 1.00041899884527e+05 
6.69949447414460e+01 1.00039139604818e+05 
6.71529441536746e+01 1.00036492800559e+05 
6.73109433241402e+01 1.00033126863930e+05 
6.74689424701647e+01 1.00028932767983e+05 
6.76269417991850e+01 1.00025032033010e+05 
6.77849410142811e+01 1.00020488613163e+05 
6.79429404441664e+01 1.00015922660200e+05 
6.81009399323400e+01 1.00011499456578e+05 
6.82589394467423e+01 1.00006582214739e+05 
6.84169390831585e+01 1.00001326657317e+05 
6.85749387125848e+01 9.99962528795512e+04 
6.87329381770452e+01 9.99911812152329e+04 
6.88909376719355e+01 9.99862575331528e+04 
6.90489371579850e+01 9.99814203580749e+04 
6.92069365995741e+01 9.99766217885307e+04 
6.93649360510441e+01 9.99720907310553e+04 
6.95229353740816e+01 9.99675690831443e+04 
6.96809345840638e+01 9.99637161558422e+04 
6.98389340499524e+01 9.99601540489604e+04 
6.99969337688401e+01 9.99565968326783e+04 
7.01549335087798e+01 9.99535887866756e+04 
7.03129334087804e+01 9.99513882809036e+04 
7.04709333808406e+01 9.99489906250818e+04 
7.06289333787524e+01 9.99477381294501e+04 
7.07869336204822e+01 9.99468549979048e+04 
7.09449340672215e+01 9.99458927243493e+04 
7.11029345997939e+01 9.99458374788678e+04 
7.12609350713582e+01 9.99468531551364e+04 
7.14189347160093e+01 9.99475260078304e+04 
7.15769336370085e+01 9.99494279417268e+04 
7.17349322495437e+01 9.99516129793711e+04 
7.18929307461385e+01 9.99536459566211e+04 
7.20509289766604e+01 9.99566309994975e+04 
7.22089272661357e+01 9.99605075566642e+04 
7.23669254718874e+01 9.99640259912709e+04 
7.25249235776293e+01 9.99683793386810e+04 
7.26829219494500e+01 9.99728156848226e+04 
7.28409203727508e+01 9.99770578614057e+04 
7.29989186538633e+01 9.99819010771759e+04 
7.31569171184710e+01 9.99872007098460e+04 
7.33149154807419e+01 9.99922167828706e+04 
7.34729138742871e+01 9.99973726132996e+04 
7.36309123482416e+01 1.00002370311682e+05 
7.37889111043111e+01 1.00007231432767e+05 
7.39469098644377e+01 1.00012151112332e+05 
7.41049087471577e+01 1.00016901518847e+05 
7.42629075233993e+01 1.00021582935402e+05 
7.44209062786759e+01 1.00025692612167e+05 
7.45789051660299e+01 1.00029534495311e+05 
7.47369040521852e+01 1.00033386367561e+05 
7.48949026971529e+01 1.00036794630479e+05 
7.50529013271319e+01 1.00039525876425e+05 
7.52109000002093e+01 1.00042449404062e+05 
7.53688985762336e+01 1.00044344452985e+05 
7.55268972581844e+01 1.00045962817121e+05 
7.56848960103278e+01 1.00047706279849e+05 
7.58428947255754e+01 1.00048667006757e+05 
7.60008936594136e+01 1.00048656417041e+05 
7.61588924322546e+01 1.00049014936230e+05 
7.63168911638559e+01 1.00048214102977e+05 
7.64748900450755e+01 1.00047191800238e+05 
7.66328890548658e+01 1.00046350474542e+05 
7.67908878834910e+01 1.00044622038015e+05 
7.69488867890563e+01 1.00041954940519e+05 
7.71068856575359e+01 1.00039613036723e+05 
7.72648846605642e+01 1.00036457777428e+05 
7.74228838477881e+01 1.00033124629670e+05 
7.75808832323467e+01 1.00029940362799e+05 
7.77388824246277e+01 1.00026001098800e+05 
7.78968816322887e+01 1.00021405816741e+05 
7.80548807011359e+01 1.00017038991671e+05 
7.82128796943324e+01 1.00012271214705e+05 
7.83708787081097e+01 1.00007516741265e+05 
7.85288777862713e+01 1.00002838636421e+05 
7.86868768060587e+01 9.99978754812148e+04 
7.88448759839678e+01 9.99927919482246e+04 
7.90028750293676e+01 9.99877808117298e+04 
7.91608740579794e+01 9.99830406939061e+04 
7.93188731240776e+01 9.99784724332180e+04 
7.94768722866737e+01 9.99739118902933e+04 
7.96348714744995e+01 9.99695922538195e+04 
7.97928707841639e+01 9.99657493502591e+04 
7.99508700431175e+01 9.99617928285306e+04 
8.01088692532010e+01 9.99587151016869e+04 
8.02668685571017e+01 9.99559216950366e+04 
8.04248679221742e+01 9.99531006268681e+04 
8.05828672895297e+01 9.99509944282441e+04 
8.07408668401889e+01 9.99498235507386e+04 
8.08988663183940e+01 9.99483901575487e+04 
8.10568658136689e+01 9.99481877325733e+04 
8.12148653641856e+01 9.99483299436455e+04 
8.13728650602450e+01 9.99483601537935e+04 
8.15308647094415e+01 9.99493496696311e+04 
8.16888645412167e+01 9.99514197686237e+04 
8.18468642992061e+01 9.99531387815330e+04 
8.20048640365115e+01 9.99559749076588e+04 
8.21628638878385e+01 9.99590689359744e+04 
8.23208638447879e+01 9.99619844321064e+04 
8.24788638290085e+01 9.99656323478510e+04 
8.26368639316287e+01 9.99701319141635e+04 
8.27948639928999e+01 9.99743708597612e+04 
8.29528640097892e+01 9.99791918135614e+04 
8.31108641257694e+01 9.99839969652464e+04 
8.32688643339817e+01 9.99886531572275e+04 
8.34268645003396e+01 9.99936943528815e+04 
8.35848648702901e+01 9.99989558745720e+04 
8.37428651207969e+01 1.00004050750435e+05 
8.39008653577218e+01 1.00008980455481e+05 
8.40588656514321e+01 1.00013715465001e+05 
8.42168660797810e+01 1.00018400668009e+05 
8.43748664504764e+01 1.00022933199495e+05 
8.45328669632765e+01 1.00027081032597e+05 
8.46908673910183e+01 1.00031293495787e+05 
8.48488677558302e+01 1.00034716576466e+05 
8.50068682338221e+01 1.00037869364373e+05 
8.51648687934220e+01 1.00041094561577e+05 
8.53228693020651e+01 1.00043715096730e+05 
8.54808699523303e+01 1.00045485487939e+05 
8.56388704750119e+01 1.00047558252935e+05 
8.57968709951201e+01 1.00048485807193e+05 
8.59548715414848e+01 1.00049119677178e+05 
8.61128721364377e+01 1.00049899616638e+05 
8.62708727179347e+01 1.00049815569213e+05 
8.64288733473842e+01 1.00048738478156e+05 
8.65868739800674e+01 1.00048035357500e+05 
8.67448745080638e+01 1.00046239115413e+05 
8.69028751837753e+01 1.00044241354367e+05 
8.70608758960404e+01 1.00042337687720e+05 
8.72188765860811e+01 1.00039683175124e+05 
8.73768773582707e+01 1.00036118749196e+05 
8.75348780012508e+01 1.00032832449699e+05 
8.76928786004829e+01 1.00028810514036e+05 
8.78508792441084e+01 1.00024704691139e+05 
8.80088800434000e+01 1.00020699491883e+05 
8.81668806916759e+01 1.00016136550551e+05 
8.83248814855233e+01 1.00011113606562e+05 
8.84828821285871e+01 1.00006255563754e+05 
8.86408826913246e+01 1.00001273585912e+05 
8.87988833442697e+01 9.99963645003588e+04 
8.89568840341034e+01 9.99915041215553e+04 
8.91148847006716e+01 9.99865842387670e+04 
8.92728853750260e+01 9.99818034862733e+04 
8.94308859501744e+01 9.99770246073889e+04 
8.95888863918260e+01 9.99727948256623e+04 
8.97468869365088e+01 9.99688030542984e+04 
8.99048875615784e+01 9.99648039719992e+04 
9.00628880436466e+01 9.99612681639039e+04 
9.02208886930447e+01 9.99584408782330e+04 
9.03788890986989e+01 9.99554349400200e+04 
9.05368894584843e+01 9.99534835478112e+04 
9.06948898189981e+01 9.99518505913612e+04 
9.08528902524989e+01 9.99501709642886e+04 
9.10108905775425e+01 9.99493442218369e+04 
9.11688909467955e+01 9.99495565376921e+04 
9.13268912145514e+01 9.99494571279008e+04 
9.14848913158008e+01 9.99505704609838e+04 
9.16428915822170e+01 9.99519754183058e+04 
9.18008918169298e+01 9.99532525596009e+04 
9.19588919708743e+01 9.99554852183768e+04 
9.21168922103786e+01 9.99586681004099e+04 
9.22748922710947e+01 9.99615303986884e+04 
9.24328922715071e+01 9.99652697062961e+04 
9.25908922911711e+01 9.99691447814862e+04 
9.27488924135160e+01 9.99728634828152e+04 
9.29068924081221e+01 9.99772479774224e+04 
9.30648924455409e+01 9.99821855373185e+04 
9.32228924177697e+01 9.99868589796664e+04 
9.33808923174738e+01 9.99917807579716e+04 
9.35388923127242e+01 9.99965956574590e+04 
9.36968923560327e+01 1.00001292372385e+05 
9.38548923989902e+01 1.00006136739868e+05 
9.40128924384549e+01 1.00010924383744e+05 
9.41708924405656e+01 1.00015634722246e+05 
9.43288923108054e+01 1.00019881901979e+05 
9.44868920599109e+01 1.00023891143846e+05 
9.46448916529606e+01 1.00027910800952e+05 
9.48028916076712e+01 1.00031572628678e+05 
9.49608914944496e+01 1.00034647187512e+05 
9.51188913057259e+01 1.00037889555429e+05 
9.52768912337209e+01 1.00040175615665e+05 
9.54348911411694e+01 1.00042199040211e+05 
9.55928911756063e+01 1.00044346756117e+05 
9.57508910635802e+01 1.00045757985395e+05 
9.59088910424678e+01 1.00046244295203e+05 
9.60668908867435e+01 1.00047071763563e+05 
9.62248906047757e+01 1.00046761305738e+05 
9.63828904827730e+01 1.00046220350453e+05 
9.65408903462501e+01 1.00045862445469e+05 
9.66988901623332e+01 1.00044624404191e+05 
9.68568900168082e+01 1.00042443229922e+05 
9.70148897240250e+01 1.00040618151168e+05 
9.71728892944551e+01 1.00037907228991e+05 
9.73308889047403e+01 1.00035001948252e+05 
9.74888886147520e+01 1.00032290572021e+05 
9.76468881266289e+01 1.00028806200357e+05 
9.78048877845412e+01 1.00024610639426e+05 
9.79628871957190e+01 1.00020657024500e+05 
9.81208865399089e+01 1.00016240315777e+05 
9.82788858937054e+01 1.00011824474236e+05 
9.84368853019583e+01 1.00007492735297e+05 
9.85948846206375e+01 1.00002822957376e+05 
9.87528839618249e+01 9.99979526230228e+04 
9.89108832001843e+01 9.99931810165480e+04 
9.90688822583182e+01 9.99885980834488e+04 
9.92268814607112e+01 9.99841694677321e+04 
9.93848806720824e+01 9.99797513184871e+04 
9.95428797821141e+01 9.99755103106788e+04 
9.97008790097915e+01 9.99716604097068e+04 
9.98588780603129e+01 9.99677170948400e+04 
1.00016877088879e+02 9.99645727121187e+04 
