# Liste des scalaires : TEMPS pmat 
0.00000000000000e+00 1.00000000000000e+05 
1.58013544018059e-01 1.00000000000000e+05 
3.16027088036117e-01 1.00000000000000e+05 
4.74040632054176e-01 1.00000000000000e+05 
6.32054176072234e-01 1.00000000000000e+05 
7.90067720090293e-01 1.00000000000000e+05 
9.48081264108351e-01 1.00000000000000e+05 
1.10609480812641e+00 1.00000000000000e+05 
1.26410835214447e+00 1.00000000000000e+05 
1.42212189616253e+00 1.00000000000000e+05 
1.58013544018058e+00 1.00000000000000e+05 
1.73814898419864e+00 1.00000000000000e+05 
1.89616252821670e+00 1.00000000000000e+05 
2.05417607223476e+00 1.00000000000000e+05 
2.21218961625282e+00 1.00000000000000e+05 
2.37020316027087e+00 1.00000000000000e+05 
2.52821670428893e+00 1.00000000000000e+05 
2.68623024830699e+00 1.00000000000000e+05 
2.84424379232505e+00 1.00000000000000e+05 
3.00225733634311e+00 1.00000000000000e+05 
3.16027088036116e+00 1.00000000000000e+05 
3.31828442437922e+00 1.00000000000000e+05 
3.47629796839728e+00 1.00000000000000e+05 
3.63431151241534e+00 1.00000000000000e+05 
3.79232505643340e+00 1.00000000000000e+05 
3.95033860045145e+00 1.00000000000000e+05 
4.10835214446951e+00 1.00000000000000e+05 
4.26636568848757e+00 1.00000000000000e+05 
4.42437923250563e+00 1.00000000000000e+05 
4.58239277652368e+00 1.00000000000000e+05 
4.74040632054174e+00 1.00000000000000e+05 
4.89841986455980e+00 1.00000000000000e+05 
5.05643340857786e+00 1.00000000000000e+05 
5.21444695259591e+00 1.00000000000000e+05 
5.37246049661397e+00 1.00000000000000e+05 
5.53047404063203e+00 1.00000000000000e+05 
5.68848758465009e+00 1.00000000000000e+05 
5.84650112866814e+00 1.00000000000000e+05 
6.00451467268620e+00 1.00000000000000e+05 
6.16252821670426e+00 1.00000000000000e+05 
6.32054176072231e+00 1.00000000000000e+05 
6.47855530474037e+00 1.00000000000000e+05 
6.63656884875843e+00 1.00000000000000e+05 
6.79458239277648e+00 1.00000000000000e+05 
6.95259593679454e+00 1.00000000000000e+05 
7.11060948081260e+00 1.00000000000000e+05 
7.26862302483065e+00 1.00000000000000e+05 
7.42663656884871e+00 1.00000000000000e+05 
7.58465011286677e+00 1.00000000000000e+05 
7.74266365688483e+00 1.00000000000000e+05 
7.90067720090288e+00 1.00000000000000e+05 
8.05869074492094e+00 1.00000000000000e+05 
8.21670428893899e+00 1.00000000000000e+05 
8.37471783295705e+00 1.00000000000000e+05 
8.53273137697511e+00 1.00000000000000e+05 
8.69074492099316e+00 1.00000000000000e+05 
8.84875846501122e+00 1.00000000000000e+05 
9.00677200902927e+00 1.00000000000000e+05 
9.16478555304733e+00 1.00000000000000e+05 
9.32279909706538e+00 1.00000000000000e+05 
9.48081264108344e+00 1.00000000000000e+05 
9.63882618510150e+00 1.00000000000000e+05 
9.79683972911955e+00 1.00000000000000e+05 
9.95485327313761e+00 1.00000000000000e+05 
1.01128668171557e+01 1.00000000000000e+05 
1.02708803611737e+01 1.00000000000000e+05 
1.04288939051918e+01 1.00000000000000e+05 
1.05869074492098e+01 1.00000000000011e+05 
1.07449209932279e+01 1.00000000000066e+05 
1.09029345372459e+01 1.00000000000205e+05 
1.10609480812640e+01 1.00000000001266e+05 
1.12189616252821e+01 1.00000000003595e+05 
1.13769751693001e+01 1.00000000048921e+05 
1.15349887133182e+01 1.00000000401277e+05 
1.16930022573362e+01 1.00000001181472e+05 
1.18510158013543e+01 1.00000002249121e+05 
1.20090293453723e+01 1.00000004164243e+05 
1.21670428893904e+01 1.00000007502660e+05 
1.23250564334084e+01 1.00000013390628e+05 
1.24830699774265e+01 1.00000024752944e+05 
1.26410835214446e+01 1.00000043134072e+05 
1.27990970654626e+01 1.00000075243304e+05 
1.29571106094807e+01 1.00000126848248e+05 
1.31151241534987e+01 1.00000208165836e+05 
1.32731376975168e+01 1.00000332740536e+05 
1.34311512415348e+01 1.00000530671833e+05 
1.35891647855529e+01 1.00000819791812e+05 
1.37471783295709e+01 1.00001230561726e+05 
1.39051918735890e+01 1.00001804858130e+05 
1.40632054176071e+01 1.00002604386632e+05 
1.42212189616251e+01 1.00003648573781e+05 
1.43792325056432e+01 1.00004996060518e+05 
1.45372460496612e+01 1.00006731364509e+05 
1.46952595936793e+01 1.00008739013212e+05 
1.48532731376973e+01 1.00011154576919e+05 
1.50112866817154e+01 1.00014100708229e+05 
1.51693002257334e+01 1.00017375118971e+05 
1.53273137697515e+01 1.00020815234388e+05 
1.54853273137695e+01 1.00024669046503e+05 
1.56433408577876e+01 1.00028338605087e+05 
1.58013544018057e+01 1.00032160908053e+05 
1.59593679458237e+01 1.00036263654956e+05 
1.61173814898418e+01 1.00040165860767e+05 
1.62753950338598e+01 1.00043539548886e+05 
1.64334085778779e+01 1.00046776402457e+05 
1.65914221218959e+01 1.00049265896338e+05 
1.67494356659140e+01 1.00051531512444e+05 
1.69074492099320e+01 1.00053652415162e+05 
1.70654627539501e+01 1.00055387594333e+05 
1.72234762979681e+01 1.00056337774403e+05 
1.73814898419862e+01 1.00056866324214e+05 
1.75395033860043e+01 1.00056668208115e+05 
1.76975169300223e+01 1.00056095491580e+05 
1.78555304740404e+01 1.00055066651114e+05 
1.80135440180584e+01 1.00053714761067e+05 
1.81715575620765e+01 1.00051682981924e+05 
1.83295711060945e+01 1.00049080090194e+05 
1.84875846501126e+01 1.00046032133907e+05 
1.86455981941306e+01 1.00042580859176e+05 
1.88036117381487e+01 1.00038412232452e+05 
1.89616252821667e+01 1.00033987988777e+05 
1.91196388261848e+01 1.00029168701388e+05 
1.92776523702028e+01 1.00023788726235e+05 
1.94356659142209e+01 1.00018417261456e+05 
1.95936794582390e+01 1.00012711446597e+05 
1.97516930022570e+01 1.00006243885576e+05 
1.99097065462751e+01 9.99998518029708e+04 
2.00677200902931e+01 9.99936087423398e+04 
2.02257336343112e+01 9.99870414512881e+04 
2.03837471783292e+01 9.99810146638682e+04 
2.05417607223473e+01 9.99749124532120e+04 
2.06997742663653e+01 9.99683363320736e+04 
2.08577878103834e+01 9.99621280473666e+04 
2.10158013544014e+01 9.99566228851758e+04 
2.11738148984195e+01 9.99512325967654e+04 
2.13318284424376e+01 9.99468212540642e+04 
2.14898419864556e+01 9.99426025242166e+04 
2.16478555304737e+01 9.99382955545566e+04 
2.18058690744917e+01 9.99345287716467e+04 
2.19638826185098e+01 9.99318198144175e+04 
2.21218961625278e+01 9.99295125548504e+04 
2.22799097065459e+01 9.99282647882110e+04 
2.24379232505639e+01 9.99274598303568e+04 
2.25959367945820e+01 9.99270048286640e+04 
2.27539503386000e+01 9.99270698509796e+04 
2.29119638826181e+01 9.99281640825372e+04 
2.30699774266361e+01 9.99298266249936e+04 
2.32279909706542e+01 9.99322782345838e+04 
2.33860045146723e+01 9.99352252420013e+04 
2.35440180586903e+01 9.99388648173484e+04 
2.37020316027084e+01 9.99428479892249e+04 
2.38600451467264e+01 9.99474644133297e+04 
2.40180586907445e+01 9.99526785498216e+04 
2.41760722347625e+01 9.99580976775923e+04 
2.43340857787806e+01 9.99639180851327e+04 
2.44920993227986e+01 9.99705120710677e+04 
2.46501128668167e+01 9.99770883267463e+04 
2.48081264108347e+01 9.99836407296078e+04 
2.49661399548528e+01 9.99905477697719e+04 
2.51241534988708e+01 9.99969513671479e+04 
2.52821670428889e+01 1.00003483585442e+05 
2.54401805869069e+01 1.00010560261116e+05 
2.55981941309250e+01 1.00017238442606e+05 
2.57562076749430e+01 1.00023260021990e+05 
2.59142212189611e+01 1.00029163433892e+05 
2.60722347629791e+01 1.00034116870551e+05 
2.62302483069972e+01 1.00038884470136e+05 
2.63882618510153e+01 1.00043793427633e+05 
2.65462753950333e+01 1.00048106557106e+05 
2.67042889390514e+01 1.00051433385886e+05 
2.68623024830694e+01 1.00054387848348e+05 
2.70203160270875e+01 1.00056274732709e+05 
2.71783295711055e+01 1.00057747683534e+05 
2.73363431151236e+01 1.00058969382297e+05 
2.74943566591416e+01 1.00059620631401e+05 
2.76523702031597e+01 1.00059303220471e+05 
2.78103837471777e+01 1.00058481538496e+05 
2.79683972911958e+01 1.00056881710051e+05 
2.81264108352138e+01 1.00054823180621e+05 
2.82844243792319e+01 1.00052220158889e+05 
2.84424379232499e+01 1.00049194934954e+05 
2.86004514672680e+01 1.00045633589701e+05 
2.87584650112860e+01 1.00041619391359e+05 
2.89164785553041e+01 1.00037363356333e+05 
2.90744920993221e+01 1.00032734057233e+05 
2.92325056433402e+01 1.00027431190787e+05 
2.93905191873582e+01 1.00021985399752e+05 
2.95485327313763e+01 1.00016506014330e+05 
2.97065462753943e+01 1.00010700689482e+05 
2.98645598194124e+01 1.00005209064376e+05 
3.00225733634304e+01 9.99994707856909e+04 
3.01805869074485e+01 9.99931446129567e+04 
3.03386004514665e+01 9.99869381370176e+04 
3.04966139954843e+01 9.99811899921408e+04 
3.06546275395003e+01 9.99754165022636e+04 
3.08126410834971e+01 9.99703626252326e+04 
3.09706546272957e+01 9.99653100913654e+04 
3.11286681708936e+01 9.99599702913652e+04 
3.12866817143274e+01 9.99549960411435e+04 
3.14446952574723e+01 9.99508620099378e+04 
3.16027088001674e+01 9.99469982473484e+04 
3.17607223421364e+01 9.99440808622867e+04 
3.19187358832495e+01 9.99414432369422e+04 
3.20767494226194e+01 9.99388973412919e+04 
3.22347629599941e+01 9.99368592046797e+04 
3.23927764943706e+01 9.99358156762821e+04 
3.25507900239423e+01 9.99352316196263e+04 
3.27088035457829e+01 9.99355947131959e+04 
3.28668170595274e+01 9.99364281570215e+04 
3.30248305599181e+01 9.99377247586426e+04 
3.31828440425992e+01 9.99395015656207e+04 
3.33408575031136e+01 9.99420504969781e+04 
3.34988709293862e+01 9.99451376673853e+04 
3.36568843063214e+01 9.99487702689960e+04 
3.38148976325709e+01 9.99528867374433e+04 
3.39729108878444e+01 9.99577102749738e+04 
3.41309240403887e+01 9.99628184664524e+04 
3.42889370834585e+01 9.99682036881351e+04 
3.44469499667095e+01 9.99740558619216e+04 
3.46049626416154e+01 9.99797963076301e+04 
3.47629751094123e+01 9.99858645100207e+04 
3.49209873220811e+01 9.99925955827740e+04 
3.50789991793260e+01 9.99992429895002e+04 
3.52370106929348e+01 1.00005517451610e+05 
3.53950217552060e+01 1.00011905899054e+05 
3.55530322801683e+01 1.00017639376204e+05 
3.57110422484800e+01 1.00023384834241e+05 
3.58690516557028e+01 1.00029457328662e+05 
3.60270604042267e+01 1.00035121433719e+05 
3.61850684108629e+01 1.00039915238359e+05 
3.63430757025597e+01 1.00044496195811e+05 
3.65010821998343e+01 1.00048102989538e+05 
3.66590879149553e+01 1.00051433347287e+05 
3.68170929429180e+01 1.00054734883633e+05 
3.69750972659910e+01 1.00057489572315e+05 
3.71331008599683e+01 1.00059224918125e+05 
3.72911038794230e+01 1.00060517869514e+05 
3.74491063311914e+01 1.00060818163909e+05 
3.76071083058444e+01 1.00060615855174e+05 
3.77651096857588e+01 1.00059988132710e+05 
3.79231104073047e+01 1.00058828969037e+05 
3.80811109502943e+01 1.00056846767455e+05 
3.82391112062999e+01 1.00054357483897e+05 
3.83971111660317e+01 1.00051281202283e+05 
3.85551109656345e+01 1.00047671921313e+05 
3.87131105571401e+01 1.00043411421044e+05 
3.88711098652798e+01 1.00038846614720e+05 
3.90291090063081e+01 1.00033954209614e+05 
3.91871079803516e+01 1.00028657927482e+05 
3.93451069164122e+01 1.00023304786252e+05 
3.95031056072435e+01 1.00017556087313e+05 
3.96611044176520e+01 1.00011171582302e+05 
3.98191030871787e+01 1.00004792516193e+05 
3.99771018088401e+01 9.99986682712442e+04 
4.01351007074698e+01 9.99923403849813e+04 
4.02930997022155e+01 9.99865094840273e+04 
4.04510986021552e+01 9.99805130281787e+04 
4.06090971618161e+01 9.99741087454690e+04 
4.07670958737284e+01 9.99679841374157e+04 
4.09250951708767e+01 9.99625966985725e+04 
4.10830945501286e+01 9.99573451274662e+04 
4.12410939472816e+01 9.99529758630013e+04 
4.13990933807653e+01 9.99487566202316e+04 
4.15570928592266e+01 9.99444915324594e+04 
4.17150923413803e+01 9.99407322744249e+04 
4.18730918618998e+01 9.99379721612035e+04 
4.20310913871491e+01 9.99355926889862e+04 
4.21890909437351e+01 9.99342121969866e+04 
4.23470905543198e+01 9.99332618209321e+04 
4.25050902256413e+01 9.99326757173110e+04 
4.26630899184684e+01 9.99326482093221e+04 
4.28210896745392e+01 9.99335695365958e+04 
4.29790892602239e+01 9.99350258608717e+04 
4.31370888188632e+01 9.99372481171209e+04 
4.32950884109090e+01 9.99400218455186e+04 
4.34530877023690e+01 9.99434784414105e+04 
4.36110866376294e+01 9.99474139657274e+04 
4.37690854724754e+01 9.99518927359608e+04 
4.39270845035842e+01 9.99569051567703e+04 
4.40850833364672e+01 9.99621708428610e+04 
4.42430820276957e+01 9.99679187052600e+04 
4.44010804989590e+01 9.99744457509937e+04 
4.45590788134630e+01 9.99810799187666e+04 
4.47170770655565e+01 9.99876244106191e+04 
4.48750752148097e+01 9.99945084547623e+04 
4.50330732938293e+01 1.00000917869924e+05 
4.51910713795358e+01 1.00007550752004e+05 
4.53490693983586e+01 1.00014698939242e+05 
4.55070674106562e+01 1.00021550920200e+05 
4.56650653676240e+01 1.00027657443706e+05 
4.58230631625694e+01 1.00033627192994e+05 
4.59810608096228e+01 1.00038660702703e+05 
4.61390583312556e+01 1.00043559783505e+05 
4.62970557728472e+01 1.00048569515801e+05 
4.64550531385988e+01 1.00053033444610e+05 
4.66130504658573e+01 1.00056421578610e+05 
4.67710476910669e+01 1.00059440470298e+05 
4.69290448370875e+01 1.00061410263746e+05 
4.70870418817074e+01 1.00062986636716e+05 
4.72450388394929e+01 1.00064281249810e+05 
4.74030357844738e+01 1.00065037206891e+05 
4.75610327369803e+01 1.00064786203004e+05 
4.77190296641417e+01 1.00064037410285e+05 
4.78770265567167e+01 1.00062462620149e+05 
4.80350232907807e+01 1.00060362749326e+05 
4.81930199724646e+01 1.00057701705624e+05 
4.83510166821919e+01 1.00054610737439e+05 
4.85090134340476e+01 1.00050885941590e+05 
4.86670101864053e+01 1.00046717765122e+05 
4.88250069367958e+01 1.00042188082712e+05 
4.89830037017608e+01 1.00037195099718e+05 
4.91410003791622e+01 1.00031535014553e+05 
4.92989969712441e+01 1.00025697845664e+05 
4.94569936135427e+01 1.00019828625965e+05 
4.96149902571749e+01 1.00013606228131e+05 
4.97729869349215e+01 1.00007643058320e+05 
4.99309836461128e+01 1.00001370319663e+05 
5.00889804092298e+01 9.99945572222665e+04 
5.02469772586986e+01 9.99878990248097e+04 
5.04049742099479e+01 9.99817652422949e+04 
5.05629710368897e+01 9.99756107041677e+04 
5.07209677221875e+01 9.99701529088217e+04 
5.08789643925024e+01 9.99646720920925e+04 
5.10369611214738e+01 9.99589606416272e+04 
5.11949579837573e+01 9.99536730475257e+04 
5.13529549196390e+01 9.99493180322424e+04 
5.15109519220113e+01 9.99452160981421e+04 
5.16689490194469e+01 9.99420866901984e+04 
5.18269461871349e+01 9.99392479818930e+04 
5.19849434232851e+01 9.99365394976262e+04 
5.21429407955823e+01 9.99343809146557e+04 
5.23009380095267e+01 9.99332588909572e+04 
5.24589351151370e+01 9.99325919447712e+04 
5.26169322605497e+01 9.99328761579437e+04 
5.27749294397864e+01 9.99336676857125e+04 
5.29329267403186e+01 9.99349512593994e+04 
5.30909241439174e+01 9.99367318105717e+04 
5.32489216473604e+01 9.99393227903884e+04 
5.34069192807000e+01 9.99424399797387e+04 
5.35649170063727e+01 9.99461262058333e+04 
5.37229148023365e+01 9.99503797933203e+04 
5.38809127246988e+01 9.99553581735144e+04 
5.40389107877367e+01 9.99606210245250e+04 
5.41969089517492e+01 9.99661955787156e+04 
5.43549072484630e+01 9.99722463837804e+04 
5.45129054270051e+01 9.99782592949883e+04 
5.46709034516164e+01 9.99846862930367e+04 
5.48289014795824e+01 9.99917781748666e+04 
5.49868996507851e+01 9.99987976935392e+04 
5.51448978880694e+01 1.00005395920895e+05 
5.53028962526066e+01 1.00012099931682e+05 
5.54608947556885e+01 1.00018167722258e+05 
5.56188933188464e+01 1.00024311530903e+05 
5.57768920070724e+01 1.00030762295651e+05 
5.59348908650161e+01 1.00036783562615e+05 
5.60928898167026e+01 1.00041858994424e+05 
5.62508889037190e+01 1.00046668416870e+05 
5.64088881394332e+01 1.00050485012023e+05 
5.65668874484921e+01 1.00054054475426e+05 
5.67248868836807e+01 1.00057553677586e+05 
5.68828864893542e+01 1.00060494473418e+05 
5.70408861960338e+01 1.00062357003578e+05 
5.71988860391269e+01 1.00063785897497e+05 
5.73568857825965e+01 1.00064207825211e+05 
5.75148854374958e+01 1.00064163442820e+05 
5.76728851158728e+01 1.00063701503011e+05 
5.78308849012099e+01 1.00062729842126e+05 
5.79888847480601e+01 1.00060919792983e+05 
5.81468847532464e+01 1.00058605243451e+05 
5.83048848708051e+01 1.00055682993517e+05 
5.84628851001882e+01 1.00052248067456e+05 
5.86208854661624e+01 1.00048127541360e+05 
5.87788859510897e+01 1.00043752359111e+05 
5.89368865555350e+01 1.00039014449607e+05 
5.90948872830377e+01 1.00033856193614e+05 
5.92528880864323e+01 1.00028577168571e+05 
5.94108889302507e+01 1.00022886146286e+05 
5.95688898327881e+01 1.00016572504373e+05 
5.97268908041111e+01 1.00010230297753e+05 
5.98848918003332e+01 1.00004100658422e+05 
6.00428928680254e+01 9.99977385604570e+04 
6.02008940796456e+01 9.99918289936631e+04 
6.03588954725139e+01 9.99857037633342e+04 
6.05168971072922e+01 9.99791400612198e+04 
6.06748990531746e+01 9.99728251582411e+04 
6.08329010433522e+01 9.99672157098839e+04 
6.09909029438758e+01 9.99617008846145e+04 
6.11489044805151e+01 9.99570392837656e+04 
6.13069057727749e+01 9.99524901179145e+04 
6.14649070351632e+01 9.99478543592966e+04 
6.16229081384915e+01 9.99437151759778e+04 
6.17809092441211e+01 9.99405921339684e+04 
6.19389101339700e+01 9.99378073724605e+04 
6.20969109801752e+01 9.99360281124663e+04 
6.22549119387378e+01 9.99346514954486e+04 
6.24129129488496e+01 9.99335877047414e+04 
6.25709138861800e+01 9.99330732613638e+04 
6.27289151983368e+01 9.99335221713752e+04 
6.28869165870729e+01 9.99344719225210e+04 
6.30449181597254e+01 9.99362522142272e+04 
6.32029200758520e+01 9.99385992304701e+04 
6.33609221827735e+01 9.99415599327723e+04 
6.35189242560073e+01 9.99449645099534e+04 
6.36769260693996e+01 9.99490222296427e+04 
6.38349281051127e+01 9.99535733190411e+04 
6.39929298098694e+01 9.99584905514788e+04 
6.41509316615666e+01 9.99639294781572e+04 
6.43089337942408e+01 9.99701046360550e+04 
6.44669357869463e+01 9.99764521625673e+04 
6.46249374433373e+01 9.99827727026853e+04 
6.47829389136374e+01 9.99894771206930e+04 
6.49409399663625e+01 9.99958286512245e+04 
6.50989409632269e+01 1.00002463075800e+05 
6.52569421377169e+01 1.00009614367370e+05 
6.54149430085585e+01 1.00016495371266e+05 
6.55729437641150e+01 1.00022710607680e+05 
6.57309443638751e+01 1.00028863635457e+05 
6.58889448714392e+01 1.00034175947769e+05 
6.60469454271883e+01 1.00039441539122e+05 
6.62049458871531e+01 1.00044848663352e+05 
6.63629460911794e+01 1.00049730081811e+05 
6.65209461944869e+01 1.00053548023883e+05 
6.66789460139657e+01 1.00057028284119e+05 
6.68369454321013e+01 1.00059470024162e+05 
6.69949447414460e+01 1.00061551696079e+05 
6.71529441536746e+01 1.00063412560410e+05 
6.73109433241402e+01 1.00064721686788e+05 
6.74689424701647e+01 1.00065001994061e+05 
6.76269417991850e+01 1.00064805875655e+05 
6.77849410142811e+01 1.00063751883940e+05 
6.79429404441664e+01 1.00062186633295e+05 
6.81009399323400e+01 1.00060093732757e+05 
6.82589394467423e+01 1.00057569627923e+05 
6.84169390831585e+01 1.00054364525983e+05 
6.85749387125848e+01 1.00050662672351e+05 
6.87329381770452e+01 1.00046598450136e+05 
6.88909376719355e+01 1.00042038163115e+05 
6.90489371579850e+01 1.00036832946873e+05 
6.92069365995741e+01 1.00031417902198e+05 
6.93649360510441e+01 1.00025877262915e+05 
6.95229353740816e+01 1.00019977914467e+05 
6.96809345840638e+01 1.00014239424046e+05 
6.98389340499524e+01 1.00008155473881e+05 
6.99969337688401e+01 1.00001503384006e+05 
7.01549335087798e+01 9.99949455302066e+04 
7.03129334087804e+01 9.99888002062043e+04 
7.04709333808406e+01 9.99825615711718e+04 
7.06289333787524e+01 9.99769048646398e+04 
7.07869336204822e+01 9.99711605557948e+04 
7.09449340672215e+01 9.99651189548959e+04 
7.11029345997939e+01 9.99594513644472e+04 
7.12609350713582e+01 9.99546443379326e+04 
7.14189347160093e+01 9.99500609354294e+04 
7.15769336370085e+01 9.99464186866411e+04 
7.17349322495437e+01 9.99430114802080e+04 
7.18929307461385e+01 9.99396838593293e+04 
7.20509289766604e+01 9.99369184414169e+04 
7.22089272661357e+01 9.99352060797251e+04 
7.23669254718874e+01 9.99339301342234e+04 
7.25249235776293e+01 9.99336587086891e+04 
7.26829219494500e+01 9.99338837205227e+04 
7.28409203727508e+01 9.99345815625575e+04 
7.29989186538633e+01 9.99358170090935e+04 
7.31569171184710e+01 9.99379143328440e+04 
7.33149154807419e+01 9.99405596969942e+04 
7.34729138742871e+01 9.99438244951717e+04 
7.36309123482416e+01 9.99476680037534e+04 
7.37889111043111e+01 9.99522553368905e+04 
7.39469098644377e+01 9.99571681668974e+04 
7.41049087471577e+01 9.99624795216654e+04 
7.42629075233993e+01 9.99682653453476e+04 
7.44209062786759e+01 9.99741494254778e+04 
7.45789051660299e+01 9.99804862653405e+04 
7.47369040521852e+01 9.99875003822791e+04 
7.48949026971529e+01 9.99944654568162e+04 
7.50529013271319e+01 1.00001105280660e+05 
7.52109000002093e+01 1.00007937892959e+05 
7.53688985762336e+01 1.00014170945739e+05 
7.55268972581844e+01 1.00020532623664e+05 
7.56848960103278e+01 1.00027243852272e+05 
7.58428947255754e+01 1.00033555794999e+05 
7.60008936594136e+01 1.00038981060560e+05 
7.61588924322546e+01 1.00044169199291e+05 
7.63168911638559e+01 1.00048392680139e+05 
7.64748900450755e+01 1.00052404202029e+05 
7.66328890548658e+01 1.00056374366605e+05 
7.67908878834910e+01 1.00059768275268e+05 
7.69488867890563e+01 1.00062070391619e+05 
7.71068856575359e+01 1.00063936065373e+05 
7.72648846605642e+01 1.00064785158108e+05 
7.74228838477881e+01 1.00065191748722e+05 
7.75808832323467e+01 1.00065163607480e+05 
7.77388824246277e+01 1.00064644220992e+05 
7.78968816322887e+01 1.00063186384223e+05 
7.80548807011359e+01 1.00061237005276e+05 
7.82128796943324e+01 1.00058597148332e+05 
7.83708787081097e+01 1.00055434926657e+05 
7.85288777862713e+01 1.00051621844694e+05 
7.86868768060587e+01 1.00047468101174e+05 
7.88448759839678e+01 1.00042891929784e+05 
7.90028750293676e+01 1.00037883364034e+05 
7.91608740579794e+01 1.00032701448375e+05 
7.93188731240776e+01 1.00027085232233e+05 
7.94768722866737e+01 1.00020822633657e+05 
7.96348714744995e+01 1.00014513117728e+05 
7.97928707841639e+01 1.00008342582612e+05 
7.99508700431175e+01 1.00001906335471e+05 
8.01088692532010e+01 9.99958927059621e+04 
8.02668685571017e+01 9.99896311152671e+04 
8.04248679221742e+01 9.99828957165528e+04 
8.05828672895297e+01 9.99764106356814e+04 
8.07408668401889e+01 9.99705927186466e+04 
8.08988663183940e+01 9.99648447616579e+04 
8.10568658136689e+01 9.99599375499293e+04 
8.12148653641856e+01 9.99551068562704e+04 
8.13728650602450e+01 9.99501520420748e+04 
8.15308647094415e+01 9.99457020507648e+04 
8.16888645412167e+01 9.99422675163470e+04 
8.18468642992061e+01 9.99391539115838e+04 
8.20048640365115e+01 9.99370642343340e+04 
8.21628638878385e+01 9.99353627688516e+04 
8.23208638447879e+01 9.99339430144227e+04 
8.24788638290085e+01 9.99330908430217e+04 
8.26368639316287e+01 9.99332652160701e+04 
8.27948639928999e+01 9.99339492870837e+04 
8.29528640097892e+01 9.99354838520012e+04 
8.31108641257694e+01 9.99375816743420e+04 
8.32688643339817e+01 9.99402852266558e+04 
8.34268645003396e+01 9.99434522653988e+04 
8.35848648702901e+01 9.99473072684927e+04 
8.37428651207969e+01 9.99516803944050e+04 
8.39008653577218e+01 9.99565022044619e+04 
8.40588656514321e+01 9.99618463210632e+04 
8.42168660797810e+01 9.99679229713462e+04 
8.43748664504764e+01 9.99741863579710e+04 
8.45328669632765e+01 9.99805015349243e+04 
8.46908673910183e+01 9.99872195989682e+04 
8.48488677558302e+01 9.99936383940544e+04 
8.50068682338221e+01 1.00000364457849e+05 
8.51648687934220e+01 1.00007637863957e+05 
8.53228693020651e+01 1.00014648012065e+05 
8.54808699523303e+01 1.00021037607639e+05 
8.56388704750119e+01 1.00027404277336e+05 
8.57968709951201e+01 1.00032958096831e+05 
8.59548715414848e+01 1.00038486374451e+05 
8.61128721364377e+01 1.00044185597772e+05 
8.62708727179347e+01 1.00049354844530e+05 
8.64288733473842e+01 1.00053460562747e+05 
8.65868739800674e+01 1.00057245465287e+05 
8.67448745080638e+01 1.00059967453108e+05 
8.69028751837753e+01 1.00062328029897e+05 
8.70608758960404e+01 1.00064486451820e+05 
8.72188765860811e+01 1.00066086932179e+05 
8.73768773582707e+01 1.00066582083334e+05 
8.75348780012508e+01 1.00066589389186e+05 
8.76928786004829e+01 1.00065699585562e+05 
8.78508792441084e+01 1.00064293504005e+05 
8.80088800434000e+01 1.00062365217165e+05 
8.81668806916759e+01 1.00059983254789e+05 
8.83248814855233e+01 1.00056863936050e+05 
8.84828821285871e+01 1.00053252753764e+05 
8.86408826913246e+01 1.00049228097250e+05 
8.87988833442697e+01 1.00044686760741e+05 
8.89568840341034e+01 1.00039487709080e+05 
8.91148847006716e+01 1.00034088965264e+05 
8.92728853750260e+01 1.00028524465689e+05 
8.94308859501744e+01 1.00022580345711e+05 
8.95888863918260e+01 1.00016772033313e+05 
8.97468869365088e+01 1.00010602553869e+05 
8.99048875615784e+01 1.00003841527703e+05 
9.00628880436466e+01 9.99971766115779e+04 
9.02208886930447e+01 9.99909122202355e+04 
9.03788890986989e+01 9.99845481343988e+04 
9.05368894584843e+01 9.99787623781820e+04 
9.06948898189981e+01 9.99728853970249e+04 
9.08528902524989e+01 9.99666938432415e+04 
9.10108905775425e+01 9.99608871245479e+04 
9.11688909467955e+01 9.99559474776899e+04 
9.13268912145514e+01 9.99512256485806e+04 
9.14848913158008e+01 9.99474467261869e+04 
9.16428915822170e+01 9.99438934568724e+04 
9.18008918169298e+01 9.99403931419336e+04 
9.19588919708743e+01 9.99374467128015e+04 
9.21168922103786e+01 9.99355501811733e+04 
9.22748922710947e+01 9.99340778986666e+04 
9.24328922715071e+01 9.99336032830293e+04 
9.25908922911711e+01 9.99336181837072e+04 
9.27488924135160e+01 9.99340712616418e+04 
9.29068924081221e+01 9.99350351765813e+04 
9.30648924455409e+01 9.99369175985149e+04 
9.32228924177697e+01 9.99393250786614e+04 
9.33808923174738e+01 9.99423940122786e+04 
9.35388923127242e+01 9.99460396432556e+04 
9.36968923560327e+01 9.99504230372749e+04 
9.38548923989902e+01 9.99550944620513e+04 
9.40128924384549e+01 9.99601962528620e+04 
9.41708924405656e+01 9.99657910774916e+04 
9.43288923108054e+01 9.99715600166493e+04 
9.44868920599109e+01 9.99777944708122e+04 
9.46448916529606e+01 9.99847086091331e+04 
9.48028916076712e+01 9.99916087255890e+04 
9.49608914944496e+01 9.99982355801806e+04 
9.51188913057259e+01 1.00005088576891e+05 
9.52768912337209e+01 1.00011388466095e+05 
9.54348911411694e+01 1.00017848081466e+05 
9.55928911756063e+01 1.00024692735231e+05 
9.57508910635802e+01 1.00031168693430e+05 
9.59088910424678e+01 1.00036796290474e+05 
9.60668908867435e+01 1.00042224465377e+05 
9.62248906047757e+01 1.00046702116124e+05 
9.63828904827730e+01 1.00050995786924e+05 
9.65408903462501e+01 1.00055291275123e+05 
9.66988901623332e+01 1.00059018165237e+05 
9.68568900168082e+01 1.00061649806458e+05 
9.70148897240250e+01 1.00063871729782e+05 
9.71728892944551e+01 1.00065074112973e+05 
9.73308889047403e+01 1.00065825755564e+05 
9.74888886147520e+01 1.00066192437712e+05 
9.76468881266289e+01 1.00066034873094e+05 
9.78048877845412e+01 1.00064928666710e+05 
9.79628871957190e+01 1.00063329155790e+05 
9.81208865399089e+01 1.00060992420460e+05 
9.82788858937054e+01 1.00058125981135e+05 
9.84368853019583e+01 1.00054668590542e+05 
9.85948846206375e+01 1.00050789399310e+05 
9.87528839618249e+01 1.00046443236548e+05 
9.89108832001843e+01 1.00041678774302e+05 
9.90688822583182e+01 1.00036724849812e+05 
9.92268814607112e+01 1.00031316894136e+05 
9.93848806720824e+01 1.00025241870443e+05 
9.95428797821141e+01 1.00019089549682e+05 
9.97008790097915e+01 1.00013032606494e+05 
9.98588780603129e+01 1.00006674135947e+05 
1.00016877088879e+02 1.00000691545049e+05 
