# Liste des scalaires : TEMPS pmat 
0.00000000000000e+00 1.00000000000000e+05 
1.58013544018059e-01 1.00000000000000e+05 
3.16027088036117e-01 1.00000000000000e+05 
4.74040632054176e-01 1.00000000000000e+05 
6.32054176072234e-01 1.00000000000000e+05 
7.90067720090293e-01 1.00000000000000e+05 
9.48081264108351e-01 1.00000000000000e+05 
1.10609480812641e+00 1.00000000000000e+05 
1.26410835214447e+00 1.00000000000000e+05 
1.42212189616253e+00 1.00000000000000e+05 
1.58013544018058e+00 1.00000000000000e+05 
1.73814898419864e+00 1.00000000000000e+05 
1.89616252821670e+00 1.00000000000000e+05 
2.05417607223476e+00 1.00000000000000e+05 
2.21218961625282e+00 1.00000000000000e+05 
2.37020316027087e+00 1.00000000000000e+05 
2.52821670428893e+00 1.00000000000000e+05 
2.68623024830699e+00 1.00000000000000e+05 
2.84424379232505e+00 1.00000000000000e+05 
3.00225733634311e+00 1.00000000000000e+05 
3.16027088036116e+00 1.00000000000000e+05 
3.31828442437922e+00 1.00000000000000e+05 
3.47629796839728e+00 1.00000000000000e+05 
3.63431151241534e+00 1.00000000000000e+05 
3.79232505643340e+00 1.00000000000000e+05 
3.95033860045145e+00 1.00000000000000e+05 
4.10835214446951e+00 1.00000000000000e+05 
4.26636568848757e+00 1.00000000000000e+05 
4.42437923250563e+00 1.00000000000004e+05 
4.58239277652368e+00 1.00000000000106e+05 
4.74040632054174e+00 1.00000000000260e+05 
4.89841986455980e+00 1.00000000032733e+05 
5.05643340857786e+00 1.00000000501299e+05 
5.21444695259591e+00 1.00000001511164e+05 
5.37246049661397e+00 1.00000003897781e+05 
5.53047404063203e+00 1.00000008561396e+05 
5.68848758465009e+00 1.00000019048201e+05 
5.84650112866814e+00 1.00000046535433e+05 
6.00451467268620e+00 1.00000098610941e+05 
6.16252821670426e+00 1.00000200065334e+05 
6.32054176072231e+00 1.00000370818039e+05 
6.47855530474037e+00 1.00000642697247e+05 
6.63656884875843e+00 1.00001077173269e+05 
6.79458239277648e+00 1.00001915948911e+05 
6.95259593679454e+00 1.00003164118350e+05 
7.11060948081260e+00 1.00004938937966e+05 
7.26862302483065e+00 1.00007191312672e+05 
7.42663656884871e+00 1.00010198852486e+05 
7.58465011286677e+00 1.00013792654010e+05 
7.74266365688483e+00 1.00019152201144e+05 
7.90067720090288e+00 1.00025613304812e+05 
8.05869074492094e+00 1.00032423900299e+05 
8.21670428893899e+00 1.00039052678603e+05 
8.37471783295705e+00 1.00046521459229e+05 
8.53273137697511e+00 1.00053314802733e+05 
8.69074492099316e+00 1.00061188423364e+05 
8.84875846501122e+00 1.00069126771223e+05 
9.00677200902927e+00 1.00075350717761e+05 
9.16478555304733e+00 1.00080054605561e+05 
9.32279909706538e+00 1.00084709694168e+05 
9.48081264108344e+00 1.00088190923649e+05 
9.63882618510150e+00 1.00091013490601e+05 
9.79683972911955e+00 1.00093349949022e+05 
9.95485327313761e+00 1.00093856269369e+05 
1.01128668171557e+01 1.00093056990387e+05 
1.02708803611737e+01 1.00092087096696e+05 
1.04288939051918e+01 1.00090704143368e+05 
1.05869074492098e+01 1.00087698092995e+05 
1.07449209932279e+01 1.00083751610943e+05 
1.09029345372459e+01 1.00078734954421e+05 
1.10609480812640e+01 1.00072853309662e+05 
1.12189616252821e+01 1.00066579906420e+05 
1.13769751693001e+01 1.00061103559461e+05 
1.15349887133182e+01 1.00053477690084e+05 
1.16930022573362e+01 1.00044852353154e+05 
1.18510158013543e+01 1.00036589578147e+05 
1.20090293453723e+01 1.00028457647543e+05 
1.21670428893904e+01 1.00020018775555e+05 
1.23250564334084e+01 1.00013528489032e+05 
1.24830699774265e+01 1.00005979522748e+05 
1.26410835214446e+01 9.99982565927478e+04 
1.27990970654626e+01 9.99926114353198e+04 
1.29571106094807e+01 9.99877818656897e+04 
1.31151241534987e+01 9.99834146114334e+04 
1.32731376975168e+01 9.99815406607591e+04 
1.34311512415348e+01 9.99804355427264e+04 
1.35891647855529e+01 9.99790409089905e+04 
1.37471783295709e+01 9.99790503838593e+04 
1.39051918735890e+01 9.99787931202376e+04 
1.40632054176071e+01 9.99781297860975e+04 
1.42212189616251e+01 9.99780824593831e+04 
1.43792325056432e+01 9.99776484198187e+04 
1.45372460496612e+01 9.99756747522090e+04 
1.46952595936793e+01 9.99737787423490e+04 
1.48532731376973e+01 9.99719113988191e+04 
1.50112866817154e+01 9.99692005137260e+04 
1.51693002257334e+01 9.99664641825613e+04 
1.53273137697515e+01 9.99627864145252e+04 
1.54853273137695e+01 9.99582517291514e+04 
1.56433408577876e+01 9.99541337141284e+04 
1.58013544018057e+01 9.99512790712267e+04 
1.59593679458237e+01 9.99479753664674e+04 
1.61173814898418e+01 9.99447974036023e+04 
1.62753950338598e+01 9.99410263276116e+04 
1.64334085778779e+01 9.99372031275794e+04 
1.65914221218959e+01 9.99340463583651e+04 
1.67494356659140e+01 9.99325706301131e+04 
1.69074492099320e+01 9.99310075488085e+04 
1.70654627539501e+01 9.99295623470370e+04 
1.72234762979681e+01 9.99283627670809e+04 
1.73814898419862e+01 9.99279585022411e+04 
1.75395033860043e+01 9.99280131472703e+04 
1.76975169300223e+01 9.99296989440622e+04 
1.78555304740404e+01 9.99311684353208e+04 
1.80135440180584e+01 9.99323609808712e+04 
1.81715575620765e+01 9.99343273220249e+04 
1.83295711060945e+01 9.99373788485889e+04 
1.84875846501126e+01 9.99403340050371e+04 
1.86455981941306e+01 9.99438889158002e+04 
1.88036117381487e+01 9.99476812078407e+04 
1.89616252821667e+01 9.99506915121733e+04 
1.91196388261848e+01 9.99544762678247e+04 
1.92776523702028e+01 9.99593004439521e+04 
1.94356659142209e+01 9.99636722031419e+04 
1.95936794582390e+01 9.99678890974231e+04 
1.97516930022570e+01 9.99726375337952e+04 
1.99097065462751e+01 9.99767272775702e+04 
2.00677200902931e+01 9.99819026243552e+04 
2.02257336343112e+01 9.99877562779977e+04 
2.03837471783292e+01 9.99928842720570e+04 
2.05417607223473e+01 9.99970509483239e+04 
2.06997742663653e+01 1.00001905189733e+05 
2.08577878103834e+01 1.00006324321285e+05 
2.10158013544014e+01 1.00011788414003e+05 
2.11738148984195e+01 1.00017442367886e+05 
2.13318284424376e+01 1.00022322152358e+05 
2.14898419864556e+01 1.00025940003955e+05 
2.16478555304737e+01 1.00029984809529e+05 
2.18058690744917e+01 1.00033827648757e+05 
2.19638826185098e+01 1.00038179626042e+05 
2.21218961625278e+01 1.00042105884133e+05 
2.22799097065459e+01 1.00045440960439e+05 
2.24379232505639e+01 1.00047186461338e+05 
2.25959367945820e+01 1.00049291032455e+05 
2.27539503386000e+01 1.00051215586039e+05 
2.29119638826181e+01 1.00052809591718e+05 
2.30699774266361e+01 1.00053418786265e+05 
2.32279909706542e+01 1.00053466838753e+05 
2.33860045146723e+01 1.00052492936168e+05 
2.35440180586903e+01 1.00051484311336e+05 
2.37020316027084e+01 1.00050323809524e+05 
2.38600451467264e+01 1.00047944491505e+05 
2.40180586907445e+01 1.00044368338419e+05 
2.41760722347625e+01 1.00040612455540e+05 
2.43340857787806e+01 1.00036675880608e+05 
2.44920993227986e+01 1.00032232785360e+05 
2.46501128668167e+01 1.00028138980254e+05 
2.48081264108347e+01 1.00022395410001e+05 
2.49661399548528e+01 1.00015830507485e+05 
2.51241534988708e+01 1.00009727801283e+05 
2.52821670428889e+01 1.00004453059570e+05 
2.54401805869069e+01 9.99986517405566e+04 
2.55981941309250e+01 9.99935611251540e+04 
2.57562076749430e+01 9.99871692014892e+04 
2.59142212189611e+01 9.99805348246813e+04 
2.60722347629791e+01 9.99749070144526e+04 
2.62302483069972e+01 9.99707033036115e+04 
2.63882618510153e+01 9.99664223218309e+04 
2.65462753950333e+01 9.99626948072305e+04 
2.67042889390514e+01 9.99586445060906e+04 
2.68623024830694e+01 9.99550097626623e+04 
2.70203160270875e+01 9.99524372570064e+04 
2.71783295711055e+01 9.99513613088848e+04 
2.73363431151236e+01 9.99502326970100e+04 
2.74943566591416e+01 9.99495234909694e+04 
2.76523702031597e+01 9.99493199494058e+04 
2.78103837471777e+01 9.99499703693655e+04 
2.79683972911958e+01 9.99510440025032e+04 
2.81264108352138e+01 9.99531152960961e+04 
2.82844243792319e+01 9.99550392425373e+04 
2.84424379232499e+01 9.99567650613594e+04 
2.86004514672680e+01 9.99592366824030e+04 
2.87584650112860e+01 9.99624355629814e+04 
2.89164785553041e+01 9.99653634949228e+04 
2.90744920993221e+01 9.99684098433471e+04 
2.92325056433402e+01 9.99717392072100e+04 
2.93905191873582e+01 9.99745634629912e+04 
2.95485327313763e+01 9.99783874377730e+04 
2.97065462753943e+01 9.99827917816529e+04 
2.98645598194124e+01 9.99867076491258e+04 
3.00225733634304e+01 9.99901692771104e+04 
3.01805869074485e+01 9.99941993451034e+04 
3.03386004514665e+01 9.99977803286990e+04 
3.04966139954843e+01 1.00002492297155e+05 
3.06546275395003e+01 1.00007513254970e+05 
3.08126410834971e+01 1.00011921567409e+05 
3.09706546272957e+01 1.00015314632245e+05 
3.11286681708936e+01 1.00019377142276e+05 
3.12866817143274e+01 1.00022969256943e+05 
3.14446952574723e+01 1.00027472028966e+05 
3.16027088001674e+01 1.00031790766020e+05 
3.17607223421364e+01 1.00035517862731e+05 
3.19187358832495e+01 1.00038054961412e+05 
3.20767494226194e+01 1.00041020342368e+05 
3.22347629599941e+01 1.00043810273909e+05 
3.23927764943706e+01 1.00046920186674e+05 
3.25507900239423e+01 1.00049339866320e+05 
3.27088035457829e+01 1.00051256506906e+05 
3.28668170595274e+01 1.00051878751200e+05 
3.30248305599181e+01 1.00052728848571e+05 
3.31828440425992e+01 1.00053531182128e+05 
3.33408575031136e+01 1.00053758323333e+05 
3.34988709293862e+01 1.00052758448843e+05 
3.36568843063214e+01 1.00051308739500e+05 
3.38148976325709e+01 1.00049053230465e+05 
3.39729108878444e+01 1.00046420546347e+05 
3.41309240403887e+01 1.00043987698329e+05 
3.42889370834585e+01 1.00040036849261e+05 
3.44469499667095e+01 1.00034835484544e+05 
3.46049626416154e+01 1.00029561199112e+05 
3.47629751094123e+01 1.00024516268529e+05 
3.49209873220811e+01 1.00018812000806e+05 
3.50789991793260e+01 1.00013735536939e+05 
3.52370106929348e+01 1.00006829540758e+05 
3.53950217552060e+01 9.99992921998757e+04 
3.55530322801683e+01 9.99925052501301e+04 
3.57110422484800e+01 9.99870888471880e+04 
3.58690516557028e+01 9.99810903975526e+04 
3.60270604042267e+01 9.99760626581906e+04 
3.61850684108629e+01 9.99697643800732e+04 
3.63430757025597e+01 9.99635756362912e+04 
3.65010821998343e+01 9.99584466838602e+04 
3.66590879149553e+01 9.99548930201487e+04 
3.68170929429180e+01 9.99512640656084e+04 
3.69750972659910e+01 9.99482749804785e+04 
3.71331008599683e+01 9.99452684270371e+04 
3.72911038794230e+01 9.99430062978557e+04 
3.74491063311914e+01 9.99416453007787e+04 
3.76071083058444e+01 9.99418285723241e+04 
3.77651096857588e+01 9.99418715680109e+04 
3.79231104073047e+01 9.99419613527321e+04 
3.80811109502943e+01 9.99427389940433e+04 
3.82391112062999e+01 9.99444449892167e+04 
3.83971111660317e+01 9.99463072567386e+04 
3.85551109656345e+01 9.99488409745624e+04 
3.87131105571401e+01 9.99514356244312e+04 
3.88711098652798e+01 9.99534818243627e+04 
3.90291090063081e+01 9.99564047588192e+04 
3.91871079803516e+01 9.99600816026218e+04 
3.93451069164122e+01 9.99634107087699e+04 
3.95031056072435e+01 9.99666402254530e+04 
3.96611044176520e+01 9.99702823295784e+04 
3.98191030871787e+01 9.99734026258109e+04 
3.99771018088401e+01 9.99778250152171e+04 
4.01351007074698e+01 9.99828124191244e+04 
4.02930997022155e+01 9.99873004818394e+04 
4.04510986021552e+01 9.99910276682495e+04 
4.06090971618161e+01 9.99954911852303e+04 
4.07670958737284e+01 9.99993440651168e+04 
4.09250951708767e+01 1.00004580798006e+05 
4.10830945501286e+01 1.00009962536665e+05 
4.12410939472816e+01 1.00014685992644e+05 
4.13990933807653e+01 1.00018258159329e+05 
4.15570928592266e+01 1.00022154781838e+05 
4.17150923413803e+01 1.00025714702362e+05 
4.18730918618998e+01 1.00030121849958e+05 
4.20310913871491e+01 1.00034172295906e+05 
4.21890909437351e+01 1.00037663119333e+05 
4.23470905543198e+01 1.00039800335645e+05 
4.25050902256413e+01 1.00042291370224e+05 
4.26630899184684e+01 1.00044464156866e+05 
4.28210896745392e+01 1.00046840528972e+05 
4.29790892602239e+01 1.00048275957893e+05 
4.31370888188632e+01 1.00049240024332e+05 
4.32950884109090e+01 1.00048941139923e+05 
4.34530877023690e+01 1.00048813610122e+05 
4.36110866376294e+01 1.00048478454434e+05 
4.37690854724754e+01 1.00047050895739e+05 
4.39270845035842e+01 1.00044281282353e+05 
4.40850833364672e+01 1.00041193918647e+05 
4.42430820276957e+01 1.00037758254970e+05 
4.44010804989590e+01 1.00033732267381e+05 
4.45590788134630e+01 1.00029991039220e+05 
4.47170770655565e+01 1.00024518902969e+05 
4.48750752148097e+01 1.00018112669872e+05 
4.50330732938293e+01 1.00012061006998e+05 
4.51910713795358e+01 1.00006817502331e+05 
4.53490693983586e+01 1.00000932534962e+05 
4.55070674106562e+01 9.99957464307723e+04 
4.56650653676240e+01 9.99890092060112e+04 
4.58230631625694e+01 9.99819860898409e+04 
4.59810608096228e+01 9.99759977399504e+04 
4.61390583312556e+01 9.99716388839255e+04 
4.62970557728472e+01 9.99667496359721e+04 
4.64550531385988e+01 9.99626443680161e+04 
4.66130504658573e+01 9.99577947547951e+04 
4.67710476910669e+01 9.99534790391335e+04 
4.69290448370875e+01 9.99503373211212e+04 
4.70870418817074e+01 9.99488672745778e+04 
4.72450388394929e+01 9.99472978606286e+04 
4.74030357844738e+01 9.99462780902398e+04 
4.75610327369803e+01 9.99456454369485e+04 
4.77190296641417e+01 9.99460223902222e+04 
4.78770265567167e+01 9.99468014662281e+04 
4.80350232907807e+01 9.99486983306488e+04 
4.81930199724646e+01 9.99502655940876e+04 
4.83510166821919e+01 9.99516987919221e+04 
4.85090134340476e+01 9.99539189824982e+04 
4.86670101864053e+01 9.99569420213927e+04 
4.88250069367958e+01 9.99597687700130e+04 
4.89830037017608e+01 9.99627612136083e+04 
4.91410003791622e+01 9.99660332170472e+04 
4.92989969712441e+01 9.99687232015641e+04 
4.94569936135427e+01 9.99724453834953e+04 
4.96149902571749e+01 9.99767947371770e+04 
4.97729869349215e+01 9.99806150693197e+04 
4.99309836461128e+01 9.99839922432090e+04 
5.00889804092298e+01 9.99879751282247e+04 
5.02469772586986e+01 9.99913928699657e+04 
5.04049742099479e+01 9.99962582159150e+04 
5.05629710368897e+01 1.00001537792932e+05 
5.07209677221875e+01 1.00006211643485e+05 
5.08789643925024e+01 1.00009784184088e+05 
5.10369611214738e+01 1.00014018426014e+05 
5.11949579837573e+01 1.00017763025654e+05 
5.13529549196390e+01 1.00022642470922e+05 
5.15109519220113e+01 1.00027433567400e+05 
5.16689490194469e+01 1.00031611517305e+05 
5.18269461871349e+01 1.00034461032521e+05 
5.19849434232851e+01 1.00037666342821e+05 
5.21429407955823e+01 1.00040700929853e+05 
5.23009380095267e+01 1.00044178911962e+05 
5.24589351151370e+01 1.00047071676854e+05 
5.26169322605497e+01 1.00049416616759e+05 
5.27749294397864e+01 1.00050434647669e+05 
5.29329267403186e+01 1.00051739048499e+05 
5.30909241439174e+01 1.00052793874670e+05 
5.32489216473604e+01 1.00053373662697e+05 
5.34069192807000e+01 1.00052848027075e+05 
5.35649170063727e+01 1.00051843203441e+05 
5.37229148023365e+01 1.00050031411679e+05 
5.38809127246988e+01 1.00047921558343e+05 
5.40389107877367e+01 1.00045759937859e+05 
5.41969089517492e+01 1.00042392587027e+05 
5.43549072484630e+01 1.00037748975707e+05 
5.45129054270051e+01 1.00032992960952e+05 
5.46709034516164e+01 1.00028379055810e+05 
5.48289014795824e+01 1.00023104060074e+05 
5.49868996507851e+01 1.00018323914049e+05 
5.51448978880694e+01 1.00011742335336e+05 
5.53028962526066e+01 1.00004460096759e+05 
5.54608947556885e+01 9.99978804358051e+04 
5.56188933188464e+01 9.99926106499924e+04 
5.57768920070724e+01 9.99867726395713e+04 
5.59348908650161e+01 9.99817549163696e+04 
5.60928898167026e+01 9.99755362069518e+04 
5.62508889037190e+01 9.99693446923814e+04 
5.64088881394332e+01 9.99642002074829e+04 
5.65668874484921e+01 9.99606142523820e+04 
5.67248868836807e+01 9.99569332911776e+04 
5.68828864893542e+01 9.99537549022129e+04 
5.70408861960338e+01 9.99506426687072e+04 
5.71988860391269e+01 9.99483128192637e+04 
5.73568857825965e+01 9.99469083301500e+04 
5.75148854374958e+01 9.99470238920424e+04 
5.76728851158728e+01 9.99470217692615e+04 
5.78308849012099e+01 9.99471749154477e+04 
5.79888847480601e+01 9.99479393788878e+04 
5.81468847532464e+01 9.99495668882482e+04 
5.83048848708051e+01 9.99513703373434e+04 
5.84628851001882e+01 9.99538696643755e+04 
5.86208854661624e+01 9.99564337780456e+04 
5.87788859510897e+01 9.99585659582866e+04 
5.89368865555350e+01 9.99615536829345e+04 
5.90948872830377e+01 9.99652320682671e+04 
5.92528880864323e+01 9.99685602376414e+04 
5.94108889302507e+01 9.99717691041408e+04 
5.95688898327881e+01 9.99753539300326e+04 
5.97268908041111e+01 9.99782893796843e+04 
5.98848918003332e+01 9.99825128733070e+04 
6.00428928680254e+01 9.99873755139099e+04 
6.02008940796456e+01 9.99916975252995e+04 
6.03588954725139e+01 9.99952770579465e+04 
6.05168971072922e+01 9.99995061035002e+04 
6.06748990531746e+01 1.00003166750376e+05 
6.08329010433522e+01 1.00008133818836e+05 
6.09909029438758e+01 1.00013287301192e+05 
6.11489044805151e+01 1.00017762209391e+05 
6.13069057727749e+01 1.00021026938193e+05 
6.14649070351632e+01 1.00024645945499e+05 
6.16229081384915e+01 1.00027975241108e+05 
6.17809092441211e+01 1.00032141784812e+05 
6.19389101339700e+01 1.00036019122613e+05 
6.20969109801752e+01 1.00039328815047e+05 
6.22549119387378e+01 1.00041356196726e+05 
6.24129129488496e+01 1.00043716203955e+05 
6.25709138861800e+01 1.00045782650513e+05 
6.27289151983368e+01 1.00048086198501e+05 
6.28869165870729e+01 1.00049559435412e+05 
6.30449181597254e+01 1.00050515090268e+05 
6.32029200758520e+01 1.00050208554226e+05 
6.33609221827735e+01 1.00050012775741e+05 
6.35189242560073e+01 1.00049676122847e+05 
6.36769260693996e+01 1.00048363355017e+05 
6.38349281051127e+01 1.00045772373883e+05 
6.39929298098694e+01 1.00042785540115e+05 
6.41509316615666e+01 1.00039401688692e+05 
6.43089337942408e+01 1.00035541207713e+05 
6.44669357869463e+01 1.00031873483033e+05 
6.46249374433373e+01 1.00026649113225e+05 
6.47829389136374e+01 1.00020496210253e+05 
6.49409399663625e+01 1.00014619244449e+05 
6.50989409632269e+01 1.00009399623452e+05 
6.52569421377169e+01 1.00003530041118e+05 
6.54149430085585e+01 9.99983791355831e+04 
6.55729437641150e+01 9.99916786709127e+04 
6.57309443638751e+01 9.99845966815556e+04 
6.58889448714392e+01 9.99784653729351e+04 
6.60469454271883e+01 9.99739026189278e+04 
6.62049458871531e+01 9.99688135118529e+04 
6.63629460911794e+01 9.99645203709810e+04 
6.65209461944869e+01 9.99594579167100e+04 
6.66789460139657e+01 9.99547808982082e+04 
6.68369454321013e+01 9.99512529159837e+04 
6.69949447414460e+01 9.99494257176127e+04 
6.71529441536746e+01 9.99474625006688e+04 
6.73109433241402e+01 9.99460876871764e+04 
6.74689424701647e+01 9.99449796288769e+04 
6.76269417991850e+01 9.99449127328992e+04 
6.77849410142811e+01 9.99453696689307e+04 
6.79429404441664e+01 9.99470282312045e+04 
6.81009399323400e+01 9.99484562728844e+04 
6.82589394467423e+01 9.99497704035376e+04 
6.84169390831585e+01 9.99518269383223e+04 
6.85749387125848e+01 9.99548084518245e+04 
6.87329381770452e+01 9.99577050999915e+04 
6.88909376719355e+01 9.99608767420376e+04 
6.90489371579850e+01 9.99642293903459e+04 
6.92069365995741e+01 9.99670186924504e+04 
6.93649360510441e+01 9.99708407415159e+04 
6.95229353740816e+01 9.99753344915376e+04 
6.96809345840638e+01 9.99793157044748e+04 
6.98389340499524e+01 9.99829124818922e+04 
6.99969337688401e+01 9.99870712441397e+04 
7.01549335087798e+01 9.99906050890102e+04 
7.03129334087804e+01 9.99955570182405e+04 
7.04709333808406e+01 1.00000970815600e+05 
7.06289333787524e+01 1.00005737416177e+05 
7.07869336204822e+01 1.00009386944207e+05 
7.09449340672215e+01 1.00013683108632e+05 
7.11029345997939e+01 1.00017380219044e+05 
7.12609350713582e+01 1.00022253351495e+05 
7.14189347160093e+01 1.00027108731775e+05 
7.15769336370085e+01 1.00031302955462e+05 
7.17349322495437e+01 1.00034203280145e+05 
7.18929307461385e+01 1.00037391920498e+05 
7.20509289766604e+01 1.00040423834238e+05 
7.22089272661357e+01 1.00043880959942e+05 
7.23669254718874e+01 1.00046815011139e+05 
7.25249235776293e+01 1.00049178107552e+05 
7.26829219494500e+01 1.00050224914803e+05 
7.28409203727508e+01 1.00051551080741e+05 
7.29989186538633e+01 1.00052615784478e+05 
7.31569171184710e+01 1.00053339056083e+05 
7.33149154807419e+01 1.00053011405238e+05 
7.34729138742871e+01 1.00052263872583e+05 
7.36309123482416e+01 1.00050621581707e+05 
7.37889111043111e+01 1.00048734381091e+05 
7.39469098644377e+01 1.00046823874173e+05 
7.41049087471577e+01 1.00043671259323e+05 
7.42629075233993e+01 1.00039322534680e+05 
7.44209062786759e+01 1.00034878481359e+05 
7.45789051660299e+01 1.00030500634718e+05 
7.47369040521852e+01 1.00025450794421e+05 
7.48949026971529e+01 1.00020910197087e+05 
7.50529013271319e+01 1.00014590443908e+05 
7.52109000002093e+01 1.00007554941916e+05 
7.53688985762336e+01 1.00001118645678e+05 
7.55268972581844e+01 9.99958338943386e+04 
7.56848960103278e+01 9.99899305861179e+04 
7.58428947255754e+01 9.99848465165434e+04 
7.60008936594136e+01 9.99784548410258e+04 
7.61588924322546e+01 9.99720288371422e+04 
7.63168911638559e+01 9.99666275132266e+04 
7.64748900450755e+01 9.99627748381140e+04 
7.66328890548658e+01 9.99587704481304e+04 
7.67908878834910e+01 9.99552822508648e+04 
7.69488867890563e+01 9.99517169830769e+04 
7.71068856575359e+01 9.99488365633290e+04 
7.72648846605642e+01 9.99469616327158e+04 
7.74228838477881e+01 9.99466680145392e+04 
7.75808832323467e+01 9.99462251699922e+04 
7.77388824246277e+01 9.99460078418345e+04 
7.78968816322887e+01 9.99463398776238e+04 
7.80548807011359e+01 9.99475739996273e+04 
7.82128796943324e+01 9.99489943518568e+04 
7.83708787081097e+01 9.99512095718054e+04 
7.85288777862713e+01 9.99534306369001e+04 
7.86868768060587e+01 9.99554080389058e+04 
7.88448759839678e+01 9.99582961162771e+04 
7.90028750293676e+01 9.99619329761492e+04 
7.91608740579794e+01 9.99652730748588e+04 
7.93188731240776e+01 9.99686163057891e+04 
7.94768722866737e+01 9.99722967442410e+04 
7.96348714744995e+01 9.99753919159938e+04 
7.97928707841639e+01 9.99798068981873e+04 
7.99508700431175e+01 9.99848892797772e+04 
8.01088692532010e+01 9.99894453292838e+04 
8.02668685571017e+01 9.99932924179989e+04 
8.04248679221742e+01 9.99978028086233e+04 
8.05828672895297e+01 1.00001676265545e+05 
8.07408668401889e+01 1.00006929646204e+05 
8.08988663183940e+01 1.00012392765060e+05 
8.10568658136689e+01 1.00017161288605e+05 
8.12148653641856e+01 1.00020719644541e+05 
8.13728650602450e+01 1.00024738304324e+05 
8.15308647094415e+01 1.00028343287071e+05 
8.16888645412167e+01 1.00032864951640e+05 
8.18468642992061e+01 1.00037157574611e+05 
8.20048640365115e+01 1.00040830965251e+05 
8.21628638878385e+01 1.00043158690541e+05 
8.23208638447879e+01 1.00045828975735e+05 
8.24788638290085e+01 1.00048241669336e+05 
8.26368639316287e+01 1.00050901483757e+05 
8.27948639928999e+01 1.00052730216986e+05 
8.29528640097892e+01 1.00054041616508e+05 
8.31108641257694e+01 1.00054028490431e+05 
8.32688643339817e+01 1.00054131392903e+05 
8.34268645003396e+01 1.00054141223848e+05 
8.35848648702901e+01 1.00053325996895e+05 
8.37428651207969e+01 1.00051248040479e+05 
8.39008653577218e+01 1.00048723984931e+05 
8.40588656514321e+01 1.00045657652220e+05 
8.42168660797810e+01 1.00042169338738e+05 
8.43748664504764e+01 1.00038911536809e+05 
8.45328669632765e+01 1.00034131093831e+05 
8.46908673910183e+01 1.00028350768587e+05 
8.48488677558302e+01 1.00022721567447e+05 
8.50068682338221e+01 1.00017585518734e+05 
8.51648687934220e+01 1.00011764448670e+05 
8.53228693020651e+01 1.00006642744962e+05 
8.54808699523303e+01 9.99998711079795e+04 
8.56388704750119e+01 9.99926344645181e+04 
8.57968709951201e+01 9.99862445736620e+04 
8.59548715414848e+01 9.99813244299669e+04 
8.61128721364377e+01 9.99758288704278e+04 
8.62708727179347e+01 9.99712108121631e+04 
8.64288733473842e+01 9.99656108599706e+04 
8.65868739800674e+01 9.99602825302983e+04 
8.67448745080638e+01 9.99560747102778e+04 
8.69028751837753e+01 9.99535567664728e+04 
8.70608758960404e+01 9.99508961111471e+04 
8.72188765860811e+01 9.99488823078397e+04 
8.73768773582707e+01 9.99470063961574e+04 
8.75348780012508e+01 9.99460775320076e+04 
8.76928786004829e+01 9.99458487349447e+04 
8.78508792441084e+01 9.99469139823335e+04 
8.80088800434000e+01 9.99477792782170e+04 
8.81668806916759e+01 9.99484792064796e+04 
8.83248814855233e+01 9.99498891676702e+04 
8.84828821285871e+01 9.99522967536306e+04 
8.86408826913246e+01 9.99547050426815e+04 
8.87988833442697e+01 9.99575347958442e+04 
8.89568840341034e+01 9.99606512775799e+04 
8.91148847006716e+01 9.99630292940147e+04 
8.92728853750260e+01 9.99665556156277e+04 
8.94308859501744e+01 9.99709228770863e+04 
8.95888863918260e+01 9.99748730519730e+04 
8.97468869365088e+01 9.99784901296046e+04 
8.99048875615784e+01 9.99826304046121e+04 
9.00628880436466e+01 9.99861641114805e+04 
9.02208886930447e+01 9.99911557530986e+04 
9.03788890986989e+01 9.99966957946037e+04 
9.05368894584843e+01 1.00001625495505e+05 
9.06948898189981e+01 1.00005492508979e+05 
9.08528902524989e+01 1.00009974491076e+05 
9.10108905775425e+01 1.00013839878480e+05 
9.11688909467955e+01 1.00018906013608e+05 
9.13268912145514e+01 1.00024000289006e+05 
9.14848913158008e+01 1.00028406523778e+05 
9.16428915822170e+01 1.00031535271737e+05 
9.18008918169298e+01 1.00034936929351e+05 
9.19588919708743e+01 1.00038167016344e+05 
9.21168922103786e+01 1.00041934242396e+05 
9.22748922710947e+01 1.00045239227869e+05 
9.24328922715071e+01 1.00048001831408e+05 
9.25908922911711e+01 1.00049400694226e+05 
9.27488924135160e+01 1.00051091128845e+05 
9.29068924081221e+01 1.00052546283731e+05 
9.30648924455409e+01 1.00053778559280e+05 
9.32228924177697e+01 1.00053956285226e+05 
9.33808923174738e+01 1.00053723607841e+05 
9.35388923127242e+01 1.00052423882980e+05 
9.36968923560327e+01 1.00050990044542e+05 
9.38548923989902e+01 1.00049510724183e+05 
9.40128924384549e+01 1.00046795150291e+05 
9.41708924405656e+01 1.00043016316958e+05 
9.43288923108054e+01 1.00039034735756e+05 
9.44868920599109e+01 1.00034910037114e+05 
9.46448916529606e+01 1.00030197245248e+05 
9.48028916076712e+01 1.00025983008127e+05 
9.49608914944496e+01 1.00020022047861e+05 
9.51188913057259e+01 1.00013233048862e+05 
9.52768912337209e+01 1.00006952717263e+05 
9.54348911411694e+01 1.00001705199708e+05 
9.55928911756063e+01 9.99958086664342e+04 
9.57508910635802e+01 9.99907025328371e+04 
9.59088910424678e+01 9.99842154281592e+04 
9.60668908867435e+01 9.99776136341981e+04 
9.62248906047757e+01 9.99719864683240e+04 
9.63828904827730e+01 9.99678506799975e+04 
9.65408903462501e+01 9.99635069282378e+04 
9.66988901623332e+01 9.99596967755490e+04 
9.68568900168082e+01 9.99556110290974e+04 
9.70148897240250e+01 9.99521172637073e+04 
9.71728892944551e+01 9.99496625265734e+04 
9.73308889047403e+01 9.99488393959333e+04 
9.74888886147520e+01 9.99478221471242e+04 
9.76468881266289e+01 9.99471548974047e+04 
9.78048877845412e+01 9.99469495284088e+04 
9.79628871957190e+01 9.99477055281945e+04 
9.81208865399089e+01 9.99486873525254e+04 
9.82788858937054e+01 9.99506376648804e+04 
9.84368853019583e+01 9.99524539191094e+04 
9.85948846206375e+01 9.99540821469099e+04 
9.87528839618249e+01 9.99566284619855e+04 
9.89108832001843e+01 9.99600575610735e+04 
9.90688822583182e+01 9.99631723597771e+04 
9.92268814607112e+01 9.99663552826429e+04 
9.93848806720824e+01 9.99699060287759e+04 
9.95428797821141e+01 9.99728605378839e+04 
9.97008790097915e+01 9.99771261403427e+04 
9.98588780603129e+01 9.99821394656469e+04 
1.00016877088879e+02 9.99866168950683e+04 
