# Liste des scalaires : TEMPS pmat 
0.00000000000000e+00 1.00000000000000e+05 
1.58013544018059e-01 1.00000000000000e+05 
3.16027088036117e-01 1.00000000000000e+05 
4.74040632054176e-01 1.00000000000000e+05 
6.32054176072234e-01 1.00000000000000e+05 
7.90067720090293e-01 1.00000000000000e+05 
9.48081264108351e-01 1.00000000000000e+05 
1.10609480812641e+00 1.00000000000000e+05 
1.26410835214447e+00 1.00000000000000e+05 
1.42212189616253e+00 1.00000000000000e+05 
1.58013544018058e+00 1.00000000000000e+05 
1.73814898419864e+00 1.00000000000000e+05 
1.89616252821670e+00 1.00000000000000e+05 
2.05417607223476e+00 1.00000000000000e+05 
2.21218961625282e+00 1.00000000000000e+05 
2.37020316027087e+00 1.00000000000000e+05 
2.52821670428893e+00 1.00000000000000e+05 
2.68623024830699e+00 1.00000000000000e+05 
2.84424379232505e+00 1.00000000000000e+05 
3.00225733634311e+00 1.00000000000000e+05 
3.16027088036116e+00 1.00000000000000e+05 
3.31828442437922e+00 1.00000000000000e+05 
3.47629796839728e+00 1.00000000000000e+05 
3.63431151241534e+00 1.00000000000000e+05 
3.79232505643340e+00 1.00000000000000e+05 
3.95033860045145e+00 1.00000000000000e+05 
4.10835214446951e+00 1.00000000000000e+05 
4.26636568848757e+00 1.00000000000000e+05 
4.42437923250563e+00 1.00000000000000e+05 
4.58239277652368e+00 1.00000000000000e+05 
4.74040632054174e+00 1.00000000000000e+05 
4.89841986455980e+00 1.00000000000000e+05 
5.05643340857786e+00 1.00000000000000e+05 
5.21444695259591e+00 1.00000000000000e+05 
5.37246049661397e+00 1.00000000000000e+05 
5.53047404063203e+00 1.00000000000000e+05 
5.68848758465009e+00 1.00000000000000e+05 
5.84650112866814e+00 1.00000000000000e+05 
6.00451467268620e+00 1.00000000000000e+05 
6.16252821670426e+00 1.00000000000000e+05 
6.32054176072231e+00 1.00000000000000e+05 
6.47855530474037e+00 1.00000000000000e+05 
6.63656884875843e+00 1.00000000000000e+05 
6.79458239277648e+00 1.00000000000000e+05 
6.95259593679454e+00 1.00000000000000e+05 
7.11060948081260e+00 1.00000000000000e+05 
7.26862302483065e+00 1.00000000000000e+05 
7.42663656884871e+00 1.00000000000000e+05 
7.58465011286677e+00 1.00000000000000e+05 
7.74266365688483e+00 1.00000000000000e+05 
7.90067720090288e+00 1.00000000000000e+05 
8.05869074492094e+00 1.00000000000000e+05 
8.21670428893899e+00 1.00000000000000e+05 
8.37471783295705e+00 1.00000000000000e+05 
8.53273137697511e+00 1.00000000000000e+05 
8.69074492099316e+00 1.00000000000000e+05 
8.84875846501122e+00 1.00000000000000e+05 
9.00677200902927e+00 1.00000000000000e+05 
9.16478555304733e+00 1.00000000000000e+05 
9.32279909706538e+00 1.00000000000000e+05 
9.48081264108344e+00 1.00000000000000e+05 
9.63882618510150e+00 1.00000000000000e+05 
9.79683972911955e+00 1.00000000000000e+05 
9.95485327313761e+00 1.00000000000000e+05 
1.01128668171557e+01 1.00000000000000e+05 
1.02708803611737e+01 1.00000000000000e+05 
1.04288939051918e+01 1.00000000000000e+05 
1.05869074492098e+01 1.00000000000000e+05 
1.07449209932279e+01 1.00000000000000e+05 
1.09029345372459e+01 1.00000000000000e+05 
1.10609480812640e+01 1.00000000000000e+05 
1.12189616252821e+01 1.00000000000000e+05 
1.13769751693001e+01 1.00000000000000e+05 
1.15349887133182e+01 1.00000000000000e+05 
1.16930022573362e+01 1.00000000000000e+05 
1.18510158013543e+01 1.00000000000000e+05 
1.20090293453723e+01 1.00000000000000e+05 
1.21670428893904e+01 1.00000000000000e+05 
1.23250564334084e+01 1.00000000000000e+05 
1.24830699774265e+01 1.00000000000000e+05 
1.26410835214446e+01 1.00000000000000e+05 
1.27990970654626e+01 1.00000000000000e+05 
1.29571106094807e+01 1.00000000000000e+05 
1.31151241534987e+01 1.00000000000000e+05 
1.32731376975168e+01 1.00000000000000e+05 
1.34311512415348e+01 1.00000000000000e+05 
1.35891647855529e+01 1.00000000000000e+05 
1.37471783295709e+01 1.00000000000000e+05 
1.39051918735890e+01 1.00000000000000e+05 
1.40632054176071e+01 1.00000000000000e+05 
1.42212189616251e+01 1.00000000000000e+05 
1.43792325056432e+01 1.00000000000000e+05 
1.45372460496612e+01 1.00000000000000e+05 
1.46952595936793e+01 1.00000000000000e+05 
1.48532731376973e+01 1.00000000000000e+05 
1.50112866817154e+01 1.00000000000000e+05 
1.51693002257334e+01 1.00000000000000e+05 
1.53273137697515e+01 1.00000000000000e+05 
1.54853273137695e+01 1.00000000000000e+05 
1.56433408577876e+01 1.00000000000000e+05 
1.58013544018057e+01 1.00000000000000e+05 
1.59593679458237e+01 1.00000000000000e+05 
1.61173814898418e+01 1.00000000000000e+05 
1.62753950338598e+01 1.00000000000000e+05 
1.64334085778779e+01 1.00000000000000e+05 
1.65914221218959e+01 1.00000000000000e+05 
1.67494356659140e+01 1.00000000000000e+05 
1.69074492099320e+01 1.00000000000000e+05 
1.70654627539501e+01 1.00000000000000e+05 
1.72234762979681e+01 1.00000000000000e+05 
1.73814898419862e+01 1.00000000000000e+05 
1.75395033860043e+01 1.00000000000000e+05 
1.76975169300223e+01 1.00000000000000e+05 
1.78555304740404e+01 1.00000000000000e+05 
1.80135440180584e+01 1.00000000000000e+05 
1.81715575620765e+01 1.00000000000000e+05 
1.83295711060945e+01 1.00000000000000e+05 
1.84875846501126e+01 1.00000000000000e+05 
1.86455981941306e+01 1.00000000000000e+05 
1.88036117381487e+01 1.00000000000000e+05 
1.89616252821667e+01 1.00000000000000e+05 
1.91196388261848e+01 1.00000000000000e+05 
1.92776523702028e+01 1.00000000000000e+05 
1.94356659142209e+01 1.00000000000000e+05 
1.95936794582390e+01 1.00000000000000e+05 
1.97516930022570e+01 1.00000000000000e+05 
1.99097065462751e+01 1.00000000000000e+05 
2.00677200902931e+01 1.00000000000000e+05 
2.02257336343112e+01 1.00000000000000e+05 
2.03837471783292e+01 1.00000000000000e+05 
2.05417607223473e+01 1.00000000000000e+05 
2.06997742663653e+01 1.00000000000000e+05 
2.08577878103834e+01 1.00000000000000e+05 
2.10158013544014e+01 1.00000000000000e+05 
2.11738148984195e+01 1.00000000000000e+05 
2.13318284424376e+01 1.00000000000000e+05 
2.14898419864556e+01 1.00000000000000e+05 
2.16478555304737e+01 1.00000000000000e+05 
2.18058690744917e+01 1.00000000000000e+05 
2.19638826185098e+01 1.00000000000000e+05 
2.21218961625278e+01 1.00000000000000e+05 
2.22799097065459e+01 1.00000000000000e+05 
2.24379232505639e+01 1.00000000000000e+05 
2.25959367945820e+01 1.00000000000000e+05 
2.27539503386000e+01 1.00000000000000e+05 
2.29119638826181e+01 1.00000000000000e+05 
2.30699774266361e+01 1.00000000000000e+05 
2.32279909706542e+01 1.00000000000000e+05 
2.33860045146723e+01 1.00000000000000e+05 
2.35440180586903e+01 1.00000000000000e+05 
2.37020316027084e+01 1.00000000000000e+05 
2.38600451467264e+01 1.00000000000000e+05 
2.40180586907445e+01 1.00000000000000e+05 
2.41760722347625e+01 1.00000000000000e+05 
2.43340857787806e+01 1.00000000000000e+05 
2.44920993227986e+01 1.00000000000000e+05 
2.46501128668167e+01 1.00000000000000e+05 
2.48081264108347e+01 1.00000000000000e+05 
2.49661399548528e+01 1.00000000000000e+05 
2.51241534988708e+01 1.00000000000000e+05 
2.52821670428889e+01 1.00000000000000e+05 
2.54401805869069e+01 1.00000000000000e+05 
2.55981941309250e+01 1.00000000000000e+05 
2.57562076749430e+01 1.00000000000004e+05 
2.59142212189611e+01 1.00000000000027e+05 
2.60722347629791e+01 1.00000000000127e+05 
2.62302483069972e+01 1.00000000000466e+05 
2.63882618510153e+01 1.00000000009913e+05 
2.65462753950333e+01 1.00000000068221e+05 
2.67042889390514e+01 1.00000000629651e+05 
2.68623024830694e+01 1.00000001078878e+05 
2.70203160270875e+01 1.00000001675869e+05 
2.71783295711055e+01 1.00000002497843e+05 
2.73363431151236e+01 1.00000003715512e+05 
2.74943566591416e+01 1.00000005745565e+05 
2.76523702031597e+01 1.00000008904535e+05 
2.78103837471777e+01 1.00000013249366e+05 
2.79683972911958e+01 1.00000019273509e+05 
2.81264108352138e+01 1.00000027977176e+05 
2.82844243792319e+01 1.00000040594444e+05 
2.84424379232499e+01 1.00000059636370e+05 
2.86004514672680e+01 1.00000086523558e+05 
2.87584650112860e+01 1.00000121042120e+05 
2.89164785553041e+01 1.00000166279332e+05 
2.90744920993221e+01 1.00000227854955e+05 
2.92325056433402e+01 1.00000312280381e+05 
2.93905191873582e+01 1.00000429369019e+05 
2.95485327313763e+01 1.00000581001927e+05 
2.97065462753943e+01 1.00000761674021e+05 
2.98645598194124e+01 1.00000983793134e+05 
3.00225733634304e+01 1.00001267255746e+05 
3.01805869074485e+01 1.00001633838679e+05 
3.03386004514665e+01 1.00002100070036e+05 
3.04966139954843e+01 1.00002645957005e+05 
3.06546275395003e+01 1.00003233658425e+05 
3.08126410834971e+01 1.00003906647247e+05 
3.09706546272957e+01 1.00004707303082e+05 
3.11286681708936e+01 1.00005686091165e+05 
3.12866817143274e+01 1.00006807670676e+05 
3.14446952574723e+01 1.00007946018967e+05 
3.16027088001674e+01 1.00009017194208e+05 
3.17607223421364e+01 1.00010140205073e+05 
3.19187358832495e+01 1.00011377738411e+05 
3.20767494226194e+01 1.00012808967760e+05 
3.22347629599941e+01 1.00014269427694e+05 
3.23927764943706e+01 1.00015474805698e+05 
3.25507900239423e+01 1.00016312837617e+05 
3.27088035457829e+01 1.00017063683081e+05 
3.28668170595274e+01 1.00017912048632e+05 
3.30248305599181e+01 1.00018788508346e+05 
3.31828440425992e+01 1.00019572201768e+05 
3.33408575031136e+01 1.00019920699800e+05 
3.34988709293862e+01 1.00019678132463e+05 
3.36568843063214e+01 1.00019310284671e+05 
3.38148976325709e+01 1.00018961298004e+05 
3.39729108878444e+01 1.00018655078513e+05 
3.41309240403887e+01 1.00018414268776e+05 
3.42889370834585e+01 1.00017759472804e+05 
3.44469499667095e+01 1.00016509828303e+05 
3.46049626416154e+01 1.00015091312078e+05 
3.47629751094123e+01 1.00013726598641e+05 
3.49209873220811e+01 1.00012475387255e+05 
3.50789991793260e+01 1.00011215079292e+05 
3.52370106929348e+01 1.00009849002252e+05 
3.53950217552060e+01 1.00008244523020e+05 
3.55530322801683e+01 1.00006586461288e+05 
3.57110422484800e+01 1.00004974042568e+05 
3.58690516557028e+01 1.00003426258748e+05 
3.60270604042267e+01 1.00001949170660e+05 
3.61850684108629e+01 1.00000641311584e+05 
3.63430757025597e+01 9.99994089692213e+04 
3.65010821998343e+01 9.99982309699257e+04 
3.66590879149553e+01 9.99970898707421e+04 
3.68170929429180e+01 9.99959661265367e+04 
3.69750972659910e+01 9.99950000566119e+04 
3.71331008599683e+01 9.99943704294617e+04 
3.72911038794230e+01 9.99939722281622e+04 
3.74491063311914e+01 9.99936473133901e+04 
3.76071083058444e+01 9.99932827223845e+04 
3.77651096857588e+01 9.99929240610736e+04 
3.79231104073047e+01 9.99926713625139e+04 
3.80811109502943e+01 9.99926453442384e+04 
3.82391112062999e+01 9.99927381025025e+04 
3.83971111660317e+01 9.99927866187811e+04 
3.85551109656345e+01 9.99926973230469e+04 
3.87131105571401e+01 9.99924798908670e+04 
3.88711098652798e+01 9.99921861928860e+04 
3.90291090063081e+01 9.99919752557533e+04 
3.91871079803516e+01 9.99918437590948e+04 
3.93451069164122e+01 9.99916772969371e+04 
3.95031056072435e+01 9.99913398307859e+04 
3.96611044176520e+01 9.99908533615455e+04 
3.98191030871787e+01 9.99902864538033e+04 
3.99771018088401e+01 9.99898404240091e+04 
4.01351007074698e+01 9.99895867394090e+04 
4.02930997022155e+01 9.99893787870804e+04 
4.04510986021552e+01 9.99890151321445e+04 
4.06090971618161e+01 9.99885098884453e+04 
4.07670958737284e+01 9.99880959814638e+04 
4.09250951708767e+01 9.99878175149321e+04 
4.10830945501286e+01 9.99877841247243e+04 
4.12410939472816e+01 9.99877851953846e+04 
4.13990933807653e+01 9.99876629081455e+04 
4.15570928592266e+01 9.99874579622140e+04 
4.17150923413803e+01 9.99873218940475e+04 
4.18730918618998e+01 9.99873183703415e+04 
4.20310913871491e+01 9.99875615163561e+04 
4.21890909437351e+01 9.99878703484571e+04 
4.23470905543198e+01 9.99881533572893e+04 
4.25050902256413e+01 9.99883599765657e+04 
4.26630899184684e+01 9.99885170605030e+04 
4.28210896745392e+01 9.99888144362885e+04 
4.29790892602239e+01 9.99894263374081e+04 
4.31370888188632e+01 9.99901217317775e+04 
4.32950884109090e+01 9.99907858529241e+04 
4.34530877023690e+01 9.99914255098235e+04 
4.36110866376294e+01 9.99921283826462e+04 
4.37690854724754e+01 9.99928886183397e+04 
4.39270845035842e+01 9.99937824783318e+04 
4.40850833364672e+01 9.99947621454797e+04 
4.42430820276957e+01 9.99957923403408e+04 
4.44010804989590e+01 9.99968454749810e+04 
4.45590788134630e+01 9.99979663529195e+04 
4.47170770655565e+01 9.99990444345377e+04 
4.48750752148097e+01 1.00000108543444e+05 
4.50330732938293e+01 1.00001226883338e+05 
4.51910713795358e+01 1.00002449876075e+05 
4.53490693983586e+01 1.00003724781480e+05 
4.55070674106562e+01 1.00005001487430e+05 
4.56650653676240e+01 1.00006099238306e+05 
4.58230631625694e+01 1.00007023576592e+05 
4.59810608096228e+01 1.00007935928147e+05 
4.61390583312556e+01 1.00008950187669e+05 
4.62970557728472e+01 1.00009985410312e+05 
4.64550531385988e+01 1.00010944415583e+05 
4.66130504658573e+01 1.00011586043426e+05 
4.67710476910669e+01 1.00011904782811e+05 
4.69290448370875e+01 1.00012130878935e+05 
4.70870418817074e+01 1.00012434757680e+05 
4.72450388394929e+01 1.00012727748977e+05 
4.74030357844738e+01 1.00012896907761e+05 
4.75610327369803e+01 1.00012731954108e+05 
4.77190296641417e+01 1.00012194034762e+05 
4.78770265567167e+01 1.00011545222530e+05 
4.80350232907807e+01 1.00010921190087e+05 
4.81930199724646e+01 1.00010293948953e+05 
4.83510166821919e+01 1.00009535237990e+05 
4.85090134340476e+01 1.00008582999062e+05 
4.86670101864053e+01 1.00007416815094e+05 
4.88250069367958e+01 1.00006192631844e+05 
4.89830037017608e+01 1.00004947911616e+05 
4.91410003791622e+01 1.00003675669466e+05 
4.92989969712441e+01 1.00002353636482e+05 
4.94569936135427e+01 1.00001026433969e+05 
4.96149902571749e+01 9.99996894241549e+04 
4.97729869349215e+01 9.99983705432934e+04 
4.99309836461128e+01 9.99970161520184e+04 
5.00889804092298e+01 9.99955563744075e+04 
5.02469772586986e+01 9.99941434165038e+04 
5.04049742099479e+01 9.99929228959861e+04 
5.05629710368897e+01 9.99918935283713e+04 
5.07209677221875e+01 9.99909305544783e+04 
5.08789643925024e+01 9.99899239662160e+04 
5.10369611214738e+01 9.99888130049262e+04 
5.11949579837573e+01 9.99878205605264e+04 
5.13529549196390e+01 9.99871610237675e+04 
5.15109519220113e+01 9.99868305889769e+04 
5.16689490194469e+01 9.99865535383045e+04 
5.18269461871349e+01 9.99861989248992e+04 
5.19849434232851e+01 9.99857923730328e+04 
5.21429407955823e+01 9.99854989891807e+04 
5.23009380095267e+01 9.99855249975960e+04 
5.24589351151370e+01 9.99859492346558e+04 
5.26169322605497e+01 9.99864517171929e+04 
5.27749294397864e+01 9.99869236829944e+04 
5.29329267403186e+01 9.99873765099772e+04 
5.30909241439174e+01 9.99879471458907e+04 
5.32489216473604e+01 9.99887727531643e+04 
5.34069192807000e+01 9.99898648235642e+04 
5.35649170063727e+01 9.99910287390760e+04 
5.37229148023365e+01 9.99922324573449e+04 
5.38809127246988e+01 9.99934559384450e+04 
5.40389107877367e+01 9.99947668996563e+04 
5.41969089517492e+01 9.99961299983731e+04 
5.43549072484630e+01 9.99975964950745e+04 
5.45129054270051e+01 9.99990773009251e+04 
5.46709034516164e+01 1.00000620749409e+05 
5.48289014795824e+01 1.00002234134984e+05 
5.49868996507851e+01 1.00003833052183e+05 
5.51448978880694e+01 1.00005271671758e+05 
5.53028962526066e+01 1.00006573389451e+05 
5.54608947556885e+01 1.00007839564899e+05 
5.56188933188464e+01 1.00009152198044e+05 
5.57768920070724e+01 1.00010571833253e+05 
5.59348908650161e+01 1.00011849107665e+05 
5.60928898167026e+01 1.00012804040047e+05 
5.62508889037190e+01 1.00013416463821e+05 
5.64088881394332e+01 1.00013925937480e+05 
5.65668874484921e+01 1.00014532932899e+05 
5.67248868836807e+01 1.00015132074478e+05 
5.68828864893542e+01 1.00015555046436e+05 
5.70408861960338e+01 1.00015596356491e+05 
5.71988860391269e+01 1.00015192086695e+05 
5.73568857825965e+01 1.00014651429963e+05 
5.75148854374958e+01 1.00014151238437e+05 
5.76728851158728e+01 1.00013635496258e+05 
5.78308849012099e+01 1.00012913103267e+05 
5.79888847480601e+01 1.00011922694648e+05 
5.81468847532464e+01 1.00010593488287e+05 
5.83048848708051e+01 1.00009151008127e+05 
5.84628851001882e+01 1.00007691603361e+05 
5.86208854661624e+01 1.00006184984231e+05 
5.87788859510897e+01 1.00004570614424e+05 
5.89368865555350e+01 1.00002923820885e+05 
5.90948872830377e+01 1.00001179945082e+05 
5.92528880864323e+01 9.99994529892921e+04 
5.94108889302507e+01 9.99976840057177e+04 
5.95688898327881e+01 9.99958266830849e+04 
5.97268908041111e+01 9.99940070733712e+04 
5.98848918003332e+01 9.99924094628928e+04 
6.00428928680254e+01 9.99910108082969e+04 
6.02008940796456e+01 9.99897041204649e+04 
6.03588954725139e+01 9.99883567290319e+04 
6.05168971072922e+01 9.99868859231166e+04 
6.06748990531746e+01 9.99855686839982e+04 
6.08329010433522e+01 9.99846276663375e+04 
6.09909029438758e+01 9.99840567248237e+04 
6.11489044805151e+01 9.99836222339167e+04 
6.13069057727749e+01 9.99830577125555e+04 
6.14649070351632e+01 9.99824357138984e+04 
6.16229081384915e+01 9.99819606905387e+04 
6.17809092441211e+01 9.99818877637061e+04 
6.19389101339700e+01 9.99822325870402e+04 
6.20969109801752e+01 9.99827018928034e+04 
6.22549119387378e+01 9.99831232413176e+04 
6.24129129488496e+01 9.99835118098292e+04 
6.25709138861800e+01 9.99837735572479e+04 
6.27289151983368e+01 9.99843767038430e+04 
6.28869165870729e+01 9.99854925823001e+04 
6.30449181597254e+01 9.99867092513832e+04 
6.32029200758520e+01 9.99878655766425e+04 
6.33609221827735e+01 9.99889705005627e+04 
6.35189242560073e+01 9.99901589288084e+04 
6.36769260693996e+01 9.99914709144158e+04 
6.38349281051127e+01 9.99929719275135e+04 
6.39929298098694e+01 9.99945128042060e+04 
6.41509316615666e+01 9.99960982694483e+04 
6.43089337942408e+01 9.99976947971435e+04 
6.44669357869463e+01 9.99993393003645e+04 
6.46249374433373e+01 1.00000917444492e+05 
6.47829389136374e+01 1.00002455505606e+05 
6.49409399663625e+01 1.00003955322826e+05 
6.50989409632269e+01 1.00005511539181e+05 
6.52569421377169e+01 1.00007145516625e+05 
6.54149430085585e+01 1.00008716783441e+05 
6.55729437641150e+01 1.00010002075327e+05 
6.57309443638751e+01 1.00011021263499e+05 
6.58889448714392e+01 1.00011958628276e+05 
6.60469454271883e+01 1.00012966995590e+05 
6.62049458871531e+01 1.00014059573835e+05 
6.63629460911794e+01 1.00014962464694e+05 
6.65209461944869e+01 1.00015416314714e+05 
6.66789460139657e+01 1.00015488327048e+05 
6.68369454321013e+01 1.00015455663179e+05 
6.69949447414460e+01 1.00015541456112e+05 
6.71529441536746e+01 1.00015585548716e+05 
6.73109433241402e+01 1.00015492814753e+05 
6.74689424701647e+01 1.00015026723006e+05 
6.76269417991850e+01 1.00014124968498e+05 
6.77849410142811e+01 1.00013136323471e+05 
6.79429404441664e+01 1.00012187358431e+05 
6.81009399323400e+01 1.00011233442124e+05 
6.82589394467423e+01 1.00010113987392e+05 
6.84169390831585e+01 1.00008806487460e+05 
6.85749387125848e+01 1.00007296806181e+05 
6.87329381770452e+01 1.00005752187987e+05 
6.88909376719355e+01 1.00004186111529e+05 
6.90489371579850e+01 1.00002583694400e+05 
6.92069365995741e+01 1.00000937132251e+05 
6.93649360510441e+01 9.99993390732148e+04 
6.95229353740816e+01 9.99977818402175e+04 
6.96809345840638e+01 9.99962926366434e+04 
6.98389340499524e+01 9.99947626237268e+04 
6.99969337688401e+01 9.99931484418700e+04 
7.01549335087798e+01 9.99916054211787e+04 
7.03129334087804e+01 9.99903235965350e+04 
7.04709333808406e+01 9.99893043822331e+04 
7.06289333787524e+01 9.99884070221497e+04 
7.07869336204822e+01 9.99874452782245e+04 
7.09449340672215e+01 9.99863694442379e+04 
7.11029345997939e+01 9.99854499436680e+04 
7.12609350713582e+01 9.99849287432306e+04 
7.14189347160093e+01 9.99847945354527e+04 
7.15769336370085e+01 9.99847404964613e+04 
7.17349322495437e+01 9.99845666530600e+04 
7.18929307461385e+01 9.99843329801350e+04 
7.20509289766604e+01 9.99842490482450e+04 
7.22089272661357e+01 9.99844732202916e+04 
7.23669254718874e+01 9.99851268484506e+04 
7.25249235776293e+01 9.99858627940497e+04 
7.26829219494500e+01 9.99865109407801e+04 
7.28409203727508e+01 9.99871000407582e+04 
7.29989186538633e+01 9.99878278790528e+04 
7.31569171184710e+01 9.99887580780175e+04 
7.33149154807419e+01 9.99899571482380e+04 
7.34729138742871e+01 9.99912080864548e+04 
7.36309123482416e+01 9.99924451340169e+04 
7.37889111043111e+01 9.99936923262006e+04 
7.39469098644377e+01 9.99950194356955e+04 
7.41049087471577e+01 9.99963648267125e+04 
7.42629075233993e+01 9.99978050381335e+04 
7.44209062786759e+01 9.99992395816008e+04 
7.45789051660299e+01 1.00000725571715e+05 
7.47369040521852e+01 1.00002296140241e+05 
7.48949026971529e+01 1.00003873595048e+05 
7.50529013271319e+01 1.00005301468705e+05 
7.52109000002093e+01 1.00006588880000e+05 
7.53688985762336e+01 1.00007815190578e+05 
7.55268972581844e+01 1.00009122025475e+05 
7.56848960103278e+01 1.00010553096773e+05 
7.58428947255754e+01 1.00011874904716e+05 
7.60008936594136e+01 1.00012864016607e+05 
7.61588924322546e+01 1.00013528299745e+05 
7.63168911638559e+01 1.00014080872890e+05 
7.64748900450755e+01 1.00014747188816e+05 
7.66328890548658e+01 1.00015478844988e+05 
7.67908878834910e+01 1.00016083297181e+05 
7.69488867890563e+01 1.00016218294823e+05 
7.71068856575359e+01 1.00015944566702e+05 
7.72648846605642e+01 1.00015535741724e+05 
7.74228838477881e+01 1.00015183614435e+05 
7.75808832323467e+01 1.00014893842439e+05 
7.77388824246277e+01 1.00014521029406e+05 
7.78968816322887e+01 1.00013842864510e+05 
7.80548807011359e+01 1.00012692508236e+05 
7.82128796943324e+01 1.00011412987319e+05 
7.83708787081097e+01 1.00010184730164e+05 
7.85288777862713e+01 1.00008944713890e+05 
7.86868768060587e+01 1.00007572963007e+05 
7.88448759839678e+01 1.00006128160824e+05 
7.90028750293676e+01 1.00004518419731e+05 
7.91608740579794e+01 1.00002903459310e+05 
7.93188731240776e+01 1.00001251412345e+05 
7.94768722866737e+01 9.99995303144541e+04 
7.96348714744995e+01 9.99977814162615e+04 
7.97928707841639e+01 9.99961621608382e+04 
7.99508700431175e+01 9.99946762237306e+04 
8.01088692532010e+01 9.99932730961577e+04 
8.02668685571017e+01 9.99918151374778e+04 
8.04248679221742e+01 9.99902378373965e+04 
8.05828672895297e+01 9.99887575462687e+04 
8.07408668401889e+01 9.99876241285614e+04 
8.08988663183940e+01 9.99868186094288e+04 
8.10568658136689e+01 9.99861365259442e+04 
8.12148653641856e+01 9.99853541238423e+04 
8.13728650602450e+01 9.99844399623374e+04 
8.15308647094415e+01 9.99836729191866e+04 
8.16888645412167e+01 9.99834574065277e+04 
8.18468642992061e+01 9.99835946712070e+04 
8.20048640365115e+01 9.99838332204857e+04 
8.21628638878385e+01 9.99839107864462e+04 
8.23208638447879e+01 9.99839573703059e+04 
8.24788638290085e+01 9.99841571203692e+04 
8.26368639316287e+01 9.99846464772854e+04 
8.27948639928999e+01 9.99855459410865e+04 
8.29528640097892e+01 9.99865396051621e+04 
8.31108641257694e+01 9.99874710255228e+04 
8.32688643339817e+01 9.99883961196350e+04 
8.34268645003396e+01 9.99894477446742e+04 
8.35848648702901e+01 9.99906384684833e+04 
8.37428651207969e+01 9.99920367403872e+04 
8.39008653577218e+01 9.99934737995030e+04 
8.40588656514321e+01 9.99949304148060e+04 
8.42168660797810e+01 9.99964412516444e+04 
8.43748664504764e+01 9.99980159612667e+04 
8.45328669632765e+01 9.99995404207361e+04 
8.46908673910183e+01 1.00001052977305e+05 
8.48488677558302e+01 1.00002524113874e+05 
8.50068682338221e+01 1.00004066406867e+05 
8.51648687934220e+01 1.00005716370608e+05 
8.53228693020651e+01 1.00007326296073e+05 
8.54808699523303e+01 1.00008693186896e+05 
8.56388704750119e+01 1.00009834518964e+05 
8.57968709951201e+01 1.00010894107508e+05 
8.59548715414848e+01 1.00012024963410e+05 
8.61128721364377e+01 1.00013285031343e+05 
8.62708727179347e+01 1.00014380920160e+05 
8.64288733473842e+01 1.00015101591871e+05 
8.65868739800674e+01 1.00015420381938e+05 
8.67448745080638e+01 1.00015614990391e+05 
8.69028751837753e+01 1.00015942220661e+05 
8.70608758960404e+01 1.00016325971443e+05 
8.72188765860811e+01 1.00016468002282e+05 
8.73768773582707e+01 1.00016289163361e+05 
8.75348780012508e+01 1.00015667293662e+05 
8.76928786004829e+01 1.00014929624724e+05 
8.78508792441084e+01 1.00014280761547e+05 
8.80088800434000e+01 1.00013622896471e+05 
8.81668806916759e+01 1.00012760008627e+05 
8.83248814855233e+01 1.00011694756241e+05 
8.84828821285871e+01 1.00010346034717e+05 
8.86408826913246e+01 1.00008931536166e+05 
8.87988833442697e+01 1.00007527594135e+05 
8.89568840341034e+01 1.00006061381768e+05 
8.91148847006716e+01 1.00004472722889e+05 
8.92728853750260e+01 1.00002907636231e+05 
8.94308859501744e+01 1.00001308242301e+05 
8.95888863918260e+01 9.99997334850747e+04 
8.97468869365088e+01 9.99981035566673e+04 
8.99048875615784e+01 9.99963473734659e+04 
9.00628880436466e+01 9.99946130974702e+04 
9.02208886930447e+01 9.99931192036921e+04 
9.03788890986989e+01 9.99918508755277e+04 
9.05368894584843e+01 9.99906575963926e+04 
9.06948898189981e+01 9.99893981271785e+04 
9.08528902524989e+01 9.99879895900838e+04 
9.10108905775425e+01 9.99867287374513e+04 
9.11688909467955e+01 9.99858181285278e+04 
9.13268912145514e+01 9.99853151337093e+04 
9.14848913158008e+01 9.99849700701161e+04 
9.16428915822170e+01 9.99844059129950e+04 
9.18008918169298e+01 9.99838021934010e+04 
9.19588919708743e+01 9.99834028759064e+04 
9.21168922103786e+01 9.99833284020590e+04 
9.22748922710947e+01 9.99836819904406e+04 
9.24328922715071e+01 9.99841368591580e+04 
9.25908922911711e+01 9.99845520495074e+04 
9.27488924135160e+01 9.99849107263152e+04 
9.29068924081221e+01 9.99852516710591e+04 
9.30648924455409e+01 9.99858733183312e+04 
9.32228924177697e+01 9.99869608924691e+04 
9.33808923174738e+01 9.99881437626090e+04 
9.35388923127242e+01 9.99892792164275e+04 
9.36968923560327e+01 9.99903863735988e+04 
9.38548923989902e+01 9.99916109819041e+04 
9.40128924384549e+01 9.99928768141148e+04 
9.41708924405656e+01 9.99943011589173e+04 
9.43288923108054e+01 9.99957537441443e+04 
9.44868920599109e+01 9.99972618947013e+04 
9.46448916529606e+01 9.99988460234860e+04 
9.48028916076712e+01 1.00000491903565e+05 
9.49608914944496e+01 1.00002022048142e+05 
9.51188913057259e+01 1.00003441429429e+05 
9.52768912337209e+01 1.00004804892787e+05 
9.54348911411694e+01 1.00006255012592e+05 
9.55928911756063e+01 1.00007867810254e+05 
9.57508910635802e+01 1.00009401806489e+05 
9.59088910424678e+01 1.00010628893203e+05 
9.60668908867435e+01 1.00011538109227e+05 
9.62248906047757e+01 1.00012333512650e+05 
9.63828904827730e+01 1.00013292871005e+05 
9.65408903462501e+01 1.00014352465292e+05 
9.66988901623332e+01 1.00015228807455e+05 
9.68568900168082e+01 1.00015681495763e+05 
9.70148897240250e+01 1.00015704493796e+05 
9.71728892944551e+01 1.00015605580812e+05 
9.73308889047403e+01 1.00015683455905e+05 
9.74888886147520e+01 1.00015739529194e+05 
9.76468881266289e+01 1.00015622910446e+05 
9.78048877845412e+01 1.00015216430375e+05 
9.79628871957190e+01 1.00014373438327e+05 
9.81208865399089e+01 1.00013418100745e+05 
9.82788858937054e+01 1.00012507981340e+05 
9.84368853019583e+01 1.00011578695814e+05 
9.85948846206375e+01 1.00010473816915e+05 
9.87528839618249e+01 1.00009242431708e+05 
9.89108832001843e+01 1.00007809418602e+05 
9.90688822583182e+01 1.00006347359461e+05 
9.92268814607112e+01 1.00004864012801e+05 
9.93848806720824e+01 1.00003293175631e+05 
9.95428797821141e+01 1.00001637854106e+05 
9.97008790097915e+01 1.00000060474205e+05 
9.98588780603129e+01 9.99985813719635e+04 
1.00016877088879e+02 9.99971572002623e+04 
