# Liste des scalaires : TEMPS pmat 
0.00000000000000e+00 1.00000000000000e+05 
1.58013544018059e-01 1.00000000000000e+05 
3.16027088036117e-01 1.00000000000000e+05 
4.74040632054176e-01 1.00000000000000e+05 
6.32054176072234e-01 1.00000000000000e+05 
7.90067720090293e-01 1.00000000000000e+05 
9.48081264108351e-01 1.00000000000000e+05 
1.10609480812641e+00 1.00000000000000e+05 
1.26410835214447e+00 1.00000000000000e+05 
1.42212189616253e+00 1.00000000000000e+05 
1.58013544018058e+00 1.00000000000000e+05 
1.73814898419864e+00 1.00000000000000e+05 
1.89616252821670e+00 1.00000000000000e+05 
2.05417607223476e+00 1.00000000000000e+05 
2.21218961625282e+00 1.00000000000000e+05 
2.37020316027087e+00 1.00000000000000e+05 
2.52821670428893e+00 1.00000000000000e+05 
2.68623024830699e+00 1.00000000000000e+05 
2.84424379232505e+00 1.00000000000000e+05 
3.00225733634311e+00 1.00000000000000e+05 
3.16027088036116e+00 1.00000000000000e+05 
3.31828442437922e+00 1.00000000000000e+05 
3.47629796839728e+00 1.00000000000000e+05 
3.63431151241534e+00 1.00000000000000e+05 
3.79232505643340e+00 1.00000000000000e+05 
3.95033860045145e+00 1.00000000000000e+05 
4.10835214446951e+00 1.00000000000000e+05 
4.26636568848757e+00 1.00000000000000e+05 
4.42437923250563e+00 1.00000000000000e+05 
4.58239277652368e+00 1.00000000000000e+05 
4.74040632054174e+00 1.00000000000000e+05 
4.89841986455980e+00 1.00000000000000e+05 
5.05643340857786e+00 1.00000000000000e+05 
5.21444695259591e+00 1.00000000000000e+05 
5.37246049661397e+00 1.00000000000000e+05 
5.53047404063203e+00 1.00000000000000e+05 
5.68848758465009e+00 1.00000000000000e+05 
5.84650112866814e+00 1.00000000000000e+05 
6.00451467268620e+00 1.00000000000000e+05 
6.16252821670426e+00 1.00000000000000e+05 
6.32054176072231e+00 1.00000000000000e+05 
6.47855530474037e+00 1.00000000000000e+05 
6.63656884875843e+00 1.00000000000000e+05 
6.79458239277648e+00 1.00000000000000e+05 
6.95259593679454e+00 1.00000000000000e+05 
7.11060948081260e+00 1.00000000000000e+05 
7.26862302483065e+00 1.00000000000000e+05 
7.42663656884871e+00 1.00000000000000e+05 
7.58465011286677e+00 1.00000000000000e+05 
7.74266365688483e+00 1.00000000000000e+05 
7.90067720090288e+00 1.00000000000000e+05 
8.05869074492094e+00 1.00000000000000e+05 
8.21670428893899e+00 1.00000000000000e+05 
8.37471783295705e+00 1.00000000000000e+05 
8.53273137697511e+00 1.00000000000000e+05 
8.69074492099316e+00 1.00000000000000e+05 
8.84875846501122e+00 1.00000000000000e+05 
9.00677200902927e+00 1.00000000000000e+05 
9.16478555304733e+00 1.00000000000000e+05 
9.32279909706538e+00 1.00000000000000e+05 
9.48081264108344e+00 1.00000000000000e+05 
9.63882618510150e+00 1.00000000000000e+05 
9.79683972911955e+00 1.00000000000000e+05 
9.95485327313761e+00 1.00000000000000e+05 
1.01128668171557e+01 1.00000000000000e+05 
1.02708803611737e+01 1.00000000000000e+05 
1.04288939051918e+01 1.00000000000000e+05 
1.05869074492098e+01 1.00000000000000e+05 
1.07449209932279e+01 1.00000000000000e+05 
1.09029345372459e+01 1.00000000000000e+05 
1.10609480812640e+01 1.00000000000000e+05 
1.12189616252821e+01 1.00000000000000e+05 
1.13769751693001e+01 1.00000000000000e+05 
1.15349887133182e+01 1.00000000000000e+05 
1.16930022573362e+01 1.00000000000000e+05 
1.18510158013543e+01 1.00000000000000e+05 
1.20090293453723e+01 1.00000000000000e+05 
1.21670428893904e+01 1.00000000000000e+05 
1.23250564334084e+01 1.00000000000000e+05 
1.24830699774265e+01 1.00000000000000e+05 
1.26410835214446e+01 1.00000000000000e+05 
1.27990970654626e+01 1.00000000000000e+05 
1.29571106094807e+01 1.00000000000000e+05 
1.31151241534987e+01 1.00000000000000e+05 
1.32731376975168e+01 1.00000000000000e+05 
1.34311512415348e+01 1.00000000000000e+05 
1.35891647855529e+01 1.00000000000000e+05 
1.37471783295709e+01 1.00000000000000e+05 
1.39051918735890e+01 1.00000000000000e+05 
1.40632054176071e+01 1.00000000000000e+05 
1.42212189616251e+01 1.00000000000000e+05 
1.43792325056432e+01 1.00000000000000e+05 
1.45372460496612e+01 1.00000000000000e+05 
1.46952595936793e+01 1.00000000000000e+05 
1.48532731376973e+01 1.00000000000000e+05 
1.50112866817154e+01 1.00000000000000e+05 
1.51693002257334e+01 1.00000000000000e+05 
1.53273137697515e+01 1.00000000000000e+05 
1.54853273137695e+01 1.00000000000000e+05 
1.56433408577876e+01 1.00000000000000e+05 
1.58013544018057e+01 1.00000000000000e+05 
1.59593679458237e+01 1.00000000000000e+05 
1.61173814898418e+01 1.00000000000000e+05 
1.62753950338598e+01 1.00000000000000e+05 
1.64334085778779e+01 1.00000000000000e+05 
1.65914221218959e+01 1.00000000000000e+05 
1.67494356659140e+01 1.00000000000000e+05 
1.69074492099320e+01 1.00000000000000e+05 
1.70654627539501e+01 1.00000000000000e+05 
1.72234762979681e+01 1.00000000000000e+05 
1.73814898419862e+01 1.00000000000000e+05 
1.75395033860043e+01 1.00000000000000e+05 
1.76975169300223e+01 1.00000000000000e+05 
1.78555304740404e+01 1.00000000000000e+05 
1.80135440180584e+01 1.00000000000000e+05 
1.81715575620765e+01 1.00000000000000e+05 
1.83295711060945e+01 1.00000000000000e+05 
1.84875846501126e+01 1.00000000000000e+05 
1.86455981941306e+01 1.00000000000000e+05 
1.88036117381487e+01 1.00000000000000e+05 
1.89616252821667e+01 1.00000000000000e+05 
1.91196388261848e+01 1.00000000000000e+05 
1.92776523702028e+01 1.00000000000000e+05 
1.94356659142209e+01 1.00000000000000e+05 
1.95936794582390e+01 1.00000000000000e+05 
1.97516930022570e+01 1.00000000000000e+05 
1.99097065462751e+01 1.00000000000000e+05 
2.00677200902931e+01 1.00000000000000e+05 
2.02257336343112e+01 1.00000000000000e+05 
2.03837471783292e+01 1.00000000000000e+05 
2.05417607223473e+01 1.00000000000000e+05 
2.06997742663653e+01 1.00000000000000e+05 
2.08577878103834e+01 1.00000000000000e+05 
2.10158013544014e+01 1.00000000000000e+05 
2.11738148984195e+01 1.00000000000000e+05 
2.13318284424376e+01 1.00000000000000e+05 
2.14898419864556e+01 1.00000000000000e+05 
2.16478555304737e+01 1.00000000000000e+05 
2.18058690744917e+01 1.00000000000000e+05 
2.19638826185098e+01 1.00000000000000e+05 
2.21218961625278e+01 1.00000000000000e+05 
2.22799097065459e+01 1.00000000000000e+05 
2.24379232505639e+01 1.00000000000000e+05 
2.25959367945820e+01 1.00000000000000e+05 
2.27539503386000e+01 1.00000000000000e+05 
2.29119638826181e+01 1.00000000000000e+05 
2.30699774266361e+01 1.00000000000000e+05 
2.32279909706542e+01 1.00000000000000e+05 
2.33860045146723e+01 1.00000000000000e+05 
2.35440180586903e+01 1.00000000000000e+05 
2.37020316027084e+01 1.00000000000000e+05 
2.38600451467264e+01 1.00000000000000e+05 
2.40180586907445e+01 1.00000000000000e+05 
2.41760722347625e+01 1.00000000000000e+05 
2.43340857787806e+01 1.00000000000000e+05 
2.44920993227986e+01 1.00000000000000e+05 
2.46501128668167e+01 1.00000000000000e+05 
2.48081264108347e+01 1.00000000000000e+05 
2.49661399548528e+01 1.00000000000000e+05 
2.51241534988708e+01 1.00000000000005e+05 
2.52821670428889e+01 1.00000000000034e+05 
2.54401805869069e+01 1.00000000000160e+05 
2.55981941309250e+01 1.00000000000225e+05 
2.57562076749430e+01 1.00000000001406e+05 
2.59142212189611e+01 1.00000000045848e+05 
2.60722347629791e+01 1.00000000366535e+05 
2.62302483069972e+01 1.00000000861777e+05 
2.63882618510153e+01 1.00000001469905e+05 
2.65462753950333e+01 1.00000002171921e+05 
2.67042889390514e+01 1.00000003387071e+05 
2.68623024830694e+01 1.00000005342862e+05 
2.70203160270875e+01 1.00000008247335e+05 
2.71783295711055e+01 1.00000012838489e+05 
2.73363431151236e+01 1.00000019748708e+05 
2.74943566591416e+01 1.00000029509317e+05 
2.76523702031597e+01 1.00000043840290e+05 
2.78103837471777e+01 1.00000064822000e+05 
2.79683972911958e+01 1.00000093880115e+05 
2.81264108352138e+01 1.00000136355831e+05 
2.82844243792319e+01 1.00000195149876e+05 
2.84424379232499e+01 1.00000272234687e+05 
2.86004514672680e+01 1.00000376232012e+05 
2.87584650112860e+01 1.00000515659593e+05 
2.89164785553041e+01 1.00000695391704e+05 
2.90744920993221e+01 1.00000934903476e+05 
2.92325056433402e+01 1.00001238534279e+05 
2.93905191873582e+01 1.00001605198113e+05 
2.95485327313763e+01 1.00002052812415e+05 
2.97065462753943e+01 1.00002592427979e+05 
2.98645598194124e+01 1.00003230256493e+05 
3.00225733634304e+01 1.00003992751095e+05 
3.01805869074485e+01 1.00004864076009e+05 
3.03386004514665e+01 1.00005816744406e+05 
3.04966139954843e+01 1.00006848138315e+05 
3.06546275395003e+01 1.00007936078107e+05 
3.08126410834971e+01 1.00009092190947e+05 
3.09706546272957e+01 1.00010305343627e+05 
3.11286681708936e+01 1.00011531460023e+05 
3.12866817143274e+01 1.00012722272337e+05 
3.14446952574723e+01 1.00013831914591e+05 
3.16027088001674e+01 1.00014810228595e+05 
3.17607223421364e+01 1.00015725648289e+05 
3.19187358832495e+01 1.00016535204166e+05 
3.20767494226194e+01 1.00017238756982e+05 
3.22347629599941e+01 1.00017842830635e+05 
3.23927764943706e+01 1.00018240190373e+05 
3.25507900239423e+01 1.00018455202297e+05 
3.27088035457829e+01 1.00018576813709e+05 
3.28668170595274e+01 1.00018564676648e+05 
3.30248305599181e+01 1.00018458294185e+05 
3.31828440425992e+01 1.00018261261235e+05 
3.33408575031136e+01 1.00017915023452e+05 
3.34988709293862e+01 1.00017456669923e+05 
3.36568843063214e+01 1.00016958418174e+05 
3.38148976325709e+01 1.00016307653884e+05 
3.39729108878444e+01 1.00015684229862e+05 
3.41309240403887e+01 1.00015043805040e+05 
3.42889370834585e+01 1.00014266101021e+05 
3.44469499667095e+01 1.00013442732661e+05 
3.46049626416154e+01 1.00012630151183e+05 
3.47629751094123e+01 1.00011761913098e+05 
3.49209873220811e+01 1.00010908818758e+05 
3.50789991793260e+01 1.00010026028016e+05 
3.52370106929348e+01 1.00009022199334e+05 
3.53950217552060e+01 1.00008009501901e+05 
3.55530322801683e+01 1.00007007689478e+05 
3.57110422484800e+01 1.00005937208710e+05 
3.58690516557028e+01 1.00004806390641e+05 
3.60270604042267e+01 1.00003587058272e+05 
3.61850684108629e+01 1.00002230663528e+05 
3.63430757025597e+01 1.00000819514556e+05 
3.65010821998343e+01 9.99994084129888e+04 
3.66590879149553e+01 9.99979309410209e+04 
3.68170929429180e+01 9.99963727168995e+04 
3.69750972659910e+01 9.99947327639199e+04 
3.71331008599683e+01 9.99930104522604e+04 
3.72911038794230e+01 9.99913068567023e+04 
3.74491063311914e+01 9.99896501469542e+04 
3.76071083058444e+01 9.99880141517271e+04 
3.77651096857588e+01 9.99863764636538e+04 
3.79231104073047e+01 9.99847468219512e+04 
3.80811109502943e+01 9.99831758182494e+04 
3.82391112062999e+01 9.99817367021579e+04 
3.83971111660317e+01 9.99804139915554e+04 
3.85551109656345e+01 9.99792384396481e+04 
3.87131105571401e+01 9.99781512190036e+04 
3.88711098652798e+01 9.99771504284544e+04 
3.90291090063081e+01 9.99763531482960e+04 
3.91871079803516e+01 9.99757509516586e+04 
3.93451069164122e+01 9.99753320541759e+04 
3.95031056072435e+01 9.99751681025894e+04 
3.96611044176520e+01 9.99751038257895e+04 
3.98191030871787e+01 9.99751559336906e+04 
3.99771018088401e+01 9.99755570062483e+04 
4.01351007074698e+01 9.99760896127037e+04 
4.02930997022155e+01 9.99767692421479e+04 
4.04510986021552e+01 9.99777140446681e+04 
4.06090971618161e+01 9.99787975442462e+04 
4.07670958737284e+01 9.99799328616984e+04 
4.09250951708767e+01 9.99813381070558e+04 
4.10830945501286e+01 9.99828122900554e+04 
4.12410939472816e+01 9.99844066087554e+04 
4.13990933807653e+01 9.99861521020276e+04 
4.15570928592266e+01 9.99879167200265e+04 
4.17150923413803e+01 9.99896939328417e+04 
4.18730918618998e+01 9.99915912733930e+04 
4.20310913871491e+01 9.99934507777676e+04 
4.21890909437351e+01 9.99952856352034e+04 
4.23470905543198e+01 9.99971823925900e+04 
4.25050902256413e+01 9.99990663095230e+04 
4.26630899184684e+01 1.00000920754697e+05 
4.28210896745392e+01 1.00002779361760e+05 
4.29790892602239e+01 1.00004485719710e+05 
4.31370888188632e+01 1.00006074290974e+05 
4.32950884109090e+01 1.00007605341406e+05 
4.34530877023690e+01 1.00009094210947e+05 
4.36110866376294e+01 1.00010532623032e+05 
4.37690854724754e+01 1.00011872646057e+05 
4.39270845035842e+01 1.00013003864541e+05 
4.40850833364672e+01 1.00013963934725e+05 
4.42430820276957e+01 1.00014762231716e+05 
4.44010804989590e+01 1.00015492973372e+05 
4.45590788134630e+01 1.00016162575005e+05 
4.47170770655565e+01 1.00016667522947e+05 
4.48750752148097e+01 1.00016961272048e+05 
4.50330732938293e+01 1.00017067350400e+05 
4.51910713795358e+01 1.00016932003333e+05 
4.53490693983586e+01 1.00016740358019e+05 
4.55070674106562e+01 1.00016477203690e+05 
4.56650653676240e+01 1.00015971401394e+05 
4.58230631625694e+01 1.00015334975015e+05 
4.59810608096228e+01 1.00014542395275e+05 
4.61390583312556e+01 1.00013535157987e+05 
4.62970557728472e+01 1.00012435137039e+05 
4.64550531385988e+01 1.00011282517764e+05 
4.66130504658573e+01 1.00009966698992e+05 
4.67710476910669e+01 1.00008589774159e+05 
4.69290448370875e+01 1.00007130165614e+05 
4.70870418817074e+01 1.00005540237110e+05 
4.72450388394929e+01 1.00003938965242e+05 
4.74030357844738e+01 1.00002338001275e+05 
4.75610327369803e+01 1.00000665105388e+05 
4.77190296641417e+01 9.99990593405823e+04 
4.78770265567167e+01 9.99974982339870e+04 
4.80350232907807e+01 9.99959402050983e+04 
4.81930199724646e+01 9.99944307321013e+04 
4.83510166821919e+01 9.99929840835559e+04 
4.85090134340476e+01 9.99915946277603e+04 
4.86670101864053e+01 9.99903978738269e+04 
4.88250069367958e+01 9.99893506412021e+04 
4.89830037017608e+01 9.99884382541734e+04 
4.91410003791622e+01 9.99876458245856e+04 
4.92989969712441e+01 9.99869494170804e+04 
4.94569936135427e+01 9.99864031290908e+04 
4.96149902571749e+01 9.99860962037127e+04 
4.97729869349215e+01 9.99859798869193e+04 
4.99309836461128e+01 9.99860694588077e+04 
5.00889804092298e+01 9.99862821213546e+04 
5.02469772586986e+01 9.99865760887106e+04 
5.04049742099479e+01 9.99870582037191e+04 
5.05629710368897e+01 9.99877154960502e+04 
5.07209677221875e+01 9.99885190065027e+04 
5.08789643925024e+01 9.99895004696824e+04 
5.10369611214738e+01 9.99905791817343e+04 
5.11949579837573e+01 9.99916896228391e+04 
5.13529549196390e+01 9.99929012306415e+04 
5.15109519220113e+01 9.99941574013675e+04 
5.16689490194469e+01 9.99954662115827e+04 
5.18269461871349e+01 9.99968515683982e+04 
5.19849434232851e+01 9.99982401708818e+04 
5.21429407955823e+01 9.99996073782790e+04 
5.23009380095267e+01 1.00001001212349e+05 
5.24589351151370e+01 1.00002332906814e+05 
5.26169322605497e+01 1.00003611447033e+05 
5.27749294397864e+01 1.00004864988814e+05 
5.29329267403186e+01 1.00006077652826e+05 
5.30909241439174e+01 1.00007236165963e+05 
5.32489216473604e+01 1.00008336930602e+05 
5.34069192807000e+01 1.00009286108071e+05 
5.35649170063727e+01 1.00010107318024e+05 
5.37229148023365e+01 1.00010811430731e+05 
5.38809127246988e+01 1.00011438669880e+05 
5.40389107877367e+01 1.00011999830999e+05 
5.41969089517492e+01 1.00012446683016e+05 
5.43549072484630e+01 1.00012711305376e+05 
5.45129054270051e+01 1.00012825085682e+05 
5.46709034516164e+01 1.00012764664183e+05 
5.48289014795824e+01 1.00012608265953e+05 
5.49868996507851e+01 1.00012373140724e+05 
5.51448978880694e+01 1.00011990110413e+05 
5.53028962526066e+01 1.00011429422229e+05 
5.54608947556885e+01 1.00010730992313e+05 
5.56188933188464e+01 1.00009841928217e+05 
5.57768920070724e+01 1.00008847726610e+05 
5.59348908650161e+01 1.00007781167991e+05 
5.60928898167026e+01 1.00006566115492e+05 
5.62508889037190e+01 1.00005249120082e+05 
5.64088881394332e+01 1.00003840379818e+05 
5.65668874484921e+01 1.00002308790287e+05 
5.67248868836807e+01 1.00000737761566e+05 
5.68828864893542e+01 9.99991489821409e+04 
5.70408861960338e+01 9.99974911679605e+04 
5.71988860391269e+01 9.99958623743078e+04 
5.73568857825965e+01 9.99942592591960e+04 
5.75148854374958e+01 9.99926617321085e+04 
5.76728851158728e+01 9.99911086230178e+04 
5.78308849012099e+01 9.99896028233100e+04 
5.79888847480601e+01 9.99881575421593e+04 
5.81468847532464e+01 9.99868788614183e+04 
5.83048848708051e+01 9.99857321841837e+04 
5.84628851001882e+01 9.99847255851591e+04 
5.86208854661624e+01 9.99838300743120e+04 
5.87788859510897e+01 9.99830248383846e+04 
5.89368865555350e+01 9.99823840228860e+04 
5.90948872830377e+01 9.99819768630978e+04 
5.92528880864323e+01 9.99817280503760e+04 
5.94108889302507e+01 9.99816917412664e+04 
5.95688898327881e+01 9.99817598484841e+04 
5.97268908041111e+01 9.99819451632584e+04 
5.98848918003332e+01 9.99823172085082e+04 
6.00428928680254e+01 9.99828619688909e+04 
6.02008940796456e+01 9.99835390145422e+04 
6.03588954725139e+01 9.99844060753407e+04 
6.05168971072922e+01 9.99853719067717e+04 
6.06748990531746e+01 9.99863925043908e+04 
6.08329010433522e+01 9.99875390093801e+04 
6.09909029438758e+01 9.99887640414210e+04 
6.11489044805151e+01 9.99900316942448e+04 
6.13069057727749e+01 9.99913949268930e+04 
6.14649070351632e+01 9.99927831206151e+04 
6.16229081384915e+01 9.99941842330971e+04 
6.17809092441211e+01 9.99956688569202e+04 
6.19389101339700e+01 9.99971297651559e+04 
6.20969109801752e+01 9.99985419730062e+04 
6.22549119387378e+01 9.99999570100449e+04 
6.24129129488496e+01 1.00001360258397e+05 
6.25709138861800e+01 1.00002760526202e+05 
6.27289151983368e+01 1.00004177445806e+05 
6.28869165870729e+01 1.00005485064409e+05 
6.30449181597254e+01 1.00006675918717e+05 
6.32029200758520e+01 1.00007778950314e+05 
6.33609221827735e+01 1.00008834722423e+05 
6.35189242560073e+01 1.00009865472050e+05 
6.36769260693996e+01 1.00010831907411e+05 
6.38349281051127e+01 1.00011628517759e+05 
6.39929298098694e+01 1.00012265138940e+05 
6.41509316615666e+01 1.00012743546130e+05 
6.43089337942408e+01 1.00013147435081e+05 
6.44669357869463e+01 1.00013496951911e+05 
6.46249374433373e+01 1.00013713512130e+05 
6.47829389136374e+01 1.00013742355045e+05 
6.49409399663625e+01 1.00013618095854e+05 
6.50989409632269e+01 1.00013315110654e+05 
6.52569421377169e+01 1.00012929070632e+05 
6.54149430085585e+01 1.00012468811872e+05 
6.55729437641150e+01 1.00011842169526e+05 
6.57309443638751e+01 1.00011090219336e+05 
6.58889448714392e+01 1.00010229915528e+05 
6.60469454271883e+01 1.00009212605746e+05 
6.62049458871531e+01 1.00008134238687e+05 
6.63629460911794e+01 1.00007011608408e+05 
6.65209461944869e+01 1.00005764287530e+05 
6.66789460139657e+01 1.00004476870584e+05 
6.68369454321013e+01 1.00003157506850e+05 
6.69949447414460e+01 1.00001775870851e+05 
6.71529441536746e+01 1.00000396073626e+05 
6.73109433241402e+01 9.99990165703765e+04 
6.74689424701647e+01 9.99975957605752e+04 
6.76269417991850e+01 9.99962595319034e+04 
6.77849410142811e+01 9.99949946335830e+04 
6.79429404441664e+01 9.99937859496116e+04 
6.81009399323400e+01 9.99926458220094e+04 
6.82589394467423e+01 9.99915589793808e+04 
6.84169390831585e+01 9.99905379743618e+04 
6.85749387125848e+01 9.99897093111901e+04 
6.87329381770452e+01 9.99890263874635e+04 
6.88909376719355e+01 9.99884892216688e+04 
6.90489371579850e+01 9.99880527006052e+04 
6.92069365995741e+01 9.99876853202098e+04 
6.93649360510441e+01 9.99874579972613e+04 
6.95229353740816e+01 9.99874437499459e+04 
6.96809345840638e+01 9.99875748284906e+04 
6.98389340499524e+01 9.99878781803578e+04 
6.99969337688401e+01 9.99882615433530e+04 
7.01549335087798e+01 9.99887091473057e+04 
7.03129334087804e+01 9.99892800214067e+04 
7.04709333808406e+01 9.99899901392935e+04 
7.06289333787524e+01 9.99907840639749e+04 
7.07869336204822e+01 9.99916856507254e+04 
7.09449340672215e+01 9.99926132947525e+04 
7.11029345997939e+01 9.99935468805117e+04 
7.12609350713582e+01 9.99945616058516e+04 
7.14189347160093e+01 9.99956140555955e+04 
7.15769336370085e+01 9.99966575648182e+04 
7.17349322495437e+01 9.99977188767786e+04 
7.18929307461385e+01 9.99987615784019e+04 
7.20509289766604e+01 9.99998103397831e+04 
7.22089272661357e+01 1.00000909015392e+05 
7.23669254718874e+01 1.00001956357969e+05 
7.25249235776293e+01 1.00002935469406e+05 
7.26829219494500e+01 1.00003862940916e+05 
7.28409203727508e+01 1.00004755921293e+05 
7.29989186538633e+01 1.00005648273082e+05 
7.31569171184710e+01 1.00006545946187e+05 
7.33149154807419e+01 1.00007336508214e+05 
7.34729138742871e+01 1.00008019657954e+05 
7.36309123482416e+01 1.00008600301277e+05 
7.37889111043111e+01 1.00009131883704e+05 
7.39469098644377e+01 1.00009646658795e+05 
7.41049087471577e+01 1.00010109330231e+05 
7.42629075233993e+01 1.00010430684746e+05 
7.44209062786759e+01 1.00010628000063e+05 
7.45789051660299e+01 1.00010690749709e+05 
7.47369040521852e+01 1.00010686573566e+05 
7.48949026971529e+01 1.00010639877703e+05 
7.50529013271319e+01 1.00010480025662e+05 
7.52109000002093e+01 1.00010171855803e+05 
7.53688985762336e+01 1.00009758892309e+05 
7.55268972581844e+01 1.00009212386342e+05 
7.56848960103278e+01 1.00008593832243e+05 
7.58428947255754e+01 1.00007911219217e+05 
7.60008936594136e+01 1.00007095307819e+05 
7.61588924322546e+01 1.00006181293552e+05 
7.63168911638559e+01 1.00005200445052e+05 
7.64748900450755e+01 1.00004135632830e+05 
7.66328890548658e+01 1.00003038883348e+05 
7.67908878834910e+01 1.00001896517000e+05 
7.69488867890563e+01 1.00000653584786e+05 
7.71068856575359e+01 9.99994151555619e+04 
7.72648846605642e+01 9.99981994384485e+04 
7.74228838477881e+01 9.99969949493161e+04 
7.75808832323467e+01 9.99958193579527e+04 
7.77388824246277e+01 9.99946444464377e+04 
7.78968816322887e+01 9.99934559326820e+04 
7.80548807011359e+01 9.99923926595712e+04 
7.82128796943324e+01 9.99914356599624e+04 
7.83708787081097e+01 9.99905874692615e+04 
7.85288777862713e+01 9.99898169797364e+04 
7.86868768060587e+01 9.99890893372533e+04 
7.88448759839678e+01 9.99884435545462e+04 
7.90028750293676e+01 9.99879833445061e+04 
7.91608740579794e+01 9.99876577768854e+04 
7.93188731240776e+01 9.99874882021551e+04 
7.94768722866737e+01 9.99874099360059e+04 
7.96348714744995e+01 9.99873844034348e+04 
7.97928707841639e+01 9.99874952591769e+04 
7.99508700431175e+01 9.99877822173296e+04 
8.01088692532010e+01 9.99881749948263e+04 
8.02668685571017e+01 9.99886944119523e+04 
8.04248679221742e+01 9.99892787507510e+04 
8.05828672895297e+01 9.99899001484224e+04 
8.07408668401889e+01 9.99906429596334e+04 
8.08988663183940e+01 9.99914680547159e+04 
8.10568658136689e+01 9.99923309687037e+04 
8.12148653641856e+01 9.99932435019342e+04 
8.13728650602450e+01 9.99941693660273e+04 
8.15308647094415e+01 9.99951130506026e+04 
8.16888645412167e+01 9.99961420484210e+04 
8.18468642992061e+01 9.99971757652801e+04 
8.20048640365115e+01 9.99981669191441e+04 
8.21628638878385e+01 9.99991524711746e+04 
8.23208638447879e+01 1.00000110067950e+05 
8.24788638290085e+01 1.00001069715614e+05 
8.26368639316287e+01 1.00002104384824e+05 
8.27948639928999e+01 1.00003070475509e+05 
8.29528640097892e+01 1.00003946770915e+05 
8.31108641257694e+01 1.00004749556956e+05 
8.32688643339817e+01 1.00005515066236e+05 
8.34268645003396e+01 1.00006291957217e+05 
8.35848648702901e+01 1.00007070675870e+05 
8.37428651207969e+01 1.00007731397090e+05 
8.39008653577218e+01 1.00008280598644e+05 
8.40588656514321e+01 1.00008721089306e+05 
8.42168660797810e+01 1.00009106375805e+05 
8.43748664504764e+01 1.00009473706316e+05 
8.45328669632765e+01 1.00009774369122e+05 
8.46908673910183e+01 1.00009932152987e+05 
8.48488677558302e+01 1.00009977276803e+05 
8.50068682338221e+01 1.00009899871519e+05 
8.51648687934220e+01 1.00009756696367e+05 
8.53228693020651e+01 1.00009558926782e+05 
8.54808699523303e+01 1.00009235746752e+05 
8.56388704750119e+01 1.00008778968454e+05 
8.57968709951201e+01 1.00008232930565e+05 
8.59548715414848e+01 1.00007573854614e+05 
8.61128721364377e+01 1.00006857774871e+05 
8.62708727179347e+01 1.00006070724915e+05 
8.64288733473842e+01 1.00005146093746e+05 
8.65868739800674e+01 1.00004160349809e+05 
8.67448745080638e+01 1.00003143633733e+05 
8.69028751837753e+01 1.00002075243220e+05 
8.70608758960404e+01 1.00001009779714e+05 
8.72188765860811e+01 9.99999127594567e+04 
8.73768773582707e+01 9.99987296357571e+04 
8.75348780012508e+01 9.99975978179074e+04 
8.76928786004829e+01 9.99965263520373e+04 
8.78508792441084e+01 9.99955113793959e+04 
8.80088800434000e+01 9.99945473681845e+04 
8.81668806916759e+01 9.99935922344067e+04 
8.83248814855233e+01 9.99926535033049e+04 
8.84828821285871e+01 9.99918687481856e+04 
8.86408826913246e+01 9.99912076589171e+04 
8.87988833442697e+01 9.99906725897374e+04 
8.89568840341034e+01 9.99902188116474e+04 
8.91148847006716e+01 9.99898047244981e+04 
8.92728853750260e+01 9.99894863235056e+04 
8.94308859501744e+01 9.99893633345223e+04 
8.95888863918260e+01 9.99893749027456e+04 
8.97468869365088e+01 9.99895328410100e+04 
8.99048875615784e+01 9.99897622216544e+04 
9.00628880436466e+01 9.99900379367487e+04 
9.02208886930447e+01 9.99904376693929e+04 
9.03788890986989e+01 9.99909852584524e+04 
9.05368894584843e+01 9.99916124849588e+04 
9.06948898189981e+01 9.99923291915978e+04 
9.08528902524989e+01 9.99930631051823e+04 
9.10108905775425e+01 9.99938164875725e+04 
9.11688909467955e+01 9.99946717630678e+04 
9.13268912145514e+01 9.99955737729169e+04 
9.14848913158008e+01 9.99964744662844e+04 
9.16428915822170e+01 9.99973864200473e+04 
9.18008918169298e+01 9.99982788434514e+04 
9.19588919708743e+01 9.99991920024428e+04 
9.21168922103786e+01 1.00000184361847e+05 
9.22748922710947e+01 1.00001136771028e+05 
9.24328922715071e+01 1.00002030767923e+05 
9.25908922911711e+01 1.00002874904372e+05 
9.27488924135160e+01 1.00003689454610e+05 
9.29068924081221e+01 1.00004507323135e+05 
9.30648924455409e+01 1.00005355080160e+05 
9.32228924177697e+01 1.00006118947679e+05 
9.33808923174738e+01 1.00006787981022e+05 
9.35388923127242e+01 1.00007362219636e+05 
9.36968923560327e+01 1.00007891283873e+05 
9.38548923989902e+01 1.00008428308291e+05 
9.40128924384549e+01 1.00008942812567e+05 
9.41708924405656e+01 1.00009327028055e+05 
9.43288923108054e+01 1.00009604620243e+05 
9.44868920599109e+01 1.00009762949014e+05 
9.46448916529606e+01 1.00009859894170e+05 
9.48028916076712e+01 1.00009933653013e+05 
9.49608914944496e+01 1.00009917550387e+05 
9.51188913057259e+01 1.00009761282339e+05 
9.52768912337209e+01 1.00009508268568e+05 
9.54348911411694e+01 1.00009139560225e+05 
9.55928911756063e+01 1.00008709409051e+05 
9.57508910635802e+01 1.00008223143553e+05 
9.59088910424678e+01 1.00007607964163e+05 
9.60668908867435e+01 1.00006880591796e+05 
9.62248906047757e+01 1.00006094799093e+05 
9.63828904827730e+01 1.00005237383529e+05 
9.65408903462501e+01 1.00004346398308e+05 
9.66988901623332e+01 1.00003401942241e+05 
9.68568900168082e+01 1.00002342642598e+05 
9.70148897240250e+01 1.00001270110781e+05 
9.71728892944551e+01 1.00000212512659e+05 
9.73308889047403e+01 9.99991605320199e+04 
9.74888886147520e+01 9.99981288486254e+04 
9.76468881266289e+01 9.99970752396942e+04 
9.78048877845412e+01 9.99959857571160e+04 
9.79628871957190e+01 9.99949888699791e+04 
9.81208865399089e+01 9.99940822818989e+04 
9.82788858937054e+01 9.99932695406651e+04 
9.84368853019583e+01 9.99925198018311e+04 
9.85948846206375e+01 9.99917852101165e+04 
9.87528839618249e+01 9.99910979982876e+04 
9.89108832001843e+01 9.99905803727471e+04 
9.90688822583182e+01 9.99901906614794e+04 
9.92268814607112e+01 9.99899446837454e+04 
9.93848806720824e+01 9.99897777006202e+04 
9.95428797821141e+01 9.99896465870037e+04 
9.97008790097915e+01 9.99896292655010e+04 
9.98588780603129e+01 9.99897872450186e+04 
1.00016877088879e+02 9.99900536069984e+04 
