# Liste des scalaires : TEMPS pmat 
0.00000000000000e+00 1.00000000000000e+05 
1.58013544018059e-01 1.00000000000000e+05 
3.16027088036117e-01 1.00000000000000e+05 
4.74040632054176e-01 1.00000000000000e+05 
6.32054176072234e-01 1.00000000000000e+05 
7.90067720090293e-01 1.00000000000000e+05 
9.48081264108351e-01 1.00000000000000e+05 
1.10609480812641e+00 1.00000000000000e+05 
1.26410835214447e+00 1.00000000000000e+05 
1.42212189616253e+00 1.00000000000000e+05 
1.58013544018058e+00 1.00000000000000e+05 
1.73814898419864e+00 1.00000000000000e+05 
1.89616252821670e+00 1.00000000000000e+05 
2.05417607223476e+00 1.00000000000000e+05 
2.21218961625282e+00 1.00000000000000e+05 
2.37020316027087e+00 1.00000000000000e+05 
2.52821670428893e+00 1.00000000000000e+05 
2.68623024830699e+00 1.00000000000000e+05 
2.84424379232505e+00 1.00000000000000e+05 
3.00225733634311e+00 1.00000000000000e+05 
3.16027088036116e+00 1.00000000000000e+05 
3.31828442437922e+00 1.00000000000000e+05 
3.47629796839728e+00 1.00000000000000e+05 
3.63431151241534e+00 1.00000000000000e+05 
3.79232505643340e+00 1.00000000000000e+05 
3.95033860045145e+00 1.00000000000000e+05 
4.10835214446951e+00 1.00000000000000e+05 
4.26636568848757e+00 1.00000000000000e+05 
4.42437923250563e+00 1.00000000000000e+05 
4.58239277652368e+00 1.00000000000000e+05 
4.74040632054174e+00 1.00000000000000e+05 
4.89841986455980e+00 1.00000000000000e+05 
5.05643340857786e+00 1.00000000000000e+05 
5.21444695259591e+00 1.00000000000000e+05 
5.37246049661397e+00 1.00000000000000e+05 
5.53047404063203e+00 1.00000000000000e+05 
5.68848758465009e+00 1.00000000000000e+05 
5.84650112866814e+00 1.00000000000000e+05 
6.00451467268620e+00 1.00000000000000e+05 
6.16252821670426e+00 1.00000000000000e+05 
6.32054176072231e+00 1.00000000000000e+05 
6.47855530474037e+00 1.00000000000000e+05 
6.63656884875843e+00 1.00000000000000e+05 
6.79458239277648e+00 1.00000000000000e+05 
6.95259593679454e+00 1.00000000000000e+05 
7.11060948081260e+00 1.00000000000000e+05 
7.26862302483065e+00 1.00000000000000e+05 
7.42663656884871e+00 1.00000000000000e+05 
7.58465011286677e+00 1.00000000000000e+05 
7.74266365688483e+00 1.00000000000000e+05 
7.90067720090288e+00 1.00000000000000e+05 
8.05869074492094e+00 1.00000000000000e+05 
8.21670428893899e+00 1.00000000000000e+05 
8.37471783295705e+00 1.00000000000000e+05 
8.53273137697511e+00 1.00000000000000e+05 
8.69074492099316e+00 1.00000000000000e+05 
8.84875846501122e+00 1.00000000000000e+05 
9.00677200902927e+00 1.00000000000000e+05 
9.16478555304733e+00 1.00000000000000e+05 
9.32279909706538e+00 1.00000000000000e+05 
9.48081264108344e+00 1.00000000000000e+05 
9.63882618510150e+00 1.00000000000000e+05 
9.79683972911955e+00 1.00000000000000e+05 
9.95485327313761e+00 1.00000000000000e+05 
1.01128668171557e+01 1.00000000000000e+05 
1.02708803611737e+01 1.00000000000000e+05 
1.04288939051918e+01 1.00000000000000e+05 
1.05869074492098e+01 1.00000000000000e+05 
1.07449209932279e+01 1.00000000000000e+05 
1.09029345372459e+01 1.00000000000000e+05 
1.10609480812640e+01 1.00000000000000e+05 
1.12189616252821e+01 1.00000000000000e+05 
1.13769751693001e+01 1.00000000000000e+05 
1.15349887133182e+01 1.00000000000000e+05 
1.16930022573362e+01 1.00000000000000e+05 
1.18510158013543e+01 1.00000000000000e+05 
1.20090293453723e+01 1.00000000000000e+05 
1.21670428893904e+01 1.00000000000000e+05 
1.23250564334084e+01 1.00000000000000e+05 
1.24830699774265e+01 1.00000000000000e+05 
1.26410835214446e+01 1.00000000000000e+05 
1.27990970654626e+01 1.00000000000000e+05 
1.29571106094807e+01 1.00000000000000e+05 
1.31151241534987e+01 1.00000000000000e+05 
1.32731376975168e+01 1.00000000000000e+05 
1.34311512415348e+01 1.00000000000000e+05 
1.35891647855529e+01 1.00000000000000e+05 
1.37471783295709e+01 1.00000000000000e+05 
1.39051918735890e+01 1.00000000000000e+05 
1.40632054176071e+01 1.00000000000000e+05 
1.42212189616251e+01 1.00000000000000e+05 
1.43792325056432e+01 1.00000000000000e+05 
1.45372460496612e+01 1.00000000000000e+05 
1.46952595936793e+01 1.00000000000000e+05 
1.48532731376973e+01 1.00000000000000e+05 
1.50112866817154e+01 1.00000000000000e+05 
1.51693002257334e+01 1.00000000000000e+05 
1.53273137697515e+01 1.00000000000000e+05 
1.54853273137695e+01 1.00000000000000e+05 
1.56433408577876e+01 1.00000000000000e+05 
1.58013544018057e+01 1.00000000000000e+05 
1.59593679458237e+01 1.00000000000000e+05 
1.61173814898418e+01 1.00000000000000e+05 
1.62753950338598e+01 1.00000000000000e+05 
1.64334085778779e+01 1.00000000000002e+05 
1.65914221218959e+01 1.00000000000012e+05 
1.67494356659140e+01 1.00000000000059e+05 
1.69074492099320e+01 1.00000000000389e+05 
1.70654627539501e+01 1.00000000002160e+05 
1.72234762979681e+01 1.00000000013589e+05 
1.73814898419862e+01 1.00000000162441e+05 
1.75395033860043e+01 1.00000000407399e+05 
1.76975169300223e+01 1.00000000719009e+05 
1.78555304740404e+01 1.00000001420536e+05 
1.80135440180584e+01 1.00000002322125e+05 
1.81715575620765e+01 1.00000003847847e+05 
1.83295711060945e+01 1.00000006664355e+05 
1.84875846501126e+01 1.00000010517073e+05 
1.86455981941306e+01 1.00000017111439e+05 
1.88036117381487e+01 1.00000028432902e+05 
1.89616252821667e+01 1.00000043387296e+05 
1.91196388261848e+01 1.00000065997009e+05 
1.92776523702028e+01 1.00000103570014e+05 
1.94356659142209e+01 1.00000152267819e+05 
1.95936794582390e+01 1.00000228295789e+05 
1.97516930022570e+01 1.00000342810143e+05 
1.99097065462751e+01 1.00000486839452e+05 
2.00677200902931e+01 1.00000679678026e+05 
2.02257336343112e+01 1.00000972242992e+05 
2.03837471783292e+01 1.00001334242874e+05 
2.05417607223473e+01 1.00001847768642e+05 
2.06997742663653e+01 1.00002519835733e+05 
2.08577878103834e+01 1.00003327705152e+05 
2.10158013544014e+01 1.00004277834111e+05 
2.11738148984195e+01 1.00005582466817e+05 
2.13318284424376e+01 1.00007128344859e+05 
2.14898419864556e+01 1.00009098933846e+05 
2.16478555304737e+01 1.00011295206290e+05 
2.18058690744917e+01 1.00013825299709e+05 
2.19638826185098e+01 1.00016387292026e+05 
2.21218961625278e+01 1.00019508813063e+05 
2.22799097065459e+01 1.00023044938300e+05 
2.24379232505639e+01 1.00027016661739e+05 
2.25959367945820e+01 1.00030708866710e+05 
2.27539503386000e+01 1.00034809027453e+05 
2.29119638826181e+01 1.00038292625340e+05 
2.30699774266361e+01 1.00041990009756e+05 
2.32279909706542e+01 1.00046037088224e+05 
2.33860045146723e+01 1.00049996364154e+05 
2.35440180586903e+01 1.00052973532757e+05 
2.37020316027084e+01 1.00056322947129e+05 
2.38600451467264e+01 1.00058463677989e+05 
2.40180586907445e+01 1.00060275014787e+05 
2.41760722347625e+01 1.00062283561606e+05 
2.43340857787806e+01 1.00063707512929e+05 
2.44920993227986e+01 1.00064041148088e+05 
2.46501128668167e+01 1.00064628747506e+05 
2.48081264108347e+01 1.00064066585459e+05 
2.49661399548528e+01 1.00062794422108e+05 
2.51241534988708e+01 1.00061500647826e+05 
2.52821670428889e+01 1.00059421432931e+05 
2.54401805869069e+01 1.00056644236448e+05 
2.55981941309250e+01 1.00053903340531e+05 
2.57562076749430e+01 1.00050579570784e+05 
2.59142212189611e+01 1.00046319520195e+05 
2.60722347629791e+01 1.00041811246421e+05 
2.62302483069972e+01 1.00036532536573e+05 
2.63882618510153e+01 1.00031094174427e+05 
2.65462753950333e+01 1.00025440641332e+05 
2.67042889390514e+01 1.00019952736795e+05 
2.68623024830694e+01 1.00013502289605e+05 
2.70203160270875e+01 1.00006569063504e+05 
2.71783295711055e+01 9.99989284362317e+04 
2.73363431151236e+01 9.99917510260123e+04 
2.74943566591416e+01 9.99841268236389e+04 
2.76523702031597e+01 9.99775030533638e+04 
2.78103837471777e+01 9.99701364066647e+04 
2.79683972911958e+01 9.99621846436175e+04 
2.81264108352138e+01 9.99538846733252e+04 
2.82844243792319e+01 9.99467965127924e+04 
2.84424379232499e+01 9.99391611709604e+04 
2.86004514672680e+01 9.99333061628906e+04 
2.87584650112860e+01 9.99273282021335e+04 
2.89164785553041e+01 9.99208867858379e+04 
2.90744920993221e+01 9.99147245456811e+04 
2.92325056433402e+01 9.99102875795670e+04 
2.93905191873582e+01 9.99053567276354e+04 
2.95485327313763e+01 9.99025390202885e+04 
2.97065462753943e+01 9.99003694260765e+04 
2.98645598194124e+01 9.98979876844527e+04 
3.00225733634304e+01 9.98964379389692e+04 
3.01805869074485e+01 9.98965338330530e+04 
3.03386004514665e+01 9.98963065689576e+04 
3.04966139954843e+01 9.98977651714507e+04 
3.06546275395003e+01 9.99004111947314e+04 
3.08126410834971e+01 9.99031278100839e+04 
3.09706546272957e+01 9.99069341333772e+04 
3.11286681708936e+01 9.99116782099296e+04 
3.12866817143274e+01 9.99163850982222e+04 
3.14446952574723e+01 9.99217862382226e+04 
3.16027088001674e+01 9.99285786316654e+04 
3.17607223421364e+01 9.99357363896339e+04 
3.19187358832495e+01 9.99438808855098e+04 
3.20767494226194e+01 9.99520112045605e+04 
3.22347629599941e+01 9.99603577676177e+04 
3.23927764943706e+01 9.99681271869737e+04 
3.25507900239423e+01 9.99770010490912e+04 
3.27088035457829e+01 9.99864189420464e+04 
3.28668170595274e+01 9.99964380482983e+04 
3.30248305599181e+01 1.00005430839611e+05 
3.31828440425992e+01 1.00014853526337e+05 
3.33408575031136e+01 1.00022569735934e+05 
3.34988709293862e+01 1.00030792300630e+05 
3.36568843063214e+01 1.00039542221754e+05 
3.38148976325709e+01 1.00048273103199e+05 
3.39729108878444e+01 1.00055318854026e+05 
3.41309240403887e+01 1.00062854977832e+05 
3.42889370834585e+01 1.00068188629591e+05 
3.44469499667095e+01 1.00073282342464e+05 
3.46049626416154e+01 1.00078734395658e+05 
3.47629751094123e+01 1.00083601544793e+05 
3.49209873220811e+01 1.00086697227478e+05 
3.50789991793260e+01 1.00090158398185e+05 
3.52370106929348e+01 1.00091595965095e+05 
3.53950217552060e+01 1.00092188125039e+05 
3.55530322801683e+01 1.00092856301946e+05 
3.57110422484800e+01 1.00092624243255e+05 
3.58690516557028e+01 1.00091051877998e+05 
3.60270604042267e+01 1.00089633105756e+05 
3.61850684108629e+01 1.00086906784932e+05 
3.63430757025597e+01 1.00083000317533e+05 
3.65010821998343e+01 1.00078896408928e+05 
3.66590879149553e+01 1.00073821149542e+05 
3.68170929429180e+01 1.00068159966814e+05 
3.69750972659910e+01 1.00062399433357e+05 
3.71331008599683e+01 1.00056389324078e+05 
3.72911038794230e+01 1.00049206492579e+05 
3.74491063311914e+01 1.00041591359465e+05 
3.76071083058444e+01 1.00033239262225e+05 
3.77651096857588e+01 1.00025233536179e+05 
3.79231104073047e+01 1.00016966694687e+05 
3.80811109502943e+01 1.00009628427014e+05 
3.82391112062999e+01 1.00001486718220e+05 
3.83971111660317e+01 9.99928852729700e+04 
3.85551109656345e+01 9.99840263641368e+04 
3.87131105571401e+01 9.99763766958159e+04 
3.88711098652798e+01 9.99683764221654e+04 
3.90291090063081e+01 9.99621461127809e+04 
3.91871079803516e+01 9.99557419640412e+04 
3.93451069164122e+01 9.99490083561103e+04 
3.95031056072435e+01 9.99425714741290e+04 
3.96611044176520e+01 9.99377665769113e+04 
3.98191030871787e+01 9.99326689348372e+04 
3.99771018088401e+01 9.99295446877639e+04 
4.01351007074698e+01 9.99269200174635e+04 
4.02930997022155e+01 9.99241848805037e+04 
4.04510986021552e+01 9.99221801142427e+04 
4.06090971618161e+01 9.99216491553184e+04 
4.07670958737284e+01 9.99209787938789e+04 
4.09250951708767e+01 9.99219022131828e+04 
4.10830945501286e+01 9.99237866068935e+04 
4.12410939472816e+01 9.99258230461157e+04 
4.13990933807653e+01 9.99287655291004e+04 
4.15570928592266e+01 9.99325261272427e+04 
4.17150923413803e+01 9.99363702899259e+04 
4.18730918618998e+01 9.99408810439201e+04 
4.20310913871491e+01 9.99464873321734e+04 
4.21890909437351e+01 9.99524420860976e+04 
4.23470905543198e+01 9.99591171854411e+04 
4.25050902256413e+01 9.99657547395164e+04 
4.26630899184684e+01 9.99726019168142e+04 
4.28210896745392e+01 9.99790073856152e+04 
4.29790892602239e+01 9.99862277384002e+04 
4.31370888188632e+01 9.99938678529203e+04 
4.32950884109090e+01 1.00001777165835e+05 
4.34530877023690e+01 1.00008809087839e+05 
4.36110866376294e+01 1.00016161704250e+05 
4.37690854724754e+01 1.00022153506398e+05 
4.39270845035842e+01 1.00028422593072e+05 
4.40850833364672e+01 1.00035008664273e+05 
4.42430820276957e+01 1.00041393214291e+05 
4.44010804989590e+01 1.00046417422524e+05 
4.45590788134630e+01 1.00051706281267e+05 
4.47170770655565e+01 1.00055270325035e+05 
4.48750752148097e+01 1.00058521485959e+05 
4.50330732938293e+01 1.00061900430830e+05 
4.51910713795358e+01 1.00064666286349e+05 
4.53490693983586e+01 1.00066073386518e+05 
4.55070674106562e+01 1.00067607107799e+05 
4.56650653676240e+01 1.00067625330609e+05 
4.58230631625694e+01 1.00066852232241e+05 
4.59810608096228e+01 1.00065990580484e+05 
4.61390583312556e+01 1.00064315232234e+05 
4.62970557728472e+01 1.00061723277044e+05 
4.64550531385988e+01 1.00059081089066e+05 
4.66130504658573e+01 1.00055596721185e+05 
4.67710476910669e+01 1.00051122973081e+05 
4.69290448370875e+01 1.00046360673172e+05 
4.70870418817074e+01 1.00040831006540e+05 
4.72450388394929e+01 1.00035095350345e+05 
4.74030357844738e+01 1.00029138526983e+05 
4.75610327369803e+01 1.00023293460084e+05 
4.77190296641417e+01 1.00016579158069e+05 
4.78770265567167e+01 1.00009456385147e+05 
4.80350232907807e+01 1.00001884285582e+05 
4.81930199724646e+01 9.99949346995731e+04 
4.83510166821919e+01 9.99876350567303e+04 
4.85090134340476e+01 9.99814235069791e+04 
4.86670101864053e+01 9.99747622108055e+04 
4.88250069367958e+01 9.99677175000802e+04 
4.89830037017608e+01 9.99607283128305e+04 
4.91410003791622e+01 9.99550191383773e+04 
4.92989969712441e+01 9.99489503196663e+04 
4.94569936135427e+01 9.99445448976300e+04 
4.96149902571749e+01 9.99403070833447e+04 
4.97729869349215e+01 9.99358467672875e+04 
4.99309836461128e+01 9.99319382506453e+04 
5.00889804092298e+01 9.99294851323718e+04 
5.02469772586986e+01 9.99267900380651e+04 
5.04049742099479e+01 9.99257503914517e+04 
5.05629710368897e+01 9.99254270177211e+04 
5.07209677221875e+01 9.99250997677466e+04 
5.08789643925024e+01 9.99256274070703e+04 
5.10369611214738e+01 9.99272818743447e+04 
5.11949579837573e+01 9.99288933565723e+04 
5.13529549196390e+01 9.99315653140001e+04 
5.15109519220113e+01 9.99352426695281e+04 
5.16689490194469e+01 9.99391610328726e+04 
5.18269461871349e+01 9.99439402250244e+04 
5.19849434232851e+01 9.99491152476029e+04 
5.21429407955823e+01 9.99544633050962e+04 
5.23009380095267e+01 9.99599075892325e+04 
5.24589351151370e+01 9.99662551060581e+04 
5.26169322605497e+01 9.99730069888502e+04 
5.27749294397864e+01 9.99802970070353e+04 
5.29329267403186e+01 9.99870999745324e+04 
5.30909241439174e+01 9.99942319417333e+04 
5.32489216473604e+01 1.00000423012174e+05 
5.34069192807000e+01 1.00007162642551e+05 
5.35649170063727e+01 1.00014346997473e+05 
5.37229148023365e+01 1.00021580131607e+05 
5.38809127246988e+01 1.00027656205948e+05 
5.40389107877367e+01 1.00034114348900e+05 
5.41969089517492e+01 1.00039010023622e+05 
5.43549072484630e+01 1.00043920059470e+05 
5.45129054270051e+01 1.00049156213558e+05 
5.46709034516164e+01 1.00054001632452e+05 
5.48289014795824e+01 1.00057434779052e+05 
5.49868996507851e+01 1.00061141559447e+05 
5.51448978880694e+01 1.00063216898715e+05 
5.53028962526066e+01 1.00064788381336e+05 
5.54608947556885e+01 1.00066483295848e+05 
5.56188933188464e+01 1.00067454144354e+05 
5.57768920070724e+01 1.00067197083101e+05 
5.59348908650161e+01 1.00067044176321e+05 
5.60928898167026e+01 1.00065678446962e+05 
5.62508889037190e+01 1.00063453284192e+05 
5.64088881394332e+01 1.00061107149682e+05 
5.65668874484921e+01 1.00057933881316e+05 
5.67248868836807e+01 1.00054137440857e+05 
5.68828864893542e+01 1.00050223685961e+05 
5.70408861960338e+01 1.00045892116079e+05 
5.71988860391269e+01 1.00040624601226e+05 
5.73568857825965e+01 1.00035021508880e+05 
5.75148854374958e+01 1.00028770983761e+05 
5.76728851158728e+01 1.00022651439308e+05 
5.78308849012099e+01 1.00016264181435e+05 
5.79888847480601e+01 1.00010413259952e+05 
5.81468847532464e+01 1.00003855071065e+05 
5.83048848708051e+01 9.99968465517714e+04 
5.84628851001882e+01 9.99896026366867e+04 
5.86208854661624e+01 9.99832629769908e+04 
5.87788859510897e+01 9.99765356265151e+04 
5.89368865555350e+01 9.99711540833170e+04 
5.90948872830377e+01 9.99655710350194e+04 
5.92528880864323e+01 9.99595950294033e+04 
5.94108889302507e+01 9.99538614650943e+04 
5.95688898327881e+01 9.99495111968640e+04 
5.97268908041111e+01 9.99448294744512e+04 
5.98848918003332e+01 9.99417971550338e+04 
6.00428928680254e+01 9.99391236739459e+04 
6.02008940796456e+01 9.99362256692651e+04 
6.03588954725139e+01 9.99339867074380e+04 
6.05168971072922e+01 9.99330909790830e+04 
6.06748990531746e+01 9.99319997948649e+04 
6.08329010433522e+01 9.99323128872289e+04 
6.09909029438758e+01 9.99334133462301e+04 
6.11489044805151e+01 9.99345383634429e+04 
6.13069057727749e+01 9.99365175729801e+04 
6.14649070351632e+01 9.99393576511188e+04 
6.16229081384915e+01 9.99422375510580e+04 
6.17809092441211e+01 9.99458008480805e+04 
6.19389101339700e+01 9.99503047720321e+04 
6.20969109801752e+01 9.99550736953055e+04 
6.22549119387378e+01 9.99605788407025e+04 
6.24129129488496e+01 9.99661709717256e+04 
6.25709138861800e+01 9.99719930568696e+04 
6.27289151983368e+01 9.99775390856677e+04 
6.28869165870729e+01 9.99838318397919e+04 
6.30449181597254e+01 9.99905570680431e+04 
6.32029200758520e+01 9.99976347156057e+04 
6.33609221827735e+01 1.00003997561340e+05 
6.35189242560073e+01 1.00010737181879e+05 
6.36769260693996e+01 1.00016319788386e+05 
6.38349281051127e+01 1.00022243898905e+05 
6.39929298098694e+01 1.00028600852434e+05 
6.41509316615666e+01 1.00034845883878e+05 
6.43089337942408e+01 1.00039817936982e+05 
6.44669357869463e+01 1.00045147707285e+05 
6.46249374433373e+01 1.00048879589983e+05 
6.47829389136374e+01 1.00052428636547e+05 
6.49409399663625e+01 1.00056268280758e+05 
6.50989409632269e+01 1.00059569244896e+05 
6.52569421377169e+01 1.00061509863850e+05 
6.54149430085585e+01 1.00063699884582e+05 
6.55729437641150e+01 1.00064388776557e+05 
6.57309443638751e+01 1.00064444679623e+05 
6.58889448714392e+01 1.00064579765662e+05 
6.60469454271883e+01 1.00063954735638e+05 
6.62049458871531e+01 1.00062312705233e+05 
6.63629460911794e+01 1.00060729524095e+05 
6.65209461944869e+01 1.00058229491696e+05 
6.66789460139657e+01 1.00054857874412e+05 
6.68369454321013e+01 1.00051314949145e+05 
6.69949447414460e+01 1.00047011947044e+05 
6.71529441536746e+01 1.00042339462854e+05 
6.73109433241402e+01 1.00037510594654e+05 
6.74689424701647e+01 1.00032602270483e+05 
6.76269417991850e+01 1.00026863053145e+05 
6.77849410142811e+01 1.00020737486848e+05 
6.79429404441664e+01 1.00014101290583e+05 
6.81009399323400e+01 1.00007888104999e+05 
6.82589394467423e+01 1.00001332729923e+05 
6.84169390831585e+01 9.99956472756337e+04 
6.85749387125848e+01 9.99894369040488e+04 
6.87329381770452e+01 9.99827732128016e+04 
6.88909376719355e+01 9.99760303025178e+04 
6.90489371579850e+01 9.99704049656408e+04 
6.92069365995741e+01 9.99643733013522e+04 
6.93649360510441e+01 9.99598426997575e+04 
6.95229353740816e+01 9.99553233245429e+04 
6.96809345840638e+01 9.99504347285553e+04 
6.98389340499524e+01 9.99459370389277e+04 
6.99969337688401e+01 9.99428322866901e+04 
7.01549335087798e+01 9.99394005186410e+04 
7.03129334087804e+01 9.99375505489724e+04 
7.04709333808406e+01 9.99362225874544e+04 
7.06289333787524e+01 9.99347030565103e+04 
7.07869336204822e+01 9.99339175954843e+04 
7.09449340672215e+01 9.99343516239461e+04 
7.11029345997939e+01 9.99346316626491e+04 
7.12609350713582e+01 9.99360647964521e+04 
7.14189347160093e+01 9.99383571454786e+04 
7.15769336370085e+01 9.99407242759676e+04 
7.17349322495437e+01 9.99439383282823e+04 
7.18929307461385e+01 9.99477448484888e+04 
7.20509289766604e+01 9.99516442778738e+04 
7.22089272661357e+01 9.99558721667732e+04 
7.23669254718874e+01 9.99609851934939e+04 
7.25249235776293e+01 9.99664140235888e+04 
7.26829219494500e+01 9.99724431377369e+04 
7.28409203727508e+01 9.99782851902852e+04 
7.29989186538633e+01 9.99844080763612e+04 
7.31569171184710e+01 9.99899024933870e+04 
7.33149154807419e+01 9.99960187346058e+04 
7.34729138742871e+01 1.00002593717492e+05 
7.36309123482416e+01 1.00009368741884e+05 
7.37889111043111e+01 1.00015225164112e+05 
7.39469098644377e+01 1.00021477261452e+05 
7.41049087471577e+01 1.00026379809973e+05 
7.42629075233993e+01 1.00031435927029e+05 
7.44209062786759e+01 1.00036921687925e+05 
7.45789051660299e+01 1.00042157475026e+05 
7.47369040521852e+01 1.00046071779930e+05 
7.48949026971529e+01 1.00050340445792e+05 
7.50529013271319e+01 1.00053028178627e+05 
7.52109000002093e+01 1.00055373149315e+05 
7.53688985762336e+01 1.00057980261296e+05 
7.55268972581844e+01 1.00059971334417e+05 
7.56848960103278e+01 1.00060688454811e+05 
7.58428947255754e+01 1.00061624412622e+05 
7.60008936594136e+01 1.00061248555194e+05 
7.61588924322546e+01 1.00060149619144e+05 
7.63168911638559e+01 1.00059061864872e+05 
7.64748900450755e+01 1.00057190068868e+05 
7.66328890548658e+01 1.00054507826789e+05 
7.67908878834910e+01 1.00051809791563e+05 
7.69488867890563e+01 1.00048489844206e+05 
7.71068856575359e+01 1.00044304657415e+05 
7.72648846605642e+01 1.00039872172708e+05 
7.74228838477881e+01 1.00034744026720e+05 
7.75808832323467e+01 1.00029517568250e+05 
7.77388824246277e+01 1.00024058642055e+05 
7.78968816322887e+01 1.00018897273944e+05 
7.80548807011359e+01 1.00013000934875e+05 
7.82128796943324e+01 1.00006669468393e+05 
7.83708787081097e+01 9.99999819897331e+04 
7.85288777862713e+01 9.99939818033691e+04 
7.86868768060587e+01 9.99875823414338e+04 
7.88448759839678e+01 9.99823335644036e+04 
7.90028750293676e+01 9.99767822772881e+04 
7.91608740579794e+01 9.99707683373763e+04 
7.93188731240776e+01 9.99648679805007e+04 
7.94768722866737e+01 9.99602353241595e+04 
7.96348714744995e+01 9.99551979772030e+04 
7.97928707841639e+01 9.99517496564359e+04 
7.99508700431175e+01 9.99485314377276e+04 
8.01088692532010e+01 9.99449804631757e+04 
8.02668685571017e+01 9.99419851878812e+04 
8.04248679221742e+01 9.99403650447289e+04 
8.05828672895297e+01 9.99384484745620e+04 
8.07408668401889e+01 9.99379942821162e+04 
8.08988663183940e+01 9.99382277858082e+04 
8.10568658136689e+01 9.99383578148191e+04 
8.12148653641856e+01 9.99393116851500e+04 
8.13728650602450e+01 9.99412785575668e+04 
8.15308647094415e+01 9.99431780391399e+04 
8.16888645412167e+01 9.99459224306851e+04 
8.18468642992061e+01 9.99495555359290e+04 
8.20048640365115e+01 9.99533573365888e+04 
8.21628638878385e+01 9.99579279029344e+04 
8.23208638447879e+01 9.99627889183369e+04 
8.24788638290085e+01 9.99678100967802e+04 
8.26368639316287e+01 9.99727419117974e+04 
8.27948639928999e+01 9.99784472761823e+04 
8.29528640097892e+01 9.99845275910923e+04 
8.31108641257694e+01 9.99910414457677e+04 
8.32688643339817e+01 9.99970219292776e+04 
8.34268645003396e+01 1.00003356924032e+05 
8.35848648702901e+01 1.00008703193397e+05 
8.37428651207969e+01 1.00014461687871e+05 
8.39008653577218e+01 1.00020681627953e+05 
8.40588656514321e+01 1.00026902495144e+05 
8.42168660797810e+01 1.00031971193641e+05 
8.43748664504764e+01 1.00037444803480e+05 
8.45328669632765e+01 1.00041402214032e+05 
8.46908673910183e+01 1.00045272995071e+05 
8.48488677558302e+01 1.00049515965897e+05 
8.50068682338221e+01 1.00053322172081e+05 
8.51648687934220e+01 1.00055774530694e+05 
8.53228693020651e+01 1.00058548989000e+05 
8.54808699523303e+01 1.00059805371449e+05 
8.56388704750119e+01 1.00060520983342e+05 
8.57968709951201e+01 1.00061422151800e+05 
8.59548715414848e+01 1.00061612963868e+05 
8.61128721364377e+01 1.00060676899615e+05 
8.62708727179347e+01 1.00059874510151e+05 
8.64288733473842e+01 1.00058038808797e+05 
8.65868739800674e+01 1.00055382529112e+05 
8.67448745080638e+01 1.00052641193980e+05 
8.69028751837753e+01 1.00049117998931e+05 
8.70608758960404e+01 1.00045079358280e+05 
8.72188765860811e+01 1.00040940118947e+05 
8.73768773582707e+01 1.00036570761524e+05 
8.75348780012508e+01 1.00031359501915e+05 
8.76928786004829e+01 1.00025831282387e+05 
8.78508792441084e+01 1.00019749793902e+05 
8.80088800434000e+01 1.00013917941434e+05 
8.81668806916759e+01 1.00007788856344e+05 
8.83248814855233e+01 1.00002364537492e+05 
8.84828821285871e+01 9.99963790797962e+04 
8.86408826913246e+01 9.99899456085206e+04 
8.87988833442697e+01 9.99833472212086e+04 
8.89568840341034e+01 9.99777485482514e+04 
8.91148847006716e+01 9.99717344887692e+04 
8.92728853750260e+01 9.99671288136859e+04 
8.94308859501744e+01 9.99624610652610e+04 
8.95888863918260e+01 9.99573697832480e+04 
8.97468869365088e+01 9.99526039998444e+04 
8.99048875615784e+01 9.99492030819803e+04 
9.00628880436466e+01 9.99454298530623e+04 
9.02208886930447e+01 9.99432451925964e+04 
9.03788890986989e+01 9.99415114876069e+04 
9.05368894584843e+01 9.99395113686819e+04 
9.06948898189981e+01 9.99382019456928e+04 
9.08528902524989e+01 9.99381644060450e+04 
9.10108905775425e+01 9.99379157418559e+04 
9.11688909467955e+01 9.99389177412989e+04 
9.13268912145514e+01 9.99407191216639e+04 
9.14848913158008e+01 9.99425287958506e+04 
9.16428915822170e+01 9.99451767178367e+04 
9.18008918169298e+01 9.99485434751713e+04 
9.19588919708743e+01 9.99519411912544e+04 
9.21168922103786e+01 9.99558055279079e+04 
9.22748922710947e+01 9.99605418176293e+04 
9.24328922715071e+01 9.99655294593377e+04 
9.25908922911711e+01 9.99711544172886e+04 
9.27488924135160e+01 9.99767182856338e+04 
9.29068924081221e+01 9.99825234340841e+04 
9.30648924455409e+01 9.99878284353587e+04 
9.32228924177697e+01 9.99937771607785e+04 
9.33808923174738e+01 1.00000151981294e+05 
9.35388923127242e+01 1.00006780066034e+05 
9.36968923560327e+01 1.00012588958653e+05 
9.38548923989902e+01 1.00018784666953e+05 
9.40128924384549e+01 1.00023707453371e+05 
9.41708924405656e+01 1.00028824595799e+05 
9.43288923108054e+01 1.00034378318975e+05 
9.44868920599109e+01 1.00039726184514e+05 
9.46448916529606e+01 1.00043790115028e+05 
9.48028916076712e+01 1.00048219746904e+05 
9.49608914944496e+01 1.00051076939923e+05 
9.51188913057259e+01 1.00053636315620e+05 
9.52768912337209e+01 1.00056496986255e+05 
9.54348911411694e+01 1.00058770359934e+05 
9.55928911756063e+01 1.00059752382476e+05 
9.57508910635802e+01 1.00060988476019e+05 
9.59088910424678e+01 1.00060869918503e+05 
9.60668908867435e+01 1.00060060645526e+05 
9.62248906047757e+01 1.00059319409543e+05 
9.63828904827730e+01 1.00057798480534e+05 
9.65408903462501e+01 1.00055404377179e+05 
9.66988901623332e+01 1.00053046849699e+05 
9.68568900168082e+01 1.00049976635451e+05 
9.70148897240250e+01 1.00046054308840e+05 
9.71728892944551e+01 1.00041940060003e+05 
9.73308889047403e+01 1.00037122605298e+05 
9.74888886147520e+01 1.00032114847604e+05 
9.76468881266289e+01 1.00026922628837e+05 
9.78048877845412e+01 1.00021920919513e+05 
9.79628871957190e+01 1.00016176881748e+05 
9.81208865399089e+01 1.00010036839567e+05 
9.82788858937054e+01 1.00003515804706e+05 
9.84368853019583e+01 9.99975980483779e+04 
9.85948846206375e+01 9.99913073680084e+04 
9.87528839618249e+01 9.99860773219354e+04 
9.89108832001843e+01 9.99805041925470e+04 
9.90688822583182e+01 9.99744737066972e+04 
9.92268814607112e+01 9.99685089576044e+04 
9.93848806720824e+01 9.99637490371500e+04 
9.95428797821141e+01 9.99585816486557e+04 
9.97008790097915e+01 9.99549661991750e+04 
9.98588780603129e+01 9.99515253835728e+04 
1.00016877088879e+02 9.99477191277596e+04 
