# Liste des scalaires : TEMPS pmat 
0.00000000000000e+00 1.00000000000000e+05 
1.58013544018059e-01 1.00000000000000e+05 
3.16027088036117e-01 1.00000000000000e+05 
4.74040632054176e-01 1.00000000000000e+05 
6.32054176072234e-01 1.00000000000000e+05 
7.90067720090293e-01 1.00000000000000e+05 
9.48081264108351e-01 1.00000000000000e+05 
1.10609480812641e+00 1.00000000000000e+05 
1.26410835214447e+00 1.00000000000000e+05 
1.42212189616253e+00 1.00000000000000e+05 
1.58013544018058e+00 1.00000000000003e+05 
1.73814898419864e+00 1.00000000005762e+05 
1.89616252821670e+00 1.00000000678175e+05 
2.05417607223476e+00 1.00000010614338e+05 
2.21218961625282e+00 1.00000056958689e+05 
2.37020316027087e+00 1.00000160114386e+05 
2.52821670428893e+00 1.00000400247803e+05 
2.68623024830699e+00 1.00000848665125e+05 
2.84424379232505e+00 1.00001979808118e+05 
3.00225733634311e+00 1.00004501886915e+05 
3.16027088036116e+00 1.00008374398824e+05 
3.31828442437922e+00 1.00013135891142e+05 
3.47629796839728e+00 1.00019657927347e+05 
3.63431151241534e+00 1.00027028512816e+05 
3.79232505643340e+00 1.00037962178173e+05 
3.95033860045145e+00 1.00052699340197e+05 
4.10835214446951e+00 1.00066773701379e+05 
4.26636568848757e+00 1.00081224009133e+05 
4.42437923250563e+00 1.00097917651379e+05 
4.58239277652368e+00 1.00111909713719e+05 
4.74040632054174e+00 1.00127464301948e+05 
4.89841986455980e+00 1.00143319068021e+05 
5.05643340857786e+00 1.00152634125998e+05 
5.21444695259591e+00 1.00162050909557e+05 
5.37246049661397e+00 1.00173387599979e+05 
5.53047404063203e+00 1.00179082386661e+05 
5.68848758465009e+00 1.00185294036936e+05 
5.84650112866814e+00 1.00192536208925e+05 
6.00451467268620e+00 1.00189637931499e+05 
6.16252821670426e+00 1.00185303849579e+05 
6.32054176072231e+00 1.00183540737060e+05 
6.47855530474037e+00 1.00178549893593e+05 
6.63656884875843e+00 1.00174036394545e+05 
6.79458239277648e+00 1.00170557800895e+05 
6.95259593679454e+00 1.00155933315047e+05 
7.11060948081260e+00 1.00141035509745e+05 
7.26862302483065e+00 1.00127016228308e+05 
7.42663656884871e+00 1.00112597427097e+05 
7.58465011286677e+00 1.00099393196224e+05 
7.74266365688483e+00 1.00087853724097e+05 
7.90067720090288e+00 1.00069089613135e+05 
8.05869074492094e+00 1.00051134380672e+05 
8.21670428893899e+00 1.00031436754795e+05 
8.37471783295705e+00 1.00013780097579e+05 
8.53273137697511e+00 9.99976524007597e+04 
8.69074492099316e+00 9.99837912625228e+04 
8.84875846501122e+00 9.99674887497907e+04 
9.00677200902927e+00 9.99517686045203e+04 
9.16478555304733e+00 9.99332880380637e+04 
9.32279909706538e+00 9.99178811643400e+04 
9.48081264108344e+00 9.99029450986628e+04 
9.63882618510150e+00 9.98898893041130e+04 
9.79683972911955e+00 9.98799104216134e+04 
9.95485327313761e+00 9.98692354835695e+04 
1.01128668171557e+01 9.98554494011910e+04 
1.02708803611737e+01 9.98455313604041e+04 
1.04288939051918e+01 9.98361043732867e+04 
1.05869074492098e+01 9.98287687489055e+04 
1.07449209932279e+01 9.98280895799254e+04 
1.09029345372459e+01 9.98275899460682e+04 
1.10609480812640e+01 9.98237976243392e+04 
1.12189616252821e+01 9.98230527495285e+04 
1.13769751693001e+01 9.98234486101682e+04 
1.15349887133182e+01 9.98247257588219e+04 
1.16930022573362e+01 9.98347295861012e+04 
1.18510158013543e+01 9.98456310714253e+04 
1.20090293453723e+01 9.98544628933527e+04 
1.21670428893904e+01 9.98642400558192e+04 
1.23250564334084e+01 9.98728102805550e+04 
1.24830699774265e+01 9.98828886469689e+04 
1.26410835214446e+01 9.99014395023701e+04 
1.27990970654626e+01 9.99191206733380e+04 
1.29571106094807e+01 9.99367059702154e+04 
1.31151241534987e+01 9.99517640995119e+04 
1.32731376975168e+01 9.99674062764273e+04 
1.34311512415348e+01 9.99832148518393e+04 
1.35891647855529e+01 1.00001932829563e+05 
1.37471783295709e+01 1.00020101346874e+05 
1.39051918735890e+01 1.00039715448345e+05 
1.40632054176071e+01 1.00054731494048e+05 
1.42212189616251e+01 1.00069666301047e+05 
1.43792325056432e+01 1.00083648190314e+05 
1.45372460496612e+01 1.00094520892676e+05 
1.46952595936793e+01 1.00104255117299e+05 
1.48532731376973e+01 1.00116727938824e+05 
1.50112866817154e+01 1.00123736901903e+05 
1.51693002257334e+01 1.00131343002263e+05 
1.53273137697515e+01 1.00138220250903e+05 
1.54853273137695e+01 1.00138552673416e+05 
1.56433408577876e+01 1.00137105596403e+05 
1.58013544018057e+01 1.00137417328854e+05 
1.59593679458237e+01 1.00133804195429e+05 
1.61173814898418e+01 1.00131337530510e+05 
1.62753950338598e+01 1.00129926610836e+05 
1.64334085778779e+01 1.00119787272176e+05 
1.65914221218959e+01 1.00107884838297e+05 
1.67494356659140e+01 1.00097071413423e+05 
1.69074492099320e+01 1.00085148170427e+05 
1.70654627539501e+01 1.00074382332983e+05 
1.72234762979681e+01 1.00066786291245e+05 
1.73814898419862e+01 1.00051454024560e+05 
1.75395033860043e+01 1.00035204167550e+05 
1.76975169300223e+01 1.00018295566769e+05 
1.78555304740404e+01 1.00002439340880e+05 
1.80135440180584e+01 9.99883386880177e+04 
1.81715575620765e+01 9.99775250271135e+04 
1.83295711060945e+01 9.99633040283545e+04 
1.84875846501126e+01 9.99486149004164e+04 
1.86455981941306e+01 9.99317184681967e+04 
1.88036117381487e+01 9.99174662814921e+04 
1.89616252821667e+01 9.99040104147170e+04 
1.91196388261848e+01 9.98931457078972e+04 
1.92776523702028e+01 9.98841903788299e+04 
1.94356659142209e+01 9.98754266834899e+04 
1.95936794582390e+01 9.98630083167254e+04 
1.97516930022570e+01 9.98541421131103e+04 
1.99097065462751e+01 9.98460519105244e+04 
2.00677200902931e+01 9.98394838948285e+04 
2.02257336343112e+01 9.98385892091456e+04 
2.03837471783292e+01 9.98384367360883e+04 
2.05417607223473e+01 9.98343392183407e+04 
2.06997742663653e+01 9.98335648687444e+04 
2.08577878103834e+01 9.98335582053231e+04 
2.10158013544014e+01 9.98340086505809e+04 
2.11738148984195e+01 9.98427274674229e+04 
2.13318284424376e+01 9.98523883081636e+04 
2.14898419864556e+01 9.98596445864131e+04 
2.16478555304737e+01 9.98678929149935e+04 
2.18058690744917e+01 9.98772794056837e+04 
2.19638826185098e+01 9.98850527267665e+04 
2.21218961625278e+01 9.99015470155338e+04 
2.22799097065459e+01 9.99183925396382e+04 
2.24379232505639e+01 9.99342814729628e+04 
2.25959367945820e+01 9.99489004482265e+04 
2.27539503386000e+01 9.99632589174101e+04 
2.29119638826181e+01 9.99769149858144e+04 
2.30699774266361e+01 9.99951656799983e+04 
2.32279909706542e+01 1.00013188297821e+05 
2.33860045146723e+01 1.00032350829141e+05 
2.35440180586903e+01 1.00047643407011e+05 
2.37020316027084e+01 1.00062888405624e+05 
2.38600451467264e+01 1.00076864052824e+05 
2.40180586907445e+01 1.00089665801642e+05 
2.41760722347625e+01 1.00101047249468e+05 
2.43340857787806e+01 1.00114884114748e+05 
2.44920993227986e+01 1.00123461441081e+05 
2.46501128668167e+01 1.00131892185823e+05 
2.48081264108347e+01 1.00139647893239e+05 
2.49661399548528e+01 1.00142641652047e+05 
2.51241534988708e+01 1.00143899963455e+05 
2.52821670428889e+01 1.00147427894737e+05 
2.54401805869069e+01 1.00146130066811e+05 
2.55981941309250e+01 1.00145569512898e+05 
2.57562076749430e+01 1.00146820746496e+05 
2.59142212189611e+01 1.00140182375639e+05 
2.60722347629791e+01 1.00131254350812e+05 
2.62302483069972e+01 1.00124514178482e+05 
2.63882618510153e+01 1.00115201108796e+05 
2.65462753950333e+01 1.00106846630206e+05 
2.67042889390514e+01 1.00100762421569e+05 
2.68623024830694e+01 1.00087276012365e+05 
2.70203160270875e+01 1.00072832515323e+05 
2.71783295711055e+01 1.00058489326853e+05 
2.73363431151236e+01 1.00044038423405e+05 
2.74943566591416e+01 1.00030970443735e+05 
2.76523702031597e+01 1.00021049246029e+05 
2.78103837471777e+01 1.00006442660889e+05 
2.79683972911958e+01 9.99916806674524e+04 
2.81264108352138e+01 9.99753273744165e+04 
2.82844243792319e+01 9.99611825448807e+04 
2.84424379232499e+01 9.99478803189999e+04 
2.86004514672680e+01 9.99373379140612e+04 
2.87584650112860e+01 9.99264339450020e+04 
2.89164785553041e+01 9.99159683927119e+04 
2.90744920993221e+01 9.99025990612822e+04 
2.92325056433402e+01 9.98922265727218e+04 
2.93905191873582e+01 9.98826518873449e+04 
2.95485327313763e+01 9.98747858853467e+04 
2.97065462753943e+01 9.98709367767137e+04 
2.98645598194124e+01 9.98676920068907e+04 
3.00225733634304e+01 9.98606340064902e+04 
3.01805869074485e+01 9.98569762552450e+04 
3.03386004514665e+01 9.98535396260304e+04 
3.04966139954843e+01 9.98510977702814e+04 
3.06546275395003e+01 9.98552104298312e+04 
3.08126410834971e+01 9.98603564063813e+04 
3.09706546272957e+01 9.98630595084972e+04 
3.11286681708936e+01 9.98668727813869e+04 
3.12866817143274e+01 9.98710950723306e+04 
3.14446952574723e+01 9.98752083401478e+04 
3.16027088001674e+01 9.98876309977547e+04 
3.17607223421364e+01 9.99003679492050e+04 
3.19187358832495e+01 9.99116127044601e+04 
3.20767494226194e+01 9.99221342586012e+04 
3.22347629599941e+01 9.99327336466774e+04 
3.23927764943706e+01 9.99426617172547e+04 
3.25507900239423e+01 9.99591083230644e+04 
3.27088035457829e+01 9.99751273887833e+04 
3.28668170595274e+01 9.99913348324573e+04 
3.30248305599181e+01 1.00004867981540e+05 
3.31828440425992e+01 1.00018732514027e+05 
3.33408575031136e+01 1.00031830904146e+05 
3.34988709293862e+01 1.00046986842880e+05 
3.36568843063214e+01 1.00060903812156e+05 
3.38148976325709e+01 1.00076784879410e+05 
3.39729108878444e+01 1.00088137753743e+05 
3.41309240403887e+01 1.00099606589434e+05 
3.42889370834585e+01 1.00110287454860e+05 
3.44469499667095e+01 1.00118038313139e+05 
3.46049626416154e+01 1.00123895907965e+05 
3.47629751094123e+01 1.00132301376821e+05 
3.49209873220811e+01 1.00135716758683e+05 
3.50789991793260e+01 1.00139688103106e+05 
3.52370106929348e+01 1.00143649044479e+05 
3.53950217552060e+01 1.00141784676027e+05 
3.55530322801683e+01 1.00138199022357e+05 
3.57110422484800e+01 1.00136393154285e+05 
3.58690516557028e+01 1.00131323422658e+05 
3.60270604042267e+01 1.00127275698271e+05 
3.61850684108629e+01 1.00124783651556e+05 
3.63430757025597e+01 1.00114877326759e+05 
3.65010821998343e+01 1.00103331349547e+05 
3.66590879149553e+01 1.00092989249548e+05 
3.68170929429180e+01 1.00081044499782e+05 
3.69750972659910e+01 1.00070764399816e+05 
3.71331008599683e+01 1.00063561695091e+05 
3.72911038794230e+01 1.00049879867803e+05 
3.74491063311914e+01 1.00035263763294e+05 
3.76071083058444e+01 1.00020085655670e+05 
3.77651096857588e+01 1.00005524873439e+05 
3.79231104073047e+01 9.99926086186788e+04 
3.80811109502943e+01 9.99826895168118e+04 
3.82391112062999e+01 9.99698591375280e+04 
3.83971111660317e+01 9.99566139469824e+04 
3.85551109656345e+01 9.99415772231662e+04 
3.87131105571401e+01 9.99287431391304e+04 
3.88711098652798e+01 9.99168877568770e+04 
3.90291090063081e+01 9.99071649970698e+04 
3.91871079803516e+01 9.98992127975268e+04 
3.93451069164122e+01 9.98915604319868e+04 
3.95031056072435e+01 9.98805474526661e+04 
3.96611044176520e+01 9.98731499579975e+04 
3.98191030871787e+01 9.98661059152328e+04 
3.99771018088401e+01 9.98599541485756e+04 
4.01351007074698e+01 9.98588353460755e+04 
4.02930997022155e+01 9.98588048946857e+04 
4.04510986021552e+01 9.98552186373049e+04 
4.06090971618161e+01 9.98544625894363e+04 
4.07670958737284e+01 9.98540139789530e+04 
4.09250951708767e+01 9.98536462787492e+04 
4.10830945501286e+01 9.98615839698570e+04 
4.12410939472816e+01 9.98705289691715e+04 
4.13990933807653e+01 9.98770227927558e+04 
4.15570928592266e+01 9.98842473802276e+04 
4.17150923413803e+01 9.98918439100460e+04 
4.18730918618998e+01 9.98984800272401e+04 
4.20310913871491e+01 9.99129335255687e+04 
4.21890909437351e+01 9.99276292282811e+04 
4.23470905543198e+01 9.99415627506510e+04 
4.25050902256413e+01 9.99548836849879e+04 
4.26630899184684e+01 9.99669534926865e+04 
4.28210896745392e+01 9.99785772847823e+04 
4.29790892602239e+01 9.99955211228747e+04 
4.31370888188632e+01 1.00012182092145e+05 
4.32950884109090e+01 1.00029827226082e+05 
4.34530877023690e+01 1.00044011113604e+05 
4.36110866376294e+01 1.00058141684998e+05 
4.37690854724754e+01 1.00071090703087e+05 
4.39270845035842e+01 1.00083526460831e+05 
4.40850833364672e+01 1.00094845785804e+05 
4.42430820276957e+01 1.00108704758462e+05 
4.44010804989590e+01 1.00117484842491e+05 
4.45590788134630e+01 1.00126117630778e+05 
4.47170770655565e+01 1.00134055767272e+05 
4.48750752148097e+01 1.00137583456183e+05 
4.50330732938293e+01 1.00139458061814e+05 
4.51910713795358e+01 1.00143757009110e+05 
4.53490693983586e+01 1.00143079359859e+05 
4.55070674106562e+01 1.00143247237634e+05 
4.56650653676240e+01 1.00144612381276e+05 
4.58230631625694e+01 1.00138561973494e+05 
4.59810608096228e+01 1.00130636369896e+05 
4.61390583312556e+01 1.00125064112116e+05 
4.62970557728472e+01 1.00116745674084e+05 
4.64550531385988e+01 1.00109285588154e+05 
4.66130504658573e+01 1.00103631387666e+05 
4.67710476910669e+01 1.00090657102297e+05 
4.69290448370875e+01 1.00076757207943e+05 
4.70870418817074e+01 1.00063395651020e+05 
4.72450388394929e+01 1.00049634584622e+05 
4.74030357844738e+01 1.00037191971732e+05 
4.75610327369803e+01 1.00027483925780e+05 
4.77190296641417e+01 1.00013011299844e+05 
4.78770265567167e+01 9.99984708963561e+04 
4.80350232907807e+01 9.99825887681457e+04 
4.81930199724646e+01 9.99685848801894e+04 
4.83510166821919e+01 9.99556866194541e+04 
4.85090134340476e+01 9.99449200771827e+04 
4.86670101864053e+01 9.99334164568660e+04 
4.88250069367958e+01 9.99224863736896e+04 
4.89830037017608e+01 9.99089254829542e+04 
4.91410003791622e+01 9.98980730479567e+04 
4.92989969712441e+01 9.98880304580306e+04 
4.94569936135427e+01 9.98793376414450e+04 
4.96149902571749e+01 9.98741541481273e+04 
4.97729869349215e+01 9.98698024461828e+04 
4.99309836461128e+01 9.98621430856946e+04 
5.00889804092298e+01 9.98576829726764e+04 
5.02469772586986e+01 9.98533165186797e+04 
5.04049742099479e+01 9.98496196874194e+04 
5.05629710368897e+01 9.98524372292490e+04 
5.07209677221875e+01 9.98565720959217e+04 
5.08789643925024e+01 9.98590514987676e+04 
5.10369611214738e+01 9.98626130415350e+04 
5.11949579837573e+01 9.98664329092952e+04 
5.13529549196390e+01 9.98700057728184e+04 
5.15109519220113e+01 9.98817900640590e+04 
5.16689490194469e+01 9.98942495045672e+04 
5.18269461871349e+01 9.99053022096888e+04 
5.19849434232851e+01 9.99159090007939e+04 
5.21429407955823e+01 9.99264734676905e+04 
5.23009380095267e+01 9.99358450509516e+04 
5.24589351151370e+01 9.99520247628142e+04 
5.26169322605497e+01 9.99682207140660e+04 
5.27749294397864e+01 9.99848748205509e+04 
5.29329267403186e+01 9.99992503390963e+04 
5.30909241439174e+01 1.00013548489549e+05 
5.32489216473604e+01 1.00026580318636e+05 
5.34069192807000e+01 1.00041992676517e+05 
5.35649170063727e+01 1.00056793296626e+05 
5.37229148023365e+01 1.00073628539716e+05 
5.38809127246988e+01 1.00086096126741e+05 
5.40389107877367e+01 1.00098390007788e+05 
5.41969089517492e+01 1.00109410581398e+05 
5.43549072484630e+01 1.00117746529195e+05 
5.45129054270051e+01 1.00124752655650e+05 
5.46709034516164e+01 1.00134439322172e+05 
5.48289014795824e+01 1.00139149809724e+05 
5.49868996507851e+01 1.00144098674753e+05 
5.51448978880694e+01 1.00148495894478e+05 
5.53028962526066e+01 1.00147292613133e+05 
5.54608947556885e+01 1.00144368473260e+05 
5.56188933188464e+01 1.00143504575508e+05 
5.57768920070724e+01 1.00139123309749e+05 
5.59348908650161e+01 1.00135667101411e+05 
5.60928898167026e+01 1.00133491096398e+05 
5.62508889037190e+01 1.00123721594079e+05 
5.64088881394332e+01 1.00112216251159e+05 
5.65668874484921e+01 1.00102081578192e+05 
5.67248868836807e+01 1.00090911133867e+05 
5.68828864893542e+01 1.00080980829027e+05 
5.70408861960338e+01 1.00073575981764e+05 
5.71988860391269e+01 1.00059109483122e+05 
5.73568857825965e+01 1.00043679033559e+05 
5.75148854374958e+01 1.00028155285712e+05 
5.76728851158728e+01 1.00013387940876e+05 
5.78308849012099e+01 1.00000552267090e+05 
5.79888847480601e+01 9.99902994233737e+04 
5.81468847532464e+01 9.99766991272234e+04 
5.83048848708051e+01 9.99630781468246e+04 
5.84628851001882e+01 9.99479255429209e+04 
5.86208854661624e+01 9.99351668818500e+04 
5.87788859510897e+01 9.99232914166185e+04 
5.89368865555350e+01 9.99132957532642e+04 
5.90948872830377e+01 9.99045841915266e+04 
5.92528880864323e+01 9.98962047680685e+04 
5.94108889302507e+01 9.98847671412049e+04 
5.95688898327881e+01 9.98767726811388e+04 
5.97268908041111e+01 9.98691954401451e+04 
5.98848918003332e+01 9.98624355549281e+04 
6.00428928680254e+01 9.98604400306033e+04 
6.02008940796456e+01 9.98596312096762e+04 
6.03588954725139e+01 9.98559173504514e+04 
6.05168971072922e+01 9.98552823936901e+04 
6.06748990531746e+01 9.98548386360206e+04 
6.08329010433522e+01 9.98540321278355e+04 
6.09909029438758e+01 9.98610059724105e+04 
6.11489044805151e+01 9.98693330508490e+04 
6.13069057727749e+01 9.98755945758195e+04 
6.14649070351632e+01 9.98828369612962e+04 
6.16229081384915e+01 9.98902257327807e+04 
6.17809092441211e+01 9.98963980278733e+04 
6.19389101339700e+01 9.99101432926344e+04 
6.20969109801752e+01 9.99243697648927e+04 
6.22549119387378e+01 9.99381620186481e+04 
6.24129129488496e+01 9.99511986123423e+04 
6.25709138861800e+01 9.99634707979318e+04 
6.27289151983368e+01 9.99746736559402e+04 
6.28869165870729e+01 9.99912025133776e+04 
6.30449181597254e+01 1.00007570587095e+05 
6.32029200758520e+01 1.00025105494994e+05 
6.33609221827735e+01 1.00039530620430e+05 
6.35189242560073e+01 1.00054024522045e+05 
6.36769260693996e+01 1.00066585656814e+05 
6.38349281051127e+01 1.00079133294912e+05 
6.39929298098694e+01 1.00090710782527e+05 
6.41509316615666e+01 1.00105240187449e+05 
6.43089337942408e+01 1.00114680084587e+05 
6.44669357869463e+01 1.00123879251042e+05 
6.46249374433373e+01 1.00132191415904e+05 
6.47829389136374e+01 1.00136242439864e+05 
6.49409399663625e+01 1.00138807502337e+05 
6.50989409632269e+01 1.00144249739805e+05 
6.52569421377169e+01 1.00144968711498e+05 
6.54149430085585e+01 1.00146089312806e+05 
6.55729437641150e+01 1.00147687066509e+05 
6.57309443638751e+01 1.00141946528487e+05 
6.58889448714392e+01 1.00134618304174e+05 
6.60469454271883e+01 1.00129902263245e+05 
6.62049458871531e+01 1.00122581674328e+05 
6.63629460911794e+01 1.00115909452646e+05 
6.65209461944869e+01 1.00110579860083e+05 
6.66789460139657e+01 1.00097694599594e+05 
6.68369454321013e+01 1.00083964060164e+05 
6.69949447414460e+01 1.00071223956406e+05 
6.71529441536746e+01 1.00058091770482e+05 
6.73109433241402e+01 1.00046201457603e+05 
6.74689424701647e+01 1.00036586954894e+05 
6.76269417991850e+01 1.00021797519017e+05 
6.77849410142811e+01 1.00006757093890e+05 
6.79429404441664e+01 9.99908090562928e+04 
6.81009399323400e+01 9.99767144391694e+04 
6.82589394467423e+01 9.99639328544557e+04 
6.84169390831585e+01 9.99527295016837e+04 
6.85749387125848e+01 9.99404318300798e+04 
6.87329381770452e+01 9.99286380694760e+04 
6.88909376719355e+01 9.99146516840818e+04 
6.90489371579850e+01 9.99036475837793e+04 
6.92069365995741e+01 9.98933580871045e+04 
6.93649360510441e+01 9.98841385682331e+04 
6.95229353740816e+01 9.98780561357137e+04 
6.96809345840638e+01 9.98728913824349e+04 
6.98389340499524e+01 9.98647566477613e+04 
6.99969337688401e+01 9.98599455528488e+04 
7.01549335087798e+01 9.98551503183884e+04 
7.03129334087804e+01 9.98507530119849e+04 
7.04709333808406e+01 9.98524885580902e+04 
7.06289333787524e+01 9.98556059908090e+04 
7.07869336204822e+01 9.98573519511049e+04 
7.09449340672215e+01 9.98607136769540e+04 
7.11029345997939e+01 9.98641365012544e+04 
7.12609350713582e+01 9.98668465747297e+04 
7.14189347160093e+01 9.98776264903566e+04 
7.15769336370085e+01 9.98893403026890e+04 
7.17349322495437e+01 9.98996507470189e+04 
7.18929307461385e+01 9.99101385968595e+04 
7.20509289766604e+01 9.99201381390355e+04 
7.22089272661357e+01 9.99286067910002e+04 
7.23669254718874e+01 9.99440013943105e+04 
7.25249235776293e+01 9.99601216447170e+04 
7.26829219494500e+01 9.99767184537698e+04 
7.28409203727508e+01 9.99914782474486e+04 
7.29989186538633e+01 1.00005806570673e+05 
7.31569171184710e+01 1.00018277306358e+05 
7.33149154807419e+01 1.00033758215611e+05 
7.34729138742871e+01 1.00048896585858e+05 
7.36309123482416e+01 1.00066097326640e+05 
7.37889111043111e+01 1.00079346730352e+05 
7.39469098644377e+01 1.00092196152873e+05 
7.41049087471577e+01 1.00103291330882e+05 
7.42629075233993e+01 1.00112283627205e+05 
7.44209062786759e+01 1.00120308510297e+05 
7.45789051660299e+01 1.00131298353664e+05 
7.47369040521852e+01 1.00137481971590e+05 
7.48949026971529e+01 1.00143403355934e+05 
7.50529013271319e+01 1.00148419283770e+05 
7.52109000002093e+01 1.00148166977002e+05 
7.53688985762336e+01 1.00146306908859e+05 
7.55268972581844e+01 1.00146925558595e+05 
7.56848960103278e+01 1.00143846035218e+05 
7.58428947255754e+01 1.00141428804712e+05 
7.60008936594136e+01 1.00139877349745e+05 
7.61588924322546e+01 1.00130561473977e+05 
7.63168911638559e+01 1.00119582514790e+05 
7.64748900450755e+01 1.00110588221132e+05 
7.66328890548658e+01 1.00100187532925e+05 
7.67908878834910e+01 1.00090502331862e+05 
7.69488867890563e+01 1.00083395039634e+05 
7.71068856575359e+01 1.00068897808063e+05 
7.72648846605642e+01 1.00053494667561e+05 
7.74228838477881e+01 1.00038369103605e+05 
7.75808832323467e+01 1.00023902576289e+05 
7.77388824246277e+01 1.00011323791942e+05 
7.78968816322887e+01 1.00000832179412e+05 
7.80548807011359e+01 9.99864249149490e+04 
7.82128796943324e+01 9.99720977351916e+04 
7.83708787081097e+01 9.99565605710538e+04 
7.85288777862713e+01 9.99435189311871e+04 
7.86868768060587e+01 9.99312948380287e+04 
7.88448759839678e+01 9.99207039484476e+04 
7.90028750293676e+01 9.99108134110024e+04 
7.91608740579794e+01 9.99014401366786e+04 
7.93188731240776e+01 9.98892698850320e+04 
7.94768722866737e+01 9.98806904453140e+04 
7.96348714744995e+01 9.98726466885625e+04 
7.97928707841639e+01 9.98652244049174e+04 
7.99508700431175e+01 9.98623338124828e+04 
8.01088692532010e+01 9.98608527596160e+04 
8.02668685571017e+01 9.98565149437290e+04 
8.04248679221742e+01 9.98554303459962e+04 
8.05828672895297e+01 9.98543442202176e+04 
8.07408668401889e+01 9.98527262002926e+04 
8.08988663183940e+01 9.98587565632947e+04 
8.10568658136689e+01 9.98663845221717e+04 
8.12148653641856e+01 9.98720535305945e+04 
8.13728650602450e+01 9.98790258245224e+04 
8.15308647094415e+01 9.98858961731603e+04 
8.16888645412167e+01 9.98914557492989e+04 
8.18468642992061e+01 9.99046144247371e+04 
8.20048640365115e+01 9.99183627596500e+04 
8.21628638878385e+01 9.99317013940362e+04 
8.23208638447879e+01 9.99443509951157e+04 
8.24788638290085e+01 9.99567375250935e+04 
8.26368639316287e+01 9.99673589560155e+04 
8.27948639928999e+01 9.99836183123473e+04 
8.29528640097892e+01 9.99997471278434e+04 
8.31108641257694e+01 1.00017223174724e+05 
8.32688643339817e+01 1.00031726415953e+05 
8.34268645003396e+01 1.00046549348747e+05 
8.35848648702901e+01 1.00059266724244e+05 
8.37428651207969e+01 1.00072364496608e+05 
8.39008653577218e+01 1.00084478412735e+05 
8.40588656514321e+01 1.00099406053693e+05 
8.42168660797810e+01 1.00109921206825e+05 
8.43748664504764e+01 1.00120073500983e+05 
8.45328669632765e+01 1.00128921807860e+05 
8.46908673910183e+01 1.00133795757472e+05 
8.48488677558302e+01 1.00137315185843e+05 
8.50068682338221e+01 1.00143786454435e+05 
8.51648687934220e+01 1.00145833211433e+05 
8.53228693020651e+01 1.00148177353610e+05 
8.54808699523303e+01 1.00150198717859e+05 
8.56388704750119e+01 1.00145324931550e+05 
8.57968709951201e+01 1.00139015184432e+05 
8.59548715414848e+01 1.00135270160310e+05 
8.61128721364377e+01 1.00129142234986e+05 
8.62708727179347e+01 1.00123652807854e+05 
8.64288733473842e+01 1.00118963291018e+05 
8.65868739800674e+01 1.00106497519473e+05 
8.67448745080638e+01 1.00093089872803e+05 
8.69028751837753e+01 1.00080839307575e+05 
8.70608758960404e+01 1.00068203258397e+05 
8.72188765860811e+01 1.00056645516104e+05 
8.73768773582707e+01 1.00047050275263e+05 
8.75348780012508e+01 1.00032031182802e+05 
8.76928786004829e+01 1.00016797196321e+05 
8.78508792441084e+01 1.00001050060222e+05 
8.80088800434000e+01 9.99871936943157e+04 
8.81668806916759e+01 9.99744730201706e+04 
8.83248814855233e+01 9.99631350356960e+04 
8.84828821285871e+01 9.99503208488388e+04 
8.86408826913246e+01 9.99377819219750e+04 
8.87988833442697e+01 9.99233122194713e+04 
8.89568840341034e+01 9.99119976236110e+04 
8.91148847006716e+01 9.99013544182127e+04 
8.92728853750260e+01 9.98915715085554e+04 
8.94308859501744e+01 9.98845463908883e+04 
8.95888863918260e+01 9.98784944809489e+04 
8.97468869365088e+01 9.98696158793213e+04 
8.99048875615784e+01 9.98643008256656e+04 
9.00628880436466e+01 9.98589912302146e+04 
9.02208886930447e+01 9.98538749315393e+04 
9.03788890986989e+01 9.98546065250098e+04 
9.05368894584843e+01 9.98569017189461e+04 
9.06948898189981e+01 9.98573559349521e+04 
9.08528902524989e+01 9.98603400851539e+04 
9.10108905775425e+01 9.98632954355037e+04 
9.11688909467955e+01 9.98651193592907e+04 
9.13268912145514e+01 9.98749368649002e+04 
9.14848913158008e+01 9.98859859485417e+04 
9.16428915822170e+01 9.98956911537546e+04 
9.18008918169298e+01 9.99056804994591e+04 
9.19588919708743e+01 9.99155590192548e+04 
9.21168922103786e+01 9.99226299739208e+04 
9.22748922710947e+01 9.99374871613557e+04 
9.24328922715071e+01 9.99531497644084e+04 
9.25908922911711e+01 9.99692032815966e+04 
9.27488924135160e+01 9.99839502225126e+04 
9.29068924081221e+01 9.99978147238910e+04 
9.30648924455409e+01 1.00009450765557e+05 
9.32228924177697e+01 1.00024829088711e+05 
9.33808923174738e+01 1.00040310040385e+05 
9.35388923127242e+01 1.00057644884725e+05 
9.36968923560327e+01 1.00071496588456e+05 
9.38548923989902e+01 1.00084711474310e+05 
9.40128924384549e+01 1.00095979932404e+05 
9.41708924405656e+01 1.00105504817564e+05 
9.43288923108054e+01 1.00114350851249e+05 
9.44868920599109e+01 1.00126334323362e+05 
9.46448916529606e+01 1.00133579441720e+05 
9.48028916076712e+01 1.00140267713627e+05 
9.49608914944496e+01 1.00145879300376e+05 
9.51188913057259e+01 1.00146297488128e+05 
9.52768912337209e+01 1.00145591791947e+05 
9.54348911411694e+01 1.00147664910283e+05 
9.55928911756063e+01 1.00145757157151e+05 
9.57508910635802e+01 1.00144094608536e+05 
9.59088910424678e+01 1.00143152523541e+05 
9.60668908867435e+01 1.00134542589400e+05 
9.62248906047757e+01 1.00124322804188e+05 
9.63828904827730e+01 1.00116532034825e+05 
9.65408903462501e+01 1.00107149928807e+05 
9.66988901623332e+01 1.00098314160157e+05 
9.68568900168082e+01 1.00091454291196e+05 
9.70148897240250e+01 1.00077225337219e+05 
9.71728892944551e+01 1.00062061190982e+05 
9.73308889047403e+01 1.00047437995102e+05 
9.74888886147520e+01 1.00033109327807e+05 
9.76468881266289e+01 1.00020764557959e+05 
9.78048877845412e+01 1.00009990789138e+05 
9.79628871957190e+01 9.99950798359286e+04 
9.81208865399089e+01 9.99804831080432e+04 
9.82788858937054e+01 9.99648354445608e+04 
9.84368853019583e+01 9.99516487287782e+04 
9.85948846206375e+01 9.99391289365091e+04 
9.87528839618249e+01 9.99280658620433e+04 
9.89108832001843e+01 9.99172879099712e+04 
9.90688822583182e+01 9.99072195302414e+04 
9.92268814607112e+01 9.98943992544263e+04 
9.93848806720824e+01 9.98854583095524e+04 
9.95428797821141e+01 9.98769102456174e+04 
9.97008790097915e+01 9.98688379549831e+04 
9.98588780603129e+01 9.98649351055809e+04 
1.00016877088879e+02 9.98626786476484e+04 
