# Liste des scalaires : TEMPS pmat 
0.00000000000000e+00 1.00000000000000e+05 
1.58013544018059e-01 1.00000000000000e+05 
3.16027088036117e-01 1.00000000000000e+05 
4.74040632054176e-01 1.00000000000000e+05 
6.32054176072234e-01 1.00000000000000e+05 
7.90067720090293e-01 1.00000000000000e+05 
9.48081264108351e-01 1.00000000000000e+05 
1.10609480812641e+00 1.00000000000000e+05 
1.26410835214447e+00 1.00000000000000e+05 
1.42212189616253e+00 1.00000000000000e+05 
1.58013544018058e+00 1.00000000000000e+05 
1.73814898419864e+00 1.00000000000000e+05 
1.89616252821670e+00 1.00000000000000e+05 
2.05417607223476e+00 1.00000000000000e+05 
2.21218961625282e+00 1.00000000000000e+05 
2.37020316027087e+00 1.00000000000000e+05 
2.52821670428893e+00 1.00000000000000e+05 
2.68623024830699e+00 1.00000000000000e+05 
2.84424379232505e+00 1.00000000000000e+05 
3.00225733634311e+00 1.00000000000000e+05 
3.16027088036116e+00 1.00000000000000e+05 
3.31828442437922e+00 1.00000000000000e+05 
3.47629796839728e+00 1.00000000000000e+05 
3.63431151241534e+00 1.00000000000000e+05 
3.79232505643340e+00 1.00000000000000e+05 
3.95033860045145e+00 1.00000000000000e+05 
4.10835214446951e+00 1.00000000000000e+05 
4.26636568848757e+00 1.00000000000000e+05 
4.42437923250563e+00 1.00000000000000e+05 
4.58239277652368e+00 1.00000000000000e+05 
4.74040632054174e+00 1.00000000000000e+05 
4.89841986455980e+00 1.00000000000000e+05 
5.05643340857786e+00 1.00000000000000e+05 
5.21444695259591e+00 1.00000000000000e+05 
5.37246049661397e+00 1.00000000000000e+05 
5.53047404063203e+00 1.00000000000000e+05 
5.68848758465009e+00 1.00000000000000e+05 
5.84650112866814e+00 1.00000000000000e+05 
6.00451467268620e+00 1.00000000000000e+05 
6.16252821670426e+00 1.00000000000000e+05 
6.32054176072231e+00 1.00000000000000e+05 
6.47855530474037e+00 1.00000000000000e+05 
6.63656884875843e+00 1.00000000000000e+05 
6.79458239277648e+00 1.00000000000000e+05 
6.95259593679454e+00 1.00000000000000e+05 
7.11060948081260e+00 1.00000000000000e+05 
7.26862302483065e+00 1.00000000000000e+05 
7.42663656884871e+00 1.00000000000000e+05 
7.58465011286677e+00 1.00000000000000e+05 
7.74266365688483e+00 1.00000000000000e+05 
7.90067720090288e+00 1.00000000000000e+05 
8.05869074492094e+00 1.00000000000000e+05 
8.21670428893899e+00 1.00000000000000e+05 
8.37471783295705e+00 1.00000000000000e+05 
8.53273137697511e+00 1.00000000000000e+05 
8.69074492099316e+00 1.00000000000000e+05 
8.84875846501122e+00 1.00000000000000e+05 
9.00677200902927e+00 1.00000000000000e+05 
9.16478555304733e+00 1.00000000000000e+05 
9.32279909706538e+00 1.00000000000000e+05 
9.48081264108344e+00 1.00000000000000e+05 
9.63882618510150e+00 1.00000000000000e+05 
9.79683972911955e+00 1.00000000000000e+05 
9.95485327313761e+00 1.00000000000000e+05 
1.01128668171557e+01 1.00000000000000e+05 
1.02708803611737e+01 1.00000000000000e+05 
1.04288939051918e+01 1.00000000000000e+05 
1.05869074492098e+01 1.00000000000000e+05 
1.07449209932279e+01 1.00000000000000e+05 
1.09029345372459e+01 1.00000000000000e+05 
1.10609480812640e+01 1.00000000000000e+05 
1.12189616252821e+01 1.00000000000000e+05 
1.13769751693001e+01 1.00000000000000e+05 
1.15349887133182e+01 1.00000000000000e+05 
1.16930022573362e+01 1.00000000000000e+05 
1.18510158013543e+01 1.00000000000000e+05 
1.20090293453723e+01 1.00000000000000e+05 
1.21670428893904e+01 1.00000000000000e+05 
1.23250564334084e+01 1.00000000000000e+05 
1.24830699774265e+01 1.00000000000000e+05 
1.26410835214446e+01 1.00000000000000e+05 
1.27990970654626e+01 1.00000000000000e+05 
1.29571106094807e+01 1.00000000000000e+05 
1.31151241534987e+01 1.00000000000000e+05 
1.32731376975168e+01 1.00000000000000e+05 
1.34311512415348e+01 1.00000000000000e+05 
1.35891647855529e+01 1.00000000000000e+05 
1.37471783295709e+01 1.00000000000000e+05 
1.39051918735890e+01 1.00000000000000e+05 
1.40632054176071e+01 1.00000000000000e+05 
1.42212189616251e+01 1.00000000000000e+05 
1.43792325056432e+01 1.00000000000000e+05 
1.45372460496612e+01 1.00000000000000e+05 
1.46952595936793e+01 1.00000000000000e+05 
1.48532731376973e+01 1.00000000000000e+05 
1.50112866817154e+01 1.00000000000000e+05 
1.51693002257334e+01 1.00000000000000e+05 
1.53273137697515e+01 1.00000000000000e+05 
1.54853273137695e+01 1.00000000000000e+05 
1.56433408577876e+01 1.00000000000000e+05 
1.58013544018057e+01 1.00000000000000e+05 
1.59593679458237e+01 1.00000000000000e+05 
1.61173814898418e+01 1.00000000000000e+05 
1.62753950338598e+01 1.00000000000000e+05 
1.64334085778779e+01 1.00000000000000e+05 
1.65914221218959e+01 1.00000000000000e+05 
1.67494356659140e+01 1.00000000000000e+05 
1.69074492099320e+01 1.00000000000000e+05 
1.70654627539501e+01 1.00000000000000e+05 
1.72234762979681e+01 1.00000000000000e+05 
1.73814898419862e+01 1.00000000000000e+05 
1.75395033860043e+01 1.00000000000000e+05 
1.76975169300223e+01 1.00000000000000e+05 
1.78555304740404e+01 1.00000000000000e+05 
1.80135440180584e+01 1.00000000000000e+05 
1.81715575620765e+01 1.00000000000000e+05 
1.83295711060945e+01 1.00000000000000e+05 
1.84875846501126e+01 1.00000000000000e+05 
1.86455981941306e+01 1.00000000000000e+05 
1.88036117381487e+01 1.00000000000000e+05 
1.89616252821667e+01 1.00000000000000e+05 
1.91196388261848e+01 1.00000000000000e+05 
1.92776523702028e+01 1.00000000000000e+05 
1.94356659142209e+01 1.00000000000000e+05 
1.95936794582390e+01 1.00000000000000e+05 
1.97516930022570e+01 1.00000000000000e+05 
1.99097065462751e+01 1.00000000000000e+05 
2.00677200902931e+01 1.00000000000000e+05 
2.02257336343112e+01 1.00000000000000e+05 
2.03837471783292e+01 1.00000000000000e+05 
2.05417607223473e+01 1.00000000000000e+05 
2.06997742663653e+01 1.00000000000000e+05 
2.08577878103834e+01 1.00000000000000e+05 
2.10158013544014e+01 1.00000000000000e+05 
2.11738148984195e+01 1.00000000000000e+05 
2.13318284424376e+01 1.00000000000000e+05 
2.14898419864556e+01 1.00000000000000e+05 
2.16478555304737e+01 1.00000000000000e+05 
2.18058690744917e+01 1.00000000000000e+05 
2.19638826185098e+01 1.00000000000000e+05 
2.21218961625278e+01 1.00000000000000e+05 
2.22799097065459e+01 1.00000000000000e+05 
2.24379232505639e+01 1.00000000000000e+05 
2.25959367945820e+01 1.00000000000000e+05 
2.27539503386000e+01 1.00000000000000e+05 
2.29119638826181e+01 1.00000000000000e+05 
2.30699774266361e+01 1.00000000000000e+05 
2.32279909706542e+01 1.00000000000000e+05 
2.33860045146723e+01 1.00000000000000e+05 
2.35440180586903e+01 1.00000000000000e+05 
2.37020316027084e+01 1.00000000000000e+05 
2.38600451467264e+01 1.00000000000000e+05 
2.40180586907445e+01 1.00000000000000e+05 
2.41760722347625e+01 1.00000000000000e+05 
2.43340857787806e+01 1.00000000000000e+05 
2.44920993227986e+01 1.00000000000000e+05 
2.46501128668167e+01 1.00000000000000e+05 
2.48081264108347e+01 1.00000000000000e+05 
2.49661399548528e+01 1.00000000000000e+05 
2.51241534988708e+01 1.00000000000000e+05 
2.52821670428889e+01 1.00000000000000e+05 
2.54401805869069e+01 1.00000000000000e+05 
2.55981941309250e+01 1.00000000000000e+05 
2.57562076749430e+01 1.00000000000000e+05 
2.59142212189611e+01 1.00000000000000e+05 
2.60722347629791e+01 1.00000000000000e+05 
2.62302483069972e+01 1.00000000000000e+05 
2.63882618510153e+01 1.00000000000000e+05 
2.65462753950333e+01 1.00000000000000e+05 
2.67042889390514e+01 1.00000000000000e+05 
2.68623024830694e+01 1.00000000000000e+05 
2.70203160270875e+01 1.00000000000000e+05 
2.71783295711055e+01 1.00000000000000e+05 
2.73363431151236e+01 1.00000000000000e+05 
2.74943566591416e+01 1.00000000000001e+05 
2.76523702031597e+01 1.00000000000007e+05 
2.78103837471777e+01 1.00000000000035e+05 
2.79683972911958e+01 1.00000000000094e+05 
2.81264108352138e+01 1.00000000000350e+05 
2.82844243792319e+01 1.00000000000548e+05 
2.84424379232499e+01 1.00000000008133e+05 
2.86004514672680e+01 1.00000000170565e+05 
2.87584650112860e+01 1.00000000523059e+05 
2.89164785553041e+01 1.00000000970568e+05 
2.90744920993221e+01 1.00000001651811e+05 
2.92325056433402e+01 1.00000002693528e+05 
2.93905191873582e+01 1.00000004258401e+05 
2.95485327313763e+01 1.00000006755770e+05 
2.97065462753943e+01 1.00000011036900e+05 
2.98645598194124e+01 1.00000017563076e+05 
3.00225733634304e+01 1.00000027703301e+05 
3.01805869074485e+01 1.00000042076659e+05 
3.03386004514665e+01 1.00000063312664e+05 
3.04966139954843e+01 1.00000095511893e+05 
3.06546275395003e+01 1.00000148028717e+05 
3.08126410834971e+01 1.00000223619722e+05 
3.09706546272957e+01 1.00000331078135e+05 
3.11286681708936e+01 1.00000470212420e+05 
3.12866817143274e+01 1.00000657540804e+05 
3.14446952574723e+01 1.00000918852428e+05 
3.16027088001674e+01 1.00001301306049e+05 
3.17607223421364e+01 1.00001797121093e+05 
3.19187358832495e+01 1.00002415428766e+05 
3.20767494226194e+01 1.00003128142968e+05 
3.22347629599941e+01 1.00003965318050e+05 
3.23927764943706e+01 1.00004998353596e+05 
3.25507900239423e+01 1.00006298046102e+05 
3.27088035457829e+01 1.00007727327353e+05 
3.28668170595274e+01 1.00009181203673e+05 
3.30248305599181e+01 1.00010596885740e+05 
3.31828440425992e+01 1.00011990763775e+05 
3.33408575031136e+01 1.00013561023252e+05 
3.34988709293862e+01 1.00015345477996e+05 
3.36568843063214e+01 1.00017006941341e+05 
3.38148976325709e+01 1.00018288362007e+05 
3.39729108878444e+01 1.00019232515190e+05 
3.41309240403887e+01 1.00019951191382e+05 
3.42889370834585e+01 1.00020845632332e+05 
3.44469499667095e+01 1.00021895472458e+05 
3.46049626416154e+01 1.00022605058877e+05 
3.47629751094123e+01 1.00022597244542e+05 
3.49209873220811e+01 1.00022195063064e+05 
3.50789991793260e+01 1.00021561224061e+05 
3.52370106929348e+01 1.00021177166022e+05 
3.53950217552060e+01 1.00020922001006e+05 
3.55530322801683e+01 1.00020361880199e+05 
3.57110422484800e+01 1.00019152751309e+05 
3.58690516557028e+01 1.00017492616108e+05 
3.60270604042267e+01 1.00015718167441e+05 
3.61850684108629e+01 1.00014185481755e+05 
3.63430757025597e+01 1.00012778628793e+05 
3.65010821998343e+01 1.00011254907883e+05 
3.66590879149553e+01 1.00009286997683e+05 
3.68170929429180e+01 1.00007051613970e+05 
3.69750972659910e+01 1.00004799129233e+05 
3.71331008599683e+01 1.00002671072597e+05 
3.72911038794230e+01 1.00000499720595e+05 
3.74491063311914e+01 9.99984225256214e+04 
3.76071083058444e+01 9.99962755704735e+04 
3.77651096857588e+01 9.99940900091015e+04 
3.79231104073047e+01 9.99920061671557e+04 
3.80811109502943e+01 9.99897890257935e+04 
3.82391112062999e+01 9.99874086890370e+04 
3.83971111660317e+01 9.99853165212167e+04 
3.85551109656345e+01 9.99836076818854e+04 
3.87131105571401e+01 9.99820972402481e+04 
3.88711098652798e+01 9.99807882984017e+04 
3.90291090063081e+01 9.99791986495044e+04 
3.91871079803516e+01 9.99773547536165e+04 
3.93451069164122e+01 9.99759504291133e+04 
3.95031056072435e+01 9.99753052409447e+04 
3.96611044176520e+01 9.99752463499739e+04 
3.98191030871787e+01 9.99752595018682e+04 
3.99771018088401e+01 9.99748642707816e+04 
4.01351007074698e+01 9.99743000784442e+04 
4.02930997022155e+01 9.99742436703223e+04 
4.04510986021552e+01 9.99750652510099e+04 
4.06090971618161e+01 9.99765282442372e+04 
4.07670958737284e+01 9.99782197818427e+04 
4.09250951708767e+01 9.99795514975843e+04 
4.10830945501286e+01 9.99807147381283e+04 
4.12410939472816e+01 9.99822812819984e+04 
4.13990933807653e+01 9.99846079383424e+04 
4.15570928592266e+01 9.99873764472116e+04 
4.17150923413803e+01 9.99902420746521e+04 
4.18730918618998e+01 9.99929193447301e+04 
4.20310913871491e+01 9.99955755653476e+04 
4.21890909437351e+01 9.99982764423667e+04 
4.23470905543198e+01 1.00001179913432e+05 
4.25050902256413e+01 1.00004213076376e+05 
4.26630899184684e+01 1.00007078160985e+05 
4.28210896745392e+01 1.00009901294032e+05 
4.29790892602239e+01 1.00012770779505e+05 
4.31370888188632e+01 1.00015294707831e+05 
4.32950884109090e+01 1.00017348772227e+05 
4.34530877023690e+01 1.00019054357453e+05 
4.36110866376294e+01 1.00020480269384e+05 
4.37690854724754e+01 1.00022064309424e+05 
4.39270845035842e+01 1.00023823204172e+05 
4.40850833364672e+01 1.00025027876325e+05 
4.42430820276957e+01 1.00025136300943e+05 
4.44010804989590e+01 1.00025020647340e+05 
4.45590788134630e+01 1.00024628015225e+05 
4.47170770655565e+01 1.00024611285736e+05 
4.48750752148097e+01 1.00024823286387e+05 
4.50330732938293e+01 1.00024584761951e+05 
4.51910713795358e+01 1.00023403978164e+05 
4.53490693983586e+01 1.00021566230291e+05 
4.55070674106562e+01 1.00019610636699e+05 
4.56650653676240e+01 1.00018069662686e+05 
4.58230631625694e+01 1.00016819853454e+05 
4.59810608096228e+01 1.00015290640719e+05 
4.61390583312556e+01 1.00013105116370e+05 
4.62970557728472e+01 1.00010572748114e+05 
4.64550531385988e+01 1.00008030683120e+05 
4.66130504658573e+01 1.00005676476920e+05 
4.67710476910669e+01 1.00003383824856e+05 
4.69290448370875e+01 1.00001100717886e+05 
4.70870418817074e+01 9.99986537310878e+04 
4.72450388394929e+01 9.99960936737127e+04 
4.74030357844738e+01 9.99936624624832e+04 
4.75610327369803e+01 9.99911671694016e+04 
4.77190296641417e+01 9.99885298671601e+04 
4.78770265567167e+01 9.99861421995317e+04 
4.80350232907807e+01 9.99840940963463e+04 
4.81930199724646e+01 9.99823285296393e+04 
4.83510166821919e+01 9.99807513964939e+04 
4.85090134340476e+01 9.99789053972835e+04 
4.86670101864053e+01 9.99767711665448e+04 
4.88250069367958e+01 9.99750751356554e+04 
4.89830037017608e+01 9.99741652667182e+04 
4.91410003791622e+01 9.99737432770978e+04 
4.92989969712441e+01 9.99735564876744e+04 
4.94569936135427e+01 9.99729690298747e+04 
4.96149902571749e+01 9.99720789661828e+04 
4.97729869349215e+01 9.99716864500456e+04 
4.99309836461128e+01 9.99722428626539e+04 
5.00889804092298e+01 9.99733731842663e+04 
5.02469772586986e+01 9.99747604943006e+04 
5.04049742099479e+01 9.99756768577057e+04 
5.05629710368897e+01 9.99762990895639e+04 
5.07209677221875e+01 9.99773557121518e+04 
5.08789643925024e+01 9.99792417901032e+04 
5.10369611214738e+01 9.99816279771747e+04 
5.11949579837573e+01 9.99841245226765e+04 
5.13529549196390e+01 9.99863225957931e+04 
5.15109519220113e+01 9.99883920090775e+04 
5.16689490194469e+01 9.99905250423839e+04 
5.18269461871349e+01 9.99931013493786e+04 
5.19849434232851e+01 9.99959497602094e+04 
5.21429407955823e+01 9.99987427924270e+04 
5.23009380095267e+01 1.00001409611951e+05 
5.24589351151370e+01 1.00004092316883e+05 
5.26169322605497e+01 1.00006555452431e+05 
5.27749294397864e+01 1.00008851306535e+05 
5.29329267403186e+01 1.00011008428110e+05 
5.30909241439174e+01 1.00012962987731e+05 
5.32489216473604e+01 1.00015061448689e+05 
5.34069192807000e+01 1.00017285492634e+05 
5.35649170063727e+01 1.00019070493037e+05 
5.37229148023365e+01 1.00020180536043e+05 
5.38809127246988e+01 1.00020937111397e+05 
5.40389107877367e+01 1.00021426674607e+05 
5.41969089517492e+01 1.00022258534500e+05 
5.43549072484630e+01 1.00023375550164e+05 
5.45129054270051e+01 1.00023976138310e+05 
5.46709034516164e+01 1.00023690511926e+05 
5.48289014795824e+01 1.00023043279136e+05 
5.49868996507851e+01 1.00022191882171e+05 
5.51448978880694e+01 1.00021788736357e+05 
5.53028962526066e+01 1.00021680739658e+05 
5.54608947556885e+01 1.00021138339675e+05 
5.56188933188464e+01 1.00019815691046e+05 
5.57768920070724e+01 1.00018099421387e+05 
5.59348908650161e+01 1.00016258154119e+05 
5.60928898167026e+01 1.00014775946199e+05 
5.62508889037190e+01 1.00013454372378e+05 
5.64088881394332e+01 1.00011959224366e+05 
5.65668874484921e+01 1.00009943104996e+05 
5.67248868836807e+01 1.00007624629023e+05 
5.68828864893542e+01 1.00005309560854e+05 
5.70408861960338e+01 1.00003118319472e+05 
5.71988860391269e+01 1.00000942213572e+05 
5.73568857825965e+01 9.99988083086134e+04 
5.75148854374958e+01 9.99965937195911e+04 
5.76728851158728e+01 9.99943464983341e+04 
5.78308849012099e+01 9.99922135843835e+04 
5.79888847480601e+01 9.99899395233862e+04 
5.81468847532464e+01 9.99875135132432e+04 
5.83048848708051e+01 9.99853628303443e+04 
5.84628851001882e+01 9.99836487967342e+04 
5.86208854661624e+01 9.99821633640026e+04 
5.87788859510897e+01 9.99809048665913e+04 
5.89368865555350e+01 9.99793386357653e+04 
5.90948872830377e+01 9.99775276288179e+04 
5.92528880864323e+01 9.99761715865139e+04 
5.94108889302507e+01 9.99757532790119e+04 
5.95688898327881e+01 9.99756023997505e+04 
5.97268908041111e+01 9.99756860078843e+04 
5.98848918003332e+01 9.99753270783040e+04 
6.00428928680254e+01 9.99747638780144e+04 
6.02008940796456e+01 9.99746498662883e+04 
6.03588954725139e+01 9.99754137496545e+04 
6.05168971072922e+01 9.99768490543291e+04 
6.06748990531746e+01 9.99784176881215e+04 
6.08329010433522e+01 9.99795828999362e+04 
6.09909029438758e+01 9.99805455105501e+04 
6.11489044805151e+01 9.99818359719373e+04 
6.13069057727749e+01 9.99837960292057e+04 
6.14649070351632e+01 9.99861718397716e+04 
6.16229081384915e+01 9.99886003867507e+04 
6.17809092441211e+01 9.99908408764137e+04 
6.19389101339700e+01 9.99930094151121e+04 
6.20969109801752e+01 9.99952127849776e+04 
6.22549119387378e+01 9.99976270746970e+04 
6.24129129488496e+01 1.00000210305180e+05 
6.25709138861800e+01 1.00002663631136e+05 
6.27289151983368e+01 1.00005105861524e+05 
6.28869165870729e+01 1.00007621835759e+05 
6.30449181597254e+01 1.00009880899137e+05 
6.32029200758520e+01 1.00011800003179e+05 
6.33609221827735e+01 1.00013478354306e+05 
6.35189242560073e+01 1.00014962211696e+05 
6.36769260693996e+01 1.00016674006425e+05 
6.38349281051127e+01 1.00018550574828e+05 
6.39929298098694e+01 1.00019960919857e+05 
6.41509316615666e+01 1.00020639122075e+05 
6.43089337942408e+01 1.00020801069646e+05 
6.44669357869463e+01 1.00020911061093e+05 
6.46249374433373e+01 1.00021466022919e+05 
6.47829389136374e+01 1.00022181831353e+05 
6.49409399663625e+01 1.00022402068435e+05 
6.50989409632269e+01 1.00021836291089e+05 
6.52569421377169e+01 1.00020756073851e+05 
6.54149430085585e+01 1.00019505617371e+05 
6.55729437641150e+01 1.00018687285629e+05 
6.57309443638751e+01 1.00018097411307e+05 
6.58889448714392e+01 1.00017170932763e+05 
6.60469454271883e+01 1.00015604242128e+05 
6.62049458871531e+01 1.00013645532269e+05 
6.63629460911794e+01 1.00011636463699e+05 
6.65209461944869e+01 1.00009855900354e+05 
6.66789460139657e+01 1.00008173173275e+05 
6.68369454321013e+01 1.00006409774973e+05 
6.69949447414460e+01 1.00004334360622e+05 
6.71529441536746e+01 1.00002040122150e+05 
6.73109433241402e+01 9.99997834200296e+04 
6.74689424701647e+01 9.99975520595355e+04 
6.76269417991850e+01 9.99952469098013e+04 
6.77849410142811e+01 9.99930615251134e+04 
6.79429404441664e+01 9.99910159425897e+04 
6.81009399323400e+01 9.99891071653699e+04 
6.82589394467423e+01 9.99873101488274e+04 
6.84169390831585e+01 9.99852499619065e+04 
6.85749387125848e+01 9.99830154656247e+04 
6.87329381770452e+01 9.99811109233607e+04 
6.88909376719355e+01 9.99798021176656e+04 
6.90489371579850e+01 9.99788138662280e+04 
6.92069365995741e+01 9.99780844952716e+04 
6.93649360510441e+01 9.99769699272882e+04 
6.95229353740816e+01 9.99755791407663e+04 
6.96809345840638e+01 9.99747063149793e+04 
6.98389340499524e+01 9.99747298003608e+04 
6.99969337688401e+01 9.99751607247156e+04 
7.01549335087798e+01 9.99758214884553e+04 
7.03129334087804e+01 9.99760717448496e+04 
7.04709333808406e+01 9.99761264122702e+04 
7.06289333787524e+01 9.99766216226400e+04 
7.07869336204822e+01 9.99779411390614e+04 
7.09449340672215e+01 9.99797695529765e+04 
7.11029345997939e+01 9.99817217916177e+04 
7.12609350713582e+01 9.99833602788845e+04 
7.14189347160093e+01 9.99848691276020e+04 
7.15769336370085e+01 9.99865858010217e+04 
7.17349322495437e+01 9.99888254881319e+04 
7.18929307461385e+01 9.99914073964931e+04 
7.20509289766604e+01 9.99939665415060e+04 
7.22089272661357e+01 9.99963860467140e+04 
7.23669254718874e+01 9.99987862857881e+04 
7.25249235776293e+01 1.00001081709122e+05 
7.26829219494500e+01 1.00003385728408e+05 
7.28409203727508e+01 1.00005651307641e+05 
7.29989186538633e+01 1.00007741324961e+05 
7.31569171184710e+01 1.00009961778220e+05 
7.33149154807419e+01 1.00012275741620e+05 
7.34729138742871e+01 1.00014218552999e+05 
7.36309123482416e+01 1.00015684069235e+05 
7.37889111043111e+01 1.00016750387620e+05 
7.39469098644377e+01 1.00017607216445e+05 
7.41049087471577e+01 1.00018783764065e+05 
7.42629075233993e+01 1.00020205147762e+05 
7.44209062786759e+01 1.00021107170333e+05 
7.45789051660299e+01 1.00021158700560e+05 
7.47369040521852e+01 1.00020928379969e+05 
7.48949026971529e+01 1.00020469213380e+05 
7.50529013271319e+01 1.00020447197476e+05 
7.52109000002093e+01 1.00020640807622e+05 
7.53688985762336e+01 1.00020387039526e+05 
7.55268972581844e+01 1.00019492438346e+05 
7.56848960103278e+01 1.00017970623170e+05 
7.58428947255754e+01 1.00016357711852e+05 
7.60008936594136e+01 1.00015111367941e+05 
7.61588924322546e+01 1.00014078610741e+05 
7.63168911638559e+01 1.00012815741346e+05 
7.64748900450755e+01 1.00011028391021e+05 
7.66328890548658e+01 1.00008889443058e+05 
7.67908878834910e+01 1.00006725266918e+05 
7.69488867890563e+01 1.00004713985723e+05 
7.71068856575359e+01 1.00002762351230e+05 
7.72648846605642e+01 1.00000812930258e+05 
7.74228838477881e+01 9.99987324190391e+04 
7.75808832323467e+01 9.99965512433134e+04 
7.77388824246277e+01 9.99944530917459e+04 
7.78968816322887e+01 9.99922611465785e+04 
7.80548807011359e+01 9.99899554955226e+04 
7.82128796943324e+01 9.99878671891471e+04 
7.83708787081097e+01 9.99861067562371e+04 
7.85288777862713e+01 9.99846168800703e+04 
7.86868768060587e+01 9.99832856600592e+04 
7.88448759839678e+01 9.99816504396058e+04 
7.90028750293676e+01 9.99797841225913e+04 
7.91608740579794e+01 9.99783367378534e+04 
7.93188731240776e+01 9.99776365261132e+04 
7.94768722866737e+01 9.99774550801403e+04 
7.96348714744995e+01 9.99773485189300e+04 
7.97928707841639e+01 9.99767956797341e+04 
7.99508700431175e+01 9.99760902590594e+04 
8.01088692532010e+01 9.99758507030406e+04 
8.02668685571017e+01 9.99764220125691e+04 
8.04248679221742e+01 9.99775918594503e+04 
8.05828672895297e+01 9.99789443996289e+04 
8.07408668401889e+01 9.99799090777280e+04 
8.08988663183940e+01 9.99806892145099e+04 
8.10568658136689e+01 9.99818100037610e+04 
8.12148653641856e+01 9.99836219854737e+04 
8.13728650602450e+01 9.99858500987297e+04 
8.15308647094415e+01 9.99881647871957e+04 
8.16888645412167e+01 9.99902892223028e+04 
8.18468642992061e+01 9.99923481158346e+04 
8.20048640365115e+01 9.99944520715229e+04 
8.21628638878385e+01 9.99968289874836e+04 
8.23208638447879e+01 9.99993858161419e+04 
8.24788638290085e+01 1.00001863464539e+05 
8.26368639316287e+01 1.00004294323573e+05 
8.27948639928999e+01 1.00006791561252e+05 
8.29528640097892e+01 1.00009077040732e+05 
8.31108641257694e+01 1.00011077304608e+05 
8.32688643339817e+01 1.00012846395674e+05 
8.34268645003396e+01 1.00014427414462e+05 
8.35848648702901e+01 1.00016259016936e+05 
8.37428651207969e+01 1.00018258050764e+05 
8.39008653577218e+01 1.00019813737210e+05 
8.40588656514321e+01 1.00020649876009e+05 
8.42168660797810e+01 1.00021059222730e+05 
8.43748664504764e+01 1.00021252525799e+05 
8.45328669632765e+01 1.00021949552418e+05 
8.46908673910183e+01 1.00022833649407e+05 
8.48488677558302e+01 1.00023234323172e+05 
8.50068682338221e+01 1.00022798004298e+05 
8.51648687934220e+01 1.00021850839393e+05 
8.53228693020651e+01 1.00020719401882e+05 
8.54808699523303e+01 1.00020062093055e+05 
8.56388704750119e+01 1.00019634049381e+05 
8.57968709951201e+01 1.00018828097702e+05 
8.59548715414848e+01 1.00017319207811e+05 
8.61128721364377e+01 1.00015364490068e+05 
8.62708727179347e+01 1.00013354081720e+05 
8.64288733473842e+01 1.00011607830582e+05 
8.65868739800674e+01 1.00009972815148e+05 
8.67448745080638e+01 1.00008225506666e+05 
8.69028751837753e+01 1.00006115304293e+05 
8.70608758960404e+01 1.00003743665184e+05 
8.72188765860811e+01 1.00001396275070e+05 
8.73768773582707e+01 9.99991117112534e+04 
8.75348780012508e+01 9.99967698670615e+04 
8.76928786004829e+01 9.99945490081030e+04 
8.78508792441084e+01 9.99923988069153e+04 
8.80088800434000e+01 9.99903832616684e+04 
8.81668806916759e+01 9.99884675774365e+04 
8.83248814855233e+01 9.99863052638701e+04 
8.84828821285871e+01 9.99839728033213e+04 
8.86408826913246e+01 9.99819857819141e+04 
8.87988833442697e+01 9.99805520567945e+04 
8.89568840341034e+01 9.99794694310036e+04 
8.91148847006716e+01 9.99786538111635e+04 
8.92728853750260e+01 9.99774439633396e+04 
8.94308859501744e+01 9.99759596375713e+04 
8.95888863918260e+01 9.99750094921303e+04 
8.97468869365088e+01 9.99749855636483e+04 
8.99048875615784e+01 9.99753314929146e+04 
9.00628880436466e+01 9.99759227713232e+04 
9.02208886930447e+01 9.99760817977010e+04 
9.03788890986989e+01 9.99760160285774e+04 
9.05368894584843e+01 9.99764273967645e+04 
9.06948898189981e+01 9.99776403713163e+04 
9.08528902524989e+01 9.99794518017832e+04 
9.10108905775425e+01 9.99813922409498e+04 
9.11688909467955e+01 9.99829907674639e+04 
9.13268912145514e+01 9.99844191343893e+04 
9.14848913158008e+01 9.99860839074997e+04 
9.16428915822170e+01 9.99883278605536e+04 
9.18008918169298e+01 9.99909498042805e+04 
9.19588919708743e+01 9.99935626686440e+04 
9.21168922103786e+01 9.99960349644577e+04 
9.22748922710947e+01 9.99984766417087e+04 
9.24328922715071e+01 1.00000840735245e+05 
9.25908922911711e+01 1.00003254966771e+05 
9.27488924135160e+01 1.00005672494352e+05 
9.29068924081221e+01 1.00007933707950e+05 
9.30648924455409e+01 1.00010297409773e+05 
9.32228924177697e+01 1.00012768352914e+05 
9.33808923174738e+01 1.00014894035737e+05 
9.35388923127242e+01 1.00016554640032e+05 
9.36968923560327e+01 1.00017815058467e+05 
9.38548923989902e+01 1.00018860303748e+05 
9.40128924384549e+01 1.00020241299787e+05 
9.41708924405656e+01 1.00021897347958e+05 
9.43288923108054e+01 1.00023000593766e+05 
9.44868920599109e+01 1.00023163926029e+05 
9.46448916529606e+01 1.00023089015133e+05 
9.48028916076712e+01 1.00022757473651e+05 
9.49608914944496e+01 1.00022897437825e+05 
9.51188913057259e+01 1.00023267576573e+05 
9.52768912337209e+01 1.00023197955966e+05 
9.54348911411694e+01 1.00022380731053e+05 
9.55928911756063e+01 1.00020854161575e+05 
9.57508910635802e+01 1.00019191601740e+05 
9.59088910424678e+01 1.00017968021766e+05 
9.60668908867435e+01 1.00017029156124e+05 
9.62248906047757e+01 1.00015785543589e+05 
9.63828904827730e+01 1.00013943304209e+05 
9.65408903462501e+01 1.00011716433785e+05 
9.66988901623332e+01 1.00009460757353e+05 
9.68568900168082e+01 1.00007372722007e+05 
9.70148897240250e+01 1.00005371780099e+05 
9.71728892944551e+01 1.00003359351281e+05 
9.73308889047403e+01 1.00001165978376e+05 
9.74888886147520e+01 9.99987972281462e+04 
9.76468881266289e+01 9.99965207421663e+04 
9.78048877845412e+01 9.99941852309161e+04 
9.79628871957190e+01 9.99917522797212e+04 
9.81208865399089e+01 9.99895218927265e+04 
9.82788858937054e+01 9.99875895785835e+04 
9.84368853019583e+01 9.99858996483835e+04 
9.85948846206375e+01 9.99843654572895e+04 
9.87528839618249e+01 9.99825281202960e+04 
9.89108832001843e+01 9.99804658489076e+04 
9.90688822583182e+01 9.99788453875629e+04 
9.92268814607112e+01 9.99779553964227e+04 
9.93848806720824e+01 9.99775528832901e+04 
9.95428797821141e+01 9.99773500776954e+04 
9.97008790097915e+01 9.99766089299570e+04 
9.98588780603129e+01 9.99757030414958e+04 
1.00016877088879e+02 9.99752841330293e+04 
