# Liste des scalaires : TEMPS pmat 
0.00000000000000e+00 1.00000000000000e+05 
1.58013544018059e-01 1.00000000000000e+05 
3.16027088036117e-01 1.00000000000000e+05 
4.74040632054176e-01 1.00000000000000e+05 
6.32054176072234e-01 1.00000000000000e+05 
7.90067720090293e-01 1.00000000000000e+05 
9.48081264108351e-01 1.00000000000000e+05 
1.10609480812641e+00 1.00000000000000e+05 
1.26410835214447e+00 1.00000000000000e+05 
1.42212189616253e+00 1.00000000000000e+05 
1.58013544018058e+00 1.00000000000000e+05 
1.73814898419864e+00 1.00000000000000e+05 
1.89616252821670e+00 1.00000000000000e+05 
2.05417607223476e+00 1.00000000000000e+05 
2.21218961625282e+00 1.00000000000000e+05 
2.37020316027087e+00 1.00000000000000e+05 
2.52821670428893e+00 1.00000000000000e+05 
2.68623024830699e+00 1.00000000000000e+05 
2.84424379232505e+00 1.00000000000000e+05 
3.00225733634311e+00 1.00000000000000e+05 
3.16027088036116e+00 1.00000000000000e+05 
3.31828442437922e+00 1.00000000000000e+05 
3.47629796839728e+00 1.00000000000000e+05 
3.63431151241534e+00 1.00000000000000e+05 
3.79232505643340e+00 1.00000000000000e+05 
3.95033860045145e+00 1.00000000000000e+05 
4.10835214446951e+00 1.00000000000000e+05 
4.26636568848757e+00 1.00000000000000e+05 
4.42437923250563e+00 1.00000000000000e+05 
4.58239277652368e+00 1.00000000000000e+05 
4.74040632054174e+00 1.00000000000000e+05 
4.89841986455980e+00 1.00000000000000e+05 
5.05643340857786e+00 1.00000000000000e+05 
5.21444695259591e+00 1.00000000000000e+05 
5.37246049661397e+00 1.00000000000000e+05 
5.53047404063203e+00 1.00000000000000e+05 
5.68848758465009e+00 1.00000000000000e+05 
5.84650112866814e+00 1.00000000000000e+05 
6.00451467268620e+00 1.00000000000000e+05 
6.16252821670426e+00 1.00000000000000e+05 
6.32054176072231e+00 1.00000000000000e+05 
6.47855530474037e+00 1.00000000000000e+05 
6.63656884875843e+00 1.00000000000000e+05 
6.79458239277648e+00 1.00000000000000e+05 
6.95259593679454e+00 1.00000000000000e+05 
7.11060948081260e+00 1.00000000000000e+05 
7.26862302483065e+00 1.00000000000000e+05 
7.42663656884871e+00 1.00000000000000e+05 
7.58465011286677e+00 1.00000000000000e+05 
7.74266365688483e+00 1.00000000000000e+05 
7.90067720090288e+00 1.00000000000000e+05 
8.05869074492094e+00 1.00000000000000e+05 
8.21670428893899e+00 1.00000000000000e+05 
8.37471783295705e+00 1.00000000000000e+05 
8.53273137697511e+00 1.00000000000000e+05 
8.69074492099316e+00 1.00000000000000e+05 
8.84875846501122e+00 1.00000000000000e+05 
9.00677200902927e+00 1.00000000000000e+05 
9.16478555304733e+00 1.00000000000000e+05 
9.32279909706538e+00 1.00000000000000e+05 
9.48081264108344e+00 1.00000000000000e+05 
9.63882618510150e+00 1.00000000000000e+05 
9.79683972911955e+00 1.00000000000000e+05 
9.95485327313761e+00 1.00000000000000e+05 
1.01128668171557e+01 1.00000000000000e+05 
1.02708803611737e+01 1.00000000000000e+05 
1.04288939051918e+01 1.00000000000000e+05 
1.05869074492098e+01 1.00000000000000e+05 
1.07449209932279e+01 1.00000000000000e+05 
1.09029345372459e+01 1.00000000000000e+05 
1.10609480812640e+01 1.00000000000000e+05 
1.12189616252821e+01 1.00000000000000e+05 
1.13769751693001e+01 1.00000000000000e+05 
1.15349887133182e+01 1.00000000000000e+05 
1.16930022573362e+01 1.00000000000000e+05 
1.18510158013543e+01 1.00000000000000e+05 
1.20090293453723e+01 1.00000000000000e+05 
1.21670428893904e+01 1.00000000000000e+05 
1.23250564334084e+01 1.00000000000000e+05 
1.24830699774265e+01 1.00000000000000e+05 
1.26410835214446e+01 1.00000000000000e+05 
1.27990970654626e+01 1.00000000000000e+05 
1.29571106094807e+01 1.00000000000000e+05 
1.31151241534987e+01 1.00000000000000e+05 
1.32731376975168e+01 1.00000000000000e+05 
1.34311512415348e+01 1.00000000000000e+05 
1.35891647855529e+01 1.00000000000000e+05 
1.37471783295709e+01 1.00000000000000e+05 
1.39051918735890e+01 1.00000000000000e+05 
1.40632054176071e+01 1.00000000000000e+05 
1.42212189616251e+01 1.00000000000000e+05 
1.43792325056432e+01 1.00000000000000e+05 
1.45372460496612e+01 1.00000000000000e+05 
1.46952595936793e+01 1.00000000000000e+05 
1.48532731376973e+01 1.00000000000000e+05 
1.50112866817154e+01 1.00000000000000e+05 
1.51693002257334e+01 1.00000000000000e+05 
1.53273137697515e+01 1.00000000000000e+05 
1.54853273137695e+01 1.00000000000000e+05 
1.56433408577876e+01 1.00000000000000e+05 
1.58013544018057e+01 1.00000000000000e+05 
1.59593679458237e+01 1.00000000000000e+05 
1.61173814898418e+01 1.00000000000000e+05 
1.62753950338598e+01 1.00000000000003e+05 
1.64334085778779e+01 1.00000000000018e+05 
1.65914221218959e+01 1.00000000000125e+05 
1.67494356659140e+01 1.00000000001429e+05 
1.69074492099320e+01 1.00000000007310e+05 
1.70654627539501e+01 1.00000000045885e+05 
1.72234762979681e+01 1.00000000316309e+05 
1.73814898419862e+01 1.00000000694853e+05 
1.75395033860043e+01 1.00000001357203e+05 
1.76975169300223e+01 1.00000002195853e+05 
1.78555304740404e+01 1.00000003441393e+05 
1.80135440180584e+01 1.00000005579457e+05 
1.81715575620765e+01 1.00000008646059e+05 
1.83295711060945e+01 1.00000014039128e+05 
1.84875846501126e+01 1.00000022690858e+05 
1.86455981941306e+01 1.00000035397171e+05 
1.88036117381487e+01 1.00000051478752e+05 
1.89616252821667e+01 1.00000077114681e+05 
1.91196388261848e+01 1.00000110686568e+05 
1.92776523702028e+01 1.00000164101416e+05 
1.94356659142209e+01 1.00000243307689e+05 
1.95936794582390e+01 1.00000350086960e+05 
1.97516930022570e+01 1.00000476848671e+05 
1.99097065462751e+01 1.00000663103186e+05 
2.00677200902931e+01 1.00000886959069e+05 
2.02257336343112e+01 1.00001206930228e+05 
2.03837471783292e+01 1.00001643728331e+05 
2.05417607223473e+01 1.00002184094873e+05 
2.06997742663653e+01 1.00002790516924e+05 
2.08577878103834e+01 1.00003602558575e+05 
2.10158013544014e+01 1.00004497740018e+05 
2.11738148984195e+01 1.00005627408062e+05 
2.13318284424376e+01 1.00007028800346e+05 
2.14898419864556e+01 1.00008597555119e+05 
2.16478555304737e+01 1.00010254900880e+05 
2.18058690744917e+01 1.00012252143443e+05 
2.19638826185098e+01 1.00014231709539e+05 
2.21218961625278e+01 1.00016337931363e+05 
2.22799097065459e+01 1.00018661171429e+05 
2.24379232505639e+01 1.00020949589103e+05 
2.25959367945820e+01 1.00023255847830e+05 
2.27539503386000e+01 1.00025728095160e+05 
2.29119638826181e+01 1.00027882392869e+05 
2.30699774266361e+01 1.00029604914816e+05 
2.32279909706542e+01 1.00031108079820e+05 
2.33860045146723e+01 1.00032251678432e+05 
2.35440180586903e+01 1.00033444665867e+05 
2.37020316027084e+01 1.00034588925061e+05 
2.38600451467264e+01 1.00035359241699e+05 
2.40180586907445e+01 1.00035213943083e+05 
2.41760722347625e+01 1.00034445633345e+05 
2.43340857787806e+01 1.00033154782809e+05 
2.44920993227986e+01 1.00032170001643e+05 
2.46501128668167e+01 1.00031180499481e+05 
2.48081264108347e+01 1.00030176777705e+05 
2.49661399548528e+01 1.00028170249185e+05 
2.51241534988708e+01 1.00025521815920e+05 
2.52821670428889e+01 1.00022384378885e+05 
2.54401805869069e+01 1.00019720125192e+05 
2.55981941309250e+01 1.00017247290402e+05 
2.57562076749430e+01 1.00015273817834e+05 
2.59142212189611e+01 1.00012623948589e+05 
2.60722347629791e+01 1.00009543591255e+05 
2.62302483069972e+01 1.00006156865761e+05 
2.63882618510153e+01 1.00003176018986e+05 
2.65462753950333e+01 1.00000422181604e+05 
2.67042889390514e+01 9.99983538004822e+04 
2.68623024830694e+01 9.99960129475432e+04 
2.70203160270875e+01 9.99934359400214e+04 
2.71783295711055e+01 9.99906912980028e+04 
2.73363431151236e+01 9.99881399776807e+04 
2.74943566591416e+01 9.99856319885907e+04 
2.76523702031597e+01 9.99837875216051e+04 
2.78103837471777e+01 9.99820508109950e+04 
2.79683972911958e+01 9.99802965135189e+04 
2.81264108352138e+01 9.99785707988460e+04 
2.82844243792319e+01 9.99768272537672e+04 
2.84424379232499e+01 9.99750632126100e+04 
2.86004514672680e+01 9.99738832959394e+04 
2.87584650112860e+01 9.99732612575226e+04 
2.89164785553041e+01 9.99729503955146e+04 
2.90744920993221e+01 9.99728787387425e+04 
2.92325056433402e+01 9.99726100397199e+04 
2.93905191873582e+01 9.99723617429097e+04 
2.95485327313763e+01 9.99725589726610e+04 
2.97065462753943e+01 9.99734867582264e+04 
2.98645598194124e+01 9.99749718520048e+04 
3.00225733634304e+01 9.99767529247125e+04 
3.01805869074485e+01 9.99781248254164e+04 
3.03386004514665e+01 9.99794443106905e+04 
3.04966139954843e+01 9.99807254516798e+04 
3.06546275395003e+01 9.99825149087290e+04 
3.08126410834971e+01 9.99847344707125e+04 
3.09706546272957e+01 9.99870663045446e+04 
3.11286681708936e+01 9.99889631527982e+04 
3.12866817143274e+01 9.99905429292563e+04 
3.14446952574723e+01 9.99917114753473e+04 
3.16027088001674e+01 9.99930491324231e+04 
3.17607223421364e+01 9.99944741642828e+04 
3.19187358832495e+01 9.99959253275482e+04 
3.20767494226194e+01 9.99971606059301e+04 
3.22347629599941e+01 9.99980016327086e+04 
3.23927764943706e+01 9.99984144445851e+04 
3.25507900239423e+01 9.99988963426071e+04 
3.27088035457829e+01 9.99992588149811e+04 
3.28668170595274e+01 9.99996350631120e+04 
3.30248305599181e+01 9.99999968371210e+04 
3.31828440425992e+01 1.00000117264286e+05 
3.33408575031136e+01 1.00000037917281e+05 
3.34988709293862e+01 1.00000076093794e+05 
3.36568843063214e+01 9.99999768530380e+04 
3.38148976325709e+01 9.99999150232348e+04 
3.39729108878444e+01 9.99998921014910e+04 
3.41309240403887e+01 9.99997866448911e+04 
3.42889370834585e+01 9.99996651257360e+04 
3.44469499667095e+01 9.99997357874351e+04 
3.46049626416154e+01 9.99997144975510e+04 
3.47629751094123e+01 9.99997325417647e+04 
3.49209873220811e+01 9.99997047180516e+04 
3.50789991793260e+01 9.99996743967871e+04 
3.52370106929348e+01 9.99996922719676e+04 
3.53950217552060e+01 9.99998450781166e+04 
3.55530322801683e+01 9.99999006531602e+04 
3.57110422484800e+01 9.99999283101333e+04 
3.58690516557028e+01 9.99998367708864e+04 
3.60270604042267e+01 9.99997681690261e+04 
3.61850684108629e+01 9.99997629865307e+04 
3.63430757025597e+01 9.99997688784876e+04 
3.65010821998343e+01 9.99996825220548e+04 
3.66590879149553e+01 9.99995345961957e+04 
3.68170929429180e+01 9.99992559311093e+04 
3.69750972659910e+01 9.99990604945651e+04 
3.71331008599683e+01 9.99989530776373e+04 
3.72911038794230e+01 9.99987436570181e+04 
3.74491063311914e+01 9.99985262714448e+04 
3.76071083058444e+01 9.99982365987035e+04 
3.77651096857588e+01 9.99978416978859e+04 
3.79231104073047e+01 9.99975928146551e+04 
3.80811109502943e+01 9.99974344590856e+04 
3.82391112062999e+01 9.99971168670047e+04 
3.83971111660317e+01 9.99968978798145e+04 
3.85551109656345e+01 9.99966164838438e+04 
3.87131105571401e+01 9.99962870947341e+04 
3.88711098652798e+01 9.99961128024997e+04 
3.90291090063081e+01 9.99959794751258e+04 
3.91871079803516e+01 9.99957011410425e+04 
3.93451069164122e+01 9.99955986648501e+04 
3.95031056072435e+01 9.99954581981109e+04 
3.96611044176520e+01 9.99953447235486e+04 
3.98191030871787e+01 9.99953037467431e+04 
3.99771018088401e+01 9.99952114883948e+04 
4.01351007074698e+01 9.99950349551265e+04 
4.02930997022155e+01 9.99950359809020e+04 
4.04510986021552e+01 9.99950598504636e+04 
4.06090971618161e+01 9.99951752769309e+04 
4.07670958737284e+01 9.99952578660867e+04 
4.09250951708767e+01 9.99952301716339e+04 
4.10830945501286e+01 9.99952352674520e+04 
4.12410939472816e+01 9.99953692967489e+04 
4.13990933807653e+01 9.99955695450960e+04 
4.15570928592266e+01 9.99958989671854e+04 
4.17150923413803e+01 9.99961062332830e+04 
4.18730918618998e+01 9.99961668857754e+04 
4.20310913871491e+01 9.99963589812928e+04 
4.21890909437351e+01 9.99966148933332e+04 
4.23470905543198e+01 9.99969566379957e+04 
4.25050902256413e+01 9.99974026933913e+04 
4.26630899184684e+01 9.99976933810480e+04 
4.28210896745392e+01 9.99978558254235e+04 
4.29790892602239e+01 9.99982460489874e+04 
4.31370888188632e+01 9.99986350365393e+04 
4.32950884109090e+01 9.99991207941294e+04 
4.34530877023690e+01 9.99996602319424e+04 
4.36110866376294e+01 1.00000076063784e+05 
4.37690854724754e+01 1.00000399274383e+05 
4.39270845035842e+01 1.00000978797326e+05 
4.40850833364672e+01 1.00001513896404e+05 
4.42430820276957e+01 1.00002118695775e+05 
4.44010804989590e+01 1.00002700764312e+05 
4.45590788134630e+01 1.00003219054432e+05 
4.47170770655565e+01 1.00003678674154e+05 
4.48750752148097e+01 1.00004299611249e+05 
4.50330732938293e+01 1.00004831706810e+05 
4.51910713795358e+01 1.00005360080096e+05 
4.53490693983586e+01 1.00005803654393e+05 
4.55070674106562e+01 1.00006245469345e+05 
4.56650653676240e+01 1.00006648886194e+05 
4.58230631625694e+01 1.00007066789473e+05 
4.59810608096228e+01 1.00007335888835e+05 
4.61390583312556e+01 1.00007519849743e+05 
4.62970557728472e+01 1.00007608252432e+05 
4.64550531385988e+01 1.00007761391735e+05 
4.66130504658573e+01 1.00007921715156e+05 
4.67710476910669e+01 1.00007901500856e+05 
4.69290448370875e+01 1.00007735390696e+05 
4.70870418817074e+01 1.00007420173494e+05 
4.72450388394929e+01 1.00007029019125e+05 
4.74030357844738e+01 1.00006759707017e+05 
4.75610327369803e+01 1.00006549639480e+05 
4.77190296641417e+01 1.00006041660162e+05 
4.78770265567167e+01 1.00005434043817e+05 
4.80350232907807e+01 1.00004688080231e+05 
4.81930199724646e+01 1.00003940504411e+05 
4.83510166821919e+01 1.00003364807279e+05 
4.85090134340476e+01 1.00002883589277e+05 
4.86670101864053e+01 1.00002103441889e+05 
4.88250069367958e+01 1.00001362957311e+05 
4.89830037017608e+01 1.00000528304209e+05 
4.91410003791622e+01 9.99997619527575e+04 
4.92989969712441e+01 9.99991514724985e+04 
4.94569936135427e+01 9.99986213949918e+04 
4.96149902571749e+01 9.99978506799117e+04 
4.97729869349215e+01 9.99972131810914e+04 
4.99309836461128e+01 9.99965368018669e+04 
5.00889804092298e+01 9.99959853897952e+04 
5.02469772586986e+01 9.99954767182224e+04 
5.04049742099479e+01 9.99949890119950e+04 
5.05629710368897e+01 9.99943763260270e+04 
5.07209677221875e+01 9.99939180820504e+04 
5.08789643925024e+01 9.99934836629843e+04 
5.10369611214738e+01 9.99931990991664e+04 
5.11949579837573e+01 9.99928341321776e+04 
5.13529549196390e+01 9.99924503800690e+04 
5.15109519220113e+01 9.99921150548850e+04 
5.16689490194469e+01 9.99918954099112e+04 
5.18269461871349e+01 9.99917561725239e+04 
5.19849434232851e+01 9.99917382602139e+04 
5.21429407955823e+01 9.99915489864537e+04 
5.23009380095267e+01 9.99913187806384e+04 
5.24589351151370e+01 9.99913218747507e+04 
5.26169322605497e+01 9.99913823483258e+04 
5.27749294397864e+01 9.99915585307005e+04 
5.29329267403186e+01 9.99917764005617e+04 
5.30909241439174e+01 9.99918024561960e+04 
5.32489216473604e+01 9.99918006366410e+04 
5.34069192807000e+01 9.99921778904006e+04 
5.35649170063727e+01 9.99925722837257e+04 
5.37229148023365e+01 9.99931015713799e+04 
5.38809127246988e+01 9.99935675687169e+04 
5.40389107877367e+01 9.99939034578893e+04 
5.41969089517492e+01 9.99942206940039e+04 
5.43549072484630e+01 9.99949555857205e+04 
5.45129054270051e+01 9.99956811183605e+04 
5.46709034516164e+01 9.99965133281726e+04 
5.48289014795824e+01 9.99971678001888e+04 
5.49868996507851e+01 9.99977511329296e+04 
5.51448978880694e+01 9.99983152628466e+04 
5.53028962526066e+01 9.99991527812869e+04 
5.54608947556885e+01 9.99999199927280e+04 
5.56188933188464e+01 1.00000705262041e+05 
5.57768920070724e+01 1.00001249525627e+05 
5.59348908650161e+01 1.00001784763086e+05 
5.60928898167026e+01 1.00002277893970e+05 
5.62508889037190e+01 1.00002827197238e+05 
5.64088881394332e+01 1.00003266344430e+05 
5.65668874484921e+01 1.00003659937785e+05 
5.67248868836807e+01 1.00003849245851e+05 
5.68828864893542e+01 1.00004111722265e+05 
5.70408861960338e+01 1.00004339696435e+05 
5.71988860391269e+01 1.00004406102211e+05 
5.73568857825965e+01 1.00004397642639e+05 
5.75148854374958e+01 1.00004288703456e+05 
5.76728851158728e+01 1.00004062044909e+05 
5.78308849012099e+01 1.00003992233584e+05 
5.79888847480601e+01 1.00003916307757e+05 
5.81468847532464e+01 1.00003522095559e+05 
5.83048848708051e+01 1.00003133888651e+05 
5.84628851001882e+01 1.00002652821752e+05 
5.86208854661624e+01 1.00002187894784e+05 
5.87788859510897e+01 1.00001902249734e+05 
5.89368865555350e+01 1.00001630525397e+05 
5.90948872830377e+01 1.00000994776294e+05 
5.92528880864323e+01 1.00000433698398e+05 
5.94108889302507e+01 9.99998099853922e+04 
5.95688898327881e+01 9.99993129751724e+04 
5.97268908041111e+01 9.99989359242070e+04 
5.98848918003332e+01 9.99985601541783e+04 
6.00428928680254e+01 9.99979120050827e+04 
6.02008940796456e+01 9.99973501184003e+04 
6.03588954725139e+01 9.99967621447477e+04 
6.05168971072922e+01 9.99963749964608e+04 
6.06748990531746e+01 9.99960120775952e+04 
6.08329010433522e+01 9.99956404013787e+04 
6.09909029438758e+01 9.99951495894437e+04 
6.11489044805151e+01 9.99947569657116e+04 
6.13069057727749e+01 9.99944135038090e+04 
6.14649070351632e+01 9.99942660903303e+04 
6.16229081384915e+01 9.99940187567363e+04 
6.17809092441211e+01 9.99937450455223e+04 
6.19389101339700e+01 9.99935705413622e+04 
6.20969109801752e+01 9.99934569691671e+04 
6.22549119387378e+01 9.99934393194946e+04 
6.24129129488496e+01 9.99935513212504e+04 
6.25709138861800e+01 9.99935065079130e+04 
6.27289151983368e+01 9.99934373582756e+04 
6.28869165870729e+01 9.99936648596621e+04 
6.30449181597254e+01 9.99939286420134e+04 
6.32029200758520e+01 9.99943185123158e+04 
6.33609221827735e+01 9.99947212258739e+04 
6.35189242560073e+01 9.99949706116029e+04 
6.36769260693996e+01 9.99951958736557e+04 
6.38349281051127e+01 9.99958115829525e+04 
6.39929298098694e+01 9.99964293485679e+04 
6.41509316615666e+01 9.99971556908780e+04 
6.43089337942408e+01 9.99977719897503e+04 
6.44669357869463e+01 9.99982802245297e+04 
6.46249374433373e+01 9.99987499495720e+04 
6.47829389136374e+01 9.99995234924959e+04 
6.49409399663625e+01 1.00000273045720e+05 
6.50989409632269e+01 1.00001070135756e+05 
6.52569421377169e+01 1.00001674324985e+05 
6.54149430085585e+01 1.00002235225012e+05 
6.55729437641150e+01 1.00002740365636e+05 
6.57309443638751e+01 1.00003399630249e+05 
6.58889448714392e+01 1.00003982357287e+05 
6.60469454271883e+01 1.00004545704330e+05 
6.62049458871531e+01 1.00004909809390e+05 
6.63629460911794e+01 1.00005316841490e+05 
6.65209461944869e+01 1.00005667302368e+05 
6.66789460139657e+01 1.00005961627919e+05 
6.68369454321013e+01 1.00006156759879e+05 
6.69949447414460e+01 1.00006272901176e+05 
6.71529441536746e+01 1.00006247708065e+05 
6.73109433241402e+01 1.00006335459496e+05 
6.74689424701647e+01 1.00006390837468e+05 
6.76269417991850e+01 1.00006178593486e+05 
6.77849410142811e+01 1.00005902854008e+05 
6.79429404441664e+01 1.00005514089791e+05 
6.81009399323400e+01 1.00005096515022e+05 
6.82589394467423e+01 1.00004851788355e+05 
6.84169390831585e+01 1.00004620674649e+05 
6.85749387125848e+01 1.00004034108993e+05 
6.87329381770452e+01 1.00003460352789e+05 
6.88909376719355e+01 1.00002789390463e+05 
6.90489371579850e+01 1.00002205993405e+05 
6.92069365995741e+01 1.00001776370090e+05 
6.93649360510441e+01 1.00001374463289e+05 
6.95229353740816e+01 1.00000630274206e+05 
6.96809345840638e+01 9.99999434748751e+04 
6.98389340499524e+01 9.99991977636874e+04 
6.99969337688401e+01 9.99986355221737e+04 
7.01549335087798e+01 9.99981386528136e+04 
7.03129334087804e+01 9.99976539833201e+04 
7.04709333808406e+01 9.99969589188690e+04 
7.06289333787524e+01 9.99963491723016e+04 
7.07869336204822e+01 9.99957559648618e+04 
7.09449340672215e+01 9.99953954063281e+04 
7.11029345997939e+01 9.99949695781944e+04 
7.12609350713582e+01 9.99945567888971e+04 
7.14189347160093e+01 9.99941388325457e+04 
7.15769336370085e+01 9.99937811087000e+04 
7.17349322495437e+01 9.99934943214486e+04 
7.18929307461385e+01 9.99933787868330e+04 
7.20509289766604e+01 9.99931197374314e+04 
7.22089272661357e+01 9.99928584769986e+04 
7.23669254718874e+01 9.99928046449569e+04 
7.25249235776293e+01 9.99927964355459e+04 
7.26829219494500e+01 9.99929155307788e+04 
7.28409203727508e+01 9.99931057316413e+04 
7.29989186538633e+01 9.99931257350157e+04 
7.31569171184710e+01 9.99931464356469e+04 
7.33149154807419e+01 9.99935339340204e+04 
7.34729138742871e+01 9.99939567673850e+04 
7.36309123482416e+01 9.99945160927707e+04 
7.37889111043111e+01 9.99950191114558e+04 
7.39469098644377e+01 9.99953976730225e+04 
7.41049087471577e+01 9.99957578525406e+04 
7.42629075233993e+01 9.99965143654204e+04 
7.44209062786759e+01 9.99972928839419e+04 
7.45789051660299e+01 9.99981624533275e+04 
7.47369040521852e+01 9.99988489828413e+04 
7.48949026971529e+01 9.99994611100445e+04 
7.50529013271319e+01 1.00000032481674e+05 
7.52109000002093e+01 1.00000865117966e+05 
7.53688985762336e+01 1.00001657540412e+05 
7.55268972581844e+01 1.00002467779001e+05 
7.56848960103278e+01 1.00003046123167e+05 
7.58428947255754e+01 1.00003632894207e+05 
7.60008936594136e+01 1.00004154550808e+05 
7.61588924322546e+01 1.00004725757988e+05 
7.63168911638559e+01 1.00005220346838e+05 
7.64748900450755e+01 1.00005663622263e+05 
7.66328890548658e+01 1.00005915986642e+05 
7.67908878834910e+01 1.00006238026037e+05 
7.69488867890563e+01 1.00006504213391e+05 
7.71068856575359e+01 1.00006601954340e+05 
7.72648846605642e+01 1.00006610638506e+05 
7.74228838477881e+01 1.00006502710909e+05 
7.75808832323467e+01 1.00006289255948e+05 
7.77388824246277e+01 1.00006204422867e+05 
7.78968816322887e+01 1.00006089772169e+05 
7.80548807011359e+01 1.00005657161769e+05 
7.82128796943324e+01 1.00005185657615e+05 
7.83708787081097e+01 1.00004605963380e+05 
7.85288777862713e+01 1.00004053042744e+05 
7.86868768060587e+01 1.00003654045834e+05 
7.88448759839678e+01 1.00003261261865e+05 
7.90028750293676e+01 1.00002515087296e+05 
7.91608740579794e+01 1.00001805555866e+05 
7.93188731240776e+01 1.00001020504645e+05 
7.94768722866737e+01 1.00000375244949e+05 
7.96348714744995e+01 9.99998360510221e+04 
7.97928707841639e+01 9.99993096624374e+04 
7.99508700431175e+01 9.99985250308904e+04 
8.01088692532010e+01 9.99978153245499e+04 
8.02668685571017e+01 9.99970957265029e+04 
8.04248679221742e+01 9.99965783879574e+04 
8.05828672895297e+01 9.99960703793278e+04 
8.07408668401889e+01 9.99955852135497e+04 
8.08988663183940e+01 9.99950048527168e+04 
8.10568658136689e+01 9.99945206177224e+04 
8.12148653641856e+01 9.99941036605829e+04 
8.13728650602450e+01 9.99938875975465e+04 
8.15308647094415e+01 9.99935636019905e+04 
8.16888645412167e+01 9.99932438762178e+04 
8.18468642992061e+01 9.99930421713058e+04 
8.20048640365115e+01 9.99929089202545e+04 
8.21628638878385e+01 9.99928885735148e+04 
8.23208638447879e+01 9.99929852590952e+04 
8.24788638290085e+01 9.99929259985423e+04 
8.26368639316287e+01 9.99928602920477e+04 
8.27948639928999e+01 9.99930923325578e+04 
8.29528640097892e+01 9.99933716636892e+04 
8.31108641257694e+01 9.99937905206762e+04 
8.32688643339817e+01 9.99942090763326e+04 
8.34268645003396e+01 9.99944729962517e+04 
8.35848648702901e+01 9.99947265094087e+04 
8.37428651207969e+01 9.99953739361255e+04 
8.39008653577218e+01 9.99960437377298e+04 
8.40588656514321e+01 9.99968337065838e+04 
8.42168660797810e+01 9.99975025505539e+04 
8.43748664504764e+01 9.99980755927455e+04 
8.45328669632765e+01 9.99986196756726e+04 
8.46908673910183e+01 9.99994814430183e+04 
8.48488677558302e+01 1.00000339448913e+05 
8.50068682338221e+01 1.00001252415211e+05 
8.51648687934220e+01 1.00001960450991e+05 
8.53228693020651e+01 1.00002627416116e+05 
8.54808699523303e+01 1.00003224855926e+05 
8.56388704750119e+01 1.00003980791149e+05 
8.57968709951201e+01 1.00004668241480e+05 
8.59548715414848e+01 1.00005332700476e+05 
8.61128721364377e+01 1.00005792861838e+05 
8.62708727179347e+01 1.00006293565210e+05 
8.64288733473842e+01 1.00006718996945e+05 
8.65868739800674e+01 1.00007070677749e+05 
8.67448745080638e+01 1.00007336970661e+05 
8.69028751837753e+01 1.00007517133871e+05 
8.70608758960404e+01 1.00007560311537e+05 
8.72188765860811e+01 1.00007708663887e+05 
8.73768773582707e+01 1.00007792696458e+05 
8.75348780012508e+01 1.00007597409289e+05 
8.76928786004829e+01 1.00007324068340e+05 
8.78508792441084e+01 1.00006925363176e+05 
8.80088800434000e+01 1.00006513056876e+05 
8.81668806916759e+01 1.00006247400226e+05 
8.83248814855233e+01 1.00005971698566e+05 
8.84828821285871e+01 1.00005320293237e+05 
8.86408826913246e+01 1.00004658399512e+05 
8.87988833442697e+01 1.00003897726758e+05 
8.89568840341034e+01 1.00003239369090e+05 
8.91148847006716e+01 1.00002718918806e+05 
8.92728853750260e+01 1.00002208749720e+05 
8.94308859501744e+01 1.00001370321753e+05 
8.95888863918260e+01 1.00000549911164e+05 
8.97468869365088e+01 9.99996700629097e+04 
8.99048875615784e+01 9.99989741657387e+04 
9.00628880436466e+01 9.99983404321150e+04 
9.02208886930447e+01 9.99977443860863e+04 
9.03788890986989e+01 9.99969361184244e+04 
9.05368894584843e+01 9.99961911079765e+04 
9.06948898189981e+01 9.99954711847781e+04 
9.08528902524989e+01 9.99949655792575e+04 
9.10108905775425e+01 9.99944148782661e+04 
9.11688909467955e+01 9.99939047831837e+04 
9.13268912145514e+01 9.99934154009704e+04 
9.14848913158008e+01 9.99929857799490e+04 
9.16428915822170e+01 9.99926441980078e+04 
9.18008918169298e+01 9.99924578024598e+04 
9.19588919708743e+01 9.99921358140153e+04 
9.21168922103786e+01 9.99918430084404e+04 
9.22748922710947e+01 9.99917953647243e+04 
9.24328922715071e+01 9.99918011463623e+04 
9.25908922911711e+01 9.99919517678400e+04 
9.27488924135160e+01 9.99921498222510e+04 
9.29068924081221e+01 9.99921892099760e+04 
9.30648924455409e+01 9.99922458201680e+04 
9.32228924177697e+01 9.99926984989436e+04 
9.33808923174738e+01 9.99932001914752e+04 
9.35388923127242e+01 9.99938491956775e+04 
9.36968923560327e+01 9.99944090649778e+04 
9.38548923989902e+01 9.99948523098472e+04 
9.40128924384549e+01 9.99952812694352e+04 
9.41708924405656e+01 9.99961105807504e+04 
9.43288923108054e+01 9.99969851503920e+04 
9.44868920599109e+01 9.99979610581564e+04 
9.46448916529606e+01 9.99987430774428e+04 
9.48028916076712e+01 9.99994589729304e+04 
9.49608914944496e+01 1.00000114855559e+05 
9.51188913057259e+01 1.00001047547979e+05 
9.52768912337209e+01 1.00001968361459e+05 
9.54348911411694e+01 1.00002921018304e+05 
9.55928911756063e+01 1.00003643925406e+05 
9.57508910635802e+01 1.00004383856344e+05 
9.59088910424678e+01 1.00005032720155e+05 
9.60668908867435e+01 1.00005721877238e+05 
9.62248906047757e+01 1.00006357973231e+05 
9.63828904827730e+01 1.00006937610593e+05 
9.65408903462501e+01 1.00007344567472e+05 
9.66988901623332e+01 1.00007845230485e+05 
9.68568900168082e+01 1.00008252201038e+05 
9.70148897240250e+01 1.00008445241471e+05 
9.71728892944551e+01 1.00008565563317e+05 
9.73308889047403e+01 1.00008560837076e+05 
9.74888886147520e+01 1.00008487541358e+05 
9.76468881266289e+01 1.00008547154410e+05 
9.78048877845412e+01 1.00008550347152e+05 
9.79628871957190e+01 1.00008176621078e+05 
9.81208865399089e+01 1.00007747086510e+05 
9.82788858937054e+01 1.00007187330838e+05 
9.84368853019583e+01 1.00006697561106e+05 
9.85948846206375e+01 1.00006349884703e+05 
9.87528839618249e+01 1.00005994800666e+05 
9.89108832001843e+01 1.00005224380878e+05 
9.90688822583182e+01 1.00004433730201e+05 
9.92268814607112e+01 1.00003535461749e+05 
9.93848806720824e+01 1.00002814278973e+05 
9.95428797821141e+01 1.00002183864034e+05 
9.97008790097915e+01 1.00001574974468e+05 
9.98588780603129e+01 1.00000650167151e+05 
1.00016877088879e+02 9.99997452829517e+04 
