# Liste des scalaires : TEMPS pmat 
0.00000000000000e+00 1.00000000000000e+05 
1.58013544018059e-01 1.00000000000000e+05 
3.16027088036117e-01 1.00000000000000e+05 
4.74040632054176e-01 1.00000000000000e+05 
6.32054176072234e-01 1.00000000000000e+05 
7.90067720090293e-01 1.00000000000000e+05 
9.48081264108351e-01 1.00000000000000e+05 
1.10609480812641e+00 1.00000000000000e+05 
1.26410835214447e+00 1.00000000000000e+05 
1.42212189616253e+00 1.00000000000000e+05 
1.58013544018058e+00 1.00000000000000e+05 
1.73814898419864e+00 1.00000000000000e+05 
1.89616252821670e+00 1.00000000000000e+05 
2.05417607223476e+00 1.00000000000000e+05 
2.21218961625282e+00 1.00000000000000e+05 
2.37020316027087e+00 1.00000000000000e+05 
2.52821670428893e+00 1.00000000000000e+05 
2.68623024830699e+00 1.00000000000000e+05 
2.84424379232505e+00 1.00000000000000e+05 
3.00225733634311e+00 1.00000000000000e+05 
3.16027088036116e+00 1.00000000000000e+05 
3.31828442437922e+00 1.00000000000000e+05 
3.47629796839728e+00 1.00000000000000e+05 
3.63431151241534e+00 1.00000000000000e+05 
3.79232505643340e+00 1.00000000000000e+05 
3.95033860045145e+00 1.00000000000000e+05 
4.10835214446951e+00 1.00000000000000e+05 
4.26636568848757e+00 1.00000000000000e+05 
4.42437923250563e+00 1.00000000000000e+05 
4.58239277652368e+00 1.00000000000000e+05 
4.74040632054174e+00 1.00000000000000e+05 
4.89841986455980e+00 1.00000000000000e+05 
5.05643340857786e+00 1.00000000000000e+05 
5.21444695259591e+00 1.00000000000000e+05 
5.37246049661397e+00 1.00000000000000e+05 
5.53047404063203e+00 1.00000000000000e+05 
5.68848758465009e+00 1.00000000000000e+05 
5.84650112866814e+00 1.00000000000000e+05 
6.00451467268620e+00 1.00000000000000e+05 
6.16252821670426e+00 1.00000000000000e+05 
6.32054176072231e+00 1.00000000000000e+05 
6.47855530474037e+00 1.00000000000000e+05 
6.63656884875843e+00 1.00000000000000e+05 
6.79458239277648e+00 1.00000000000000e+05 
6.95259593679454e+00 1.00000000000000e+05 
7.11060948081260e+00 1.00000000000000e+05 
7.26862302483065e+00 1.00000000000000e+05 
7.42663656884871e+00 1.00000000000000e+05 
7.58465011286677e+00 1.00000000000000e+05 
7.74266365688483e+00 1.00000000000000e+05 
7.90067720090288e+00 1.00000000000000e+05 
8.05869074492094e+00 1.00000000000000e+05 
8.21670428893899e+00 1.00000000000000e+05 
8.37471783295705e+00 1.00000000000000e+05 
8.53273137697511e+00 1.00000000000000e+05 
8.69074492099316e+00 1.00000000000000e+05 
8.84875846501122e+00 1.00000000000000e+05 
9.00677200902927e+00 1.00000000000000e+05 
9.16478555304733e+00 1.00000000000000e+05 
9.32279909706538e+00 1.00000000000000e+05 
9.48081264108344e+00 1.00000000000000e+05 
9.63882618510150e+00 1.00000000000000e+05 
9.79683972911955e+00 1.00000000000000e+05 
9.95485327313761e+00 1.00000000000000e+05 
1.01128668171557e+01 1.00000000000000e+05 
1.02708803611737e+01 1.00000000000000e+05 
1.04288939051918e+01 1.00000000000000e+05 
1.05869074492098e+01 1.00000000000000e+05 
1.07449209932279e+01 1.00000000000000e+05 
1.09029345372459e+01 1.00000000000000e+05 
1.10609480812640e+01 1.00000000000000e+05 
1.12189616252821e+01 1.00000000000000e+05 
1.13769751693001e+01 1.00000000000000e+05 
1.15349887133182e+01 1.00000000000000e+05 
1.16930022573362e+01 1.00000000000000e+05 
1.18510158013543e+01 1.00000000000000e+05 
1.20090293453723e+01 1.00000000000000e+05 
1.21670428893904e+01 1.00000000000000e+05 
1.23250564334084e+01 1.00000000000000e+05 
1.24830699774265e+01 1.00000000000000e+05 
1.26410835214446e+01 1.00000000000000e+05 
1.27990970654626e+01 1.00000000000000e+05 
1.29571106094807e+01 1.00000000000000e+05 
1.31151241534987e+01 1.00000000000000e+05 
1.32731376975168e+01 1.00000000000000e+05 
1.34311512415348e+01 1.00000000000000e+05 
1.35891647855529e+01 1.00000000000000e+05 
1.37471783295709e+01 1.00000000000000e+05 
1.39051918735890e+01 1.00000000000000e+05 
1.40632054176071e+01 1.00000000000000e+05 
1.42212189616251e+01 1.00000000000000e+05 
1.43792325056432e+01 1.00000000000000e+05 
1.45372460496612e+01 1.00000000000000e+05 
1.46952595936793e+01 1.00000000000000e+05 
1.48532731376973e+01 1.00000000000000e+05 
1.50112866817154e+01 1.00000000000000e+05 
1.51693002257334e+01 1.00000000000000e+05 
1.53273137697515e+01 1.00000000000000e+05 
1.54853273137695e+01 1.00000000000000e+05 
1.56433408577876e+01 1.00000000000000e+05 
1.58013544018057e+01 1.00000000000000e+05 
1.59593679458237e+01 1.00000000000000e+05 
1.61173814898418e+01 1.00000000000000e+05 
1.62753950338598e+01 1.00000000000000e+05 
1.64334085778779e+01 1.00000000000000e+05 
1.65914221218959e+01 1.00000000000000e+05 
1.67494356659140e+01 1.00000000000000e+05 
1.69074492099320e+01 1.00000000000000e+05 
1.70654627539501e+01 1.00000000000000e+05 
1.72234762979681e+01 1.00000000000000e+05 
1.73814898419862e+01 1.00000000000000e+05 
1.75395033860043e+01 1.00000000000000e+05 
1.76975169300223e+01 1.00000000000000e+05 
1.78555304740404e+01 1.00000000000000e+05 
1.80135440180584e+01 1.00000000000000e+05 
1.81715575620765e+01 1.00000000000000e+05 
1.83295711060945e+01 1.00000000000000e+05 
1.84875846501126e+01 1.00000000000000e+05 
1.86455981941306e+01 1.00000000000000e+05 
1.88036117381487e+01 1.00000000000000e+05 
1.89616252821667e+01 1.00000000000000e+05 
1.91196388261848e+01 1.00000000000000e+05 
1.92776523702028e+01 1.00000000000000e+05 
1.94356659142209e+01 1.00000000000000e+05 
1.95936794582390e+01 1.00000000000000e+05 
1.97516930022570e+01 1.00000000000000e+05 
1.99097065462751e+01 1.00000000000000e+05 
2.00677200902931e+01 1.00000000000000e+05 
2.02257336343112e+01 1.00000000000000e+05 
2.03837471783292e+01 1.00000000000000e+05 
2.05417607223473e+01 1.00000000000000e+05 
2.06997742663653e+01 1.00000000000000e+05 
2.08577878103834e+01 1.00000000000000e+05 
2.10158013544014e+01 1.00000000000000e+05 
2.11738148984195e+01 1.00000000000000e+05 
2.13318284424376e+01 1.00000000000000e+05 
2.14898419864556e+01 1.00000000000000e+05 
2.16478555304737e+01 1.00000000000000e+05 
2.18058690744917e+01 1.00000000000000e+05 
2.19638826185098e+01 1.00000000000000e+05 
2.21218961625278e+01 1.00000000000000e+05 
2.22799097065459e+01 1.00000000000000e+05 
2.24379232505639e+01 1.00000000000000e+05 
2.25959367945820e+01 1.00000000000000e+05 
2.27539503386000e+01 1.00000000000000e+05 
2.29119638826181e+01 1.00000000000000e+05 
2.30699774266361e+01 1.00000000000000e+05 
2.32279909706542e+01 1.00000000000000e+05 
2.33860045146723e+01 1.00000000000000e+05 
2.35440180586903e+01 1.00000000000000e+05 
2.37020316027084e+01 1.00000000000000e+05 
2.38600451467264e+01 1.00000000000000e+05 
2.40180586907445e+01 1.00000000000000e+05 
2.41760722347625e+01 1.00000000000002e+05 
2.43340857787806e+01 1.00000000000017e+05 
2.44920993227986e+01 1.00000000000151e+05 
2.46501128668167e+01 1.00000000000681e+05 
2.48081264108347e+01 1.00000000016141e+05 
2.49661399548528e+01 1.00000000082067e+05 
2.51241534988708e+01 1.00000000679853e+05 
2.52821670428889e+01 1.00000001533841e+05 
2.54401805869069e+01 1.00000002737904e+05 
2.55981941309250e+01 1.00000004798193e+05 
2.57562076749430e+01 1.00000008087177e+05 
2.59142212189611e+01 1.00000013531442e+05 
2.60722347629791e+01 1.00000023316723e+05 
2.62302483069972e+01 1.00000039864357e+05 
2.63882618510153e+01 1.00000064022933e+05 
2.65462753950333e+01 1.00000103270227e+05 
2.67042889390514e+01 1.00000158647910e+05 
2.68623024830694e+01 1.00000242906951e+05 
2.70203160270875e+01 1.00000374507133e+05 
2.71783295711055e+01 1.00000570337070e+05 
2.73363431151236e+01 1.00000832471183e+05 
2.74943566591416e+01 1.00001194708303e+05 
2.76523702031597e+01 1.00001647521885e+05 
2.78103837471777e+01 1.00002271519825e+05 
2.79683972911958e+01 1.00003087144782e+05 
2.81264108352138e+01 1.00004155220810e+05 
2.82844243792319e+01 1.00005472411422e+05 
2.84424379232499e+01 1.00006970230028e+05 
2.86004514672680e+01 1.00008639023294e+05 
2.87584650112860e+01 1.00010708264563e+05 
2.89164785553041e+01 1.00012904549542e+05 
2.90744920993221e+01 1.00015456061952e+05 
2.92325056433402e+01 1.00018399902830e+05 
2.93905191873582e+01 1.00021106438814e+05 
2.95485327313763e+01 1.00023817765067e+05 
2.97065462753943e+01 1.00026897175156e+05 
2.98645598194124e+01 1.00029512405346e+05 
3.00225733634304e+01 1.00032319146548e+05 
3.01805869074485e+01 1.00035461505223e+05 
3.03386004514665e+01 1.00037831132602e+05 
3.04966139954843e+01 1.00040001750439e+05 
3.06546275395003e+01 1.00042264022842e+05 
3.08126410834971e+01 1.00043748626713e+05 
3.09706546272957e+01 1.00045104450112e+05 
3.11286681708936e+01 1.00046552620448e+05 
3.12866817143274e+01 1.00047082640706e+05 
3.14446952574723e+01 1.00047286298818e+05 
3.16027088001674e+01 1.00047187082680e+05 
3.17607223421364e+01 1.00046407672660e+05 
3.19187358832495e+01 1.00045280870738e+05 
3.20767494226194e+01 1.00043889668863e+05 
3.22347629599941e+01 1.00041976337970e+05 
3.23927764943706e+01 1.00039805429781e+05 
3.25507900239423e+01 1.00036958842156e+05 
3.27088035457829e+01 1.00033976999646e+05 
3.28668170595274e+01 1.00030466013758e+05 
3.30248305599181e+01 1.00026350108008e+05 
3.31828440425992e+01 1.00022420697297e+05 
3.33408575031136e+01 1.00018414172118e+05 
3.34988709293862e+01 1.00013505288711e+05 
3.36568843063214e+01 1.00009094764362e+05 
3.38148976325709e+01 1.00004158044350e+05 
3.39729108878444e+01 9.99985081527182e+04 
3.41309240403887e+01 9.99937025254341e+04 
3.42889370834585e+01 9.99891341614299e+04 
3.44469499667095e+01 9.99836671168316e+04 
3.46049626416154e+01 9.99792093390703e+04 
3.47629751094123e+01 9.99744377184180e+04 
3.49209873220811e+01 9.99690010686886e+04 
3.50789991793260e+01 9.99649181307340e+04 
3.52370106929348e+01 9.99612882299846e+04 
3.53950217552060e+01 9.99570184429259e+04 
3.55530322801683e+01 9.99539089347925e+04 
3.57110422484800e+01 9.99507885317881e+04 
3.58690516557028e+01 9.99472207204888e+04 
3.60270604042267e+01 9.99450771519217e+04 
3.61850684108629e+01 9.99434330572861e+04 
3.63430757025597e+01 9.99415508528030e+04 
3.65010821998343e+01 9.99405390734871e+04 
3.66590879149553e+01 9.99397595892262e+04 
3.68170929429180e+01 9.99389996975068e+04 
3.69750972659910e+01 9.99391836125130e+04 
3.71331008599683e+01 9.99397835399866e+04 
3.72911038794230e+01 9.99407379086565e+04 
3.74491063311914e+01 9.99421435660890e+04 
3.76071083058444e+01 9.99440173711066e+04 
3.77651096857588e+01 9.99462520984969e+04 
3.79231104073047e+01 9.99488675851163e+04 
3.80811109502943e+01 9.99517438045794e+04 
3.82391112062999e+01 9.99553512765295e+04 
3.83971111660317e+01 9.99588938426457e+04 
3.85551109656345e+01 9.99630295359049e+04 
3.87131105571401e+01 9.99678026084893e+04 
3.88711098652798e+01 9.99722648657513e+04 
3.90291090063081e+01 9.99766475073924e+04 
3.91871079803516e+01 9.99819976329730e+04 
3.93451069164122e+01 9.99865873799436e+04 
3.95031056072435e+01 9.99917680360163e+04 
3.96611044176520e+01 9.99975968335066e+04 
3.98191030871787e+01 1.00002430256199e+05 
3.99771018088401e+01 1.00006918481016e+05 
4.01351007074698e+01 1.00012249786049e+05 
4.02930997022155e+01 1.00016346432859e+05 
4.04510986021552e+01 1.00020759316027e+05 
4.06090971618161e+01 1.00025720769843e+05 
4.07670958737284e+01 1.00029282880622e+05 
4.09250951708767e+01 1.00032293121948e+05 
4.10830945501286e+01 1.00035805514140e+05 
4.12410939472816e+01 1.00038047906065e+05 
4.13990933807653e+01 1.00040257104387e+05 
4.15570928592266e+01 1.00042742391022e+05 
4.17150923413803e+01 1.00043901505284e+05 
4.18730918618998e+01 1.00044530620952e+05 
4.20310913871491e+01 1.00045209286469e+05 
4.21890909437351e+01 1.00045072899137e+05 
4.23470905543198e+01 1.00044603633831e+05 
4.25050902256413e+01 1.00043962487797e+05 
4.26630899184684e+01 1.00042596983001e+05 
4.28210896745392e+01 1.00040888942021e+05 
4.29790892602239e+01 1.00038767951374e+05 
4.31370888188632e+01 1.00036428019489e+05 
4.32950884109090e+01 1.00033660605271e+05 
4.34530877023690e+01 1.00030459945893e+05 
4.36110866376294e+01 1.00027296396723e+05 
4.37690854724754e+01 1.00024016035380e+05 
4.39270845035842e+01 1.00020073352243e+05 
4.40850833364672e+01 1.00016547591389e+05 
4.42430820276957e+01 1.00012564773091e+05 
4.44010804989590e+01 1.00008016347810e+05 
4.45590788134630e+01 1.00004116372945e+05 
4.47170770655565e+01 1.00000416261139e+05 
4.48750752148097e+01 9.99960352452226e+04 
4.50330732938293e+01 9.99925010046061e+04 
4.51910713795358e+01 9.99885897290830e+04 
4.53490693983586e+01 9.99841857683200e+04 
4.55070674106562e+01 9.99808359888038e+04 
4.56650653676240e+01 9.99778500324518e+04 
4.58230631625694e+01 9.99743528531452e+04 
4.59810608096228e+01 9.99718752496486e+04 
4.61390583312556e+01 9.99692923597023e+04 
4.62970557728472e+01 9.99663818360206e+04 
4.64550531385988e+01 9.99646665645550e+04 
4.66130504658573e+01 9.99633804801978e+04 
4.67710476910669e+01 9.99619210677582e+04 
4.69290448370875e+01 9.99612734178882e+04 
4.70870418817074e+01 9.99608257944255e+04 
4.72450388394929e+01 9.99604214261815e+04 
4.74030357844738e+01 9.99608440333641e+04 
4.75610327369803e+01 9.99616374483795e+04 
4.77190296641417e+01 9.99627250473078e+04 
4.78770265567167e+01 9.99642359453303e+04 
4.80350232907807e+01 9.99661234255099e+04 
4.81930199724646e+01 9.99683783627965e+04 
4.83510166821919e+01 9.99708692368978e+04 
4.85090134340476e+01 9.99735693113343e+04 
4.86670101864053e+01 9.99768727994933e+04 
4.88250069367958e+01 9.99799911414466e+04 
4.89830037017608e+01 9.99835703567633e+04 
4.91410003791622e+01 9.99877117381797e+04 
4.92989969712441e+01 9.99914273715937e+04 
4.94569936135427e+01 9.99950366589243e+04 
4.96149902571749e+01 9.99993471085393e+04 
4.97729869349215e+01 1.00002858386574e+05 
4.99309836461128e+01 1.00006797746985e+05 
5.00889804092298e+01 1.00011269491860e+05 
5.02469772586986e+01 1.00014798183484e+05 
5.04049742099479e+01 1.00018023337882e+05 
5.05629710368897e+01 1.00021793167380e+05 
5.07209677221875e+01 1.00024502456776e+05 
5.08789643925024e+01 1.00027394495103e+05 
5.10369611214738e+01 1.00030677098074e+05 
5.11949579837573e+01 1.00032779688269e+05 
5.13529549196390e+01 1.00034481440888e+05 
5.15109519220113e+01 1.00036426753402e+05 
5.16689490194469e+01 1.00037471724359e+05 
5.18269461871349e+01 1.00038410303314e+05 
5.19849434232851e+01 1.00039364643585e+05 
5.21429407955823e+01 1.00039520170180e+05 
5.23009380095267e+01 1.00039291722116e+05 
5.24589351151370e+01 1.00038890703407e+05 
5.26169322605497e+01 1.00037938713175e+05 
5.27749294397864e+01 1.00036711975049e+05 
5.29329267403186e+01 1.00035227872609e+05 
5.30909241439174e+01 1.00033373573930e+05 
5.32489216473604e+01 1.00031297364217e+05 
5.34069192807000e+01 1.00028732851570e+05 
5.35649170063727e+01 1.00026150960844e+05 
5.37229148023365e+01 1.00023155396934e+05 
5.38809127246988e+01 1.00019678378688e+05 
5.40389107877367e+01 1.00016399027112e+05 
5.41969089517492e+01 1.00013076291289e+05 
5.43549072484630e+01 1.00009061487738e+05 
5.45129054270051e+01 1.00005533005507e+05 
5.46709034516164e+01 1.00001559745652e+05 
5.48289014795824e+01 9.99970341829640e+04 
5.49868996507851e+01 9.99931954465360e+04 
5.51448978880694e+01 9.99895598741072e+04 
5.53028962526066e+01 9.99852397609917e+04 
5.54608947556885e+01 9.99818189770619e+04 
5.56188933188464e+01 9.99780741501640e+04 
5.57768920070724e+01 9.99738311676550e+04 
5.59348908650161e+01 9.99706827107754e+04 
5.60928898167026e+01 9.99678948790737e+04 
5.62508889037190e+01 9.99646554738521e+04 
5.64088881394332e+01 9.99624430768802e+04 
5.65668874484921e+01 9.99602281749494e+04 
5.67248868836807e+01 9.99576998125669e+04 
5.68828864893542e+01 9.99563761238718e+04 
5.70408861960338e+01 9.99554680605806e+04 
5.71988860391269e+01 9.99545062321892e+04 
5.73568857825965e+01 9.99544144681197e+04 
5.75148854374958e+01 9.99546019755532e+04 
5.76728851158728e+01 9.99549011740327e+04 
5.78308849012099e+01 9.99560112409417e+04 
5.79888847480601e+01 9.99574680789245e+04 
5.81468847532464e+01 9.99593889412193e+04 
5.83048848708051e+01 9.99616803533704e+04 
5.84628851001882e+01 9.99644210268274e+04 
5.86208854661624e+01 9.99675961879392e+04 
5.87788859510897e+01 9.99708612251298e+04 
5.89368865555350e+01 9.99742735599271e+04 
5.90948872830377e+01 9.99784273793642e+04 
5.92528880864323e+01 9.99822427097971e+04 
5.94108889302507e+01 9.99865170861337e+04 
5.95688898327881e+01 9.99913955543536e+04 
5.97268908041111e+01 9.99956275477830e+04 
5.98848918003332e+01 9.99996355477618e+04 
6.00428928680254e+01 1.00004398723406e+05 
6.02008940796456e+01 1.00008134287341e+05 
6.03588954725139e+01 1.00012257591767e+05 
6.05168971072922e+01 1.00016887315537e+05 
6.06748990531746e+01 1.00020390806505e+05 
6.08329010433522e+01 1.00023482539061e+05 
6.09909029438758e+01 1.00027069182524e+05 
6.11489044805151e+01 1.00029453219662e+05 
6.13069057727749e+01 1.00031921253561e+05 
6.14649070351632e+01 1.00034713355790e+05 
6.16229081384915e+01 1.00036243987664e+05 
6.17809092441211e+01 1.00037343567908e+05 
6.19389101339700e+01 1.00038573023624e+05 
6.20969109801752e+01 1.00038906728880e+05 
6.22549119387378e+01 1.00039042023925e+05 
6.24129129488496e+01 1.00039153433578e+05 
6.25709138861800e+01 1.00038425855800e+05 
6.27289151983368e+01 1.00037360766535e+05 
6.28869165870729e+01 1.00035991983724e+05 
6.30449181597254e+01 1.00034217189459e+05 
6.32029200758520e+01 1.00032097289132e+05 
6.33609221827735e+01 1.00029650698975e+05 
6.35189242560073e+01 1.00027013272075e+05 
6.36769260693996e+01 1.00024213487044e+05 
6.38349281051127e+01 1.00020833188434e+05 
6.39929298098694e+01 1.00017622093308e+05 
6.41509316615666e+01 1.00013976887038e+05 
6.43089337942408e+01 1.00009797412180e+05 
6.44669357869463e+01 1.00006095931753e+05 
6.46249374433373e+01 1.00002421558052e+05 
6.47829389136374e+01 9.99979824219858e+04 
6.49409399663625e+01 9.99943862872377e+04 
6.50989409632269e+01 9.99903617775200e+04 
6.52569421377169e+01 9.99858110506458e+04 
6.54149430085585e+01 9.99821442643907e+04 
6.55729437641150e+01 9.99787596934066e+04 
6.57309443638751e+01 9.99748205047292e+04 
6.58889448714392e+01 9.99719454744901e+04 
6.60469454271883e+01 9.99688460536934e+04 
6.62049458871531e+01 9.99653221251878e+04 
6.63629460911794e+01 9.99630485671992e+04 
6.65209461944869e+01 9.99611560655996e+04 
6.66789460139657e+01 9.99590426722369e+04 
6.68369454321013e+01 9.99579394928740e+04 
6.69949447414460e+01 9.99569422904887e+04 
6.71529441536746e+01 9.99558885496551e+04 
6.73109433241402e+01 9.99557972514845e+04 
6.74689424701647e+01 9.99561037636201e+04 
6.76269417991850e+01 9.99566946490401e+04 
6.77849410142811e+01 9.99580046141673e+04 
6.79429404441664e+01 9.99596592789766e+04 
6.81009399323400e+01 9.99615909655961e+04 
6.82589394467423e+01 9.99640128894950e+04 
6.84169390831585e+01 9.99666848135850e+04 
6.85749387125848e+01 9.99699915406855e+04 
6.87329381770452e+01 9.99733277368301e+04 
6.88909376719355e+01 9.99771415037093e+04 
6.90489371579850e+01 9.99815200206405e+04 
6.92069365995741e+01 9.99855730300478e+04 
6.93649360510441e+01 9.99896262231672e+04 
6.95229353740816e+01 9.99944678201529e+04 
6.96809345840638e+01 9.99985679688717e+04 
6.98389340499524e+01 1.00003104695461e+05 
6.99969337688401e+01 1.00008226908531e+05 
7.01549335087798e+01 1.00012380279703e+05 
7.03129334087804e+01 1.00016199490965e+05 
7.04709333808406e+01 1.00020656325045e+05 
7.06289333787524e+01 1.00023932500979e+05 
7.07869336204822e+01 1.00027426745090e+05 
7.09449340672215e+01 1.00031381052895e+05 
7.11029345997939e+01 1.00034006830586e+05 
7.12609350713582e+01 1.00036184125198e+05 
7.14189347160093e+01 1.00038676303909e+05 
7.15769336370085e+01 1.00040016868162e+05 
7.17349322495437e+01 1.00041269859952e+05 
7.18929307461385e+01 1.00042706842234e+05 
7.20509289766604e+01 1.00042996692258e+05 
7.22089272661357e+01 1.00042942073037e+05 
7.23669254718874e+01 1.00042748318338e+05 
7.25249235776293e+01 1.00041757040779e+05 
7.26829219494500e+01 1.00040502959504e+05 
7.28409203727508e+01 1.00039047708072e+05 
7.29989186538633e+01 1.00037063963443e+05 
7.31569171184710e+01 1.00034823743861e+05 
7.33149154807419e+01 1.00032067766222e+05 
7.34729138742871e+01 1.00029206151967e+05 
7.36309123482416e+01 1.00025920184694e+05 
7.37889111043111e+01 1.00022152635059e+05 
7.39469098644377e+01 1.00018553656606e+05 
7.41049087471577e+01 1.00014881025121e+05 
7.42629075233993e+01 1.00010486691578e+05 
7.44209062786759e+01 1.00006612977538e+05 
7.45789051660299e+01 1.00002297708486e+05 
7.47369040521852e+01 9.99973421896894e+04 
7.48949026971529e+01 9.99931745131981e+04 
7.50529013271319e+01 9.99892451231471e+04 
7.52109000002093e+01 9.99845959813751e+04 
7.53688985762336e+01 9.99810042301162e+04 
7.55268972581844e+01 9.99770380846277e+04 
7.56848960103278e+01 9.99725297649775e+04 
7.58428947255754e+01 9.99692156497150e+04 
7.60008936594136e+01 9.99662796794588e+04 
7.61588924322546e+01 9.99628996938720e+04 
7.63168911638559e+01 9.99607107281023e+04 
7.64748900450755e+01 9.99584905876960e+04 
7.66328890548658e+01 9.99559073509976e+04 
7.67908878834910e+01 9.99546705914893e+04 
7.69488867890563e+01 9.99538385135351e+04 
7.71068856575359e+01 9.99529543925161e+04 
7.72648846605642e+01 9.99530709946553e+04 
7.74228838477881e+01 9.99534574233979e+04 
7.75808832323467e+01 9.99539020736702e+04 
7.77388824246277e+01 9.99552381409039e+04 
7.78968816322887e+01 9.99569310150242e+04 
7.80548807011359e+01 9.99591140826458e+04 
7.82128796943324e+01 9.99617469381305e+04 
7.83708787081097e+01 9.99648222505264e+04 
7.85288777862713e+01 9.99683357169552e+04 
7.86868768060587e+01 9.99719463884208e+04 
7.88448759839678e+01 9.99756999475281e+04 
7.90028750293676e+01 9.99802287612677e+04 
7.91608740579794e+01 9.99844289188148e+04 
7.93188731240776e+01 9.99890978843916e+04 
7.94768722866737e+01 9.99944260579038e+04 
7.96348714744995e+01 9.99989734676173e+04 
7.97928707841639e+01 1.00003402876960e+05 
7.99508700431175e+01 1.00008702978421e+05 
8.01088692532010e+01 1.00012774033503e+05 
8.02668685571017e+01 1.00017236651157e+05 
8.04248679221742e+01 1.00022276580046e+05 
8.05828672895297e+01 1.00026084220877e+05 
8.07408668401889e+01 1.00029511297556e+05 
8.08988663183940e+01 1.00033436343026e+05 
8.10568658136689e+01 1.00036011741007e+05 
8.12148653641856e+01 1.00038691674439e+05 
8.13728650602450e+01 1.00041772502342e+05 
8.15308647094415e+01 1.00043424110968e+05 
8.16888645412167e+01 1.00044637616100e+05 
8.18468642992061e+01 1.00045968220166e+05 
8.20048640365115e+01 1.00046272563446e+05 
8.21628638878385e+01 1.00046365785876e+05 
8.23208638447879e+01 1.00046485630957e+05 
8.24788638290085e+01 1.00045610559630e+05 
8.26368639316287e+01 1.00044386593412e+05 
8.27948639928999e+01 1.00042822254561e+05 
8.29528640097892e+01 1.00040742624593e+05 
8.31108641257694e+01 1.00038305446547e+05 
8.32688643339817e+01 1.00035534454519e+05 
8.34268645003396e+01 1.00032513163005e+05 
8.35848648702901e+01 1.00029332491303e+05 
8.37428651207969e+01 1.00025482440295e+05 
8.39008653577218e+01 1.00021793294196e+05 
8.40588656514321e+01 1.00017636741926e+05 
8.42168660797810e+01 1.00012902339947e+05 
8.43748664504764e+01 1.00008677933314e+05 
8.45328669632765e+01 1.00004496530052e+05 
8.46908673910183e+01 9.99995367762808e+04 
8.48488677558302e+01 9.99953691392052e+04 
8.50068682338221e+01 9.99908019298518e+04 
8.51648687934220e+01 9.99855776753478e+04 
8.53228693020651e+01 9.99814327193807e+04 
8.54808699523303e+01 9.99776381059633e+04 
8.56388704750119e+01 9.99732474899836e+04 
8.57968709951201e+01 9.99699807734450e+04 
8.59548715414848e+01 9.99664801393917e+04 
8.61128721364377e+01 9.99624885584577e+04 
8.62708727179347e+01 9.99598975453549e+04 
8.64288733473842e+01 9.99577347264560e+04 
8.65868739800674e+01 9.99552843797317e+04 
8.67448745080638e+01 9.99540202180856e+04 
8.69028751837753e+01 9.99528482866228e+04 
8.70608758960404e+01 9.99515195946154e+04 
8.72188765860811e+01 9.99513446588428e+04 
8.73768773582707e+01 9.99515738773052e+04 
8.75348780012508e+01 9.99520439308170e+04 
8.76928786004829e+01 9.99534051611416e+04 
8.78508792441084e+01 9.99550825478065e+04 
8.80088800434000e+01 9.99569745147218e+04 
8.81668806916759e+01 9.99594828039254e+04 
8.83248814855233e+01 9.99622559106471e+04 
8.84828821285871e+01 9.99656801031414e+04 
8.86408826913246e+01 9.99692366553765e+04 
8.87988833442697e+01 9.99732644953756e+04 
8.89568840341034e+01 9.99778252782951e+04 
8.91148847006716e+01 9.99821242933679e+04 
8.92728853750260e+01 9.99864547540992e+04 
8.94308859501744e+01 9.99916025077042e+04 
8.95888863918260e+01 9.99960753770326e+04 
8.97468869365088e+01 1.00000977218024e+05 
8.99048875615784e+01 1.00006552593620e+05 
9.00628880436466e+01 1.00011121619272e+05 
9.02208886930447e+01 1.00015331592727e+05 
9.03788890986989e+01 1.00020159788451e+05 
9.05368894584843e+01 1.00023899866714e+05 
9.06948898189981e+01 1.00027878980637e+05 
9.08528902524989e+01 1.00032348426550e+05 
9.10108905775425e+01 1.00035420362160e+05 
9.11688909467955e+01 1.00038042647771e+05 
9.13268912145514e+01 1.00041032967435e+05 
9.14848913158008e+01 1.00042724624797e+05 
9.16428915822170e+01 1.00044391163719e+05 
9.18008918169298e+01 1.00046367612106e+05 
9.19588919708743e+01 1.00046954364886e+05 
9.21168922103786e+01 1.00047146572586e+05 
9.22748922710947e+01 1.00047349883982e+05 
9.24328922715071e+01 1.00046591843831e+05 
9.25908922911711e+01 1.00045576665052e+05 
9.27488924135160e+01 1.00044437454376e+05 
9.29068924081221e+01 1.00042590711449e+05 
9.30648924455409e+01 1.00040444300287e+05 
9.32228924177697e+01 1.00037803682571e+05 
9.33808923174738e+01 1.00034911718182e+05 
9.35388923127242e+01 1.00031607941607e+05 
9.36968923560327e+01 1.00027857048693e+05 
9.38548923989902e+01 1.00024175071226e+05 
9.40128924384549e+01 1.00020396776607e+05 
9.41708924405656e+01 1.00015864728918e+05 
9.43288923108054e+01 1.00011772487064e+05 
9.44868920599109e+01 1.00007219626950e+05 
9.46448916529606e+01 1.00002024398205e+05 
9.48028916076712e+01 9.99976525902538e+04 
9.49608914944496e+01 9.99933928277789e+04 
9.51188913057259e+01 9.99883089865652e+04 
9.52768912337209e+01 9.99843967700484e+04 
9.54348911411694e+01 9.99800911845329e+04 
9.55928911756063e+01 9.99752234076846e+04 
9.57508910635802e+01 9.99715422609113e+04 
9.59088910424678e+01 9.99682304978941e+04 
9.60668908867435e+01 9.99644090704033e+04 
9.62248906047757e+01 9.99618750476987e+04 
9.63828904827730e+01 9.99592360371361e+04 
9.65408903462501e+01 9.99561851829212e+04 
9.66988901623332e+01 9.99545694632690e+04 
9.68568900168082e+01 9.99533763877455e+04 
9.70148897240250e+01 9.99521097405022e+04 
9.71728892944551e+01 9.99518724498749e+04 
9.73308889047403e+01 9.99518745671914e+04 
9.74888886147520e+01 9.99518573763315e+04 
9.76468881266289e+01 9.99528892604137e+04 
9.78048877845412e+01 9.99542978867340e+04 
9.79628871957190e+01 9.99561317614108e+04 
9.81208865399089e+01 9.99585370958254e+04 
9.82788858937054e+01 9.99613574199693e+04 
9.84368853019583e+01 9.99645583769282e+04 
9.85948846206375e+01 9.99680148297932e+04 
9.87528839618249e+01 9.99716357633065e+04 
9.89108832001843e+01 9.99760054615069e+04 
9.90688822583182e+01 9.99801562424456e+04 
9.92268814607112e+01 9.99847925325912e+04 
9.93848806720824e+01 9.99900602073154e+04 
9.95428797821141e+01 9.99946760487001e+04 
9.97008790097915e+01 9.99992052280960e+04 
9.98588780603129e+01 1.00004542582976e+05 
1.00016877088879e+02 1.00008913641208e+05 
