# Liste des scalaires : TEMPS pmat 
0.00000000000000e+00 1.00000000000000e+05 
2.04081632653061e-01 1.00000000000000e+05 
4.08042165141975e-01 1.00000000000000e+05 
6.11832106953319e-01 1.00000000000000e+05 
8.15421737498182e-01 1.00000000000000e+05 
1.01884831470558e+00 1.00000000000000e+05 
1.22207818930831e+00 1.00000000000000e+05 
1.42513098547652e+00 1.00000000000000e+05 
1.62798725493260e+00 1.00000000000000e+05 
1.83053493087979e+00 1.00000000000000e+05 
2.03291905653503e+00 1.00000000000000e+05 
2.23520224592158e+00 1.00000000000000e+05 
2.43733969254296e+00 1.00000000000000e+05 
2.63931827049832e+00 1.00000000000000e+05 
2.84120332396323e+00 1.00000000000000e+05 
3.04297858176904e+00 1.00000000000000e+05 
3.24460591464334e+00 1.00000000000000e+05 
3.44612291562131e+00 1.00000000000000e+05 
3.64760922308227e+00 1.00000000000000e+05 
3.84909249851467e+00 1.00000000000000e+05 
4.05064469773747e+00 1.00000000000000e+05 
4.25222294222906e+00 1.00000000000000e+05 
4.45380035517506e+00 1.00000000000000e+05 
4.65542063364273e+00 1.00000000000000e+05 
4.85715243419261e+00 1.00000000000000e+05 
5.05906045928525e+00 1.00000000000000e+05 
5.26119401899534e+00 1.00000000000000e+05 
5.46347898380931e+00 1.00000000000000e+05 
5.66591894484892e+00 1.00000000000000e+05 
5.86852800362132e+00 1.00000000000000e+05 
6.07136345597011e+00 1.00000000000000e+05 
6.27438265108359e+00 1.00000000000000e+05 
6.47752964045090e+00 1.00000000000000e+05 
6.68089073121200e+00 1.00000000000000e+05 
6.88429870550576e+00 1.00000000000000e+05 
7.08769636443068e+00 1.00000000000000e+05 
7.29110827962174e+00 1.00000000000000e+05 
7.49449373816632e+00 1.00000000000000e+05 
7.69790617884871e+00 1.00000000000000e+05 
7.90135044231191e+00 1.00000000000000e+05 
8.10473659770851e+00 1.00000000000000e+05 
8.30800948139133e+00 1.00000000000000e+05 
8.51115234273433e+00 1.00000000000000e+05 
8.71416193711340e+00 1.00000000000000e+05 
8.91719900347831e+00 1.00000000000000e+05 
9.12020204041872e+00 1.00000000000000e+05 
9.32319297435189e+00 1.00000000000000e+05 
9.52619174127014e+00 1.00000000000000e+05 
9.72921908834018e+00 1.00000000000000e+05 
9.93229912946381e+00 1.00000000000000e+05 
1.01354642235065e+01 1.00000000000000e+05 
1.03387225987006e+01 1.00000000000000e+05 
1.05420932760412e+01 1.00000000000000e+05 
1.07455601602491e+01 1.00000000000000e+05 
1.09490636153785e+01 1.00000000000000e+05 
1.11525952040860e+01 1.00000000000000e+05 
1.13559908728595e+01 1.00000000000000e+05 
1.15591577617810e+01 1.00000000000000e+05 
1.17622381240369e+01 1.00000000000000e+05 
1.19650888349948e+01 1.00000000000000e+05 
1.21677288877747e+01 1.00000000000000e+05 
1.23702013159276e+01 1.00000000000000e+05 
1.25725982340610e+01 1.00000000000000e+05 
1.27748516426287e+01 1.00000000000000e+05 
1.29769249867640e+01 1.00000000000000e+05 
1.31787998828658e+01 1.00000000000012e+05 
1.33806014179065e+01 1.00000000000285e+05 
1.35822734033907e+01 1.00000000031105e+05 
1.37839887339651e+01 1.00000000478674e+05 
1.39857022015949e+01 1.00000001177388e+05 
1.41874661286692e+01 1.00000002402748e+05 
1.43892101845392e+01 1.00000005603088e+05 
1.45910326674531e+01 1.00000011205909e+05 
1.47929375836209e+01 1.00000023519178e+05 
1.49949695660416e+01 1.00000049497600e+05 
1.51971475723012e+01 1.00000093359247e+05 
1.53995487529939e+01 1.00000157403359e+05 
1.56020957788436e+01 1.00000286923721e+05 
1.58048076652820e+01 1.00000473904096e+05 
1.60076888558614e+01 1.00000803184543e+05 
1.62106850728960e+01 1.00001356023437e+05 
1.64138636363558e+01 1.00002107353171e+05 
1.66171481416695e+01 1.00002946271417e+05 
1.68205318926791e+01 1.00004265255339e+05 
1.70239717971818e+01 1.00005871246641e+05 
1.72274242526830e+01 1.00008208988896e+05 
1.74308511498678e+01 1.00011328658859e+05 
1.76342505270569e+01 1.00014771580529e+05 
1.78376212420556e+01 1.00017425662629e+05 
1.80409883913594e+01 1.00020490142759e+05 
1.82443050346869e+01 1.00023643209610e+05 
1.84474327837354e+01 1.00027858941982e+05 
1.86505503053125e+01 1.00032277899575e+05 
1.88535932316970e+01 1.00036182564394e+05 
1.90565608622741e+01 1.00037261942604e+05 
1.92594853707276e+01 1.00037433749888e+05 
1.94623796526000e+01 1.00037448619186e+05 
1.96652593507810e+01 1.00038635808579e+05 
1.98682128225951e+01 1.00039415661925e+05 
2.00712299723808e+01 1.00039454419836e+05 
2.02743632772251e+01 1.00037136303262e+05 
2.04775974201162e+01 1.00033513144508e+05 
2.06808993432005e+01 1.00029906669282e+05 
2.08842816624739e+01 1.00027227770772e+05 
2.10877109245459e+01 1.00024437245864e+05 
2.12911865561413e+01 1.00021247162791e+05 
2.14946542636065e+01 1.00017592259346e+05 
2.16979483115182e+01 1.00013166063786e+05 
2.19009928614698e+01 1.00009083615755e+05 
2.21039017811684e+01 1.00005519515075e+05 
2.23066497283774e+01 1.00002857911160e+05 
2.25092177015210e+01 1.00000641602750e+05 
2.27116581345214e+01 9.99993032247167e+04 
2.29139334651086e+01 9.99978951970271e+04 
2.31160467477100e+01 9.99966496451185e+04 
2.33179868862948e+01 9.99952632974653e+04 
2.35199180822287e+01 9.99946610248877e+04 
2.37218051763256e+01 9.99939838846426e+04 
2.39236768880851e+01 9.99932569494291e+04 
2.41255552893581e+01 9.99916886031633e+04 
2.43274126484990e+01 9.99896649622647e+04 
2.45293056915018e+01 9.99865820150825e+04 
2.47312963943893e+01 9.99834176043374e+04 
2.49333962174227e+01 9.99800335370771e+04 
2.51357213393038e+01 9.99779075087518e+04 
2.53382018572701e+01 9.99757559207979e+04 
2.55408488073704e+01 9.99734924583011e+04 
2.57436471827663e+01 9.99700185012406e+04 
2.59465698142901e+01 9.99668684695862e+04 
2.61496583369765e+01 9.99638495080322e+04 
2.63529142216749e+01 9.99635996332336e+04 
2.65562742668140e+01 9.99640954227245e+04 
2.67596972761635e+01 9.99644929435251e+04 
2.69631506643780e+01 9.99636059876149e+04 
2.71666356359982e+01 9.99630541840587e+04 
2.73700949757860e+01 9.99628986428559e+04 
2.75735042909555e+01 9.99652368909879e+04 
2.77768698215134e+01 9.99686411274680e+04 
2.79801634091441e+01 9.99718765699361e+04 
2.81832311137916e+01 9.99740486366831e+04 
2.83862493691881e+01 9.99761380372006e+04 
2.85892005667304e+01 9.99783422317878e+04 
2.87920289759177e+01 9.99814507671298e+04 
2.89947855911169e+01 9.99853913112593e+04 
2.91974758167431e+01 9.99892259638686e+04 
2.94001081727549e+01 9.99929081900646e+04 
2.96028174869848e+01 9.99964450352406e+04 
2.98055746712193e+01 9.99999495837194e+04 
3.00084175396436e+01 1.00002848892506e+05 
3.02113309117389e+01 1.00006276894186e+05 
3.04143391710080e+01 1.00009748237441e+05 
3.06174347641709e+01 1.00014020103313e+05 
3.08206359225875e+01 1.00018144250273e+05 
3.10238921252226e+01 1.00021991742537e+05 
3.12271617071788e+01 1.00023754930848e+05 
3.14304933723914e+01 1.00025345141185e+05 
3.16338559333766e+01 1.00026987785300e+05 
3.18371697100234e+01 1.00029855600867e+05 
3.20402940171543e+01 1.00032422211162e+05 
3.22432411366959e+01 1.00034342750597e+05 
3.24460329241944e+01 1.00033578062778e+05 
3.26486468730478e+01 1.00031865851589e+05 
3.28510694083674e+01 1.00030092830770e+05 
3.30532799861897e+01 1.00029219968273e+05 
3.32554482102955e+01 1.00027862468375e+05 
3.34575453553804e+01 1.00025866043730e+05 
3.36595641500324e+01 1.00022448013768e+05 
3.38615486883824e+01 1.00017920814826e+05 
3.40634799904239e+01 1.00013279782925e+05 
3.42653996408576e+01 1.00008668768026e+05 
3.44673939566842e+01 1.00003788814942e+05 
3.46694612546547e+01 9.99986894319191e+04 
3.48717036107216e+01 9.99945407926759e+04 
3.50740862371626e+01 9.99898924679660e+04 
3.52766015885758e+01 9.99850955186119e+04 
3.54793183147402e+01 9.99793609396730e+04 
3.56821412870120e+01 9.99737982254167e+04 
3.58851172271814e+01 9.99685082101199e+04 
3.60883109456795e+01 9.99660743602159e+04 
3.62916365042183e+01 9.99640797737067e+04 
3.64950404477902e+01 9.99619585660856e+04 
3.66984690806315e+01 9.99585557282113e+04 
3.69019364923025e+01 9.99556431434217e+04 
3.71054357283456e+01 9.99534393561953e+04 
3.73088956361505e+01 9.99544127988655e+04 
3.75123241222096e+01 9.99565025020678e+04 
3.77157068996436e+01 9.99585350355094e+04 
3.79188884208807e+01 9.99597107303117e+04 
3.81219429731373e+01 9.99612749816386e+04 
3.83249696414713e+01 9.99635424735565e+04 
3.85278282028840e+01 9.99672983546247e+04 
3.87305789313831e+01 9.99721589563576e+04 
3.89332338669238e+01 9.99770808893942e+04 
3.91357862752962e+01 9.99821072787991e+04 
3.93384030966966e+01 9.99872725013798e+04 
3.95410271713939e+01 9.99928749826229e+04 
3.97436993424354e+01 9.99976308552217e+04 
3.99463921856252e+01 1.00002990195922e+05 
4.01491654750551e+01 1.00008556181342e+05 
4.03520289195442e+01 1.00015270123813e+05 
4.05550048910795e+01 1.00021891189581e+05 
4.07580864187294e+01 1.00028489286735e+05 
4.09612286775592e+01 1.00031908159992e+05 
4.11644223380052e+01 1.00034947831462e+05 
4.13676607110112e+01 1.00038159056170e+05 
4.15709452306063e+01 1.00042975130119e+05 
4.17742442700769e+01 1.00047584057134e+05 
4.19775135223546e+01 1.00051621754938e+05 
4.21806564457985e+01 1.00051493188383e+05 
4.23835704544603e+01 1.00050109055341e+05 
4.25863222546333e+01 1.00048774971685e+05 
4.27888279196484e+01 1.00048765387350e+05 
4.29912615982889e+01 1.00048415601848e+05 
4.31935852435500e+01 1.00047226781124e+05 
4.33957815205678e+01 1.00043211953076e+05 
4.35978979487543e+01 1.00037638569295e+05 
4.37999304200929e+01 1.00031872372617e+05 
4.40019076885360e+01 1.00026277511191e+05 
4.42039337320145e+01 1.00020502644005e+05 
4.44060001538986e+01 1.00014068909535e+05 
4.46081858574393e+01 1.00008128853808e+05 
4.48104711684930e+01 1.00001337102331e+05 
4.50128451538969e+01 9.99943859211712e+04 
4.52153736753591e+01 9.99863368969434e+04 
4.54180340147901e+01 9.99785787259688e+04 
4.56208710244056e+01 9.99708600927283e+04 
4.58239099702678e+01 9.99668806888189e+04 
4.60270996589638e+01 9.99632620258677e+04 
4.62304657697298e+01 9.99595075126710e+04 
4.64338688960506e+01 9.99539778979658e+04 
4.66373017077841e+01 9.99490677409783e+04 
4.68407572598015e+01 9.99448156005217e+04 
4.70442546395734e+01 9.99452612634971e+04 
4.72477386480636e+01 9.99469387892337e+04 
4.74511939246332e+01 9.99484245078987e+04 
4.76545330594890e+01 9.99482897155005e+04 
4.78577067285611e+01 9.99486117724749e+04 
4.80608753693268e+01 9.99496820321441e+04 
4.82638354697416e+01 9.99536798548392e+04 
4.84666467540706e+01 9.99589761858830e+04 
4.86693473168333e+01 9.99641943157859e+04 
4.88719019249858e+01 9.99687297377864e+04 
4.90745027720318e+01 9.99732600440663e+04 
4.92770764391171e+01 9.99782863639330e+04 
4.94796476958813e+01 9.99834624311033e+04 
4.96822204167646e+01 9.99895604392246e+04 
4.98848222239144e+01 9.99957621093101e+04 
5.00874761862161e+01 1.00002720120440e+05 
5.02902390157782e+01 1.00009415309856e+05 
5.04931165644340e+01 1.00016142384897e+05 
5.06960805910771e+01 1.00020203843941e+05 
5.08991333423157e+01 1.00024331077366e+05 
5.11022578645217e+01 1.00028634593221e+05 
5.13054423763076e+01 1.00034465727999e+05 
5.15086548546338e+01 1.00039842477697e+05 
5.17119065645690e+01 1.00044633701175e+05 
5.19151950423545e+01 1.00045206874894e+05 
5.21183745006488e+01 1.00044892851701e+05 
5.23214088774139e+01 1.00044671993308e+05 
5.25242324010963e+01 1.00046021075751e+05 
5.27269607076205e+01 1.00046881533499e+05 
5.29295441731976e+01 1.00046812703460e+05 
5.31319496968064e+01 1.00043463622588e+05 
5.33342472842059e+01 1.00038680360474e+05 
5.35364267211515e+01 1.00033742931836e+05 
5.37385040812235e+01 1.00029479490414e+05 
5.39406083094777e+01 1.00024889035556e+05 
5.41427161596012e+01 1.00019602517344e+05 
5.43448835302565e+01 1.00013959929884e+05 
5.45471108975266e+01 1.00007328037479e+05 
5.47493910082137e+01 1.00000556521174e+05 
5.49517879790564e+01 9.99931034591811e+04 
5.51543020530474e+01 9.99858627593687e+04 
5.53569745540088e+01 9.99786850727541e+04 
5.55598668189212e+01 9.99745188028181e+04 
5.57629126136038e+01 9.99704503886267e+04 
5.59661352293277e+01 9.99662780274803e+04 
5.61694921057413e+01 9.99605631279891e+04 
5.63728862466536e+01 9.99554727521222e+04 
5.65762995126502e+01 9.99510571843861e+04 
5.67797565324227e+01 9.99510167219424e+04 
5.69832411929876e+01 9.99519888056465e+04 
5.71867575597213e+01 9.99528080709144e+04 
5.73902142438224e+01 9.99519758953505e+04 
5.75935504013974e+01 9.99516422697773e+04 
5.77968428105782e+01 9.99521820759150e+04 
5.79999523007818e+01 9.99558306135446e+04 
5.82028720166861e+01 9.99607468091178e+04 
5.84056737401209e+01 9.99655847448088e+04 
5.86082924096970e+01 9.99695193499279e+04 
5.88109369357781e+01 9.99734877422341e+04 
5.90135188227780e+01 9.99780059744086e+04 
5.92160540509742e+01 9.99831283674969e+04 
5.94185604009779e+01 9.99891566346409e+04 
5.96210526984744e+01 9.99952874520554e+04 
5.98235501837237e+01 1.00001907358155e+05 
6.00261485722220e+01 1.00008245769748e+05 
6.02288361841210e+01 1.00014686411650e+05 
6.04316638201486e+01 1.00018922170140e+05 
6.06345686020863e+01 1.00023339635479e+05 
6.08375671479841e+01 1.00027945038786e+05 
6.10406211004055e+01 1.00034056621188e+05 
6.12437426280142e+01 1.00039674376582e+05 
6.14469164445446e+01 1.00044891766569e+05 
6.16501210676312e+01 1.00046031360355e+05 
6.18533579475247e+01 1.00046446033319e+05 
6.20566264173889e+01 1.00047031914878e+05 
6.22597817220211e+01 1.00049362264783e+05 
6.24627995534665e+01 1.00051237889054e+05 
6.26656673735378e+01 1.00052283193865e+05 
6.28683131616467e+01 1.00049496191481e+05 
6.30708195650471e+01 1.00045351647087e+05 
6.32731804840720e+01 1.00041201559939e+05 
6.34753919046854e+01 1.00038010266883e+05 
6.36776034541254e+01 1.00034531729695e+05 
6.38797873688976e+01 1.00030235705230e+05 
6.40819738273611e+01 1.00024561089476e+05 
6.42841784067253e+01 1.00017655791021e+05 
6.44863959670241e+01 1.00010619863620e+05 
6.46886801912706e+01 1.00003185209931e+05 
6.48910662140103e+01 9.99958917324678e+04 
6.50935819241049e+01 9.99884400808085e+04 
6.52963226964966e+01 9.99832026451681e+04 
6.54992405740070e+01 9.99778017719948e+04 
6.57023188561443e+01 9.99722753043484e+04 
6.59055500692646e+01 9.99652441051227e+04 
6.61089027901603e+01 9.99588959360772e+04 
6.63122766649993e+01 9.99530094003567e+04 
6.65156872049080e+01 9.99516211767810e+04 
6.67191280630788e+01 9.99511205246160e+04 
6.69226164912726e+01 9.99505108502522e+04 
6.71261325074319e+01 9.99481332967931e+04 
6.73296169036911e+01 9.99464088640387e+04 
6.75330252299440e+01 9.99455465476355e+04 
6.77363198433455e+01 9.99486836663406e+04 
6.79393888572186e+01 9.99531154487635e+04 
6.81423368894994e+01 9.99574038650195e+04 
6.83450708709156e+01 9.99604588242858e+04 
6.85478069710537e+01 9.99635558981445e+04 
6.87504560574697e+01 9.99672978302895e+04 
6.89530120509714e+01 9.99724799853225e+04 
6.91555074049377e+01 9.99787262202643e+04 
6.93579506481004e+01 9.99850298917575e+04 
6.95603538262472e+01 9.99914651326756e+04 
6.97628467070184e+01 9.99976262266284e+04 
6.99654031500043e+01 1.00004043612594e+05 
7.01680675370484e+01 1.00008985812198e+05 
7.03708128597538e+01 1.00014337618065e+05 
7.05736643918905e+01 1.00019870284862e+05 
7.07765856443493e+01 1.00026756495492e+05 
7.09796045256010e+01 1.00033058007976e+05 
7.11826613299295e+01 1.00039114084812e+05 
7.13857897479778e+01 1.00041285611097e+05 
7.15889661007472e+01 1.00042929468930e+05 
7.17921459341708e+01 1.00044796827244e+05 
7.19953726252105e+01 1.00048457595494e+05 
7.21985718027617e+01 1.00051566996045e+05 
7.24016476186381e+01 1.00053889886007e+05 
7.26045430537818e+01 1.00051978534548e+05 
7.28072213299480e+01 1.00048796153713e+05 
7.30097805999067e+01 1.00045700443060e+05 
7.32121446685061e+01 1.00043845326756e+05 
7.34144836407241e+01 1.00041632834694e+05 
7.36167644759561e+01 1.00038554883533e+05 
7.38189887804541e+01 1.00033257758772e+05 
7.40211919750683e+01 1.00026606386726e+05 
7.42233714635407e+01 1.00019889573010e+05 
7.44255673633598e+01 1.00013102220034e+05 
7.46278498585127e+01 1.00006360108220e+05 
7.48302306656735e+01 9.99992932111032e+04 
7.50327937384072e+01 9.99936065330932e+04 
7.52355063125583e+01 9.99874398044971e+04 
7.54383722282391e+01 9.99811770804315e+04 
7.56414216244544e+01 9.99736273976938e+04 
7.58445981321123e+01 9.99667333498202e+04 
7.60479184214261e+01 9.99601902277899e+04 
7.62512929186171e+01 9.99578132711784e+04 
7.64546964242765e+01 9.99560749838412e+04 
7.66581350680706e+01 9.99541691406374e+04 
7.68616010200597e+01 9.99504664945511e+04 
7.70651079936182e+01 9.99474603289752e+04 
7.72686113724331e+01 9.99453460754691e+04 
7.74720611152207e+01 9.99475659946571e+04 
7.76753133911698e+01 9.99510885560776e+04 
7.78784461857672e+01 9.99544183984440e+04 
7.80813340565300e+01 9.99563452433385e+04 
7.82841986758304e+01 9.99584689871088e+04 
7.84869562928645e+01 9.99613360004354e+04 
7.86895714902216e+01 9.99663134584610e+04 
7.88920942905549e+01 9.99724307468974e+04 
7.90945315913393e+01 9.99785162341007e+04 
7.92968840114831e+01 9.99843814614381e+04 
7.94993122078064e+01 9.99900230911189e+04 
7.97017694779022e+01 9.99960346825507e+04 
7.99042936798559e+01 1.00001182654478e+05 
8.01068697501696e+01 1.00006946137675e+05 
8.03095192442820e+01 1.00012854299205e+05 
8.05122783411067e+01 1.00019885914587e+05 
8.07151532943511e+01 1.00026378510732e+05 
8.09180874917751e+01 1.00032710850201e+05 
8.11211009470289e+01 1.00035581394744e+05 
8.13241348982823e+01 1.00038113355094e+05 
8.15272528948804e+01 1.00040864311464e+05 
8.17303892546740e+01 1.00045383479126e+05 
8.19335573112213e+01 1.00049297422582e+05 
8.21368014274263e+01 1.00052538392333e+05 
8.23398733234911e+01 1.00051482125393e+05 
8.25427383975605e+01 1.00049315085516e+05 
8.27454995878572e+01 1.00047318801436e+05 
8.29480798671471e+01 1.00046812739746e+05 
8.31506062535737e+01 1.00045802296761e+05 
8.33530393401760e+01 1.00043960792213e+05 
8.35553612257224e+01 1.00039333200027e+05 
8.37576211955306e+01 1.00033308987127e+05 
8.39598226381276e+01 1.00027239814611e+05 
8.41619894017817e+01 1.00021438928651e+05 
8.43642239682605e+01 1.00015515791463e+05 
8.45665203012387e+01 1.00009116896007e+05 
8.47689483564908e+01 1.00003317015746e+05 
8.49714940232389e+01 9.99968382637580e+04 
8.51741579640687e+01 9.99902862459285e+04 
8.53769978718437e+01 9.99826884417932e+04 
8.55799804902041e+01 9.99756173022739e+04 
8.57831240408108e+01 9.99687350667584e+04 
8.59864536951827e+01 9.99654424764936e+04 
8.61898160798553e+01 9.99625453513575e+04 
8.63932062744392e+01 9.99595081055160e+04 
8.65966229319829e+01 9.99547412231271e+04 
8.68000940443101e+01 9.99507115618922e+04 
8.70035825837327e+01 9.99474669893114e+04 
8.72070843440491e+01 9.99486456759450e+04 
8.74105419344450e+01 9.99510265314287e+04 
8.76138267437083e+01 9.99532321924387e+04 
8.78169205534772e+01 9.99538572382970e+04 
8.80199632675196e+01 9.99549128739158e+04 
8.82228781681249e+01 9.99566963896321e+04 
8.84256106973253e+01 9.99611359029921e+04 
8.86282246424383e+01 9.99667872495383e+04 
8.88307219110573e+01 9.99723724486697e+04 
8.90330924047535e+01 9.99774499869264e+04 
8.92355207597714e+01 9.99824426072961e+04 
8.94379379157647e+01 9.99879037408177e+04 
8.96403799089431e+01 9.99931458286451e+04 
8.98428436218644e+01 9.99991417133586e+04 
9.00453482475632e+01 1.00005282160069e+05 
9.02479204282358e+01 1.00012325980259e+05 
9.04506070166489e+01 1.00018935029252e+05 
9.06534221098573e+01 1.00025516134598e+05 
9.08563074156330e+01 1.00029097133120e+05 
9.10592331034942e+01 1.00032525774109e+05 
9.12622364660194e+01 1.00036170055270e+05 
9.14653252837018e+01 1.00041552293449e+05 
9.16684271913442e+01 1.00046325378553e+05 
9.18715866137494e+01 1.00050543620647e+05 
9.20747842683971e+01 1.00050416991994e+05 
9.22778651165516e+01 1.00049301211456e+05 
9.24808149399466e+01 1.00048415551504e+05 
9.26836400845213e+01 1.00049130020339e+05 
9.28863873614108e+01 1.00049329739792e+05 
9.30890085767134e+01 1.00048653155335e+05 
9.32914663544503e+01 1.00044726945654e+05 
9.34938317764641e+01 1.00039329724540e+05 
9.36961022577806e+01 1.00033868954302e+05 
9.38982898525573e+01 1.00029037330089e+05 
9.41005250280928e+01 1.00023979875642e+05 
9.43027848548941e+01 1.00018300965739e+05 
9.45051224941694e+01 1.00012424358862e+05 
9.47075391235569e+01 1.00005640820947e+05 
9.49100356403763e+01 9.99987721472624e+04 
9.51126679959551e+01 9.99910912044499e+04 
9.53154338342254e+01 9.99838000953716e+04 
9.55183731288411e+01 9.99765513880145e+04 
9.57215113888919e+01 9.99724002636417e+04 
9.59247849047671e+01 9.99684137890626e+04 
9.61281201802749e+01 9.99643063687188e+04 
9.63314994562056e+01 9.99585118654915e+04 
9.65349076935859e+01 9.99534651408280e+04 
9.67383385387505e+01 9.99490807813853e+04 
9.69418207081187e+01 9.99492605862129e+04 
9.71453287818878e+01 9.99505541208221e+04 
9.73487757563585e+01 9.99516526684486e+04 
9.75521003395735e+01 9.99510783456993e+04 
9.77553203876417e+01 9.99510307964222e+04 
9.79584256456356e+01 9.99518252201284e+04 
9.81613154578645e+01 9.99557535868121e+04 
9.83640728139437e+01 9.99610009680457e+04 
9.85666800715794e+01 9.99661901216066e+04 
9.87691229821461e+01 9.99705236061635e+04 
9.89716027992200e+01 9.99748496454964e+04 
9.91740397132955e+01 9.99797222406127e+04 
9.93764536462670e+01 9.99850796390123e+04 
9.95788576239822e+01 9.99913366487436e+04 
9.97812656950711e+01 9.99976997838533e+04 
9.99837025244658e+01 1.00004694400788e+05 
1.00186246746907e+02 1.00011290187640e+05 
