# Liste des scalaires : TEMPS pmat 
0.00000000000000e+00 1.00000000000000e+05 
2.04081632653061e-01 1.00000000000000e+05 
4.08042165141975e-01 1.00000000000000e+05 
6.11832106953319e-01 1.00000000000000e+05 
8.15421737498182e-01 1.00000000000000e+05 
1.01884831470558e+00 1.00000000000000e+05 
1.22207818930831e+00 1.00000000000000e+05 
1.42513098547652e+00 1.00000000000000e+05 
1.62798725493260e+00 1.00000000000000e+05 
1.83053493087979e+00 1.00000000000000e+05 
2.03291905653503e+00 1.00000000000000e+05 
2.23520224592158e+00 1.00000000000000e+05 
2.43733969254296e+00 1.00000000000000e+05 
2.63931827049832e+00 1.00000000000000e+05 
2.84120332396323e+00 1.00000000000000e+05 
3.04297858176904e+00 1.00000000000000e+05 
3.24460591464334e+00 1.00000000000000e+05 
3.44612291562131e+00 1.00000000000000e+05 
3.64760922308227e+00 1.00000000000000e+05 
3.84909249851467e+00 1.00000000000000e+05 
4.05064469773747e+00 1.00000000000000e+05 
4.25222294222906e+00 1.00000000000000e+05 
4.45380035517506e+00 1.00000000000000e+05 
4.65542063364273e+00 1.00000000000000e+05 
4.85715243419261e+00 1.00000000000000e+05 
5.05906045928525e+00 1.00000000000000e+05 
5.26119401899534e+00 1.00000000000000e+05 
5.46347898380931e+00 1.00000000000000e+05 
5.66591894484892e+00 1.00000000000000e+05 
5.86852800362132e+00 1.00000000000000e+05 
6.07136345597011e+00 1.00000000000000e+05 
6.27438265108359e+00 1.00000000000000e+05 
6.47752964045090e+00 1.00000000000000e+05 
6.68089073121200e+00 1.00000000000000e+05 
6.88429870550576e+00 1.00000000000000e+05 
7.08769636443068e+00 1.00000000000000e+05 
7.29110827962174e+00 1.00000000000000e+05 
7.49449373816632e+00 1.00000000000000e+05 
7.69790617884871e+00 1.00000000000000e+05 
7.90135044231191e+00 1.00000000000000e+05 
8.10473659770851e+00 1.00000000000000e+05 
8.30800948139133e+00 1.00000000000000e+05 
8.51115234273433e+00 1.00000000000000e+05 
8.71416193711340e+00 1.00000000000000e+05 
8.91719900347831e+00 1.00000000000000e+05 
9.12020204041872e+00 1.00000000000000e+05 
9.32319297435189e+00 1.00000000000000e+05 
9.52619174127014e+00 1.00000000000000e+05 
9.72921908834018e+00 1.00000000000000e+05 
9.93229912946381e+00 1.00000000000000e+05 
1.01354642235065e+01 1.00000000000000e+05 
1.03387225987006e+01 1.00000000000000e+05 
1.05420932760412e+01 1.00000000000000e+05 
1.07455601602491e+01 1.00000000000000e+05 
1.09490636153785e+01 1.00000000000000e+05 
1.11525952040860e+01 1.00000000000000e+05 
1.13559908728595e+01 1.00000000000000e+05 
1.15591577617810e+01 1.00000000000000e+05 
1.17622381240369e+01 1.00000000000000e+05 
1.19650888349948e+01 1.00000000000000e+05 
1.21677288877747e+01 1.00000000000000e+05 
1.23702013159276e+01 1.00000000000000e+05 
1.25725982340610e+01 1.00000000000000e+05 
1.27748516426287e+01 1.00000000000000e+05 
1.29769249867640e+01 1.00000000000000e+05 
1.31787998828658e+01 1.00000000000000e+05 
1.33806014179065e+01 1.00000000000000e+05 
1.35822734033907e+01 1.00000000000000e+05 
1.37839887339651e+01 1.00000000000000e+05 
1.39857022015949e+01 1.00000000000000e+05 
1.41874661286692e+01 1.00000000000000e+05 
1.43892101845392e+01 1.00000000000000e+05 
1.45910326674531e+01 1.00000000000000e+05 
1.47929375836209e+01 1.00000000000000e+05 
1.49949695660416e+01 1.00000000000000e+05 
1.51971475723012e+01 1.00000000000000e+05 
1.53995487529939e+01 1.00000000000000e+05 
1.56020957788436e+01 1.00000000000000e+05 
1.58048076652820e+01 1.00000000000000e+05 
1.60076888558614e+01 1.00000000000000e+05 
1.62106850728960e+01 1.00000000000000e+05 
1.64138636363558e+01 1.00000000000000e+05 
1.66171481416695e+01 1.00000000000000e+05 
1.68205318926791e+01 1.00000000000000e+05 
1.70239717971818e+01 1.00000000000000e+05 
1.72274242526830e+01 1.00000000000000e+05 
1.74308511498678e+01 1.00000000000000e+05 
1.76342505270569e+01 1.00000000000000e+05 
1.78376212420556e+01 1.00000000000000e+05 
1.80409883913594e+01 1.00000000000000e+05 
1.82443050346869e+01 1.00000000000000e+05 
1.84474327837354e+01 1.00000000000000e+05 
1.86505503053125e+01 1.00000000000000e+05 
1.88535932316970e+01 1.00000000000000e+05 
1.90565608622741e+01 1.00000000000000e+05 
1.92594853707276e+01 1.00000000000000e+05 
1.94623796526000e+01 1.00000000000000e+05 
1.96652593507810e+01 1.00000000000000e+05 
1.98682128225951e+01 1.00000000000000e+05 
2.00712299723808e+01 1.00000000000000e+05 
2.02743632772251e+01 1.00000000000000e+05 
2.04775974201162e+01 1.00000000000000e+05 
2.06808993432005e+01 1.00000000000000e+05 
2.08842816624739e+01 1.00000000000000e+05 
2.10877109245459e+01 1.00000000000000e+05 
2.12911865561413e+01 1.00000000000000e+05 
2.14946542636065e+01 1.00000000000000e+05 
2.16979483115182e+01 1.00000000000000e+05 
2.19009928614698e+01 1.00000000000000e+05 
2.21039017811684e+01 1.00000000000000e+05 
2.23066497283774e+01 1.00000000000000e+05 
2.25092177015210e+01 1.00000000000000e+05 
2.27116581345214e+01 1.00000000000000e+05 
2.29139334651086e+01 1.00000000000000e+05 
2.31160467477100e+01 1.00000000000000e+05 
2.33179868862948e+01 1.00000000000000e+05 
2.35199180822287e+01 1.00000000000000e+05 
2.37218051763256e+01 1.00000000000000e+05 
2.39236768880851e+01 1.00000000000000e+05 
2.41255552893581e+01 1.00000000000000e+05 
2.43274126484990e+01 1.00000000000000e+05 
2.45293056915018e+01 1.00000000000000e+05 
2.47312963943893e+01 1.00000000000000e+05 
2.49333962174227e+01 1.00000000000000e+05 
2.51357213393038e+01 1.00000000000000e+05 
2.53382018572701e+01 1.00000000000000e+05 
2.55408488073704e+01 1.00000000000000e+05 
2.57436471827663e+01 1.00000000000000e+05 
2.59465698142901e+01 1.00000000000000e+05 
2.61496583369765e+01 1.00000000000000e+05 
2.63529142216749e+01 1.00000000000000e+05 
2.65562742668140e+01 1.00000000000000e+05 
2.67596972761635e+01 1.00000000000000e+05 
2.69631506643780e+01 1.00000000000000e+05 
2.71666356359982e+01 1.00000000000000e+05 
2.73700949757860e+01 1.00000000000000e+05 
2.75735042909555e+01 1.00000000000000e+05 
2.77768698215134e+01 1.00000000000000e+05 
2.79801634091441e+01 1.00000000000000e+05 
2.81832311137916e+01 1.00000000000000e+05 
2.83862493691881e+01 1.00000000000000e+05 
2.85892005667304e+01 1.00000000000000e+05 
2.87920289759177e+01 1.00000000000000e+05 
2.89947855911169e+01 1.00000000000000e+05 
2.91974758167431e+01 1.00000000000000e+05 
2.94001081727549e+01 1.00000000000000e+05 
2.96028174869848e+01 1.00000000000000e+05 
2.98055746712193e+01 1.00000000000000e+05 
3.00084175396436e+01 1.00000000000000e+05 
3.02113309117389e+01 1.00000000000000e+05 
3.04143391710080e+01 1.00000000000000e+05 
3.06174347641709e+01 1.00000000000000e+05 
3.08206359225875e+01 1.00000000000000e+05 
3.10238921252226e+01 1.00000000000000e+05 
3.12271617071788e+01 1.00000000000000e+05 
3.14304933723914e+01 1.00000000000000e+05 
3.16338559333766e+01 1.00000000000000e+05 
3.18371697100234e+01 1.00000000000000e+05 
3.20402940171543e+01 1.00000000000000e+05 
3.22432411366959e+01 1.00000000000000e+05 
3.24460329241944e+01 1.00000000000000e+05 
3.26486468730478e+01 1.00000000000000e+05 
3.28510694083674e+01 1.00000000000000e+05 
3.30532799861897e+01 1.00000000000000e+05 
3.32554482102955e+01 1.00000000000000e+05 
3.34575453553804e+01 1.00000000000000e+05 
3.36595641500324e+01 1.00000000000000e+05 
3.38615486883824e+01 1.00000000000000e+05 
3.40634799904239e+01 1.00000000000000e+05 
3.42653996408576e+01 1.00000000000000e+05 
3.44673939566842e+01 1.00000000000000e+05 
3.46694612546547e+01 1.00000000000000e+05 
3.48717036107216e+01 1.00000000000000e+05 
3.50740862371626e+01 1.00000000000000e+05 
3.52766015885758e+01 1.00000000000000e+05 
3.54793183147402e+01 1.00000000000000e+05 
3.56821412870120e+01 1.00000000000000e+05 
3.58851172271814e+01 1.00000000000000e+05 
3.60883109456795e+01 1.00000000000003e+05 
3.62916365042183e+01 1.00000000000018e+05 
3.64950404477902e+01 1.00000000000060e+05 
3.66984690806315e+01 1.00000000000132e+05 
3.69019364923025e+01 1.00000000010698e+05 
3.71054357283456e+01 1.00000000267300e+05 
3.73088956361505e+01 1.00000000719596e+05 
3.75123241222096e+01 1.00000001170199e+05 
3.77157068996436e+01 1.00000002018059e+05 
3.79188884208807e+01 1.00000003329011e+05 
3.81219429731373e+01 1.00000005900439e+05 
3.83249696414713e+01 1.00000010015717e+05 
3.85278282028840e+01 1.00000016522570e+05 
3.87305789313831e+01 1.00000026075771e+05 
3.89332338669238e+01 1.00000040869946e+05 
3.91357862752962e+01 1.00000064160988e+05 
3.93384030966966e+01 1.00000101892663e+05 
3.95410271713939e+01 1.00000155916992e+05 
3.97436993424354e+01 1.00000231534605e+05 
3.99463921856252e+01 1.00000330427027e+05 
4.01491654750551e+01 1.00000467485859e+05 
4.03520289195442e+01 1.00000658141860e+05 
4.05550048910795e+01 1.00000928314267e+05 
4.07580864187294e+01 1.00001268754510e+05 
4.09612286775592e+01 1.00001685170407e+05 
4.11644223380052e+01 1.00002163764423e+05 
4.13676607110112e+01 1.00002733794231e+05 
4.15709452306063e+01 1.00003415455453e+05 
4.17742442700769e+01 1.00004236230480e+05 
4.19775135223546e+01 1.00005124709352e+05 
4.21806564457985e+01 1.00006043502737e+05 
4.23835704544603e+01 1.00006936379754e+05 
4.25863222546333e+01 1.00007805742342e+05 
4.27888279196484e+01 1.00008667270022e+05 
4.29912615982889e+01 1.00009516841095e+05 
4.31935852435500e+01 1.00010275600013e+05 
4.33957815205678e+01 1.00010870926547e+05 
4.35978979487543e+01 1.00011293790449e+05 
4.37999304200929e+01 1.00011552819834e+05 
4.40019076885360e+01 1.00011691157116e+05 
4.42039337320145e+01 1.00011708148732e+05 
4.44060001538986e+01 1.00011577156346e+05 
4.46081858574393e+01 1.00011239698839e+05 
4.48104711684930e+01 1.00010756154394e+05 
4.50128451538969e+01 1.00010178553797e+05 
4.52153736753591e+01 1.00009532720046e+05 
4.54180340147901e+01 1.00008811532521e+05 
4.56208710244056e+01 1.00007985549513e+05 
4.58239099702678e+01 1.00007012584482e+05 
4.60270996589638e+01 1.00005996143175e+05 
4.62304657697298e+01 1.00004965441973e+05 
4.64338688960506e+01 1.00003926442685e+05 
4.66373017077841e+01 1.00002866801755e+05 
4.68407572598015e+01 1.00001741705935e+05 
4.70442546395734e+01 1.00000531011979e+05 
4.72477386480636e+01 9.99993116180689e+04 
4.74511939246332e+01 9.99980880805878e+04 
4.76545330594890e+01 9.99968894729765e+04 
4.78577067285611e+01 9.99957167232197e+04 
4.80608753693268e+01 9.99945963851207e+04 
4.82638354697416e+01 9.99935584907399e+04 
4.84666467540706e+01 9.99926662727451e+04 
4.86693473168333e+01 9.99918830298156e+04 
4.88719019249858e+01 9.99912504367231e+04 
4.90745027720318e+01 9.99908291903071e+04 
4.92770764391171e+01 9.99906187997338e+04 
4.94796476958813e+01 9.99906665085442e+04 
4.96822204167646e+01 9.99909317645776e+04 
4.98848222239144e+01 9.99913392377680e+04 
5.00874761862161e+01 9.99919162473674e+04 
5.02902390157782e+01 9.99927073752794e+04 
5.04931165644340e+01 9.99936935465953e+04 
5.06960805910771e+01 9.99948455749310e+04 
5.08991333423157e+01 9.99960400035247e+04 
5.11022578645217e+01 9.99972047112556e+04 
5.13054423763076e+01 9.99983257064792e+04 
5.15086548546338e+01 9.99994226696667e+04 
5.17119065645690e+01 1.00000503791345e+05 
5.19151950423545e+01 1.00001541117862e+05 
5.21183745006488e+01 1.00002438094855e+05 
5.23214088774139e+01 1.00003143372630e+05 
5.25242324010963e+01 1.00003651008868e+05 
5.27269607076205e+01 1.00003969574770e+05 
5.29295441731976e+01 1.00004155365940e+05 
5.31319496968064e+01 1.00004201471508e+05 
5.33342472842059e+01 1.00004151822474e+05 
5.35364267211515e+01 1.00004034960063e+05 
5.37385040812235e+01 1.00003832334522e+05 
5.39406083094777e+01 1.00003486785226e+05 
5.41427161596012e+01 1.00003069048161e+05 
5.43448835302565e+01 1.00002568383224e+05 
5.45471108975266e+01 1.00002090823848e+05 
5.47493910082137e+01 1.00001666913156e+05 
5.49517879790564e+01 1.00001245132826e+05 
5.51543020530474e+01 1.00000742209933e+05 
5.53569745540088e+01 1.00000157838174e+05 
5.55598668189212e+01 9.99995010117468e+04 
5.57629126136038e+01 9.99988632570436e+04 
5.59661352293277e+01 9.99982647044492e+04 
5.61694921057413e+01 9.99976619263158e+04 
5.63728862466536e+01 9.99970114755909e+04 
5.65762995126502e+01 9.99963315216269e+04 
5.67797565324227e+01 9.99956741820844e+04 
5.69832411929876e+01 9.99950938104180e+04 
5.71867575597213e+01 9.99946106737253e+04 
5.73902142438224e+01 9.99941912858143e+04 
5.75935504013974e+01 9.99938628913073e+04 
5.77968428105782e+01 9.99936284660610e+04 
5.79999523007818e+01 9.99935361723019e+04 
5.82028720166861e+01 9.99935790171972e+04 
5.84056737401209e+01 9.99937174465113e+04 
5.86082924096970e+01 9.99939311393291e+04 
5.88109369357781e+01 9.99942646271756e+04 
5.90135188227780e+01 9.99947026436051e+04 
5.92160540509742e+01 9.99952625686886e+04 
5.94185604009779e+01 9.99958714448211e+04 
5.96210526984744e+01 9.99964851062227e+04 
5.98235501837237e+01 9.99970916226692e+04 
6.00261485722220e+01 9.99977329387252e+04 
6.02288361841210e+01 9.99984063340703e+04 
6.04316638201486e+01 9.99991264913720e+04 
6.06345686020863e+01 9.99998397144692e+04 
6.08375671479841e+01 1.00000504645677e+05 
6.10406211004055e+01 1.00001127309980e+05 
6.12437426280142e+01 1.00001713145017e+05 
6.14469164445446e+01 1.00002268363478e+05 
6.16501210676312e+01 1.00002778987073e+05 
6.18533579475247e+01 1.00003221860634e+05 
6.20566264173889e+01 1.00003567129111e+05 
6.22597817220211e+01 1.00003811036721e+05 
6.24627995534665e+01 1.00003905703816e+05 
6.26656673735378e+01 1.00003859411878e+05 
6.28683131616467e+01 1.00003670281558e+05 
6.30708195650471e+01 1.00003379870399e+05 
6.32731804840720e+01 1.00003018134770e+05 
6.34753919046854e+01 1.00002563702925e+05 
6.36776034541254e+01 1.00001937677358e+05 
6.38797873688976e+01 1.00001165929999e+05 
6.40819738273611e+01 1.00000266314709e+05 
6.42841784067253e+01 9.99993067812821e+04 
6.44863959670241e+01 9.99983382123367e+04 
6.46886801912706e+01 9.99973543956669e+04 
6.48910662140103e+01 9.99963243210119e+04 
6.50935819241049e+01 9.99953036051613e+04 
6.52963226964966e+01 9.99943159275108e+04 
6.54992405740070e+01 9.99933940763839e+04 
6.57023188561443e+01 9.99925511374713e+04 
6.59055500692646e+01 9.99917704953119e+04 
6.61089027901603e+01 9.99910539534513e+04 
6.63122766649993e+01 9.99904571866105e+04 
6.65156872049080e+01 9.99900057719270e+04 
6.67191280630788e+01 9.99896617390494e+04 
6.69226164912726e+01 9.99894267556103e+04 
6.71261325074319e+01 9.99892825939700e+04 
6.73296169036911e+01 9.99892923702261e+04 
6.75330252299440e+01 9.99895007472228e+04 
6.77363198433455e+01 9.99899341744621e+04 
6.79393888572186e+01 9.99905126300872e+04 
6.81423368894994e+01 9.99912015520098e+04 
6.83450708709156e+01 9.99920083854233e+04 
6.85478069710537e+01 9.99929907862922e+04 
6.87504560574697e+01 9.99941472678314e+04 
6.89530120509714e+01 9.99954725137414e+04 
6.91555074049377e+01 9.99968732387398e+04 
6.93579506481004e+01 9.99983053620956e+04 
6.95603538262472e+01 9.99997686318764e+04 
6.97628467070184e+01 1.00001276150404e+05 
6.99654031500043e+01 1.00002791339272e+05 
7.01680675370484e+01 1.00004297152927e+05 
7.03708128597538e+01 1.00005720006716e+05 
7.05736643918905e+01 1.00007041825122e+05 
7.07765856443493e+01 1.00008263492607e+05 
7.09796045256010e+01 1.00009343640646e+05 
7.11826613299295e+01 1.00010227005701e+05 
7.13857897479778e+01 1.00010885233400e+05 
7.15889661007472e+01 1.00011372615333e+05 
7.17921459341708e+01 1.00011692396975e+05 
7.19953726252105e+01 1.00011856447931e+05 
7.21985718027617e+01 1.00011783124252e+05 
7.24016476186381e+01 1.00011432664535e+05 
7.26045430537818e+01 1.00010796674569e+05 
7.28072213299480e+01 1.00009999655247e+05 
7.30097805999067e+01 1.00009129774674e+05 
7.32121446685061e+01 1.00008168114991e+05 
7.34144836407241e+01 1.00007060562803e+05 
7.36167644759561e+01 1.00005804839644e+05 
7.38189887804541e+01 1.00004384162809e+05 
7.40211919750683e+01 1.00002919992063e+05 
7.42233714635407e+01 1.00001469602485e+05 
7.44255673633598e+01 1.00000022585457e+05 
7.46278498585127e+01 9.99985806556967e+04 
7.48302306656735e+01 9.99971677710302e+04 
7.50327937384072e+01 9.99957740143752e+04 
7.52355063125583e+01 9.99944552445657e+04 
7.54383722282391e+01 9.99932139881938e+04 
7.56414216244544e+01 9.99920440443387e+04 
7.58445981321123e+01 9.99910035415431e+04 
7.60479184214261e+01 9.99901484489600e+04 
7.62512929186171e+01 9.99895002586197e+04 
7.64546964242765e+01 9.99889997641962e+04 
7.66581350680706e+01 9.99886239189532e+04 
7.68616010200597e+01 9.99883653752111e+04 
7.70651079936182e+01 9.99883084393806e+04 
7.72686113724331e+01 9.99884972132622e+04 
7.74720611152207e+01 9.99889583771259e+04 
7.76753133911698e+01 9.99895567047732e+04 
7.78784461857672e+01 9.99902319318777e+04 
7.80813340565300e+01 9.99910014519076e+04 
7.82841986758304e+01 9.99919251693712e+04 
7.84869562928645e+01 9.99930171356691e+04 
7.86895714902216e+01 9.99943045477197e+04 
7.88920942905549e+01 9.99956652671788e+04 
7.90945315913393e+01 9.99970245789773e+04 
7.92968840114831e+01 9.99984038088997e+04 
7.94993122078064e+01 9.99998048999507e+04 
7.97017694779022e+01 1.00001199681291e+05 
7.99042936798559e+01 1.00002606323443e+05 
8.01068697501696e+01 1.00003956977612e+05 
8.03095192442820e+01 1.00005240702070e+05 
8.05122783411067e+01 1.00006458757636e+05 
8.07151532943511e+01 1.00007527548013e+05 
8.09180874917751e+01 1.00008395250935e+05 
8.11211009470289e+01 1.00009055909641e+05 
8.13241348982823e+01 1.00009572356815e+05 
8.15272528948804e+01 1.00009981688230e+05 
8.17303892546740e+01 1.00010301403886e+05 
8.19335573112213e+01 1.00010412836695e+05 
8.21368014274263e+01 1.00010250574122e+05 
8.23398733234911e+01 1.00009809752934e+05 
8.25427383975605e+01 1.00009217529825e+05 
8.27454995878572e+01 1.00008565197098e+05 
8.29480798671471e+01 1.00007852223937e+05 
8.31506062535737e+01 1.00007010060416e+05 
8.33530393401760e+01 1.00006018522372e+05 
8.35553612257224e+01 1.00004853263352e+05 
8.37576211955306e+01 1.00003613375263e+05 
8.39598226381276e+01 1.00002375411360e+05 
8.41619894017817e+01 1.00001140737674e+05 
8.43642239682605e+01 9.99999155661242e+04 
8.45665203012387e+01 9.99987258019097e+04 
8.47689483564908e+01 9.99975415893738e+04 
8.49714940232389e+01 9.99963909410178e+04 
8.51741579640687e+01 9.99952810794800e+04 
8.53769978718437e+01 9.99942001554656e+04 
8.55799804902041e+01 9.99932276718704e+04 
8.57831240408108e+01 9.99924123961347e+04 
8.59864536951827e+01 9.99917458386684e+04 
8.61898160798553e+01 9.99911756318972e+04 
8.63932062744392e+01 9.99906497285580e+04 
8.65966229319829e+01 9.99901687780621e+04 
8.68000940443101e+01 9.99898485864927e+04 
8.70035825837327e+01 9.99897745263140e+04 
8.72070843440491e+01 9.99899487503328e+04 
8.74105419344450e+01 9.99902661747583e+04 
8.76138267437083e+01 9.99906550750039e+04 
8.78169205534772e+01 9.99911048619501e+04 
8.80199632675196e+01 9.99917068217351e+04 
8.82228781681249e+01 9.99924981872426e+04 
8.84256106973253e+01 9.99935098004346e+04 
8.86282246424383e+01 9.99946338976015e+04 
8.88307219110573e+01 9.99957913363933e+04 
8.90330924047535e+01 9.99969760461031e+04 
8.92355207597714e+01 9.99981980158279e+04 
8.94379379157647e+01 9.99994402000509e+04 
8.96403799089431e+01 1.00000735351621e+05 
8.98428436218644e+01 1.00002026371776e+05 
9.00453482475632e+01 1.00003290058648e+05 
9.02479204282358e+01 1.00004527537509e+05 
9.04506070166489e+01 1.00005654905237e+05 
9.06534221098573e+01 1.00006620565620e+05 
9.08563074156330e+01 1.00007438908843e+05 
9.10592331034942e+01 1.00008140014193e+05 
9.12622364660194e+01 1.00008761110222e+05 
9.14653252837018e+01 1.00009314098233e+05 
9.16684271913442e+01 1.00009673034342e+05 
9.18715866137494e+01 1.00009766285976e+05 
9.20747842683971e+01 1.00009590504456e+05 
9.22778651165516e+01 1.00009246412542e+05 
9.24808149399466e+01 1.00008819919418e+05 
9.26836400845213e+01 1.00008321274947e+05 
9.28863873614108e+01 1.00007657845866e+05 
9.30890085767134e+01 1.00006810139266e+05 
9.32914663544503e+01 1.00005757490542e+05 
9.34938317764641e+01 1.00004606382645e+05 
9.36961022577806e+01 1.00003446049685e+05 
9.38982898525573e+01 1.00002281087837e+05 
9.41005250280928e+01 1.00001101294224e+05 
9.43027848548941e+01 9.99999250221244e+04 
9.45051224941694e+01 9.99987191905478e+04 
9.47075391235569e+01 9.99975299635041e+04 
9.49100356403763e+01 9.99963784261298e+04 
9.51126679959551e+01 9.99952563364572e+04 
9.53154338342254e+01 9.99942331488712e+04 
9.55183731288411e+01 9.99933489320241e+04 
9.57215113888919e+01 9.99925831924827e+04 
9.59247849047671e+01 9.99919029664079e+04 
9.61281201802749e+01 9.99912687728262e+04 
9.63314994562056e+01 9.99906778165087e+04 
9.65349076935859e+01 9.99902357792248e+04 
9.67383385387505e+01 9.99900288372028e+04 
9.69418207081187e+01 9.99900532129955e+04 
9.71453287818878e+01 9.99902075303510e+04 
9.73487757563585e+01 9.99904245024258e+04 
9.75521003395735e+01 9.99907093466585e+04 
9.77553203876417e+01 9.99911569044466e+04 
9.79584256456356e+01 9.99918096166145e+04 
9.81613154578645e+01 9.99926904245520e+04 
9.83640728139437e+01 9.99936914448042e+04 
9.85666800715794e+01 9.99947275837066e+04 
9.87691229821461e+01 9.99958021056687e+04 
9.89716027992200e+01 9.99969488808689e+04 
9.91740397132955e+01 9.99981549427831e+04 
9.93764536462670e+01 9.99994524366542e+04 
9.95788576239822e+01 1.00000770598727e+05 
9.97812656950711e+01 1.00002074762550e+05 
9.99837025244658e+01 1.00003368494672e+05 
1.00186246746907e+02 1.00004591719322e+05 
