# Liste des scalaires : TEMPS pmat 
0.00000000000000e+00 1.00000000000000e+05 
2.04081632653061e-01 1.00000000000000e+05 
4.08042165141975e-01 1.00000000000000e+05 
6.11832106953319e-01 1.00000000000000e+05 
8.15421737498182e-01 1.00000000000000e+05 
1.01884831470558e+00 1.00000000000000e+05 
1.22207818930831e+00 1.00000000000000e+05 
1.42513098547652e+00 1.00000000000000e+05 
1.62798725493260e+00 1.00000000000000e+05 
1.83053493087979e+00 1.00000000000000e+05 
2.03291905653503e+00 1.00000000000000e+05 
2.23520224592158e+00 1.00000000000000e+05 
2.43733969254296e+00 1.00000000000000e+05 
2.63931827049832e+00 1.00000000000000e+05 
2.84120332396323e+00 1.00000000000000e+05 
3.04297858176904e+00 1.00000000000000e+05 
3.24460591464334e+00 1.00000000000000e+05 
3.44612291562131e+00 1.00000000000000e+05 
3.64760922308227e+00 1.00000000000000e+05 
3.84909249851467e+00 1.00000000000000e+05 
4.05064469773747e+00 1.00000000000000e+05 
4.25222294222906e+00 1.00000000000000e+05 
4.45380035517506e+00 1.00000000000000e+05 
4.65542063364273e+00 1.00000000000000e+05 
4.85715243419261e+00 1.00000000000000e+05 
5.05906045928525e+00 1.00000000000000e+05 
5.26119401899534e+00 1.00000000000000e+05 
5.46347898380931e+00 1.00000000000000e+05 
5.66591894484892e+00 1.00000000000000e+05 
5.86852800362132e+00 1.00000000000000e+05 
6.07136345597011e+00 1.00000000000000e+05 
6.27438265108359e+00 1.00000000000000e+05 
6.47752964045090e+00 1.00000000000000e+05 
6.68089073121200e+00 1.00000000000000e+05 
6.88429870550576e+00 1.00000000000000e+05 
7.08769636443068e+00 1.00000000000000e+05 
7.29110827962174e+00 1.00000000000000e+05 
7.49449373816632e+00 1.00000000000000e+05 
7.69790617884871e+00 1.00000000000000e+05 
7.90135044231191e+00 1.00000000000000e+05 
8.10473659770851e+00 1.00000000000000e+05 
8.30800948139133e+00 1.00000000000000e+05 
8.51115234273433e+00 1.00000000000000e+05 
8.71416193711340e+00 1.00000000000000e+05 
8.91719900347831e+00 1.00000000000000e+05 
9.12020204041872e+00 1.00000000000000e+05 
9.32319297435189e+00 1.00000000000000e+05 
9.52619174127014e+00 1.00000000000000e+05 
9.72921908834018e+00 1.00000000000000e+05 
9.93229912946381e+00 1.00000000000000e+05 
1.01354642235065e+01 1.00000000000000e+05 
1.03387225987006e+01 1.00000000000000e+05 
1.05420932760412e+01 1.00000000000000e+05 
1.07455601602491e+01 1.00000000000000e+05 
1.09490636153785e+01 1.00000000000000e+05 
1.11525952040860e+01 1.00000000000000e+05 
1.13559908728595e+01 1.00000000000000e+05 
1.15591577617810e+01 1.00000000000000e+05 
1.17622381240369e+01 1.00000000000000e+05 
1.19650888349948e+01 1.00000000000000e+05 
1.21677288877747e+01 1.00000000000000e+05 
1.23702013159276e+01 1.00000000000000e+05 
1.25725982340610e+01 1.00000000000000e+05 
1.27748516426287e+01 1.00000000000000e+05 
1.29769249867640e+01 1.00000000000000e+05 
1.31787998828658e+01 1.00000000000000e+05 
1.33806014179065e+01 1.00000000000000e+05 
1.35822734033907e+01 1.00000000000000e+05 
1.37839887339651e+01 1.00000000000000e+05 
1.39857022015949e+01 1.00000000000000e+05 
1.41874661286692e+01 1.00000000000000e+05 
1.43892101845392e+01 1.00000000000000e+05 
1.45910326674531e+01 1.00000000000000e+05 
1.47929375836209e+01 1.00000000000000e+05 
1.49949695660416e+01 1.00000000000000e+05 
1.51971475723012e+01 1.00000000000000e+05 
1.53995487529939e+01 1.00000000000000e+05 
1.56020957788436e+01 1.00000000000000e+05 
1.58048076652820e+01 1.00000000000000e+05 
1.60076888558614e+01 1.00000000000000e+05 
1.62106850728960e+01 1.00000000000000e+05 
1.64138636363558e+01 1.00000000000000e+05 
1.66171481416695e+01 1.00000000000000e+05 
1.68205318926791e+01 1.00000000000000e+05 
1.70239717971818e+01 1.00000000000000e+05 
1.72274242526830e+01 1.00000000000000e+05 
1.74308511498678e+01 1.00000000000000e+05 
1.76342505270569e+01 1.00000000000000e+05 
1.78376212420556e+01 1.00000000000000e+05 
1.80409883913594e+01 1.00000000000000e+05 
1.82443050346869e+01 1.00000000000000e+05 
1.84474327837354e+01 1.00000000000000e+05 
1.86505503053125e+01 1.00000000000000e+05 
1.88535932316970e+01 1.00000000000000e+05 
1.90565608622741e+01 1.00000000000000e+05 
1.92594853707276e+01 1.00000000000000e+05 
1.94623796526000e+01 1.00000000000000e+05 
1.96652593507810e+01 1.00000000000000e+05 
1.98682128225951e+01 1.00000000000000e+05 
2.00712299723808e+01 1.00000000000000e+05 
2.02743632772251e+01 1.00000000000000e+05 
2.04775974201162e+01 1.00000000000000e+05 
2.06808993432005e+01 1.00000000000000e+05 
2.08842816624739e+01 1.00000000000000e+05 
2.10877109245459e+01 1.00000000000000e+05 
2.12911865561413e+01 1.00000000000000e+05 
2.14946542636065e+01 1.00000000000000e+05 
2.16979483115182e+01 1.00000000000000e+05 
2.19009928614698e+01 1.00000000000000e+05 
2.21039017811684e+01 1.00000000000000e+05 
2.23066497283774e+01 1.00000000000000e+05 
2.25092177015210e+01 1.00000000000000e+05 
2.27116581345214e+01 1.00000000000000e+05 
2.29139334651086e+01 1.00000000000000e+05 
2.31160467477100e+01 1.00000000000000e+05 
2.33179868862948e+01 1.00000000000000e+05 
2.35199180822287e+01 1.00000000000000e+05 
2.37218051763256e+01 1.00000000000000e+05 
2.39236768880851e+01 1.00000000000000e+05 
2.41255552893581e+01 1.00000000000000e+05 
2.43274126484990e+01 1.00000000000000e+05 
2.45293056915018e+01 1.00000000000000e+05 
2.47312963943893e+01 1.00000000000000e+05 
2.49333962174227e+01 1.00000000000000e+05 
2.51357213393038e+01 1.00000000000000e+05 
2.53382018572701e+01 1.00000000000000e+05 
2.55408488073704e+01 1.00000000000000e+05 
2.57436471827663e+01 1.00000000000000e+05 
2.59465698142901e+01 1.00000000000000e+05 
2.61496583369765e+01 1.00000000000000e+05 
2.63529142216749e+01 1.00000000000000e+05 
2.65562742668140e+01 1.00000000000000e+05 
2.67596972761635e+01 1.00000000000000e+05 
2.69631506643780e+01 1.00000000000000e+05 
2.71666356359982e+01 1.00000000000000e+05 
2.73700949757860e+01 1.00000000000000e+05 
2.75735042909555e+01 1.00000000000000e+05 
2.77768698215134e+01 1.00000000000000e+05 
2.79801634091441e+01 1.00000000000000e+05 
2.81832311137916e+01 1.00000000000000e+05 
2.83862493691881e+01 1.00000000000000e+05 
2.85892005667304e+01 1.00000000000000e+05 
2.87920289759177e+01 1.00000000000000e+05 
2.89947855911169e+01 1.00000000000000e+05 
2.91974758167431e+01 1.00000000000000e+05 
2.94001081727549e+01 1.00000000000000e+05 
2.96028174869848e+01 1.00000000000000e+05 
2.98055746712193e+01 1.00000000000000e+05 
3.00084175396436e+01 1.00000000000000e+05 
3.02113309117389e+01 1.00000000000000e+05 
3.04143391710080e+01 1.00000000000000e+05 
3.06174347641709e+01 1.00000000000000e+05 
3.08206359225875e+01 1.00000000000000e+05 
3.10238921252226e+01 1.00000000000000e+05 
3.12271617071788e+01 1.00000000000000e+05 
3.14304933723914e+01 1.00000000000000e+05 
3.16338559333766e+01 1.00000000000000e+05 
3.18371697100234e+01 1.00000000000000e+05 
3.20402940171543e+01 1.00000000000000e+05 
3.22432411366959e+01 1.00000000000000e+05 
3.24460329241944e+01 1.00000000000000e+05 
3.26486468730478e+01 1.00000000000000e+05 
3.28510694083674e+01 1.00000000000000e+05 
3.30532799861897e+01 1.00000000000000e+05 
3.32554482102955e+01 1.00000000000000e+05 
3.34575453553804e+01 1.00000000000000e+05 
3.36595641500324e+01 1.00000000000000e+05 
3.38615486883824e+01 1.00000000000000e+05 
3.40634799904239e+01 1.00000000000000e+05 
3.42653996408576e+01 1.00000000000000e+05 
3.44673939566842e+01 1.00000000000000e+05 
3.46694612546547e+01 1.00000000000000e+05 
3.48717036107216e+01 1.00000000000000e+05 
3.50740862371626e+01 1.00000000000000e+05 
3.52766015885758e+01 1.00000000000000e+05 
3.54793183147402e+01 1.00000000000000e+05 
3.56821412870120e+01 1.00000000000000e+05 
3.58851172271814e+01 1.00000000000000e+05 
3.60883109456795e+01 1.00000000000000e+05 
3.62916365042183e+01 1.00000000000000e+05 
3.64950404477902e+01 1.00000000000000e+05 
3.66984690806315e+01 1.00000000000000e+05 
3.69019364923025e+01 1.00000000000000e+05 
3.71054357283456e+01 1.00000000000000e+05 
3.73088956361505e+01 1.00000000000000e+05 
3.75123241222096e+01 1.00000000000000e+05 
3.77157068996436e+01 1.00000000000000e+05 
3.79188884208807e+01 1.00000000000000e+05 
3.81219429731373e+01 1.00000000000000e+05 
3.83249696414713e+01 1.00000000000000e+05 
3.85278282028840e+01 1.00000000000000e+05 
3.87305789313831e+01 1.00000000000000e+05 
3.89332338669238e+01 1.00000000000000e+05 
3.91357862752962e+01 1.00000000000000e+05 
3.93384030966966e+01 1.00000000000000e+05 
3.95410271713939e+01 1.00000000000000e+05 
3.97436993424354e+01 1.00000000000000e+05 
3.99463921856252e+01 1.00000000000000e+05 
4.01491654750551e+01 1.00000000000000e+05 
4.03520289195442e+01 1.00000000000003e+05 
4.05550048910795e+01 1.00000000000014e+05 
4.07580864187294e+01 1.00000000000022e+05 
4.09612286775592e+01 1.00000000000978e+05 
4.11644223380052e+01 1.00000000182936e+05 
4.13676607110112e+01 1.00000000568115e+05 
4.15709452306063e+01 1.00000001033797e+05 
4.17742442700769e+01 1.00000001849973e+05 
4.19775135223546e+01 1.00000002956886e+05 
4.21806564457985e+01 1.00000005095445e+05 
4.23835704544603e+01 1.00000008624332e+05 
4.25863222546333e+01 1.00000014430411e+05 
4.27888279196484e+01 1.00000023575119e+05 
4.29912615982889e+01 1.00000039833338e+05 
4.31935852435500e+01 1.00000064924261e+05 
4.33957815205678e+01 1.00000103552626e+05 
4.35978979487543e+01 1.00000160945031e+05 
4.37999304200929e+01 1.00000242318452e+05 
4.40019076885360e+01 1.00000354678356e+05 
4.42039337320145e+01 1.00000531572550e+05 
4.44060001538986e+01 1.00000770065998e+05 
4.46081858574393e+01 1.00001084176028e+05 
4.48104711684930e+01 1.00001496253544e+05 
4.50128451538969e+01 1.00002003597975e+05 
4.52153736753591e+01 1.00002611739962e+05 
4.54180340147901e+01 1.00003438635168e+05 
4.56208710244056e+01 1.00004383798693e+05 
4.58239099702678e+01 1.00005413542072e+05 
4.60270996589638e+01 1.00006582327515e+05 
4.62304657697298e+01 1.00007792518483e+05 
4.64338688960506e+01 1.00009013880329e+05 
4.66373017077841e+01 1.00010413742542e+05 
4.68407572598015e+01 1.00011696216609e+05 
4.70442546395734e+01 1.00012782004284e+05 
4.72477386480636e+01 1.00013824664627e+05 
4.74511939246332e+01 1.00014692276317e+05 
4.76545330594890e+01 1.00015393891356e+05 
4.78577067285611e+01 1.00015979515795e+05 
4.80608753693268e+01 1.00016228159389e+05 
4.82638354697416e+01 1.00016181806378e+05 
4.84666467540706e+01 1.00015988964430e+05 
4.86693473168333e+01 1.00015723313632e+05 
4.88719019249858e+01 1.00015321498610e+05 
4.90745027720318e+01 1.00014603232673e+05 
4.92770764391171e+01 1.00013641190053e+05 
4.94796476958813e+01 1.00012404817420e+05 
4.96822204167646e+01 1.00011004706252e+05 
4.98848222239144e+01 1.00009652452265e+05 
5.00874761862161e+01 1.00008257185894e+05 
5.02902390157782e+01 1.00006468370949e+05 
5.04931165644340e+01 1.00004443949480e+05 
5.06960805910771e+01 1.00002339335877e+05 
5.08991333423157e+01 1.00000028196021e+05 
5.11022578645217e+01 9.99979182288248e+04 
5.13054423763076e+01 9.99958694153744e+04 
5.15086548546338e+01 9.99934275010845e+04 
5.17119065645690e+01 9.99909807588095e+04 
5.19151950423545e+01 9.99886755490194e+04 
5.21183745006488e+01 9.99862725771263e+04 
5.23214088774139e+01 9.99842253288967e+04 
5.25242324010963e+01 9.99824319914611e+04 
5.27269607076205e+01 9.99805026815314e+04 
5.29295441731976e+01 9.99788915610237e+04 
5.31319496968064e+01 9.99777180440767e+04 
5.33342472842059e+01 9.99766164242285e+04 
5.35364267211515e+01 9.99758756065233e+04 
5.37385040812235e+01 9.99754680235733e+04 
5.39406083094777e+01 9.99753316719399e+04 
5.41427161596012e+01 9.99756282311257e+04 
5.43448835302565e+01 9.99764123990754e+04 
5.45471108975266e+01 9.99774468648092e+04 
5.47493910082137e+01 9.99786068862074e+04 
5.49517879790564e+01 9.99799636914082e+04 
5.51543020530474e+01 9.99817790166074e+04 
5.53569745540088e+01 9.99840058778651e+04 
5.55598668189212e+01 9.99865772495549e+04 
5.57629126136038e+01 9.99892941637871e+04 
5.59661352293277e+01 9.99917969761251e+04 
5.61694921057413e+01 9.99942364307891e+04 
5.63728862466536e+01 9.99970394202445e+04 
5.65762995126502e+01 9.99999768877196e+04 
5.67797565324227e+01 1.00002799455932e+05 
5.69832411929876e+01 1.00005708901125e+05 
5.71867575597213e+01 1.00008101124706e+05 
5.73902142438224e+01 1.00010179571666e+05 
5.75935504013974e+01 1.00012400607911e+05 
5.77968428105782e+01 1.00014386656152e+05 
5.79999523007818e+01 1.00016031450794e+05 
5.82028720166861e+01 1.00017648293491e+05 
5.84056737401209e+01 1.00018795124452e+05 
5.86082924096970e+01 1.00019624588335e+05 
5.88109369357781e+01 1.00020322928096e+05 
5.90135188227780e+01 1.00020652989306e+05 
5.92160540509742e+01 1.00020580083808e+05 
5.94185604009779e+01 1.00020366879930e+05 
5.96210526984744e+01 1.00019976763523e+05 
5.98235501837237e+01 1.00019395829847e+05 
6.00261485722220e+01 1.00018520781778e+05 
6.02288361841210e+01 1.00017289001891e+05 
6.04316638201486e+01 1.00015675787662e+05 
6.06345686020863e+01 1.00013899129091e+05 
6.08375671479841e+01 1.00012169333875e+05 
6.10406211004055e+01 1.00010470671485e+05 
6.12437426280142e+01 1.00008428056539e+05 
6.14469164445446e+01 1.00006124948465e+05 
6.16501210676312e+01 1.00003710975617e+05 
6.18533579475247e+01 1.00001194968034e+05 
6.20566264173889e+01 9.99990086079172e+04 
6.22597817220211e+01 9.99969958208038e+04 
6.24627995534665e+01 9.99947707635553e+04 
6.26656673735378e+01 9.99926316059441e+04 
6.28683131616467e+01 9.99906655169758e+04 
6.30708195650471e+01 9.99887181847491e+04 
6.32731804840720e+01 9.99872276732133e+04 
6.34753919046854e+01 9.99860368188207e+04 
6.36776034541254e+01 9.99849136502903e+04 
6.38797873688976e+01 9.99841035981114e+04 
6.40819738273611e+01 9.99836955571725e+04 
6.42841784067253e+01 9.99834682141034e+04 
6.44863959670241e+01 9.99835921092118e+04 
6.46886801912706e+01 9.99839684264665e+04 
6.48910662140103e+01 9.99846356099294e+04 
6.50935819241049e+01 9.99855716790442e+04 
6.52963226964966e+01 9.99868750847995e+04 
6.54992405740070e+01 9.99883199798922e+04 
6.57023188561443e+01 9.99898110090785e+04 
6.59055500692646e+01 9.99912534110439e+04 
6.61089027901603e+01 9.99929645017834e+04 
6.63122766649993e+01 9.99948005887813e+04 
6.65156872049080e+01 9.99967382779931e+04 
6.67191280630788e+01 9.99986811951591e+04 
6.69226164912726e+01 1.00000323845414e+05 
6.71261325074319e+01 1.00001819831411e+05 
6.73296169036911e+01 1.00003510656089e+05 
6.75330252299440e+01 1.00005195272217e+05 
6.77363198433455e+01 1.00006755229563e+05 
6.79393888572186e+01 1.00008260900093e+05 
6.81423368894994e+01 1.00009399663417e+05 
6.83450708709156e+01 1.00010338288111e+05 
6.85478069710537e+01 1.00011267056842e+05 
6.87504560574697e+01 1.00012020074573e+05 
6.89530120509714e+01 1.00012487180562e+05 
6.91555074049377e+01 1.00012781549010e+05 
6.93579506481004e+01 1.00012756295607e+05 
6.95603538262472e+01 1.00012507958801e+05 
6.97628467070184e+01 1.00012002192562e+05 
6.99654031500043e+01 1.00011243562707e+05 
7.01680675370484e+01 1.00010133369253e+05 
7.03708128597538e+01 1.00008818215257e+05 
7.05736643918905e+01 1.00007325794644e+05 
7.07765856443493e+01 1.00005781441203e+05 
7.09796045256010e+01 1.00003900044053e+05 
7.11826613299295e+01 1.00001882833777e+05 
7.13857897479778e+01 9.99997326284342e+04 
7.15889661007472e+01 9.99974803689417e+04 
7.17921459341708e+01 9.99954021647437e+04 
7.19953726252105e+01 9.99935048542735e+04 
7.21985718027617e+01 9.99913978187975e+04 
7.24016476186381e+01 9.99894148707980e+04 
7.26045430537818e+01 9.99876364025324e+04 
7.28072213299480e+01 9.99859339215349e+04 
7.30097805999067e+01 9.99846069349689e+04 
7.32121446685061e+01 9.99835710997349e+04 
7.34144836407241e+01 9.99825987714503e+04 
7.36167644759561e+01 9.99819339103311e+04 
7.38189887804541e+01 9.99816408907839e+04 
7.40211919750683e+01 9.99815663581521e+04 
7.42233714635407e+01 9.99817991120044e+04 
7.44255673633598e+01 9.99822374194636e+04 
7.46278498585127e+01 9.99829845841239e+04 
7.48302306656735e+01 9.99839678300433e+04 
7.50327937384072e+01 9.99853190284661e+04 
7.52355063125583e+01 9.99868735831835e+04 
7.54383722282391e+01 9.99885183928557e+04 
7.56414216244544e+01 9.99901671021018e+04 
7.58445981321123e+01 9.99921378726031e+04 
7.60479184214261e+01 9.99942555797818e+04 
7.62512929186171e+01 9.99964732962500e+04 
7.64546964242765e+01 9.99988333340989e+04 
7.66581350680706e+01 1.00000953501362e+05 
7.68616010200597e+01 1.00002859870453e+05 
7.70651079936182e+01 1.00005000311905e+05 
7.72686113724331e+01 1.00007011038713e+05 
7.74720611152207e+01 1.00008851457957e+05 
7.76753133911698e+01 1.00010667996920e+05 
7.78784461857672e+01 1.00012086009778e+05 
7.80813340565300e+01 1.00013204565199e+05 
7.82841986758304e+01 1.00014325777169e+05 
7.84869562928645e+01 1.00015191007933e+05 
7.86895714902216e+01 1.00015691784931e+05 
7.88920942905549e+01 1.00016025400093e+05 
7.90945315913393e+01 1.00016049091534e+05 
7.92968840114831e+01 1.00015844372852e+05 
7.94993122078064e+01 1.00015426001584e+05 
7.97017694779022e+01 1.00014753653035e+05 
7.99042936798559e+01 1.00013729136485e+05 
8.01068697501696e+01 1.00012510953022e+05 
8.03095192442820e+01 1.00011151856795e+05 
8.05122783411067e+01 1.00009762403120e+05 
8.07151532943511e+01 1.00008124007960e+05 
8.09180874917751e+01 1.00006339998835e+05 
8.11211009470289e+01 1.00004387209455e+05 
8.13241348982823e+01 1.00002305675807e+05 
8.15272528948804e+01 1.00000394967983e+05 
8.17303892546740e+01 9.99986312957255e+04 
8.19335573112213e+01 9.99966666663753e+04 
8.21368014274263e+01 9.99947730754830e+04 
8.23398733234911e+01 9.99929811478638e+04 
8.25427383975605e+01 9.99911818848463e+04 
8.27454995878572e+01 9.99897064115015e+04 
8.29480798671471e+01 9.99884628927111e+04 
8.31506062535737e+01 9.99871805884896e+04 
8.33530393401760e+01 9.99861078582494e+04 
8.35553612257224e+01 9.99853331011660e+04 
8.37576211955306e+01 9.99847177077103e+04 
8.39598226381276e+01 9.99843901800006e+04 
8.41619894017817e+01 9.99842675156877e+04 
8.43642239682605e+01 9.99843662600467e+04 
8.45665203012387e+01 9.99847329182411e+04 
8.47689483564908e+01 9.99854373760272e+04 
8.49714940232389e+01 9.99863360594805e+04 
8.51741579640687e+01 9.99874009421439e+04 
8.53769978718437e+01 9.99885146668947e+04 
8.55799804902041e+01 9.99899053396656e+04 
8.57831240408108e+01 9.99915119693718e+04 
8.59864536951827e+01 9.99933206266092e+04 
8.61898160798553e+01 9.99952756970327e+04 
8.63932062744392e+01 9.99970978211374e+04 
8.65966229319829e+01 9.99988165196196e+04 
8.68000940443101e+01 1.00000786185534e+05 
8.70035825837327e+01 1.00002750412101e+05 
8.72070843440491e+01 1.00004661930899e+05 
8.74105419344450e+01 1.00006607449390e+05 
8.76138267437083e+01 1.00008228359185e+05 
8.78169205534772e+01 1.00009610961620e+05 
8.80199632675196e+01 1.00011068746859e+05 
8.82228781681249e+01 1.00012350144364e+05 
8.84256106973253e+01 1.00013367810679e+05 
8.86282246424383e+01 1.00014288654942e+05 
8.88307219110573e+01 1.00014861675236e+05 
8.90330924047535e+01 1.00015198655750e+05 
8.92355207597714e+01 1.00015361062382e+05 
8.94379379157647e+01 1.00015293134629e+05 
8.96403799089431e+01 1.00014860506755e+05 
8.98428436218644e+01 1.00014225202994e+05 
9.00453482475632e+01 1.00013388827455e+05 
9.02479204282358e+01 1.00012444036273e+05 
9.04506070166489e+01 1.00011193760999e+05 
9.06534221098573e+01 1.00009701444757e+05 
9.08563074156330e+01 1.00007940980572e+05 
9.10592331034942e+01 1.00006024571883e+05 
9.12622364660194e+01 1.00004168717450e+05 
9.14653252837018e+01 1.00002381186579e+05 
9.16684271913442e+01 1.00000294050571e+05 
9.18715866137494e+01 9.99981686381422e+04 
9.20747842683971e+01 9.99960650799971e+04 
9.22778651165516e+01 9.99939116340493e+04 
9.24808149399466e+01 9.99920640102542e+04 
9.26836400845213e+01 9.99904536043301e+04 
9.28863873614108e+01 9.99887386424681e+04 
9.30890085767134e+01 9.99871976467966e+04 
9.32914663544503e+01 9.99859511958646e+04 
9.34938317764641e+01 9.99848098386964e+04 
9.36961022577806e+01 9.99840560694580e+04 
9.38982898525573e+01 9.99835807638644e+04 
9.41005250280928e+01 9.99832595039072e+04 
9.43027848548941e+01 9.99832142109365e+04 
9.45051224941694e+01 9.99835355763078e+04 
9.47075391235569e+01 9.99840826987130e+04 
9.49100356403763e+01 9.99848366580112e+04 
9.51126679959551e+01 9.99857339963370e+04 
9.53154338342254e+01 9.99869476205585e+04 
9.55183731288411e+01 9.99883862287071e+04 
9.57215113888919e+01 9.99901041089054e+04 
9.59247849047671e+01 9.99919824007607e+04 
9.61281201802749e+01 9.99938400206806e+04 
9.63314994562056e+01 9.99956258505948e+04 
9.65349076935859e+01 9.99977046648578e+04 
9.67383385387505e+01 9.99998303243620e+04 
9.69418207081187e+01 1.00001956356603e+05 
9.71453287818878e+01 1.00004152480335e+05 
9.73487757563585e+01 1.00006045480980e+05 
9.75521003395735e+01 1.00007708703065e+05 
9.77553203876417e+01 1.00009496214624e+05 
9.79584256456356e+01 1.00011140006038e+05 
9.81613154578645e+01 1.00012534351576e+05 
9.83640728139437e+01 1.00013858667931e+05 
9.85666800715794e+01 1.00014797570543e+05 
9.87691229821461e+01 1.00015468971933e+05 
9.89716027992200e+01 1.00016051125707e+05 
9.91740397132955e+01 1.00016361085258e+05 
9.93764536462670e+01 1.00016312367575e+05 
9.95788576239822e+01 1.00016054979798e+05 
9.97812656950711e+01 1.00015569511342e+05 
9.99837025244658e+01 1.00014900221880e+05 
1.00186246746907e+02 1.00013940521437e+05 
