# Liste des scalaires : TEMPS pmat 
0.00000000000000e+00 1.00000000000000e+05 
2.04081632653061e-01 1.00000000000000e+05 
4.08042165141975e-01 1.00000000000000e+05 
6.11832106953319e-01 1.00000000000000e+05 
8.15421737498182e-01 1.00000000000000e+05 
1.01884831470558e+00 1.00000000000000e+05 
1.22207818930831e+00 1.00000000000000e+05 
1.42513098547652e+00 1.00000000000000e+05 
1.62798725493260e+00 1.00000000000000e+05 
1.83053493087979e+00 1.00000000000000e+05 
2.03291905653503e+00 1.00000000000000e+05 
2.23520224592158e+00 1.00000000000000e+05 
2.43733969254296e+00 1.00000000000000e+05 
2.63931827049832e+00 1.00000000000000e+05 
2.84120332396323e+00 1.00000000000000e+05 
3.04297858176904e+00 1.00000000000000e+05 
3.24460591464334e+00 1.00000000000000e+05 
3.44612291562131e+00 1.00000000000000e+05 
3.64760922308227e+00 1.00000000000000e+05 
3.84909249851467e+00 1.00000000000000e+05 
4.05064469773747e+00 1.00000000000000e+05 
4.25222294222906e+00 1.00000000000000e+05 
4.45380035517506e+00 1.00000000000000e+05 
4.65542063364273e+00 1.00000000000000e+05 
4.85715243419261e+00 1.00000000000000e+05 
5.05906045928525e+00 1.00000000000000e+05 
5.26119401899534e+00 1.00000000000000e+05 
5.46347898380931e+00 1.00000000000001e+05 
5.66591894484892e+00 1.00000000000272e+05 
5.86852800362132e+00 1.00000000026732e+05 
6.07136345597011e+00 1.00000000490349e+05 
6.27438265108359e+00 1.00000002238771e+05 
6.47752964045090e+00 1.00000007423208e+05 
6.68089073121200e+00 1.00000019343754e+05 
6.88429870550576e+00 1.00000049534305e+05 
7.08769636443068e+00 1.00000135216291e+05 
7.29110827962174e+00 1.00000287842538e+05 
7.49449373816632e+00 1.00000670747304e+05 
7.69790617884871e+00 1.00001426310049e+05 
7.90135044231191e+00 1.00002450946307e+05 
8.10473659770851e+00 1.00004141279296e+05 
8.30800948139133e+00 1.00007268463302e+05 
8.51115234273433e+00 1.00010846066063e+05 
8.71416193711340e+00 1.00017140540831e+05 
8.91719900347831e+00 1.00025946627137e+05 
9.12020204041872e+00 1.00033989601599e+05 
9.32319297435189e+00 1.00043276867796e+05 
9.52619174127014e+00 1.00055275208829e+05 
9.72921908834018e+00 1.00063974944237e+05 
9.93229912946381e+00 1.00075519198487e+05 
1.01354642235065e+01 1.00086971965296e+05 
1.03387225987006e+01 1.00093711155736e+05 
1.05420932760412e+01 1.00098919387484e+05 
1.07455601602491e+01 1.00103601716811e+05 
1.09490636153785e+01 1.00104238602916e+05 
1.11525952040860e+01 1.00104511436179e+05 
1.13559908728595e+01 1.00104022871155e+05 
1.15591577617810e+01 1.00102447133697e+05 
1.17622381240369e+01 1.00099922427835e+05 
1.19650888349948e+01 1.00095997724707e+05 
1.21677288877747e+01 1.00091837941498e+05 
1.23702013159276e+01 1.00084477552488e+05 
1.25725982340610e+01 1.00076435243056e+05 
1.27748516426287e+01 1.00069959136660e+05 
1.29769249867640e+01 1.00062184585654e+05 
1.31787998828658e+01 1.00051361738135e+05 
1.33806014179065e+01 1.00042515673682e+05 
1.35822734033907e+01 1.00027917528525e+05 
1.37839887339651e+01 1.00012196600280e+05 
1.39857022015949e+01 1.00000188052898e+05 
1.41874661286692e+01 9.99871732666558e+04 
1.43892101845392e+01 9.99711480041577e+04 
1.45910326674531e+01 9.99595268528797e+04 
1.47929375836209e+01 9.99430007456379e+04 
1.49949695660416e+01 9.99258214718184e+04 
1.51971475723012e+01 9.99131444796910e+04 
1.53995487529939e+01 9.99011164980377e+04 
1.56020957788436e+01 9.98876752699972e+04 
1.58048076652820e+01 9.98807293389945e+04 
1.60076888558614e+01 9.98723951910475e+04 
1.62106850728960e+01 9.98637210153430e+04 
1.64138636363558e+01 9.98588138005315e+04 
1.66171481416695e+01 9.98556542553911e+04 
1.68205318926791e+01 9.98542771185860e+04 
1.70239717971818e+01 9.98566347755832e+04 
1.72274242526830e+01 9.98628251290189e+04 
1.74308511498678e+01 9.98696404764343e+04 
1.76342505270569e+01 9.98760125622276e+04 
1.78376212420556e+01 9.98844540006761e+04 
1.80409883913594e+01 9.98963737374618e+04 
1.82443050346869e+01 9.99069855599030e+04 
1.84474327837354e+01 9.99244056043032e+04 
1.86505503053125e+01 9.99428258273768e+04 
1.88535932316970e+01 9.99572261189237e+04 
1.90565608622741e+01 9.99730349200002e+04 
1.92594853707276e+01 9.99922605629506e+04 
1.94623796526000e+01 1.00005964870733e+05 
1.96652593507810e+01 1.00026114201664e+05 
1.98682128225951e+01 1.00046700170536e+05 
2.00712299723808e+01 1.00061877809401e+05 
2.02743632772251e+01 1.00076724073628e+05 
2.04775974201162e+01 1.00092862357092e+05 
2.06808993432005e+01 1.00102188058111e+05 
2.08842816624739e+01 1.00113476830406e+05 
2.10877109245459e+01 1.00124472263983e+05 
2.12911865561413e+01 1.00131625904162e+05 
2.14946542636065e+01 1.00136598073461e+05 
2.16979483115182e+01 1.00139850109386e+05 
2.19009928614698e+01 1.00138467268859e+05 
2.21039017811684e+01 1.00132967919982e+05 
2.23066497283774e+01 1.00126651245185e+05 
2.25092177015210e+01 1.00121090216088e+05 
2.27116581345214e+01 1.00112924082021e+05 
2.29139334651086e+01 1.00100706852069e+05 
2.31160467477100e+01 1.00088975714853e+05 
2.33179868862948e+01 1.00069833539098e+05 
2.35199180822287e+01 1.00049912413197e+05 
2.37218051763256e+01 1.00034829141621e+05 
2.39236768880851e+01 1.00018327775316e+05 
2.41255552893581e+01 9.99977936916939e+04 
2.43274126484990e+01 9.99822859606980e+04 
2.45293056915018e+01 9.99594725729820e+04 
2.47312963943893e+01 9.99362454214784e+04 
2.49333962174227e+01 9.99198575117954e+04 
2.51357213393038e+01 9.99038021611217e+04 
2.53382018572701e+01 9.98857369571385e+04 
2.55408488073704e+01 9.98747122368228e+04 
2.57436471827663e+01 9.98607210377165e+04 
2.59465698142901e+01 9.98473413862529e+04 
2.61496583369765e+01 9.98388825055968e+04 
2.63529142216749e+01 9.98324853831747e+04 
2.65562742668140e+01 9.98274255590497e+04 
2.67596972761635e+01 9.98278277556531e+04 
2.69631506643780e+01 9.98317288262413e+04 
2.71666356359982e+01 9.98365116430223e+04 
2.73700949757860e+01 9.98415128105661e+04 
2.75735042909555e+01 9.98494718528333e+04 
2.77768698215134e+01 9.98617802469050e+04 
2.79801634091441e+01 9.98743780183426e+04 
2.81832311137916e+01 9.98949034216935e+04 
2.83862493691881e+01 9.99161762679653e+04 
2.85892005667304e+01 9.99327245067357e+04 
2.87920289759177e+01 9.99511316165757e+04 
2.89947855911169e+01 9.99741886446318e+04 
2.91974758167431e+01 9.99918943950423e+04 
2.94001081727549e+01 1.00017551119319e+05 
2.96028174869848e+01 1.00042910682720e+05 
2.98055746712193e+01 1.00060941089773e+05 
3.00084175396436e+01 1.00078732837023e+05 
3.02113309117389e+01 1.00098419504314e+05 
3.04143391710080e+01 1.00110870790008e+05 
3.06174347641709e+01 1.00126230040595e+05 
3.08206359225875e+01 1.00140301861513e+05 
3.10238921252226e+01 1.00149442460092e+05 
3.12271617071788e+01 1.00156773979652e+05 
3.14304933723914e+01 1.00162799038358e+05 
3.16338559333766e+01 1.00163390430557e+05 
3.18371697100234e+01 1.00160295166419e+05 
3.20402940171543e+01 1.00156263895182e+05 
3.22432411366959e+01 1.00151889604155e+05 
3.24460329241944e+01 1.00145021657895e+05 
3.26486468730478e+01 1.00133981089623e+05 
3.28510694083674e+01 1.00122575283820e+05 
3.30532799861897e+01 1.00103335119493e+05 
3.32554482102955e+01 1.00083582317614e+05 
3.34575453553804e+01 1.00068454212181e+05 
3.36595641500324e+01 1.00051610486467e+05 
3.38615486883824e+01 1.00030278008354e+05 
3.40634799904239e+01 1.00013888117101e+05 
3.42653996408576e+01 9.99893188232199e+04 
3.44673939566842e+01 9.99647084964886e+04 
3.46694612546547e+01 9.99470917243780e+04 
3.48717036107216e+01 9.99293493211057e+04 
3.50740862371626e+01 9.99092895976614e+04 
3.52766015885758e+01 9.98961930572478e+04 
3.54793183147402e+01 9.98794516247614e+04 
3.56821412870120e+01 9.98635311760048e+04 
3.58851172271814e+01 9.98531219991858e+04 
3.60883109456795e+01 9.98445087524822e+04 
3.62916365042183e+01 9.98369721139741e+04 
3.64950404477902e+01 9.98352947781480e+04 
3.66984690806315e+01 9.98365355434148e+04 
3.69019364923025e+01 9.98384760216449e+04 
3.71054357283456e+01 9.98415044098754e+04 
3.73088956361505e+01 9.98470977563610e+04 
3.75123241222096e+01 9.98566114112000e+04 
3.77157068996436e+01 9.98671616667778e+04 
3.79188884208807e+01 9.98853396786167e+04 
3.81219429731373e+01 9.99038794189287e+04 
3.83249696414713e+01 9.99186406835053e+04 
3.85278282028840e+01 9.99353977594965e+04 
3.87305789313831e+01 9.99568672758649e+04 
3.89332338669238e+01 9.99738038127137e+04 
3.91357862752962e+01 9.99990551591317e+04 
3.93384030966966e+01 1.00023995054161e+05 
3.95410271713939e+01 1.00041825296796e+05 
3.97436993424354e+01 1.00059888445800e+05 
3.99463921856252e+01 1.00080211794548e+05 
4.01491654750551e+01 1.00093773848931e+05 
4.03520289195442e+01 1.00110967286181e+05 
4.05550048910795e+01 1.00126819854286e+05 
4.07580864187294e+01 1.00137492837077e+05 
4.09612286775592e+01 1.00146560368593e+05 
4.11644223380052e+01 1.00155030307297e+05 
4.13676607110112e+01 1.00158059187441e+05 
4.15709452306063e+01 1.00158567421815e+05 
4.17742442700769e+01 1.00158336618121e+05 
4.19775135223546e+01 1.00156828436934e+05 
4.21806564457985e+01 1.00153066864621e+05 
4.23835704544603e+01 1.00145298743972e+05 
4.25863222546333e+01 1.00136273172457e+05 
4.27888279196484e+01 1.00120102610449e+05 
4.29912615982889e+01 1.00103704344146e+05 
4.31935852435500e+01 1.00090761470174e+05 
4.33957815205678e+01 1.00075997475305e+05 
4.35978979487543e+01 1.00056655853961e+05 
4.37999304200929e+01 1.00041053087882e+05 
4.40019076885360e+01 1.00017182780385e+05 
4.42039337320145e+01 9.99932484177147e+04 
4.44060001538986e+01 9.99758114690425e+04 
4.46081858574393e+01 9.99578598563148e+04 
4.48104711684930e+01 9.99370561059492e+04 
4.50128451538969e+01 9.99224597524257e+04 
4.52153736753591e+01 9.99032449116980e+04 
4.54180340147901e+01 9.98847828955641e+04 
4.56208710244056e+01 9.98720048310397e+04 
4.58239099702678e+01 9.98606615157052e+04 
4.60270996589638e+01 9.98496444192372e+04 
4.62304657697298e+01 9.98449980199390e+04 
4.64338688960506e+01 9.98417930824295e+04 
4.66373017077841e+01 9.98390309198576e+04 
4.68407572598015e+01 9.98384752391226e+04 
4.70442546395734e+01 9.98405341249901e+04 
4.72477386480636e+01 9.98461432331044e+04 
4.74511939246332e+01 9.98541549476759e+04 
4.76545330594890e+01 9.98690256831583e+04 
4.78577067285611e+01 9.98842698059762e+04 
4.80608753693268e+01 9.98966211373783e+04 
4.82638354697416e+01 9.99111559645790e+04 
4.84666467540706e+01 9.99304463801112e+04 
4.86693473168333e+01 9.99465501507323e+04 
4.88719019249858e+01 9.99713029785691e+04 
4.90745027720318e+01 9.99959792725997e+04 
4.92770764391171e+01 1.00013839081101e+05 
4.94796476958813e+01 1.00032333873213e+05 
4.96822204167646e+01 1.00053711562185e+05 
4.98848222239144e+01 1.00068966669502e+05 
5.00874761862161e+01 1.00089057715637e+05 
5.02902390157782e+01 1.00107835954847e+05 
5.04931165644340e+01 1.00120847548658e+05 
5.06960805910771e+01 1.00132401212878e+05 
5.08991333423157e+01 1.00143946130244e+05 
5.11022578645217e+01 1.00149299702503e+05 
5.13054423763076e+01 1.00153761776339e+05 
5.15086548546338e+01 1.00157542106536e+05 
5.17119065645690e+01 1.00158906613285e+05 
5.19151950423545e+01 1.00157723826371e+05 
5.21183745006488e+01 1.00153346548125e+05 
5.23214088774139e+01 1.00146623661032e+05 
5.25242324010963e+01 1.00133512061293e+05 
5.27269607076205e+01 1.00120091696291e+05 
5.29295441731976e+01 1.00109206145686e+05 
5.31319496968064e+01 1.00096092646645e+05 
5.33342472842059e+01 1.00078477830809e+05 
5.35364267211515e+01 1.00063299278797e+05 
5.37385040812235e+01 1.00039884675312e+05 
5.39406083094777e+01 1.00016247909495e+05 
5.41427161596012e+01 9.99987730188306e+04 
5.43448835302565e+01 9.99803899056637e+04 
5.45471108975266e+01 9.99587425379038e+04 
5.47493910082137e+01 9.99428158637836e+04 
5.49517879790564e+01 9.99212682594174e+04 
5.51543020530474e+01 9.99002990742886e+04 
5.53569745540088e+01 9.98852223175149e+04 
5.55598668189212e+01 9.98715152117296e+04 
5.57629126136038e+01 9.98572996386893e+04 
5.59661352293277e+01 9.98501811597124e+04 
5.61694921057413e+01 9.98431911396430e+04 
5.63728862466536e+01 9.98365270560540e+04 
5.65762995126502e+01 9.98330763861784e+04 
5.67797565324227e+01 9.98323019653769e+04 
5.69832411929876e+01 9.98345207246215e+04 
5.71867575597213e+01 9.98399304765745e+04 
5.73902142438224e+01 9.98515247135073e+04 
5.75935504013974e+01 9.98637311157545e+04 
5.77968428105782e+01 9.98738465986874e+04 
5.79999523007818e+01 9.98865255490836e+04 
5.82028720166861e+01 9.99039315439193e+04 
5.84056737401209e+01 9.99194365282504e+04 
5.86082924096970e+01 9.99434151500373e+04 
5.88109369357781e+01 9.99678003420924e+04 
5.90135188227780e+01 9.99858055601074e+04 
5.92160540509742e+01 1.00004926752160e+05 
5.94185604009779e+01 1.00027445267809e+05 
5.96210526984744e+01 1.00044265464068e+05 
5.98235501837237e+01 1.00066915339866e+05 
6.00261485722220e+01 1.00088403457308e+05 
6.02288361841210e+01 1.00103591849439e+05 
6.04316638201486e+01 1.00117568569299e+05 
6.06345686020863e+01 1.00132373169940e+05 
6.08375671479841e+01 1.00140217818942e+05 
6.10406211004055e+01 1.00148275181891e+05 
6.12437426280142e+01 1.00155994438859e+05 
6.14469164445446e+01 1.00160202237827e+05 
6.16501210676312e+01 1.00161840269993e+05 
6.18533579475247e+01 1.00160960868426e+05 
6.20566264173889e+01 1.00156896549434e+05 
6.22597817220211e+01 1.00147090555580e+05 
6.24627995534665e+01 1.00136763876382e+05 
6.26656673735378e+01 1.00128244463524e+05 
6.28683131616467e+01 1.00117358315822e+05 
6.30708195650471e+01 1.00102003766914e+05 
6.32731804840720e+01 1.00088077992902e+05 
6.34753919046854e+01 1.00066199146589e+05 
6.36776034541254e+01 1.00043844551608e+05 
6.38797873688976e+01 1.00027127207891e+05 
6.40819738273611e+01 1.00009163608369e+05 
6.42841784067253e+01 9.99875861941606e+04 
6.44863959670241e+01 9.99709121580887e+04 
6.46886801912706e+01 9.99478103742672e+04 
6.48910662140103e+01 9.99251480673635e+04 
6.50935819241049e+01 9.99086035159194e+04 
6.52963226964966e+01 9.98931191977409e+04 
6.54992405740070e+01 9.98763327446321e+04 
6.57023188561443e+01 9.98669067999732e+04 
6.59055500692646e+01 9.98560452977863e+04 
6.61089027901603e+01 9.98454455411935e+04 
6.63122766649993e+01 9.98392629360893e+04 
6.65156872049080e+01 9.98353800171472e+04 
6.67191280630788e+01 9.98338649721796e+04 
6.69226164912726e+01 9.98367650935340e+04 
6.71261325074319e+01 9.98445700650180e+04 
6.73296169036911e+01 9.98530993206751e+04 
6.75330252299440e+01 9.98604962720878e+04 
6.77363198433455e+01 9.98706751773963e+04 
6.79393888572186e+01 9.98854410048628e+04 
6.81423368894994e+01 9.98993906878053e+04 
6.83450708709156e+01 9.99215429542765e+04 
6.85478069710537e+01 9.99442693974992e+04 
6.87504560574697e+01 9.99615286080613e+04 
6.89530120509714e+01 9.99802152995125e+04 
6.91555074049377e+01 1.00002893922505e+05 
6.93579506481004e+01 1.00019863609452e+05 
6.95603538262472e+01 1.00043971750282e+05 
6.97628467070184e+01 1.00067431398227e+05 
6.99654031500043e+01 1.00084152860445e+05 
7.01680675370484e+01 1.00100050260240e+05 
7.03708128597538e+01 1.00117402870998e+05 
7.05736643918905e+01 1.00127549359842e+05 
7.07765856443493e+01 1.00139335955850e+05 
7.09796045256010e+01 1.00150509143338e+05 
7.11826613299295e+01 1.00157135209706e+05 
7.13857897479778e+01 1.00161809608294e+05 
7.15889661007472e+01 1.00164449407940e+05 
7.17921459341708e+01 1.00162674704180e+05 
7.19953726252105e+01 1.00156329855486e+05 
7.21985718027617e+01 1.00149280311091e+05 
7.24016476186381e+01 1.00143159096483e+05 
7.26045430537818e+01 1.00134536633996e+05 
7.28072213299480e+01 1.00121633090675e+05 
7.30097805999067e+01 1.00109158780587e+05 
7.32121446685061e+01 1.00088802746924e+05 
7.34144836407241e+01 1.00068060732765e+05 
7.36167644759561e+01 1.00052269730274e+05 
7.38189887804541e+01 1.00034922595740e+05 
7.40211919750683e+01 1.00013400744948e+05 
7.42233714635407e+01 9.99968192946953e+04 
7.44255673633598e+01 9.99727417429708e+04 
7.46278498585127e+01 9.99486809715110e+04 
7.48302306656735e+01 9.99313275114029e+04 
7.50327937384072e+01 9.99143396534511e+04 
7.52355063125583e+01 9.98954108864144e+04 
7.54383722282391e+01 9.98836211076625e+04 
7.56414216244544e+01 9.98691505427424e+04 
7.58445981321123e+01 9.98552201112996e+04 
7.60479184214261e+01 9.98464623669793e+04 
7.62512929186171e+01 9.98397018936802e+04 
7.64546964242765e+01 9.98344324267903e+04 
7.66581350680706e+01 9.98345577411651e+04 
7.68616010200597e+01 9.98384914284224e+04 
7.70651079936182e+01 9.98430531643110e+04 
7.72686113724331e+01 9.98477038571152e+04 
7.74720611152207e+01 9.98551571036967e+04 
7.76753133911698e+01 9.98668270257649e+04 
7.78784461857672e+01 9.98787492481254e+04 
7.80813340565300e+01 9.98985927077150e+04 
7.82841986758304e+01 9.99191603862497e+04 
7.84869562928645e+01 9.99350016941957e+04 
7.86895714902216e+01 9.99526907756884e+04 
7.88920942905549e+01 9.99748004763396e+04 
7.90945315913393e+01 9.99918914087406e+04 
7.92968840114831e+01 1.00016882976366e+05 
7.94993122078064e+01 1.00041514408204e+05 
7.97017694779022e+01 1.00059061075736e+05 
7.99042936798559e+01 1.00076548924773e+05 
8.01068697501696e+01 1.00095851858199e+05 
8.03095192442820e+01 1.00108217856236e+05 
8.05122783411067e+01 1.00123500966384e+05 
8.07151532943511e+01 1.00137684882283e+05 
8.09180874917751e+01 1.00146960686224e+05 
8.11211009470289e+01 1.00154620619445e+05 
8.13241348982823e+01 1.00161138247870e+05 
8.15272528948804e+01 1.00162132798211e+05 
8.17303892546740e+01 1.00159710467510e+05 
8.19335573112213e+01 1.00156759370853e+05 
8.21368014274263e+01 1.00153320386849e+05 
8.23398733234911e+01 1.00147510442238e+05 
8.25427383975605e+01 1.00137618291011e+05 
8.27454995878572e+01 1.00126974251181e+05 
8.29480798671471e+01 1.00108767336330e+05 
8.31506062535737e+01 1.00090375218111e+05 
8.33530393401760e+01 1.00076121961621e+05 
8.35553612257224e+01 1.00060189002997e+05 
8.37576211955306e+01 1.00039719816652e+05 
8.39598226381276e+01 1.00023454499563e+05 
8.41619894017817e+01 9.99990863462808e+04 
8.43642239682605e+01 9.99746621799212e+04 
8.45665203012387e+01 9.99570116248362e+04 
8.47689483564908e+01 9.99390982488783e+04 
8.49714940232389e+01 9.99186368676242e+04 
8.51741579640687e+01 9.99047752524862e+04 
8.53769978718437e+01 9.98871016791810e+04 
8.55799804902041e+01 9.98702234515611e+04 
8.57831240408108e+01 9.98588899339636e+04 
8.59864536951827e+01 9.98492718574185e+04 
8.61898160798553e+01 9.98405858539920e+04 
8.63932062744392e+01 9.98378339689345e+04 
8.65966229319829e+01 9.98376783531375e+04 
8.68000940443101e+01 9.98381697261229e+04 
8.70035825837327e+01 9.98400185553872e+04 
8.72070843440491e+01 9.98443953897877e+04 
8.74105419344450e+01 9.98527739752174e+04 
8.76138267437083e+01 9.98625105354592e+04 
8.78169205534772e+01 9.98796870787027e+04 
8.80199632675196e+01 9.98974131048074e+04 
8.82228781681249e+01 9.99116555942813e+04 
8.84256106973253e+01 9.99279441134501e+04 
8.86282246424383e+01 9.99489561731044e+04 
8.88307219110573e+01 9.99657754923179e+04 
8.90330924047535e+01 9.99910300369384e+04 
8.92355207597714e+01 1.00016210206354e+05 
8.94379379157647e+01 1.00034441196147e+05 
8.96403799089431e+01 1.00052954192106e+05 
8.98428436218644e+01 1.00074011836156e+05 
9.00453482475632e+01 1.00088343724270e+05 
9.02479204282358e+01 1.00106738290747e+05 
9.04506070166489e+01 1.00123984356055e+05 
9.06534221098573e+01 1.00135769237113e+05 
9.08563074156330e+01 1.00145977481663e+05 
9.10592331034942e+01 1.00155712752486e+05 
9.12622364660194e+01 1.00159526718819e+05 
9.14653252837018e+01 1.00161139326741e+05 
9.16684271913442e+01 1.00162106719203e+05 
9.18715866137494e+01 1.00161404892508e+05 
9.20747842683971e+01 1.00158356216543e+05 
9.22778651165516e+01 1.00151446203634e+05 
9.24808149399466e+01 1.00142875446474e+05 
9.26836400845213e+01 1.00127230046530e+05 
9.28863873614108e+01 1.00111372579450e+05 
9.30890085767134e+01 1.00098735292096e+05 
9.32914663544503e+01 1.00084229550847e+05 
9.34938317764641e+01 1.00065019130962e+05 
9.36961022577806e+01 1.00049197363269e+05 
9.38982898525573e+01 1.00025000255793e+05 
9.41005250280928e+01 1.00000757263329e+05 
9.43027848548941e+01 9.99830909548120e+04 
9.45051224941694e+01 9.99647363262926e+04 
9.47075391235569e+01 9.99433017819592e+04 
9.49100356403763e+01 9.99279130627261e+04 
9.51126679959551e+01 9.99076609032905e+04 
9.53154338342254e+01 9.98881904147014e+04 
9.55183731288411e+01 9.98745063593280e+04 
9.57215113888919e+01 9.98624337870883e+04 
9.59247849047671e+01 9.98505111729658e+04 
9.61281201802749e+01 9.98450294824450e+04 
9.63314994562056e+01 9.98407225137996e+04 
9.65349076935859e+01 9.98369572832196e+04 
9.67383385387505e+01 9.98356745758441e+04 
9.69418207081187e+01 9.98371526318870e+04 
9.71453287818878e+01 9.98419614409189e+04 
9.73487757563585e+01 9.98492302717447e+04 
9.75521003395735e+01 9.98632044767765e+04 
9.77553203876417e+01 9.98777757166051e+04 
9.79584256456356e+01 9.98897064614970e+04 
9.81613154578645e+01 9.99039072257489e+04 
9.83640728139437e+01 9.99229235223258e+04 
9.85666800715794e+01 9.99389321550744e+04 
9.87691229821461e+01 9.99636560727898e+04 
9.89716027992200e+01 9.99884851284450e+04 
9.91740397132955e+01 1.00006654142651e+05 
9.93764536462670e+01 1.00025684042897e+05 
9.95788576239822e+01 1.00047800109353e+05 
9.97812656950711e+01 1.00063717249451e+05 
9.99837025244658e+01 1.00084755290228e+05 
1.00186246746907e+02 1.00104721606447e+05 
