# Liste des scalaires : TEMPS pmat 
0.00000000000000e+00 1.00000000000000e+05 
2.04081632653061e-01 1.00000000000000e+05 
4.08042165141975e-01 1.00000000000000e+05 
6.11832106953319e-01 1.00000000000000e+05 
8.15421737498182e-01 1.00000000000000e+05 
1.01884831470558e+00 1.00000000000000e+05 
1.22207818930831e+00 1.00000000000000e+05 
1.42513098547652e+00 1.00000000000000e+05 
1.62798725493260e+00 1.00000000000000e+05 
1.83053493087979e+00 1.00000000000000e+05 
2.03291905653503e+00 1.00000000000000e+05 
2.23520224592158e+00 1.00000000000000e+05 
2.43733969254296e+00 1.00000000000000e+05 
2.63931827049832e+00 1.00000000000000e+05 
2.84120332396323e+00 1.00000000000000e+05 
3.04297858176904e+00 1.00000000000000e+05 
3.24460591464334e+00 1.00000000000000e+05 
3.44612291562131e+00 1.00000000000000e+05 
3.64760922308227e+00 1.00000000000000e+05 
3.84909249851467e+00 1.00000000000000e+05 
4.05064469773747e+00 1.00000000000000e+05 
4.25222294222906e+00 1.00000000000000e+05 
4.45380035517506e+00 1.00000000000000e+05 
4.65542063364273e+00 1.00000000000000e+05 
4.85715243419261e+00 1.00000000000000e+05 
5.05906045928525e+00 1.00000000000000e+05 
5.26119401899534e+00 1.00000000000000e+05 
5.46347898380931e+00 1.00000000000000e+05 
5.66591894484892e+00 1.00000000000000e+05 
5.86852800362132e+00 1.00000000000000e+05 
6.07136345597011e+00 1.00000000000000e+05 
6.27438265108359e+00 1.00000000000000e+05 
6.47752964045090e+00 1.00000000000000e+05 
6.68089073121200e+00 1.00000000000000e+05 
6.88429870550576e+00 1.00000000000000e+05 
7.08769636443068e+00 1.00000000000000e+05 
7.29110827962174e+00 1.00000000000000e+05 
7.49449373816632e+00 1.00000000000000e+05 
7.69790617884871e+00 1.00000000000000e+05 
7.90135044231191e+00 1.00000000000000e+05 
8.10473659770851e+00 1.00000000000000e+05 
8.30800948139133e+00 1.00000000000000e+05 
8.51115234273433e+00 1.00000000000000e+05 
8.71416193711340e+00 1.00000000000000e+05 
8.91719900347831e+00 1.00000000000000e+05 
9.12020204041872e+00 1.00000000000000e+05 
9.32319297435189e+00 1.00000000000000e+05 
9.52619174127014e+00 1.00000000000000e+05 
9.72921908834018e+00 1.00000000000000e+05 
9.93229912946381e+00 1.00000000000000e+05 
1.01354642235065e+01 1.00000000000000e+05 
1.03387225987006e+01 1.00000000000000e+05 
1.05420932760412e+01 1.00000000000000e+05 
1.07455601602491e+01 1.00000000000000e+05 
1.09490636153785e+01 1.00000000000000e+05 
1.11525952040860e+01 1.00000000000000e+05 
1.13559908728595e+01 1.00000000000000e+05 
1.15591577617810e+01 1.00000000000000e+05 
1.17622381240369e+01 1.00000000000000e+05 
1.19650888349948e+01 1.00000000000000e+05 
1.21677288877747e+01 1.00000000000000e+05 
1.23702013159276e+01 1.00000000000000e+05 
1.25725982340610e+01 1.00000000000000e+05 
1.27748516426287e+01 1.00000000000000e+05 
1.29769249867640e+01 1.00000000000000e+05 
1.31787998828658e+01 1.00000000000000e+05 
1.33806014179065e+01 1.00000000000000e+05 
1.35822734033907e+01 1.00000000000000e+05 
1.37839887339651e+01 1.00000000000000e+05 
1.39857022015949e+01 1.00000000000000e+05 
1.41874661286692e+01 1.00000000000000e+05 
1.43892101845392e+01 1.00000000000000e+05 
1.45910326674531e+01 1.00000000000000e+05 
1.47929375836209e+01 1.00000000000000e+05 
1.49949695660416e+01 1.00000000000000e+05 
1.51971475723012e+01 1.00000000000000e+05 
1.53995487529939e+01 1.00000000000000e+05 
1.56020957788436e+01 1.00000000000000e+05 
1.58048076652820e+01 1.00000000000000e+05 
1.60076888558614e+01 1.00000000000000e+05 
1.62106850728960e+01 1.00000000000000e+05 
1.64138636363558e+01 1.00000000000000e+05 
1.66171481416695e+01 1.00000000000000e+05 
1.68205318926791e+01 1.00000000000000e+05 
1.70239717971818e+01 1.00000000000000e+05 
1.72274242526830e+01 1.00000000000000e+05 
1.74308511498678e+01 1.00000000000000e+05 
1.76342505270569e+01 1.00000000000000e+05 
1.78376212420556e+01 1.00000000000000e+05 
1.80409883913594e+01 1.00000000000000e+05 
1.82443050346869e+01 1.00000000000000e+05 
1.84474327837354e+01 1.00000000000000e+05 
1.86505503053125e+01 1.00000000000030e+05 
1.88535932316970e+01 1.00000000046337e+05 
1.90565608622741e+01 1.00000000595286e+05 
1.92594853707276e+01 1.00000001596717e+05 
1.94623796526000e+01 1.00000003427552e+05 
1.96652593507810e+01 1.00000007501034e+05 
1.98682128225951e+01 1.00000015919624e+05 
2.00712299723808e+01 1.00000031555570e+05 
2.02743632772251e+01 1.00000058894058e+05 
2.04775974201162e+01 1.00000106033393e+05 
2.06808993432005e+01 1.00000184133233e+05 
2.08842816624739e+01 1.00000322762336e+05 
2.10877109245459e+01 1.00000553122903e+05 
2.12911865561413e+01 1.00000886127039e+05 
2.14946542636065e+01 1.00001349269810e+05 
2.16979483115182e+01 1.00001979829663e+05 
2.19009928614698e+01 1.00002794031813e+05 
2.21039017811684e+01 1.00003928487825e+05 
2.23066497283774e+01 1.00005464783390e+05 
2.25092177015210e+01 1.00007238869876e+05 
2.27116581345214e+01 1.00009165843774e+05 
2.29139334651086e+01 1.00011220020515e+05 
2.31160467477100e+01 1.00013280419287e+05 
2.33179868862948e+01 1.00015606404965e+05 
2.35199180822287e+01 1.00018288154843e+05 
2.37218051763256e+01 1.00020833755721e+05 
2.39236768880851e+01 1.00022948652961e+05 
2.41255552893581e+01 1.00024671145260e+05 
2.43274126484990e+01 1.00026079186527e+05 
2.45293056915018e+01 1.00027482988041e+05 
2.47312963943893e+01 1.00029014394349e+05 
2.49333962174227e+01 1.00030039075461e+05 
2.51357213393038e+01 1.00030361147925e+05 
2.53382018572701e+01 1.00030128107238e+05 
2.55408488073704e+01 1.00029745599998e+05 
2.57436471827663e+01 1.00029334592146e+05 
2.59465698142901e+01 1.00028828925058e+05 
2.61496583369765e+01 1.00027541274756e+05 
2.63529142216749e+01 1.00025580126637e+05 
2.65562742668140e+01 1.00023213942264e+05 
2.67596972761635e+01 1.00020985203919e+05 
2.69631506643780e+01 1.00018695417858e+05 
2.71666356359982e+01 1.00016089832468e+05 
2.73700949757860e+01 1.00012853881644e+05 
2.75735042909555e+01 1.00009234927467e+05 
2.77768698215134e+01 1.00005510637465e+05 
2.79801634091441e+01 1.00002208752704e+05 
2.81832311137916e+01 9.99989149365315e+04 
2.83862493691881e+01 9.99952291553498e+04 
2.85892005667304e+01 9.99913788187306e+04 
2.87920289759177e+01 9.99876721877574e+04 
2.89947855911169e+01 9.99841872191882e+04 
2.91974758167431e+01 9.99813445073838e+04 
2.94001081727549e+01 9.99786431168050e+04 
2.96028174869848e+01 9.99756906516000e+04 
2.98055746712193e+01 9.99731187062472e+04 
3.00084175396436e+01 9.99712349372089e+04 
3.02113309117389e+01 9.99699696973936e+04 
3.04143391710080e+01 9.99692763412826e+04 
3.06174347641709e+01 9.99688970746028e+04 
3.08206359225875e+01 9.99685996523473e+04 
3.10238921252226e+01 9.99689316306487e+04 
3.12271617071788e+01 9.99700698144236e+04 
3.14304933723914e+01 9.99717187802611e+04 
3.16338559333766e+01 9.99734640076720e+04 
3.18371697100234e+01 9.99753774981112e+04 
3.20402940171543e+01 9.99775878929499e+04 
3.22432411366959e+01 9.99804577826727e+04 
3.24460329241944e+01 9.99838061787821e+04 
3.26486468730478e+01 9.99872492847426e+04 
3.28510694083674e+01 9.99902530150081e+04 
3.30532799861897e+01 9.99931400540844e+04 
3.32554482102955e+01 9.99962913299720e+04 
3.34575453553804e+01 9.99997408674669e+04 
3.36595641500324e+01 1.00003172216133e+05 
3.38615486883824e+01 1.00006376072431e+05 
3.40634799904239e+01 1.00008877321867e+05 
3.42653996408576e+01 1.00011097173727e+05 
3.44673939566842e+01 1.00013472428814e+05 
3.46694612546547e+01 1.00015707471765e+05 
3.48717036107216e+01 1.00017542380834e+05 
3.50740862371626e+01 1.00018948759652e+05 
3.52766015885758e+01 1.00019769145163e+05 
3.54793183147402e+01 1.00020220155975e+05 
3.56821412870120e+01 1.00020574028585e+05 
3.58851172271814e+01 1.00020504473349e+05 
3.60883109456795e+01 1.00019848739213e+05 
3.62916365042183e+01 1.00018796240181e+05 
3.64950404477902e+01 1.00017529873717e+05 
3.66984690806315e+01 1.00015958048513e+05 
3.69019364923025e+01 1.00014053921363e+05 
3.71054357283456e+01 1.00011579620614e+05 
3.73088956361505e+01 1.00008657212726e+05 
3.75123241222096e+01 1.00005601442766e+05 
3.77157068996436e+01 1.00002763011646e+05 
3.79188884208807e+01 9.99998036849861e+04 
3.81219429731373e+01 9.99964687514164e+04 
3.83249696414713e+01 9.99928011262181e+04 
3.85278282028840e+01 9.99891626531318e+04 
3.87305789313831e+01 9.99857907735274e+04 
3.89332338669238e+01 9.99830006994757e+04 
3.91357862752962e+01 9.99803223474874e+04 
3.93384030966966e+01 9.99774552953580e+04 
3.95410271713939e+01 9.99746769825035e+04 
3.97436993424354e+01 9.99724025683303e+04 
3.99463921856252e+01 9.99706818512591e+04 
4.01491654750551e+01 9.99695461997881e+04 
4.03520289195442e+01 9.99686712621709e+04 
4.05550048910795e+01 9.99678394132911e+04 
4.07580864187294e+01 9.99675490143821e+04 
4.09612286775592e+01 9.99680206862096e+04 
4.11644223380052e+01 9.99689611870795e+04 
4.13676607110112e+01 9.99701515398298e+04 
4.15709452306063e+01 9.99715685850516e+04 
4.17742442700769e+01 9.99732206132585e+04 
4.19775135223546e+01 9.99756905337707e+04 
4.21806564457985e+01 9.99787492806907e+04 
4.23835704544603e+01 9.99819629256715e+04 
4.25863222546333e+01 9.99849375538076e+04 
4.27888279196484e+01 9.99879445824928e+04 
4.29912615982889e+01 9.99911765335097e+04 
4.31935852435500e+01 9.99950787300075e+04 
4.33957815205678e+01 9.99991382881870e+04 
4.35978979487543e+01 1.00002885710083e+05 
4.37999304200929e+01 1.00005981585661e+05 
4.40019076885360e+01 1.00008901410624e+05 
4.42039337320145e+01 1.00012040474114e+05 
4.44060001538986e+01 1.00015353517305e+05 
4.46081858574393e+01 1.00018406213141e+05 
4.48104711684930e+01 1.00020850986007e+05 
4.50128451538969e+01 1.00022563385478e+05 
4.52153736753591e+01 1.00023985447838e+05 
4.54180340147901e+01 1.00025492984299e+05 
4.56208710244056e+01 1.00026647081505e+05 
4.58239099702678e+01 1.00027190277501e+05 
4.60270996589638e+01 1.00027112893521e+05 
4.62304657697298e+01 1.00026577937575e+05 
4.64338688960506e+01 1.00025746466978e+05 
4.66373017077841e+01 1.00024854202766e+05 
4.68407572598015e+01 1.00023207764834e+05 
4.70442546395734e+01 1.00020882381810e+05 
4.72477386480636e+01 1.00018292813555e+05 
4.74511939246332e+01 1.00015686674474e+05 
4.76545330594890e+01 1.00012922751904e+05 
4.78577067285611e+01 1.00009945501741e+05 
4.80608753693268e+01 1.00006215175977e+05 
4.82638354697416e+01 1.00002212103346e+05 
4.84666467540706e+01 9.99984051546155e+04 
4.86693473168333e+01 9.99951471772736e+04 
4.88719019249858e+01 9.99919768708202e+04 
4.90745027720318e+01 9.99885928732698e+04 
4.92770764391171e+01 9.99849450310940e+04 
4.94796476958813e+01 9.99814632651684e+04 
4.96822204167646e+01 9.99785840804628e+04 
4.98848222239144e+01 9.99764723771330e+04 
5.00874761862161e+01 9.99746847255788e+04 
5.02902390157782e+01 9.99728366961214e+04 
5.04931165644340e+01 9.99712509887181e+04 
5.06960805910771e+01 9.99702908842149e+04 
5.08991333423157e+01 9.99699202904500e+04 
5.11022578645217e+01 9.99701466959775e+04 
5.13054423763076e+01 9.99707167512974e+04 
5.15086548546338e+01 9.99713658753214e+04 
5.17119065645690e+01 9.99727833273096e+04 
5.19151950423545e+01 9.99748885863769e+04 
5.21183745006488e+01 9.99773007127461e+04 
5.23214088774139e+01 9.99797746497990e+04 
5.25242324010963e+01 9.99823468614159e+04 
5.27269607076205e+01 9.99852036381649e+04 
5.29295441731976e+01 9.99889065311951e+04 
5.31319496968064e+01 9.99929137059365e+04 
5.33342472842059e+01 9.99967177346646e+04 
5.35364267211515e+01 9.99999956393478e+04 
5.37385040812235e+01 1.00003161721484e+05 
5.39406083094777e+01 1.00006522473517e+05 
5.41427161596012e+01 1.00010355063610e+05 
5.43448835302565e+01 1.00014056703020e+05 
5.45471108975266e+01 1.00017243447859e+05 
5.47493910082137e+01 1.00019688215435e+05 
5.49517879790564e+01 1.00021891219605e+05 
5.51543020530474e+01 1.00024234959136e+05 
5.53569745540088e+01 1.00026474540358e+05 
5.55598668189212e+01 1.00028094534666e+05 
5.57629126136038e+01 1.00029117657109e+05 
5.59661352293277e+01 1.00029425317224e+05 
5.61694921057413e+01 1.00029348018889e+05 
5.63728862466536e+01 1.00029169458439e+05 
5.65762995126502e+01 1.00028296854477e+05 
5.67797565324227e+01 1.00026610049393e+05 
5.69832411929876e+01 1.00024526530954e+05 
5.71867575597213e+01 1.00022218851678e+05 
5.73902142438224e+01 1.00019572268769e+05 
5.75935504013974e+01 1.00016617237697e+05 
5.77968428105782e+01 1.00012730152393e+05 
5.79999523007818e+01 1.00008380414719e+05 
5.82028720166861e+01 1.00004153081723e+05 
5.84056737401209e+01 1.00000319466281e+05 
5.86082924096970e+01 9.99964990867633e+04 
5.88109369357781e+01 9.99924492582424e+04 
5.90135188227780e+01 9.99878851972580e+04 
5.92160540509742e+01 9.99834481371327e+04 
5.94185604009779e+01 9.99795843435151e+04 
5.96210526984744e+01 9.99766466898499e+04 
5.98235501837237e+01 9.99740678994650e+04 
6.00261485722220e+01 9.99713907554629e+04 
6.02288361841210e+01 9.99688418042000e+04 
6.04316638201486e+01 9.99669960226632e+04 
6.06345686020863e+01 9.99659253899786e+04 
6.08375671479841e+01 9.99657079047191e+04 
6.10406211004055e+01 9.99659547050416e+04 
6.12437426280142e+01 9.99663575128692e+04 
6.14469164445446e+01 9.99674534432432e+04 
6.16501210676312e+01 9.99693892902617e+04 
6.18533579475247e+01 9.99717991154833e+04 
6.20566264173889e+01 9.99744299735309e+04 
6.22597817220211e+01 9.99773951351768e+04 
6.24627995534665e+01 9.99807111376707e+04 
6.26656673735378e+01 9.99848884622406e+04 
6.28683131616467e+01 9.99895241069400e+04 
6.30708195650471e+01 9.99940150011480e+04 
6.32731804840720e+01 9.99979947973515e+04 
6.34753919046854e+01 1.00001907344736e+05 
6.36776034541254e+01 1.00006052842513e+05 
6.38797873688976e+01 1.00010681502588e+05 
6.40819738273611e+01 1.00015154502860e+05 
6.42841784067253e+01 1.00019057148088e+05 
6.44863959670241e+01 1.00022015464119e+05 
6.46886801912706e+01 1.00024621680888e+05 
6.48910662140103e+01 1.00027333899026e+05 
6.50935819241049e+01 1.00029962925580e+05 
6.52963226964966e+01 1.00031909427748e+05 
6.54992405740070e+01 1.00033063062516e+05 
6.57023188561443e+01 1.00033421581453e+05 
6.59055500692646e+01 1.00033350550691e+05 
6.61089027901603e+01 1.00033151866446e+05 
6.63122766649993e+01 1.00032325717023e+05 
6.65156872049080e+01 1.00030667511296e+05 
6.67191280630788e+01 1.00028522694425e+05 
6.69226164912726e+01 1.00026132233187e+05 
6.71261325074319e+01 1.00023427996995e+05 
6.73296169036911e+01 1.00020393177901e+05 
6.75330252299440e+01 1.00016530666950e+05 
6.77363198433455e+01 1.00012148438735e+05 
6.79393888572186e+01 1.00007809129486e+05 
6.81423368894994e+01 1.00003864116998e+05 
6.83450708709156e+01 9.99999521783654e+04 
6.85478069710537e+01 9.99958072920739e+04 
6.87504560574697e+01 9.99911152383169e+04 
6.89530120509714e+01 9.99864944520880e+04 
6.91555074049377e+01 9.99823806779396e+04 
6.93579506481004e+01 9.99791770831964e+04 
6.95603538262472e+01 9.99763374173649e+04 
6.97628467070184e+01 9.99733969016704e+04 
6.99654031500043e+01 9.99704777002207e+04 
7.01680675370484e+01 9.99681611948946e+04 
7.03708128597538e+01 9.99666121680760e+04 
7.05736643918905e+01 9.99659362549345e+04 
7.07765856443493e+01 9.99657467278979e+04 
7.09796045256010e+01 9.99656083029288e+04 
7.11826613299295e+01 9.99660467944509e+04 
7.13857897479778e+01 9.99673406325646e+04 
7.15889661007472e+01 9.99691742176661e+04 
7.17921459341708e+01 9.99713068338837e+04 
7.19953726252105e+01 9.99737560641227e+04 
7.21985718027617e+01 9.99765121593957e+04 
7.24016476186381e+01 9.99801467577142e+04 
7.26045430537818e+01 9.99843438306875e+04 
7.28072213299480e+01 9.99885617950299e+04 
7.30097805999067e+01 9.99923573783651e+04 
7.32121446685061e+01 9.99961266374025e+04 
7.34144836407241e+01 1.00000108785535e+05 
7.36167644759561e+01 1.00004681887189e+05 
7.38189887804541e+01 1.00009242679994e+05 
7.40211919750683e+01 1.00013320989045e+05 
7.42233714635407e+01 1.00016526369671e+05 
7.44255673633598e+01 1.00019398258376e+05 
7.46278498585127e+01 1.00022360861738e+05 
7.48302306656735e+01 1.00025429013523e+05 
7.50327937384072e+01 1.00027975282213e+05 
7.52355063125583e+01 1.00029790314073e+05 
7.54383722282391e+01 1.00030757211713e+05 
7.56414216244544e+01 1.00031265786971e+05 
7.58445981321123e+01 1.00031665325120e+05 
7.60479184214261e+01 1.00031641525221e+05 
7.62512929186171e+01 1.00030793390064e+05 
7.64546964242765e+01 1.00029370747766e+05 
7.66581350680706e+01 1.00027647793624e+05 
7.68616010200597e+01 1.00025587676597e+05 
7.70651079936182e+01 1.00023224071547e+05 
7.72686113724331e+01 1.00020114582196e+05 
7.74720611152207e+01 1.00016412227581e+05 
7.76753133911698e+01 1.00012627537201e+05 
7.78784461857672e+01 1.00009118709512e+05 
7.80813340565300e+01 1.00005576093061e+05 
7.82841986758304e+01 1.00001816242871e+05 
7.84869562928645e+01 9.99974405967885e+04 
7.86895714902216e+01 9.99930533837450e+04 
7.88920942905549e+01 9.99890862994163e+04 
7.90945315913393e+01 9.99858960648772e+04 
7.92968840114831e+01 9.99829741555619e+04 
7.94993122078064e+01 9.99799728402153e+04 
7.97017694779022e+01 9.99768146863948e+04 
7.99042936798559e+01 9.99740872730972e+04 
8.01068697501696e+01 9.99721151633410e+04 
8.03095192442820e+01 9.99709645220266e+04 
8.05122783411067e+01 9.99702586699324e+04 
8.07151532943511e+01 9.99697076329662e+04 
8.09180874917751e+01 9.99694940654774e+04 
8.11211009470289e+01 9.99700406559824e+04 
8.13241348982823e+01 9.99711800265723e+04 
8.15272528948804e+01 9.99727103096465e+04 
8.17303892546740e+01 9.99746144160842e+04 
8.19335573112213e+01 9.99768571860634e+04 
8.21368014274263e+01 9.99798320073724e+04 
8.23398733234911e+01 9.99834129818131e+04 
8.25427383975605e+01 9.99871284457765e+04 
8.27454995878572e+01 9.99905969693746e+04 
8.29480798671471e+01 9.99941193586910e+04 
8.31506062535737e+01 9.99979318487050e+04 
8.33530393401760e+01 1.00002306642125e+05 
8.35553612257224e+01 1.00006706412570e+05 
8.37576211955306e+01 1.00010690867326e+05 
8.39598226381276e+01 1.00013927783822e+05 
8.41619894017817e+01 1.00016916797263e+05 
8.43642239682605e+01 1.00019974730045e+05 
8.45665203012387e+01 1.00023216730369e+05 
8.47689483564908e+01 1.00026022087437e+05 
8.49714940232389e+01 1.00028049802943e+05 
8.51741579640687e+01 1.00029280380868e+05 
8.53769978718437e+01 1.00030073415881e+05 
8.55799804902041e+01 1.00030671750751e+05 
8.57831240408108e+01 1.00030972485057e+05 
8.59864536951827e+01 1.00030541809939e+05 
8.61898160798553e+01 1.00029487793767e+05 
8.63932062744392e+01 1.00028015573403e+05 
8.65966229319829e+01 1.00026209729751e+05 
8.68000940443101e+01 1.00024106487006e+05 
8.70035825837327e+01 1.00021358099594e+05 
8.72070843440491e+01 1.00018024974565e+05 
8.74105419344450e+01 1.00014515464063e+05 
8.76138267437083e+01 1.00011160212479e+05 
8.78169205534772e+01 1.00007732948866e+05 
8.80199632675196e+01 1.00004009336115e+05 
8.82228781681249e+01 9.99996965621045e+04 
8.84256106973253e+01 9.99953210518737e+04 
8.86282246424383e+01 9.99913016051302e+04 
8.88307219110573e+01 9.99879595612667e+04 
8.90330924047535e+01 9.99848259938993e+04 
8.92355207597714e+01 9.99815723770583e+04 
8.94379379157647e+01 9.99781611995087e+04 
8.96403799089431e+01 9.99751259293151e+04 
8.98428436218644e+01 9.99728714800034e+04 
9.00453482475632e+01 9.99713884673135e+04 
9.02479204282358e+01 9.99703144992071e+04 
9.04506070166489e+01 9.99693975701104e+04 
9.06534221098573e+01 9.99687271122727e+04 
9.08563074156330e+01 9.99687186973542e+04 
9.10592331034942e+01 9.99694976199288e+04 
9.12622364660194e+01 9.99707128499611e+04 
9.14653252837018e+01 9.99722710280522e+04 
9.16684271913442e+01 9.99741267558850e+04 
9.18715866137494e+01 9.99766203410179e+04 
9.20747842683971e+01 9.99797989069530e+04 
9.22778651165516e+01 9.99832452569104e+04 
9.24808149399466e+01 9.99865660938105e+04 
9.26836400845213e+01 9.99899750930764e+04 
9.28863873614108e+01 9.99937176059875e+04 
9.30890085767134e+01 9.99980926716695e+04 
9.32914663544503e+01 1.00002592470221e+05 
9.34938317764641e+01 1.00006767866611e+05 
9.36961022577806e+01 1.00010274495600e+05 
9.38982898525573e+01 1.00013571561120e+05 
9.41005250280928e+01 1.00016987115948e+05 
9.43027848548941e+01 1.00020663210499e+05 
9.45051224941694e+01 1.00023993239959e+05 
9.47075391235569e+01 1.00026573358095e+05 
9.49100356403763e+01 1.00028378411907e+05 
9.51126679959551e+01 1.00029758092463e+05 
9.53154338342254e+01 1.00030982317271e+05 
9.55183731288411e+01 1.00031979113287e+05 
9.57215113888919e+01 1.00032263886090e+05 
9.59247849047671e+01 1.00031783469649e+05 
9.61281201802749e+01 1.00030789847158e+05 
9.63314994562056e+01 1.00029422417165e+05 
9.65349076935859e+01 1.00027759746405e+05 
9.67383385387505e+01 1.00025501310433e+05 
9.69418207081187e+01 1.00022570354296e+05 
9.71453287818878e+01 1.00019326961855e+05 
9.73487757563585e+01 1.00016154999901e+05 
9.75521003395735e+01 1.00012876355536e+05 
9.77553203876417e+01 1.00009269067876e+05 
9.79584256456356e+01 1.00004995235127e+05 
9.81613154578645e+01 1.00000539398581e+05 
9.83640728139437e+01 9.99963593490975e+04 
9.85666800715794e+01 9.99927639101477e+04 
9.87691229821461e+01 9.99893555996727e+04 
9.89716027992200e+01 9.99858116559775e+04 
9.91740397132955e+01 9.99819523469341e+04 
9.93764536462670e+01 9.99784248853505e+04 
9.95788576239822e+01 9.99756072763296e+04 
9.97812656950711e+01 9.99736316187796e+04 
9.99837025244658e+01 9.99720696499771e+04 
1.00186246746907e+02 9.99706046822335e+04 
