# Liste des scalaires : TEMPS pmat 
0.00000000000000e+00 1.00000000000000e+05 
2.04081632653061e-01 1.00000000000000e+05 
4.08042165141975e-01 1.00000000000000e+05 
6.11832106953319e-01 1.00000000000000e+05 
8.15421737498182e-01 1.00000000000000e+05 
1.01884831470558e+00 1.00000000000000e+05 
1.22207818930831e+00 1.00000000000000e+05 
1.42513098547652e+00 1.00000000000000e+05 
1.62798725493260e+00 1.00000000000000e+05 
1.83053493087979e+00 1.00000000000000e+05 
2.03291905653503e+00 1.00000000000000e+05 
2.23520224592158e+00 1.00000000000000e+05 
2.43733969254296e+00 1.00000000000000e+05 
2.63931827049832e+00 1.00000000000000e+05 
2.84120332396323e+00 1.00000000000000e+05 
3.04297858176904e+00 1.00000000000000e+05 
3.24460591464334e+00 1.00000000000000e+05 
3.44612291562131e+00 1.00000000000000e+05 
3.64760922308227e+00 1.00000000000000e+05 
3.84909249851467e+00 1.00000000000000e+05 
4.05064469773747e+00 1.00000000000000e+05 
4.25222294222906e+00 1.00000000000000e+05 
4.45380035517506e+00 1.00000000000000e+05 
4.65542063364273e+00 1.00000000000000e+05 
4.85715243419261e+00 1.00000000000000e+05 
5.05906045928525e+00 1.00000000000000e+05 
5.26119401899534e+00 1.00000000000000e+05 
5.46347898380931e+00 1.00000000000000e+05 
5.66591894484892e+00 1.00000000000000e+05 
5.86852800362132e+00 1.00000000000000e+05 
6.07136345597011e+00 1.00000000000000e+05 
6.27438265108359e+00 1.00000000000000e+05 
6.47752964045090e+00 1.00000000000000e+05 
6.68089073121200e+00 1.00000000000000e+05 
6.88429870550576e+00 1.00000000000000e+05 
7.08769636443068e+00 1.00000000000000e+05 
7.29110827962174e+00 1.00000000000000e+05 
7.49449373816632e+00 1.00000000000000e+05 
7.69790617884871e+00 1.00000000000000e+05 
7.90135044231191e+00 1.00000000000000e+05 
8.10473659770851e+00 1.00000000000000e+05 
8.30800948139133e+00 1.00000000000000e+05 
8.51115234273433e+00 1.00000000000000e+05 
8.71416193711340e+00 1.00000000000000e+05 
8.91719900347831e+00 1.00000000000000e+05 
9.12020204041872e+00 1.00000000000000e+05 
9.32319297435189e+00 1.00000000000000e+05 
9.52619174127014e+00 1.00000000000000e+05 
9.72921908834018e+00 1.00000000000000e+05 
9.93229912946381e+00 1.00000000000000e+05 
1.01354642235065e+01 1.00000000000000e+05 
1.03387225987006e+01 1.00000000000000e+05 
1.05420932760412e+01 1.00000000000000e+05 
1.07455601602491e+01 1.00000000000000e+05 
1.09490636153785e+01 1.00000000000000e+05 
1.11525952040860e+01 1.00000000000000e+05 
1.13559908728595e+01 1.00000000000000e+05 
1.15591577617810e+01 1.00000000000000e+05 
1.17622381240369e+01 1.00000000000000e+05 
1.19650888349948e+01 1.00000000000000e+05 
1.21677288877747e+01 1.00000000000000e+05 
1.23702013159276e+01 1.00000000000000e+05 
1.25725982340610e+01 1.00000000000000e+05 
1.27748516426287e+01 1.00000000000000e+05 
1.29769249867640e+01 1.00000000000000e+05 
1.31787998828658e+01 1.00000000000000e+05 
1.33806014179065e+01 1.00000000000000e+05 
1.35822734033907e+01 1.00000000000000e+05 
1.37839887339651e+01 1.00000000000000e+05 
1.39857022015949e+01 1.00000000000000e+05 
1.41874661286692e+01 1.00000000000000e+05 
1.43892101845392e+01 1.00000000000000e+05 
1.45910326674531e+01 1.00000000000000e+05 
1.47929375836209e+01 1.00000000000000e+05 
1.49949695660416e+01 1.00000000000000e+05 
1.51971475723012e+01 1.00000000000000e+05 
1.53995487529939e+01 1.00000000000000e+05 
1.56020957788436e+01 1.00000000000000e+05 
1.58048076652820e+01 1.00000000000000e+05 
1.60076888558614e+01 1.00000000000000e+05 
1.62106850728960e+01 1.00000000000000e+05 
1.64138636363558e+01 1.00000000000000e+05 
1.66171481416695e+01 1.00000000000000e+05 
1.68205318926791e+01 1.00000000000000e+05 
1.70239717971818e+01 1.00000000000000e+05 
1.72274242526830e+01 1.00000000000000e+05 
1.74308511498678e+01 1.00000000000000e+05 
1.76342505270569e+01 1.00000000000000e+05 
1.78376212420556e+01 1.00000000000000e+05 
1.80409883913594e+01 1.00000000000000e+05 
1.82443050346869e+01 1.00000000000000e+05 
1.84474327837354e+01 1.00000000000000e+05 
1.86505503053125e+01 1.00000000000000e+05 
1.88535932316970e+01 1.00000000000000e+05 
1.90565608622741e+01 1.00000000000000e+05 
1.92594853707276e+01 1.00000000000000e+05 
1.94623796526000e+01 1.00000000000000e+05 
1.96652593507810e+01 1.00000000000000e+05 
1.98682128225951e+01 1.00000000000000e+05 
2.00712299723808e+01 1.00000000000000e+05 
2.02743632772251e+01 1.00000000000000e+05 
2.04775974201162e+01 1.00000000000000e+05 
2.06808993432005e+01 1.00000000000000e+05 
2.08842816624739e+01 1.00000000000000e+05 
2.10877109245459e+01 1.00000000000000e+05 
2.12911865561413e+01 1.00000000000000e+05 
2.14946542636065e+01 1.00000000000000e+05 
2.16979483115182e+01 1.00000000000000e+05 
2.19009928614698e+01 1.00000000000000e+05 
2.21039017811684e+01 1.00000000000000e+05 
2.23066497283774e+01 1.00000000000000e+05 
2.25092177015210e+01 1.00000000000000e+05 
2.27116581345214e+01 1.00000000000000e+05 
2.29139334651086e+01 1.00000000000000e+05 
2.31160467477100e+01 1.00000000000000e+05 
2.33179868862948e+01 1.00000000000000e+05 
2.35199180822287e+01 1.00000000000000e+05 
2.37218051763256e+01 1.00000000000000e+05 
2.39236768880851e+01 1.00000000000000e+05 
2.41255552893581e+01 1.00000000000000e+05 
2.43274126484990e+01 1.00000000000000e+05 
2.45293056915018e+01 1.00000000000000e+05 
2.47312963943893e+01 1.00000000000000e+05 
2.49333962174227e+01 1.00000000000000e+05 
2.51357213393038e+01 1.00000000000000e+05 
2.53382018572701e+01 1.00000000000000e+05 
2.55408488073704e+01 1.00000000000000e+05 
2.57436471827663e+01 1.00000000000000e+05 
2.59465698142901e+01 1.00000000000000e+05 
2.61496583369765e+01 1.00000000000000e+05 
2.63529142216749e+01 1.00000000000000e+05 
2.65562742668140e+01 1.00000000000002e+05 
2.67596972761635e+01 1.00000000000028e+05 
2.69631506643780e+01 1.00000000000080e+05 
2.71666356359982e+01 1.00000000004920e+05 
2.73700949757860e+01 1.00000000258232e+05 
2.75735042909555e+01 1.00000000909199e+05 
2.77768698215134e+01 1.00000001836595e+05 
2.79801634091441e+01 1.00000003310411e+05 
2.81832311137916e+01 1.00000006362870e+05 
2.83862493691881e+01 1.00000013061763e+05 
2.85892005667304e+01 1.00000027101677e+05 
2.87920289759177e+01 1.00000053178665e+05 
2.89947855911169e+01 1.00000092883829e+05 
2.91974758167431e+01 1.00000159469696e+05 
2.94001081727549e+01 1.00000272549243e+05 
2.96028174869848e+01 1.00000476750043e+05 
2.98055746712193e+01 1.00000812294120e+05 
3.00084175396436e+01 1.00001299008028e+05 
3.02113309117389e+01 1.00001875567708e+05 
3.04143391710080e+01 1.00002625816328e+05 
3.06174347641709e+01 1.00003572282442e+05 
3.08206359225875e+01 1.00004907417989e+05 
3.10238921252226e+01 1.00006584348871e+05 
3.12271617071788e+01 1.00008428289880e+05 
3.14304933723914e+01 1.00009971428344e+05 
3.16338559333766e+01 1.00011380333494e+05 
3.18371697100234e+01 1.00012673323158e+05 
3.20402940171543e+01 1.00014364286127e+05 
3.22432411366959e+01 1.00016218600696e+05 
3.24460329241944e+01 1.00017952859644e+05 
3.26486468730478e+01 1.00018854031827e+05 
3.28510694083674e+01 1.00019185382005e+05 
3.30532799861897e+01 1.00019255396081e+05 
3.32554482102955e+01 1.00019784588725e+05 
3.34575453553804e+01 1.00020540504804e+05 
3.36595641500324e+01 1.00021175612879e+05 
3.38615486883824e+01 1.00021036034333e+05 
3.40634799904239e+01 1.00020125745381e+05 
3.42653996408576e+01 1.00018905425148e+05 
3.44673939566842e+01 1.00017999495236e+05 
3.46694612546547e+01 1.00017313969892e+05 
3.48717036107216e+01 1.00016594959356e+05 
3.50740862371626e+01 1.00015341680316e+05 
3.52766015885758e+01 1.00013294791096e+05 
3.54793183147402e+01 1.00010931265229e+05 
3.56821412870120e+01 1.00008552719128e+05 
3.58851172271814e+01 1.00006406477311e+05 
3.60883109456795e+01 1.00004448159550e+05 
3.62916365042183e+01 1.00002561989966e+05 
3.64950404477902e+01 1.00000178646955e+05 
3.66984690806315e+01 9.99976455449966e+04 
3.69019364923025e+01 9.99947505759440e+04 
3.71054357283456e+01 9.99920765093360e+04 
3.73088956361505e+01 9.99898267510260e+04 
3.75123241222096e+01 9.99883403907351e+04 
3.77157068996436e+01 9.99869163451209e+04 
3.79188884208807e+01 9.99854718017840e+04 
3.81219429731373e+01 9.99833751670473e+04 
3.83249696414713e+01 9.99813805289906e+04 
3.85278282028840e+01 9.99799357808635e+04 
3.87305789313831e+01 9.99796263830646e+04 
3.89332338669238e+01 9.99800843673347e+04 
3.91357862752962e+01 9.99804967368674e+04 
3.93384030966966e+01 9.99802308708642e+04 
3.95410271713939e+01 9.99798294335116e+04 
3.97436993424354e+01 9.99798427001019e+04 
3.99463921856252e+01 9.99808036097405e+04 
4.01491654750551e+01 9.99828202651583e+04 
4.03520289195442e+01 9.99850952033706e+04 
4.05550048910795e+01 9.99868682139908e+04 
4.07580864187294e+01 9.99882218114349e+04 
4.09612286775592e+01 9.99895416928454e+04 
4.11644223380052e+01 9.99913005184120e+04 
4.13676607110112e+01 9.99939229217075e+04 
4.15709452306063e+01 9.99967613746989e+04 
4.17742442700769e+01 9.99995285694130e+04 
4.19775135223546e+01 1.00001773693496e+05 
4.21806564457985e+01 1.00003573088398e+05 
4.23835704544603e+01 1.00005003370850e+05 
4.25863222546333e+01 1.00006766569103e+05 
4.27888279196484e+01 1.00008688179758e+05 
4.29912615982889e+01 1.00010927613646e+05 
4.31935852435500e+01 1.00012804188976e+05 
4.33957815205678e+01 1.00014095380116e+05 
4.35978979487543e+01 1.00014512966678e+05 
4.37999304200929e+01 1.00014684772782e+05 
4.40019076885360e+01 1.00014926706857e+05 
4.42039337320145e+01 1.00015696752970e+05 
4.44060001538986e+01 1.00016310562344e+05 
4.46081858574393e+01 1.00016369958854e+05 
4.48104711684930e+01 1.00015430493415e+05 
4.50128451538969e+01 1.00013726507229e+05 
4.52153736753591e+01 1.00011941005599e+05 
4.54180340147901e+01 1.00010550548278e+05 
4.56208710244056e+01 1.00009314274691e+05 
4.58239099702678e+01 1.00007829540845e+05 
4.60270996589638e+01 1.00005793807403e+05 
4.62304657697298e+01 1.00002967177675e+05 
4.64338688960506e+01 9.99999643228652e+04 
4.66373017077841e+01 9.99969188392110e+04 
4.68407572598015e+01 9.99941719351683e+04 
4.70442546395734e+01 9.99916678806300e+04 
4.72477386480636e+01 9.99895237522836e+04 
4.74511939246332e+01 9.99870532746967e+04 
4.76545330594890e+01 9.99844932255644e+04 
4.78577067285611e+01 9.99814683380691e+04 
4.80608753693268e+01 9.99787037432075e+04 
4.82638354697416e+01 9.99765497974652e+04 
4.84666467540706e+01 9.99755642750381e+04 
4.86693473168333e+01 9.99750627033089e+04 
4.88719019249858e+01 9.99746126849899e+04 
4.90745027720318e+01 9.99734315605058e+04 
4.92770764391171e+01 9.99723560740472e+04 
4.94796476958813e+01 9.99719194028495e+04 
4.96822204167646e+01 9.99727772018399e+04 
4.98848222239144e+01 9.99747330725385e+04 
5.00874761862161e+01 9.99769429471004e+04 
5.02902390157782e+01 9.99785593732852e+04 
5.04931165644340e+01 9.99799148163386e+04 
5.06960805910771e+01 9.99815379998433e+04 
5.08991333423157e+01 9.99840086094836e+04 
5.11022578645217e+01 9.99876192885295e+04 
5.13054423763076e+01 9.99914449258188e+04 
5.15086548546338e+01 9.99951482013765e+04 
5.17119065645690e+01 9.99983210694115e+04 
5.19151950423545e+01 1.00001145515880e+05 
5.21183745006488e+01 1.00003759397014e+05 
5.23214088774139e+01 1.00006955807090e+05 
5.25242324010963e+01 1.00010311971257e+05 
5.27269607076205e+01 1.00014043443241e+05 
5.29295441731976e+01 1.00017265701841e+05 
5.31319496968064e+01 1.00019693847799e+05 
5.33342472842059e+01 1.00021030890453e+05 
5.35364267211515e+01 1.00022124838787e+05 
5.37385040812235e+01 1.00023233613525e+05 
5.39406083094777e+01 1.00025094413226e+05 
5.41427161596012e+01 1.00026626589560e+05 
5.43448835302565e+01 1.00027329697108e+05 
5.45471108975266e+01 1.00026622035721e+05 
5.47493910082137e+01 1.00025004317105e+05 
5.49517879790564e+01 1.00023308169496e+05 
5.51543020530474e+01 1.00022346458333e+05 
5.53569745540088e+01 1.00021512559546e+05 
5.55598668189212e+01 1.00020175042656e+05 
5.57629126136038e+01 1.00017772541166e+05 
5.59661352293277e+01 1.00014174062974e+05 
5.61694921057413e+01 1.00010434081097e+05 
5.63728862466536e+01 1.00007039944723e+05 
5.65762995126502e+01 1.00004142554922e+05 
5.67797565324227e+01 1.00001456608815e+05 
5.69832411929876e+01 9.99987389033681e+04 
5.71867575597213e+01 9.99952813386237e+04 
5.73902142438224e+01 9.99916878389240e+04 
5.75935504013974e+01 9.99878656312622e+04 
5.77968428105782e+01 9.99845954260931e+04 
5.79999523007818e+01 9.99820881211996e+04 
5.82028720166861e+01 9.99805831702102e+04 
5.84056737401209e+01 9.99791182020002e+04 
5.86082924096970e+01 9.99775727391894e+04 
5.88109369357781e+01 9.99752802325998e+04 
5.90135188227780e+01 9.99732996458816e+04 
5.92160540509742e+01 9.99721259239375e+04 
5.94185604009779e+01 9.99724858918201e+04 
5.96210526984744e+01 9.99736919116065e+04 
5.98235501837237e+01 9.99749444765190e+04 
6.00261485722220e+01 9.99753396166482e+04 
6.02288361841210e+01 9.99756011652640e+04 
6.04316638201486e+01 9.99763812976015e+04 
6.06345686020863e+01 9.99783644915100e+04 
6.08375671479841e+01 9.99815689846952e+04 
6.10406211004055e+01 9.99849745694170e+04 
6.12437426280142e+01 9.99879658018936e+04 
6.14469164445446e+01 9.99903825312332e+04 
6.16501210676312e+01 9.99925542957781e+04 
6.18533579475247e+01 9.99949846926563e+04 
6.20566264173889e+01 9.99983380392855e+04 
6.22597817220211e+01 1.00001888106368e+05 
6.24627995534665e+01 1.00005585343566e+05 
6.26656673735378e+01 1.00008616559728e+05 
6.28683131616467e+01 1.00010896722657e+05 
6.30708195650471e+01 1.00012405907214e+05 
6.32731804840720e+01 1.00014111918348e+05 
6.34753919046854e+01 1.00015989252921e+05 
6.36776034541254e+01 1.00018570086216e+05 
6.38797873688976e+01 1.00020744412137e+05 
6.40819738273611e+01 1.00022085878042e+05 
6.42841784067253e+01 1.00022059738731e+05 
6.44863959670241e+01 1.00021329004810e+05 
6.46886801912706e+01 1.00020899716310e+05 
6.48910662140103e+01 1.00021255609697e+05 
6.50935819241049e+01 1.00021588636465e+05 
6.52963226964966e+01 1.00021443249261e+05 
6.54992405740070e+01 1.00019924017382e+05 
6.57023188561443e+01 1.00017121223608e+05 
6.59055500692646e+01 1.00014253246262e+05 
6.61089027901603e+01 1.00011997611666e+05 
6.63122766649993e+01 1.00010197502675e+05 
6.65156872049080e+01 1.00008389800673e+05 
6.67191280630788e+01 1.00005987763934e+05 
6.69226164912726e+01 1.00002590024777e+05 
6.71261325074319e+01 9.99990128669683e+04 
6.73296169036911e+01 9.99953876448983e+04 
6.75330252299440e+01 9.99924016541431e+04 
6.77363198433455e+01 9.99899888669152e+04 
6.79393888572186e+01 9.99881685687679e+04 
6.81423368894994e+01 9.99860122496652e+04 
6.83450708709156e+01 9.99836832420990e+04 
6.85478069710537e+01 9.99807842478859e+04 
6.87504560574697e+01 9.99782709128323e+04 
6.89530120509714e+01 9.99765537467119e+04 
6.91555074049377e+01 9.99762218453760e+04 
6.93579506481004e+01 9.99764311528254e+04 
6.95603538262472e+01 9.99765364603031e+04 
6.97628467070184e+01 9.99758668480786e+04 
6.99654031500043e+01 9.99752655902067e+04 
7.01680675370484e+01 9.99752660037946e+04 
7.03708128597538e+01 9.99766325961107e+04 
7.05736643918905e+01 9.99792165931806e+04 
7.07765856443493e+01 9.99819469618866e+04 
7.09796045256010e+01 9.99841254418706e+04 
7.11826613299295e+01 9.99858977122029e+04 
7.13857897479778e+01 9.99877485909233e+04 
7.15889661007472e+01 9.99902219834561e+04 
7.17921459341708e+01 9.99937025849515e+04 
7.19953726252105e+01 9.99973653997929e+04 
7.21985718027617e+01 1.00001058397975e+05 
7.24016476186381e+01 1.00004109984241e+05 
7.26045430537818e+01 1.00006642772425e+05 
7.28072213299480e+01 1.00008664076972e+05 
7.30097805999067e+01 1.00011051450988e+05 
7.32121446685061e+01 1.00013647041293e+05 
7.34144836407241e+01 1.00016771459550e+05 
7.36167644759561e+01 1.00019454561461e+05 
7.38189887804541e+01 1.00021362437136e+05 
7.40211919750683e+01 1.00021932228779e+05 
7.42233714635407e+01 1.00022075266013e+05 
7.44255673633598e+01 1.00022317292297e+05 
7.46278498585127e+01 1.00023391253671e+05 
7.48302306656735e+01 1.00024325944193e+05 
7.50327937384072e+01 1.00024517260759e+05 
7.52355063125583e+01 1.00023364568147e+05 
7.54383722282391e+01 1.00021053318938e+05 
7.56414216244544e+01 1.00018627613042e+05 
7.58445981321123e+01 1.00016861122510e+05 
7.60479184214261e+01 1.00015446617462e+05 
7.62512929186171e+01 1.00013807355243e+05 
7.64546964242765e+01 1.00011355807090e+05 
7.66581350680706e+01 1.00007771576346e+05 
7.68616010200597e+01 1.00003987525804e+05 
7.70651079936182e+01 1.00000295392890e+05 
7.72686113724331e+01 9.99971913277493e+04 
7.74720611152207e+01 9.99945239227333e+04 
7.76753133911698e+01 9.99922005152303e+04 
7.78784461857672e+01 9.99893669890108e+04 
7.80813340565300e+01 9.99863379629862e+04 
7.82841986758304e+01 9.99828064826603e+04 
7.84869562928645e+01 9.99797772467998e+04 
7.86895714902216e+01 9.99775460861625e+04 
7.88920942905549e+01 9.99766220731161e+04 
7.90945315913393e+01 9.99760783930882e+04 
7.92968840114831e+01 9.99754763686457e+04 
7.94993122078064e+01 9.99740595565833e+04 
7.97017694779022e+01 9.99728401157959e+04 
7.99042936798559e+01 9.99723926834917e+04 
8.01068697501696e+01 9.99733943284762e+04 
8.03095192442820e+01 9.99755285914897e+04 
8.05122783411067e+01 9.99778233480180e+04 
8.07151532943511e+01 9.99794444984297e+04 
8.09180874917751e+01 9.99807678726852e+04 
8.11211009470289e+01 9.99823907343028e+04 
8.13241348982823e+01 9.99849177067722e+04 
8.15272528948804e+01 9.99886074756931e+04 
8.17303892546740e+01 9.99924860320867e+04 
8.19335573112213e+01 9.99961977066618e+04 
8.21368014274263e+01 9.99993052274724e+04 
8.23398733234911e+01 1.00002005963672e+05 
8.25427383975605e+01 1.00004465902259e+05 
8.27454995878572e+01 1.00007534788316e+05 
8.29480798671471e+01 1.00010818928283e+05 
8.31506062535737e+01 1.00014522803545e+05 
8.33530393401760e+01 1.00017698393478e+05 
8.35553612257224e+01 1.00020051386439e+05 
8.37576211955306e+01 1.00021206177105e+05 
8.39598226381276e+01 1.00022119373111e+05 
8.41619894017817e+01 1.00023131927926e+05 
8.43642239682605e+01 1.00024946319542e+05 
8.45665203012387e+01 1.00026505560492e+05 
8.47689483564908e+01 1.00027200907508e+05 
8.49714940232389e+01 1.00026385770070e+05 
8.51741579640687e+01 1.00024521388849e+05 
8.53769978718437e+01 1.00022594016835e+05 
8.55799804902041e+01 1.00021448183703e+05 
8.57831240408108e+01 1.00020566374786e+05 
8.59864536951827e+01 1.00019284258206e+05 
8.61898160798553e+01 1.00016897434742e+05 
8.63932062744392e+01 1.00013252563613e+05 
8.65966229319829e+01 1.00009429927959e+05 
8.68000940443101e+01 1.00005906271938e+05 
8.70035825837327e+01 1.00002996151585e+05 
8.72070843440491e+01 1.00000412120982e+05 
8.74105419344450e+01 9.99978438801868e+04 
8.76138267437083e+01 9.99944920141503e+04 
8.78169205534772e+01 9.99909506289998e+04 
8.80199632675196e+01 9.99870803628754e+04 
8.82228781681249e+01 9.99838330928290e+04 
8.84256106973253e+01 9.99814427299660e+04 
8.86282246424383e+01 9.99801389875786e+04 
8.88307219110573e+01 9.99789339729694e+04 
8.90330924047535e+01 9.99776337719022e+04 
8.92355207597714e+01 9.99755638453648e+04 
8.94379379157647e+01 9.99738710332065e+04 
8.96403799089431e+01 9.99730673128441e+04 
8.98428436218644e+01 9.99738062882204e+04 
9.00453482475632e+01 9.99754853339139e+04 
9.02479204282358e+01 9.99772223987408e+04 
9.04506070166489e+01 9.99782348312408e+04 
9.06534221098573e+01 9.99791143548567e+04 
9.08563074156330e+01 9.99804618944985e+04 
9.10592331034942e+01 9.99828862455889e+04 
9.12622364660194e+01 9.99864924472824e+04 
9.14653252837018e+01 9.99902378742321e+04 
9.16684271913442e+01 9.99936793781808e+04 
9.18715866137494e+01 9.99965659777173e+04 
9.20747842683971e+01 9.99991599378424e+04 
9.22778651165516e+01 1.00001778454858e+05 
9.24808149399466e+01 1.00005136279991e+05 
9.26836400845213e+01 1.00008644304983e+05 
9.28863873614108e+01 1.00012430554474e+05 
9.30890085767134e+01 1.00015612726745e+05 
9.32914663544503e+01 1.00018006366074e+05 
9.34938317764641e+01 1.00019409439520e+05 
9.36961022577806e+01 1.00020753629750e+05 
9.38982898525573e+01 1.00022179682488e+05 
9.41005250280928e+01 1.00024335067985e+05 
9.43027848548941e+01 1.00026094330717e+05 
9.45051224941694e+01 1.00026963460535e+05 
9.47075391235569e+01 1.00026308549140e+05 
9.49100356403763e+01 1.00024809497710e+05 
9.51126679959551e+01 1.00023321579262e+05 
9.53154338342254e+01 1.00022613379843e+05 
9.55183731288411e+01 1.00022055985014e+05 
9.57215113888919e+01 1.00020972920359e+05 
9.59247849047671e+01 1.00018726322095e+05 
9.61281201802749e+01 1.00015266993583e+05 
9.63314994562056e+01 1.00011671601839e+05 
9.65349076935859e+01 1.00008457952778e+05 
9.67383385387505e+01 1.00005752457622e+05 
9.69418207081187e+01 1.00003262476593e+05 
9.71453287818878e+01 1.00000569226998e+05 
9.73487757563585e+01 9.99970077788583e+04 
9.75521003395735e+01 9.99932765271705e+04 
9.77553203876417e+01 9.99893087006901e+04 
9.79584256456356e+01 9.99859529829215e+04 
9.81613154578645e+01 9.99834072077796e+04 
9.83640728139437e+01 9.99818209067853e+04 
9.85666800715794e+01 9.99801866195912e+04 
9.87691229821461e+01 9.99784584109388e+04 
9.89716027992200e+01 9.99760211769775e+04 
9.91740397132955e+01 9.99739935856547e+04 
9.93764536462670e+01 9.99728566956661e+04 
9.95788576239822e+01 9.99732809547345e+04 
9.97812656950711e+01 9.99745018098492e+04 
9.99837025244658e+01 9.99757135179232e+04 
1.00186246746907e+02 9.99761257634556e+04 
