# Liste des scalaires : TEMPS pmat 
0.00000000000000e+00 1.00000000000000e+05 
2.04081632653061e-01 1.00000000000000e+05 
4.08042165141975e-01 1.00000000000000e+05 
6.11832106953319e-01 1.00000000000000e+05 
8.15421737498182e-01 1.00000000000000e+05 
1.01884831470558e+00 1.00000000000000e+05 
1.22207818930831e+00 1.00000000000000e+05 
1.42513098547652e+00 1.00000000000000e+05 
1.62798725493260e+00 1.00000000000000e+05 
1.83053493087979e+00 1.00000000000000e+05 
2.03291905653503e+00 1.00000000000000e+05 
2.23520224592158e+00 1.00000000000000e+05 
2.43733969254296e+00 1.00000000000000e+05 
2.63931827049832e+00 1.00000000000000e+05 
2.84120332396323e+00 1.00000000000000e+05 
3.04297858176904e+00 1.00000000000000e+05 
3.24460591464334e+00 1.00000000000000e+05 
3.44612291562131e+00 1.00000000000000e+05 
3.64760922308227e+00 1.00000000000000e+05 
3.84909249851467e+00 1.00000000000000e+05 
4.05064469773747e+00 1.00000000000000e+05 
4.25222294222906e+00 1.00000000000000e+05 
4.45380035517506e+00 1.00000000000000e+05 
4.65542063364273e+00 1.00000000000000e+05 
4.85715243419261e+00 1.00000000000000e+05 
5.05906045928525e+00 1.00000000000000e+05 
5.26119401899534e+00 1.00000000000000e+05 
5.46347898380931e+00 1.00000000000000e+05 
5.66591894484892e+00 1.00000000000000e+05 
5.86852800362132e+00 1.00000000000000e+05 
6.07136345597011e+00 1.00000000000000e+05 
6.27438265108359e+00 1.00000000000000e+05 
6.47752964045090e+00 1.00000000000000e+05 
6.68089073121200e+00 1.00000000000000e+05 
6.88429870550576e+00 1.00000000000000e+05 
7.08769636443068e+00 1.00000000000000e+05 
7.29110827962174e+00 1.00000000000000e+05 
7.49449373816632e+00 1.00000000000000e+05 
7.69790617884871e+00 1.00000000000000e+05 
7.90135044231191e+00 1.00000000000000e+05 
8.10473659770851e+00 1.00000000000000e+05 
8.30800948139133e+00 1.00000000000000e+05 
8.51115234273433e+00 1.00000000000000e+05 
8.71416193711340e+00 1.00000000000000e+05 
8.91719900347831e+00 1.00000000000000e+05 
9.12020204041872e+00 1.00000000000004e+05 
9.32319297435189e+00 1.00000000000090e+05 
9.52619174127014e+00 1.00000000003223e+05 
9.72921908834018e+00 1.00000000175374e+05 
9.93229912946381e+00 1.00000000734751e+05 
1.01354642235065e+01 1.00000002878577e+05 
1.03387225987006e+01 1.00000008455132e+05 
1.05420932760412e+01 1.00000024413498e+05 
1.07455601602491e+01 1.00000071001409e+05 
1.09490636153785e+01 1.00000167088436e+05 
1.11525952040860e+01 1.00000396546064e+05 
1.13559908728595e+01 1.00000940138657e+05 
1.15591577617810e+01 1.00001779200933e+05 
1.17622381240369e+01 1.00003199370063e+05 
1.19650888349948e+01 1.00005730415712e+05 
1.21677288877747e+01 1.00009483935231e+05 
1.23702013159276e+01 1.00014541794069e+05 
1.25725982340610e+01 1.00022977926323e+05 
1.27748516426287e+01 1.00031441611282e+05 
1.29769249867640e+01 1.00039649671933e+05 
1.31787998828658e+01 1.00048404841611e+05 
1.33806014179065e+01 1.00058877352079e+05 
1.35822734033907e+01 1.00067524355220e+05 
1.37839887339651e+01 1.00079060285999e+05 
1.39857022015949e+01 1.00085943012498e+05 
1.41874661286692e+01 1.00086409084712e+05 
1.43892101845392e+01 1.00083752058311e+05 
1.45910326674531e+01 1.00080324897956e+05 
1.47929375836209e+01 1.00081394676309e+05 
1.49949695660416e+01 1.00083051781660e+05 
1.51971475723012e+01 1.00080285823708e+05 
1.53995487529939e+01 1.00072777578156e+05 
1.56020957788436e+01 1.00060520269962e+05 
1.58048076652820e+01 1.00041661107258e+05 
1.60076888558614e+01 1.00037061777659e+05 
1.62106850728960e+01 1.00031417427293e+05 
1.64138636363558e+01 1.00022754970988e+05 
1.66171481416695e+01 1.00014058565939e+05 
1.68205318926791e+01 1.00001006983141e+05 
1.70239717971818e+01 9.99780749301635e+04 
1.72274242526830e+01 9.99718213278905e+04 
1.74308511498678e+01 9.99626818050932e+04 
1.76342505270569e+01 9.99547600571748e+04 
1.78376212420556e+01 9.99507312473962e+04 
1.80409883913594e+01 9.99450357701079e+04 
1.82443050346869e+01 9.99305484000998e+04 
1.84474327837354e+01 9.99246203425189e+04 
1.86505503053125e+01 9.99171407626635e+04 
1.88535932316970e+01 9.99148669578553e+04 
1.90565608622741e+01 9.99178699738184e+04 
1.92594853707276e+01 9.99215820664826e+04 
1.94623796526000e+01 9.99223648016339e+04 
1.96652593507810e+01 9.99193402768412e+04 
1.98682128225951e+01 9.99153843011814e+04 
2.00712299723808e+01 9.99191816885770e+04 
2.02743632772251e+01 9.99259091982691e+04 
2.04775974201162e+01 9.99346183159505e+04 
2.06808993432005e+01 9.99472234405220e+04 
2.08842816624739e+01 9.99454022647087e+04 
2.10877109245459e+01 9.99448758124717e+04 
2.12911865561413e+01 9.99505272181963e+04 
2.14946542636065e+01 9.99569871980838e+04 
2.16979483115182e+01 9.99666050744909e+04 
2.19009928614698e+01 9.99842140453485e+04 
2.21039017811684e+01 9.99854136669646e+04 
2.23066497283774e+01 9.99882759237930e+04 
2.25092177015210e+01 9.99965985858552e+04 
2.27116581345214e+01 1.00003061861964e+05 
2.29139334651086e+01 1.00011419668929e+05 
2.31160467477100e+01 1.00028120973688e+05 
2.33179868862948e+01 1.00031945092256e+05 
2.35199180822287e+01 1.00038391476899e+05 
2.37218051763256e+01 1.00044639836813e+05 
2.39236768880851e+01 1.00047636185002e+05 
2.41255552893581e+01 1.00050805898596e+05 
2.43274126484990e+01 1.00058680744939e+05 
2.45293056915018e+01 1.00061878460035e+05 
2.47312963943893e+01 1.00066398084497e+05 
2.49333962174227e+01 1.00067661888559e+05 
2.51357213393038e+01 1.00065523781667e+05 
2.53382018572701e+01 1.00062308821493e+05 
2.55408488073704e+01 1.00059614793415e+05 
2.57436471827663e+01 1.00060512978576e+05 
2.59465698142901e+01 1.00060182027817e+05 
2.61496583369765e+01 1.00056392767587e+05 
2.63529142216749e+01 1.00052004243737e+05 
2.65562742668140e+01 1.00045330921325e+05 
2.67596972761635e+01 1.00036127968465e+05 
2.69631506643780e+01 1.00034197588440e+05 
2.71666356359982e+01 1.00029319320403e+05 
2.73700949757860e+01 1.00022723156810e+05 
2.75735042909555e+01 1.00017486836204e+05 
2.77768698215134e+01 1.00009823920203e+05 
2.79801634091441e+01 9.99999004923266e+04 
2.81832311137916e+01 9.99947909071993e+04 
2.83862493691881e+01 9.99862876459089e+04 
2.85892005667304e+01 9.99786958218653e+04 
2.87920289759177e+01 9.99735217296508e+04 
2.89947855911169e+01 9.99671879125299e+04 
2.91974758167431e+01 9.99598717844993e+04 
2.94001081727549e+01 9.99531475932557e+04 
2.96028174869848e+01 9.99448183740285e+04 
2.98055746712193e+01 9.99393564014970e+04 
3.00084175396436e+01 9.99366381270369e+04 
3.02113309117389e+01 9.99351650345441e+04 
3.04143391710080e+01 9.99344561215571e+04 
3.06174347641709e+01 9.99308425659409e+04 
3.08206359225875e+01 9.99281092127384e+04 
3.10238921252226e+01 9.99283035408670e+04 
3.12271617071788e+01 9.99299163670095e+04 
3.14304933723914e+01 9.99353338166793e+04 
3.16338559333766e+01 9.99428861060164e+04 
3.18371697100234e+01 9.99457050800446e+04 
3.20402940171543e+01 9.99509432643174e+04 
3.22432411366959e+01 9.99571083932961e+04 
3.24460329241944e+01 9.99628761229132e+04 
3.26486468730478e+01 9.99726819135014e+04 
3.28510694083674e+01 9.99847485619871e+04 
3.30532799861897e+01 9.99923515506352e+04 
3.32554482102955e+01 1.00003108568218e+05 
3.34575453553804e+01 1.00011341725643e+05 
3.36595641500324e+01 1.00016657119234e+05 
3.38615486883824e+01 1.00023959629964e+05 
3.40634799904239e+01 1.00032377359257e+05 
3.42653996408576e+01 1.00039722194044e+05 
3.44673939566842e+01 1.00048591559766e+05 
3.46694612546547e+01 1.00052860151760e+05 
3.48717036107216e+01 1.00054469492573e+05 
3.50740862371626e+01 1.00055409164553e+05 
3.52766015885758e+01 1.00055206335295e+05 
3.54793183147402e+01 1.00059262261579e+05 
3.56821412870120e+01 1.00062078133661e+05 
3.58851172271814e+01 1.00061555020578e+05 
3.60883109456795e+01 1.00059617944989e+05 
3.62916365042183e+01 1.00054537539063e+05 
3.64950404477902e+01 1.00046312452138e+05 
3.66984690806315e+01 1.00045457000265e+05 
3.69019364923025e+01 1.00042301804093e+05 
3.71054357283456e+01 1.00038039562133e+05 
3.73088956361505e+01 1.00034141103628e+05 
3.75123241222096e+01 1.00026169501767e+05 
3.77157068996436e+01 1.00014728077236e+05 
3.79188884208807e+01 1.00009378247991e+05 
3.81219429731373e+01 1.00001146681903e+05 
3.83249696414713e+01 9.99950659319778e+04 
3.85278282028840e+01 9.99902861805775e+04 
3.87305789313831e+01 9.99826286553283e+04 
3.89332338669238e+01 9.99718604138267e+04 
3.91357862752962e+01 9.99641380359862e+04 
3.93384030966966e+01 9.99548135078590e+04 
3.95410271713939e+01 9.99490120147938e+04 
3.97436993424354e+01 9.99456932084681e+04 
3.99463921856252e+01 9.99422684871081e+04 
4.01491654750551e+01 9.99375062246470e+04 
4.03520289195442e+01 9.99318312887232e+04 
4.05550048910795e+01 9.99267434210348e+04 
4.07580864187294e+01 9.99258669934829e+04 
4.09612286775592e+01 9.99268267125510e+04 
4.11644223380052e+01 9.99307590567645e+04 
4.13676607110112e+01 9.99359293440816e+04 
4.15709452306063e+01 9.99361231798255e+04 
4.17742442700769e+01 9.99393128673707e+04 
4.19775135223546e+01 9.99446998039919e+04 
4.21806564457985e+01 9.99505118384441e+04 
4.23835704544603e+01 9.99604324664156e+04 
4.25863222546333e+01 9.99734839783582e+04 
4.27888279196484e+01 9.99797338452968e+04 
4.29912615982889e+01 9.99891819815358e+04 
4.31935852435500e+01 9.99973907328998e+04 
4.33957815205678e+01 1.00004026987776e+05 
4.35978979487543e+01 1.00013124088517e+05 
4.37999304200929e+01 1.00025518366855e+05 
4.40019076885360e+01 1.00032654176669e+05 
4.42039337320145e+01 1.00041717886116e+05 
4.44060001538986e+01 1.00047480143183e+05 
4.46081858574393e+01 1.00049928771313e+05 
4.48104711684930e+01 1.00052436159220e+05 
4.50128451538969e+01 1.00056983972837e+05 
4.52153736753591e+01 1.00061410472086e+05 
4.54180340147901e+01 1.00064937595199e+05 
4.56208710244056e+01 1.00065322600918e+05 
4.58239099702678e+01 1.00064290216245e+05 
4.60270996589638e+01 1.00060444683543e+05 
4.62304657697298e+01 1.00056343150872e+05 
4.64338688960506e+01 1.00056560334474e+05 
4.66373017077841e+01 1.00053770321585e+05 
4.68407572598015e+01 1.00049520696446e+05 
4.70442546395734e+01 1.00045745937612e+05 
4.72477386480636e+01 1.00038237624374e+05 
4.74511939246332e+01 1.00028553084229e+05 
4.76545330594890e+01 1.00023683825054e+05 
4.78577067285611e+01 1.00015346499000e+05 
4.80608753693268e+01 1.00008621190322e+05 
4.82638354697416e+01 1.00003066952604e+05 
4.84666467540706e+01 9.99945937119322e+04 
4.86693473168333e+01 9.99836556366527e+04 
4.88719019249858e+01 9.99756338133224e+04 
4.90745027720318e+01 9.99652790646585e+04 
4.92770764391171e+01 9.99580144402111e+04 
4.94796476958813e+01 9.99533614352186e+04 
4.96822204167646e+01 9.99482483053774e+04 
4.98848222239144e+01 9.99418762597246e+04 
5.00874761862161e+01 9.99351129006362e+04 
5.02902390157782e+01 9.99284674805392e+04 
5.04931165644340e+01 9.99257223371616e+04 
5.06960805910771e+01 9.99253786136121e+04 
5.08991333423157e+01 9.99275212910690e+04 
5.11022578645217e+01 9.99306890434287e+04 
5.13054423763076e+01 9.99293320087133e+04 
5.15086548546338e+01 9.99304745012773e+04 
5.17119065645690e+01 9.99346320114682e+04 
5.19151950423545e+01 9.99395185271743e+04 
5.21183745006488e+01 9.99487465802243e+04 
5.23214088774139e+01 9.99611093289110e+04 
5.25242324010963e+01 9.99667078533131e+04 
5.27269607076205e+01 9.99757490322485e+04 
5.29295441731976e+01 9.99841723584960e+04 
5.31319496968064e+01 9.99912270344835e+04 
5.33342472842059e+01 1.00001545943140e+05 
5.35364267211515e+01 1.00015334318113e+05 
5.37385040812235e+01 1.00023437154662e+05 
5.39406083094777e+01 1.00033956139424e+05 
5.41427161596012e+01 1.00041297718815e+05 
5.43448835302565e+01 1.00044960553297e+05 
5.45471108975266e+01 1.00049310661607e+05 
5.47493910082137e+01 1.00055677643112e+05 
5.49517879790564e+01 1.00061617793106e+05 
5.51543020530474e+01 1.00067349679250e+05 
5.53569745540088e+01 1.00069170829059e+05 
5.55598668189212e+01 1.00068675402227e+05 
5.57629126136038e+01 1.00066201610501e+05 
5.59661352293277e+01 1.00062510065147e+05 
5.61694921057413e+01 1.00064192201366e+05 
5.63728862466536e+01 1.00063549058129e+05 
5.65762995126502e+01 1.00060014896765e+05 
5.67797565324227e+01 1.00056427362051e+05 
5.69832411929876e+01 1.00049103972340e+05 
5.71867575597213e+01 1.00038675999666e+05 
5.73902142438224e+01 1.00035186748419e+05 
5.75935504013974e+01 1.00028615983113e+05 
5.77968428105782e+01 1.00022004601347e+05 
5.79999523007818e+01 1.00016356193741e+05 
5.82028720166861e+01 1.00007297934440e+05 
5.84056737401209e+01 9.99945803067346e+04 
5.86082924096970e+01 9.99869144581957e+04 
5.88109369357781e+01 9.99768988512902e+04 
5.90135188227780e+01 9.99688909267120e+04 
5.92160540509742e+01 9.99633066644523e+04 
5.94185604009779e+01 9.99565872058602e+04 
5.96210526984744e+01 9.99472996833036e+04 
5.98235501837237e+01 9.99397462192222e+04 
6.00261485722220e+01 9.99319072394660e+04 
6.02288361841210e+01 9.99275770996804e+04 
6.04316638201486e+01 9.99258412530237e+04 
6.06345686020863e+01 9.99260602104766e+04 
6.08375671479841e+01 9.99263595227661e+04 
6.10406211004055e+01 9.99236242673970e+04 
6.12437426280142e+01 9.99232495116415e+04 
6.14469164445446e+01 9.99256771244340e+04 
6.16501210676312e+01 9.99295868512667e+04 
6.18533579475247e+01 9.99375610837002e+04 
6.20566264173889e+01 9.99484076409989e+04 
6.22597817220211e+01 9.99529132526660e+04 
6.24627995534665e+01 9.99608166097116e+04 
6.26656673735378e+01 9.99692337538445e+04 
6.28683131616467e+01 9.99767730419760e+04 
6.30708195650471e+01 9.99878565878685e+04 
6.32731804840720e+01 1.00002809582814e+05 
6.34753919046854e+01 1.00011213027247e+05 
6.36776034541254e+01 1.00022561014367e+05 
6.38797873688976e+01 1.00031079991752e+05 
6.40819738273611e+01 1.00036393167458e+05 
6.42841784067253e+01 1.00042667067207e+05 
6.44863959670241e+01 1.00051755816682e+05 
6.46886801912706e+01 1.00058614043406e+05 
6.48910662140103e+01 1.00065647268356e+05 
6.50935819241049e+01 1.00069297778276e+05 
6.52963226964966e+01 1.00069984981693e+05 
6.54992405740070e+01 1.00068901246942e+05 
6.57023188561443e+01 1.00067813306645e+05 
6.59055500692646e+01 1.00070387150219e+05 
6.61089027901603e+01 1.00070550679445e+05 
6.63122766649993e+01 1.00068263499826e+05 
6.65156872049080e+01 1.00065342334520e+05 
6.67191280630788e+01 1.00058682673355e+05 
6.69226164912726e+01 1.00049187885010e+05 
6.71261325074319e+01 1.00046179642288e+05 
6.73296169036911e+01 1.00040131453233e+05 
6.75330252299440e+01 1.00033764688476e+05 
6.77363198433455e+01 1.00028218426621e+05 
6.79393888572186e+01 1.00019037493225e+05 
6.81423368894994e+01 1.00006247900250e+05 
6.83450708709156e+01 9.99986209448142e+04 
6.85478069710537e+01 9.99882661111265e+04 
6.87504560574697e+01 9.99800645186071e+04 
6.89530120509714e+01 9.99740923025335e+04 
6.91555074049377e+01 9.99664467713610e+04 
6.93579506481004e+01 9.99560280290229e+04 
6.95603538262472e+01 9.99476858764908e+04 
6.97628467070184e+01 9.99386909899857e+04 
6.99654031500043e+01 9.99331750515822e+04 
7.01680675370484e+01 9.99303746590715e+04 
7.03708128597538e+01 9.99290136759933e+04 
7.05736643918905e+01 9.99273541483489e+04 
7.07765856443493e+01 9.99233256118479e+04 
7.09796045256010e+01 9.99212067303428e+04 
7.11826613299295e+01 9.99220677344519e+04 
7.13857897479778e+01 9.99246202649924e+04 
7.15889661007472e+01 9.99310149115372e+04 
7.17921459341708e+01 9.99402038302672e+04 
7.19953726252105e+01 9.99433445417262e+04 
7.21985718027617e+01 9.99496931298111e+04 
7.24016476186381e+01 9.99570266723971e+04 
7.26045430537818e+01 9.99641712989167e+04 
7.28072213299480e+01 9.99753303798140e+04 
7.30097805999067e+01 9.99904423760323e+04 
7.32121446685061e+01 9.99986575328917e+04 
7.34144836407241e+01 1.00010076236548e+05 
7.36167644759561e+01 1.00018976726192e+05 
7.38189887804541e+01 1.00025159276494e+05 
7.40211919750683e+01 1.00032978670798e+05 
7.42233714635407e+01 1.00044315847489e+05 
7.44255673633598e+01 1.00052065346003e+05 
7.46278498585127e+01 1.00060708247018e+05 
7.48302306656735e+01 1.00065566339062e+05 
7.50327937384072e+01 1.00067252775809e+05 
7.52355063125583e+01 1.00067798865502e+05 
7.54383722282391e+01 1.00069132196035e+05 
7.56414216244544e+01 1.00073107119462e+05 
7.58445981321123e+01 1.00074903866603e+05 
7.60479184214261e+01 1.00073858093018e+05 
7.62512929186171e+01 1.00071623355911e+05 
7.64546964242765e+01 1.00065881570294e+05 
7.66581350680706e+01 1.00057591738021e+05 
7.68616010200597e+01 1.00055719760137e+05 
7.70651079936182e+01 1.00050828252841e+05 
7.72686113724331e+01 1.00045023402466e+05 
7.74720611152207e+01 1.00039723517823e+05 
7.76753133911698e+01 1.00030602356966e+05 
7.78784461857672e+01 1.00017827386083e+05 
7.80813340565300e+01 1.00010858237757e+05 
7.82841986758304e+01 1.00000894801774e+05 
7.84869562928645e+01 9.99927964472295e+04 
7.86895714902216e+01 9.99865728858742e+04 
7.88920942905549e+01 9.99781061710589e+04 
7.90945315913393e+01 9.99663432059546e+04 
7.92968840114831e+01 9.99575801556334e+04 
7.94993122078064e+01 9.99476126917889e+04 
7.97017694779022e+01 9.99410722360795e+04 
7.99042936798559e+01 9.99372823640586e+04 
8.01068697501696e+01 9.99343193792480e+04 
8.03095192442820e+01 9.99301621699660e+04 
8.05122783411067e+01 9.99246931329828e+04 
8.07151532943511e+01 9.99207619197814e+04 
8.09180874917751e+01 9.99201121720572e+04 
8.11211009470289e+01 9.99212394771750e+04 
8.13241348982823e+01 9.99260415649598e+04 
8.15272528948804e+01 9.99327538573723e+04 
8.17303892546740e+01 9.99341751573399e+04 
8.19335573112213e+01 9.99388660498184e+04 
8.21368014274263e+01 9.99452424178445e+04 
8.23398733234911e+01 9.99516345721258e+04 
8.25427383975605e+01 9.99624243032651e+04 
8.27454995878572e+01 9.99770080910496e+04 
8.29480798671471e+01 9.99846430095264e+04 
8.31506062535737e+01 9.99956759245595e+04 
8.33530393401760e+01 1.00004960207092e+05 
8.35553612257224e+01 1.00011951428452e+05 
8.37576211955306e+01 1.00021174118485e+05 
8.39598226381276e+01 1.00034162122055e+05 
8.41619894017817e+01 1.00042689830315e+05 
8.43642239682605e+01 1.00052704285168e+05 
8.45665203012387e+01 1.00059100673711e+05 
8.47689483564908e+01 1.00061891184836e+05 
8.49714940232389e+01 1.00064223325076e+05 
8.51741579640687e+01 1.00068023443606e+05 
8.53769978718437e+01 1.00073340395136e+05 
8.55799804902041e+01 1.00076916520455e+05 
8.57831240408108e+01 1.00077084611936e+05 
8.59864536951827e+01 1.00075799261046e+05 
8.61898160798553e+01 1.00071177884218e+05 
8.63932062744392e+01 1.00064662843659e+05 
8.65966229319829e+01 1.00064093780417e+05 
8.68000940443101e+01 1.00061014011456e+05 
8.70035825837327e+01 1.00055486065925e+05 
8.72070843440491e+01 1.00050618825480e+05 
8.74105419344450e+01 1.00041828481099e+05 
8.76138267437083e+01 1.00029307867136e+05 
8.78169205534772e+01 1.00023237000170e+05 
8.80199632675196e+01 1.00013978166889e+05 
8.82228781681249e+01 1.00005922660430e+05 
8.84256106973253e+01 9.99994657676328e+04 
8.86282246424383e+01 9.99903673721787e+04 
8.88307219110573e+01 9.99776840960667e+04 
8.90330924047535e+01 9.99687717885419e+04 
8.92355207597714e+01 9.99582142252819e+04 
8.94379379157647e+01 9.99506647284056e+04 
8.96403799089431e+01 9.99460412835558e+04 
8.98428436218644e+01 9.99414820739074e+04 
9.00453482475632e+01 9.99352143510487e+04 
9.02479204282358e+01 9.99285108399903e+04 
9.04506070166489e+01 9.99228096730773e+04 
9.06534221098573e+01 9.99205746240103e+04 
9.08563074156330e+01 9.99204754020717e+04 
9.10592331034942e+01 9.99235413918583e+04 
9.12622364660194e+01 9.99280050020460e+04 
9.14653252837018e+01 9.99276826901746e+04 
9.16684271913442e+01 9.99301658727003e+04 
9.18715866137494e+01 9.99353437020874e+04 
9.20747842683971e+01 9.99408166473288e+04 
9.22778651165516e+01 9.99506503461666e+04 
9.24808149399466e+01 9.99643419025534e+04 
9.26836400845213e+01 9.99710518614052e+04 
9.28863873614108e+01 9.99811344846438e+04 
9.30890085767134e+01 9.99902454401850e+04 
9.32914663544503e+01 9.99976506020318e+04 
9.34938317764641e+01 1.00007944766698e+05 
9.36961022577806e+01 1.00022129367392e+05 
9.38982898525573e+01 1.00030959325764e+05 
9.41005250280928e+01 1.00041775563640e+05 
9.43027848548941e+01 1.00049390870325e+05 
9.45051224941694e+01 1.00053354554956e+05 
9.47075391235569e+01 1.00057374639133e+05 
9.49100356403763e+01 1.00063598750519e+05 
9.51126679959551e+01 1.00069856574910e+05 
9.53154338342254e+01 1.00075097540868e+05 
9.55183731288411e+01 1.00076760374461e+05 
9.57215113888919e+01 1.00076415439058e+05 
9.59247849047671e+01 1.00073341046814e+05 
9.61281201802749e+01 1.00068969285943e+05 
9.63314994562056e+01 1.00069840300958e+05 
9.65349076935859e+01 1.00067932270484e+05 
9.67383385387505e+01 1.00063505172207e+05 
9.69418207081187e+01 1.00059454815565e+05 
9.71453287818878e+01 1.00051281749903e+05 
9.73487757563585e+01 1.00039729688133e+05 
9.75521003395735e+01 1.00034608760776e+05 
9.77553203876417e+01 1.00026334200669e+05 
9.79584256456356e+01 1.00018715226683e+05 
9.81613154578645e+01 1.00012312439312e+05 
9.83640728139437e+01 1.00002787694679e+05 
9.85666800715794e+01 9.99896392178826e+04 
9.87691229821461e+01 9.99808841984303e+04 
9.89716027992200e+01 9.99701486818810e+04 
9.91740397132955e+01 9.99619331090585e+04 
9.93764536462670e+01 9.99565102110740e+04 
9.95788576239822e+01 9.99506221315590e+04 
9.97812656950711e+01 9.99423554013862e+04 
9.99837025244658e+01 9.99347037882626e+04 
1.00186246746907e+02 9.99276091321328e+04 
