# Liste des scalaires : TEMPS pmat 
0.00000000000000e+00 1.00000000000000e+05 
2.04081632653061e-01 1.00000000000000e+05 
4.08042165141975e-01 1.00000000000000e+05 
6.11832106953319e-01 1.00000000000000e+05 
8.15421737498182e-01 1.00000000000000e+05 
1.01884831470558e+00 1.00000000000000e+05 
1.22207818930831e+00 1.00000000000000e+05 
1.42513098547652e+00 1.00000000000000e+05 
1.62798725493260e+00 1.00000000000000e+05 
1.83053493087979e+00 1.00000000000000e+05 
2.03291905653503e+00 1.00000000000000e+05 
2.23520224592158e+00 1.00000000000000e+05 
2.43733969254296e+00 1.00000000000000e+05 
2.63931827049832e+00 1.00000000000000e+05 
2.84120332396323e+00 1.00000000000000e+05 
3.04297858176904e+00 1.00000000000000e+05 
3.24460591464334e+00 1.00000000000000e+05 
3.44612291562131e+00 1.00000000000000e+05 
3.64760922308227e+00 1.00000000000000e+05 
3.84909249851467e+00 1.00000000000000e+05 
4.05064469773747e+00 1.00000000000000e+05 
4.25222294222906e+00 1.00000000000000e+05 
4.45380035517506e+00 1.00000000000000e+05 
4.65542063364273e+00 1.00000000000000e+05 
4.85715243419261e+00 1.00000000000000e+05 
5.05906045928525e+00 1.00000000000000e+05 
5.26119401899534e+00 1.00000000000000e+05 
5.46347898380931e+00 1.00000000000000e+05 
5.66591894484892e+00 1.00000000000000e+05 
5.86852800362132e+00 1.00000000000000e+05 
6.07136345597011e+00 1.00000000000000e+05 
6.27438265108359e+00 1.00000000000000e+05 
6.47752964045090e+00 1.00000000000000e+05 
6.68089073121200e+00 1.00000000000000e+05 
6.88429870550576e+00 1.00000000000000e+05 
7.08769636443068e+00 1.00000000000000e+05 
7.29110827962174e+00 1.00000000000000e+05 
7.49449373816632e+00 1.00000000000000e+05 
7.69790617884871e+00 1.00000000000000e+05 
7.90135044231191e+00 1.00000000000000e+05 
8.10473659770851e+00 1.00000000000000e+05 
8.30800948139133e+00 1.00000000000000e+05 
8.51115234273433e+00 1.00000000000000e+05 
8.71416193711340e+00 1.00000000000000e+05 
8.91719900347831e+00 1.00000000000000e+05 
9.12020204041872e+00 1.00000000000000e+05 
9.32319297435189e+00 1.00000000000000e+05 
9.52619174127014e+00 1.00000000000000e+05 
9.72921908834018e+00 1.00000000000000e+05 
9.93229912946381e+00 1.00000000000000e+05 
1.01354642235065e+01 1.00000000000000e+05 
1.03387225987006e+01 1.00000000000000e+05 
1.05420932760412e+01 1.00000000000000e+05 
1.07455601602491e+01 1.00000000000000e+05 
1.09490636153785e+01 1.00000000000000e+05 
1.11525952040860e+01 1.00000000000000e+05 
1.13559908728595e+01 1.00000000000000e+05 
1.15591577617810e+01 1.00000000000000e+05 
1.17622381240369e+01 1.00000000000000e+05 
1.19650888349948e+01 1.00000000000000e+05 
1.21677288877747e+01 1.00000000000000e+05 
1.23702013159276e+01 1.00000000000000e+05 
1.25725982340610e+01 1.00000000000000e+05 
1.27748516426287e+01 1.00000000000000e+05 
1.29769249867640e+01 1.00000000000000e+05 
1.31787998828658e+01 1.00000000000000e+05 
1.33806014179065e+01 1.00000000000000e+05 
1.35822734033907e+01 1.00000000000000e+05 
1.37839887339651e+01 1.00000000000000e+05 
1.39857022015949e+01 1.00000000000000e+05 
1.41874661286692e+01 1.00000000000000e+05 
1.43892101845392e+01 1.00000000000000e+05 
1.45910326674531e+01 1.00000000000000e+05 
1.47929375836209e+01 1.00000000000000e+05 
1.49949695660416e+01 1.00000000000000e+05 
1.51971475723012e+01 1.00000000000000e+05 
1.53995487529939e+01 1.00000000000000e+05 
1.56020957788436e+01 1.00000000000000e+05 
1.58048076652820e+01 1.00000000000000e+05 
1.60076888558614e+01 1.00000000000000e+05 
1.62106850728960e+01 1.00000000000000e+05 
1.64138636363558e+01 1.00000000000000e+05 
1.66171481416695e+01 1.00000000000000e+05 
1.68205318926791e+01 1.00000000000000e+05 
1.70239717971818e+01 1.00000000000000e+05 
1.72274242526830e+01 1.00000000000000e+05 
1.74308511498678e+01 1.00000000000000e+05 
1.76342505270569e+01 1.00000000000000e+05 
1.78376212420556e+01 1.00000000000000e+05 
1.80409883913594e+01 1.00000000000000e+05 
1.82443050346869e+01 1.00000000000000e+05 
1.84474327837354e+01 1.00000000000000e+05 
1.86505503053125e+01 1.00000000000000e+05 
1.88535932316970e+01 1.00000000000000e+05 
1.90565608622741e+01 1.00000000000000e+05 
1.92594853707276e+01 1.00000000000000e+05 
1.94623796526000e+01 1.00000000000000e+05 
1.96652593507810e+01 1.00000000000000e+05 
1.98682128225951e+01 1.00000000000000e+05 
2.00712299723808e+01 1.00000000000000e+05 
2.02743632772251e+01 1.00000000000000e+05 
2.04775974201162e+01 1.00000000000000e+05 
2.06808993432005e+01 1.00000000000000e+05 
2.08842816624739e+01 1.00000000000000e+05 
2.10877109245459e+01 1.00000000000000e+05 
2.12911865561413e+01 1.00000000000000e+05 
2.14946542636065e+01 1.00000000000000e+05 
2.16979483115182e+01 1.00000000000000e+05 
2.19009928614698e+01 1.00000000000000e+05 
2.21039017811684e+01 1.00000000000000e+05 
2.23066497283774e+01 1.00000000000000e+05 
2.25092177015210e+01 1.00000000000000e+05 
2.27116581345214e+01 1.00000000000000e+05 
2.29139334651086e+01 1.00000000000000e+05 
2.31160467477100e+01 1.00000000000000e+05 
2.33179868862948e+01 1.00000000000000e+05 
2.35199180822287e+01 1.00000000000000e+05 
2.37218051763256e+01 1.00000000000000e+05 
2.39236768880851e+01 1.00000000000000e+05 
2.41255552893581e+01 1.00000000000000e+05 
2.43274126484990e+01 1.00000000000000e+05 
2.45293056915018e+01 1.00000000000000e+05 
2.47312963943893e+01 1.00000000000000e+05 
2.49333962174227e+01 1.00000000000000e+05 
2.51357213393038e+01 1.00000000000000e+05 
2.53382018572701e+01 1.00000000000000e+05 
2.55408488073704e+01 1.00000000000000e+05 
2.57436471827663e+01 1.00000000000000e+05 
2.59465698142901e+01 1.00000000000000e+05 
2.61496583369765e+01 1.00000000000000e+05 
2.63529142216749e+01 1.00000000000000e+05 
2.65562742668140e+01 1.00000000000000e+05 
2.67596972761635e+01 1.00000000000000e+05 
2.69631506643780e+01 1.00000000000000e+05 
2.71666356359982e+01 1.00000000000000e+05 
2.73700949757860e+01 1.00000000000003e+05 
2.75735042909555e+01 1.00000000000015e+05 
2.77768698215134e+01 1.00000000000050e+05 
2.79801634091441e+01 1.00000000000061e+05 
2.81832311137916e+01 1.00000000002830e+05 
2.83862493691881e+01 1.00000000163784e+05 
2.85892005667304e+01 1.00000000525618e+05 
2.87920289759177e+01 1.00000000815834e+05 
2.89947855911169e+01 1.00000001815822e+05 
2.91974758167431e+01 1.00000003342483e+05 
2.94001081727549e+01 1.00000006284550e+05 
2.96028174869848e+01 1.00000012161460e+05 
2.98055746712193e+01 1.00000023054574e+05 
3.00084175396436e+01 1.00000044037558e+05 
3.02113309117389e+01 1.00000083527639e+05 
3.04143391710080e+01 1.00000145542992e+05 
3.06174347641709e+01 1.00000250196495e+05 
3.08206359225875e+01 1.00000414540389e+05 
3.10238921252226e+01 1.00000681847852e+05 
3.12271617071788e+01 1.00001121225535e+05 
3.14304933723914e+01 1.00001796742984e+05 
3.16338559333766e+01 1.00002733757425e+05 
3.18371697100234e+01 1.00004038211865e+05 
3.20402940171543e+01 1.00005662524564e+05 
3.22432411366959e+01 1.00007767689309e+05 
3.24460329241944e+01 1.00010324505924e+05 
3.26486468730478e+01 1.00013317223547e+05 
3.28510694083674e+01 1.00016517730937e+05 
3.30532799861897e+01 1.00019782925725e+05 
3.32554482102955e+01 1.00022664300400e+05 
3.34575453553804e+01 1.00025509058193e+05 
3.36595641500324e+01 1.00027997087516e+05 
3.38615486883824e+01 1.00030335453115e+05 
3.40634799904239e+01 1.00032264478871e+05 
3.42653996408576e+01 1.00033543909330e+05 
3.44673939566842e+01 1.00033988233324e+05 
3.46694612546547e+01 1.00033981403473e+05 
3.48717036107216e+01 1.00033463638875e+05 
3.50740862371626e+01 1.00032877893605e+05 
3.52766015885758e+01 1.00031827032490e+05 
3.54793183147402e+01 1.00030254067956e+05 
3.56821412870120e+01 1.00028289833412e+05 
3.58851172271814e+01 1.00025883257344e+05 
3.60883109456795e+01 1.00023213733365e+05 
3.62916365042183e+01 1.00020971516428e+05 
3.64950404477902e+01 1.00018597085097e+05 
3.66984690806315e+01 1.00016058065036e+05 
3.69019364923025e+01 1.00013522824274e+05 
3.71054357283456e+01 1.00010408549444e+05 
3.73088956361505e+01 1.00006911995190e+05 
3.75123241222096e+01 1.00003657205518e+05 
3.77157068996436e+01 1.00000296300109e+05 
3.79188884208807e+01 9.99968448361622e+04 
3.81219429731373e+01 9.99934003699872e+04 
3.83249696414713e+01 9.99892998462729e+04 
3.85278282028840e+01 9.99845903642901e+04 
3.87305789313831e+01 9.99798361433373e+04 
3.89332338669238e+01 9.99753196397008e+04 
3.91357862752962e+01 9.99710596692700e+04 
3.93384030966966e+01 9.99669124430385e+04 
3.95410271713939e+01 9.99628484995756e+04 
3.97436993424354e+01 9.99588547500442e+04 
3.99463921856252e+01 9.99550867200990e+04 
4.01491654750551e+01 9.99519124419257e+04 
4.03520289195442e+01 9.99494012543515e+04 
4.05550048910795e+01 9.99473933792374e+04 
4.07580864187294e+01 9.99464096961101e+04 
4.09612286775592e+01 9.99462252146238e+04 
4.11644223380052e+01 9.99463888437585e+04 
4.13676607110112e+01 9.99473573938143e+04 
4.15709452306063e+01 9.99491843903883e+04 
4.17742442700769e+01 9.99516144659479e+04 
4.19775135223546e+01 9.99553390720108e+04 
4.21806564457985e+01 9.99598766115772e+04 
4.23835704544603e+01 9.99644211131288e+04 
4.25863222546333e+01 9.99692693004979e+04 
4.27888279196484e+01 9.99745723653636e+04 
4.29912615982889e+01 9.99801721347934e+04 
4.31935852435500e+01 9.99865607700177e+04 
4.33957815205678e+01 9.99932501308885e+04 
4.35978979487543e+01 9.99994284686061e+04 
4.37999304200929e+01 1.00005165422604e+05 
4.40019076885360e+01 1.00010647046087e+05 
4.42039337320145e+01 1.00016131143098e+05 
4.44060001538986e+01 1.00021623308772e+05 
4.46081858574393e+01 1.00026939690413e+05 
4.48104711684930e+01 1.00031544447821e+05 
4.50128451538969e+01 1.00035312321924e+05 
4.52153736753591e+01 1.00038532000662e+05 
4.54180340147901e+01 1.00041569776320e+05 
4.56208710244056e+01 1.00043896849140e+05 
4.58239099702678e+01 1.00045703903905e+05 
4.60270996589638e+01 1.00047033177540e+05 
4.62304657697298e+01 1.00047410606488e+05 
4.64338688960506e+01 1.00047128679979e+05 
4.66373017077841e+01 1.00046606001587e+05 
4.68407572598015e+01 1.00044978317173e+05 
4.70442546395734e+01 1.00042587521412e+05 
4.72477386480636e+01 1.00039885494086e+05 
4.74511939246332e+01 1.00036587230776e+05 
4.76545330594890e+01 1.00032803173241e+05 
4.78577067285611e+01 1.00028805438222e+05 
4.80608753693268e+01 1.00023712466940e+05 
4.82638354697416e+01 1.00017914844487e+05 
4.84666467540706e+01 1.00012184114462e+05 
4.86693473168333e+01 1.00006518587864e+05 
4.88719019249858e+01 1.00000870303132e+05 
4.90745027720318e+01 9.99951238065514e+04 
4.92770764391171e+01 9.99890244964834e+04 
4.94796476958813e+01 9.99828257247274e+04 
4.96822204167646e+01 9.99770454809189e+04 
4.98848222239144e+01 9.99719783637189e+04 
5.00874761862161e+01 9.99676002054788e+04 
5.02902390157782e+01 9.99633718412183e+04 
5.04931165644340e+01 9.99597276709087e+04 
5.06960805910771e+01 9.99566677833230e+04 
5.08991333423157e+01 9.99542034731756e+04 
5.11022578645217e+01 9.99527673285746e+04 
5.13054423763076e+01 9.99522919346471e+04 
5.15086548546338e+01 9.99521128410698e+04 
5.17119065645690e+01 9.99531053613949e+04 
5.19151950423545e+01 9.99548726706280e+04 
5.21183745006488e+01 9.99570525177639e+04 
5.23214088774139e+01 9.99600223022317e+04 
5.25242324010963e+01 9.99636158262229e+04 
5.27269607076205e+01 9.99673274776846e+04 
5.29295441731976e+01 9.99719793496083e+04 
5.31319496968064e+01 9.99771857234316e+04 
5.33342472842059e+01 9.99824350798990e+04 
5.35364267211515e+01 9.99876897628823e+04 
5.37385040812235e+01 9.99929724594616e+04 
5.39406083094777e+01 9.99979940097220e+04 
5.41427161596012e+01 1.00003420174321e+05 
5.43448835302565e+01 1.00009112162760e+05 
5.45471108975266e+01 1.00014543736810e+05 
5.47493910082137e+01 1.00019295076486e+05 
5.49517879790564e+01 1.00023525421196e+05 
5.51543020530474e+01 1.00027625749690e+05 
5.53569745540088e+01 1.00031397662289e+05 
5.55598668189212e+01 1.00034813337051e+05 
5.57629126136038e+01 1.00037826843706e+05 
5.59661352293277e+01 1.00039982011981e+05 
5.61694921057413e+01 1.00041344325470e+05 
5.63728862466536e+01 1.00042562432570e+05 
5.65762995126502e+01 1.00042720982263e+05 
5.67797565324227e+01 1.00042163971247e+05 
5.69832411929876e+01 1.00041192712898e+05 
5.71867575597213e+01 1.00039441094879e+05 
5.73902142438224e+01 1.00037000755956e+05 
5.75935504013974e+01 1.00034399643932e+05 
5.77968428105782e+01 1.00030618341047e+05 
5.79999523007818e+01 1.00026002403155e+05 
5.82028720166861e+01 1.00021110516946e+05 
5.84056737401209e+01 1.00015946786448e+05 
5.86082924096970e+01 1.00010556905514e+05 
5.88109369357781e+01 1.00005284676901e+05 
5.90135188227780e+01 9.99993337333556e+04 
5.92160540509742e+01 9.99929798916983e+04 
5.94185604009779e+01 9.99867637415537e+04 
5.96210526984744e+01 9.99811234854447e+04 
5.98235501837237e+01 9.99760703416667e+04 
6.00261485722220e+01 9.99712928308160e+04 
6.02288361841210e+01 9.99668322044818e+04 
6.04316638201486e+01 9.99627744746571e+04 
6.06345686020863e+01 9.99592651128459e+04 
6.08375671479841e+01 9.99567477297521e+04 
6.10406211004055e+01 9.99552645303861e+04 
6.12437426280142e+01 9.99541811952699e+04 
6.14469164445446e+01 9.99542188323883e+04 
6.16501210676312e+01 9.99550986886764e+04 
6.18533579475247e+01 9.99563698429315e+04 
6.20566264173889e+01 9.99585053194694e+04 
6.22597817220211e+01 9.99614278899778e+04 
6.24627995534665e+01 9.99645610640426e+04 
6.26656673735378e+01 9.99687608073669e+04 
6.28683131616467e+01 9.99736711477468e+04 
6.30708195650471e+01 9.99785816531150e+04 
6.32731804840720e+01 9.99836880142669e+04 
6.34753919046854e+01 9.99889153266403e+04 
6.36776034541254e+01 9.99940092446443e+04 
6.38797873688976e+01 9.99996898255107e+04 
6.40819738273611e+01 1.00005633140470e+05 
6.42841784067253e+01 1.00011268762862e+05 
6.44863959670241e+01 1.00016317649041e+05 
6.46886801912706e+01 1.00020796741563e+05 
6.48910662140103e+01 1.00025086479460e+05 
6.50935819241049e+01 1.00029213855368e+05 
6.52963226964966e+01 1.00033102865542e+05 
6.54992405740070e+01 1.00036549531235e+05 
6.57023188561443e+01 1.00039099400939e+05 
6.59055500692646e+01 1.00040812407967e+05 
6.61089027901603e+01 1.00042265249336e+05 
6.63122766649993e+01 1.00042782392849e+05 
6.65156872049080e+01 1.00042578296784e+05 
6.67191280630788e+01 1.00042076707101e+05 
6.69226164912726e+01 1.00040697546948e+05 
6.71261325074319e+01 1.00038524009837e+05 
6.73296169036911e+01 1.00036117255186e+05 
6.75330252299440e+01 1.00032536894212e+05 
6.77363198433455e+01 1.00028096499713e+05 
6.79393888572186e+01 1.00023490706527e+05 
6.81423368894994e+01 1.00018532198888e+05 
6.83450708709156e+01 1.00013199266595e+05 
6.85478069710537e+01 1.00007840828153e+05 
6.87504560574697e+01 1.00001728564243e+05 
6.89530120509714e+01 9.99951911772692e+04 
6.91555074049377e+01 9.99888761098000e+04 
6.93579506481004e+01 9.99830308284124e+04 
6.95603538262472e+01 9.99775672136408e+04 
6.97628467070184e+01 9.99723730379576e+04 
6.99654031500043e+01 9.99674074773994e+04 
7.01680675370484e+01 9.99627513070963e+04 
7.03708128597538e+01 9.99586607021878e+04 
7.05736643918905e+01 9.99555097952048e+04 
7.07765856443493e+01 9.99532703140708e+04 
7.09796045256010e+01 9.99515252332315e+04 
7.11826613299295e+01 9.99508682260512e+04 
7.13857897479778e+01 9.99510902894547e+04 
7.15889661007472e+01 9.99517363675888e+04 
7.17921459341708e+01 9.99533551565432e+04 
7.19953726252105e+01 9.99558766427365e+04 
7.21985718027617e+01 9.99587080900030e+04 
7.24016476186381e+01 9.99627454629712e+04 
7.26045430537818e+01 9.99675361032064e+04 
7.28072213299480e+01 9.99723709117132e+04 
7.30097805999067e+01 9.99775704394798e+04 
7.32121446685061e+01 9.99830165172273e+04 
7.34144836407241e+01 9.99883812075503e+04 
7.36167644759561e+01 9.99944814854795e+04 
7.38189887804541e+01 1.00000894561025e+05 
7.40211919750683e+01 1.00006966929040e+05 
7.42233714635407e+01 1.00012543944240e+05 
7.44255673633598e+01 1.00017684615472e+05 
7.46278498585127e+01 1.00022602848501e+05 
7.48302306656735e+01 1.00027462094398e+05 
7.50327937384072e+01 1.00032216638974e+05 
7.52355063125583e+01 1.00036511995280e+05 
7.54383722282391e+01 1.00039909844587e+05 
7.56414216244544e+01 1.00042619017038e+05 
7.58445981321123e+01 1.00044967694672e+05 
7.60479184214261e+01 1.00046483234267e+05 
7.62512929186171e+01 1.00047380700481e+05 
7.64546964242765e+01 1.00047948994323e+05 
7.66581350680706e+01 1.00047531180433e+05 
7.68616010200597e+01 1.00046289272021e+05 
7.70651079936182e+01 1.00044845488041e+05 
7.72686113724331e+01 1.00042101762519e+05 
7.74720611152207e+01 1.00038487733318e+05 
7.76753133911698e+01 1.00034600955195e+05 
7.78784461857672e+01 1.00030152917749e+05 
7.80813340565300e+01 1.00025178655232e+05 
7.82841986758304e+01 1.00020058883947e+05 
7.84869562928645e+01 1.00013941351258e+05 
7.86895714902216e+01 1.00007202009846e+05 
7.88920942905549e+01 1.00000546448112e+05 
7.90945315913393e+01 9.99942111538209e+04 
7.92968840114831e+01 9.99880928928863e+04 
7.94993122078064e+01 9.99820311018872e+04 
7.97017694779022e+01 9.99759203957315e+04 
7.99042936798559e+01 9.99699892858535e+04 
8.01068697501696e+01 9.99646499656431e+04 
8.03095192442820e+01 9.99602301234233e+04 
8.05122783411067e+01 9.99565835692920e+04 
8.07151532943511e+01 9.99533411489299e+04 
8.09180874917751e+01 9.99510061264923e+04 
8.11211009470289e+01 9.99494557786823e+04 
8.13241348982823e+01 9.99484536465887e+04 
8.15272528948804e+01 9.99486461384561e+04 
8.17303892546740e+01 9.99497722291106e+04 
8.19335573112213e+01 9.99511670375998e+04 
8.21368014274263e+01 9.99538635824643e+04 
8.23398733234911e+01 9.99574396190812e+04 
8.25427383975605e+01 9.99613002873271e+04 
8.27454995878572e+01 9.99657169878007e+04 
8.29480798671471e+01 9.99706092807559e+04 
8.31506062535737e+01 9.99755325079747e+04 
8.33530393401760e+01 9.99814101440789e+04 
8.35553612257224e+01 9.99878303165376e+04 
8.37576211955306e+01 9.99940140845121e+04 
8.39598226381276e+01 9.99998890658654e+04 
8.41619894017817e+01 1.00005532106447e+05 
8.43642239682605e+01 1.00011108980728e+05 
8.45665203012387e+01 1.00016860997588e+05 
8.47689483564908e+01 1.00022618636365e+05 
8.49714940232389e+01 1.00027917959531e+05 
8.51741579640687e+01 1.00032389738088e+05 
8.53769978718437e+01 1.00036230181326e+05 
8.55799804902041e+01 1.00039850740395e+05 
8.57831240408108e+01 1.00042843671267e+05 
8.59864536951827e+01 1.00045348650595e+05 
8.61898160798553e+01 1.00047312379497e+05 
8.63932062744392e+01 1.00048215864236e+05 
8.65966229319829e+01 1.00048274194803e+05 
8.68000940443101e+01 1.00048201777254e+05 
8.70035825837327e+01 1.00046912354886e+05 
8.72070843440491e+01 1.00044703530903e+05 
8.74105419344450e+01 1.00042084432743e+05 
8.76138267437083e+01 1.00038738796931e+05 
8.78169205534772e+01 1.00034725417961e+05 
8.80199632675196e+01 1.00030560731264e+05 
8.82228781681249e+01 1.00025272554588e+05 
8.84256106973253e+01 1.00019173243583e+05 
8.86282246424383e+01 1.00013073310607e+05 
8.88307219110573e+01 1.00007012481937e+05 
8.90330924047535e+01 1.00000901349589e+05 
8.92355207597714e+01 9.99947882780655e+04 
8.94379379157647e+01 9.99883900341518e+04 
8.96403799089431e+01 9.99819141877411e+04 
8.98428436218644e+01 9.99758967892058e+04 
9.00453482475632e+01 9.99707374157774e+04 
9.02479204282358e+01 9.99662389478932e+04 
9.04506070166489e+01 9.99618692370707e+04 
9.06534221098573e+01 9.99582429143513e+04 
9.08563074156330e+01 9.99553337769360e+04 
9.10592331034942e+01 9.99531159287543e+04 
9.12622364660194e+01 9.99518898046910e+04 
9.14653252837018e+01 9.99516913876714e+04 
9.16684271913442e+01 9.99518115119772e+04 
9.18715866137494e+01 9.99531779869072e+04 
9.20747842683971e+01 9.99554210942477e+04 
9.22778651165516e+01 9.99580623032748e+04 
9.24808149399466e+01 9.99614769708265e+04 
9.26836400845213e+01 9.99655119237677e+04 
9.28863873614108e+01 9.99696481925680e+04 
9.30890085767134e+01 9.99748260117343e+04 
9.32914663544503e+01 9.99806007892304e+04 
9.34938317764641e+01 9.99863149948820e+04 
9.36961022577806e+01 9.99919656496409e+04 
9.38982898525573e+01 9.99975241287253e+04 
9.41005250280928e+01 1.00002919301245e+05 
9.43027848548941e+01 1.00008724824489e+05 
9.45051224941694e+01 1.00014703112729e+05 
9.47075391235569e+01 1.00020245815457e+05 
9.49100356403763e+01 1.00024983200396e+05 
9.51126679959551e+01 1.00029135553418e+05 
9.53154338342254e+01 1.00033273426348e+05 
9.55183731288411e+01 1.00036919316155e+05 
9.57215113888919e+01 1.00040050967260e+05 
9.59247849047671e+01 1.00042741610410e+05 
9.61281201802749e+01 1.00044473811922e+05 
9.63314994562056e+01 1.00045319336884e+05 
9.65349076935859e+01 1.00046029430349e+05 
9.67383385387505e+01 1.00045627645150e+05 
9.69418207081187e+01 1.00044409470010e+05 
9.71453287818878e+01 1.00042788226601e+05 
9.73487757563585e+01 1.00040380628843e+05 
9.75521003395735e+01 1.00037252419200e+05 
9.77553203876417e+01 1.00033915739197e+05 
9.79584256456356e+01 1.00029436981826e+05 
9.81613154578645e+01 1.00024183195233e+05 
9.83640728139437e+01 1.00018743551872e+05 
9.85666800715794e+01 1.00013114368893e+05 
9.87691229821461e+01 1.00007349442001e+05 
9.89716027992200e+01 1.00001595196717e+05 
9.91740397132955e+01 9.99952867769432e+04 
9.93764536462670e+01 9.99887430050773e+04 
9.95788576239822e+01 9.99825244886204e+04 
9.97812656950711e+01 9.99770296922870e+04 
9.99837025244658e+01 9.99720544775354e+04 
1.00186246746907e+02 9.99673124893561e+04 
