# Liste des scalaires : TEMPS pmat 
0.00000000000000e+00 1.00000000000000e+05 
2.04081632653061e-01 1.00000000000000e+05 
4.08042165141975e-01 1.00000000000000e+05 
6.11832106953319e-01 1.00000000000000e+05 
8.15421737498182e-01 1.00000000000000e+05 
1.01884831470558e+00 1.00000000000000e+05 
1.22207818930831e+00 1.00000000000000e+05 
1.42513098547652e+00 1.00000000000000e+05 
1.62798725493260e+00 1.00000000000000e+05 
1.83053493087979e+00 1.00000000000000e+05 
2.03291905653503e+00 1.00000000000000e+05 
2.23520224592158e+00 1.00000000000000e+05 
2.43733969254296e+00 1.00000000000000e+05 
2.63931827049832e+00 1.00000000000000e+05 
2.84120332396323e+00 1.00000000000000e+05 
3.04297858176904e+00 1.00000000000000e+05 
3.24460591464334e+00 1.00000000000000e+05 
3.44612291562131e+00 1.00000000000000e+05 
3.64760922308227e+00 1.00000000000000e+05 
3.84909249851467e+00 1.00000000000000e+05 
4.05064469773747e+00 1.00000000000000e+05 
4.25222294222906e+00 1.00000000000000e+05 
4.45380035517506e+00 1.00000000000000e+05 
4.65542063364273e+00 1.00000000000000e+05 
4.85715243419261e+00 1.00000000000000e+05 
5.05906045928525e+00 1.00000000000000e+05 
5.26119401899534e+00 1.00000000000000e+05 
5.46347898380931e+00 1.00000000000000e+05 
5.66591894484892e+00 1.00000000000000e+05 
5.86852800362132e+00 1.00000000000000e+05 
6.07136345597011e+00 1.00000000000000e+05 
6.27438265108359e+00 1.00000000000000e+05 
6.47752964045090e+00 1.00000000000000e+05 
6.68089073121200e+00 1.00000000000000e+05 
6.88429870550576e+00 1.00000000000000e+05 
7.08769636443068e+00 1.00000000000000e+05 
7.29110827962174e+00 1.00000000000000e+05 
7.49449373816632e+00 1.00000000000000e+05 
7.69790617884871e+00 1.00000000000000e+05 
7.90135044231191e+00 1.00000000000000e+05 
8.10473659770851e+00 1.00000000000000e+05 
8.30800948139133e+00 1.00000000000000e+05 
8.51115234273433e+00 1.00000000000000e+05 
8.71416193711340e+00 1.00000000000000e+05 
8.91719900347831e+00 1.00000000000000e+05 
9.12020204041872e+00 1.00000000000000e+05 
9.32319297435189e+00 1.00000000000000e+05 
9.52619174127014e+00 1.00000000000000e+05 
9.72921908834018e+00 1.00000000000000e+05 
9.93229912946381e+00 1.00000000000000e+05 
1.01354642235065e+01 1.00000000000000e+05 
1.03387225987006e+01 1.00000000000000e+05 
1.05420932760412e+01 1.00000000000000e+05 
1.07455601602491e+01 1.00000000000000e+05 
1.09490636153785e+01 1.00000000000000e+05 
1.11525952040860e+01 1.00000000000015e+05 
1.13559908728595e+01 1.00000000000348e+05 
1.15591577617810e+01 1.00000000008541e+05 
1.17622381240369e+01 1.00000000256683e+05 
1.19650888349948e+01 1.00000000698903e+05 
1.21677288877747e+01 1.00000001722534e+05 
1.23702013159276e+01 1.00000004691130e+05 
1.25725982340610e+01 1.00000011400639e+05 
1.27748516426287e+01 1.00000024487221e+05 
1.29769249867640e+01 1.00000049246546e+05 
1.31787998828658e+01 1.00000109870813e+05 
1.33806014179065e+01 1.00000212242822e+05 
1.35822734033907e+01 1.00000429397788e+05 
1.37839887339651e+01 1.00000802884477e+05 
1.39857022015949e+01 1.00001309571782e+05 
1.41874661286692e+01 1.00002018098971e+05 
1.43892101845392e+01 1.00003400970927e+05 
1.45910326674531e+01 1.00005044974145e+05 
1.47929375836209e+01 1.00007645329196e+05 
1.49949695660416e+01 1.00011083268441e+05 
1.51971475723012e+01 1.00014211709119e+05 
1.53995487529939e+01 1.00017355703824e+05 
1.56020957788436e+01 1.00022772298195e+05 
1.58048076652820e+01 1.00027279062494e+05 
1.60076888558614e+01 1.00033244543965e+05 
1.62106850728960e+01 1.00039323146068e+05 
1.64138636363558e+01 1.00042820465291e+05 
1.66171481416695e+01 1.00045105103705e+05 
1.68205318926791e+01 1.00049630453010e+05 
1.70239717971818e+01 1.00051754114430e+05 
1.72274242526830e+01 1.00055444435531e+05 
1.74308511498678e+01 1.00057888179427e+05 
1.76342505270569e+01 1.00058585035448e+05 
1.78376212420556e+01 1.00058794134810e+05 
1.80409883913594e+01 1.00060000877151e+05 
1.82443050346869e+01 1.00059187616573e+05 
1.84474327837354e+01 1.00059911119505e+05 
1.86505503053125e+01 1.00058549863471e+05 
1.88535932316970e+01 1.00056925916100e+05 
1.90565608622741e+01 1.00055466816188e+05 
1.92594853707276e+01 1.00053129806615e+05 
1.94623796526000e+01 1.00048942503210e+05 
1.96652593507810e+01 1.00044447328757e+05 
1.98682128225951e+01 1.00036833453125e+05 
2.00712299723808e+01 1.00030913982378e+05 
2.02743632772251e+01 1.00025876247329e+05 
2.04775974201162e+01 1.00017918495515e+05 
2.06808993432005e+01 1.00009586512836e+05 
2.08842816624739e+01 9.99989976789219e+04 
2.10877109245459e+01 9.99862156372756e+04 
2.12911865561413e+01 9.99781038194885e+04 
2.14946542636065e+01 9.99721715815655e+04 
2.16979483115182e+01 9.99622116064311e+04 
2.19009928614698e+01 9.99541505067718e+04 
2.21039017811684e+01 9.99432438187274e+04 
2.23066497283774e+01 9.99324724255359e+04 
2.25092177015210e+01 9.99268542517437e+04 
2.27116581345214e+01 9.99231904379066e+04 
2.29139334651086e+01 9.99159468658825e+04 
2.31160467477100e+01 9.99119852381055e+04 
2.33179868862948e+01 9.99059550945215e+04 
2.35199180822287e+01 9.99027241447585e+04 
2.37218051763256e+01 9.99026199207002e+04 
2.39236768880851e+01 9.99031950660014e+04 
2.41255552893581e+01 9.99026242517205e+04 
2.43274126484990e+01 9.99054209706904e+04 
2.45293056915018e+01 9.99080720355011e+04 
2.47312963943893e+01 9.99151701811327e+04 
2.49333962174227e+01 9.99213733886952e+04 
2.51357213393038e+01 9.99261940235035e+04 
2.53382018572701e+01 9.99330649623531e+04 
2.55408488073704e+01 9.99416483502140e+04 
2.57436471827663e+01 9.99523732896389e+04 
2.59465698142901e+01 9.99670785135984e+04 
2.61496583369765e+01 9.99770351925689e+04 
2.63529142216749e+01 9.99838066369026e+04 
2.65562742668140e+01 9.99944317301954e+04 
2.67596972761635e+01 1.00004003915226e+05 
2.69631506643780e+01 1.00016757297538e+05 
2.71666356359982e+01 1.00030878044965e+05 
2.73700949757860e+01 1.00038780380369e+05 
2.75735042909555e+01 1.00043354365535e+05 
2.77768698215134e+01 1.00051439913119e+05 
2.79801634091441e+01 1.00056488684598e+05 
2.81832311137916e+01 1.00063781349413e+05 
2.83862493691881e+01 1.00069507815517e+05 
2.85892005667304e+01 1.00070912347399e+05 
2.87920289759177e+01 1.00070968083382e+05 
2.89947855911169e+01 1.00072684282542e+05 
2.91974758167431e+01 1.00071438182853e+05 
2.94001081727549e+01 1.00070607908250e+05 
2.96028174869848e+01 1.00066599724612e+05 
2.98055746712193e+01 1.00062121129351e+05 
3.00084175396436e+01 1.00058887659131e+05 
3.02113309117389e+01 1.00055064042721e+05 
3.04143391710080e+01 1.00049876255827e+05 
3.06174347641709e+01 1.00043482545651e+05 
3.08206359225875e+01 1.00033793848036e+05 
3.10238921252226e+01 1.00027106805129e+05 
3.12271617071788e+01 1.00023111933182e+05 
3.14304933723914e+01 1.00016547878852e+05 
3.16338559333766e+01 1.00010343788821e+05 
3.18371697100234e+01 1.00001817839512e+05 
3.20402940171543e+01 9.99911138494505e+04 
3.22432411366959e+01 9.99853454541332e+04 
3.24460329241944e+01 9.99823273193290e+04 
3.26486468730478e+01 9.99762441661568e+04 
3.28510694083674e+01 9.99718252622065e+04 
3.30532799861897e+01 9.99649315941582e+04 
3.32554482102955e+01 9.99578846429375e+04 
3.34575453553804e+01 9.99553433671451e+04 
3.36595641500324e+01 9.99544743542690e+04 
3.38615486883824e+01 9.99518310317121e+04 
3.40634799904239e+01 9.99512574094638e+04 
3.42653996408576e+01 9.99494398201429e+04 
3.44673939566842e+01 9.99495978152590e+04 
3.46694612546547e+01 9.99515967096027e+04 
3.48717036107216e+01 9.99534041746603e+04 
3.50740862371626e+01 9.99556954668433e+04 
3.52766015885758e+01 9.99593487488635e+04 
3.54793183147402e+01 9.99637178906387e+04 
3.56821412870120e+01 9.99709543661174e+04 
3.58851172271814e+01 9.99763159283593e+04 
3.60883109456795e+01 9.99796269336689e+04 
3.62916365042183e+01 9.99854020026499e+04 
3.64950404477902e+01 9.99909900458171e+04 
3.66984690806315e+01 9.99989113067237e+04 
3.69019364923025e+01 1.00008771566957e+05 
3.71054357283456e+01 1.00014094879473e+05 
3.73088956361505e+01 1.00016663636872e+05 
3.75123241222096e+01 1.00022188469971e+05 
3.77157068996436e+01 1.00026155014668e+05 
3.79188884208807e+01 1.00032953648235e+05 
3.81219429731373e+01 1.00039743509835e+05 
3.83249696414713e+01 1.00041936158184e+05 
3.85278282028840e+01 1.00042244896735e+05 
3.87305789313831e+01 1.00044345836582e+05 
3.89332338669238e+01 1.00044409024028e+05 
3.91357862752962e+01 1.00046050037291e+05 
3.93384030966966e+01 1.00045703204636e+05 
3.95410271713939e+01 1.00043333799482e+05 
3.97436993424354e+01 1.00040971355939e+05 
3.99463921856252e+01 1.00038125929822e+05 
4.01491654750551e+01 1.00033963473707e+05 
4.03520289195442e+01 1.00029236479693e+05 
4.05550048910795e+01 1.00021768872877e+05 
4.07580864187294e+01 1.00015987405203e+05 
4.09612286775592e+01 1.00012067959656e+05 
4.11644223380052e+01 1.00005465850167e+05 
4.13676607110112e+01 9.99990501112745e+04 
4.15709452306063e+01 9.99902663798629e+04 
4.17742442700769e+01 9.99795870598449e+04 
4.19775135223546e+01 9.99734799696348e+04 
4.21806564457985e+01 9.99702740017496e+04 
4.23835704544603e+01 9.99638018683633e+04 
4.25863222546333e+01 9.99591672255492e+04 
4.27888279196484e+01 9.99516250861760e+04 
4.29912615982889e+01 9.99442460407527e+04 
4.31935852435500e+01 9.99417720602888e+04 
4.33957815205678e+01 9.99416187251067e+04 
4.35978979487543e+01 9.99394645897661e+04 
4.37999304200929e+01 9.99397461061509e+04 
4.40019076885360e+01 9.99382141937519e+04 
4.42039337320145e+01 9.99387822481161e+04 
4.44060001538986e+01 9.99416112045002e+04 
4.46081858574393e+01 9.99446559796729e+04 
4.48104711684930e+01 9.99481862572421e+04 
4.50128451538969e+01 9.99532459615055e+04 
4.52153736753591e+01 9.99586248704039e+04 
4.54180340147901e+01 9.99668539730547e+04 
4.56208710244056e+01 9.99733850636901e+04 
4.58239099702678e+01 9.99780161448508e+04 
4.60270996589638e+01 9.99853251771262e+04 
4.62304657697298e+01 9.99924266917506e+04 
4.64338688960506e+01 1.00001661224023e+05 
4.66373017077841e+01 1.00012834720952e+05 
4.68407572598015e+01 1.00019297482713e+05 
4.70442546395734e+01 1.00022718214289e+05 
4.72477386480636e+01 1.00029310832777e+05 
4.74511939246332e+01 1.00034161853526e+05 
4.76545330594890e+01 1.00041852276115e+05 
4.78577067285611e+01 1.00049604746964e+05 
4.80608753693268e+01 1.00052351531734e+05 
4.82638354697416e+01 1.00052658111972e+05 
4.84666467540706e+01 1.00055023949443e+05 
4.86693473168333e+01 1.00055219965900e+05 
4.88719019249858e+01 1.00057281199484e+05 
4.90745027720318e+01 1.00057538538066e+05 
4.92770764391171e+01 1.00055147945016e+05 
4.94796476958813e+01 1.00052337738350e+05 
4.96822204167646e+01 1.00049322070753e+05 
4.98848222239144e+01 1.00044871967981e+05 
5.00874761862161e+01 1.00040309373609e+05 
5.02902390157782e+01 1.00033115288623e+05 
5.04931165644340e+01 1.00026962274098e+05 
5.06960805910771e+01 1.00022329910813e+05 
5.08991333423157e+01 1.00015286060211e+05 
5.11022578645217e+01 1.00008298025066e+05 
5.13054423763076e+01 9.99993721604537e+04 
5.15086548546338e+01 9.99885104192832e+04 
5.17119065645690e+01 9.99817861630729e+04 
5.19151950423545e+01 9.99778345539635e+04 
5.21183745006488e+01 9.99706618644779e+04 
5.23214088774139e+01 9.99651558376947e+04 
5.25242324010963e+01 9.99569436715125e+04 
5.27269607076205e+01 9.99485977841805e+04 
5.29295441731976e+01 9.99453085000464e+04 
5.31319496968064e+01 9.99446015807030e+04 
5.33342472842059e+01 9.99417325066969e+04 
5.35364267211515e+01 9.99411825579701e+04 
5.37385040812235e+01 9.99386897761879e+04 
5.39406083094777e+01 9.99379182077670e+04 
5.41427161596012e+01 9.99401128837819e+04 
5.43448835302565e+01 9.99430096107381e+04 
5.45471108975266e+01 9.99460536069635e+04 
5.47493910082137e+01 9.99507181303314e+04 
5.49517879790564e+01 9.99553002839889e+04 
5.51543020530474e+01 9.99624644301159e+04 
5.53569745540088e+01 9.99689060220526e+04 
5.55598668189212e+01 9.99740117476409e+04 
5.57629126136038e+01 9.99814594394211e+04 
5.59661352293277e+01 9.99888866968909e+04 
5.61694921057413e+01 9.99979898728152e+04 
5.63728862466536e+01 1.00008937559240e+05 
5.65762995126502e+01 1.00015911708409e+05 
5.67797565324227e+01 1.00020107349866e+05 
5.69832411929876e+01 1.00027322185352e+05 
5.71867575597213e+01 1.00032913638410e+05 
5.73902142438224e+01 1.00040964733788e+05 
5.75935504013974e+01 1.00049189838605e+05 
5.77968428105782e+01 1.00052524453887e+05 
5.79999523007818e+01 1.00053292026820e+05 
5.82028720166861e+01 1.00056194085602e+05 
5.84056737401209e+01 1.00056905393084e+05 
5.86082924096970e+01 1.00059508157699e+05 
5.88109369357781e+01 1.00060638996926e+05 
5.90135188227780e+01 1.00058542770507e+05 
5.92160540509742e+01 1.00055592737919e+05 
5.94185604009779e+01 1.00052837701244e+05 
5.96210526984744e+01 1.00048493836696e+05 
5.98235501837237e+01 1.00044427323787e+05 
6.00261485722220e+01 1.00038046906027e+05 
6.02288361841210e+01 1.00031838011661e+05 
6.04316638201486e+01 1.00026735946499e+05 
6.06345686020863e+01 1.00019719678144e+05 
6.08375671479841e+01 1.00012492429612e+05 
6.10406211004055e+01 1.00003851218437e+05 
6.12437426280142e+01 9.99932487576120e+04 
6.14469164445446e+01 9.99860686302159e+04 
6.16501210676312e+01 9.99814685534256e+04 
6.18533579475247e+01 9.99738104059920e+04 
6.20566264173889e+01 9.99675606052761e+04 
6.22597817220211e+01 9.99589684331977e+04 
6.24627995534665e+01 9.99499534517450e+04 
6.26656673735378e+01 9.99459744467354e+04 
6.28683131616467e+01 9.99447670841988e+04 
6.30708195650471e+01 9.99411416670497e+04 
6.32731804840720e+01 9.99398052823442e+04 
6.34753919046854e+01 9.99364634236154e+04 
6.36776034541254e+01 9.99344660766908e+04 
6.38797873688976e+01 9.99360812711637e+04 
6.40819738273611e+01 9.99388778151367e+04 
6.42841784067253e+01 9.99412577178764e+04 
6.44863959670241e+01 9.99454760260430e+04 
6.46886801912706e+01 9.99492066312548e+04 
6.48910662140103e+01 9.99553262092539e+04 
6.50935819241049e+01 9.99615753128777e+04 
6.52963226964966e+01 9.99668622118542e+04 
6.54992405740070e+01 9.99739808430967e+04 
6.57023188561443e+01 9.99814694315008e+04 
6.59055500692646e+01 9.99902126886366e+04 
6.61089027901603e+01 1.00000999849208e+05 
6.63122766649993e+01 1.00008419727172e+05 
6.65156872049080e+01 1.00013161382614e+05 
6.67191280630788e+01 1.00020796850332e+05 
6.69226164912726e+01 1.00027119653326e+05 
6.71261325074319e+01 1.00035767062554e+05 
6.73296169036911e+01 1.00045001771500e+05 
6.75330252299440e+01 1.00049346958649e+05 
6.77363198433455e+01 1.00050902710356e+05 
6.79393888572186e+01 1.00054795079557e+05 
6.81423368894994e+01 1.00056614966990e+05 
6.83450708709156e+01 1.00060565590036e+05 
6.85478069710537e+01 1.00063522181889e+05 
6.87504560574697e+01 1.00062641187545e+05 
6.89530120509714e+01 1.00060392167324e+05 
6.91555074049377e+01 1.00058823225701e+05 
6.93579506481004e+01 1.00055462396965e+05 
6.95603538262472e+01 1.00052747436197e+05 
6.97628467070184e+01 1.00047917784943e+05 
6.99654031500043e+01 1.00042408227287e+05 
7.01680675370484e+01 1.00037564597213e+05 
7.03708128597538e+01 1.00031244825103e+05 
7.05736643918905e+01 1.00024319365824e+05 
7.07765856443493e+01 1.00016297882941e+05 
7.09796045256010e+01 1.00006187801963e+05 
7.11826613299295e+01 9.99988803774826e+04 
7.13857897479778e+01 9.99938947957325e+04 
7.15889661007472e+01 9.99859624673373e+04 
7.17921459341708e+01 9.99790214164087e+04 
7.19953726252105e+01 9.99697151721059e+04 
7.21985718027617e+01 9.99595647116674e+04 
7.24016476186381e+01 9.99543576981679e+04 
7.26045430537818e+01 9.99520519247109e+04 
7.28072213299480e+01 9.99470524107730e+04 
7.30097805999067e+01 9.99441806191321e+04 
7.32121446685061e+01 9.99389319859603e+04 
7.34144836407241e+01 9.99346009528693e+04 
7.36167644759561e+01 9.99345048729108e+04 
7.38189887804541e+01 9.99361661032102e+04 
7.40211919750683e+01 9.99368523279456e+04 
7.42233714635407e+01 9.99396549611330e+04 
7.44255673633598e+01 9.99415205766769e+04 
7.46278498585127e+01 9.99456934035730e+04 
7.48302306656735e+01 9.99509107474566e+04 
7.50327937384072e+01 9.99557064856167e+04 
7.52355063125583e+01 9.99619254452473e+04 
7.54383722282391e+01 9.99690102471984e+04 
7.56414216244544e+01 9.99770536274284e+04 
7.58445981321123e+01 9.99874122955027e+04 
7.60479184214261e+01 9.99950181689184e+04 
7.62512929186171e+01 1.00000290102673e+05 
7.64546964242765e+01 1.00008456094275e+05 
7.66581350680706e+01 1.00015713994863e+05 
7.68616010200597e+01 1.00025247722239e+05 
7.70651079936182e+01 1.00035755500658e+05 
7.72686113724331e+01 1.00041338438971e+05 
7.74720611152207e+01 1.00043951546108e+05 
7.76753133911698e+01 1.00049227316336e+05 
7.78784461857672e+01 1.00052500536779e+05 
7.80813340565300e+01 1.00058160824040e+05 
7.82841986758304e+01 1.00063108497141e+05 
7.84869562928645e+01 1.00063705947399e+05 
7.86895714902216e+01 1.00062441597951e+05 
7.88920942905549e+01 1.00062345585611e+05 
7.90945315913393e+01 1.00060221803719e+05 
7.92968840114831e+01 1.00059166806342e+05 
7.94993122078064e+01 1.00056059816069e+05 
7.97017694779022e+01 1.00051515156796e+05 
7.99042936798559e+01 1.00047156885840e+05 
8.01068697501696e+01 1.00041767012224e+05 
8.03095192442820e+01 1.00035426714120e+05 
8.05122783411067e+01 1.00028318224627e+05 
8.07151532943511e+01 1.00018903900214e+05 
8.09180874917751e+01 1.00011658918287e+05 
8.11211009470289e+01 1.00006443694541e+05 
8.13241348982823e+01 9.99984772589653e+04 
8.15272528948804e+01 9.99910799159848e+04 
8.17303892546740e+01 9.99814641175759e+04 
8.19335573112213e+01 9.99705953363949e+04 
8.21368014274263e+01 9.99644329370252e+04 
8.23398733234911e+01 9.99612076087268e+04 
8.25427383975605e+01 9.99550677927364e+04 
8.27454995878572e+01 9.99508706158917e+04 
8.29480798671471e+01 9.99441918933133e+04 
8.31506062535737e+01 9.99380365473560e+04 
8.33530393401760e+01 9.99365283020101e+04 
8.35553612257224e+01 9.99372005392968e+04 
8.37576211955306e+01 9.99364062602533e+04 
8.39598226381276e+01 9.99378417548482e+04 
8.41619894017817e+01 9.99379563002463e+04 
8.43642239682605e+01 9.99401392920679e+04 
8.45665203012387e+01 9.99442154326837e+04 
8.47689483564908e+01 9.99484050420129e+04 
8.49714940232389e+01 9.99535151090252e+04 
8.51741579640687e+01 9.99598215403894e+04 
8.53769978718437e+01 9.99667622600113e+04 
8.55799804902041e+01 9.99761977481180e+04 
8.57831240408108e+01 9.99836566325965e+04 
8.59864536951827e+01 9.99891225560679e+04 
8.61898160798553e+01 9.99972643607758e+04 
8.63932062744392e+01 1.00004911183020e+05 
8.65966229319829e+01 1.00014656217100e+05 
8.68000940443101e+01 1.00025772788464e+05 
8.70035825837327e+01 1.00032231688246e+05 
8.72070843440491e+01 1.00035665821758e+05 
8.74105419344450e+01 1.00041936563160e+05 
8.76138267437083e+01 1.00046359114615e+05 
8.78169205534772e+01 1.00053283725100e+05 
8.80199632675196e+01 1.00059902032858e+05 
8.82228781681249e+01 1.00061809947164e+05 
8.84256106973253e+01 1.00061464539373e+05 
8.86282246424383e+01 1.00062709835821e+05 
8.88307219110573e+01 1.00061797240443e+05 
8.90330924047535e+01 1.00062331939978e+05 
8.92355207597714e+01 1.00061027369289e+05 
8.94379379157647e+01 1.00057456506069e+05 
8.96403799089431e+01 1.00053640845934e+05 
8.98428436218644e+01 1.00049276644755e+05 
9.00453482475632e+01 1.00043652075712e+05 
9.02479204282358e+01 1.00037630447032e+05 
9.04506070166489e+01 1.00029244364131e+05 
9.06534221098573e+01 1.00022241950450e+05 
9.08563074156330e+01 1.00016965288960e+05 
9.10592331034942e+01 1.00009249984120e+05 
9.12622364660194e+01 1.00001744187922e+05 
9.14653252837018e+01 9.99922563264141e+04 
9.16684271913442e+01 9.99811667585104e+04 
9.18715866137494e+01 9.99744096692229e+04 
9.20747842683971e+01 9.99705124392321e+04 
9.22778651165516e+01 9.99636108549476e+04 
9.24808149399466e+01 9.99584229643782e+04 
9.26836400845213e+01 9.99506938583380e+04 
9.28863873614108e+01 9.99430467214361e+04 
9.30890085767134e+01 9.99403490833601e+04 
9.32914663544503e+01 9.99401586349119e+04 
9.34938317764641e+01 9.99380457585890e+04 
9.36961022577806e+01 9.99381879449190e+04 
9.38982898525573e+01 9.99366208087445e+04 
9.41005250280928e+01 9.99368285537063e+04 
9.43027848548941e+01 9.99397872985423e+04 
9.45051224941694e+01 9.99433063625797e+04 
9.47075391235569e+01 9.99471883258321e+04 
9.49100356403763e+01 9.99525968637750e+04 
9.51126679959551e+01 9.99582015065317e+04 
9.53154338342254e+01 9.99663097928378e+04 
9.55183731288411e+01 9.99733244152797e+04 
9.57215113888919e+01 9.99787591367893e+04 
9.59247849047671e+01 9.99865795318027e+04 
9.61281201802749e+01 9.99943118149864e+04 
9.63314994562056e+01 1.00003870059545e+05 
9.65349076935859e+01 1.00015140856103e+05 
9.67383385387505e+01 1.00022165583231e+05 
9.69418207081187e+01 1.00026291250050e+05 
9.71453287818878e+01 1.00033348227806e+05 
9.73487757563585e+01 1.00038758655696e+05 
9.75521003395735e+01 1.00046699456101e+05 
9.77553203876417e+01 1.00054743084221e+05 
9.79584256456356e+01 1.00057837426707e+05 
9.81613154578645e+01 1.00058355318412e+05 
9.83640728139437e+01 1.00060836703177e+05 
9.85666800715794e+01 1.00061144147980e+05 
9.87691229821461e+01 1.00063242221015e+05 
9.89716027992200e+01 1.00063811000960e+05 
9.91740397132955e+01 1.00061324170476e+05 
9.93764536462670e+01 1.00058114892927e+05 
9.95788576239822e+01 1.00054861911603e+05 
9.97812656950711e+01 1.00050086104485e+05 
9.99837025244658e+01 1.00045343006302e+05 
1.00186246746907e+02 1.00038274064197e+05 
