# Liste des scalaires : TEMPS pmat 
0.00000000000000e+00 1.00000000000000e+05 
2.04081632653061e-01 1.00000000000000e+05 
4.08042165141975e-01 1.00000000000000e+05 
6.11832106953319e-01 1.00000000000000e+05 
8.15421737498182e-01 1.00000000000000e+05 
1.01884831470558e+00 1.00000000000000e+05 
1.22207818930831e+00 1.00000000000000e+05 
1.42513098547652e+00 1.00000000000000e+05 
1.62798725493260e+00 1.00000000000000e+05 
1.83053493087979e+00 1.00000000000000e+05 
2.03291905653503e+00 1.00000000000000e+05 
2.23520224592158e+00 1.00000000000000e+05 
2.43733969254296e+00 1.00000000000000e+05 
2.63931827049832e+00 1.00000000000000e+05 
2.84120332396323e+00 1.00000000000000e+05 
3.04297858176904e+00 1.00000000000000e+05 
3.24460591464334e+00 1.00000000000000e+05 
3.44612291562131e+00 1.00000000000000e+05 
3.64760922308227e+00 1.00000000000000e+05 
3.84909249851467e+00 1.00000000000000e+05 
4.05064469773747e+00 1.00000000000000e+05 
4.25222294222906e+00 1.00000000000000e+05 
4.45380035517506e+00 1.00000000000000e+05 
4.65542063364273e+00 1.00000000001655e+05 
4.85715243419261e+00 1.00000000014601e+05 
5.05906045928525e+00 1.00000001114139e+05 
5.26119401899534e+00 1.00000005442655e+05 
5.46347898380931e+00 1.00000014971548e+05 
5.66591894484892e+00 1.00000073231461e+05 
5.86852800362132e+00 1.00000278877860e+05 
6.07136345597011e+00 1.00000638786760e+05 
6.27438265108359e+00 1.00001757838401e+05 
6.47752964045090e+00 1.00003655808438e+05 
6.68089073121200e+00 1.00007354272832e+05 
6.88429870550576e+00 1.00014126866502e+05 
7.08769636443068e+00 1.00023403892296e+05 
7.29110827962174e+00 1.00037372706526e+05 
7.49449373816632e+00 1.00056075041715e+05 
7.69790617884871e+00 1.00073995049872e+05 
7.90135044231191e+00 1.00096336980465e+05 
8.10473659770851e+00 1.00119683032601e+05 
8.30800948139133e+00 1.00139150691183e+05 
8.51115234273433e+00 1.00158594956814e+05 
8.71416193711340e+00 1.00177185172786e+05 
8.91719900347831e+00 1.00187520724874e+05 
9.12020204041872e+00 1.00198454219206e+05 
9.32319297435189e+00 1.00206486434407e+05 
9.52619174127014e+00 1.00208070307397e+05 
9.72921908834018e+00 1.00206390220023e+05 
9.93229912946381e+00 1.00200984649394e+05 
1.01354642235065e+01 1.00188475385189e+05 
1.03387225987006e+01 1.00175298967473e+05 
1.05420932760412e+01 1.00159832671649e+05 
1.07455601602491e+01 1.00139861135182e+05 
1.09490636153785e+01 1.00115863921402e+05 
1.11525952040860e+01 1.00089209122929e+05 
1.13559908728595e+01 1.00061667017143e+05 
1.15591577617810e+01 1.00031957834400e+05 
1.17622381240369e+01 1.00001991431541e+05 
1.19650888349948e+01 9.99718702086805e+04 
1.21677288877747e+01 9.99390900083700e+04 
1.23702013159276e+01 9.99071632118379e+04 
1.25725982340610e+01 9.98819035121326e+04 
1.27748516426287e+01 9.98539311602429e+04 
1.29769249867640e+01 9.98262720552065e+04 
1.31787998828658e+01 9.98018220427932e+04 
1.33806014179065e+01 9.97768251711786e+04 
1.35822734033907e+01 9.97567908967908e+04 
1.37839887339651e+01 9.97477740479021e+04 
1.39857022015949e+01 9.97372343522388e+04 
1.41874661286692e+01 9.97278220812205e+04 
1.43892101845392e+01 9.97216985002672e+04 
1.45910326674531e+01 9.97183289836052e+04 
1.47929375836209e+01 9.97224696697598e+04 
1.49949695660416e+01 9.97356702611542e+04 
1.51971475723012e+01 9.97505403821113e+04 
1.53995487529939e+01 9.97664928767143e+04 
1.56020957788436e+01 9.97843594132074e+04 
1.58048076652820e+01 9.98056985268768e+04 
1.60076888558614e+01 9.98333698334706e+04 
1.62106850728960e+01 9.98633501823367e+04 
1.64138636363558e+01 9.98971912281924e+04 
1.66171481416695e+01 9.99320245429092e+04 
1.68205318926791e+01 9.99648671059281e+04 
1.70239717971818e+01 9.99999171153136e+04 
1.72274242526830e+01 1.00036650219069e+05 
1.74308511498678e+01 1.00066218830989e+05 
1.76342505270569e+01 1.00099283618219e+05 
1.78376212420556e+01 1.00132645240217e+05 
1.80409883913594e+01 1.00160626004778e+05 
1.82443050346869e+01 1.00187997152153e+05 
1.84474327837354e+01 1.00211263300691e+05 
1.86505503053125e+01 1.00222311448891e+05 
1.88535932316970e+01 1.00235473455045e+05 
1.90565608622741e+01 1.00248007415737e+05 
1.92594853707276e+01 1.00255447407541e+05 
1.94623796526000e+01 1.00259132675721e+05 
1.96652593507810e+01 1.00255953850254e+05 
1.98682128225951e+01 1.00243474468444e+05 
2.00712299723808e+01 1.00230131385438e+05 
2.02743632772251e+01 1.00216616986688e+05 
2.04775974201162e+01 1.00200336195591e+05 
2.06808993432005e+01 1.00179968415526e+05 
2.08842816624739e+01 1.00154520597428e+05 
2.10877109245459e+01 1.00126686743451e+05 
2.12911865561413e+01 1.00095801837525e+05 
2.14946542636065e+01 1.00064728291753e+05 
2.16979483115182e+01 1.00034814448758e+05 
2.19009928614698e+01 1.00002300652303e+05 
2.21039017811684e+01 9.99687940372798e+04 
2.23066497283774e+01 9.99407218926748e+04 
2.25092177015210e+01 9.99090791882101e+04 
2.27116581345214e+01 9.98772477696170e+04 
2.29139334651086e+01 9.98493181708446e+04 
2.31160467477100e+01 9.98208298958930e+04 
2.33179868862948e+01 9.97961419930847e+04 
2.35199180822287e+01 9.97813366615044e+04 
2.37218051763256e+01 9.97644003078063e+04 
2.39236768880851e+01 9.97483388029577e+04 
2.41255552893581e+01 9.97366881882317e+04 
2.43274126484990e+01 9.97269862258854e+04 
2.45293056915018e+01 9.97245604071186e+04 
2.47312963943893e+01 9.97317072609241e+04 
2.49333962174227e+01 9.97394811399447e+04 
2.51357213393038e+01 9.97486438297691e+04 
2.53382018572701e+01 9.97608086899297e+04 
2.55408488073704e+01 9.97764835361783e+04 
2.57436471827663e+01 9.97989843291375e+04 
2.59465698142901e+01 9.98252686028191e+04 
2.61496583369765e+01 9.98549275355363e+04 
2.63529142216749e+01 9.98865244725090e+04 
2.65562742668140e+01 9.99173381129568e+04 
2.67596972761635e+01 9.99515590810638e+04 
2.69631506643780e+01 9.99891296847360e+04 
2.71666356359982e+01 1.00021253550442e+05 
2.73700949757860e+01 1.00057031670915e+05 
2.75735042909555e+01 1.00093324745824e+05 
2.77768698215134e+01 1.00124478995619e+05 
2.79801634091441e+01 1.00156049027911e+05 
2.81832311137916e+01 1.00184883953204e+05 
2.83862493691881e+01 1.00202429318883e+05 
2.85892005667304e+01 1.00222112486324e+05 
2.87920289759177e+01 1.00240945610285e+05 
2.89947855911169e+01 1.00253777504448e+05 
2.91974758167431e+01 1.00263896336235e+05 
2.94001081727549e+01 1.00267457927242e+05 
2.96028174869848e+01 1.00260350594825e+05 
2.98055746712193e+01 1.00252844943964e+05 
3.00084175396436e+01 1.00244507507935e+05 
3.02113309117389e+01 1.00232197233983e+05 
3.04143391710080e+01 1.00215919743141e+05 
3.06174347641709e+01 1.00193646962955e+05 
3.08206359225875e+01 1.00166960995300e+05 
3.10238921252226e+01 1.00137749939180e+05 
3.12271617071788e+01 1.00108345236576e+05 
3.14304933723914e+01 1.00079512859396e+05 
3.16338559333766e+01 1.00047473956511e+05 
3.18371697100234e+01 1.00013246619999e+05 
3.20402940171543e+01 9.99831467418953e+04 
3.22432411366959e+01 9.99496883958938e+04 
3.24460329241944e+01 9.99161097034471e+04 
3.26486468730478e+01 9.98860769110582e+04 
3.28510694083674e+01 9.98551158676193e+04 
3.30532799861897e+01 9.98268840009647e+04 
3.32554482102955e+01 9.98078840659436e+04 
3.34575453553804e+01 9.97866831767353e+04 
3.36595641500324e+01 9.97660941530697e+04 
3.38615486883824e+01 9.97504656474370e+04 
3.40634799904239e+01 9.97363651950918e+04 
3.42653996408576e+01 9.97283873595857e+04 
3.44673939566842e+01 9.97315335919052e+04 
3.46694612546547e+01 9.97351042988272e+04 
3.48717036107216e+01 9.97400212264004e+04 
3.50740862371626e+01 9.97492941708458e+04 
3.52766015885758e+01 9.97605788335791e+04 
3.54793183147402e+01 9.97788079242921e+04 
3.56821412870120e+01 9.98030357666546e+04 
3.58851172271814e+01 9.98302874418258e+04 
3.60883109456795e+01 9.98592750774542e+04 
3.62916365042183e+01 9.98887713884962e+04 
3.64950404477902e+01 9.99218702345753e+04 
3.66984690806315e+01 9.99591390768248e+04 
3.69019364923025e+01 9.99923679514571e+04 
3.71054357283456e+01 1.00029027092365e+05 
3.73088956361505e+01 1.00066455531240e+05 
3.75123241222096e+01 1.00099739860680e+05 
3.77157068996436e+01 1.00133845879960e+05 
3.79188884208807e+01 1.00166060815899e+05 
3.81219429731373e+01 1.00187766723724e+05 
3.83249696414713e+01 1.00211119172536e+05 
3.85278282028840e+01 1.00233844689223e+05 
3.87305789313831e+01 1.00250434444004e+05 
3.89332338669238e+01 1.00264638104512e+05 
3.91357862752962e+01 1.00273000702550e+05 
3.93384030966966e+01 1.00269518964960e+05 
3.95410271713939e+01 1.00265984901278e+05 
3.97436993424354e+01 1.00262023992367e+05 
3.99463921856252e+01 1.00253140506248e+05 
4.01491654750551e+01 1.00241421642300e+05 
4.03520289195442e+01 1.00223468266797e+05 
4.05550048910795e+01 1.00199525564520e+05 
4.07580864187294e+01 1.00173110284215e+05 
4.09612286775592e+01 1.00146448062894e+05 
4.11644223380052e+01 1.00119459382641e+05 
4.13676607110112e+01 1.00088982518645e+05 
4.15709452306063e+01 1.00055319962956e+05 
4.17742442700769e+01 1.00024515499802e+05 
4.19775135223546e+01 9.99902272802857e+04 
4.21806564457985e+01 9.99556054642546e+04 
4.23835704544603e+01 9.99241087967454e+04 
4.25863222546333e+01 9.98913454035207e+04 
4.27888279196484e+01 9.98602716372047e+04 
4.29912615982889e+01 9.98379822598334e+04 
4.31935852435500e+01 9.98130144284463e+04 
4.33957815205678e+01 9.97881451477216e+04 
4.35978979487543e+01 9.97683684977884e+04 
4.37999304200929e+01 9.97496217134295e+04 
4.40019076885360e+01 9.97366087000801e+04 
4.42039337320145e+01 9.97348730576931e+04 
4.44060001538986e+01 9.97324112029416e+04 
4.46081858574393e+01 9.97314091021615e+04 
4.48104711684930e+01 9.97347734122569e+04 
4.50128451538969e+01 9.97419842871958e+04 
4.52153736753591e+01 9.97549142964734e+04 
4.54180340147901e+01 9.97745943998746e+04 
4.56208710244056e+01 9.97975016832208e+04 
4.58239099702678e+01 9.98222044499420e+04 
4.60270996589638e+01 9.98484945878328e+04 
4.62304657697298e+01 9.98784669220598e+04 
4.64338688960506e+01 9.99135055921264e+04 
4.66373017077841e+01 9.99465180209785e+04 
4.68407572598015e+01 9.99830248145004e+04 
4.70442546395734e+01 1.00020664315577e+05 
4.72477386480636e+01 1.00055425806944e+05 
4.74511939246332e+01 1.00091566456415e+05 
4.76545330594890e+01 1.00127150102249e+05 
4.78577067285611e+01 1.00153075232741e+05 
4.80608753693268e+01 1.00181362932990e+05 
4.82638354697416e+01 1.00209232478570e+05 
4.84666467540706e+01 1.00230933204071e+05 
4.86693473168333e+01 1.00250603911383e+05 
4.88719019249858e+01 1.00264709473500e+05 
4.90745027720318e+01 1.00266676892125e+05 
4.92770764391171e+01 1.00269457613366e+05 
4.94796476958813e+01 1.00271122687630e+05 
4.96822204167646e+01 1.00268097257786e+05 
4.98848222239144e+01 1.00260565462514e+05 
5.00874761862161e+01 1.00247209135029e+05 
5.02902390157782e+01 1.00227011315647e+05 
5.04931165644340e+01 1.00204058318033e+05 
5.06960805910771e+01 1.00180754123189e+05 
5.08991333423157e+01 1.00156455276324e+05 
5.11022578645217e+01 1.00128473875593e+05 
5.13054423763076e+01 1.00096317218656e+05 
5.15086548546338e+01 1.00065334922892e+05 
5.17119065645690e+01 1.00030962068232e+05 
5.19151950423545e+01 9.99962371805775e+04 
5.21183745006488e+01 9.99641002730627e+04 
5.23214088774139e+01 9.99302790497198e+04 
5.25242324010963e+01 9.98970610802663e+04 
5.27269607076205e+01 9.98716195938154e+04 
5.29295441731976e+01 9.98430989636939e+04 
5.31319496968064e+01 9.98145558142633e+04 
5.33342472842059e+01 9.97911156930676e+04 
5.35364267211515e+01 9.97681011956978e+04 
5.37385040812235e+01 9.97501980146741e+04 
5.39406083094777e+01 9.97434392797014e+04 
5.41427161596012e+01 9.97352760135995e+04 
5.43448835302565e+01 9.97286820858680e+04 
5.45471108975266e+01 9.97268736286243e+04 
5.47493910082137e+01 9.97280605136989e+04 
5.49517879790564e+01 9.97361376485069e+04 
5.51543020530474e+01 9.97519958348067e+04 
5.53569745540088e+01 9.97697787525606e+04 
5.55598668189212e+01 9.97890331687994e+04 
5.57629126136038e+01 9.98111351171420e+04 
5.59661352293277e+01 9.98371390834023e+04 
5.61694921057413e+01 9.98688333318518e+04 
5.63728862466536e+01 9.99007589303899e+04 
5.65762995126502e+01 9.99360309759832e+04 
5.67797565324227e+01 9.99724419154098e+04 
5.69832411929876e+01 1.00006911658242e+05 
5.71867575597213e+01 1.00043623865528e+05 
5.73902142438224e+01 1.00080980594571e+05 
5.75935504013974e+01 1.00110082090737e+05 
5.77968428105782e+01 1.00141960605423e+05 
5.79999523007818e+01 1.00173660356895e+05 
5.82028720166861e+01 1.00199563634561e+05 
5.84056737401209e+01 1.00224468981913e+05 
5.86082924096970e+01 1.00244231845771e+05 
5.88109369357781e+01 1.00251977320296e+05 
5.90135188227780e+01 1.00261247595291e+05 
5.92160540509742e+01 1.00269027906991e+05 
5.94185604009779e+01 1.00271475632969e+05 
5.96210526984744e+01 1.00270156999429e+05 
5.98235501837237e+01 1.00261983385606e+05 
6.00261485722220e+01 1.00245669623383e+05 
6.02288361841210e+01 1.00227993489273e+05 
6.04316638201486e+01 1.00209920707387e+05 
6.06345686020863e+01 1.00189603840515e+05 
6.08375671479841e+01 1.00165256481029e+05 
6.10406211004055e+01 1.00135855779472e+05 
6.12437426280142e+01 1.00105683785605e+05 
6.14469164445446e+01 1.00072528561059e+05 
6.16501210676312e+01 1.00039067288099e+05 
6.18533579475247e+01 1.00007704377707e+05 
6.20566264173889e+01 9.99739531893316e+04 
6.22597817220211e+01 9.99395947194070e+04 
6.24627995534665e+01 9.99119245340745e+04 
6.26656673735378e+01 9.98808979585653e+04 
6.28683131616467e+01 9.98497423328526e+04 
6.30708195650471e+01 9.98234109122169e+04 
6.32731804840720e+01 9.97969100926241e+04 
6.34753919046854e+01 9.97746418490919e+04 
6.36776034541254e+01 9.97633246423325e+04 
6.38797873688976e+01 9.97497502216275e+04 
6.40819738273611e+01 9.97375375772422e+04 
6.42841784067253e+01 9.97304543393548e+04 
6.44863959670241e+01 9.97257703026633e+04 
6.46886801912706e+01 9.97281477160803e+04 
6.48910662140103e+01 9.97396792007104e+04 
6.50935819241049e+01 9.97520406823570e+04 
6.52963226964966e+01 9.97658137903304e+04 
6.54992405740070e+01 9.97831513887154e+04 
6.57023188561443e+01 9.98046204720453e+04 
6.59055500692646e+01 9.98323170750938e+04 
6.61089027901603e+01 9.98624117703864e+04 
6.63122766649993e+01 9.98954829806018e+04 
6.65156872049080e+01 9.99298812799802e+04 
6.67191280630788e+01 9.99635114529404e+04 
6.69226164912726e+01 9.99999957017853e+04 
6.71261325074319e+01 1.00038460713097e+05 
6.73296169036911e+01 1.00070321792339e+05 
6.75330252299440e+01 1.00105143617272e+05 
6.77363198433455e+01 1.00140011847287e+05 
6.79393888572186e+01 1.00169821710289e+05 
6.81423368894994e+01 1.00199054725123e+05 
6.83450708709156e+01 1.00224185638461e+05 
6.85478069710537e+01 1.00237656075894e+05 
6.87504560574697e+01 1.00253095593712e+05 
6.89530120509714e+01 1.00267111313726e+05 
6.91555074049377e+01 1.00275737729465e+05 
6.93579506481004e+01 1.00280761043100e+05 
6.95603538262472e+01 1.00278192609913e+05 
6.97628467070184e+01 1.00266199169392e+05 
6.99654031500043e+01 1.00253337378626e+05 
7.01680675370484e+01 1.00239793289802e+05 
7.03708128597538e+01 1.00223427410293e+05 
7.05736643918905e+01 1.00202792172418e+05 
7.07765856443493e+01 1.00176328770209e+05 
7.09796045256010e+01 1.00147421321577e+05 
7.11826613299295e+01 1.00115760693573e+05 
7.13857897479778e+01 1.00083552085828e+05 
7.15889661007472e+01 1.00052644444471e+05 
7.17921459341708e+01 1.00018718780960e+05 
7.19953726252105e+01 9.99829843784481e+04 
7.21985718027617e+01 9.99529688562589e+04 
7.24016476186381e+01 9.99195475277527e+04 
7.26045430537818e+01 9.98859694726722e+04 
7.28072213299480e+01 9.98568249023010e+04 
7.30097805999067e+01 9.98269128810879e+04 
7.32121446685061e+01 9.98002597878493e+04 
7.34144836407241e+01 9.97840888268086e+04 
7.36167644759561e+01 9.97657168912340e+04 
7.38189887804541e+01 9.97482858593637e+04 
7.40211919750683e+01 9.97361885114213e+04 
7.42233714635407e+01 9.97260040893235e+04 
7.44255673633598e+01 9.97224723275950e+04 
7.46278498585127e+01 9.97292507779264e+04 
7.48302306656735e+01 9.97364572964472e+04 
7.50327937384072e+01 9.97449748768899e+04 
7.52355063125583e+01 9.97576616424774e+04 
7.54383722282391e+01 9.97737404496485e+04 
7.56414216244544e+01 9.97963457997084e+04 
7.58445981321123e+01 9.98234646656899e+04 
7.60479184214261e+01 9.98535072176542e+04 
7.62512929186171e+01 9.98849513852193e+04 
7.64546964242765e+01 9.99166814859321e+04 
7.66581350680706e+01 9.99517715495068e+04 
7.68616010200597e+01 9.99899530853755e+04 
7.70651079936182e+01 1.00023353903029e+05 
7.72686113724331e+01 1.00059907707075e+05 
7.74720611152207e+01 1.00096810027938e+05 
7.76753133911698e+01 1.00129492464636e+05 
7.78784461857672e+01 1.00162379347010e+05 
7.80813340565300e+01 1.00192246346248e+05 
7.82841986758304e+01 1.00211234874952e+05 
7.84869562928645e+01 1.00231933124463e+05 
7.86895714902216e+01 1.00251543433118e+05 
7.88920942905549e+01 1.00265611460104e+05 
7.90945315913393e+01 1.00276824094014e+05 
7.92968840114831e+01 1.00280990707386e+05 
7.94993122078064e+01 1.00274471031150e+05 
7.97017694779022e+01 1.00267331618452e+05 
7.99042936798559e+01 1.00259120839593e+05 
8.01068697501696e+01 1.00247208584219e+05 
8.03095192442820e+01 1.00231435074962e+05 
8.05122783411067e+01 1.00209178482497e+05 
8.07151532943511e+01 1.00182640442176e+05 
8.09180874917751e+01 1.00153412694550e+05 
8.11211009470289e+01 1.00123718996716e+05 
8.13241348982823e+01 1.00094670343590e+05 
8.15272528948804e+01 1.00062162388909e+05 
8.17303892546740e+01 1.00026730291992e+05 
8.19335573112213e+01 9.99955793968581e+04 
8.21368014274263e+01 9.99608846290144e+04 
8.23398733234911e+01 9.99258350479549e+04 
8.25427383975605e+01 9.98948476146862e+04 
8.27454995878572e+01 9.98626166865471e+04 
8.29480798671471e+01 9.98325174451751e+04 
8.31506062535737e+01 9.98120590297793e+04 
8.33530393401760e+01 9.97892627031392e+04 
8.35553612257224e+01 9.97670147176171e+04 
8.37576211955306e+01 9.97504980749004e+04 
8.39598226381276e+01 9.97353475487858e+04 
8.41619894017817e+01 9.97257702641845e+04 
8.43642239682605e+01 9.97278751603223e+04 
8.45665203012387e+01 9.97296404986854e+04 
8.47689483564908e+01 9.97325549332981e+04 
8.49714940232389e+01 9.97406175662552e+04 
8.51741579640687e+01 9.97511769501126e+04 
8.53769978718437e+01 9.97684832318721e+04 
8.55799804902041e+01 9.97921433238306e+04 
8.57831240408108e+01 9.98183291725284e+04 
8.59864536951827e+01 9.98460041210754e+04 
8.61898160798553e+01 9.98750135860206e+04 
8.63932062744392e+01 9.99077183877575e+04 
8.65966229319829e+01 9.99445243476885e+04 
8.68000940443101e+01 9.99783509485194e+04 
8.70035825837327e+01 1.00015436837879e+05 
8.72070843440491e+01 1.00053199885250e+05 
8.74105419344450e+01 1.00087746539816e+05 
8.76138267437083e+01 1.00123264877944e+05 
8.78169205534772e+01 1.00157049071412e+05 
8.80199632675196e+01 1.00180772317924e+05 
8.82228781681249e+01 1.00206464909673e+05 
8.84256106973253e+01 1.00231393081494e+05 
8.86282246424383e+01 1.00250580690415e+05 
8.88307219110573e+01 1.00267454980090e+05 
8.90330924047535e+01 1.00278177853669e+05 
8.92355207597714e+01 1.00276952949887e+05 
8.94379379157647e+01 1.00275811537684e+05 
8.96403799089431e+01 1.00273514675017e+05 
8.98428436218644e+01 1.00266825718773e+05 
9.00453482475632e+01 1.00256514899369e+05 
9.02479204282358e+01 1.00239303736069e+05 
9.04506070166489e+01 1.00216374621594e+05 
9.06534221098573e+01 1.00190249380905e+05 
9.08563074156330e+01 1.00163816954230e+05 
9.10592331034942e+01 1.00137296669495e+05 
9.12622364660194e+01 1.00106807401790e+05 
9.14653252837018e+01 1.00072184986441e+05 
9.16684271913442e+01 1.00040437046226e+05 
9.18715866137494e+01 1.00005011024049e+05 
9.20747842683971e+01 9.99691643599212e+04 
9.22778651165516e+01 9.99368936060030e+04 
9.24808149399466e+01 9.99028707349211e+04 
9.26836400845213e+01 9.98696680279067e+04 
9.28863873614108e+01 9.98456947693089e+04 
9.30890085767134e+01 9.98186560890988e+04 
9.32914663544503e+01 9.97918200765083e+04 
9.34938317764641e+01 9.97708868380726e+04 
9.36961022577806e+01 9.97506701042592e+04 
9.38982898525573e+01 9.97357518204611e+04 
9.41005250280928e+01 9.97326251200384e+04 
9.43027848548941e+01 9.97282117735826e+04 
9.45051224941694e+01 9.97253078513127e+04 
9.47075391235569e+01 9.97274984081695e+04 
9.49100356403763e+01 9.97330288530251e+04 
9.51126679959551e+01 9.97444690738629e+04 
9.53154338342254e+01 9.97636898675713e+04 
9.55183731288411e+01 9.97854600721941e+04 
9.57215113888919e+01 9.98086466051845e+04 
9.59247849047671e+01 9.98341443686313e+04 
9.61281201802749e+01 9.98633553611993e+04 
9.63314994562056e+01 9.98975629484180e+04 
9.65349076935859e+01 9.99310746250785e+04 
9.67383385387505e+01 9.99678148811927e+04 
9.69418207081187e+01 1.00005399410350e+05 
9.71453287818878e+01 1.00040875223428e+05 
9.73487757563585e+01 1.00077958841636e+05 
9.75521003395735e+01 1.00114493821409e+05 
9.77553203876417e+01 1.00142302522324e+05 
9.79584256456356e+01 1.00172339068687e+05 
9.81613154578645e+01 1.00201928886544e+05 
9.83640728139437e+01 1.00226049658127e+05 
9.85666800715794e+01 1.00248377868478e+05 
9.87691229821461e+01 1.00264832272864e+05 
9.89716027992200e+01 1.00269713172626e+05 
9.91740397132955e+01 1.00275354339898e+05 
9.93764536462670e+01 1.00279282656666e+05 
9.95788576239822e+01 1.00278583032268e+05 
9.97812656950711e+01 1.00273633128563e+05 
9.99837025244658e+01 1.00262079945947e+05 
1.00186246746907e+02 1.00243119348655e+05 
