# Liste des scalaires : TEMPS pmat 
0.00000000000000e+00 1.00000000000000e+05 
2.04081632653061e-01 1.00000000000000e+05 
4.08042165141975e-01 1.00000000000000e+05 
6.11832106953319e-01 1.00000000000000e+05 
8.15421737498182e-01 1.00000000000000e+05 
1.01884831470558e+00 1.00000000000000e+05 
1.22207818930831e+00 1.00000000000000e+05 
1.42513098547652e+00 1.00000000000000e+05 
1.62798725493260e+00 1.00000000000000e+05 
1.83053493087979e+00 1.00000000000000e+05 
2.03291905653503e+00 1.00000000000000e+05 
2.23520224592158e+00 1.00000000000000e+05 
2.43733969254296e+00 1.00000000000000e+05 
2.63931827049832e+00 1.00000000000000e+05 
2.84120332396323e+00 1.00000000000000e+05 
3.04297858176904e+00 1.00000000000000e+05 
3.24460591464334e+00 1.00000000000000e+05 
3.44612291562131e+00 1.00000000000000e+05 
3.64760922308227e+00 1.00000000000000e+05 
3.84909249851467e+00 1.00000000000000e+05 
4.05064469773747e+00 1.00000000000000e+05 
4.25222294222906e+00 1.00000000000000e+05 
4.45380035517506e+00 1.00000000000000e+05 
4.65542063364273e+00 1.00000000000000e+05 
4.85715243419261e+00 1.00000000000000e+05 
5.05906045928525e+00 1.00000000000000e+05 
5.26119401899534e+00 1.00000000000000e+05 
5.46347898380931e+00 1.00000000000000e+05 
5.66591894484892e+00 1.00000000000000e+05 
5.86852800362132e+00 1.00000000000000e+05 
6.07136345597011e+00 1.00000000000000e+05 
6.27438265108359e+00 1.00000000000000e+05 
6.47752964045090e+00 1.00000000000000e+05 
6.68089073121200e+00 1.00000000000000e+05 
6.88429870550576e+00 1.00000000000000e+05 
7.08769636443068e+00 1.00000000000000e+05 
7.29110827962174e+00 1.00000000000000e+05 
7.49449373816632e+00 1.00000000000000e+05 
7.69790617884871e+00 1.00000000000000e+05 
7.90135044231191e+00 1.00000000000000e+05 
8.10473659770851e+00 1.00000000000000e+05 
8.30800948139133e+00 1.00000000000000e+05 
8.51115234273433e+00 1.00000000000000e+05 
8.71416193711340e+00 1.00000000000000e+05 
8.91719900347831e+00 1.00000000000000e+05 
9.12020204041872e+00 1.00000000000000e+05 
9.32319297435189e+00 1.00000000000000e+05 
9.52619174127014e+00 1.00000000000000e+05 
9.72921908834018e+00 1.00000000000000e+05 
9.93229912946381e+00 1.00000000000000e+05 
1.01354642235065e+01 1.00000000000000e+05 
1.03387225987006e+01 1.00000000000000e+05 
1.05420932760412e+01 1.00000000000000e+05 
1.07455601602491e+01 1.00000000000000e+05 
1.09490636153785e+01 1.00000000000000e+05 
1.11525952040860e+01 1.00000000000000e+05 
1.13559908728595e+01 1.00000000000000e+05 
1.15591577617810e+01 1.00000000000000e+05 
1.17622381240369e+01 1.00000000000000e+05 
1.19650888349948e+01 1.00000000000000e+05 
1.21677288877747e+01 1.00000000000000e+05 
1.23702013159276e+01 1.00000000000000e+05 
1.25725982340610e+01 1.00000000000000e+05 
1.27748516426287e+01 1.00000000000000e+05 
1.29769249867640e+01 1.00000000000000e+05 
1.31787998828658e+01 1.00000000000000e+05 
1.33806014179065e+01 1.00000000000000e+05 
1.35822734033907e+01 1.00000000000000e+05 
1.37839887339651e+01 1.00000000000000e+05 
1.39857022015949e+01 1.00000000000000e+05 
1.41874661286692e+01 1.00000000000000e+05 
1.43892101845392e+01 1.00000000000000e+05 
1.45910326674531e+01 1.00000000000000e+05 
1.47929375836209e+01 1.00000000000000e+05 
1.49949695660416e+01 1.00000000000000e+05 
1.51971475723012e+01 1.00000000000000e+05 
1.53995487529939e+01 1.00000000000000e+05 
1.56020957788436e+01 1.00000000000000e+05 
1.58048076652820e+01 1.00000000000000e+05 
1.60076888558614e+01 1.00000000000000e+05 
1.62106850728960e+01 1.00000000000000e+05 
1.64138636363558e+01 1.00000000000000e+05 
1.66171481416695e+01 1.00000000000000e+05 
1.68205318926791e+01 1.00000000000000e+05 
1.70239717971818e+01 1.00000000000000e+05 
1.72274242526830e+01 1.00000000000000e+05 
1.74308511498678e+01 1.00000000000000e+05 
1.76342505270569e+01 1.00000000000000e+05 
1.78376212420556e+01 1.00000000000000e+05 
1.80409883913594e+01 1.00000000000000e+05 
1.82443050346869e+01 1.00000000000000e+05 
1.84474327837354e+01 1.00000000000000e+05 
1.86505503053125e+01 1.00000000000000e+05 
1.88535932316970e+01 1.00000000000000e+05 
1.90565608622741e+01 1.00000000000000e+05 
1.92594853707276e+01 1.00000000000000e+05 
1.94623796526000e+01 1.00000000000000e+05 
1.96652593507810e+01 1.00000000000000e+05 
1.98682128225951e+01 1.00000000000000e+05 
2.00712299723808e+01 1.00000000000000e+05 
2.02743632772251e+01 1.00000000000000e+05 
2.04775974201162e+01 1.00000000000000e+05 
2.06808993432005e+01 1.00000000000000e+05 
2.08842816624739e+01 1.00000000000000e+05 
2.10877109245459e+01 1.00000000000000e+05 
2.12911865561413e+01 1.00000000000000e+05 
2.14946542636065e+01 1.00000000000000e+05 
2.16979483115182e+01 1.00000000000000e+05 
2.19009928614698e+01 1.00000000000000e+05 
2.21039017811684e+01 1.00000000000000e+05 
2.23066497283774e+01 1.00000000000004e+05 
2.25092177015210e+01 1.00000000000031e+05 
2.27116581345214e+01 1.00000000000178e+05 
2.29139334651086e+01 1.00000000036984e+05 
2.31160467477100e+01 1.00000000343745e+05 
2.33179868862948e+01 1.00000000963283e+05 
2.35199180822287e+01 1.00000001763783e+05 
2.37218051763256e+01 1.00000003323642e+05 
2.39236768880851e+01 1.00000006258100e+05 
2.41255552893581e+01 1.00000011318112e+05 
2.43274126484990e+01 1.00000019904566e+05 
2.45293056915018e+01 1.00000034305611e+05 
2.47312963943893e+01 1.00000058703601e+05 
2.49333962174227e+01 1.00000100788385e+05 
2.51357213393038e+01 1.00000167228143e+05 
2.53382018572701e+01 1.00000266813731e+05 
2.55408488073704e+01 1.00000416235841e+05 
2.57436471827663e+01 1.00000633815386e+05 
2.59465698142901e+01 1.00000957896720e+05 
2.61496583369765e+01 1.00001440165533e+05 
2.63529142216749e+01 1.00002107932914e+05 
2.65562742668140e+01 1.00002971050875e+05 
2.67596972761635e+01 1.00004072229323e+05 
2.69631506643780e+01 1.00005448326398e+05 
2.71666356359982e+01 1.00007232610675e+05 
2.73700949757860e+01 1.00009471799257e+05 
2.75735042909555e+01 1.00012110821909e+05 
2.77768698215134e+01 1.00014933324787e+05 
2.79801634091441e+01 1.00017813820715e+05 
2.81832311137916e+01 1.00020712724408e+05 
2.83862493691881e+01 1.00023950269259e+05 
2.85892005667304e+01 1.00027270291469e+05 
2.87920289759177e+01 1.00030483893334e+05 
2.89947855911169e+01 1.00033041857391e+05 
2.91974758167431e+01 1.00034627773941e+05 
2.94001081727549e+01 1.00035610329369e+05 
2.96028174869848e+01 1.00036655311606e+05 
2.98055746712193e+01 1.00037473038871e+05 
3.00084175396436e+01 1.00037720252615e+05 
3.02113309117389e+01 1.00037114235560e+05 
3.04143391710080e+01 1.00035381673689e+05 
3.06174347641709e+01 1.00033227864237e+05 
3.08206359225875e+01 1.00031252520604e+05 
3.10238921252226e+01 1.00029223002332e+05 
3.12271617071788e+01 1.00026342389342e+05 
3.14304933723914e+01 1.00022561700778e+05 
3.16338559333766e+01 1.00017953855326e+05 
3.18371697100234e+01 1.00013129012717e+05 
3.20402940171543e+01 1.00008283031103e+05 
3.22432411366959e+01 1.00003397644393e+05 
3.24460329241944e+01 9.99977082999291e+04 
3.26486468730478e+01 9.99915861819515e+04 
3.28510694083674e+01 9.99854226405545e+04 
3.30532799861897e+01 9.99796217108751e+04 
3.32554482102955e+01 9.99738115817133e+04 
3.34575453553804e+01 9.99682809235659e+04 
3.36595641500324e+01 9.99625938686346e+04 
3.38615486883824e+01 9.99575832516015e+04 
3.40634799904239e+01 9.99536862312019e+04 
3.42653996408576e+01 9.99505762563708e+04 
3.44673939566842e+01 9.99474285848308e+04 
3.46694612546547e+01 9.99446675692530e+04 
3.48717036107216e+01 9.99426085208053e+04 
3.50740862371626e+01 9.99421875758067e+04 
3.52766015885758e+01 9.99433545612787e+04 
3.54793183147402e+01 9.99452547900340e+04 
3.56821412870120e+01 9.99469475567613e+04 
3.58851172271814e+01 9.99489031427762e+04 
3.60883109456795e+01 9.99520561554759e+04 
3.62916365042183e+01 9.99569364304841e+04 
3.64950404477902e+01 9.99632116699654e+04 
3.66984690806315e+01 9.99696421232341e+04 
3.69019364923025e+01 9.99757784741586e+04 
3.71054357283456e+01 9.99816472642784e+04 
3.73088956361505e+01 9.99886406168122e+04 
3.75123241222096e+01 9.99966482636790e+04 
3.77157068996436e+01 1.00004890228835e+05 
3.79188884208807e+01 1.00012524246367e+05 
3.81219429731373e+01 1.00019852724668e+05 
3.83249696414713e+01 1.00026364096997e+05 
3.85278282028840e+01 1.00033072472217e+05 
3.87305789313831e+01 1.00039316837266e+05 
3.89332338669238e+01 1.00044583788630e+05 
3.91357862752962e+01 1.00048898420609e+05 
3.93384030966966e+01 1.00052964675471e+05 
3.95410271713939e+01 1.00055958356123e+05 
3.97436993424354e+01 1.00057788644958e+05 
3.99463921856252e+01 1.00057929389860e+05 
4.01491654750551e+01 1.00056517266933e+05 
4.03520289195442e+01 1.00054429597160e+05 
4.05550048910795e+01 1.00052515236189e+05 
4.07580864187294e+01 1.00049877444828e+05 
4.09612286775592e+01 1.00045628675075e+05 
4.11644223380052e+01 1.00039375039073e+05 
4.13676607110112e+01 1.00031893924904e+05 
4.15709452306063e+01 1.00024573846214e+05 
4.17742442700769e+01 1.00017756402183e+05 
4.19775135223546e+01 1.00011229159248e+05 
4.21806564457985e+01 1.00003399819618e+05 
4.23835704544603e+01 9.99944462575932e+04 
4.25863222546333e+01 9.99854636158129e+04 
4.27888279196484e+01 9.99773542114778e+04 
4.29912615982889e+01 9.99697243392238e+04 
4.31935852435500e+01 9.99631376327837e+04 
4.33957815205678e+01 9.99564792362469e+04 
4.35978979487543e+01 9.99501729265637e+04 
4.37999304200929e+01 9.99448094185832e+04 
4.40019076885360e+01 9.99404082828426e+04 
4.42039337320145e+01 9.99361592684734e+04 
4.44060001538986e+01 9.99330239093104e+04 
4.46081858574393e+01 9.99312947580405e+04 
4.48104711684930e+01 9.99313726691088e+04 
4.50128451538969e+01 9.99329238494205e+04 
4.52153736753591e+01 9.99348788011146e+04 
4.54180340147901e+01 9.99363556488340e+04 
4.56208710244056e+01 9.99387189577301e+04 
4.58239099702678e+01 9.99430224788852e+04 
4.60270996589638e+01 9.99496317595294e+04 
4.62304657697298e+01 9.99576559669451e+04 
4.64338688960506e+01 9.99654544199972e+04 
4.66373017077841e+01 9.99723353912243e+04 
4.68407572598015e+01 9.99788800462308e+04 
4.70442546395734e+01 9.99872290884475e+04 
4.72477386480636e+01 9.99970507233106e+04 
4.74511939246332e+01 1.00007013210344e+05 
4.76545330594890e+01 1.00016139668231e+05 
4.78577067285611e+01 1.00024498327460e+05 
4.80608753693268e+01 1.00031465598511e+05 
4.82638354697416e+01 1.00038581994915e+05 
4.84666467540706e+01 1.00045435606393e+05 
4.86693473168333e+01 1.00051502156768e+05 
4.88719019249858e+01 1.00056521860145e+05 
4.90745027720318e+01 1.00061157987523e+05 
4.92770764391171e+01 1.00064461187840e+05 
4.94796476958813e+01 1.00066199907655e+05 
4.96822204167646e+01 1.00066115418567e+05 
4.98848222239144e+01 1.00064786739588e+05 
5.00874761862161e+01 1.00063312068430e+05 
5.02902390157782e+01 1.00062227702551e+05 
5.04931165644340e+01 1.00060185551170e+05 
5.06960805910771e+01 1.00056218088406e+05 
5.08991333423157e+01 1.00049778143578e+05 
5.11022578645217e+01 1.00042189359119e+05 
5.13054423763076e+01 1.00035050873262e+05 
5.15086548546338e+01 1.00028894642855e+05 
5.17119065645690e+01 1.00023114898901e+05 
5.19151950423545e+01 1.00015610846407e+05 
5.21183745006488e+01 1.00006464322985e+05 
5.23214088774139e+01 9.99971311409325e+04 
5.25242324010963e+01 9.99885801553172e+04 
5.27269607076205e+01 9.99807419351404e+04 
5.29295441731976e+01 9.99742632316404e+04 
5.31319496968064e+01 9.99675484202352e+04 
5.33342472842059e+01 9.99607842511266e+04 
5.35364267211515e+01 9.99544007019954e+04 
5.37385040812235e+01 9.99488118488460e+04 
5.39406083094777e+01 9.99434931564854e+04 
5.41427161596012e+01 9.99394135142345e+04 
5.43448835302565e+01 9.99367770442196e+04 
5.45471108975266e+01 9.99358654766774e+04 
5.47493910082137e+01 9.99361025213874e+04 
5.49517879790564e+01 9.99365058162041e+04 
5.51543020530474e+01 9.99363841792853e+04 
5.53569745540088e+01 9.99372414379603e+04 
5.55598668189212e+01 9.99400765307260e+04 
5.57629126136038e+01 9.99455551682597e+04 
5.59661352293277e+01 9.99523581431672e+04 
5.61694921057413e+01 9.99588337436513e+04 
5.63728862466536e+01 9.99643485846951e+04 
5.65762995126502e+01 9.99696205967977e+04 
5.67797565324227e+01 9.99766769941227e+04 
5.69832411929876e+01 9.99857372836366e+04 
5.71867575597213e+01 9.99953649528253e+04 
5.73902142438224e+01 1.00004343044555e+05 
5.75935504013974e+01 1.00012542202201e+05 
5.77968428105782e+01 1.00019353873206e+05 
5.79999523007818e+01 1.00026472912590e+05 
5.82028720166861e+01 1.00033767055666e+05 
5.84056737401209e+01 1.00040801152940e+05 
5.86082924096970e+01 1.00047005953805e+05 
5.88109369357781e+01 1.00052821383772e+05 
5.90135188227780e+01 1.00057227181309e+05 
5.92160540509742e+01 1.00060204054695e+05 
5.94185604009779e+01 1.00061533002624e+05 
5.96210526984744e+01 1.00061773751983e+05 
5.98235501837237e+01 1.00061858450616e+05 
6.00261485722220e+01 1.00062387798719e+05 
6.02288361841210e+01 1.00061809449137e+05 
6.04316638201486e+01 1.00059324703991e+05 
6.06345686020863e+01 1.00054329502698e+05 
6.08375671479841e+01 1.00048067770897e+05 
6.10406211004055e+01 1.00042068584950e+05 
6.12437426280142e+01 1.00037020390086e+05 
6.14469164445446e+01 1.00032143704272e+05 
6.16501210676312e+01 1.00025508287184e+05 
6.18533579475247e+01 1.00016897328549e+05 
6.20566264173889e+01 1.00007665209767e+05 
6.22597817220211e+01 9.99990802909595e+04 
6.24627995534665e+01 9.99912152522397e+04 
6.26656673735378e+01 9.99845607940102e+04 
6.28683131616467e+01 9.99775349077201e+04 
6.30708195650471e+01 9.99701463282517e+04 
6.32731804840720e+01 9.99628646981264e+04 
6.34753919046854e+01 9.99563536475591e+04 
6.36776034541254e+01 9.99501082357757e+04 
6.38797873688976e+01 9.99452342541021e+04 
6.40819738273611e+01 9.99415335586671e+04 
6.42841784067253e+01 9.99392572936282e+04 
6.44863959670241e+01 9.99381036484811e+04 
6.46886801912706e+01 9.99371469073813e+04 
6.48910662140103e+01 9.99358091579696e+04 
6.50935819241049e+01 9.99356931681884e+04 
6.52963226964966e+01 9.99371778000115e+04 
6.54992405740070e+01 9.99413397362328e+04 
6.57023188561443e+01 9.99470539978694e+04 
6.59055500692646e+01 9.99525973133381e+04 
6.61089027901603e+01 9.99571443358102e+04 
6.63122766649993e+01 9.99617010280458e+04 
6.65156872049080e+01 9.99681803111195e+04 
6.67191280630788e+01 9.99767398949631e+04 
6.69226164912726e+01 9.99861159747898e+04 
6.71261325074319e+01 9.99949738291444e+04 
6.73296169036911e+01 1.00003069289821e+05 
6.75330252299440e+01 1.00010003497115e+05 
6.77363198433455e+01 1.00017476565735e+05 
6.79393888572186e+01 1.00025436260114e+05 
6.81423368894994e+01 1.00033293234739e+05 
6.83450708709156e+01 1.00040271288592e+05 
6.85478069710537e+01 1.00046927608970e+05 
6.87504560574697e+01 1.00051994011373e+05 
6.89530120509714e+01 1.00056024943743e+05 
6.91555074049377e+01 1.00058721268720e+05 
6.93579506481004e+01 1.00060257781218e+05 
6.95603538262472e+01 1.00061561758121e+05 
6.97628467070184e+01 1.00063140793685e+05 
6.99654031500043e+01 1.00063392505215e+05 
7.01680675370484e+01 1.00062084152630e+05 
7.03708128597538e+01 1.00058261430644e+05 
7.05736643918905e+01 1.00052955621836e+05 
7.07765856443493e+01 1.00047892797858e+05 
7.09796045256010e+01 1.00043792113964e+05 
7.11826613299295e+01 1.00039659411281e+05 
7.13857897479778e+01 1.00033536850269e+05 
7.15889661007472e+01 1.00025397413275e+05 
7.17921459341708e+01 1.00016539544006e+05 
7.19953726252105e+01 1.00008214642139e+05 
7.21985718027617e+01 1.00000669431578e+05 
7.24016476186381e+01 9.99941281855669e+04 
7.26045430537818e+01 9.99869660586447e+04 
7.28072213299480e+01 9.99791301187996e+04 
7.30097805999067e+01 9.99712667193940e+04 
7.32121446685061e+01 9.99642610324874e+04 
7.34144836407241e+01 9.99575159126687e+04 
7.36167644759561e+01 9.99521249383777e+04 
7.38189887804541e+01 9.99476701528839e+04 
7.40211919750683e+01 9.99442984671297e+04 
7.42233714635407e+01 9.99419197231155e+04 
7.44255673633598e+01 9.99397822374693e+04 
7.46278498585127e+01 9.99373695857312e+04 
7.48302306656735e+01 9.99361799857579e+04 
7.50327937384072e+01 9.99367032916572e+04 
7.52355063125583e+01 9.99396265313874e+04 
7.54383722282391e+01 9.99440114945039e+04 
7.56414216244544e+01 9.99483249964115e+04 
7.58445981321123e+01 9.99516789183373e+04 
7.60479184214261e+01 9.99551887490636e+04 
7.62512929186171e+01 9.99607666949540e+04 
7.64546964242765e+01 9.99685633015793e+04 
7.66581350680706e+01 9.99773290005577e+04 
7.68616010200597e+01 9.99856611543763e+04 
7.70651079936182e+01 9.99931227302695e+04 
7.72686113724331e+01 9.99997051581982e+04 
7.74720611152207e+01 1.00007119507016e+05 
7.76753133911698e+01 1.00015488304957e+05 
7.78784461857672e+01 1.00023875250506e+05 
7.80813340565300e+01 1.00031374662096e+05 
7.82841986758304e+01 1.00038520395617e+05 
7.84869562928645e+01 1.00044203742760e+05 
7.86895714902216e+01 1.00049041653668e+05 
7.88920942905549e+01 1.00052946398749e+05 
7.90945315913393e+01 1.00055901345921e+05 
7.92968840114831e+01 1.00058455923085e+05 
7.94993122078064e+01 1.00061155858185e+05 
7.97017694779022e+01 1.00062579805908e+05 
7.99042936798559e+01 1.00062348688219e+05 
8.01068697501696e+01 1.00059749737050e+05 
8.03095192442820e+01 1.00055891003194e+05 
8.05122783411067e+01 1.00052189729893e+05 
8.07151532943511e+01 1.00049339590591e+05 
8.09180874917751e+01 1.00046221473786e+05 
8.11211009470289e+01 1.00041147970357e+05 
8.13241348982823e+01 1.00033841409720e+05 
8.15272528948804e+01 1.00025607103447e+05 
8.17303892546740e+01 1.00017873718078e+05 
8.19335573112213e+01 1.00011023478603e+05 
8.21368014274263e+01 1.00004966930790e+05 
8.23398733234911e+01 9.99979794552493e+04 
8.25427383975605e+01 9.99898658707269e+04 
8.27454995878572e+01 9.99816417023111e+04 
8.29480798671471e+01 9.99741771564651e+04 
8.31506062535737e+01 9.99670548942240e+04 
8.33530393401760e+01 9.99613060245278e+04 
8.35553612257224e+01 9.99561225046853e+04 
8.37576211955306e+01 9.99516057591087e+04 
8.39598226381276e+01 9.99478701901936e+04 
8.41619894017817e+01 9.99445025517245e+04 
8.43642239682605e+01 9.99410898839761e+04 
8.45665203012387e+01 9.99387453341682e+04 
8.47689483564908e+01 9.99381099950407e+04 
8.49714940232389e+01 9.99396781032468e+04 
8.51741579640687e+01 9.99425606991544e+04 
8.53769978718437e+01 9.99454109022204e+04 
8.55799804902041e+01 9.99474636385798e+04 
8.57831240408108e+01 9.99499733970387e+04 
8.59864536951827e+01 9.99544840915600e+04 
8.61898160798553e+01 9.99613370347971e+04 
8.63932062744392e+01 9.99693283892533e+04 
8.65966229319829e+01 9.99769782249154e+04 
8.68000940443101e+01 9.99837316236988e+04 
8.70035825837327e+01 9.99897718600342e+04 
8.72070843440491e+01 9.99970958200661e+04 
8.74105419344450e+01 1.00005714959148e+05 
8.76138267437083e+01 1.00014459062841e+05 
8.78169205534772e+01 1.00022501376255e+05 
8.80199632675196e+01 1.00030045893014e+05 
8.82228781681249e+01 1.00036158790381e+05 
8.84256106973253e+01 1.00041821828610e+05 
8.86282246424383e+01 1.00046967439311e+05 
8.88307219110573e+01 1.00051306803783e+05 
8.90330924047535e+01 1.00055143576003e+05 
8.92355207597714e+01 1.00058844911773e+05 
8.94379379157647e+01 1.00061431498337e+05 
8.96403799089431e+01 1.00062280360239e+05 
8.98428436218644e+01 1.00060934278771e+05 
9.00453482475632e+01 1.00058380035471e+05 
9.02479204282358e+01 1.00055916604997e+05 
9.04506070166489e+01 1.00054171915418e+05 
9.06534221098573e+01 1.00051758424560e+05 
9.08563074156330e+01 1.00047442906688e+05 
9.10592331034942e+01 1.00040822361133e+05 
9.12622364660194e+01 1.00033085702826e+05 
9.14653252837018e+01 1.00025755081059e+05 
9.16684271913442e+01 1.00019398079981e+05 
9.18715866137494e+01 1.00013706209113e+05 
9.20747842683971e+01 1.00006660851103e+05 
9.22778651165516e+01 9.99982210953557e+04 
9.24808149399466e+01 9.99895793134708e+04 
9.26836400845213e+01 9.99816012622784e+04 
9.28863873614108e+01 9.99741775961243e+04 
9.30890085767134e+01 9.99680579976897e+04 
9.32914663544503e+01 9.99621611859060e+04 
9.34938317764641e+01 9.99565812165670e+04 
9.36961022577806e+01 9.99516026512072e+04 
9.38982898525573e+01 9.99470769165790e+04 
9.41005250280928e+01 9.99427270049685e+04 
9.43027848548941e+01 9.99394062337118e+04 
9.45051224941694e+01 9.99377232823829e+04 
9.47075391235569e+01 9.99381679751443e+04 
9.49100356403763e+01 9.99397387459178e+04 
9.51126679959551e+01 9.99413216285046e+04 
9.53154338342254e+01 9.99422635853442e+04 
9.55183731288411e+01 9.99439342520968e+04 
9.57215113888919e+01 9.99475548756605e+04 
9.59247849047671e+01 9.99536243097020e+04 
9.61281201802749e+01 9.99609731581672e+04 
9.63314994562056e+01 9.99680582564259e+04 
9.65349076935859e+01 9.99741571563635e+04 
9.67383385387505e+01 9.99797534497250e+04 
9.69418207081187e+01 9.99869438438349e+04 
9.71453287818878e+01 9.99957169335311e+04 
9.73487757563585e+01 1.00004884476114e+05 
9.75521003395735e+01 1.00013446555764e+05 
9.77553203876417e+01 1.00021327961377e+05 
9.79584256456356e+01 1.00027850572765e+05 
9.81613154578645e+01 1.00034349777108e+05 
9.83640728139437e+01 1.00040678119222e+05 
9.85666800715794e+01 1.00046448926405e+05 
9.87691229821461e+01 1.00051562373119e+05 
9.89716027992200e+01 1.00056443147389e+05 
9.91740397132955e+01 1.00060098420001e+05 
9.93764536462670e+01 1.00062158058798e+05 
9.95788576239822e+01 1.00062240464510e+05 
9.97812656950711e+01 1.00061177380501e+05 
9.99837025244658e+01 1.00060128836806e+05 
1.00186246746907e+02 1.00059623760016e+05 
