# Liste des scalaires : TEMPS pmat 
0.00000000000000e+00 1.00000000000000e+05 
2.04081632653061e-01 1.00000000000000e+05 
4.08042165141975e-01 1.00000000000000e+05 
6.11832106953319e-01 1.00000000000000e+05 
8.15421737498182e-01 1.00000000000000e+05 
1.01884831470558e+00 1.00000000000000e+05 
1.22207818930831e+00 1.00000000000000e+05 
1.42513098547652e+00 1.00000000000000e+05 
1.62798725493260e+00 1.00000000000000e+05 
1.83053493087979e+00 1.00000000000000e+05 
2.03291905653503e+00 1.00000000000000e+05 
2.23520224592158e+00 1.00000000000000e+05 
2.43733969254296e+00 1.00000000000000e+05 
2.63931827049832e+00 1.00000000000000e+05 
2.84120332396323e+00 1.00000000000000e+05 
3.04297858176904e+00 1.00000000000000e+05 
3.24460591464334e+00 1.00000000000000e+05 
3.44612291562131e+00 1.00000000000000e+05 
3.64760922308227e+00 1.00000000000000e+05 
3.84909249851467e+00 1.00000000000000e+05 
4.05064469773747e+00 1.00000000000000e+05 
4.25222294222906e+00 1.00000000000000e+05 
4.45380035517506e+00 1.00000000000000e+05 
4.65542063364273e+00 1.00000000000000e+05 
4.85715243419261e+00 1.00000000000000e+05 
5.05906045928525e+00 1.00000000000000e+05 
5.26119401899534e+00 1.00000000000000e+05 
5.46347898380931e+00 1.00000000000000e+05 
5.66591894484892e+00 1.00000000000000e+05 
5.86852800362132e+00 1.00000000000000e+05 
6.07136345597011e+00 1.00000000000000e+05 
6.27438265108359e+00 1.00000000000000e+05 
6.47752964045090e+00 1.00000000000000e+05 
6.68089073121200e+00 1.00000000000000e+05 
6.88429870550576e+00 1.00000000000000e+05 
7.08769636443068e+00 1.00000000000000e+05 
7.29110827962174e+00 1.00000000000000e+05 
7.49449373816632e+00 1.00000000000000e+05 
7.69790617884871e+00 1.00000000000000e+05 
7.90135044231191e+00 1.00000000000000e+05 
8.10473659770851e+00 1.00000000000000e+05 
8.30800948139133e+00 1.00000000000000e+05 
8.51115234273433e+00 1.00000000000000e+05 
8.71416193711340e+00 1.00000000000000e+05 
8.91719900347831e+00 1.00000000000000e+05 
9.12020204041872e+00 1.00000000000000e+05 
9.32319297435189e+00 1.00000000000000e+05 
9.52619174127014e+00 1.00000000000000e+05 
9.72921908834018e+00 1.00000000000000e+05 
9.93229912946381e+00 1.00000000000000e+05 
1.01354642235065e+01 1.00000000000000e+05 
1.03387225987006e+01 1.00000000000000e+05 
1.05420932760412e+01 1.00000000000000e+05 
1.07455601602491e+01 1.00000000000000e+05 
1.09490636153785e+01 1.00000000000000e+05 
1.11525952040860e+01 1.00000000000000e+05 
1.13559908728595e+01 1.00000000000000e+05 
1.15591577617810e+01 1.00000000000000e+05 
1.17622381240369e+01 1.00000000000000e+05 
1.19650888349948e+01 1.00000000000000e+05 
1.21677288877747e+01 1.00000000000000e+05 
1.23702013159276e+01 1.00000000000000e+05 
1.25725982340610e+01 1.00000000000000e+05 
1.27748516426287e+01 1.00000000000000e+05 
1.29769249867640e+01 1.00000000000000e+05 
1.31787998828658e+01 1.00000000000000e+05 
1.33806014179065e+01 1.00000000000000e+05 
1.35822734033907e+01 1.00000000000000e+05 
1.37839887339651e+01 1.00000000000000e+05 
1.39857022015949e+01 1.00000000000000e+05 
1.41874661286692e+01 1.00000000000000e+05 
1.43892101845392e+01 1.00000000000000e+05 
1.45910326674531e+01 1.00000000000000e+05 
1.47929375836209e+01 1.00000000000000e+05 
1.49949695660416e+01 1.00000000000000e+05 
1.51971475723012e+01 1.00000000000000e+05 
1.53995487529939e+01 1.00000000000000e+05 
1.56020957788436e+01 1.00000000000000e+05 
1.58048076652820e+01 1.00000000000000e+05 
1.60076888558614e+01 1.00000000000000e+05 
1.62106850728960e+01 1.00000000000000e+05 
1.64138636363558e+01 1.00000000000000e+05 
1.66171481416695e+01 1.00000000000000e+05 
1.68205318926791e+01 1.00000000000000e+05 
1.70239717971818e+01 1.00000000000000e+05 
1.72274242526830e+01 1.00000000000000e+05 
1.74308511498678e+01 1.00000000000000e+05 
1.76342505270569e+01 1.00000000000000e+05 
1.78376212420556e+01 1.00000000000000e+05 
1.80409883913594e+01 1.00000000000000e+05 
1.82443050346869e+01 1.00000000000000e+05 
1.84474327837354e+01 1.00000000000000e+05 
1.86505503053125e+01 1.00000000000000e+05 
1.88535932316970e+01 1.00000000000000e+05 
1.90565608622741e+01 1.00000000000000e+05 
1.92594853707276e+01 1.00000000000000e+05 
1.94623796526000e+01 1.00000000000000e+05 
1.96652593507810e+01 1.00000000000000e+05 
1.98682128225951e+01 1.00000000000000e+05 
2.00712299723808e+01 1.00000000000000e+05 
2.02743632772251e+01 1.00000000000000e+05 
2.04775974201162e+01 1.00000000000000e+05 
2.06808993432005e+01 1.00000000000000e+05 
2.08842816624739e+01 1.00000000000000e+05 
2.10877109245459e+01 1.00000000000000e+05 
2.12911865561413e+01 1.00000000000000e+05 
2.14946542636065e+01 1.00000000000000e+05 
2.16979483115182e+01 1.00000000000000e+05 
2.19009928614698e+01 1.00000000000000e+05 
2.21039017811684e+01 1.00000000000000e+05 
2.23066497283774e+01 1.00000000000000e+05 
2.25092177015210e+01 1.00000000000000e+05 
2.27116581345214e+01 1.00000000000000e+05 
2.29139334651086e+01 1.00000000000000e+05 
2.31160467477100e+01 1.00000000000000e+05 
2.33179868862948e+01 1.00000000000000e+05 
2.35199180822287e+01 1.00000000000000e+05 
2.37218051763256e+01 1.00000000000000e+05 
2.39236768880851e+01 1.00000000000000e+05 
2.41255552893581e+01 1.00000000000000e+05 
2.43274126484990e+01 1.00000000000000e+05 
2.45293056915018e+01 1.00000000000000e+05 
2.47312963943893e+01 1.00000000000000e+05 
2.49333962174227e+01 1.00000000000000e+05 
2.51357213393038e+01 1.00000000000000e+05 
2.53382018572701e+01 1.00000000000001e+05 
2.55408488073704e+01 1.00000000000016e+05 
2.57436471827663e+01 1.00000000000021e+05 
2.59465698142901e+01 1.00000000002912e+05 
2.61496583369765e+01 1.00000000211981e+05 
2.63529142216749e+01 1.00000000729676e+05 
2.65562742668140e+01 1.00000001069769e+05 
2.67596972761635e+01 1.00000002080452e+05 
2.69631506643780e+01 1.00000003868976e+05 
2.71666356359982e+01 1.00000007136502e+05 
2.73700949757860e+01 1.00000012415510e+05 
2.75735042909555e+01 1.00000021209317e+05 
2.77768698215134e+01 1.00000035259695e+05 
2.79801634091441e+01 1.00000059048813e+05 
2.81832311137916e+01 1.00000096799697e+05 
2.83862493691881e+01 1.00000156645284e+05 
2.85892005667304e+01 1.00000242043746e+05 
2.87920289759177e+01 1.00000366313131e+05 
2.89947855911169e+01 1.00000542056142e+05 
2.91974758167431e+01 1.00000802772579e+05 
2.94001081727549e+01 1.00001157874592e+05 
2.96028174869848e+01 1.00001632588316e+05 
2.98055746712193e+01 1.00002221929680e+05 
3.00084175396436e+01 1.00002964828081e+05 
3.02113309117389e+01 1.00003895927762e+05 
3.04143391710080e+01 1.00005083245921e+05 
3.06174347641709e+01 1.00006418083904e+05 
3.08206359225875e+01 1.00007832194873e+05 
3.10238921252226e+01 1.00009321142539e+05 
3.12271617071788e+01 1.00010897955704e+05 
3.14304933723914e+01 1.00012647711135e+05 
3.16338559333766e+01 1.00014526953935e+05 
3.18371697100234e+01 1.00016075407209e+05 
3.20402940171543e+01 1.00017115672329e+05 
3.22432411366959e+01 1.00018029262856e+05 
3.24460329241944e+01 1.00018845263209e+05 
3.26486468730478e+01 1.00019858933101e+05 
3.28510694083674e+01 1.00020793490302e+05 
3.30532799861897e+01 1.00020898915239e+05 
3.32554482102955e+01 1.00020187881279e+05 
3.34575453553804e+01 1.00019519814886e+05 
3.36595641500324e+01 1.00018911977455e+05 
3.38615486883824e+01 1.00018757944298e+05 
3.40634799904239e+01 1.00018526940454e+05 
3.42653996408576e+01 1.00017345371823e+05 
3.44673939566842e+01 1.00015536751575e+05 
3.46694612546547e+01 1.00013928693611e+05 
3.48717036107216e+01 1.00012490339197e+05 
3.50740862371626e+01 1.00011630127706e+05 
3.52766015885758e+01 1.00010483140239e+05 
3.54793183147402e+01 1.00008454814742e+05 
3.56821412870120e+01 1.00006036152694e+05 
3.58851172271814e+01 1.00003800962609e+05 
3.60883109456795e+01 1.00001649827027e+05 
3.62916365042183e+01 9.99998643750560e+04 
3.64950404477902e+01 9.99976712148360e+04 
3.66984690806315e+01 9.99948823036322e+04 
3.69019364923025e+01 9.99921645772813e+04 
3.71054357283456e+01 9.99897344198117e+04 
3.73088956361505e+01 9.99874804233724e+04 
3.75123241222096e+01 9.99855478276247e+04 
3.77157068996436e+01 9.99834646186597e+04 
3.79188884208807e+01 9.99816147916614e+04 
3.81219429731373e+01 9.99804216699297e+04 
3.83249696414713e+01 9.99793711700636e+04 
3.85278282028840e+01 9.99784865507174e+04 
3.87305789313831e+01 9.99777317437213e+04 
3.89332338669238e+01 9.99770408940647e+04 
3.91357862752962e+01 9.99772764600284e+04 
3.93384030966966e+01 9.99783994381628e+04 
3.95410271713939e+01 9.99793303576053e+04 
3.97436993424354e+01 9.99802359562061e+04 
3.99463921856252e+01 9.99810286035069e+04 
4.01491654750551e+01 9.99822367718010e+04 
4.03520289195442e+01 9.99845549933463e+04 
4.05550048910795e+01 9.99874274163687e+04 
4.07580864187294e+01 9.99898360812873e+04 
4.09612286775592e+01 9.99920363970893e+04 
4.11644223380052e+01 9.99940153333338e+04 
4.13676607110112e+01 9.99964568254745e+04 
4.15709452306063e+01 9.99995356592487e+04 
4.17742442700769e+01 1.00002270763590e+05 
4.19775135223546e+01 1.00004295184506e+05 
4.21806564457985e+01 1.00006003050094e+05 
4.23835704544603e+01 1.00007478428198e+05 
4.25863222546333e+01 1.00009209256227e+05 
4.27888279196484e+01 1.00010882704456e+05 
4.29912615982889e+01 1.00011709847351e+05 
4.31935852435500e+01 1.00012098084879e+05 
4.33957815205678e+01 1.00012234474769e+05 
4.35978979487543e+01 1.00012327304963e+05 
4.37999304200929e+01 1.00012463034088e+05 
4.40019076885360e+01 1.00012105725804e+05 
4.42039337320145e+01 1.00011084032891e+05 
4.44060001538986e+01 1.00010069189761e+05 
4.46081858574393e+01 1.00008998563498e+05 
4.48104711684930e+01 1.00007873423247e+05 
4.50128451538969e+01 1.00006498841937e+05 
4.52153736753591e+01 1.00004562206929e+05 
4.54180340147901e+01 1.00002444012038e+05 
4.56208710244056e+01 1.00000764021385e+05 
4.58239099702678e+01 9.99992297073895e+04 
4.60270996589638e+01 9.99975254918077e+04 
4.62304657697298e+01 9.99952815258374e+04 
4.64338688960506e+01 9.99927888741069e+04 
4.66373017077841e+01 9.99907735806171e+04 
4.68407572598015e+01 9.99893349840062e+04 
4.70442546395734e+01 9.99880092390378e+04 
4.72477386480636e+01 9.99863995527722e+04 
4.74511939246332e+01 9.99843448755891e+04 
4.76545330594890e+01 9.99826500534455e+04 
4.78577067285611e+01 9.99819551627719e+04 
4.80608753693268e+01 9.99817348293717e+04 
4.82638354697416e+01 9.99816358564430e+04 
4.84666467540706e+01 9.99812418978216e+04 
4.86693473168333e+01 9.99807063117340e+04 
4.88719019249858e+01 9.99811140780397e+04 
4.90745027720318e+01 9.99825405610888e+04 
4.92770764391171e+01 9.99840825457205e+04 
4.94796476958813e+01 9.99856743607625e+04 
4.96822204167646e+01 9.99868874458552e+04 
4.98848222239144e+01 9.99882105528423e+04 
5.00874761862161e+01 9.99903836036077e+04 
5.02902390157782e+01 9.99930416237547e+04 
5.04931165644340e+01 9.99953162435473e+04 
5.06960805910771e+01 9.99974302770069e+04 
5.08991333423157e+01 9.99992433911957e+04 
5.11022578645217e+01 1.00001348213200e+05 
5.13054423763076e+01 1.00003757258152e+05 
5.15086548546338e+01 1.00005887950045e+05 
5.17119065645690e+01 1.00007528389670e+05 
5.19151950423545e+01 1.00009021292567e+05 
5.21183745006488e+01 1.00010432320708e+05 
5.23214088774139e+01 1.00012124475496e+05 
5.25242324010963e+01 1.00013583056309e+05 
5.27269607076205e+01 1.00014324644366e+05 
5.29295441731976e+01 1.00014727623775e+05 
5.31319496968064e+01 1.00015004014499e+05 
5.33342472842059e+01 1.00015383717487e+05 
5.35364267211515e+01 1.00015906043310e+05 
5.37385040812235e+01 1.00015727365033e+05 
5.39406083094777e+01 1.00014859404435e+05 
5.41427161596012e+01 1.00014009029709e+05 
5.43448835302565e+01 1.00013132790755e+05 
5.45471108975266e+01 1.00012337985211e+05 
5.47493910082137e+01 1.00011360332659e+05 
5.49517879790564e+01 1.00009661983488e+05 
5.51543020530474e+01 1.00007580493420e+05 
5.53569745540088e+01 1.00005850651863e+05 
5.55598668189212e+01 1.00004137273466e+05 
5.57629126136038e+01 1.00002479983372e+05 
5.59661352293277e+01 1.00000391546115e+05 
5.61694921057413e+01 9.99978832581411e+04 
5.63728862466536e+01 9.99955205715957e+04 
5.65762995126502e+01 9.99937334266041e+04 
5.67797565324227e+01 9.99919954483850e+04 
5.69832411929876e+01 9.99902247891783e+04 
5.71867575597213e+01 9.99881198548427e+04 
5.73902142438224e+01 9.99862453135897e+04 
5.75935504013974e+01 9.99850087363747e+04 
5.77968428105782e+01 9.99842001513625e+04 
5.79999523007818e+01 9.99834710082535e+04 
5.82028720166861e+01 9.99826179062274e+04 
5.84056737401209e+01 9.99816816105106e+04 
5.86082924096970e+01 9.99815086295658e+04 
5.88109369357781e+01 9.99821673867633e+04 
5.90135188227780e+01 9.99829018145325e+04 
5.92160540509742e+01 9.99836697034691e+04 
5.94185604009779e+01 9.99842678673608e+04 
5.96210526984744e+01 9.99850522031542e+04 
5.98235501837237e+01 9.99866466550713e+04 
6.00261485722220e+01 9.99887794297681e+04 
6.02288361841210e+01 9.99906349587920e+04 
6.04316638201486e+01 9.99923834502801e+04 
6.06345686020863e+01 9.99939672395214e+04 
6.08375671479841e+01 9.99959039803433e+04 
6.10406211004055e+01 9.99982624816253e+04 
6.12437426280142e+01 1.00000537223482e+05 
6.14469164445446e+01 1.00002295114305e+05 
6.16501210676312e+01 1.00003965540896e+05 
6.18533579475247e+01 1.00005572091761e+05 
6.20566264173889e+01 1.00007531628989e+05 
6.22597817220211e+01 1.00009349001354e+05 
6.24627995534665e+01 1.00010631563452e+05 
6.26656673735378e+01 1.00011478679546e+05 
6.28683131616467e+01 1.00012230455306e+05 
6.30708195650471e+01 1.00013102045745e+05 
6.32731804840720e+01 1.00014189303848e+05 
6.34753919046854e+01 1.00014729329856e+05 
6.36776034541254e+01 1.00014623996508e+05 
6.38797873688976e+01 1.00014391973158e+05 
6.40819738273611e+01 1.00014119082425e+05 
6.42841784067253e+01 1.00013953213678e+05 
6.44863959670241e+01 1.00013701750020e+05 
6.46886801912706e+01 1.00012783832168e+05 
6.48910662140103e+01 1.00011289130023e+05 
6.50935819241049e+01 1.00010027733482e+05 
6.52963226964966e+01 1.00008775003972e+05 
6.54992405740070e+01 1.00007608353190e+05 
6.57023188561443e+01 1.00006056805537e+05 
6.59055500692646e+01 1.00003975019474e+05 
6.61089027901603e+01 1.00001721189545e+05 
6.63122766649993e+01 9.99998975279768e+04 
6.65156872049080e+01 9.99980866049888e+04 
6.67191280630788e+01 9.99962896077859e+04 
6.69226164912726e+01 9.99941410448005e+04 
6.71261325074319e+01 9.99919875904540e+04 
6.73296169036911e+01 9.99902168855150e+04 
6.75330252299440e+01 9.99888700578012e+04 
6.77363198433455e+01 9.99876377580362e+04 
6.79393888572186e+01 9.99863779603379e+04 
6.81423368894994e+01 9.99849722685219e+04 
6.83450708709156e+01 9.99841232888364e+04 
6.85478069710537e+01 9.99840350314050e+04 
6.87504560574697e+01 9.99841651340047e+04 
6.89530120509714e+01 9.99843848651710e+04 
6.91555074049377e+01 9.99845390575840e+04 
6.93579506481004e+01 9.99847557427641e+04 
6.95603538262472e+01 9.99856894187942e+04 
6.97628467070184e+01 9.99873555183498e+04 
6.99654031500043e+01 9.99888424814726e+04 
7.01680675370484e+01 9.99903086507144e+04 
7.03708128597538e+01 9.99916544311676e+04 
7.05736643918905e+01 9.99933328389017e+04 
7.07765856443493e+01 9.99955010352071e+04 
7.09796045256010e+01 9.99978065505104e+04 
7.11826613299295e+01 9.99996601393895e+04 
7.13857897479778e+01 1.00001424894622e+05 
7.15889661007472e+01 1.00003142661331e+05 
7.17921459341708e+01 1.00005187346351e+05 
7.19953726252105e+01 1.00007209002195e+05 
7.21985718027617e+01 1.00008844368531e+05 
7.24016476186381e+01 1.00009998764995e+05 
7.26045430537818e+01 1.00011017022769e+05 
7.28072213299480e+01 1.00012103860717e+05 
7.30097805999067e+01 1.00013414126500e+05 
7.32121446685061e+01 1.00014282917926e+05 
7.34144836407241e+01 1.00014518501991e+05 
7.36167644759561e+01 1.00014501673479e+05 
7.38189887804541e+01 1.00014374519499e+05 
7.40211919750683e+01 1.00014376095070e+05 
7.42233714635407e+01 1.00014294830662e+05 
7.44255673633598e+01 1.00013621145973e+05 
7.46278498585127e+01 1.00012291557601e+05 
7.48302306656735e+01 1.00011071668031e+05 
7.50327937384072e+01 1.00009836628593e+05 
7.52355063125583e+01 1.00008654915845e+05 
7.54383722282391e+01 1.00007137747826e+05 
7.56414216244544e+01 1.00005075172461e+05 
7.58445981321123e+01 1.00002766109368e+05 
7.60479184214261e+01 1.00000799736888e+05 
7.62512929186171e+01 9.99988440343849e+04 
7.64546964242765e+01 9.99968836966648e+04 
7.66581350680706e+01 9.99945578435941e+04 
7.68616010200597e+01 9.99921992103209e+04 
7.70651079936182e+01 9.99901828587586e+04 
7.72686113724331e+01 9.99886512204682e+04 
7.74720611152207e+01 9.99872411561279e+04 
7.76753133911698e+01 9.99857761287904e+04 
7.78784461857672e+01 9.99841612460512e+04 
7.80813340565300e+01 9.99831140835006e+04 
7.82841986758304e+01 9.99828448412806e+04 
7.84869562928645e+01 9.99829126732841e+04 
7.86895714902216e+01 9.99831420247409e+04 
7.88920942905549e+01 9.99832542010350e+04 
7.90945315913393e+01 9.99834496275392e+04 
7.92968840114831e+01 9.99843500806773e+04 
7.94993122078064e+01 9.99860451611814e+04 
7.97017694779022e+01 9.99876259493843e+04 
7.99042936798559e+01 9.99892150756781e+04 
8.01068697501696e+01 9.99906804922166e+04 
8.03095192442820e+01 9.99924215866115e+04 
8.05122783411067e+01 9.99947169175482e+04 
8.07151532943511e+01 9.99972015448488e+04 
8.09180874917751e+01 9.99992630363868e+04 
8.11211009470289e+01 1.00001221497519e+05 
8.13241348982823e+01 1.00003084473935e+05 
8.15272528948804e+01 1.00005284229836e+05 
8.17303892546740e+01 1.00007513672043e+05 
8.19335573112213e+01 1.00009356581600e+05 
8.21368014274263e+01 1.00010640272132e+05 
8.23398733234911e+01 1.00011769069815e+05 
8.25427383975605e+01 1.00012920811266e+05 
8.27454995878572e+01 1.00014295185798e+05 
8.29480798671471e+01 1.00015249136806e+05 
8.31506062535737e+01 1.00015568008344e+05 
8.33530393401760e+01 1.00015587138837e+05 
8.35553612257224e+01 1.00015458605883e+05 
8.37576211955306e+01 1.00015462061349e+05 
8.39598226381276e+01 1.00015471018891e+05 
8.41619894017817e+01 1.00014818414352e+05 
8.43642239682605e+01 1.00013579973473e+05 
8.45665203012387e+01 1.00012439620165e+05 
8.47689483564908e+01 1.00011249038154e+05 
8.49714940232389e+01 1.00010167928318e+05 
8.51741579640687e+01 1.00008795337569e+05 
8.53769978718437e+01 1.00006827291223e+05 
8.55799804902041e+01 1.00004604712658e+05 
8.57831240408108e+01 1.00002729423920e+05 
8.59864536951827e+01 1.00000877328914e+05 
8.61898160798553e+01 9.99990338587172e+04 
8.63932062744392e+01 9.99968057682379e+04 
8.65966229319829e+01 9.99944167028573e+04 
8.68000940443101e+01 9.99922677727234e+04 
8.70035825837327e+01 9.99906618109285e+04 
8.72070843440491e+01 9.99891917669806e+04 
8.74105419344450e+01 9.99876931620502e+04 
8.76138267437083e+01 9.99859617770340e+04 
8.78169205534772e+01 9.99846374304727e+04 
8.80199632675196e+01 9.99840123479974e+04 
8.82228781681249e+01 9.99837845039374e+04 
8.84256106973253e+01 9.99837215435359e+04 
8.86282246424383e+01 9.99835608873097e+04 
8.88307219110573e+01 9.99833852331608e+04 
8.90330924047535e+01 9.99839204504861e+04 
8.92355207597714e+01 9.99851614258871e+04 
8.94379379157647e+01 9.99863764008503e+04 
8.96403799089431e+01 9.99876600469354e+04 
8.98428436218644e+01 9.99888327505060e+04 
9.00453482475632e+01 9.99902107637683e+04 
9.02479204282358e+01 9.99921722656689e+04 
9.04506070166489e+01 9.99944198163775e+04 
9.06534221098573e+01 9.99963283289035e+04 
9.08563074156330e+01 9.99981452017020e+04 
9.10592331034942e+01 9.99998886622393e+04 
9.12622364660194e+01 1.00001988277598e+05 
9.14653252837018e+01 1.00004218497111e+05 
9.16684271913442e+01 1.00006177778293e+05 
9.18715866137494e+01 1.00007567214782e+05 
9.20747842683971e+01 1.00008848172530e+05 
9.22778651165516e+01 1.00010156819625e+05 
9.24808149399466e+01 1.00011723586646e+05 
9.26836400845213e+01 1.00012992412455e+05 
9.28863873614108e+01 1.00013676284164e+05 
9.30890085767134e+01 1.00013979160105e+05 
9.32914663544503e+01 1.00014147116809e+05 
9.34938317764641e+01 1.00014461212738e+05 
9.36961022577806e+01 1.00014860115024e+05 
9.38982898525573e+01 1.00014669894219e+05 
9.41005250280928e+01 1.00013883188140e+05 
9.43027848548941e+01 1.00013085472418e+05 
9.45051224941694e+01 1.00012223892098e+05 
9.47075391235569e+01 1.00011423908299e+05 
9.49100356403763e+01 1.00010442143834e+05 
9.51126679959551e+01 1.00008874779500e+05 
9.53154338342254e+01 1.00006955725311e+05 
9.55183731288411e+01 1.00005281616526e+05 
9.57215113888919e+01 1.00003632683904e+05 
9.59247849047671e+01 1.00001999719093e+05 
9.61281201802749e+01 9.99999745297767e+04 
9.63314994562056e+01 9.99976930286341e+04 
9.65349076935859e+01 9.99955194929395e+04 
9.67383385387505e+01 9.99938461176561e+04 
9.69418207081187e+01 9.99922393780809e+04 
9.71453287818878e+01 9.99906113782335e+04 
9.73487757563585e+01 9.99887431710063e+04 
9.75521003395735e+01 9.99871561535842e+04 
9.77553203876417e+01 9.99861653750224e+04 
9.79584256456356e+01 9.99856119815889e+04 
9.81613154578645e+01 9.99851922822076e+04 
9.83640728139437e+01 9.99847042541487e+04 
9.85666800715794e+01 9.99841778689189e+04 
9.87691229821461e+01 9.99843439975093e+04 
9.89716027992200e+01 9.99852138038414e+04 
9.91740397132955e+01 9.99861582377647e+04 
9.93764536462670e+01 9.99871966757799e+04 
9.95788576239822e+01 9.99880865835401e+04 
9.97812656950711e+01 9.99891673378792e+04 
9.99837025244658e+01 9.99908851141908e+04 
1.00186246746907e+02 9.99930058634364e+04 
