# Liste des scalaires : TEMPS pmat 
0.00000000000000e+00 1.00000000000000e+05 
2.04081632653061e-01 1.00000000000000e+05 
4.08042165141975e-01 1.00000000000000e+05 
6.11832106953319e-01 1.00000000000000e+05 
8.15421737498182e-01 1.00000000000000e+05 
1.01884831470558e+00 1.00000000000000e+05 
1.22207818930831e+00 1.00000000000000e+05 
1.42513098547652e+00 1.00000000000000e+05 
1.62798725493260e+00 1.00000000000000e+05 
1.83053493087979e+00 1.00000000000000e+05 
2.03291905653503e+00 1.00000000000000e+05 
2.23520224592158e+00 1.00000000000000e+05 
2.43733969254296e+00 1.00000000000000e+05 
2.63931827049832e+00 1.00000000000000e+05 
2.84120332396323e+00 1.00000000000000e+05 
3.04297858176904e+00 1.00000000000000e+05 
3.24460591464334e+00 1.00000000000000e+05 
3.44612291562131e+00 1.00000000000000e+05 
3.64760922308227e+00 1.00000000000000e+05 
3.84909249851467e+00 1.00000000000000e+05 
4.05064469773747e+00 1.00000000000000e+05 
4.25222294222906e+00 1.00000000000000e+05 
4.45380035517506e+00 1.00000000000000e+05 
4.65542063364273e+00 1.00000000000000e+05 
4.85715243419261e+00 1.00000000000000e+05 
5.05906045928525e+00 1.00000000000000e+05 
5.26119401899534e+00 1.00000000000000e+05 
5.46347898380931e+00 1.00000000000000e+05 
5.66591894484892e+00 1.00000000000000e+05 
5.86852800362132e+00 1.00000000000000e+05 
6.07136345597011e+00 1.00000000000000e+05 
6.27438265108359e+00 1.00000000000000e+05 
6.47752964045090e+00 1.00000000000000e+05 
6.68089073121200e+00 1.00000000000000e+05 
6.88429870550576e+00 1.00000000000000e+05 
7.08769636443068e+00 1.00000000000000e+05 
7.29110827962174e+00 1.00000000000000e+05 
7.49449373816632e+00 1.00000000000000e+05 
7.69790617884871e+00 1.00000000000000e+05 
7.90135044231191e+00 1.00000000000000e+05 
8.10473659770851e+00 1.00000000000000e+05 
8.30800948139133e+00 1.00000000000000e+05 
8.51115234273433e+00 1.00000000000000e+05 
8.71416193711340e+00 1.00000000000000e+05 
8.91719900347831e+00 1.00000000000000e+05 
9.12020204041872e+00 1.00000000000000e+05 
9.32319297435189e+00 1.00000000000000e+05 
9.52619174127014e+00 1.00000000000000e+05 
9.72921908834018e+00 1.00000000000000e+05 
9.93229912946381e+00 1.00000000000000e+05 
1.01354642235065e+01 1.00000000000000e+05 
1.03387225987006e+01 1.00000000000000e+05 
1.05420932760412e+01 1.00000000000000e+05 
1.07455601602491e+01 1.00000000000000e+05 
1.09490636153785e+01 1.00000000000000e+05 
1.11525952040860e+01 1.00000000000000e+05 
1.13559908728595e+01 1.00000000000000e+05 
1.15591577617810e+01 1.00000000000000e+05 
1.17622381240369e+01 1.00000000000000e+05 
1.19650888349948e+01 1.00000000000000e+05 
1.21677288877747e+01 1.00000000000000e+05 
1.23702013159276e+01 1.00000000000000e+05 
1.25725982340610e+01 1.00000000000000e+05 
1.27748516426287e+01 1.00000000000000e+05 
1.29769249867640e+01 1.00000000000000e+05 
1.31787998828658e+01 1.00000000000000e+05 
1.33806014179065e+01 1.00000000000000e+05 
1.35822734033907e+01 1.00000000000000e+05 
1.37839887339651e+01 1.00000000000000e+05 
1.39857022015949e+01 1.00000000000000e+05 
1.41874661286692e+01 1.00000000000000e+05 
1.43892101845392e+01 1.00000000000000e+05 
1.45910326674531e+01 1.00000000000000e+05 
1.47929375836209e+01 1.00000000000000e+05 
1.49949695660416e+01 1.00000000000000e+05 
1.51971475723012e+01 1.00000000000000e+05 
1.53995487529939e+01 1.00000000000000e+05 
1.56020957788436e+01 1.00000000000000e+05 
1.58048076652820e+01 1.00000000000000e+05 
1.60076888558614e+01 1.00000000000000e+05 
1.62106850728960e+01 1.00000000000000e+05 
1.64138636363558e+01 1.00000000000000e+05 
1.66171481416695e+01 1.00000000000000e+05 
1.68205318926791e+01 1.00000000000000e+05 
1.70239717971818e+01 1.00000000000000e+05 
1.72274242526830e+01 1.00000000000000e+05 
1.74308511498678e+01 1.00000000000000e+05 
1.76342505270569e+01 1.00000000000000e+05 
1.78376212420556e+01 1.00000000000000e+05 
1.80409883913594e+01 1.00000000000000e+05 
1.82443050346869e+01 1.00000000000000e+05 
1.84474327837354e+01 1.00000000000000e+05 
1.86505503053125e+01 1.00000000000000e+05 
1.88535932316970e+01 1.00000000000000e+05 
1.90565608622741e+01 1.00000000000000e+05 
1.92594853707276e+01 1.00000000000000e+05 
1.94623796526000e+01 1.00000000000000e+05 
1.96652593507810e+01 1.00000000000000e+05 
1.98682128225951e+01 1.00000000000000e+05 
2.00712299723808e+01 1.00000000000000e+05 
2.02743632772251e+01 1.00000000000000e+05 
2.04775974201162e+01 1.00000000000000e+05 
2.06808993432005e+01 1.00000000000000e+05 
2.08842816624739e+01 1.00000000000000e+05 
2.10877109245459e+01 1.00000000000000e+05 
2.12911865561413e+01 1.00000000000000e+05 
2.14946542636065e+01 1.00000000000000e+05 
2.16979483115182e+01 1.00000000000000e+05 
2.19009928614698e+01 1.00000000000000e+05 
2.21039017811684e+01 1.00000000000000e+05 
2.23066497283774e+01 1.00000000000000e+05 
2.25092177015210e+01 1.00000000000000e+05 
2.27116581345214e+01 1.00000000000000e+05 
2.29139334651086e+01 1.00000000000000e+05 
2.31160467477100e+01 1.00000000000000e+05 
2.33179868862948e+01 1.00000000000000e+05 
2.35199180822287e+01 1.00000000000000e+05 
2.37218051763256e+01 1.00000000000000e+05 
2.39236768880851e+01 1.00000000000000e+05 
2.41255552893581e+01 1.00000000000000e+05 
2.43274126484990e+01 1.00000000000000e+05 
2.45293056915018e+01 1.00000000000000e+05 
2.47312963943893e+01 1.00000000000000e+05 
2.49333962174227e+01 1.00000000000000e+05 
2.51357213393038e+01 1.00000000000000e+05 
2.53382018572701e+01 1.00000000000000e+05 
2.55408488073704e+01 1.00000000000000e+05 
2.57436471827663e+01 1.00000000000000e+05 
2.59465698142901e+01 1.00000000000000e+05 
2.61496583369765e+01 1.00000000000000e+05 
2.63529142216749e+01 1.00000000000000e+05 
2.65562742668140e+01 1.00000000000000e+05 
2.67596972761635e+01 1.00000000000000e+05 
2.69631506643780e+01 1.00000000000000e+05 
2.71666356359982e+01 1.00000000000000e+05 
2.73700949757860e+01 1.00000000000000e+05 
2.75735042909555e+01 1.00000000000000e+05 
2.77768698215134e+01 1.00000000000000e+05 
2.79801634091441e+01 1.00000000000000e+05 
2.81832311137916e+01 1.00000000000000e+05 
2.83862493691881e+01 1.00000000000000e+05 
2.85892005667304e+01 1.00000000000000e+05 
2.87920289759177e+01 1.00000000000000e+05 
2.89947855911169e+01 1.00000000000000e+05 
2.91974758167431e+01 1.00000000000000e+05 
2.94001081727549e+01 1.00000000000000e+05 
2.96028174869848e+01 1.00000000000000e+05 
2.98055746712193e+01 1.00000000000000e+05 
3.00084175396436e+01 1.00000000000000e+05 
3.02113309117389e+01 1.00000000000000e+05 
3.04143391710080e+01 1.00000000000000e+05 
3.06174347641709e+01 1.00000000000000e+05 
3.08206359225875e+01 1.00000000000000e+05 
3.10238921252226e+01 1.00000000000000e+05 
3.12271617071788e+01 1.00000000000000e+05 
3.14304933723914e+01 1.00000000000000e+05 
3.16338559333766e+01 1.00000000000000e+05 
3.18371697100234e+01 1.00000000000000e+05 
3.20402940171543e+01 1.00000000000000e+05 
3.22432411366959e+01 1.00000000000000e+05 
3.24460329241944e+01 1.00000000000000e+05 
3.26486468730478e+01 1.00000000000000e+05 
3.28510694083674e+01 1.00000000000000e+05 
3.30532799861897e+01 1.00000000000000e+05 
3.32554482102955e+01 1.00000000000000e+05 
3.34575453553804e+01 1.00000000000000e+05 
3.36595641500324e+01 1.00000000000000e+05 
3.38615486883824e+01 1.00000000000000e+05 
3.40634799904239e+01 1.00000000000000e+05 
3.42653996408576e+01 1.00000000000000e+05 
3.44673939566842e+01 1.00000000000000e+05 
3.46694612546547e+01 1.00000000000000e+05 
3.48717036107216e+01 1.00000000000000e+05 
3.50740862371626e+01 1.00000000000000e+05 
3.52766015885758e+01 1.00000000000000e+05 
3.54793183147402e+01 1.00000000000000e+05 
3.56821412870120e+01 1.00000000000000e+05 
3.58851172271814e+01 1.00000000000000e+05 
3.60883109456795e+01 1.00000000000000e+05 
3.62916365042183e+01 1.00000000000000e+05 
3.64950404477902e+01 1.00000000000000e+05 
3.66984690806315e+01 1.00000000000000e+05 
3.69019364923025e+01 1.00000000000000e+05 
3.71054357283456e+01 1.00000000000000e+05 
3.73088956361505e+01 1.00000000000000e+05 
3.75123241222096e+01 1.00000000000000e+05 
3.77157068996436e+01 1.00000000000000e+05 
3.79188884208807e+01 1.00000000000000e+05 
3.81219429731373e+01 1.00000000000000e+05 
3.83249696414713e+01 1.00000000000000e+05 
3.85278282028840e+01 1.00000000000000e+05 
3.87305789313831e+01 1.00000000000000e+05 
3.89332338669238e+01 1.00000000000000e+05 
3.91357862752962e+01 1.00000000000000e+05 
3.93384030966966e+01 1.00000000000000e+05 
3.95410271713939e+01 1.00000000000000e+05 
3.97436993424354e+01 1.00000000000000e+05 
3.99463921856252e+01 1.00000000000000e+05 
4.01491654750551e+01 1.00000000000000e+05 
4.03520289195442e+01 1.00000000000000e+05 
4.05550048910795e+01 1.00000000000000e+05 
4.07580864187294e+01 1.00000000000000e+05 
4.09612286775592e+01 1.00000000000000e+05 
4.11644223380052e+01 1.00000000000000e+05 
4.13676607110112e+01 1.00000000000000e+05 
4.15709452306063e+01 1.00000000000000e+05 
4.17742442700769e+01 1.00000000000000e+05 
4.19775135223546e+01 1.00000000000000e+05 
4.21806564457985e+01 1.00000000000000e+05 
4.23835704544603e+01 1.00000000000000e+05 
4.25863222546333e+01 1.00000000000000e+05 
4.27888279196484e+01 1.00000000000000e+05 
4.29912615982889e+01 1.00000000000000e+05 
4.31935852435500e+01 1.00000000000000e+05 
4.33957815205678e+01 1.00000000000000e+05 
4.35978979487543e+01 1.00000000000000e+05 
4.37999304200929e+01 1.00000000000000e+05 
4.40019076885360e+01 1.00000000000000e+05 
4.42039337320145e+01 1.00000000000000e+05 
4.44060001538986e+01 1.00000000000000e+05 
4.46081858574393e+01 1.00000000000000e+05 
4.48104711684930e+01 1.00000000000000e+05 
4.50128451538969e+01 1.00000000000000e+05 
4.52153736753591e+01 1.00000000000000e+05 
4.54180340147901e+01 1.00000000000000e+05 
4.56208710244056e+01 1.00000000000000e+05 
4.58239099702678e+01 1.00000000000000e+05 
4.60270996589638e+01 1.00000000000000e+05 
4.62304657697298e+01 1.00000000000000e+05 
4.64338688960506e+01 1.00000000000000e+05 
4.66373017077841e+01 1.00000000000000e+05 
4.68407572598015e+01 1.00000000000000e+05 
4.70442546395734e+01 1.00000000000000e+05 
4.72477386480636e+01 1.00000000000000e+05 
4.74511939246332e+01 1.00000000000000e+05 
4.76545330594890e+01 1.00000000000000e+05 
4.78577067285611e+01 1.00000000000000e+05 
4.80608753693268e+01 1.00000000000000e+05 
4.82638354697416e+01 1.00000000000000e+05 
4.84666467540706e+01 1.00000000000000e+05 
4.86693473168333e+01 1.00000000000000e+05 
4.88719019249858e+01 1.00000000000000e+05 
4.90745027720318e+01 1.00000000000000e+05 
4.92770764391171e+01 1.00000000000000e+05 
4.94796476958813e+01 1.00000000000000e+05 
4.96822204167646e+01 1.00000000000000e+05 
4.98848222239144e+01 1.00000000000000e+05 
5.00874761862161e+01 1.00000000000000e+05 
5.02902390157782e+01 1.00000000000000e+05 
5.04931165644340e+01 1.00000000000000e+05 
5.06960805910771e+01 1.00000000000000e+05 
5.08991333423157e+01 1.00000000000000e+05 
5.11022578645217e+01 1.00000000000000e+05 
5.13054423763076e+01 1.00000000000000e+05 
5.15086548546338e+01 1.00000000000000e+05 
5.17119065645690e+01 1.00000000000000e+05 
5.19151950423545e+01 1.00000000000000e+05 
5.21183745006488e+01 1.00000000000000e+05 
5.23214088774139e+01 1.00000000000000e+05 
5.25242324010963e+01 1.00000000000000e+05 
5.27269607076205e+01 1.00000000000000e+05 
5.29295441731976e+01 1.00000000000000e+05 
5.31319496968064e+01 1.00000000000000e+05 
5.33342472842059e+01 1.00000000000000e+05 
5.35364267211515e+01 1.00000000000000e+05 
5.37385040812235e+01 1.00000000000000e+05 
5.39406083094777e+01 1.00000000000000e+05 
5.41427161596012e+01 1.00000000000000e+05 
5.43448835302565e+01 1.00000000000000e+05 
5.45471108975266e+01 1.00000000000000e+05 
5.47493910082137e+01 1.00000000000000e+05 
5.49517879790564e+01 1.00000000000000e+05 
5.51543020530474e+01 1.00000000000000e+05 
5.53569745540088e+01 1.00000000000000e+05 
5.55598668189212e+01 1.00000000000000e+05 
5.57629126136038e+01 1.00000000000000e+05 
5.59661352293277e+01 1.00000000000000e+05 
5.61694921057413e+01 1.00000000000000e+05 
5.63728862466536e+01 1.00000000000000e+05 
5.65762995126502e+01 1.00000000000000e+05 
5.67797565324227e+01 1.00000000000000e+05 
5.69832411929876e+01 1.00000000000000e+05 
5.71867575597213e+01 1.00000000000000e+05 
5.73902142438224e+01 1.00000000000000e+05 
5.75935504013974e+01 1.00000000000000e+05 
5.77968428105782e+01 1.00000000000000e+05 
5.79999523007818e+01 1.00000000000000e+05 
5.82028720166861e+01 1.00000000000000e+05 
5.84056737401209e+01 1.00000000000000e+05 
5.86082924096970e+01 1.00000000000000e+05 
5.88109369357781e+01 1.00000000000000e+05 
5.90135188227780e+01 1.00000000000000e+05 
5.92160540509742e+01 1.00000000000000e+05 
5.94185604009779e+01 1.00000000000000e+05 
5.96210526984744e+01 1.00000000000000e+05 
5.98235501837237e+01 1.00000000000000e+05 
6.00261485722220e+01 1.00000000000000e+05 
6.02288361841210e+01 1.00000000000000e+05 
6.04316638201486e+01 1.00000000000000e+05 
6.06345686020863e+01 1.00000000000000e+05 
6.08375671479841e+01 1.00000000000000e+05 
6.10406211004055e+01 1.00000000000000e+05 
6.12437426280142e+01 1.00000000000000e+05 
6.14469164445446e+01 1.00000000000000e+05 
6.16501210676312e+01 1.00000000000000e+05 
6.18533579475247e+01 1.00000000000000e+05 
6.20566264173889e+01 1.00000000000000e+05 
6.22597817220211e+01 1.00000000000000e+05 
6.24627995534665e+01 1.00000000000000e+05 
6.26656673735378e+01 1.00000000000000e+05 
6.28683131616467e+01 1.00000000000000e+05 
6.30708195650471e+01 1.00000000000000e+05 
6.32731804840720e+01 1.00000000000000e+05 
6.34753919046854e+01 1.00000000000000e+05 
6.36776034541254e+01 1.00000000000000e+05 
6.38797873688976e+01 1.00000000000000e+05 
6.40819738273611e+01 1.00000000000000e+05 
6.42841784067253e+01 1.00000000000000e+05 
6.44863959670241e+01 1.00000000000000e+05 
6.46886801912706e+01 1.00000000000009e+05 
6.48910662140103e+01 1.00000000000025e+05 
6.50935819241049e+01 1.00000000000042e+05 
6.52963226964966e+01 1.00000000000103e+05 
6.54992405740070e+01 1.00000000011243e+05 
6.57023188561443e+01 1.00000000226431e+05 
6.59055500692646e+01 1.00000000492160e+05 
6.61089027901603e+01 1.00000000581015e+05 
6.63122766649993e+01 1.00000000827260e+05 
6.65156872049080e+01 1.00000001198499e+05 
6.67191280630788e+01 1.00000001910867e+05 
6.69226164912726e+01 1.00000002800861e+05 
6.71261325074319e+01 1.00000004434507e+05 
6.73296169036911e+01 1.00000007349780e+05 
6.75330252299440e+01 1.00000011879722e+05 
6.77363198433455e+01 1.00000018798013e+05 
6.79393888572186e+01 1.00000028979287e+05 
6.81423368894994e+01 1.00000044588889e+05 
6.83450708709156e+01 1.00000068000032e+05 
6.85478069710537e+01 1.00000103317343e+05 
6.87504560574697e+01 1.00000151956823e+05 
6.89530120509714e+01 1.00000217646316e+05 
6.91555074049377e+01 1.00000304519005e+05 
6.93579506481004e+01 1.00000423025792e+05 
6.95603538262472e+01 1.00000579484536e+05 
6.97628467070184e+01 1.00000782251131e+05 
6.99654031500043e+01 1.00001024287941e+05 
7.01680675370484e+01 1.00001304537811e+05 
7.03708128597538e+01 1.00001625188771e+05 
7.05736643918905e+01 1.00001996260435e+05 
7.07765856443493e+01 1.00002410232878e+05 
7.09796045256010e+01 1.00002856474249e+05 
7.11826613299295e+01 1.00003306951306e+05 
7.13857897479778e+01 1.00003743390837e+05 
7.15889661007472e+01 1.00004167819020e+05 
7.17921459341708e+01 1.00004579941941e+05 
7.19953726252105e+01 1.00004968179409e+05 
7.21985718027617e+01 1.00005304454038e+05 
7.24016476186381e+01 1.00005570454904e+05 
7.26045430537818e+01 1.00005751254678e+05 
7.28072213299480e+01 1.00005855218083e+05 
7.30097805999067e+01 1.00005892908568e+05 
7.32121446685061e+01 1.00005878096305e+05 
7.34144836407241e+01 1.00005778916905e+05 
7.36167644759561e+01 1.00005598646965e+05 
7.38189887804541e+01 1.00005335475115e+05 
7.40211919750683e+01 1.00004986736122e+05 
7.42233714635407e+01 1.00004566820720e+05 
7.44255673633598e+01 1.00004113206939e+05 
7.46278498585127e+01 1.00003601438580e+05 
7.48302306656735e+01 1.00003055646441e+05 
7.50327937384072e+01 1.00002480372287e+05 
7.52355063125583e+01 1.00001862235315e+05 
7.54383722282391e+01 1.00001217672846e+05 
7.56414216244544e+01 1.00000578140406e+05 
7.58445981321123e+01 9.99999404481668e+04 
7.60479184214261e+01 9.99993343442526e+04 
7.62512929186171e+01 9.99987776530035e+04 
7.64546964242765e+01 9.99982471261001e+04 
7.66581350680706e+01 9.99977442087099e+04 
7.68616010200597e+01 9.99972761569811e+04 
7.70651079936182e+01 9.99968635339840e+04 
7.72686113724331e+01 9.99965310451181e+04 
7.74720611152207e+01 9.99962984059949e+04 
7.76753133911698e+01 9.99961462617707e+04 
7.78784461857672e+01 9.99960633529186e+04 
7.80813340565300e+01 9.99960307549505e+04 
7.82841986758304e+01 9.99960766136718e+04 
7.84869562928645e+01 9.99961989506581e+04 
7.86895714902216e+01 9.99964144575832e+04 
7.88920942905549e+01 9.99967120394104e+04 
7.90945315913393e+01 9.99970814932632e+04 
7.92968840114831e+01 9.99974991524852e+04 
7.94993122078064e+01 9.99979976106820e+04 
7.97017694779022e+01 9.99985439919161e+04 
7.99042936798559e+01 9.99991332134142e+04 
8.01068697501696e+01 9.99997645649862e+04 
8.03095192442820e+01 1.00000435347965e+05 
8.05122783411067e+01 1.00001133753920e+05 
8.07151532943511e+01 1.00001865109479e+05 
8.09180874917751e+01 1.00002569610880e+05 
8.11211009470289e+01 1.00003213090217e+05 
8.13241348982823e+01 1.00003800985680e+05 
8.15272528948804e+01 1.00004343814168e+05 
8.17303892546740e+01 1.00004851775272e+05 
8.19335573112213e+01 1.00005294254109e+05 
8.21368014274263e+01 1.00005625831187e+05 
8.23398733234911e+01 1.00005802572287e+05 
8.25427383975605e+01 1.00005833076371e+05 
8.27454995878572e+01 1.00005745232396e+05 
8.29480798671471e+01 1.00005587486356e+05 
8.31506062535737e+01 1.00005323313871e+05 
8.33530393401760e+01 1.00004949247424e+05 
8.35553612257224e+01 1.00004442492119e+05 
8.37576211955306e+01 1.00003804472503e+05 
8.39598226381276e+01 1.00003070873965e+05 
8.41619894017817e+01 1.00002307470473e+05 
8.43642239682605e+01 1.00001493780716e+05 
8.45665203012387e+01 1.00000669440982e+05 
8.47689483564908e+01 9.99998359894822e+04 
8.49714940232389e+01 9.99989794494774e+04 
8.51741579640687e+01 9.99981251282510e+04 
8.53769978718437e+01 9.99973142365159e+04 
8.55799804902041e+01 9.99965591210159e+04 
8.57831240408108e+01 9.99959059063633e+04 
8.59864536951827e+01 9.99953860221384e+04 
8.61898160798553e+01 9.99949727711547e+04 
8.63932062744392e+01 9.99946622607998e+04 
8.65966229319829e+01 9.99944334091377e+04 
8.68000940443101e+01 9.99943169731456e+04 
8.70035825837327e+01 9.99943238824642e+04 
8.72070843440491e+01 9.99944865138203e+04 
8.74105419344450e+01 9.99947652648433e+04 
8.76138267437083e+01 9.99951262133359e+04 
8.78169205534772e+01 9.99954826277431e+04 
8.80199632675196e+01 9.99958631167967e+04 
8.82228781681249e+01 9.99962434076632e+04 
8.84256106973253e+01 9.99966594942894e+04 
8.86282246424383e+01 9.99971109591767e+04 
8.88307219110573e+01 9.99975802015987e+04 
8.90330924047535e+01 9.99980300988062e+04 
8.92355207597714e+01 9.99984856334747e+04 
8.94379379157647e+01 9.99989279112272e+04 
8.96403799089431e+01 9.99993654010580e+04 
8.98428436218644e+01 9.99998237026428e+04 
9.00453482475632e+01 1.00000290817292e+05 
9.02479204282358e+01 1.00000757890631e+05 
9.04506070166489e+01 1.00001206856826e+05 
9.06534221098573e+01 1.00001605577967e+05 
9.08563074156330e+01 1.00001914843072e+05 
9.10592331034942e+01 1.00002163060472e+05 
9.12622364660194e+01 1.00002357645042e+05 
9.14653252837018e+01 1.00002530022362e+05 
9.16684271913442e+01 1.00002669686372e+05 
9.18715866137494e+01 1.00002759812224e+05 
9.20747842683971e+01 1.00002760036329e+05 
9.22778651165516e+01 1.00002688958946e+05 
9.24808149399466e+01 1.00002555787564e+05 
9.26836400845213e+01 1.00002408066489e+05 
9.28863873614108e+01 1.00002216768351e+05 
9.30890085767134e+01 1.00001989590383e+05 
9.32914663544503e+01 1.00001701789641e+05 
9.34938317764641e+01 1.00001354828678e+05 
9.36961022577806e+01 1.00000960819997e+05 
9.38982898525573e+01 1.00000559869611e+05 
9.41005250280928e+01 1.00000139664395e+05 
9.43027848548941e+01 9.99997293777409e+04 
9.45051224941694e+01 9.99993303678043e+04 
9.47075391235569e+01 9.99989223670480e+04 
9.49100356403763e+01 9.99985133471439e+04 
9.51126679959551e+01 9.99981153308327e+04 
9.53154338342254e+01 9.99977453365191e+04 
9.55183731288411e+01 9.99974440668882e+04 
9.57215113888919e+01 9.99972349266367e+04 
9.59247849047671e+01 9.99970829969318e+04 
9.61281201802749e+01 9.99969714999675e+04 
9.63314994562056e+01 9.99968589306549e+04 
9.65349076935859e+01 9.99967622201371e+04 
9.67383385387505e+01 9.99967002850858e+04 
9.69418207081187e+01 9.99967046140948e+04 
9.71453287818878e+01 9.99967557724280e+04 
9.73487757563585e+01 9.99968291728313e+04 
9.75521003395735e+01 9.99968757589230e+04 
9.77553203876417e+01 9.99969210644643e+04 
9.79584256456356e+01 9.99969781623789e+04 
9.81613154578645e+01 9.99970760790452e+04 
9.83640728139437e+01 9.99972285217654e+04 
9.85666800715794e+01 9.99974138096343e+04 
9.87691229821461e+01 9.99976074994668e+04 
9.89716027992200e+01 9.99978325974534e+04 
9.91740397132955e+01 9.99980889599853e+04 
9.93764536462670e+01 9.99983842291223e+04 
9.95788576239822e+01 9.99987487203976e+04 
9.97812656950711e+01 9.99991621926710e+04 
9.99837025244658e+01 9.99996001072578e+04 
1.00186246746907e+02 1.00000050541247e+05 
