# Liste des scalaires : TEMPS pmat 
0.00000000000000e+00 1.00000000000000e+05 
2.04081632653061e-01 1.00000000000000e+05 
4.08042165141975e-01 1.00000000000000e+05 
6.11832106953319e-01 1.00000000000000e+05 
8.15421737498182e-01 1.00000000000000e+05 
1.01884831470558e+00 1.00000000000000e+05 
1.22207818930831e+00 1.00000000000000e+05 
1.42513098547652e+00 1.00000000000000e+05 
1.62798725493260e+00 1.00000000000000e+05 
1.83053493087979e+00 1.00000000000000e+05 
2.03291905653503e+00 1.00000000000000e+05 
2.23520224592158e+00 1.00000000000000e+05 
2.43733969254296e+00 1.00000000000000e+05 
2.63931827049832e+00 1.00000000000000e+05 
2.84120332396323e+00 1.00000000000000e+05 
3.04297858176904e+00 1.00000000000000e+05 
3.24460591464334e+00 1.00000000000000e+05 
3.44612291562131e+00 1.00000000000000e+05 
3.64760922308227e+00 1.00000000000000e+05 
3.84909249851467e+00 1.00000000000000e+05 
4.05064469773747e+00 1.00000000000000e+05 
4.25222294222906e+00 1.00000000000000e+05 
4.45380035517506e+00 1.00000000000000e+05 
4.65542063364273e+00 1.00000000000000e+05 
4.85715243419261e+00 1.00000000000000e+05 
5.05906045928525e+00 1.00000000000000e+05 
5.26119401899534e+00 1.00000000000000e+05 
5.46347898380931e+00 1.00000000000000e+05 
5.66591894484892e+00 1.00000000000000e+05 
5.86852800362132e+00 1.00000000000000e+05 
6.07136345597011e+00 1.00000000000000e+05 
6.27438265108359e+00 1.00000000000000e+05 
6.47752964045090e+00 1.00000000000000e+05 
6.68089073121200e+00 1.00000000000000e+05 
6.88429870550576e+00 1.00000000000000e+05 
7.08769636443068e+00 1.00000000000000e+05 
7.29110827962174e+00 1.00000000000000e+05 
7.49449373816632e+00 1.00000000000000e+05 
7.69790617884871e+00 1.00000000000000e+05 
7.90135044231191e+00 1.00000000000000e+05 
8.10473659770851e+00 1.00000000000000e+05 
8.30800948139133e+00 1.00000000000000e+05 
8.51115234273433e+00 1.00000000000000e+05 
8.71416193711340e+00 1.00000000000000e+05 
8.91719900347831e+00 1.00000000000000e+05 
9.12020204041872e+00 1.00000000000000e+05 
9.32319297435189e+00 1.00000000000000e+05 
9.52619174127014e+00 1.00000000000000e+05 
9.72921908834018e+00 1.00000000000000e+05 
9.93229912946381e+00 1.00000000000000e+05 
1.01354642235065e+01 1.00000000000000e+05 
1.03387225987006e+01 1.00000000000000e+05 
1.05420932760412e+01 1.00000000000000e+05 
1.07455601602491e+01 1.00000000000000e+05 
1.09490636153785e+01 1.00000000000000e+05 
1.11525952040860e+01 1.00000000000000e+05 
1.13559908728595e+01 1.00000000000000e+05 
1.15591577617810e+01 1.00000000000000e+05 
1.17622381240369e+01 1.00000000000000e+05 
1.19650888349948e+01 1.00000000000000e+05 
1.21677288877747e+01 1.00000000000000e+05 
1.23702013159276e+01 1.00000000000000e+05 
1.25725982340610e+01 1.00000000000000e+05 
1.27748516426287e+01 1.00000000000000e+05 
1.29769249867640e+01 1.00000000000000e+05 
1.31787998828658e+01 1.00000000000000e+05 
1.33806014179065e+01 1.00000000000000e+05 
1.35822734033907e+01 1.00000000000000e+05 
1.37839887339651e+01 1.00000000000000e+05 
1.39857022015949e+01 1.00000000000000e+05 
1.41874661286692e+01 1.00000000000000e+05 
1.43892101845392e+01 1.00000000000000e+05 
1.45910326674531e+01 1.00000000000000e+05 
1.47929375836209e+01 1.00000000000000e+05 
1.49949695660416e+01 1.00000000000000e+05 
1.51971475723012e+01 1.00000000000000e+05 
1.53995487529939e+01 1.00000000000000e+05 
1.56020957788436e+01 1.00000000000000e+05 
1.58048076652820e+01 1.00000000000000e+05 
1.60076888558614e+01 1.00000000000000e+05 
1.62106850728960e+01 1.00000000000000e+05 
1.64138636363558e+01 1.00000000000000e+05 
1.66171481416695e+01 1.00000000000000e+05 
1.68205318926791e+01 1.00000000000000e+05 
1.70239717971818e+01 1.00000000000000e+05 
1.72274242526830e+01 1.00000000000000e+05 
1.74308511498678e+01 1.00000000000000e+05 
1.76342505270569e+01 1.00000000000000e+05 
1.78376212420556e+01 1.00000000000000e+05 
1.80409883913594e+01 1.00000000000000e+05 
1.82443050346869e+01 1.00000000000000e+05 
1.84474327837354e+01 1.00000000000000e+05 
1.86505503053125e+01 1.00000000000000e+05 
1.88535932316970e+01 1.00000000000000e+05 
1.90565608622741e+01 1.00000000000000e+05 
1.92594853707276e+01 1.00000000000000e+05 
1.94623796526000e+01 1.00000000000000e+05 
1.96652593507810e+01 1.00000000000000e+05 
1.98682128225951e+01 1.00000000000000e+05 
2.00712299723808e+01 1.00000000000000e+05 
2.02743632772251e+01 1.00000000000000e+05 
2.04775974201162e+01 1.00000000000000e+05 
2.06808993432005e+01 1.00000000000000e+05 
2.08842816624739e+01 1.00000000000000e+05 
2.10877109245459e+01 1.00000000000000e+05 
2.12911865561413e+01 1.00000000000000e+05 
2.14946542636065e+01 1.00000000000000e+05 
2.16979483115182e+01 1.00000000000000e+05 
2.19009928614698e+01 1.00000000000000e+05 
2.21039017811684e+01 1.00000000000000e+05 
2.23066497283774e+01 1.00000000000000e+05 
2.25092177015210e+01 1.00000000000000e+05 
2.27116581345214e+01 1.00000000000000e+05 
2.29139334651086e+01 1.00000000000000e+05 
2.31160467477100e+01 1.00000000000000e+05 
2.33179868862948e+01 1.00000000000000e+05 
2.35199180822287e+01 1.00000000000000e+05 
2.37218051763256e+01 1.00000000000000e+05 
2.39236768880851e+01 1.00000000000000e+05 
2.41255552893581e+01 1.00000000000000e+05 
2.43274126484990e+01 1.00000000000000e+05 
2.45293056915018e+01 1.00000000000000e+05 
2.47312963943893e+01 1.00000000000000e+05 
2.49333962174227e+01 1.00000000000000e+05 
2.51357213393038e+01 1.00000000000000e+05 
2.53382018572701e+01 1.00000000000000e+05 
2.55408488073704e+01 1.00000000000000e+05 
2.57436471827663e+01 1.00000000000000e+05 
2.59465698142901e+01 1.00000000000000e+05 
2.61496583369765e+01 1.00000000000000e+05 
2.63529142216749e+01 1.00000000000000e+05 
2.65562742668140e+01 1.00000000000000e+05 
2.67596972761635e+01 1.00000000000000e+05 
2.69631506643780e+01 1.00000000000000e+05 
2.71666356359982e+01 1.00000000000000e+05 
2.73700949757860e+01 1.00000000000000e+05 
2.75735042909555e+01 1.00000000000006e+05 
2.77768698215134e+01 1.00000000000067e+05 
2.79801634091441e+01 1.00000000000176e+05 
2.81832311137916e+01 1.00000000203880e+05 
2.83862493691881e+01 1.00000000817638e+05 
2.85892005667304e+01 1.00000001693898e+05 
2.87920289759177e+01 1.00000003267941e+05 
2.89947855911169e+01 1.00000006151448e+05 
2.91974758167431e+01 1.00000011328470e+05 
2.94001081727549e+01 1.00000022477619e+05 
2.96028174869848e+01 1.00000042051283e+05 
2.98055746712193e+01 1.00000077663992e+05 
3.00084175396436e+01 1.00000130479506e+05 
3.02113309117389e+01 1.00000215320189e+05 
3.04143391710080e+01 1.00000345517038e+05 
3.06174347641709e+01 1.00000585797231e+05 
3.08206359225875e+01 1.00000943537982e+05 
3.10238921252226e+01 1.00001492171524e+05 
3.12271617071788e+01 1.00002180469601e+05 
3.14304933723914e+01 1.00003121188973e+05 
3.16338559333766e+01 1.00004326601886e+05 
3.18371697100234e+01 1.00006214890862e+05 
3.20402940171543e+01 1.00008546188738e+05 
3.22432411366959e+01 1.00011487887215e+05 
3.24460329241944e+01 1.00014485390306e+05 
3.26486468730478e+01 1.00017807465110e+05 
3.28510694083674e+01 1.00021274826943e+05 
3.30532799861897e+01 1.00025780626398e+05 
3.32554482102955e+01 1.00030287335756e+05 
3.34575453553804e+01 1.00034771708392e+05 
3.36595641500324e+01 1.00038189062223e+05 
3.38615486883824e+01 1.00040944470072e+05 
3.40634799904239e+01 1.00043181011133e+05 
3.42653996408576e+01 1.00045498824920e+05 
3.44673939566842e+01 1.00047058671936e+05 
3.46694612546547e+01 1.00047634202388e+05 
3.48717036107216e+01 1.00046810606008e+05 
3.50740862371626e+01 1.00045079631416e+05 
3.52766015885758e+01 1.00042837782749e+05 
3.54793183147402e+01 1.00039698157951e+05 
3.56821412870120e+01 1.00035833759017e+05 
3.58851172271814e+01 1.00030866398759e+05 
3.60883109456795e+01 1.00025470230992e+05 
3.62916365042183e+01 1.00019743313451e+05 
3.64950404477902e+01 1.00013687974306e+05 
3.66984690806315e+01 1.00006285814582e+05 
3.69019364923025e+01 9.99990284063128e+04 
3.71054357283456e+01 9.99916989680466e+04 
3.73088956361505e+01 9.99854627586534e+04 
3.75123241222096e+01 9.99799063342049e+04 
3.77157068996436e+01 9.99741157144262e+04 
3.79188884208807e+01 9.99670169995294e+04 
3.81219429731373e+01 9.99606213306909e+04 
3.83249696414713e+01 9.99550964079975e+04 
3.85278282028840e+01 9.99514504375117e+04 
3.87305789313831e+01 9.99493404651944e+04 
3.89332338669238e+01 9.99472074015824e+04 
3.91357862752962e+01 9.99441447995324e+04 
3.93384030966966e+01 9.99415847879657e+04 
3.95410271713939e+01 9.99398902749548e+04 
3.97436993424354e+01 9.99401027752196e+04 
3.99463921856252e+01 9.99421329066262e+04 
4.01491654750551e+01 9.99443754001514e+04 
4.03520289195442e+01 9.99466095289932e+04 
4.05550048910795e+01 9.99487966741240e+04 
4.07580864187294e+01 9.99514251290957e+04 
4.09612286775592e+01 9.99548577463327e+04 
4.11644223380052e+01 9.99596504995234e+04 
4.13676607110112e+01 9.99652229299266e+04 
4.15709452306063e+01 9.99714164896148e+04 
4.17742442700769e+01 9.99771848575023e+04 
4.19775135223546e+01 9.99828681228236e+04 
4.21806564457985e+01 9.99879438837060e+04 
4.23835704544603e+01 9.99933460358246e+04 
4.25863222546333e+01 9.99993422459915e+04 
4.27888279196484e+01 1.00006458151744e+05 
4.29912615982889e+01 1.00012907053118e+05 
4.31935852435500e+01 1.00018539860979e+05 
4.33957815205678e+01 1.00022583016773e+05 
4.35978979487543e+01 1.00025691480922e+05 
4.37999304200929e+01 1.00029084508992e+05 
4.40019076885360e+01 1.00033350636085e+05 
4.42039337320145e+01 1.00037042723258e+05 
4.44060001538986e+01 1.00039760588350e+05 
4.46081858574393e+01 1.00040694762794e+05 
4.48104711684930e+01 1.00040097641921e+05 
4.50128451538969e+01 1.00039439552596e+05 
4.52153736753591e+01 1.00039047046838e+05 
4.54180340147901e+01 1.00038521886837e+05 
4.56208710244056e+01 1.00037465378582e+05 
4.58239099702678e+01 1.00035387402996e+05 
4.60270996589638e+01 1.00031829215807e+05 
4.62304657697298e+01 1.00027949479619e+05 
4.64338688960506e+01 1.00023854888121e+05 
4.66373017077841e+01 1.00020034298251e+05 
4.68407572598015e+01 1.00016336933599e+05 
4.70442546395734e+01 1.00012810737138e+05 
4.72477386480636e+01 1.00008612444229e+05 
4.74511939246332e+01 1.00003838145854e+05 
4.76545330594890e+01 9.99985298069773e+04 
4.78577067285611e+01 9.99937527642861e+04 
4.80608753693268e+01 9.99896177637621e+04 
4.82638354697416e+01 9.99865146733905e+04 
4.84666467540706e+01 9.99835789152929e+04 
4.86693473168333e+01 9.99801750399038e+04 
4.88719019249858e+01 9.99761693298988e+04 
4.90745027720318e+01 9.99726046610529e+04 
4.92770764391171e+01 9.99698322455652e+04 
4.94796476958813e+01 9.99684353069154e+04 
4.96822204167646e+01 9.99678876863344e+04 
4.98848222239144e+01 9.99673445639234e+04 
5.00874761862161e+01 9.99665044903868e+04 
5.02902390157782e+01 9.99659401691534e+04 
5.04931165644340e+01 9.99659858198390e+04 
5.06960805910771e+01 9.99671164762109e+04 
5.08991333423157e+01 9.99693986493890e+04 
5.11022578645217e+01 9.99719616543420e+04 
5.13054423763076e+01 9.99749048438210e+04 
5.15086548546338e+01 9.99779915658052e+04 
5.17119065645690e+01 9.99812874152266e+04 
5.19151950423545e+01 9.99846691190499e+04 
5.21183745006488e+01 9.99886804134230e+04 
5.23214088774139e+01 9.99932565125996e+04 
5.25242324010963e+01 9.99985962977024e+04 
5.27269607076205e+01 1.00003611445519e+05 
5.29295441731976e+01 1.00008249341708e+05 
5.31319496968064e+01 1.00011923451103e+05 
5.33342472842059e+01 1.00015301606245e+05 
5.35364267211515e+01 1.00019027057601e+05 
5.37385040812235e+01 1.00023399228548e+05 
5.39406083094777e+01 1.00027264905895e+05 
5.41427161596012e+01 1.00030295593041e+05 
5.43448835302565e+01 1.00031852299921e+05 
5.45471108975266e+01 1.00032413521054e+05 
5.47493910082137e+01 1.00033038944895e+05 
5.49517879790564e+01 1.00033880818962e+05 
5.51543020530474e+01 1.00034348608535e+05 
5.53569745540088e+01 1.00034153318258e+05 
5.55598668189212e+01 1.00032847787086e+05 
5.57629126136038e+01 1.00030444158787e+05 
5.59661352293277e+01 1.00027893322977e+05 
5.61694921057413e+01 1.00025086286377e+05 
5.63728862466536e+01 1.00022264632010e+05 
5.65762995126502e+01 1.00019274189403e+05 
5.67797565324227e+01 1.00016187323232e+05 
5.69832411929876e+01 1.00012451967689e+05 
5.71867575597213e+01 1.00008249098675e+05 
5.73902142438224e+01 1.00003468339208e+05 
5.75935504013974e+01 9.99989823903097e+04 
5.77968428105782e+01 9.99948202070153e+04 
5.79999523007818e+01 9.99914821758640e+04 
5.82028720166861e+01 9.99881765988891e+04 
5.84056737401209e+01 9.99845125716350e+04 
5.86082924096970e+01 9.99800582318609e+04 
5.88109369357781e+01 9.99759338464839e+04 
5.90135188227780e+01 9.99724590272734e+04 
5.92160540509742e+01 9.99703128701735e+04 
5.94185604009779e+01 9.99690036913279e+04 
5.96210526984744e+01 9.99676281918788e+04 
5.98235501837237e+01 9.99656281236724e+04 
6.00261485722220e+01 9.99639196931495e+04 
6.02288361841210e+01 9.99628741200680e+04 
6.04316638201486e+01 9.99631542929220e+04 
6.06345686020863e+01 9.99645963970563e+04 
6.08375671479841e+01 9.99662504334004e+04 
6.10406211004055e+01 9.99680254388345e+04 
6.12437426280142e+01 9.99698866435403e+04 
6.14469164445446e+01 9.99721925767873e+04 
6.16501210676312e+01 9.99749790580461e+04 
6.18533579475247e+01 9.99786348872314e+04 
6.20566264173889e+01 9.99827832604261e+04 
6.22597817220211e+01 9.99876160856331e+04 
6.24627995534665e+01 9.99922204615840e+04 
6.26656673735378e+01 9.99967223391430e+04 
6.28683131616467e+01 1.00000542113127e+05 
6.30708195650471e+01 1.00004401670848e+05 
6.32731804840720e+01 1.00008586218284e+05 
6.34753919046854e+01 1.00013608697533e+05 
6.36776034541254e+01 1.00018150483854e+05 
6.38797873688976e+01 1.00021870401165e+05 
6.40819738273611e+01 1.00024156542748e+05 
6.42841784067253e+01 1.00025604492864e+05 
6.44863959670241e+01 1.00027190018557e+05 
6.46886801912706e+01 1.00029318998580e+05 
6.48910662140103e+01 1.00031092507631e+05 
6.50935819241049e+01 1.00032022177725e+05 
6.52963226964966e+01 1.00031647908752e+05 
6.54992405740070e+01 1.00030168197912e+05 
6.57023188561443e+01 1.00028657499382e+05 
6.59055500692646e+01 1.00027176999456e+05 
6.61089027901603e+01 1.00025662268663e+05 
6.63122766649993e+01 1.00023830002370e+05 
6.65156872049080e+01 1.00021454293594e+05 
6.67191280630788e+01 1.00018137891975e+05 
6.69226164912726e+01 1.00014524498692e+05 
6.71261325074319e+01 1.00010497039873e+05 
6.73296169036911e+01 1.00006772082476e+05 
6.75330252299440e+01 1.00003236755516e+05 
6.77363198433455e+01 1.00000147625700e+05 
6.79393888572186e+01 9.99967352024565e+04 
6.81423368894994e+01 9.99928157365504e+04 
6.83450708709156e+01 9.99882034295266e+04 
6.85478069710537e+01 9.99840297001440e+04 
6.87504560574697e+01 9.99803350233822e+04 
6.89530120509714e+01 9.99778201726449e+04 
6.91555074049377e+01 9.99756965225462e+04 
6.93579506481004e+01 9.99733873296278e+04 
6.95603538262472e+01 9.99704472037383e+04 
6.97628467070184e+01 9.99679036021653e+04 
6.99654031500043e+01 9.99660781100254e+04 
7.01680675370484e+01 9.99656357337856e+04 
7.03708128597538e+01 9.99660840833553e+04 
7.05736643918905e+01 9.99667251278890e+04 
7.07765856443493e+01 9.99674467753736e+04 
7.09796045256010e+01 9.99684077803388e+04 
7.11826613299295e+01 9.99699331320293e+04 
7.13857897479778e+01 9.99722347913338e+04 
7.15889661007472e+01 9.99754787091792e+04 
7.17921459341708e+01 9.99791498004938e+04 
7.19953726252105e+01 9.99834977819241e+04 
7.21985718027617e+01 9.99878366629700e+04 
7.24016476186381e+01 9.99922419056563e+04 
7.26045430537818e+01 9.99962338735345e+04 
7.28072213299480e+01 1.00000428676996e+05 
7.30097805999067e+01 1.00005031913660e+05 
7.32121446685061e+01 1.00010453635901e+05 
7.34144836407241e+01 1.00015396765784e+05 
7.36167644759561e+01 1.00019697019274e+05 
7.38189887804541e+01 1.00022650874606e+05 
7.40211919750683e+01 1.00024909305148e+05 
7.42233714635407e+01 1.00027342067802e+05 
7.44255673633598e+01 1.00030314228638e+05 
7.46278498585127e+01 1.00032775870725e+05 
7.48302306656735e+01 1.00034388440661e+05 
7.50327937384072e+01 1.00034509358741e+05 
7.52355063125583e+01 1.00033584792266e+05 
7.54383722282391e+01 1.00032611259654e+05 
7.56414216244544e+01 1.00031648149502e+05 
7.58445981321123e+01 1.00030542133389e+05 
7.60479184214261e+01 1.00028961188328e+05 
7.62512929186171e+01 1.00026668005853e+05 
7.64546964242765e+01 1.00023353220154e+05 
7.66581350680706e+01 1.00019786012922e+05 
7.68616010200597e+01 1.00015819965084e+05 
7.70651079936182e+01 1.00012047539620e+05 
7.72686113724331e+01 1.00008372888638e+05 
7.74720611152207e+01 1.00005021607953e+05 
7.76753133911698e+01 1.00001338718662e+05 
7.78784461857672e+01 9.99971176047456e+04 
7.80813340565300e+01 9.99922094677136e+04 
7.82841986758304e+01 9.99877264089428e+04 
7.84869562928645e+01 9.99836993855078e+04 
7.86895714902216e+01 9.99808197754909e+04 
7.88920942905549e+01 9.99783164306659e+04 
7.90945315913393e+01 9.99755700166683e+04 
7.92968840114831e+01 9.99721132546727e+04 
7.94993122078064e+01 9.99690402648120e+04 
7.97017694779022e+01 9.99666760995154e+04 
7.99042936798559e+01 9.99657860895092e+04 
8.01068697501696e+01 9.99658268429654e+04 
8.03095192442820e+01 9.99659657540049e+04 
8.05122783411067e+01 9.99660050431599e+04 
8.07151532943511e+01 9.99663380478219e+04 
8.09180874917751e+01 9.99672676484271e+04 
8.11211009470289e+01 9.99691233117321e+04 
8.13241348982823e+01 9.99720621776478e+04 
8.15272528948804e+01 9.99753530761823e+04 
8.17303892546740e+01 9.99791673885813e+04 
8.19335573112213e+01 9.99830670330405e+04 
8.21368014274263e+01 9.99871804776443e+04 
8.23398733234911e+01 9.99911216281516e+04 
8.25427383975605e+01 9.99954319426475e+04 
8.27454995878572e+01 1.00000187261042e+05 
8.29480798671471e+01 1.00005741159747e+05 
8.31506062535737e+01 1.00010865472421e+05 
8.33530393401760e+01 1.00015489121995e+05 
8.35553612257224e+01 1.00018854085037e+05 
8.37576211955306e+01 1.00021687678575e+05 
8.39598226381276e+01 1.00024732179691e+05 
8.41619894017817e+01 1.00028372760244e+05 
8.43642239682605e+01 1.00031474093284e+05 
8.45665203012387e+01 1.00033693792054e+05 
8.47689483564908e+01 1.00034337832683e+05 
8.49714940232389e+01 1.00033960274932e+05 
8.51741579640687e+01 1.00033569330693e+05 
8.53769978718437e+01 1.00033310668947e+05 
8.55799804902041e+01 1.00032856465338e+05 
8.57831240408108e+01 1.00031767302819e+05 
8.59864536951827e+01 1.00029744549568e+05 
8.61898160798553e+01 1.00026668206152e+05 
8.63932062744392e+01 1.00023404498396e+05 
8.65966229319829e+01 1.00019823060307e+05 
8.68000940443101e+01 1.00016382883710e+05 
8.70035825837327e+01 1.00012927077198e+05 
8.72070843440491e+01 1.00009585706853e+05 
8.74105419344450e+01 1.00005790204321e+05 
8.76138267437083e+01 1.00001506017315e+05 
8.78169205534772e+01 9.99965928862485e+04 
8.80199632675196e+01 9.99920974383363e+04 
8.82228781681249e+01 9.99880266054404e+04 
8.84256106973253e+01 9.99849895456778e+04 
8.86282246424383e+01 9.99822087125307e+04 
8.88307219110573e+01 9.99791160292270e+04 
8.90330924047535e+01 9.99752823242665e+04 
8.92355207597714e+01 9.99718569639407e+04 
8.94379379157647e+01 9.99691288653001e+04 
8.96403799089431e+01 9.99678584525517e+04 
8.98428436218644e+01 9.99674974162872e+04 
9.00453482475632e+01 9.99671576092910e+04 
9.02479204282358e+01 9.99665479391169e+04 
9.04506070166489e+01 9.99662082531402e+04 
9.06534221098573e+01 9.99664917676030e+04 
9.08563074156330e+01 9.99679054160810e+04 
9.10592331034942e+01 9.99703936982949e+04 
9.12622364660194e+01 9.99731705184657e+04 
9.14653252837018e+01 9.99763258632004e+04 
9.16684271913442e+01 9.99795636675466e+04 
9.18715866137494e+01 9.99830771504749e+04 
9.20747842683971e+01 9.99866719592846e+04 
9.22778651165516e+01 9.99908384233441e+04 
9.24808149399466e+01 9.99954992502906e+04 
9.26836400845213e+01 1.00000907679144e+05 
9.28863873614108e+01 1.00005958956580e+05 
9.30890085767134e+01 1.00010641763821e+05 
9.32914663544503e+01 1.00014225997554e+05 
9.34938317764641e+01 1.00017497087283e+05 
9.36961022577806e+01 1.00021017577621e+05 
9.38982898525573e+01 1.00025240262015e+05 
9.41005250280928e+01 1.00028954384805e+05 
9.43027848548941e+01 1.00031801648051e+05 
9.45051224941694e+01 1.00033076706729e+05 
9.47075391235569e+01 1.00033357661624e+05 
9.49100356403763e+01 1.00033629283249e+05 
9.51126679959551e+01 1.00034193608213e+05 
9.53154338342254e+01 1.00034445199234e+05 
9.55183731288411e+01 1.00034027098108e+05 
9.57215113888919e+01 1.00032438457247e+05 
9.59247849047671e+01 1.00029760229164e+05 
9.61281201802749e+01 1.00026929405839e+05 
9.63314994562056e+01 1.00023835056064e+05 
9.65349076935859e+01 1.00020812028194e+05 
9.67383385387505e+01 1.00017658641647e+05 
9.69418207081187e+01 1.00014407050596e+05 
9.71453287818878e+01 1.00010557601461e+05 
9.73487757563585e+01 1.00006227359858e+05 
9.75521003395735e+01 1.00001318643083e+05 
9.77553203876417e+01 9.99968077038472e+04 
9.79584256456356e+01 9.99926687393532e+04 
9.81613154578645e+01 9.99894335271833e+04 
9.83640728139437e+01 9.99863064002257e+04 
9.85666800715794e+01 9.99827899271677e+04 
9.87691229821461e+01 9.99784804383306e+04 
9.89716027992200e+01 9.99745881133085e+04 
9.91740397132955e+01 9.99713733075450e+04 
9.93764536462670e+01 9.99696143564309e+04 
9.95788576239822e+01 9.99687035811512e+04 
9.97812656950711e+01 9.99677454906964e+04 
9.99837025244658e+01 9.99663105130679e+04 
1.00186246746907e+02 9.99651844021652e+04 
