# Liste des scalaires : TEMPS pmat 
0.00000000000000e+00 1.00000000000000e+05 
2.04081632653061e-01 1.00000000000000e+05 
4.08042165141975e-01 1.00000000000000e+05 
6.11832106953319e-01 1.00000000000000e+05 
8.15421737498182e-01 1.00000000000000e+05 
1.01884831470558e+00 1.00000000000000e+05 
1.22207818930831e+00 1.00000000000000e+05 
1.42513098547652e+00 1.00000000000000e+05 
1.62798725493260e+00 1.00000000000000e+05 
1.83053493087979e+00 1.00000000000000e+05 
2.03291905653503e+00 1.00000000000000e+05 
2.23520224592158e+00 1.00000000000000e+05 
2.43733969254296e+00 1.00000000000000e+05 
2.63931827049832e+00 1.00000000000000e+05 
2.84120332396323e+00 1.00000000000000e+05 
3.04297858176904e+00 1.00000000000000e+05 
3.24460591464334e+00 1.00000000000000e+05 
3.44612291562131e+00 1.00000000000000e+05 
3.64760922308227e+00 1.00000000000000e+05 
3.84909249851467e+00 1.00000000000000e+05 
4.05064469773747e+00 1.00000000000000e+05 
4.25222294222906e+00 1.00000000000000e+05 
4.45380035517506e+00 1.00000000000000e+05 
4.65542063364273e+00 1.00000000000000e+05 
4.85715243419261e+00 1.00000000000000e+05 
5.05906045928525e+00 1.00000000000000e+05 
5.26119401899534e+00 1.00000000000000e+05 
5.46347898380931e+00 1.00000000000000e+05 
5.66591894484892e+00 1.00000000000000e+05 
5.86852800362132e+00 1.00000000000000e+05 
6.07136345597011e+00 1.00000000000000e+05 
6.27438265108359e+00 1.00000000000000e+05 
6.47752964045090e+00 1.00000000000000e+05 
6.68089073121200e+00 1.00000000000000e+05 
6.88429870550576e+00 1.00000000000000e+05 
7.08769636443068e+00 1.00000000000000e+05 
7.29110827962174e+00 1.00000000000000e+05 
7.49449373816632e+00 1.00000000000000e+05 
7.69790617884871e+00 1.00000000000000e+05 
7.90135044231191e+00 1.00000000000000e+05 
8.10473659770851e+00 1.00000000000000e+05 
8.30800948139133e+00 1.00000000000000e+05 
8.51115234273433e+00 1.00000000000000e+05 
8.71416193711340e+00 1.00000000000000e+05 
8.91719900347831e+00 1.00000000000000e+05 
9.12020204041872e+00 1.00000000000000e+05 
9.32319297435189e+00 1.00000000000000e+05 
9.52619174127014e+00 1.00000000000000e+05 
9.72921908834018e+00 1.00000000000000e+05 
9.93229912946381e+00 1.00000000000000e+05 
1.01354642235065e+01 1.00000000000000e+05 
1.03387225987006e+01 1.00000000000000e+05 
1.05420932760412e+01 1.00000000000000e+05 
1.07455601602491e+01 1.00000000000000e+05 
1.09490636153785e+01 1.00000000000000e+05 
1.11525952040860e+01 1.00000000000000e+05 
1.13559908728595e+01 1.00000000000000e+05 
1.15591577617810e+01 1.00000000000000e+05 
1.17622381240369e+01 1.00000000000000e+05 
1.19650888349948e+01 1.00000000000000e+05 
1.21677288877747e+01 1.00000000000000e+05 
1.23702013159276e+01 1.00000000000000e+05 
1.25725982340610e+01 1.00000000000000e+05 
1.27748516426287e+01 1.00000000000000e+05 
1.29769249867640e+01 1.00000000000000e+05 
1.31787998828658e+01 1.00000000000000e+05 
1.33806014179065e+01 1.00000000000000e+05 
1.35822734033907e+01 1.00000000000000e+05 
1.37839887339651e+01 1.00000000000000e+05 
1.39857022015949e+01 1.00000000000000e+05 
1.41874661286692e+01 1.00000000000000e+05 
1.43892101845392e+01 1.00000000000000e+05 
1.45910326674531e+01 1.00000000000000e+05 
1.47929375836209e+01 1.00000000000000e+05 
1.49949695660416e+01 1.00000000000000e+05 
1.51971475723012e+01 1.00000000000000e+05 
1.53995487529939e+01 1.00000000000000e+05 
1.56020957788436e+01 1.00000000000000e+05 
1.58048076652820e+01 1.00000000000000e+05 
1.60076888558614e+01 1.00000000000000e+05 
1.62106850728960e+01 1.00000000000000e+05 
1.64138636363558e+01 1.00000000000000e+05 
1.66171481416695e+01 1.00000000000000e+05 
1.68205318926791e+01 1.00000000000000e+05 
1.70239717971818e+01 1.00000000000000e+05 
1.72274242526830e+01 1.00000000000000e+05 
1.74308511498678e+01 1.00000000000000e+05 
1.76342505270569e+01 1.00000000000000e+05 
1.78376212420556e+01 1.00000000000000e+05 
1.80409883913594e+01 1.00000000000000e+05 
1.82443050346869e+01 1.00000000000000e+05 
1.84474327837354e+01 1.00000000000000e+05 
1.86505503053125e+01 1.00000000000000e+05 
1.88535932316970e+01 1.00000000000000e+05 
1.90565608622741e+01 1.00000000000000e+05 
1.92594853707276e+01 1.00000000000000e+05 
1.94623796526000e+01 1.00000000000000e+05 
1.96652593507810e+01 1.00000000000000e+05 
1.98682128225951e+01 1.00000000000000e+05 
2.00712299723808e+01 1.00000000000000e+05 
2.02743632772251e+01 1.00000000000001e+05 
2.04775974201162e+01 1.00000000000025e+05 
2.06808993432005e+01 1.00000000000091e+05 
2.08842816624739e+01 1.00000000003390e+05 
2.10877109245459e+01 1.00000000164436e+05 
2.12911865561413e+01 1.00000000785875e+05 
2.14946542636065e+01 1.00000001516491e+05 
2.16979483115182e+01 1.00000002996315e+05 
2.19009928614698e+01 1.00000006224066e+05 
2.21039017811684e+01 1.00000013683868e+05 
2.23066497283774e+01 1.00000029112121e+05 
2.25092177015210e+01 1.00000061929540e+05 
2.27116581345214e+01 1.00000117758625e+05 
2.29139334651086e+01 1.00000219931904e+05 
2.31160467477100e+01 1.00000390094515e+05 
2.33179868862948e+01 1.00000655609169e+05 
2.35199180822287e+01 1.00001054351987e+05 
2.37218051763256e+01 1.00001690459006e+05 
2.39236768880851e+01 1.00002626270819e+05 
2.41255552893581e+01 1.00003964306641e+05 
2.43274126484990e+01 1.00005704134104e+05 
2.45293056915018e+01 1.00007637548774e+05 
2.47312963943893e+01 1.00009707577695e+05 
2.49333962174227e+01 1.00012024067315e+05 
2.51357213393038e+01 1.00014748004935e+05 
2.53382018572701e+01 1.00017652213454e+05 
2.55408488073704e+01 1.00020660020425e+05 
2.57436471827663e+01 1.00023141481882e+05 
2.59465698142901e+01 1.00024952700212e+05 
2.61496583369765e+01 1.00026432039848e+05 
2.63529142216749e+01 1.00027871394915e+05 
2.65562742668140e+01 1.00029037134805e+05 
2.67596972761635e+01 1.00030065254930e+05 
2.69631506643780e+01 1.00030457697075e+05 
2.71666356359982e+01 1.00029698215608e+05 
2.73700949757860e+01 1.00028380557135e+05 
2.75735042909555e+01 1.00026704231041e+05 
2.77768698215134e+01 1.00024637872953e+05 
2.79801634091441e+01 1.00022617172508e+05 
2.81832311137916e+01 1.00020633304519e+05 
2.83862493691881e+01 1.00017833930241e+05 
2.85892005667304e+01 1.00014546135567e+05 
2.87920289759177e+01 1.00010796576063e+05 
2.89947855911169e+01 1.00006673001217e+05 
2.91974758167431e+01 1.00002720217262e+05 
2.94001081727549e+01 9.99994745825199e+04 
2.96028174869848e+01 9.99962771454331e+04 
2.98055746712193e+01 9.99929567925688e+04 
3.00084175396436e+01 9.99892915455351e+04 
3.02113309117389e+01 9.99854625172879e+04 
3.04143391710080e+01 9.99817611006896e+04 
3.06174347641709e+01 9.99789404788471e+04 
3.08206359225875e+01 9.99768963588922e+04 
3.10238921252226e+01 9.99750634575696e+04 
3.12271617071788e+01 9.99730721739846e+04 
3.14304933723914e+01 9.99711065812622e+04 
3.16338559333766e+01 9.99691388958092e+04 
3.18371697100234e+01 9.99678521453459e+04 
3.20402940171543e+01 9.99678531431007e+04 
3.22432411366959e+01 9.99684648470221e+04 
3.24460329241944e+01 9.99693029575433e+04 
3.26486468730478e+01 9.99704328905603e+04 
3.28510694083674e+01 9.99713858553829e+04 
3.30532799861897e+01 9.99724227140702e+04 
3.32554482102955e+01 9.99746534160978e+04 
3.34575453553804e+01 9.99776737091041e+04 
3.36595641500324e+01 9.99813306108084e+04 
3.38615486883824e+01 9.99857367472331e+04 
3.40634799904239e+01 9.99900529580660e+04 
3.42653996408576e+01 9.99937029851114e+04 
3.44673939566842e+01 9.99976640302379e+04 
3.46694612546547e+01 1.00001953392051e+05 
3.48717036107216e+01 1.00006829160975e+05 
3.50740862371626e+01 1.00012021517055e+05 
3.52766015885758e+01 1.00017005084343e+05 
3.54793183147402e+01 1.00020796933626e+05 
3.56821412870120e+01 1.00023692861001e+05 
3.58851172271814e+01 1.00026235505734e+05 
3.60883109456795e+01 1.00028782747916e+05 
3.62916365042183e+01 1.00031157134718e+05 
3.64950404477902e+01 1.00033240383974e+05 
3.66984690806315e+01 1.00034286771655e+05 
3.69019364923025e+01 1.00033836285409e+05 
3.71054357283456e+01 1.00032679762983e+05 
3.73088956361505e+01 1.00031114539267e+05 
3.75123241222096e+01 1.00029241053839e+05 
3.77157068996436e+01 1.00027481546823e+05 
3.79188884208807e+01 1.00025683157562e+05 
3.81219429731373e+01 1.00022719323346e+05 
3.83249696414713e+01 1.00019096596481e+05 
3.85278282028840e+01 1.00014914700166e+05 
3.87305789313831e+01 1.00010344249058e+05 
3.89332338669238e+01 1.00006105425010e+05 
3.91357862752962e+01 1.00002771406693e+05 
3.93384030966966e+01 9.99992227935840e+04 
3.95410271713939e+01 9.99952852291877e+04 
3.97436993424354e+01 9.99908495919566e+04 
3.99463921856252e+01 9.99862007489057e+04 
4.01491654750551e+01 9.99818342045701e+04 
4.03520289195442e+01 9.99786155388924e+04 
4.05550048910795e+01 9.99762452467353e+04 
4.07580864187294e+01 9.99739167090437e+04 
4.09612286775592e+01 9.99713343256782e+04 
4.11644223380052e+01 9.99686880754341e+04 
4.13676607110112e+01 9.99661052067114e+04 
4.15709452306063e+01 9.99643853585027e+04 
4.17742442700769e+01 9.99641251883673e+04 
4.19775135223546e+01 9.99644355213306e+04 
4.21806564457985e+01 9.99649817074333e+04 
4.23835704544603e+01 9.99657763729441e+04 
4.25863222546333e+01 9.99663461704900e+04 
4.27888279196484e+01 9.99670169642561e+04 
4.29912615982889e+01 9.99690118715142e+04 
4.31935852435500e+01 9.99717336480962e+04 
4.33957815205678e+01 9.99751260738008e+04 
4.35978979487543e+01 9.99791948629396e+04 
4.37999304200929e+01 9.99831165904806e+04 
4.40019076885360e+01 9.99864090185325e+04 
4.42039337320145e+01 9.99902143958480e+04 
4.44060001538986e+01 9.99944924044927e+04 
4.46081858574393e+01 9.99993216293921e+04 
4.48104711684930e+01 1.00004443771107e+05 
4.50128451538969e+01 1.00009317933634e+05 
4.52153736753591e+01 1.00013005268252e+05 
4.54180340147901e+01 1.00015981778069e+05 
4.56208710244056e+01 1.00018806650819e+05 
4.58239099702678e+01 1.00021719749008e+05 
4.60270996589638e+01 1.00024501701692e+05 
4.62304657697298e+01 1.00026954223326e+05 
4.64338688960506e+01 1.00028393683921e+05 
4.66373017077841e+01 1.00028441775374e+05 
4.68407572598015e+01 1.00027945360368e+05 
4.70442546395734e+01 1.00027219263134e+05 
4.72477386480636e+01 1.00026189588424e+05 
4.74511939246332e+01 1.00025251918685e+05 
4.76545330594890e+01 1.00024199997134e+05 
4.78577067285611e+01 1.00021957635091e+05 
4.80608753693268e+01 1.00019132876388e+05 
4.82638354697416e+01 1.00015835032445e+05 
4.84666467540706e+01 1.00012089463407e+05 
4.86693473168333e+01 1.00008640049362e+05 
4.88719019249858e+01 1.00005881760375e+05 
4.90745027720318e+01 1.00002716862749e+05 
4.92770764391171e+01 9.99990979465686e+04 
4.94796476958813e+01 9.99950469210879e+04 
4.96822204167646e+01 9.99906909620371e+04 
4.98848222239144e+01 9.99865367201300e+04 
5.00874761862161e+01 9.99834739301980e+04 
5.02902390157782e+01 9.99810034807662e+04 
5.04931165644340e+01 9.99785604783100e+04 
5.06960805910771e+01 9.99758696552101e+04 
5.08991333423157e+01 9.99730610965761e+04 
5.11022578645217e+01 9.99704197019771e+04 
5.13054423763076e+01 9.99687167572833e+04 
5.15086548546338e+01 9.99683735165145e+04 
5.17119065645690e+01 9.99686198918239e+04 
5.19151950423545e+01 9.99690685016212e+04 
5.21183745006488e+01 9.99697656619998e+04 
5.23214088774139e+01 9.99703797919103e+04 
5.25242324010963e+01 9.99712092302737e+04 
5.27269607076205e+01 9.99732920755336e+04 
5.29295441731976e+01 9.99761717080889e+04 
5.31319496968064e+01 9.99796650855897e+04 
5.33342472842059e+01 9.99837643295512e+04 
5.35364267211515e+01 9.99876537343962e+04 
5.37385040812235e+01 9.99909280963621e+04 
5.39406083094777e+01 9.99947150256473e+04 
5.41427161596012e+01 9.99989893244541e+04 
5.43448835302565e+01 1.00003841849143e+05 
5.45471108975266e+01 1.00008992348757e+05 
5.47493910082137e+01 1.00013827510625e+05 
5.49517879790564e+01 1.00017384567858e+05 
5.51543020530474e+01 1.00020254989744e+05 
5.53569745540088e+01 1.00022931225294e+05 
5.55598668189212e+01 1.00025722468529e+05 
5.57629126136038e+01 1.00028464803084e+05 
5.59661352293277e+01 1.00030891122070e+05 
5.61694921057413e+01 1.00032222107533e+05 
5.63728862466536e+01 1.00032099762228e+05 
5.65762995126502e+01 1.00031328158321e+05 
5.67797565324227e+01 1.00030300989152e+05 
5.69832411929876e+01 1.00029095284290e+05 
5.71867575597213e+01 1.00028055928744e+05 
5.73902142438224e+01 1.00026825918112e+05 
5.75935504013974e+01 1.00024284684378e+05 
5.77968428105782e+01 1.00021095012227e+05 
5.79999523007818e+01 1.00017467288186e+05 
5.82028720166861e+01 1.00013510957680e+05 
5.84056737401209e+01 1.00010009412374e+05 
5.86082924096970e+01 1.00007258264905e+05 
5.88109369357781e+01 1.00004013962656e+05 
5.90135188227780e+01 1.00000269431849e+05 
5.92160540509742e+01 9.99960093133580e+04 
5.94185604009779e+01 9.99914661530100e+04 
5.96210526984744e+01 9.99872485468029e+04 
5.98235501837237e+01 9.99841589750589e+04 
6.00261485722220e+01 9.99816006435099e+04 
6.02288361841210e+01 9.99790146902410e+04 
6.04316638201486e+01 9.99761388650084e+04 
6.06345686020863e+01 9.99730908299396e+04 
6.08375671479841e+01 9.99701437787550e+04 
6.10406211004055e+01 9.99681857786834e+04 
6.12437426280142e+01 9.99675449365706e+04 
6.14469164445446e+01 9.99675140145144e+04 
6.16501210676312e+01 9.99676763108942e+04 
6.18533579475247e+01 9.99679964795797e+04 
6.20566264173889e+01 9.99681103824821e+04 
6.22597817220211e+01 9.99685660102056e+04 
6.24627995534665e+01 9.99704936699695e+04 
6.26656673735378e+01 9.99732230389824e+04 
6.28683131616467e+01 9.99764797619429e+04 
6.30708195650471e+01 9.99801332831190e+04 
6.32731804840720e+01 9.99834888852656e+04 
6.34753919046854e+01 9.99863136406373e+04 
6.36776034541254e+01 9.99898677992313e+04 
6.38797873688976e+01 9.99939571566229e+04 
6.40819738273611e+01 9.99986159008877e+04 
6.42841784067253e+01 1.00003606655272e+05 
6.44863959670241e+01 1.00008257969155e+05 
6.46886801912706e+01 1.00011739671367e+05 
6.48910662140103e+01 1.00014734737764e+05 
6.50935819241049e+01 1.00017696907506e+05 
6.52963226964966e+01 1.00020849139341e+05 
6.54992405740070e+01 1.00024037037640e+05 
6.57023188561443e+01 1.00026898453171e+05 
6.59055500692646e+01 1.00028585134453e+05 
6.61089027901603e+01 1.00028924942106e+05 
6.63122766649993e+01 1.00028690243101e+05 
6.65156872049080e+01 1.00028333902554e+05 
6.67191280630788e+01 1.00027862556762e+05 
6.69226164912726e+01 1.00027534019484e+05 
6.71261325074319e+01 1.00026847679545e+05 
6.73296169036911e+01 1.00024749826291e+05 
6.75330252299440e+01 1.00022016973964e+05 
6.77363198433455e+01 1.00018843495486e+05 
6.79393888572186e+01 1.00015461894377e+05 
6.81423368894994e+01 1.00012542618924e+05 
6.83450708709156e+01 1.00010241877053e+05 
6.85478069710537e+01 1.00007310111289e+05 
6.87504560574697e+01 1.00003820110811e+05 
6.89530120509714e+01 9.99998502711892e+04 
6.91555074049377e+01 9.99956539445236e+04 
6.93579506481004e+01 9.99917730746476e+04 
6.95603538262472e+01 9.99889972400350e+04 
6.97628467070184e+01 9.99865954614046e+04 
6.99654031500043e+01 9.99840320590245e+04 
7.01680675370484e+01 9.99811405494293e+04 
7.03708128597538e+01 9.99780080057686e+04 
7.05736643918905e+01 9.99750029879958e+04 
7.07765856443493e+01 9.99729391274683e+04 
7.09796045256010e+01 9.99720061591138e+04 
7.11826613299295e+01 9.99715065891728e+04 
7.13857897479778e+01 9.99710706421401e+04 
7.15889661007472e+01 9.99706579350311e+04 
7.17921459341708e+01 9.99701511701546e+04 
7.19953726252105e+01 9.99700643890532e+04 
7.21985718027617e+01 9.99713844936338e+04 
7.24016476186381e+01 9.99734366388589e+04 
7.26045430537818e+01 9.99760213503222e+04 
7.28072213299480e+01 9.99789086758505e+04 
7.30097805999067e+01 9.99815336603028e+04 
7.32121446685061e+01 9.99838410627726e+04 
7.34144836407241e+01 9.99870001162439e+04 
7.36167644759561e+01 9.99908025458804e+04 
7.38189887804541e+01 9.99952047931039e+04 
7.40211919750683e+01 9.99999484880272e+04 
7.42233714635407e+01 1.00004419178825e+05 
7.44255673633598e+01 1.00007885445768e+05 
7.46278498585127e+01 1.00011109494267e+05 
7.48302306656735e+01 1.00014465619865e+05 
7.50327937384072e+01 1.00018086841155e+05 
7.52355063125583e+01 1.00021765017466e+05 
7.54383722282391e+01 1.00025126578682e+05 
7.56414216244544e+01 1.00027330749655e+05 
7.58445981321123e+01 1.00028306959472e+05 
7.60479184214261e+01 1.00028880212752e+05 
7.62512929186171e+01 1.00029339239605e+05 
7.64546964242765e+01 1.00029661039655e+05 
7.66581350680706e+01 1.00029960337744e+05 
7.68616010200597e+01 1.00029745866163e+05 
7.70651079936182e+01 1.00028103406342e+05 
7.72686113724331e+01 1.00025805145194e+05 
7.74720611152207e+01 1.00023111697062e+05 
7.76753133911698e+01 1.00020256441440e+05 
7.78784461857672e+01 1.00017828121490e+05 
7.80813340565300e+01 1.00015815685105e+05 
7.82841986758304e+01 1.00012974708308e+05 
7.84869562928645e+01 1.00009543586326e+05 
7.86895714902216e+01 1.00005626096555e+05 
7.88920942905549e+01 1.00001472911610e+05 
7.90945315913393e+01 9.99976988592638e+04 
7.92968840114831e+01 9.99949275662124e+04 
7.94993122078064e+01 9.99923096596702e+04 
7.97017694779022e+01 9.99894052150337e+04 
7.99042936798559e+01 9.99861043618862e+04 
8.01068697501696e+01 9.99825533598610e+04 
8.03095192442820e+01 9.99791942833272e+04 
8.05122783411067e+01 9.99768024356943e+04 
8.07151532943511e+01 9.99754158115485e+04 
8.09180874917751e+01 9.99743339068942e+04 
8.11211009470289e+01 9.99732129999798e+04 
8.13241348982823e+01 9.99720367225111e+04 
8.15272528948804e+01 9.99708109649043e+04 
8.17303892546740e+01 9.99702027955695e+04 
8.19335573112213e+01 9.99710358553214e+04 
8.21368014274263e+01 9.99725126218566e+04 
8.23398733234911e+01 9.99744040392632e+04 
8.25427383975605e+01 9.99765155388388e+04 
8.27454995878572e+01 9.99783545606267e+04 
8.29480798671471e+01 9.99800351598987e+04 
8.31506062535737e+01 9.99827362067829e+04 
8.33530393401760e+01 9.99861096963397e+04 
8.35553612257224e+01 9.99900735003523e+04 
8.37576211955306e+01 9.99944560206860e+04 
8.39598226381276e+01 9.99985763826520e+04 
8.41619894017817e+01 1.00001846066864e+05 
8.43642239682605e+01 1.00005176698512e+05 
8.45665203012387e+01 1.00008789804497e+05 
8.47689483564908e+01 1.00012787912250e+05 
8.49714940232389e+01 1.00016927413924e+05 
8.51741579640687e+01 1.00020733729839e+05 
8.53769978718437e+01 1.00023372130535e+05 
8.55799804902041e+01 1.00024998946574e+05 
8.57831240408108e+01 1.00026341046593e+05 
8.59864536951827e+01 1.00027661502644e+05 
8.61898160798553e+01 1.00028893788253e+05 
8.63932062744392e+01 1.00030001707795e+05 
8.65966229319829e+01 1.00030341263631e+05 
8.68000940443101e+01 1.00029202392779e+05 
8.70035825837327e+01 1.00027487475077e+05 
8.72070843440491e+01 1.00025416253321e+05 
8.74105419344450e+01 1.00023216810686e+05 
8.76138267437083e+01 1.00021358362403e+05 
8.78169205534772e+01 1.00019686790087e+05 
8.80199632675196e+01 1.00016984650392e+05 
8.82228781681249e+01 1.00013679385936e+05 
8.84256106973253e+01 1.00009892236567e+05 
8.86282246424383e+01 1.00005857526733e+05 
8.88307219110573e+01 1.00002238083444e+05 
8.90330924047535e+01 9.99995449043823e+04 
8.92355207597714e+01 9.99967658208603e+04 
8.94379379157647e+01 9.99936241831450e+04 
8.96403799089431e+01 9.99900782617395e+04 
8.98428436218644e+01 9.99862912730594e+04 
9.00453482475632e+01 9.99827332328840e+04 
9.02479204282358e+01 9.99802155946360e+04 
9.04506070166489e+01 9.99785373430682e+04 
9.06534221098573e+01 9.99769817994806e+04 
9.08563074156330e+01 9.99752976019586e+04 
9.10592331034942e+01 9.99735124457783e+04 
9.12622364660194e+01 9.99717290068549e+04 
9.14653252837018e+01 9.99706937773663e+04 
9.16684271913442e+01 9.99710595949603e+04 
9.18715866137494e+01 9.99719992428601e+04 
9.20747842683971e+01 9.99732565801046e+04 
9.22778651165516e+01 9.99746743655948e+04 
9.24808149399466e+01 9.99758630598582e+04 
9.26836400845213e+01 9.99770668534295e+04 
9.28863873614108e+01 9.99794460755476e+04 
9.30890085767134e+01 9.99825014154055e+04 
9.32914663544503e+01 9.99861180013408e+04 
9.34938317764641e+01 9.99901689664467e+04 
9.36961022577806e+01 9.99939346676274e+04 
9.38982898525573e+01 9.99969896140242e+04 
9.41005250280928e+01 1.00000369054469e+05 
9.43027848548941e+01 1.00004177824135e+05 
9.45051224941694e+01 1.00008413682738e+05 
9.47075391235569e+01 1.00012846553433e+05 
9.49100356403763e+01 1.00016979378450e+05 
9.51126679959551e+01 1.00019955140252e+05 
9.53154338342254e+01 1.00022087137289e+05 
9.55183731288411e+01 1.00024078552734e+05 
9.57215113888919e+01 1.00026144992556e+05 
9.59247849047671e+01 1.00028182153679e+05 
9.61281201802749e+01 1.00030017796187e+05 
9.63314994562056e+01 1.00030902682607e+05 
9.65349076935859e+01 1.00030314342068e+05 
9.67383385387505e+01 1.00029181839589e+05 
9.69418207081187e+01 1.00027760249103e+05 
9.71453287818878e+01 1.00026237380610e+05 
9.73487757563585e+01 1.00024954138099e+05 
9.75521003395735e+01 1.00023630547220e+05 
9.77553203876417e+01 1.00021102447539e+05 
9.79584256456356e+01 1.00017984107007e+05 
9.81613154578645e+01 1.00014398638644e+05 
9.83640728139437e+01 1.00010568564911e+05 
9.85666800715794e+01 1.00007203033156e+05 
9.87691229821461e+01 1.00004615654867e+05 
9.89716027992200e+01 1.00001686954078e+05 
9.91740397132955e+01 9.99982783395897e+04 
9.93764536462670e+01 9.99944411048054e+04 
9.95788576239822e+01 9.99903903888000e+04 
9.97812656950711e+01 9.99865916307019e+04 
9.99837025244658e+01 9.99838755502243e+04 
1.00186246746907e+02 9.99818677831222e+04 
