# Liste des scalaires : TEMPS pmat 
0.00000000000000e+00 1.00000000000000e+05 
2.04081632653061e-01 1.00000000000000e+05 
4.08042165141975e-01 1.00000000000000e+05 
6.11832106953319e-01 1.00000000000000e+05 
8.15421737498182e-01 1.00000000000000e+05 
1.01884831470558e+00 1.00000000000000e+05 
1.22207818930831e+00 1.00000000000000e+05 
1.42513098547652e+00 1.00000000000000e+05 
1.62798725493260e+00 1.00000000000000e+05 
1.83053493087979e+00 1.00000000000000e+05 
2.03291905653503e+00 1.00000000000000e+05 
2.23520224592158e+00 1.00000000000000e+05 
2.43733969254296e+00 1.00000000000000e+05 
2.63931827049832e+00 1.00000000000000e+05 
2.84120332396323e+00 1.00000000000000e+05 
3.04297858176904e+00 1.00000000000000e+05 
3.24460591464334e+00 1.00000000000000e+05 
3.44612291562131e+00 1.00000000000000e+05 
3.64760922308227e+00 1.00000000000000e+05 
3.84909249851467e+00 1.00000000000000e+05 
4.05064469773747e+00 1.00000000000000e+05 
4.25222294222906e+00 1.00000000000000e+05 
4.45380035517506e+00 1.00000000000000e+05 
4.65542063364273e+00 1.00000000000000e+05 
4.85715243419261e+00 1.00000000000000e+05 
5.05906045928525e+00 1.00000000000000e+05 
5.26119401899534e+00 1.00000000000000e+05 
5.46347898380931e+00 1.00000000000000e+05 
5.66591894484892e+00 1.00000000000000e+05 
5.86852800362132e+00 1.00000000000000e+05 
6.07136345597011e+00 1.00000000000000e+05 
6.27438265108359e+00 1.00000000000000e+05 
6.47752964045090e+00 1.00000000000000e+05 
6.68089073121200e+00 1.00000000000000e+05 
6.88429870550576e+00 1.00000000000000e+05 
7.08769636443068e+00 1.00000000000000e+05 
7.29110827962174e+00 1.00000000000000e+05 
7.49449373816632e+00 1.00000000000000e+05 
7.69790617884871e+00 1.00000000000000e+05 
7.90135044231191e+00 1.00000000000000e+05 
8.10473659770851e+00 1.00000000000000e+05 
8.30800948139133e+00 1.00000000000000e+05 
8.51115234273433e+00 1.00000000000000e+05 
8.71416193711340e+00 1.00000000000000e+05 
8.91719900347831e+00 1.00000000000000e+05 
9.12020204041872e+00 1.00000000000000e+05 
9.32319297435189e+00 1.00000000000000e+05 
9.52619174127014e+00 1.00000000000000e+05 
9.72921908834018e+00 1.00000000000000e+05 
9.93229912946381e+00 1.00000000000000e+05 
1.01354642235065e+01 1.00000000000000e+05 
1.03387225987006e+01 1.00000000000000e+05 
1.05420932760412e+01 1.00000000000000e+05 
1.07455601602491e+01 1.00000000000000e+05 
1.09490636153785e+01 1.00000000000000e+05 
1.11525952040860e+01 1.00000000000000e+05 
1.13559908728595e+01 1.00000000000000e+05 
1.15591577617810e+01 1.00000000000000e+05 
1.17622381240369e+01 1.00000000000000e+05 
1.19650888349948e+01 1.00000000000000e+05 
1.21677288877747e+01 1.00000000000000e+05 
1.23702013159276e+01 1.00000000000000e+05 
1.25725982340610e+01 1.00000000000000e+05 
1.27748516426287e+01 1.00000000000000e+05 
1.29769249867640e+01 1.00000000000000e+05 
1.31787998828658e+01 1.00000000000000e+05 
1.33806014179065e+01 1.00000000000000e+05 
1.35822734033907e+01 1.00000000000000e+05 
1.37839887339651e+01 1.00000000000000e+05 
1.39857022015949e+01 1.00000000000000e+05 
1.41874661286692e+01 1.00000000000000e+05 
1.43892101845392e+01 1.00000000000000e+05 
1.45910326674531e+01 1.00000000000000e+05 
1.47929375836209e+01 1.00000000000000e+05 
1.49949695660416e+01 1.00000000000000e+05 
1.51971475723012e+01 1.00000000000000e+05 
1.53995487529939e+01 1.00000000000000e+05 
1.56020957788436e+01 1.00000000000000e+05 
1.58048076652820e+01 1.00000000000000e+05 
1.60076888558614e+01 1.00000000000000e+05 
1.62106850728960e+01 1.00000000000000e+05 
1.64138636363558e+01 1.00000000000000e+05 
1.66171481416695e+01 1.00000000000000e+05 
1.68205318926791e+01 1.00000000000000e+05 
1.70239717971818e+01 1.00000000000000e+05 
1.72274242526830e+01 1.00000000000000e+05 
1.74308511498678e+01 1.00000000000000e+05 
1.76342505270569e+01 1.00000000000000e+05 
1.78376212420556e+01 1.00000000000000e+05 
1.80409883913594e+01 1.00000000000000e+05 
1.82443050346869e+01 1.00000000000000e+05 
1.84474327837354e+01 1.00000000000000e+05 
1.86505503053125e+01 1.00000000000000e+05 
1.88535932316970e+01 1.00000000000000e+05 
1.90565608622741e+01 1.00000000000000e+05 
1.92594853707276e+01 1.00000000000000e+05 
1.94623796526000e+01 1.00000000000000e+05 
1.96652593507810e+01 1.00000000000000e+05 
1.98682128225951e+01 1.00000000000000e+05 
2.00712299723808e+01 1.00000000000000e+05 
2.02743632772251e+01 1.00000000000000e+05 
2.04775974201162e+01 1.00000000000000e+05 
2.06808993432005e+01 1.00000000000000e+05 
2.08842816624739e+01 1.00000000000000e+05 
2.10877109245459e+01 1.00000000000000e+05 
2.12911865561413e+01 1.00000000000000e+05 
2.14946542636065e+01 1.00000000000000e+05 
2.16979483115182e+01 1.00000000000000e+05 
2.19009928614698e+01 1.00000000000000e+05 
2.21039017811684e+01 1.00000000000000e+05 
2.23066497283774e+01 1.00000000000000e+05 
2.25092177015210e+01 1.00000000000000e+05 
2.27116581345214e+01 1.00000000000000e+05 
2.29139334651086e+01 1.00000000000000e+05 
2.31160467477100e+01 1.00000000000000e+05 
2.33179868862948e+01 1.00000000000000e+05 
2.35199180822287e+01 1.00000000000000e+05 
2.37218051763256e+01 1.00000000000000e+05 
2.39236768880851e+01 1.00000000000000e+05 
2.41255552893581e+01 1.00000000000000e+05 
2.43274126484990e+01 1.00000000000000e+05 
2.45293056915018e+01 1.00000000000000e+05 
2.47312963943893e+01 1.00000000000000e+05 
2.49333962174227e+01 1.00000000000000e+05 
2.51357213393038e+01 1.00000000000000e+05 
2.53382018572701e+01 1.00000000000000e+05 
2.55408488073704e+01 1.00000000000000e+05 
2.57436471827663e+01 1.00000000000000e+05 
2.59465698142901e+01 1.00000000000000e+05 
2.61496583369765e+01 1.00000000000000e+05 
2.63529142216749e+01 1.00000000000000e+05 
2.65562742668140e+01 1.00000000000000e+05 
2.67596972761635e+01 1.00000000000000e+05 
2.69631506643780e+01 1.00000000000000e+05 
2.71666356359982e+01 1.00000000000000e+05 
2.73700949757860e+01 1.00000000000000e+05 
2.75735042909555e+01 1.00000000000000e+05 
2.77768698215134e+01 1.00000000000000e+05 
2.79801634091441e+01 1.00000000000000e+05 
2.81832311137916e+01 1.00000000000000e+05 
2.83862493691881e+01 1.00000000000000e+05 
2.85892005667304e+01 1.00000000000000e+05 
2.87920289759177e+01 1.00000000000002e+05 
2.89947855911169e+01 1.00000000000023e+05 
2.91974758167431e+01 1.00000000000032e+05 
2.94001081727549e+01 1.00000000003545e+05 
2.96028174869848e+01 1.00000000214117e+05 
2.98055746712193e+01 1.00000000808252e+05 
3.00084175396436e+01 1.00000001622846e+05 
3.02113309117389e+01 1.00000002932200e+05 
3.04143391710080e+01 1.00000005461774e+05 
3.06174347641709e+01 1.00000010716712e+05 
3.08206359225875e+01 1.00000021476942e+05 
3.10238921252226e+01 1.00000041133429e+05 
3.12271617071788e+01 1.00000074574345e+05 
3.14304933723914e+01 1.00000129826403e+05 
3.16338559333766e+01 1.00000226106963e+05 
3.18371697100234e+01 1.00000385848155e+05 
3.20402940171543e+01 1.00000639377561e+05 
3.22432411366959e+01 1.00001004934550e+05 
3.24460329241944e+01 1.00001501739479e+05 
3.26486468730478e+01 1.00002155759989e+05 
3.28510694083674e+01 1.00003013065656e+05 
3.30532799861897e+01 1.00004061420070e+05 
3.32554482102955e+01 1.00005283672222e+05 
3.34575453553804e+01 1.00006658680217e+05 
3.36595641500324e+01 1.00008082549128e+05 
3.38615486883824e+01 1.00009545639981e+05 
3.40634799904239e+01 1.00010950960831e+05 
3.42653996408576e+01 1.00012218802739e+05 
3.44673939566842e+01 1.00013364663347e+05 
3.46694612546547e+01 1.00014547736977e+05 
3.48717036107216e+01 1.00015632056825e+05 
3.50740862371626e+01 1.00016597710915e+05 
3.52766015885758e+01 1.00017268769877e+05 
3.54793183147402e+01 1.00017583753042e+05 
3.56821412870120e+01 1.00017750738692e+05 
3.58851172271814e+01 1.00018044697882e+05 
3.60883109456795e+01 1.00018290854220e+05 
3.62916365042183e+01 1.00018368222150e+05 
3.64950404477902e+01 1.00018033775015e+05 
3.66984690806315e+01 1.00017195766199e+05 
3.69019364923025e+01 1.00016169022078e+05 
3.71054357283456e+01 1.00015210379248e+05 
3.73088956361505e+01 1.00014207154239e+05 
3.75123241222096e+01 1.00013042153026e+05 
3.77157068996436e+01 1.00011518966051e+05 
3.79188884208807e+01 1.00009583211046e+05 
3.81219429731373e+01 1.00007570126288e+05 
3.83249696414713e+01 1.00005607429590e+05 
3.85278282028840e+01 1.00003650561436e+05 
3.87305789313831e+01 1.00001634084936e+05 
3.89332338669238e+01 9.99995204846411e+04 
3.91357862752962e+01 9.99973392567096e+04 
3.93384030966966e+01 9.99952812753730e+04 
3.95410271713939e+01 9.99932393381088e+04 
3.97436993424354e+01 9.99912599028293e+04 
3.99463921856252e+01 9.99893489351370e+04 
4.01491654750551e+01 9.99876500756922e+04 
4.03520289195442e+01 9.99862126723873e+04 
4.05550048910795e+01 9.99850294054820e+04 
4.07580864187294e+01 9.99838633398790e+04 
4.09612286775592e+01 9.99828574718344e+04 
4.11644223380052e+01 9.99820594649487e+04 
4.13676607110112e+01 9.99816923440561e+04 
4.15709452306063e+01 9.99818242177591e+04 
4.17742442700769e+01 9.99821693749875e+04 
4.19775135223546e+01 9.99824870098149e+04 
4.21806564457985e+01 9.99828599986773e+04 
4.23835704544603e+01 9.99835844399955e+04 
4.25863222546333e+01 9.99848301217087e+04 
4.27888279196484e+01 9.99864770453386e+04 
4.29912615982889e+01 9.99881698792398e+04 
4.31935852435500e+01 9.99897672446188e+04 
4.33957815205678e+01 9.99914016642934e+04 
4.35978979487543e+01 9.99932317821386e+04 
4.37999304200929e+01 9.99952954720601e+04 
4.40019076885360e+01 9.99975227181186e+04 
4.42039337320145e+01 9.99995956323121e+04 
4.44060001538986e+01 1.00001544096815e+05 
4.46081858574393e+01 1.00003412363330e+05 
4.48104711684930e+01 1.00005273226275e+05 
4.50128451538969e+01 1.00007031594756e+05 
4.52153736753591e+01 1.00008608320333e+05 
4.54180340147901e+01 1.00009924020516e+05 
4.56208710244056e+01 1.00011203895555e+05 
4.58239099702678e+01 1.00012380065403e+05 
4.60270996589638e+01 1.00013436526507e+05 
4.62304657697298e+01 1.00014136256151e+05 
4.64338688960506e+01 1.00014377160431e+05 
4.66373017077841e+01 1.00014277489476e+05 
4.68407572598015e+01 1.00014111456944e+05 
4.70442546395734e+01 1.00013815919026e+05 
4.72477386480636e+01 1.00013265390806e+05 
4.74511939246332e+01 1.00012276179592e+05 
4.76545330594890e+01 1.00010838859705e+05 
4.78577067285611e+01 1.00009212111144e+05 
4.80608753693268e+01 1.00007530613630e+05 
4.82638354697416e+01 1.00005716145970e+05 
4.84666467540706e+01 1.00003710596585e+05 
4.86693473168333e+01 1.00001451694070e+05 
4.88719019249858e+01 9.99989865035375e+04 
4.90745027720318e+01 9.99965457267850e+04 
4.92770764391171e+01 9.99940857350666e+04 
4.94796476958813e+01 9.99916327435566e+04 
4.96822204167646e+01 9.99891731349427e+04 
4.98848222239144e+01 9.99868314177100e+04 
5.00874761862161e+01 9.99847468586411e+04 
5.02902390157782e+01 9.99829180410549e+04 
5.04931165644340e+01 9.99810470810636e+04 
5.06960805910771e+01 9.99793327890999e+04 
5.08991333423157e+01 9.99778258792779e+04 
5.11022578645217e+01 9.99768070516821e+04 
5.13054423763076e+01 9.99764417726108e+04 
5.15086548546338e+01 9.99764294126031e+04 
5.17119065645690e+01 9.99763537587550e+04 
5.19151950423545e+01 9.99764142341469e+04 
5.21183745006488e+01 9.99767949148204e+04 
5.23214088774139e+01 9.99778042322736e+04 
5.25242324010963e+01 9.99795825796715e+04 
5.27269607076205e+01 9.99815996231458e+04 
5.29295441731976e+01 9.99835365731319e+04 
5.31319496968064e+01 9.99855724692894e+04 
5.33342472842059e+01 9.99877997618267e+04 
5.35364267211515e+01 9.99903897615138e+04 
5.37385040812235e+01 9.99934088504268e+04 
5.39406083094777e+01 9.99964259761678e+04 
5.41427161596012e+01 9.99993904940113e+04 
5.43448835302565e+01 1.00002305891362e+05 
5.45471108975266e+01 1.00005157804327e+05 
5.47493910082137e+01 1.00007908107051e+05 
5.49517879790564e+01 1.00010517597750e+05 
5.51543020530474e+01 1.00012873060708e+05 
5.53569745540088e+01 1.00015257382212e+05 
5.55598668189212e+01 1.00017518013824e+05 
5.57629126136038e+01 1.00019519815638e+05 
5.59661352293277e+01 1.00020979546184e+05 
5.61694921057413e+01 1.00021801222137e+05 
5.63728862466536e+01 1.00022253082411e+05 
5.65762995126502e+01 1.00022754238272e+05 
5.67797565324227e+01 1.00023096295123e+05 
5.69832411929876e+01 1.00023141491745e+05 
5.71867575597213e+01 1.00022529971640e+05 
5.73902142438224e+01 1.00021211616798e+05 
5.75935504013974e+01 1.00019619818776e+05 
5.77968428105782e+01 1.00018089969788e+05 
5.79999523007818e+01 1.00016434310535e+05 
5.82028720166861e+01 1.00014513202192e+05 
5.84056737401209e+01 1.00012151939285e+05 
5.86082924096970e+01 1.00009339117163e+05 
5.88109369357781e+01 1.00006527423251e+05 
5.90135188227780e+01 1.00003758432024e+05 
5.92160540509742e+01 1.00001019542517e+05 
5.94185604009779e+01 9.99981867377208e+04 
5.96210526984744e+01 9.99953004581001e+04 
5.98235501837237e+01 9.99924499405545e+04 
6.00261485722220e+01 9.99898468122069e+04 
6.02288361841210e+01 9.99872200966037e+04 
6.04316638201486e+01 9.99847073440454e+04 
6.06345686020863e+01 9.99823304209869e+04 
6.08375671479841e+01 9.99803350968106e+04 
6.10406211004055e+01 9.99788327873044e+04 
6.12437426280142e+01 9.99777000009902e+04 
6.14469164445446e+01 9.99765092678600e+04 
6.16501210676312e+01 9.99754700701901e+04 
6.18533579475247e+01 9.99747097335065e+04 
6.20566264173889e+01 9.99745923975859e+04 
6.22597817220211e+01 9.99752201511144e+04 
6.24627995534665e+01 9.99762272001914e+04 
6.26656673735378e+01 9.99771838758014e+04 
6.28683131616467e+01 9.99782344955842e+04 
6.30708195650471e+01 9.99795913033832e+04 
6.32731804840720e+01 9.99815346680116e+04 
6.34753919046854e+01 9.99840765927617e+04 
6.36776034541254e+01 9.99867104503189e+04 
6.38797873688976e+01 9.99892790837495e+04 
6.40819738273611e+01 9.99917657064734e+04 
6.42841784067253e+01 9.99943502157318e+04 
6.44863959670241e+01 9.99970694359223e+04 
6.46886801912706e+01 9.99999084828769e+04 
6.48910662140103e+01 1.00002602082823e+05 
6.50935819241049e+01 1.00005354456885e+05 
6.52963226964966e+01 1.00007996666552e+05 
6.54992405740070e+01 1.00010508816576e+05 
6.57023188561443e+01 1.00012714339704e+05 
6.59055500692646e+01 1.00014569982791e+05 
6.61089027901603e+01 1.00016120882381e+05 
6.63122766649993e+01 1.00017749893204e+05 
6.65156872049080e+01 1.00019267568861e+05 
6.67191280630788e+01 1.00020558025268e+05 
6.69226164912726e+01 1.00021247063688e+05 
6.71261325074319e+01 1.00021268818359e+05 
6.73296169036911e+01 1.00020926656736e+05 
6.75330252299440e+01 1.00020647587643e+05 
6.77363198433455e+01 1.00020235827948e+05 
6.79393888572186e+01 1.00019416809515e+05 
6.81423368894994e+01 1.00018028501183e+05 
6.83450708709156e+01 1.00016035941921e+05 
6.85478069710537e+01 1.00013805901538e+05 
6.87504560574697e+01 1.00011556400684e+05 
6.89530120509714e+01 1.00009315125032e+05 
6.91555074049377e+01 1.00006880586832e+05 
6.93579506481004e+01 1.00004164669652e+05 
6.95603538262472e+01 1.00001181466107e+05 
6.97628467070184e+01 9.99982443398300e+04 
6.99654031500043e+01 9.99952443113596e+04 
7.01680675370484e+01 9.99923477165058e+04 
7.03708128597538e+01 9.99895450405757e+04 
7.05736643918905e+01 9.99869830653390e+04 
7.07765856443493e+01 9.99847113452503e+04 
7.09796045256010e+01 9.99827209696993e+04 
7.11826613299295e+01 9.99806317320108e+04 
7.13857897479778e+01 9.99786883580113e+04 
7.15889661007472e+01 9.99770562354552e+04 
7.17921459341708e+01 9.99760785308978e+04 
7.19953726252105e+01 9.99758607665387e+04 
7.21985718027617e+01 9.99760497928673e+04 
7.24016476186381e+01 9.99762272513738e+04 
7.26045430537818e+01 9.99763453406327e+04 
7.28072213299480e+01 9.99769679554842e+04 
7.30097805999067e+01 9.99783663129845e+04 
7.32121446685061e+01 9.99804680207358e+04 
7.34144836407241e+01 9.99828297929251e+04 
7.36167644759561e+01 9.99851665752798e+04 
7.38189887804541e+01 9.99874409398872e+04 
7.40211919750683e+01 9.99898839011418e+04 
7.42233714635407e+01 9.99926256975192e+04 
7.44255673633598e+01 9.99957043000610e+04 
7.46278498585127e+01 9.99987717073394e+04 
7.48302306656735e+01 1.00001884071936e+05 
7.50327937384072e+01 1.00004866004560e+05 
7.52355063125583e+01 1.00007748414279e+05 
7.54383722282391e+01 1.00010425692024e+05 
7.56414216244544e+01 1.00012844567782e+05 
7.58445981321123e+01 1.00015008283675e+05 
7.60479184214261e+01 1.00017287302791e+05 
7.62512929186171e+01 1.00019450342308e+05 
7.64546964242765e+01 1.00021324705972e+05 
7.66581350680706e+01 1.00022555597125e+05 
7.68616010200597e+01 1.00023071530194e+05 
7.70651079936182e+01 1.00023162789015e+05 
7.72686113724331e+01 1.00023290989373e+05 
7.74720611152207e+01 1.00023414117132e+05 
7.76753133911698e+01 1.00023049299298e+05 
7.78784461857672e+01 1.00021956176914e+05 
7.80813340565300e+01 1.00020100344081e+05 
7.82841986758304e+01 1.00017990989989e+05 
7.84869562928645e+01 1.00015900041296e+05 
7.86895714902216e+01 1.00013800642060e+05 
7.88920942905549e+01 1.00011441352191e+05 
7.90945315913393e+01 1.00008655947634e+05 
7.92968840114831e+01 1.00005456994181e+05 
7.94993122078064e+01 1.00002244680754e+05 
7.97017694779022e+01 9.99989864580306e+04 
7.99042936798559e+01 9.99958427852705e+04 
8.01068697501696e+01 9.99927336690391e+04 
8.03095192442820e+01 9.99897252761218e+04 
8.05122783411067e+01 9.99869087029528e+04 
8.07151532943511e+01 9.99843645451636e+04 
8.09180874917751e+01 9.99817439879844e+04 
8.11211009470289e+01 9.99792710989008e+04 
8.13241348982823e+01 9.99770950224056e+04 
8.15272528948804e+01 9.99755519913538e+04 
8.17303892546740e+01 9.99747268070009e+04 
8.19335573112213e+01 9.99743615272046e+04 
8.21368014274263e+01 9.99739315635585e+04 
8.23398733234911e+01 9.99735963119777e+04 
8.25427383975605e+01 9.99737153093958e+04 
8.27454995878572e+01 9.99746323710012e+04 
8.29480798671471e+01 9.99764195074085e+04 
8.31506062535737e+01 9.99785510175725e+04 
8.33530393401760e+01 9.99806553489922e+04 
8.35553612257224e+01 9.99827582842032e+04 
8.37576211955306e+01 9.99851248128627e+04 
8.39598226381276e+01 9.99879463539627e+04 
8.41619894017817e+01 9.99912295609614e+04 
8.43642239682605e+01 9.99945407368444e+04 
8.45665203012387e+01 9.99978743740729e+04 
8.47689483564908e+01 1.00001090693410e+05 
8.49714940232389e+01 1.00004285301337e+05 
8.51741579640687e+01 1.00007385106980e+05 
8.53769978718437e+01 1.00010342538501e+05 
8.55799804902041e+01 1.00013014162456e+05 
8.57831240408108e+01 1.00015772502448e+05 
8.59864536951827e+01 1.00018393891114e+05 
8.61898160798553e+01 1.00020753899656e+05 
8.63932062744392e+01 1.00022532802159e+05 
8.65966229319829e+01 1.00023615451411e+05 
8.68000940443101e+01 1.00024226583034e+05 
8.70035825837327e+01 1.00024888701704e+05 
8.72070843440491e+01 1.00025434791628e+05 
8.74105419344450e+01 1.00025582393153e+05 
8.76138267437083e+01 1.00024989981855e+05 
8.78169205534772e+01 1.00023577737143e+05 
8.80199632675196e+01 1.00021808995581e+05 
8.82228781681249e+01 1.00020055998555e+05 
8.84256106973253e+01 1.00018272552818e+05 
8.86282246424383e+01 1.00016203840187e+05 
8.88307219110573e+01 1.00013628050137e+05 
8.90330924047535e+01 1.00010530872031e+05 
8.92355207597714e+01 1.00007358929211e+05 
8.94379379157647e+01 1.00004147373585e+05 
8.96403799089431e+01 1.00001037125088e+05 
8.98428436218644e+01 9.99979086608902e+04 
9.00453482475632e+01 9.99947975641497e+04 
9.02479204282358e+01 9.99917573226513e+04 
9.04506070166489e+01 9.99889827542423e+04 
9.06534221098573e+01 9.99861238474964e+04 
9.08563074156330e+01 9.99833948018069e+04 
9.10592331034942e+01 9.99809409838422e+04 
9.12622364660194e+01 9.99790168725890e+04 
9.14653252837018e+01 9.99777332613074e+04 
9.16684271913442e+01 9.99769192497708e+04 
9.18715866137494e+01 9.99760634684784e+04 
9.20747842683971e+01 9.99753423232372e+04 
9.22778651165516e+01 9.99750082967574e+04 
9.24808149399466e+01 9.99754664530355e+04 
9.26836400845213e+01 9.99767629217024e+04 
9.28863873614108e+01 9.99784548511594e+04 
9.30890085767134e+01 9.99801197945731e+04 
9.32914663544503e+01 9.99818155511138e+04 
9.34938317764641e+01 9.99837849168124e+04 
9.36961022577806e+01 9.99862463504858e+04 
9.38982898525573e+01 9.99892345956694e+04 
9.41005250280928e+01 9.99923174888734e+04 
9.43027848548941e+01 9.99954252976935e+04 
9.45051224941694e+01 9.99984209750004e+04 
9.47075391235569e+01 1.00001437475969e+05 
9.49100356403763e+01 1.00004447748443e+05 
9.51126679959551e+01 1.00007404768145e+05 
9.53154338342254e+01 1.00010136907355e+05 
9.55183731288411e+01 1.00012965203770e+05 
9.57215113888919e+01 1.00015685848650e+05 
9.59247849047671e+01 1.00018177252761e+05 
9.61281201802749e+01 1.00020164282853e+05 
9.63314994562056e+01 1.00021534685782e+05 
9.65349076935859e+01 1.00022450594921e+05 
9.67383385387505e+01 1.00023413942771e+05 
9.69418207081187e+01 1.00024260524749e+05 
9.71453287818878e+01 1.00024762813161e+05 
9.73487757563585e+01 1.00024548530523e+05 
9.75521003395735e+01 1.00023564137464e+05 
9.77553203876417e+01 1.00022211653092e+05 
9.79584256456356e+01 1.00020883372368e+05 
9.81613154578645e+01 1.00019505253263e+05 
9.83640728139437e+01 1.00017814524504e+05 
9.85666800715794e+01 1.00015552297981e+05 
9.87691229821461e+01 1.00012690844632e+05 
9.89716027992200e+01 1.00009677887552e+05 
9.91740397132955e+01 1.00006626561883e+05 
9.93764536462670e+01 1.00003662253715e+05 
9.95788576239822e+01 1.00000629887732e+05 
9.97812656950711e+01 9.99975170927596e+04 
9.99837025244658e+01 9.99943619919371e+04 
1.00186246746907e+02 9.99914106906906e+04 
