# Liste des scalaires : TEMPS pmat 
0.00000000000000e+00 1.00000000000000e+05 
2.04081632653061e-01 1.00000000000000e+05 
4.08042165141975e-01 1.00000000000000e+05 
6.11832106953319e-01 1.00000000000000e+05 
8.15421737498182e-01 1.00000000000000e+05 
1.01884831470558e+00 1.00000000000000e+05 
1.22207818930831e+00 1.00000000000000e+05 
1.42513098547652e+00 1.00000000000000e+05 
1.62798725493260e+00 1.00000000000000e+05 
1.83053493087979e+00 1.00000000000000e+05 
2.03291905653503e+00 1.00000000000000e+05 
2.23520224592158e+00 1.00000000000000e+05 
2.43733969254296e+00 1.00000000000000e+05 
2.63931827049832e+00 1.00000000000000e+05 
2.84120332396323e+00 1.00000000000000e+05 
3.04297858176904e+00 1.00000000000000e+05 
3.24460591464334e+00 1.00000000000000e+05 
3.44612291562131e+00 1.00000000000000e+05 
3.64760922308227e+00 1.00000000000000e+05 
3.84909249851467e+00 1.00000000000000e+05 
4.05064469773747e+00 1.00000000000000e+05 
4.25222294222906e+00 1.00000000000000e+05 
4.45380035517506e+00 1.00000000000000e+05 
4.65542063364273e+00 1.00000000000000e+05 
4.85715243419261e+00 1.00000000000000e+05 
5.05906045928525e+00 1.00000000000000e+05 
5.26119401899534e+00 1.00000000000000e+05 
5.46347898380931e+00 1.00000000000000e+05 
5.66591894484892e+00 1.00000000000000e+05 
5.86852800362132e+00 1.00000000000000e+05 
6.07136345597011e+00 1.00000000000000e+05 
6.27438265108359e+00 1.00000000000000e+05 
6.47752964045090e+00 1.00000000000000e+05 
6.68089073121200e+00 1.00000000000000e+05 
6.88429870550576e+00 1.00000000000000e+05 
7.08769636443068e+00 1.00000000000000e+05 
7.29110827962174e+00 1.00000000000000e+05 
7.49449373816632e+00 1.00000000000000e+05 
7.69790617884871e+00 1.00000000000000e+05 
7.90135044231191e+00 1.00000000000000e+05 
8.10473659770851e+00 1.00000000000000e+05 
8.30800948139133e+00 1.00000000000000e+05 
8.51115234273433e+00 1.00000000000000e+05 
8.71416193711340e+00 1.00000000000000e+05 
8.91719900347831e+00 1.00000000000000e+05 
9.12020204041872e+00 1.00000000000000e+05 
9.32319297435189e+00 1.00000000000000e+05 
9.52619174127014e+00 1.00000000000000e+05 
9.72921908834018e+00 1.00000000000000e+05 
9.93229912946381e+00 1.00000000000000e+05 
1.01354642235065e+01 1.00000000000000e+05 
1.03387225987006e+01 1.00000000000000e+05 
1.05420932760412e+01 1.00000000000000e+05 
1.07455601602491e+01 1.00000000000000e+05 
1.09490636153785e+01 1.00000000000000e+05 
1.11525952040860e+01 1.00000000000000e+05 
1.13559908728595e+01 1.00000000000000e+05 
1.15591577617810e+01 1.00000000000000e+05 
1.17622381240369e+01 1.00000000000000e+05 
1.19650888349948e+01 1.00000000000000e+05 
1.21677288877747e+01 1.00000000000000e+05 
1.23702013159276e+01 1.00000000000000e+05 
1.25725982340610e+01 1.00000000000000e+05 
1.27748516426287e+01 1.00000000000000e+05 
1.29769249867640e+01 1.00000000000000e+05 
1.31787998828658e+01 1.00000000000000e+05 
1.33806014179065e+01 1.00000000000000e+05 
1.35822734033907e+01 1.00000000000000e+05 
1.37839887339651e+01 1.00000000000000e+05 
1.39857022015949e+01 1.00000000000000e+05 
1.41874661286692e+01 1.00000000000000e+05 
1.43892101845392e+01 1.00000000000000e+05 
1.45910326674531e+01 1.00000000000000e+05 
1.47929375836209e+01 1.00000000000000e+05 
1.49949695660416e+01 1.00000000000000e+05 
1.51971475723012e+01 1.00000000000000e+05 
1.53995487529939e+01 1.00000000000000e+05 
1.56020957788436e+01 1.00000000000000e+05 
1.58048076652820e+01 1.00000000000000e+05 
1.60076888558614e+01 1.00000000000000e+05 
1.62106850728960e+01 1.00000000000000e+05 
1.64138636363558e+01 1.00000000000000e+05 
1.66171481416695e+01 1.00000000000000e+05 
1.68205318926791e+01 1.00000000000000e+05 
1.70239717971818e+01 1.00000000000000e+05 
1.72274242526830e+01 1.00000000000000e+05 
1.74308511498678e+01 1.00000000000000e+05 
1.76342505270569e+01 1.00000000000000e+05 
1.78376212420556e+01 1.00000000000000e+05 
1.80409883913594e+01 1.00000000000000e+05 
1.82443050346869e+01 1.00000000000000e+05 
1.84474327837354e+01 1.00000000000000e+05 
1.86505503053125e+01 1.00000000000000e+05 
1.88535932316970e+01 1.00000000000000e+05 
1.90565608622741e+01 1.00000000000000e+05 
1.92594853707276e+01 1.00000000000000e+05 
1.94623796526000e+01 1.00000000000000e+05 
1.96652593507810e+01 1.00000000000000e+05 
1.98682128225951e+01 1.00000000000000e+05 
2.00712299723808e+01 1.00000000000000e+05 
2.02743632772251e+01 1.00000000000000e+05 
2.04775974201162e+01 1.00000000000000e+05 
2.06808993432005e+01 1.00000000000000e+05 
2.08842816624739e+01 1.00000000000000e+05 
2.10877109245459e+01 1.00000000000000e+05 
2.12911865561413e+01 1.00000000000000e+05 
2.14946542636065e+01 1.00000000000000e+05 
2.16979483115182e+01 1.00000000000000e+05 
2.19009928614698e+01 1.00000000000000e+05 
2.21039017811684e+01 1.00000000000000e+05 
2.23066497283774e+01 1.00000000000000e+05 
2.25092177015210e+01 1.00000000000000e+05 
2.27116581345214e+01 1.00000000000000e+05 
2.29139334651086e+01 1.00000000000000e+05 
2.31160467477100e+01 1.00000000000000e+05 
2.33179868862948e+01 1.00000000000000e+05 
2.35199180822287e+01 1.00000000000000e+05 
2.37218051763256e+01 1.00000000000000e+05 
2.39236768880851e+01 1.00000000000000e+05 
2.41255552893581e+01 1.00000000000000e+05 
2.43274126484990e+01 1.00000000000000e+05 
2.45293056915018e+01 1.00000000000000e+05 
2.47312963943893e+01 1.00000000000000e+05 
2.49333962174227e+01 1.00000000000000e+05 
2.51357213393038e+01 1.00000000000000e+05 
2.53382018572701e+01 1.00000000000000e+05 
2.55408488073704e+01 1.00000000000000e+05 
2.57436471827663e+01 1.00000000000000e+05 
2.59465698142901e+01 1.00000000000000e+05 
2.61496583369765e+01 1.00000000000000e+05 
2.63529142216749e+01 1.00000000000000e+05 
2.65562742668140e+01 1.00000000000000e+05 
2.67596972761635e+01 1.00000000000000e+05 
2.69631506643780e+01 1.00000000000000e+05 
2.71666356359982e+01 1.00000000000000e+05 
2.73700949757860e+01 1.00000000000000e+05 
2.75735042909555e+01 1.00000000000000e+05 
2.77768698215134e+01 1.00000000000000e+05 
2.79801634091441e+01 1.00000000000000e+05 
2.81832311137916e+01 1.00000000000000e+05 
2.83862493691881e+01 1.00000000000000e+05 
2.85892005667304e+01 1.00000000000000e+05 
2.87920289759177e+01 1.00000000000000e+05 
2.89947855911169e+01 1.00000000000000e+05 
2.91974758167431e+01 1.00000000000000e+05 
2.94001081727549e+01 1.00000000000000e+05 
2.96028174869848e+01 1.00000000000000e+05 
2.98055746712193e+01 1.00000000000000e+05 
3.00084175396436e+01 1.00000000000000e+05 
3.02113309117389e+01 1.00000000000000e+05 
3.04143391710080e+01 1.00000000000000e+05 
3.06174347641709e+01 1.00000000000000e+05 
3.08206359225875e+01 1.00000000000000e+05 
3.10238921252226e+01 1.00000000000000e+05 
3.12271617071788e+01 1.00000000000000e+05 
3.14304933723914e+01 1.00000000000000e+05 
3.16338559333766e+01 1.00000000000000e+05 
3.18371697100234e+01 1.00000000000000e+05 
3.20402940171543e+01 1.00000000000000e+05 
3.22432411366959e+01 1.00000000000000e+05 
3.24460329241944e+01 1.00000000000000e+05 
3.26486468730478e+01 1.00000000000000e+05 
3.28510694083674e+01 1.00000000000000e+05 
3.30532799861897e+01 1.00000000000000e+05 
3.32554482102955e+01 1.00000000000000e+05 
3.34575453553804e+01 1.00000000000000e+05 
3.36595641500324e+01 1.00000000000000e+05 
3.38615486883824e+01 1.00000000000000e+05 
3.40634799904239e+01 1.00000000000000e+05 
3.42653996408576e+01 1.00000000000000e+05 
3.44673939566842e+01 1.00000000000000e+05 
3.46694612546547e+01 1.00000000000000e+05 
3.48717036107216e+01 1.00000000000000e+05 
3.50740862371626e+01 1.00000000000000e+05 
3.52766015885758e+01 1.00000000000000e+05 
3.54793183147402e+01 1.00000000000000e+05 
3.56821412870120e+01 1.00000000000000e+05 
3.58851172271814e+01 1.00000000000000e+05 
3.60883109456795e+01 1.00000000000000e+05 
3.62916365042183e+01 1.00000000000000e+05 
3.64950404477902e+01 1.00000000000000e+05 
3.66984690806315e+01 1.00000000000000e+05 
3.69019364923025e+01 1.00000000000000e+05 
3.71054357283456e+01 1.00000000000000e+05 
3.73088956361505e+01 1.00000000000000e+05 
3.75123241222096e+01 1.00000000000000e+05 
3.77157068996436e+01 1.00000000000000e+05 
3.79188884208807e+01 1.00000000000000e+05 
3.81219429731373e+01 1.00000000000000e+05 
3.83249696414713e+01 1.00000000000000e+05 
3.85278282028840e+01 1.00000000000000e+05 
3.87305789313831e+01 1.00000000000000e+05 
3.89332338669238e+01 1.00000000000000e+05 
3.91357862752962e+01 1.00000000000000e+05 
3.93384030966966e+01 1.00000000000000e+05 
3.95410271713939e+01 1.00000000000000e+05 
3.97436993424354e+01 1.00000000000000e+05 
3.99463921856252e+01 1.00000000000000e+05 
4.01491654750551e+01 1.00000000000000e+05 
4.03520289195442e+01 1.00000000000000e+05 
4.05550048910795e+01 1.00000000000000e+05 
4.07580864187294e+01 1.00000000000000e+05 
4.09612286775592e+01 1.00000000000000e+05 
4.11644223380052e+01 1.00000000000000e+05 
4.13676607110112e+01 1.00000000000000e+05 
4.15709452306063e+01 1.00000000000000e+05 
4.17742442700769e+01 1.00000000000000e+05 
4.19775135223546e+01 1.00000000000000e+05 
4.21806564457985e+01 1.00000000000000e+05 
4.23835704544603e+01 1.00000000000000e+05 
4.25863222546333e+01 1.00000000000000e+05 
4.27888279196484e+01 1.00000000000000e+05 
4.29912615982889e+01 1.00000000000000e+05 
4.31935852435500e+01 1.00000000000000e+05 
4.33957815205678e+01 1.00000000000000e+05 
4.35978979487543e+01 1.00000000000000e+05 
4.37999304200929e+01 1.00000000000000e+05 
4.40019076885360e+01 1.00000000000000e+05 
4.42039337320145e+01 1.00000000000000e+05 
4.44060001538986e+01 1.00000000000000e+05 
4.46081858574393e+01 1.00000000000000e+05 
4.48104711684930e+01 1.00000000000000e+05 
4.50128451538969e+01 1.00000000000000e+05 
4.52153736753591e+01 1.00000000000000e+05 
4.54180340147901e+01 1.00000000000000e+05 
4.56208710244056e+01 1.00000000000000e+05 
4.58239099702678e+01 1.00000000000000e+05 
4.60270996589638e+01 1.00000000000000e+05 
4.62304657697298e+01 1.00000000000000e+05 
4.64338688960506e+01 1.00000000000000e+05 
4.66373017077841e+01 1.00000000000000e+05 
4.68407572598015e+01 1.00000000000000e+05 
4.70442546395734e+01 1.00000000000000e+05 
4.72477386480636e+01 1.00000000000000e+05 
4.74511939246332e+01 1.00000000000000e+05 
4.76545330594890e+01 1.00000000000000e+05 
4.78577067285611e+01 1.00000000000000e+05 
4.80608753693268e+01 1.00000000000000e+05 
4.82638354697416e+01 1.00000000000000e+05 
4.84666467540706e+01 1.00000000000000e+05 
4.86693473168333e+01 1.00000000000000e+05 
4.88719019249858e+01 1.00000000000000e+05 
4.90745027720318e+01 1.00000000000000e+05 
4.92770764391171e+01 1.00000000000000e+05 
4.94796476958813e+01 1.00000000000000e+05 
4.96822204167646e+01 1.00000000000000e+05 
4.98848222239144e+01 1.00000000000000e+05 
5.00874761862161e+01 1.00000000000000e+05 
5.02902390157782e+01 1.00000000000000e+05 
5.04931165644340e+01 1.00000000000000e+05 
5.06960805910771e+01 1.00000000000000e+05 
5.08991333423157e+01 1.00000000000000e+05 
5.11022578645217e+01 1.00000000000000e+05 
5.13054423763076e+01 1.00000000000000e+05 
5.15086548546338e+01 1.00000000000000e+05 
5.17119065645690e+01 1.00000000000000e+05 
5.19151950423545e+01 1.00000000000000e+05 
5.21183745006488e+01 1.00000000000000e+05 
5.23214088774139e+01 1.00000000000000e+05 
5.25242324010963e+01 1.00000000000000e+05 
5.27269607076205e+01 1.00000000000000e+05 
5.29295441731976e+01 1.00000000000000e+05 
5.31319496968064e+01 1.00000000000000e+05 
5.33342472842059e+01 1.00000000000000e+05 
5.35364267211515e+01 1.00000000000000e+05 
5.37385040812235e+01 1.00000000000000e+05 
5.39406083094777e+01 1.00000000000000e+05 
5.41427161596012e+01 1.00000000000000e+05 
5.43448835302565e+01 1.00000000000000e+05 
5.45471108975266e+01 1.00000000000000e+05 
5.47493910082137e+01 1.00000000000000e+05 
5.49517879790564e+01 1.00000000000000e+05 
5.51543020530474e+01 1.00000000000004e+05 
5.53569745540088e+01 1.00000000000013e+05 
5.55598668189212e+01 1.00000000000028e+05 
5.57629126136038e+01 1.00000000000062e+05 
5.59661352293277e+01 1.00000000147396e+05 
5.61694921057413e+01 1.00000000659211e+05 
5.63728862466536e+01 1.00000001136275e+05 
5.65762995126502e+01 1.00000001959410e+05 
5.67797565324227e+01 1.00000003324335e+05 
5.69832411929876e+01 1.00000005295014e+05 
5.71867575597213e+01 1.00000008890964e+05 
5.73902142438224e+01 1.00000014967928e+05 
5.75935504013974e+01 1.00000024727724e+05 
5.77968428105782e+01 1.00000040535012e+05 
5.79999523007818e+01 1.00000066162507e+05 
5.82028720166861e+01 1.00000103536426e+05 
5.84056737401209e+01 1.00000160609012e+05 
5.86082924096970e+01 1.00000247210059e+05 
5.88109369357781e+01 1.00000366584856e+05 
5.90135188227780e+01 1.00000537348340e+05 
5.92160540509742e+01 1.00000778493704e+05 
5.94185604009779e+01 1.00001085582437e+05 
5.96210526984744e+01 1.00001496433431e+05 
5.98235501837237e+01 1.00002034327407e+05 
6.00261485722220e+01 1.00002650416615e+05 
6.02288361841210e+01 1.00003401879204e+05 
6.04316638201486e+01 1.00004283120207e+05 
6.06345686020863e+01 1.00005203708513e+05 
6.08375671479841e+01 1.00006234657019e+05 
6.10406211004055e+01 1.00007356745150e+05 
6.12437426280142e+01 1.00008311913253e+05 
6.14469164445446e+01 1.00009237898756e+05 
6.16501210676312e+01 1.00010094326796e+05 
6.18533579475247e+01 1.00010722686029e+05 
6.20566264173889e+01 1.00011230950246e+05 
6.22597817220211e+01 1.00011683879312e+05 
6.24627995534665e+01 1.00011744595688e+05 
6.26656673735378e+01 1.00011595070203e+05 
6.28683131616467e+01 1.00011367687692e+05 
6.30708195650471e+01 1.00010904282944e+05 
6.32731804840720e+01 1.00010259411368e+05 
6.34753919046854e+01 1.00009633329935e+05 
6.36776034541254e+01 1.00008758018944e+05 
6.38797873688976e+01 1.00007631960825e+05 
6.40819738273611e+01 1.00006556159336e+05 
6.42841784067253e+01 1.00005375909020e+05 
6.44863959670241e+01 1.00004061221181e+05 
6.46886801912706e+01 1.00002877140208e+05 
6.48910662140103e+01 1.00001675291985e+05 
6.50935819241049e+01 1.00000276727515e+05 
6.52963226964966e+01 9.99989767225674e+04 
6.54992405740070e+01 9.99977321948847e+04 
6.57023188561443e+01 9.99964633952429e+04 
6.59055500692646e+01 9.99953259689168e+04 
6.61089027901603e+01 9.99943836379286e+04 
6.63122766649993e+01 9.99933427235074e+04 
6.65156872049080e+01 9.99923488998009e+04 
6.67191280630788e+01 9.99915022073052e+04 
6.69226164912726e+01 9.99907225874392e+04 
6.71261325074319e+01 9.99899976849400e+04 
6.73296169036911e+01 9.99895902204495e+04 
6.75330252299440e+01 9.99892265745136e+04 
6.77363198433455e+01 9.99888661630968e+04 
6.79393888572186e+01 9.99887026726983e+04 
6.81423368894994e+01 9.99886547576012e+04 
6.83450708709156e+01 9.99885827361432e+04 
6.85478069710537e+01 9.99888226905718e+04 
6.87504560574697e+01 9.99892916027897e+04 
6.89530120509714e+01 9.99897649833736e+04 
6.91555074049377e+01 9.99904090623489e+04 
6.93579506481004e+01 9.99911844504344e+04 
6.95603538262472e+01 9.99918585537948e+04 
6.97628467070184e+01 9.99927197636371e+04 
6.99654031500043e+01 9.99938663077602e+04 
7.01680675370484e+01 9.99949925487118e+04 
7.03708128597538e+01 9.99961974454930e+04 
7.05736643918905e+01 9.99974865030589e+04 
7.07765856443493e+01 9.99985860328076e+04 
7.09796045256010e+01 9.99996269783320e+04 
7.11826613299295e+01 1.00000853006449e+05 
7.13857897479778e+01 1.00002014767808e+05 
7.15889661007472e+01 1.00003106978285e+05 
7.17921459341708e+01 1.00004157765052e+05 
7.19953726252105e+01 1.00005002310423e+05 
7.21985718027617e+01 1.00005583334651e+05 
7.24016476186381e+01 1.00006173371691e+05 
7.26045430537818e+01 1.00006702946053e+05 
7.28072213299480e+01 1.00007078819258e+05 
7.30097805999067e+01 1.00007335021121e+05 
7.32121446685061e+01 1.00007475454069e+05 
7.34144836407241e+01 1.00007332925837e+05 
7.36167644759561e+01 1.00007067777794e+05 
7.38189887804541e+01 1.00006782692863e+05 
7.40211919750683e+01 1.00006372901846e+05 
7.42233714635407e+01 1.00005838990729e+05 
7.44255673633598e+01 1.00005330879224e+05 
7.46278498585127e+01 1.00004658434837e+05 
7.48302306656735e+01 1.00003780431387e+05 
7.50327937384072e+01 1.00002920640229e+05 
7.52355063125583e+01 1.00002015055123e+05 
7.54383722282391e+01 1.00001030795935e+05 
7.56414216244544e+01 1.00000153985721e+05 
7.58445981321123e+01 9.99993094635745e+04 
7.60479184214261e+01 9.99983008837305e+04 
7.62512929186171e+01 9.99973054230920e+04 
7.64546964242765e+01 9.99963543808574e+04 
7.66581350680706e+01 9.99954203420150e+04 
7.68616010200597e+01 9.99946246340321e+04 
7.70651079936182e+01 9.99940708112625e+04 
7.72686113724331e+01 9.99935218076819e+04 
7.74720611152207e+01 9.99930207263463e+04 
7.76753133911698e+01 9.99926928111480e+04 
7.78784461857672e+01 9.99925132275511e+04 
7.80813340565300e+01 9.99924865077527e+04 
7.82841986758304e+01 9.99928253457186e+04 
7.84869562928645e+01 9.99933592558076e+04 
7.86895714902216e+01 9.99939410233961e+04 
7.88920942905549e+01 9.99946868932888e+04 
7.90945315913393e+01 9.99955896060794e+04 
7.92968840114831e+01 9.99964481563834e+04 
7.94993122078064e+01 9.99974528690342e+04 
7.97017694779022e+01 9.99986220666026e+04 
7.99042936798559e+01 9.99996691995758e+04 
8.01068697501696e+01 1.00000677553826e+05 
8.03095192442820e+01 1.00001691602241e+05 
8.05122783411067e+01 1.00002504620341e+05 
8.07151532943511e+01 1.00003194212402e+05 
8.09180874917751e+01 1.00004029760943e+05 
8.11211009470289e+01 1.00004825114003e+05 
8.13241348982823e+01 1.00005559225603e+05 
8.15272528948804e+01 1.00006284726003e+05 
8.17303892546740e+01 1.00006924607569e+05 
8.19335573112213e+01 1.00007319259331e+05 
8.21368014274263e+01 1.00007727525257e+05 
8.23398733234911e+01 1.00008147949369e+05 
8.25427383975605e+01 1.00008368482497e+05 
8.27454995878572e+01 1.00008430452385e+05 
8.29480798671471e+01 1.00008423825356e+05 
8.31506062535737e+01 1.00008091976774e+05 
8.33530393401760e+01 1.00007589208720e+05 
8.35553612257224e+01 1.00007119152216e+05 
8.37576211955306e+01 1.00006473254973e+05 
8.39598226381276e+01 1.00005657918700e+05 
8.41619894017817e+01 1.00004894528359e+05 
8.43642239682605e+01 1.00003942635535e+05 
8.45665203012387e+01 1.00002736827303e+05 
8.47689483564908e+01 1.00001576884660e+05 
8.49714940232389e+01 1.00000366739918e+05 
8.51741579640687e+01 9.99990926613313e+04 
8.53769978718437e+01 9.99979922551313e+04 
8.55799804902041e+01 9.99970085196410e+04 
8.57831240408108e+01 9.99958617436024e+04 
8.59864536951827e+01 9.99947680503099e+04 
8.61898160798553e+01 9.99937452306887e+04 
8.63932062744392e+01 9.99927400434811e+04 
8.65966229319829e+01 9.99918488343769e+04 
8.68000940443101e+01 9.99912378292062e+04 
8.70035825837327e+01 9.99905978899862e+04 
8.72070843440491e+01 9.99899645444366e+04 
8.74105419344450e+01 9.99895379145605e+04 
8.76138267437083e+01 9.99892742683130e+04 
8.78169205534772e+01 9.99890934942171e+04 
8.80199632675196e+01 9.99893301183014e+04 
8.82228781681249e+01 9.99896962653211e+04 
8.84256106973253e+01 9.99900195720663e+04 
8.86282246424383e+01 9.99905322206843e+04 
8.88307219110573e+01 9.99912117306482e+04 
8.90330924047535e+01 9.99918085825738e+04 
8.92355207597714e+01 9.99926643211960e+04 
8.94379379157647e+01 9.99938183633646e+04 
8.96403799089431e+01 9.99948978119206e+04 
8.98428436218644e+01 9.99960692299916e+04 
9.00453482475632e+01 9.99973095291668e+04 
9.02479204282358e+01 9.99983532371445e+04 
9.04506070166489e+01 9.99993632393985e+04 
9.06534221098573e+01 1.00000600387137e+05 
9.08563074156330e+01 1.00001770124420e+05 
9.10592331034942e+01 1.00002897614153e+05 
9.12622364660194e+01 1.00003997726901e+05 
9.14653252837018e+01 1.00004863778617e+05 
9.16684271913442e+01 1.00005424631546e+05 
9.18715866137494e+01 1.00006032805616e+05 
9.20747842683971e+01 1.00006596521846e+05 
9.22778651165516e+01 1.00006990064711e+05 
9.24808149399466e+01 1.00007265577521e+05 
9.26836400845213e+01 1.00007426308702e+05 
9.28863873614108e+01 1.00007203491232e+05 
9.30890085767134e+01 1.00006926736563e+05 
9.32914663544503e+01 1.00006665020510e+05 
9.34938317764641e+01 1.00006260968145e+05 
9.36961022577806e+01 1.00005719185553e+05 
9.38982898525573e+01 1.00005229642147e+05 
9.41005250280928e+01 1.00004530430330e+05 
9.43027848548941e+01 1.00003589104260e+05 
9.45051224941694e+01 1.00002716953997e+05 
9.47075391235569e+01 1.00001782372453e+05 
9.49100356403763e+01 1.00000789907738e+05 
9.51126679959551e+01 9.99999701929359e+04 
9.53154338342254e+01 9.99991638153234e+04 
9.55183731288411e+01 9.99981343951308e+04 
9.57215113888919e+01 9.99971481069780e+04 
9.59247849047671e+01 9.99961978063916e+04 
9.61281201802749e+01 9.99952723414147e+04 
9.63314994562056e+01 9.99945419387362e+04 
9.65349076935859e+01 9.99940584582784e+04 
9.67383385387505e+01 9.99934917090329e+04 
9.69418207081187e+01 9.99929206995797e+04 
9.71453287818878e+01 9.99924851844226e+04 
9.73487757563585e+01 9.99921560464961e+04 
9.75521003395735e+01 9.99919364787658e+04 
9.77553203876417e+01 9.99920805028883e+04 
9.79584256456356e+01 9.99923167394151e+04 
9.81613154578645e+01 9.99924970043073e+04 
9.83640728139437e+01 9.99928084875632e+04 
9.85666800715794e+01 9.99932420457063e+04 
9.87691229821461e+01 9.99936252925072e+04 
9.89716027992200e+01 9.99942725069909e+04 
9.91740397132955e+01 9.99951773614354e+04 
9.93764536462670e+01 9.99960039799211e+04 
9.95788576239822e+01 9.99969056143255e+04 
9.97812656950711e+01 9.99978694588837e+04 
9.99837025244658e+01 9.99986613349049e+04 
1.00186246746907e+02 9.99994941507156e+04 
