# Liste des scalaires : TEMPS pmat 
0.00000000000000e+00 1.00000000000000e+05 
2.04081632653061e-01 1.00000000000000e+05 
4.08042165141975e-01 1.00000000000000e+05 
6.11832106953319e-01 1.00000000000000e+05 
8.15421737498182e-01 1.00000000000000e+05 
1.01884831470558e+00 1.00000000000000e+05 
1.22207818930831e+00 1.00000000000000e+05 
1.42513098547652e+00 1.00000000000000e+05 
1.62798725493260e+00 1.00000000000000e+05 
1.83053493087979e+00 1.00000000000000e+05 
2.03291905653503e+00 1.00000000000000e+05 
2.23520224592158e+00 1.00000000000000e+05 
2.43733969254296e+00 1.00000000000000e+05 
2.63931827049832e+00 1.00000000000000e+05 
2.84120332396323e+00 1.00000000000000e+05 
3.04297858176904e+00 1.00000000000000e+05 
3.24460591464334e+00 1.00000000000000e+05 
3.44612291562131e+00 1.00000000000000e+05 
3.64760922308227e+00 1.00000000000000e+05 
3.84909249851467e+00 1.00000000000000e+05 
4.05064469773747e+00 1.00000000000000e+05 
4.25222294222906e+00 1.00000000000000e+05 
4.45380035517506e+00 1.00000000000000e+05 
4.65542063364273e+00 1.00000000000000e+05 
4.85715243419261e+00 1.00000000000000e+05 
5.05906045928525e+00 1.00000000000000e+05 
5.26119401899534e+00 1.00000000000000e+05 
5.46347898380931e+00 1.00000000000000e+05 
5.66591894484892e+00 1.00000000000000e+05 
5.86852800362132e+00 1.00000000000000e+05 
6.07136345597011e+00 1.00000000000000e+05 
6.27438265108359e+00 1.00000000000000e+05 
6.47752964045090e+00 1.00000000000000e+05 
6.68089073121200e+00 1.00000000000000e+05 
6.88429870550576e+00 1.00000000000000e+05 
7.08769636443068e+00 1.00000000000000e+05 
7.29110827962174e+00 1.00000000000000e+05 
7.49449373816632e+00 1.00000000000000e+05 
7.69790617884871e+00 1.00000000000000e+05 
7.90135044231191e+00 1.00000000000000e+05 
8.10473659770851e+00 1.00000000000000e+05 
8.30800948139133e+00 1.00000000000000e+05 
8.51115234273433e+00 1.00000000000000e+05 
8.71416193711340e+00 1.00000000000000e+05 
8.91719900347831e+00 1.00000000000000e+05 
9.12020204041872e+00 1.00000000000000e+05 
9.32319297435189e+00 1.00000000000000e+05 
9.52619174127014e+00 1.00000000000000e+05 
9.72921908834018e+00 1.00000000000000e+05 
9.93229912946381e+00 1.00000000000000e+05 
1.01354642235065e+01 1.00000000000000e+05 
1.03387225987006e+01 1.00000000000000e+05 
1.05420932760412e+01 1.00000000000000e+05 
1.07455601602491e+01 1.00000000000000e+05 
1.09490636153785e+01 1.00000000000000e+05 
1.11525952040860e+01 1.00000000000000e+05 
1.13559908728595e+01 1.00000000000000e+05 
1.15591577617810e+01 1.00000000000000e+05 
1.17622381240369e+01 1.00000000000000e+05 
1.19650888349948e+01 1.00000000000000e+05 
1.21677288877747e+01 1.00000000000000e+05 
1.23702013159276e+01 1.00000000000000e+05 
1.25725982340610e+01 1.00000000000000e+05 
1.27748516426287e+01 1.00000000000000e+05 
1.29769249867640e+01 1.00000000000000e+05 
1.31787998828658e+01 1.00000000000000e+05 
1.33806014179065e+01 1.00000000000000e+05 
1.35822734033907e+01 1.00000000000000e+05 
1.37839887339651e+01 1.00000000000000e+05 
1.39857022015949e+01 1.00000000000000e+05 
1.41874661286692e+01 1.00000000000000e+05 
1.43892101845392e+01 1.00000000000000e+05 
1.45910326674531e+01 1.00000000000000e+05 
1.47929375836209e+01 1.00000000000000e+05 
1.49949695660416e+01 1.00000000000000e+05 
1.51971475723012e+01 1.00000000000000e+05 
1.53995487529939e+01 1.00000000000000e+05 
1.56020957788436e+01 1.00000000000000e+05 
1.58048076652820e+01 1.00000000000000e+05 
1.60076888558614e+01 1.00000000000000e+05 
1.62106850728960e+01 1.00000000000000e+05 
1.64138636363558e+01 1.00000000000000e+05 
1.66171481416695e+01 1.00000000000000e+05 
1.68205318926791e+01 1.00000000000000e+05 
1.70239717971818e+01 1.00000000000000e+05 
1.72274242526830e+01 1.00000000000000e+05 
1.74308511498678e+01 1.00000000000000e+05 
1.76342505270569e+01 1.00000000000000e+05 
1.78376212420556e+01 1.00000000000000e+05 
1.80409883913594e+01 1.00000000000000e+05 
1.82443050346869e+01 1.00000000000000e+05 
1.84474327837354e+01 1.00000000000000e+05 
1.86505503053125e+01 1.00000000000000e+05 
1.88535932316970e+01 1.00000000000000e+05 
1.90565608622741e+01 1.00000000000000e+05 
1.92594853707276e+01 1.00000000000000e+05 
1.94623796526000e+01 1.00000000000000e+05 
1.96652593507810e+01 1.00000000000000e+05 
1.98682128225951e+01 1.00000000000000e+05 
2.00712299723808e+01 1.00000000000000e+05 
2.02743632772251e+01 1.00000000000000e+05 
2.04775974201162e+01 1.00000000000000e+05 
2.06808993432005e+01 1.00000000000000e+05 
2.08842816624739e+01 1.00000000000000e+05 
2.10877109245459e+01 1.00000000000000e+05 
2.12911865561413e+01 1.00000000000000e+05 
2.14946542636065e+01 1.00000000000001e+05 
2.16979483115182e+01 1.00000000000009e+05 
2.19009928614698e+01 1.00000000000025e+05 
2.21039017811684e+01 1.00000000019624e+05 
2.23066497283774e+01 1.00000000460018e+05 
2.25092177015210e+01 1.00000001237762e+05 
2.27116581345214e+01 1.00000002656508e+05 
2.29139334651086e+01 1.00000005463635e+05 
2.31160467477100e+01 1.00000011844622e+05 
2.33179868862948e+01 1.00000024729239e+05 
2.35199180822287e+01 1.00000051176564e+05 
2.37218051763256e+01 1.00000097684136e+05 
2.39236768880851e+01 1.00000181870965e+05 
2.41255552893581e+01 1.00000317997836e+05 
2.43274126484990e+01 1.00000545172697e+05 
2.45293056915018e+01 1.00000916586180e+05 
2.47312963943893e+01 1.00001525579742e+05 
2.49333962174227e+01 1.00002401296365e+05 
2.51357213393038e+01 1.00003606062312e+05 
2.53382018572701e+01 1.00005089833864e+05 
2.55408488073704e+01 1.00006878919867e+05 
2.57436471827663e+01 1.00009063840904e+05 
2.59465698142901e+01 1.00011672252248e+05 
2.61496583369765e+01 1.00014551524769e+05 
2.63529142216749e+01 1.00017408525306e+05 
2.65562742668140e+01 1.00019977326780e+05 
2.67596972761635e+01 1.00022198772639e+05 
2.69631506643780e+01 1.00024288178837e+05 
2.71666356359982e+01 1.00026234849945e+05 
2.73700949757860e+01 1.00027937708149e+05 
2.75735042909555e+01 1.00028974569825e+05 
2.77768698215134e+01 1.00029404460032e+05 
2.79801634091441e+01 1.00029202302237e+05 
2.81832311137916e+01 1.00028799857163e+05 
2.83862493691881e+01 1.00028253757664e+05 
2.85892005667304e+01 1.00027183452082e+05 
2.87920289759177e+01 1.00025455125834e+05 
2.89947855911169e+01 1.00023044795732e+05 
2.91974758167431e+01 1.00020385495728e+05 
2.94001081727549e+01 1.00017912351051e+05 
2.96028174869848e+01 1.00015486965268e+05 
2.98055746712193e+01 1.00012492434339e+05 
3.00084175396436e+01 1.00009140748832e+05 
3.02113309117389e+01 1.00005339875032e+05 
3.04143391710080e+01 1.00001557841684e+05 
3.06174347641709e+01 9.99980082842385e+04 
3.08206359225875e+01 9.99946892316700e+04 
3.10238921252226e+01 9.99911626659263e+04 
3.12271617071788e+01 9.99877404244695e+04 
3.14304933723914e+01 9.99842072156704e+04 
3.16338559333766e+01 9.99809564284124e+04 
3.18371697100234e+01 9.99778407890908e+04 
3.20402940171543e+01 9.99749558843395e+04 
3.22432411366959e+01 9.99723618050615e+04 
3.24460329241944e+01 9.99704755285913e+04 
3.26486468730478e+01 9.99689592615676e+04 
3.28510694083674e+01 9.99680047093789e+04 
3.30532799861897e+01 9.99671360364162e+04 
3.32554482102955e+01 9.99663978146473e+04 
3.34575453553804e+01 9.99663390129497e+04 
3.36595641500324e+01 9.99673183893384e+04 
3.38615486883824e+01 9.99690522224785e+04 
3.40634799904239e+01 9.99714116971623e+04 
3.42653996408576e+01 9.99737861726195e+04 
3.44673939566842e+01 9.99761809646777e+04 
3.46694612546547e+01 9.99793971138499e+04 
3.48717036107216e+01 9.99834459278897e+04 
3.50740862371626e+01 9.99884426829847e+04 
3.52766015885758e+01 9.99936862392595e+04 
3.54793183147402e+01 9.99986769056861e+04 
3.56821412870120e+01 1.00003205663834e+05 
3.58851172271814e+01 1.00007933166733e+05 
3.60883109456795e+01 1.00012525158092e+05 
3.62916365042183e+01 1.00017205880394e+05 
3.64950404477902e+01 1.00021494555939e+05 
3.66984690806315e+01 1.00025284181066e+05 
3.69019364923025e+01 1.00028351221970e+05 
3.71054357283456e+01 1.00030787037332e+05 
3.73088956361505e+01 1.00032270780113e+05 
3.75123241222096e+01 1.00033318639218e+05 
3.77157068996436e+01 1.00033683333644e+05 
3.79188884208807e+01 1.00033810024969e+05 
3.81219429731373e+01 1.00033589798971e+05 
3.83249696414713e+01 1.00032426280566e+05 
3.85278282028840e+01 1.00030326670996e+05 
3.87305789313831e+01 1.00027441677252e+05 
3.89332338669238e+01 1.00024316362157e+05 
3.91357862752962e+01 1.00021400943516e+05 
3.93384030966966e+01 1.00018547660072e+05 
3.95410271713939e+01 1.00014972745178e+05 
3.97436993424354e+01 1.00010862182467e+05 
3.99463921856252e+01 1.00006148171443e+05 
4.01491654750551e+01 1.00001387416580e+05 
4.03520289195442e+01 9.99969407397236e+04 
4.05550048910795e+01 9.99928077001426e+04 
4.07580864187294e+01 9.99885003166500e+04 
4.09612286775592e+01 9.99843340285081e+04 
4.11644223380052e+01 9.99799772063035e+04 
4.13676607110112e+01 9.99758338223917e+04 
4.15709452306063e+01 9.99719972374138e+04 
4.17742442700769e+01 9.99685900095495e+04 
4.19775135223546e+01 9.99657098936559e+04 
4.21806564457985e+01 9.99637759015848e+04 
4.23835704544603e+01 9.99622254073241e+04 
4.25863222546333e+01 9.99613148352135e+04 
4.27888279196484e+01 9.99606017970866e+04 
4.29912615982889e+01 9.99601083433178e+04 
4.31935852435500e+01 9.99604875902985e+04 
4.33957815205678e+01 9.99620770147976e+04 
4.35978979487543e+01 9.99644025799036e+04 
4.37999304200929e+01 9.99672232780264e+04 
4.40019076885360e+01 9.99697946724214e+04 
4.42039337320145e+01 9.99722333281020e+04 
4.44060001538986e+01 9.99754951520581e+04 
4.46081858574393e+01 9.99794528854922e+04 
4.48104711684930e+01 9.99842775255601e+04 
4.50128451538969e+01 9.99892345779311e+04 
4.52153736753591e+01 9.99938238167909e+04 
4.54180340147901e+01 9.99978676765748e+04 
4.56208710244056e+01 1.00002100242309e+05 
4.58239099702678e+01 1.00006202940186e+05 
4.60270996589638e+01 1.00010534617004e+05 
4.62304657697298e+01 1.00014599956165e+05 
4.64338688960506e+01 1.00018286035708e+05 
4.66373017077841e+01 1.00021387069323e+05 
4.68407572598015e+01 1.00023915204883e+05 
4.70442546395734e+01 1.00025604049815e+05 
4.72477386480636e+01 1.00027032873211e+05 
4.74511939246332e+01 1.00027910160476e+05 
4.76545330594890e+01 1.00028687239041e+05 
4.78577067285611e+01 1.00029329984606e+05 
4.80608753693268e+01 1.00029173874305e+05 
4.82638354697416e+01 1.00028085135135e+05 
4.84666467540706e+01 1.00026393773489e+05 
4.86693473168333e+01 1.00024364008674e+05 
4.88719019249858e+01 1.00022565701333e+05 
4.90745027720318e+01 1.00021014206439e+05 
4.92770764391171e+01 1.00018785616681e+05 
4.94796476958813e+01 1.00015900577487e+05 
4.96822204167646e+01 1.00012218952531e+05 
4.98848222239144e+01 1.00008350262626e+05 
5.00874761862161e+01 1.00004798876078e+05 
5.02902390157782e+01 1.00001764590575e+05 
5.04931165644340e+01 9.99985146585989e+04 
5.06960805910771e+01 9.99951418160415e+04 
5.08991333423157e+01 9.99913496651505e+04 
5.11022578645217e+01 9.99875330086077e+04 
5.13054423763076e+01 9.99839141322406e+04 
5.15086548546338e+01 9.99807468135246e+04 
5.17119065645690e+01 9.99779829860062e+04 
5.19151950423545e+01 9.99759031121429e+04 
5.21183745006488e+01 9.99739317675360e+04 
5.23214088774139e+01 9.99723330505854e+04 
5.25242324010963e+01 9.99708365771787e+04 
5.27269607076205e+01 9.99696224425520e+04 
5.29295441731976e+01 9.99692533988943e+04 
5.31319496968064e+01 9.99699272551071e+04 
5.33342472842059e+01 9.99712661464532e+04 
5.35364267211515e+01 9.99730406932206e+04 
5.37385040812235e+01 9.99747181492082e+04 
5.39406083094777e+01 9.99762988670695e+04 
5.41427161596012e+01 9.99786755156074e+04 
5.43448835302565e+01 9.99818240365609e+04 
5.45471108975266e+01 9.99859048821544e+04 
5.47493910082137e+01 9.99901945739970e+04 
5.49517879790564e+01 9.99942117007873e+04 
5.51543020530474e+01 9.99977220081234e+04 
5.53569745540088e+01 1.00001453765894e+05 
5.55598668189212e+01 1.00005196271531e+05 
5.57629126136038e+01 1.00009264416168e+05 
5.59661352293277e+01 1.00013225979878e+05 
5.61694921057413e+01 1.00016882178617e+05 
5.63728862466536e+01 1.00019993883206e+05 
5.65762995126502e+01 1.00022604050591e+05 
5.67797565324227e+01 1.00024357533561e+05 
5.69832411929876e+01 1.00025884339273e+05 
5.71867575597213e+01 1.00026965460653e+05 
5.73902142438224e+01 1.00027925495793e+05 
5.75935504013974e+01 1.00028669199865e+05 
5.77968428105782e+01 1.00028592200813e+05 
5.79999523007818e+01 1.00027502249585e+05 
5.82028720166861e+01 1.00025765917839e+05 
5.84056737401209e+01 1.00023729617932e+05 
5.86082924096970e+01 1.00021850337921e+05 
5.88109369357781e+01 1.00020179061157e+05 
5.90135188227780e+01 1.00017807950405e+05 
5.92160540509742e+01 1.00014797793006e+05 
5.94185604009779e+01 1.00011018102075e+05 
5.96210526984744e+01 1.00007143882722e+05 
5.98235501837237e+01 1.00003592762546e+05 
6.00261485722220e+01 1.00000548625008e+05 
6.02288361841210e+01 9.99972539207086e+04 
6.04316638201486e+01 9.99938692639230e+04 
6.06345686020863e+01 9.99901265445293e+04 
6.08375671479841e+01 9.99864185081569e+04 
6.10406211004055e+01 9.99829158563609e+04 
6.12437426280142e+01 9.99798047707918e+04 
6.14469164445446e+01 9.99770443907260e+04 
6.16501210676312e+01 9.99750023443041e+04 
6.18533579475247e+01 9.99731012785521e+04 
6.20566264173889e+01 9.99715486224301e+04 
6.22597817220211e+01 9.99700653785472e+04 
6.24627995534665e+01 9.99686865541413e+04 
6.26656673735378e+01 9.99680357746113e+04 
6.28683131616467e+01 9.99684942457601e+04 
6.30708195650471e+01 9.99696781914966e+04 
6.32731804840720e+01 9.99713198749239e+04 
6.34753919046854e+01 9.99728227391916e+04 
6.36776034541254e+01 9.99741197939526e+04 
6.38797873688976e+01 9.99761360958873e+04 
6.40819738273611e+01 9.99789263058928e+04 
6.42841784067253e+01 9.99826417688424e+04 
6.44863959670241e+01 9.99866819844997e+04 
6.46886801912706e+01 9.99904758694929e+04 
6.48910662140103e+01 9.99937817485820e+04 
6.50935819241049e+01 9.99973647743243e+04 
6.52963226964966e+01 1.00001099929178e+05 
6.54992405740070e+01 1.00005242216291e+05 
6.57023188561443e+01 1.00009335187874e+05 
6.59055500692646e+01 1.00013141800996e+05 
6.61089027901603e+01 1.00016467488998e+05 
6.63122766649993e+01 1.00019410065331e+05 
6.65156872049080e+01 1.00021555920348e+05 
6.67191280630788e+01 1.00023497823753e+05 
6.69226164912726e+01 1.00024993682982e+05 
6.71261325074319e+01 1.00026311726940e+05 
6.73296169036911e+01 1.00027378574420e+05 
6.75330252299440e+01 1.00027772194657e+05 
6.77363198433455e+01 1.00027212135651e+05 
6.79393888572186e+01 1.00026002812845e+05 
6.81423368894994e+01 1.00024356128174e+05 
6.83450708709156e+01 1.00022867933788e+05 
6.85478069710537e+01 1.00021569401790e+05 
6.87504560574697e+01 1.00019616197462e+05 
6.89530120509714e+01 1.00017003709422e+05 
6.91555074049377e+01 1.00013625567060e+05 
6.93579506481004e+01 1.00010064624542e+05 
6.95603538262472e+01 1.00006800303029e+05 
6.97628467070184e+01 1.00004048062255e+05 
6.99654031500043e+01 1.00001041729544e+05 
7.01680675370484e+01 9.99979013873014e+04 
7.03708128597538e+01 9.99943688398405e+04 
7.05736643918905e+01 9.99908079694552e+04 
7.07765856443493e+01 9.99874687548134e+04 
7.09796045256010e+01 9.99845294473277e+04 
7.11826613299295e+01 9.99818894127983e+04 
7.13857897479778e+01 9.99798312811359e+04 
7.15889661007472e+01 9.99777771025292e+04 
7.17921459341708e+01 9.99759620151261e+04 
7.19953726252105e+01 9.99742119958675e+04 
7.21985718027617e+01 9.99726502752325e+04 
7.24016476186381e+01 9.99717275560343e+04 
7.26045430537818e+01 9.99717112577760e+04 
7.28072213299480e+01 9.99724142095331e+04 
7.30097805999067e+01 9.99735199003363e+04 
7.32121446685061e+01 9.99745336088202e+04 
7.34144836407241e+01 9.99754244289702e+04 
7.36167644759561e+01 9.99770050146131e+04 
7.38189887804541e+01 9.99793202732282e+04 
7.40211919750683e+01 9.99825181141302e+04 
7.42233714635407e+01 9.99860973091475e+04 
7.44255673633598e+01 9.99894914235656e+04 
7.46278498585127e+01 9.99924987844166e+04 
7.48302306656735e+01 9.99958521028749e+04 
7.50327937384072e+01 9.99994031797416e+04 
7.52355063125583e+01 1.00003417595223e+05 
7.54383722282391e+01 1.00007490696685e+05 
7.56414216244544e+01 1.00011329263013e+05 
7.58445981321123e+01 1.00014754741129e+05 
7.60479184214261e+01 1.00017896908739e+05 
7.62512929186171e+01 1.00020338858087e+05 
7.64546964242765e+01 1.00022674750216e+05 
7.66581350680706e+01 1.00024602667253e+05 
7.68616010200597e+01 1.00026337869424e+05 
7.70651079936182e+01 1.00027815223009e+05 
7.72686113724331e+01 1.00028664234045e+05 
7.74720611152207e+01 1.00028575005503e+05 
7.76753133911698e+01 1.00027831689233e+05 
7.78784461857672e+01 1.00026657522456e+05 
7.80813340565300e+01 1.00025561003298e+05 
7.82841986758304e+01 1.00024590150686e+05 
7.84869562928645e+01 1.00022978607564e+05 
7.86895714902216e+01 1.00020710751672e+05 
7.88920942905549e+01 1.00017632544059e+05 
7.90945315913393e+01 1.00014329875289e+05 
7.92968840114831e+01 1.00011312612615e+05 
7.94993122078064e+01 1.00008744429099e+05 
7.97017694779022e+01 1.00005815709561e+05 
7.99042936798559e+01 1.00002628405928e+05 
8.01068697501696e+01 9.99989477125650e+04 
8.03095192442820e+01 9.99951845207980e+04 
8.05122783411067e+01 9.99916531083944e+04 
8.07151532943511e+01 9.99885163491345e+04 
8.09180874917751e+01 9.99855513353977e+04 
8.11211009470289e+01 9.99830418401551e+04 
8.13241348982823e+01 9.99804251442627e+04 
8.15272528948804e+01 9.99779996974857e+04 
8.17303892546740e+01 9.99756846124837e+04 
8.19335573112213e+01 9.99736164248113e+04 
8.21368014274263e+01 9.99720826942414e+04 
8.23398733234911e+01 9.99714928234669e+04 
8.25427383975605e+01 9.99714904443264e+04 
8.27454995878572e+01 9.99719520573217e+04 
8.29480798671471e+01 9.99723985053045e+04 
8.31506062535737e+01 9.99727343058168e+04 
8.33530393401760e+01 9.99736848844431e+04 
8.35553612257224e+01 9.99755156038883e+04 
8.37576211955306e+01 9.99783066218517e+04 
8.39598226381276e+01 9.99814579023844e+04 
8.41619894017817e+01 9.99844585315570e+04 
8.43642239682605e+01 9.99870737706130e+04 
8.45665203012387e+01 9.99901409666504e+04 
8.47689483564908e+01 9.99936337374627e+04 
8.49714940232389e+01 9.99977336052148e+04 
8.51741579640687e+01 1.00002020577222e+05 
8.53769978718437e+01 1.00006115020754e+05 
8.55799804902041e+01 1.00009773841841e+05 
8.57831240408108e+01 1.00013267463391e+05 
8.59864536951827e+01 1.00016286609721e+05 
8.61898160798553e+01 1.00019288924564e+05 
8.63932062744392e+01 1.00022006106874e+05 
8.65966229319829e+01 1.00024503852634e+05 
8.68000940443101e+01 1.00026616847516e+05 
8.70035825837327e+01 1.00028205483591e+05 
8.72070843440491e+01 1.00028828035935e+05 
8.74105419344450e+01 1.00028881322505e+05 
8.76138267437083e+01 1.00028445106157e+05 
8.78169205534772e+01 1.00027969082724e+05 
8.80199632675196e+01 1.00027527175973e+05 
8.82228781681249e+01 1.00026465485266e+05 
8.84256106973253e+01 1.00024575231371e+05 
8.86282246424383e+01 1.00021823621907e+05 
8.88307219110573e+01 1.00018803828000e+05 
8.90330924047535e+01 1.00016052883034e+05 
8.92355207597714e+01 1.00013673641022e+05 
8.94379379157647e+01 1.00010868713315e+05 
8.96403799089431e+01 1.00007636273822e+05 
8.98428436218644e+01 1.00003827878169e+05 
9.00453482475632e+01 9.99998909300077e+04 
9.02479204282358e+01 9.99962314964429e+04 
9.04506070166489e+01 9.99930376838397e+04 
9.06534221098573e+01 9.99899427823152e+04 
9.08563074156330e+01 9.99871244785854e+04 
9.10592331034942e+01 9.99841287986083e+04 
9.12622364660194e+01 9.99812229289392e+04 
9.14653252837018e+01 9.99784250018852e+04 
9.16684271913442e+01 9.99759635770305e+04 
9.18715866137494e+01 9.99739970216357e+04 
9.20747842683971e+01 9.99728702440136e+04 
9.22778651165516e+01 9.99721674360699e+04 
9.24808149399466e+01 9.99719396867668e+04 
9.26836400845213e+01 9.99717350961262e+04 
9.28863873614108e+01 9.99715099302904e+04 
9.30890085767134e+01 9.99719513137183e+04 
9.32914663544503e+01 9.99733279570247e+04 
9.34938317764641e+01 9.99755412554280e+04 
9.36961022577806e+01 9.99782459800655e+04 
9.38982898525573e+01 9.99807863214143e+04 
9.41005250280928e+01 9.99830122395526e+04 
9.43027848548941e+01 9.99858025012888e+04 
9.45051224941694e+01 9.99891523725407e+04 
9.47075391235569e+01 9.99932031844392e+04 
9.49100356403763e+01 9.99974804765698e+04 
9.51126679959551e+01 1.00001545394793e+05 
9.53154338342254e+01 1.00005165994755e+05 
9.55183731288411e+01 1.00008800281382e+05 
9.57215113888919e+01 1.00012210467512e+05 
9.59247849047671e+01 1.00015697261429e+05 
9.61281201802749e+01 1.00018998859187e+05 
9.63314994562056e+01 1.00022055401727e+05 
9.65349076935859e+01 1.00024680244633e+05 
9.67383385387505e+01 1.00026796006715e+05 
9.69418207081187e+01 1.00028035463037e+05 
9.71453287818878e+01 1.00028825579041e+05 
9.73487757563585e+01 1.00029036814107e+05 
9.75521003395735e+01 1.00029151734172e+05 
9.77553203876417e+01 1.00029237686891e+05 
9.79584256456356e+01 1.00028664105175e+05 
9.81613154578645e+01 1.00027137617218e+05 
9.83640728139437e+01 1.00024923757224e+05 
9.85666800715794e+01 1.00022346548207e+05 
9.87691229821461e+01 1.00019963856792e+05 
9.89716027992200e+01 1.00017897365118e+05 
9.91740397132955e+01 1.00015281856437e+05 
9.93764536462670e+01 1.00012142505322e+05 
9.95788576239822e+01 1.00008379618839e+05 
9.97812656950711e+01 1.00004473561799e+05 
9.99837025244658e+01 1.00000842094527e+05 
1.00186246746907e+02 9.99977123822078e+04 
