# Liste des scalaires : TEMPS pmat 
0.00000000000000e+00 1.00000000000000e+05 
2.04081632653061e-01 1.00000000000000e+05 
4.08042165141975e-01 1.00000000000000e+05 
6.11832106953319e-01 1.00000000000000e+05 
8.15421737498182e-01 1.00000000000000e+05 
1.01884831470558e+00 1.00000000000000e+05 
1.22207818930831e+00 1.00000000000000e+05 
1.42513098547652e+00 1.00000000000000e+05 
1.62798725493260e+00 1.00000000000000e+05 
1.83053493087979e+00 1.00000000000000e+05 
2.03291905653503e+00 1.00000000000000e+05 
2.23520224592158e+00 1.00000000000000e+05 
2.43733969254296e+00 1.00000000000000e+05 
2.63931827049832e+00 1.00000000000000e+05 
2.84120332396323e+00 1.00000000000000e+05 
3.04297858176904e+00 1.00000000000000e+05 
3.24460591464334e+00 1.00000000000000e+05 
3.44612291562131e+00 1.00000000000000e+05 
3.64760922308227e+00 1.00000000000000e+05 
3.84909249851467e+00 1.00000000000000e+05 
4.05064469773747e+00 1.00000000000000e+05 
4.25222294222906e+00 1.00000000000000e+05 
4.45380035517506e+00 1.00000000000000e+05 
4.65542063364273e+00 1.00000000000000e+05 
4.85715243419261e+00 1.00000000000000e+05 
5.05906045928525e+00 1.00000000000000e+05 
5.26119401899534e+00 1.00000000000000e+05 
5.46347898380931e+00 1.00000000000000e+05 
5.66591894484892e+00 1.00000000000000e+05 
5.86852800362132e+00 1.00000000000000e+05 
6.07136345597011e+00 1.00000000000000e+05 
6.27438265108359e+00 1.00000000000000e+05 
6.47752964045090e+00 1.00000000000000e+05 
6.68089073121200e+00 1.00000000000000e+05 
6.88429870550576e+00 1.00000000000000e+05 
7.08769636443068e+00 1.00000000000000e+05 
7.29110827962174e+00 1.00000000000000e+05 
7.49449373816632e+00 1.00000000000000e+05 
7.69790617884871e+00 1.00000000000000e+05 
7.90135044231191e+00 1.00000000000000e+05 
8.10473659770851e+00 1.00000000000000e+05 
8.30800948139133e+00 1.00000000000000e+05 
8.51115234273433e+00 1.00000000000000e+05 
8.71416193711340e+00 1.00000000000000e+05 
8.91719900347831e+00 1.00000000000000e+05 
9.12020204041872e+00 1.00000000000000e+05 
9.32319297435189e+00 1.00000000000000e+05 
9.52619174127014e+00 1.00000000000000e+05 
9.72921908834018e+00 1.00000000000000e+05 
9.93229912946381e+00 1.00000000000000e+05 
1.01354642235065e+01 1.00000000000000e+05 
1.03387225987006e+01 1.00000000000000e+05 
1.05420932760412e+01 1.00000000000000e+05 
1.07455601602491e+01 1.00000000000000e+05 
1.09490636153785e+01 1.00000000000000e+05 
1.11525952040860e+01 1.00000000000000e+05 
1.13559908728595e+01 1.00000000000000e+05 
1.15591577617810e+01 1.00000000000000e+05 
1.17622381240369e+01 1.00000000000000e+05 
1.19650888349948e+01 1.00000000000000e+05 
1.21677288877747e+01 1.00000000000000e+05 
1.23702013159276e+01 1.00000000000000e+05 
1.25725982340610e+01 1.00000000000000e+05 
1.27748516426287e+01 1.00000000000000e+05 
1.29769249867640e+01 1.00000000000000e+05 
1.31787998828658e+01 1.00000000000000e+05 
1.33806014179065e+01 1.00000000000000e+05 
1.35822734033907e+01 1.00000000000000e+05 
1.37839887339651e+01 1.00000000000000e+05 
1.39857022015949e+01 1.00000000000000e+05 
1.41874661286692e+01 1.00000000000000e+05 
1.43892101845392e+01 1.00000000000000e+05 
1.45910326674531e+01 1.00000000000000e+05 
1.47929375836209e+01 1.00000000000000e+05 
1.49949695660416e+01 1.00000000000000e+05 
1.51971475723012e+01 1.00000000000000e+05 
1.53995487529939e+01 1.00000000000000e+05 
1.56020957788436e+01 1.00000000000000e+05 
1.58048076652820e+01 1.00000000000000e+05 
1.60076888558614e+01 1.00000000000000e+05 
1.62106850728960e+01 1.00000000000000e+05 
1.64138636363558e+01 1.00000000000000e+05 
1.66171481416695e+01 1.00000000000000e+05 
1.68205318926791e+01 1.00000000000000e+05 
1.70239717971818e+01 1.00000000000000e+05 
1.72274242526830e+01 1.00000000000000e+05 
1.74308511498678e+01 1.00000000000000e+05 
1.76342505270569e+01 1.00000000000000e+05 
1.78376212420556e+01 1.00000000000000e+05 
1.80409883913594e+01 1.00000000000000e+05 
1.82443050346869e+01 1.00000000000000e+05 
1.84474327837354e+01 1.00000000000000e+05 
1.86505503053125e+01 1.00000000000000e+05 
1.88535932316970e+01 1.00000000000000e+05 
1.90565608622741e+01 1.00000000000000e+05 
1.92594853707276e+01 1.00000000000000e+05 
1.94623796526000e+01 1.00000000000000e+05 
1.96652593507810e+01 1.00000000000000e+05 
1.98682128225951e+01 1.00000000000000e+05 
2.00712299723808e+01 1.00000000000000e+05 
2.02743632772251e+01 1.00000000000000e+05 
2.04775974201162e+01 1.00000000000000e+05 
2.06808993432005e+01 1.00000000000000e+05 
2.08842816624739e+01 1.00000000000000e+05 
2.10877109245459e+01 1.00000000000000e+05 
2.12911865561413e+01 1.00000000000000e+05 
2.14946542636065e+01 1.00000000000000e+05 
2.16979483115182e+01 1.00000000000000e+05 
2.19009928614698e+01 1.00000000000000e+05 
2.21039017811684e+01 1.00000000000000e+05 
2.23066497283774e+01 1.00000000000000e+05 
2.25092177015210e+01 1.00000000000000e+05 
2.27116581345214e+01 1.00000000000000e+05 
2.29139334651086e+01 1.00000000000000e+05 
2.31160467477100e+01 1.00000000000000e+05 
2.33179868862948e+01 1.00000000000000e+05 
2.35199180822287e+01 1.00000000000000e+05 
2.37218051763256e+01 1.00000000000000e+05 
2.39236768880851e+01 1.00000000000000e+05 
2.41255552893581e+01 1.00000000000000e+05 
2.43274126484990e+01 1.00000000000000e+05 
2.45293056915018e+01 1.00000000000000e+05 
2.47312963943893e+01 1.00000000000000e+05 
2.49333962174227e+01 1.00000000000000e+05 
2.51357213393038e+01 1.00000000000000e+05 
2.53382018572701e+01 1.00000000000000e+05 
2.55408488073704e+01 1.00000000000000e+05 
2.57436471827663e+01 1.00000000000000e+05 
2.59465698142901e+01 1.00000000000000e+05 
2.61496583369765e+01 1.00000000000001e+05 
2.63529142216749e+01 1.00000000000007e+05 
2.65562742668140e+01 1.00000000000047e+05 
2.67596972761635e+01 1.00000000000082e+05 
2.69631506643780e+01 1.00000000005534e+05 
2.71666356359982e+01 1.00000000215418e+05 
2.73700949757860e+01 1.00000000786122e+05 
2.75735042909555e+01 1.00000001282892e+05 
2.77768698215134e+01 1.00000002405016e+05 
2.79801634091441e+01 1.00000004345047e+05 
2.81832311137916e+01 1.00000008270362e+05 
2.83862493691881e+01 1.00000014624553e+05 
2.85892005667304e+01 1.00000025139137e+05 
2.87920289759177e+01 1.00000039977255e+05 
2.89947855911169e+01 1.00000066996383e+05 
2.91974758167431e+01 1.00000107787942e+05 
2.94001081727549e+01 1.00000181259529e+05 
2.96028174869848e+01 1.00000288005024e+05 
2.98055746712193e+01 1.00000441807944e+05 
3.00084175396436e+01 1.00000633443872e+05 
3.02113309117389e+01 1.00000942291765e+05 
3.04143391710080e+01 1.00001344822137e+05 
3.06174347641709e+01 1.00001982626606e+05 
3.08206359225875e+01 1.00002796651602e+05 
3.10238921252226e+01 1.00003815183215e+05 
3.12271617071788e+01 1.00004910080384e+05 
3.14304933723914e+01 1.00006495998399e+05 
3.16338559333766e+01 1.00008199908103e+05 
3.18371697100234e+01 1.00010467604406e+05 
3.20402940171543e+01 1.00012927690730e+05 
3.22432411366959e+01 1.00015540469349e+05 
3.24460329241944e+01 1.00017872440348e+05 
3.26486468730478e+01 1.00020823524686e+05 
3.28510694083674e+01 1.00023418787752e+05 
3.30532799861897e+01 1.00025795201762e+05 
3.32554482102955e+01 1.00027753170936e+05 
3.34575453553804e+01 1.00029526927577e+05 
3.36595641500324e+01 1.00030955427566e+05 
3.38615486883824e+01 1.00032632373688e+05 
3.40634799904239e+01 1.00033375594806e+05 
3.42653996408576e+01 1.00032390522820e+05 
3.44673939566842e+01 1.00030936679927e+05 
3.46694612546547e+01 1.00029835173174e+05 
3.48717036107216e+01 1.00029106284871e+05 
3.50740862371626e+01 1.00028639105340e+05 
3.52766015885758e+01 1.00027401803445e+05 
3.54793183147402e+01 1.00023493600425e+05 
3.56821412870120e+01 1.00019072329889e+05 
3.58851172271814e+01 1.00015425439535e+05 
3.60883109456795e+01 1.00012684733466e+05 
3.62916365042183e+01 1.00009849217004e+05 
3.64950404477902e+01 1.00006901897206e+05 
3.66984690806315e+01 1.00001237118764e+05 
3.69019364923025e+01 9.99952931940040e+04 
3.71054357283456e+01 9.99900512259471e+04 
3.73088956361505e+01 9.99857276769772e+04 
3.75123241222096e+01 9.99810393195130e+04 
3.77157068996436e+01 9.99772898185437e+04 
3.79188884208807e+01 9.99727452137987e+04 
3.81219429731373e+01 9.99685176717196e+04 
3.83249696414713e+01 9.99645370700362e+04 
3.85278282028840e+01 9.99608931972749e+04 
3.87305789313831e+01 9.99569222939611e+04 
3.89332338669238e+01 9.99548607376387e+04 
3.91357862752962e+01 9.99546544479079e+04 
3.93384030966966e+01 9.99554041865293e+04 
3.95410271713939e+01 9.99556296303537e+04 
3.97436993424354e+01 9.99548208115195e+04 
3.99463921856252e+01 9.99537545803609e+04 
4.01491654750551e+01 9.99546291189374e+04 
4.03520289195442e+01 9.99596118672239e+04 
4.05550048910795e+01 9.99654399363964e+04 
4.07580864187294e+01 9.99700689740252e+04 
4.09612286775592e+01 9.99727593615116e+04 
4.11644223380052e+01 9.99754289929108e+04 
4.13676607110112e+01 9.99787493207606e+04 
4.15709452306063e+01 9.99864182881295e+04 
4.17742442700769e+01 9.99947318226965e+04 
4.19775135223546e+01 1.00001472095538e+05 
4.21806564457985e+01 1.00006271021813e+05 
4.23835704544603e+01 1.00011293163858e+05 
4.25863222546333e+01 1.00015392871026e+05 
4.27888279196484e+01 1.00021507044272e+05 
4.29912615982889e+01 1.00027245277015e+05 
4.31935852435500e+01 1.00032188301485e+05 
4.33957815205678e+01 1.00036269640948e+05 
4.35978979487543e+01 1.00040450623704e+05 
4.37999304200929e+01 1.00042454671763e+05 
4.40019076885360e+01 1.00042591786425e+05 
4.42039337320145e+01 1.00041794965202e+05 
4.44060001538986e+01 1.00041312715693e+05 
4.46081858574393e+01 1.00041837182427e+05 
4.48104711684930e+01 1.00042596519716e+05 
4.50128451538969e+01 1.00040979882543e+05 
4.52153736753591e+01 1.00034881970004e+05 
4.54180340147901e+01 1.00027894962466e+05 
4.56208710244056e+01 1.00022285732040e+05 
4.58239099702678e+01 1.00019048329232e+05 
4.60270996589638e+01 1.00015937112059e+05 
4.62304657697298e+01 1.00011935206207e+05 
4.64338688960506e+01 1.00003474482901e+05 
4.66373017077841e+01 9.99946412778439e+04 
4.68407572598015e+01 9.99874931523240e+04 
4.70442546395734e+01 9.99825113543322e+04 
4.72477386480636e+01 9.99773134726221e+04 
4.74511939246332e+01 9.99732236624223e+04 
4.76545330594890e+01 9.99674454329303e+04 
4.78577067285611e+01 9.99621611415903e+04 
4.80608753693268e+01 9.99574663602434e+04 
4.82638354697416e+01 9.99533261829275e+04 
4.84666467540706e+01 9.99489044846271e+04 
4.86693473168333e+01 9.99467799697022e+04 
4.88719019249858e+01 9.99469239662427e+04 
4.90745027720318e+01 9.99482817836874e+04 
4.92770764391171e+01 9.99489087943756e+04 
4.94796476958813e+01 9.99480905723344e+04 
4.96822204167646e+01 9.99468782254339e+04 
4.98848222239144e+01 9.99481596932672e+04 
5.00874761862161e+01 9.99545981078479e+04 
5.02902390157782e+01 9.99622360337622e+04 
5.04931165644340e+01 9.99681629931919e+04 
5.06960805910771e+01 9.99716508157400e+04 
5.08991333423157e+01 9.99751413714877e+04 
5.11022578645217e+01 9.99796095840032e+04 
5.13054423763076e+01 9.99892629601236e+04 
5.15086548546338e+01 9.99994698996751e+04 
5.17119065645690e+01 1.00007748018218e+05 
5.19151950423545e+01 1.00013754754961e+05 
5.21183745006488e+01 1.00020047325598e+05 
5.23214088774139e+01 1.00025109228581e+05 
5.25242324010963e+01 1.00032207856643e+05 
5.27269607076205e+01 1.00038470828819e+05 
5.29295441731976e+01 1.00043759732230e+05 
5.31319496968064e+01 1.00048332149583e+05 
5.33342472842059e+01 1.00053051319296e+05 
5.35364267211515e+01 1.00055218301138e+05 
5.37385040812235e+01 1.00054867388410e+05 
5.39406083094777e+01 1.00053166760212e+05 
5.41427161596012e+01 1.00052109226681e+05 
5.43448835302565e+01 1.00052668038756e+05 
5.45471108975266e+01 1.00053721936416e+05 
5.47493910082137e+01 1.00052113926424e+05 
5.49517879790564e+01 1.00045306681831e+05 
5.51543020530474e+01 1.00037417890796e+05 
5.53569745540088e+01 1.00031167426197e+05 
5.55598668189212e+01 1.00027656481471e+05 
5.57629126136038e+01 1.00024394494252e+05 
5.59661352293277e+01 1.00020113029510e+05 
5.61694921057413e+01 1.00010881794187e+05 
5.63728862466536e+01 1.00001223807625e+05 
5.65762995126502e+01 9.99934095245799e+04 
5.67797565324227e+01 9.99878038692993e+04 
5.69832411929876e+01 9.99820032940222e+04 
5.71867575597213e+01 9.99772680027851e+04 
5.73902142438224e+01 9.99706399199209e+04 
5.75935504013974e+01 9.99647149318452e+04 
5.77968428105782e+01 9.99595135279778e+04 
5.79999523007818e+01 9.99548499741666e+04 
5.82028720166861e+01 9.99497838932171e+04 
5.84056737401209e+01 9.99471337277366e+04 
5.86082924096970e+01 9.99466428749597e+04 
5.88109369357781e+01 9.99475061760337e+04 
5.90135188227780e+01 9.99477150958503e+04 
5.92160540509742e+01 9.99464809759934e+04 
5.94185604009779e+01 9.99449069555196e+04 
5.96210526984744e+01 9.99458632454310e+04 
5.98235501837237e+01 9.99518334187109e+04 
6.00261485722220e+01 9.99588568791065e+04 
6.02288361841210e+01 9.99643579533710e+04 
6.04316638201486e+01 9.99675484120230e+04 
6.06345686020863e+01 9.99705625049826e+04 
6.08375671479841e+01 9.99747260788863e+04 
6.10406211004055e+01 9.99838515514789e+04 
6.12437426280142e+01 9.99934937143368e+04 
6.14469164445446e+01 1.00001297938902e+05 
6.16501210676312e+01 1.00006903091831e+05 
6.18533579475247e+01 1.00012755510743e+05 
6.20566264173889e+01 1.00017716725778e+05 
6.22597817220211e+01 1.00024899367795e+05 
6.24627995534665e+01 1.00031412825758e+05 
6.26656673735378e+01 1.00036884073674e+05 
6.28683131616467e+01 1.00041611506734e+05 
6.30708195650471e+01 1.00046670070649e+05 
6.32731804840720e+01 1.00049393464738e+05 
6.34753919046854e+01 1.00050194968328e+05 
6.36776034541254e+01 1.00049777679478e+05 
6.38797873688976e+01 1.00049823038737e+05 
6.40819738273611e+01 1.00051025457230e+05 
6.42841784067253e+01 1.00052570929487e+05 
6.44863959670241e+01 1.00051670356540e+05 
6.46886801912706e+01 1.00046133435940e+05 
6.48910662140103e+01 1.00039458898428e+05 
6.50935819241049e+01 1.00034271908693e+05 
6.52963226964966e+01 1.00031467956440e+05 
6.54992405740070e+01 1.00028967569082e+05 
6.57023188561443e+01 1.00025178109954e+05 
6.59055500692646e+01 1.00016526217710e+05 
6.61089027901603e+01 1.00007299165947e+05 
6.63122766649993e+01 9.99999283915294e+04 
6.65156872049080e+01 9.99948554777366e+04 
6.67191280630788e+01 9.99896559996011e+04 
6.69226164912726e+01 9.99850530088391e+04 
6.71261325074319e+01 9.99779945087484e+04 
6.73296169036911e+01 9.99715131771639e+04 
6.75330252299440e+01 9.99659895148060e+04 
6.77363198433455e+01 9.99613075661671e+04 
6.79393888572186e+01 9.99563184459446e+04 
6.81423368894994e+01 9.99533996562286e+04 
6.83450708709156e+01 9.99519726171260e+04 
6.85478069710537e+01 9.99515368184788e+04 
6.87504560574697e+01 9.99507145054160e+04 
6.89530120509714e+01 9.99490786712153e+04 
6.91555074049377e+01 9.99470416161828e+04 
6.93579506481004e+01 9.99474761914302e+04 
6.95603538262472e+01 9.99521049414819e+04 
6.97628467070184e+01 9.99579269603956e+04 
6.99654031500043e+01 9.99624435220235e+04 
7.01680675370484e+01 9.99648080312106e+04 
7.03708128597538e+01 9.99668435241052e+04 
7.05736643918905e+01 9.99703802514337e+04 
7.07765856443493e+01 9.99788621683133e+04 
7.09796045256010e+01 9.99880536417374e+04 
7.11826613299295e+01 9.99954579858259e+04 
7.13857897479778e+01 1.00000530400460e+05 
7.15889661007472e+01 1.00005836098135e+05 
7.17921459341708e+01 1.00010605698213e+05 
7.19953726252105e+01 1.00018381670937e+05 
7.21985718027617e+01 1.00025605179004e+05 
7.24016476186381e+01 1.00031728263322e+05 
7.26045430537818e+01 1.00036688591440e+05 
7.28072213299480e+01 1.00041896331496e+05 
7.30097805999067e+01 1.00045107091037e+05 
7.32121446685061e+01 1.00047156696070e+05 
7.34144836407241e+01 1.00048255823645e+05 
7.36167644759561e+01 1.00049451829775e+05 
7.38189887804541e+01 1.00051300434336e+05 
7.40211919750683e+01 1.00053525548037e+05 
7.42233714635407e+01 1.00053018856766e+05 
7.44255673633598e+01 1.00048786197257e+05 
7.46278498585127e+01 1.00043226520688e+05 
7.48302306656735e+01 1.00038880444213e+05 
7.50327937384072e+01 1.00036761130346e+05 
7.52355063125583e+01 1.00035044008161e+05 
7.54383722282391e+01 1.00031699912395e+05 
7.56414216244544e+01 1.00023410251791e+05 
7.58445981321123e+01 1.00014363417207e+05 
7.60479184214261e+01 1.00007175840942e+05 
7.62512929186171e+01 1.00002472267543e+05 
7.64546964242765e+01 9.99976626323702e+04 
7.66581350680706e+01 9.99931379712700e+04 
7.68616010200597e+01 9.99854054950704e+04 
7.70651079936182e+01 9.99781164078475e+04 
7.72686113724331e+01 9.99719499625229e+04 
7.74720611152207e+01 9.99669637396397e+04 
7.76753133911698e+01 9.99617091395309e+04 
7.78784461857672e+01 9.99582309959573e+04 
7.80813340565300e+01 9.99554542278661e+04 
7.82841986758304e+01 9.99534676627211e+04 
7.84869562928645e+01 9.99514372248757e+04 
7.86895714902216e+01 9.99488932048895e+04 
7.88920942905549e+01 9.99458930445114e+04 
7.90945315913393e+01 9.99455163889337e+04 
7.92968840114831e+01 9.99487847880264e+04 
7.94993122078064e+01 9.99532862065891e+04 
7.97017694779022e+01 9.99567349843474e+04 
7.99042936798559e+01 9.99582028593794e+04 
8.01068697501696e+01 9.99592164185654e+04 
8.03095192442820e+01 9.99620834379618e+04 
8.05122783411067e+01 9.99700587881432e+04 
8.07151532943511e+01 9.99789727882956e+04 
8.09180874917751e+01 9.99860737748719e+04 
8.11211009470289e+01 9.99908148990541e+04 
8.13241348982823e+01 9.99955690732459e+04 
8.15272528948804e+01 1.00000471501533e+05 
8.17303892546740e+01 1.00009038559753e+05 
8.19335573112213e+01 1.00017286417487e+05 
8.21368014274263e+01 1.00024217170315e+05 
8.23398733234911e+01 1.00029696433552e+05 
8.25427383975605e+01 1.00035347774428e+05 
8.27454995878572e+01 1.00039240987372e+05 
8.29480798671471e+01 1.00042880316786e+05 
8.31506062535737e+01 1.00045735447998e+05 
8.33530393401760e+01 1.00048369612341e+05 
8.35553612257224e+01 1.00051184313526e+05 
8.37576211955306e+01 1.00054372781562e+05 
8.39598226381276e+01 1.00054846705092e+05 
8.41619894017817e+01 1.00051829045087e+05 
8.43642239682605e+01 1.00047690450695e+05 
8.45665203012387e+01 1.00044398227417e+05 
8.47689483564908e+01 1.00043165260230e+05 
8.49714940232389e+01 1.00042523254081e+05 
8.51741579640687e+01 1.00039764088860e+05 
8.53769978718437e+01 1.00031898790981e+05 
8.55799804902041e+01 1.00023110051053e+05 
8.57831240408108e+01 1.00016285575236e+05 
8.59864536951827e+01 1.00011954362858e+05 
8.61898160798553e+01 1.00007769966916e+05 
8.63932062744392e+01 1.00003196760492e+05 
8.65966229319829e+01 9.99947975767437e+04 
8.68000940443101e+01 9.99866181972015e+04 
8.70035825837327e+01 9.99798295492987e+04 
8.72070843440491e+01 9.99745461153035e+04 
8.74105419344450e+01 9.99690722257666e+04 
8.76138267437083e+01 9.99650845093808e+04 
8.78169205534772e+01 9.99608163785641e+04 
8.80199632675196e+01 9.99572904019416e+04 
8.82228781681249e+01 9.99539660571125e+04 
8.84256106973253e+01 9.99506234589565e+04 
8.86282246424383e+01 9.99468570153512e+04 
8.88307219110573e+01 9.99457059112605e+04 
8.90330924047535e+01 9.99476158696533e+04 
8.92355207597714e+01 9.99507285868625e+04 
8.94379379157647e+01 9.99530407268398e+04 
8.96403799089431e+01 9.99535965038882e+04 
8.98428436218644e+01 9.99537354858025e+04 
9.00453482475632e+01 9.99560926506669e+04 
9.02479204282358e+01 9.99635149165839e+04 
9.04506070166489e+01 9.99719779088354e+04 
9.06534221098573e+01 9.99786234548344e+04 
9.08563074156330e+01 9.99828880369201e+04 
9.10592331034942e+01 9.99871254185735e+04 
9.12622364660194e+01 9.99919668421447e+04 
9.14653252837018e+01 1.00000993562663e+05 
9.16684271913442e+01 1.00009950400249e+05 
9.18715866137494e+01 1.00017328170257e+05 
9.20747842683971e+01 1.00022937383090e+05 
9.22778651165516e+01 1.00028765819581e+05 
9.24808149399466e+01 1.00033064831083e+05 
9.26836400845213e+01 1.00038136853190e+05 
9.28863873614108e+01 1.00042341518829e+05 
9.30890085767134e+01 1.00046085623571e+05 
9.32914663544503e+01 1.00049592061158e+05 
9.34938317764641e+01 1.00053389893052e+05 
9.36961022577806e+01 1.00054503089869e+05 
9.38982898525573e+01 1.00052706011598e+05 
9.41005250280928e+01 1.00049671128733e+05 
9.43027848548941e+01 1.00047391170373e+05 
9.45051224941694e+01 1.00046948308766e+05 
9.47075391235569e+01 1.00046915505307e+05 
9.49100356403763e+01 1.00044598311628e+05 
9.51126679959551e+01 1.00037220123207e+05 
9.53154338342254e+01 1.00028835041437e+05 
9.55183731288411e+01 1.00022422056716e+05 
9.57215113888919e+01 1.00018530262336e+05 
9.59247849047671e+01 1.00014741754455e+05 
9.61281201802749e+01 1.00010368075414e+05 
9.63314994562056e+01 1.00001713802072e+05 
9.65349076935859e+01 9.99930134475497e+04 
9.67383385387505e+01 9.99859204119868e+04 
9.69418207081187e+01 9.99806935680830e+04 
9.71453287818878e+01 9.99751941490589e+04 
9.73487757563585e+01 9.99710781257602e+04 
9.75521003395735e+01 9.99657413793307e+04 
9.77553203876417e+01 9.99611371626536e+04 
9.79584256456356e+01 9.99570122081715e+04 
9.81613154578645e+01 9.99532114773075e+04 
9.83640728139437e+01 9.99489642217232e+04 
9.85666800715794e+01 9.99471508397403e+04 
9.87691229821461e+01 9.99478316755420e+04 
9.89716027992200e+01 9.99498546945175e+04 
9.91740397132955e+01 9.99512337969671e+04 
9.93764536462670e+01 9.99509673701954e+04 
9.95788576239822e+01 9.99502072522301e+04 
9.97812656950711e+01 9.99519335858805e+04 
9.99837025244658e+01 9.99585482985586e+04 
1.00186246746907e+02 9.99662262571683e+04 
