# Liste des scalaires : TEMPS pmat 
0.00000000000000e+00 1.00000000000000e+05 
2.04081632653061e-01 1.00000000000000e+05 
4.08042165141975e-01 1.00000000000000e+05 
6.11832106953319e-01 1.00000000000000e+05 
8.15421737498182e-01 1.00000000000000e+05 
1.01884831470558e+00 1.00000000000000e+05 
1.22207818930831e+00 1.00000000000000e+05 
1.42513098547652e+00 1.00000000000000e+05 
1.62798725493260e+00 1.00000000000000e+05 
1.83053493087979e+00 1.00000000000000e+05 
2.03291905653503e+00 1.00000000000000e+05 
2.23520224592158e+00 1.00000000000000e+05 
2.43733969254296e+00 1.00000000000000e+05 
2.63931827049832e+00 1.00000000000000e+05 
2.84120332396323e+00 1.00000000000000e+05 
3.04297858176904e+00 1.00000000000000e+05 
3.24460591464334e+00 1.00000000000000e+05 
3.44612291562131e+00 1.00000000000000e+05 
3.64760922308227e+00 1.00000000000000e+05 
3.84909249851467e+00 1.00000000000000e+05 
4.05064469773747e+00 1.00000000000000e+05 
4.25222294222906e+00 1.00000000000000e+05 
4.45380035517506e+00 1.00000000000000e+05 
4.65542063364273e+00 1.00000000000000e+05 
4.85715243419261e+00 1.00000000000000e+05 
5.05906045928525e+00 1.00000000000000e+05 
5.26119401899534e+00 1.00000000000000e+05 
5.46347898380931e+00 1.00000000000000e+05 
5.66591894484892e+00 1.00000000000000e+05 
5.86852800362132e+00 1.00000000000000e+05 
6.07136345597011e+00 1.00000000000000e+05 
6.27438265108359e+00 1.00000000000000e+05 
6.47752964045090e+00 1.00000000000000e+05 
6.68089073121200e+00 1.00000000000000e+05 
6.88429870550576e+00 1.00000000000000e+05 
7.08769636443068e+00 1.00000000000000e+05 
7.29110827962174e+00 1.00000000000000e+05 
7.49449373816632e+00 1.00000000000000e+05 
7.69790617884871e+00 1.00000000000000e+05 
7.90135044231191e+00 1.00000000000000e+05 
8.10473659770851e+00 1.00000000000000e+05 
8.30800948139133e+00 1.00000000000000e+05 
8.51115234273433e+00 1.00000000000000e+05 
8.71416193711340e+00 1.00000000000000e+05 
8.91719900347831e+00 1.00000000000000e+05 
9.12020204041872e+00 1.00000000000000e+05 
9.32319297435189e+00 1.00000000000000e+05 
9.52619174127014e+00 1.00000000000000e+05 
9.72921908834018e+00 1.00000000000000e+05 
9.93229912946381e+00 1.00000000000000e+05 
1.01354642235065e+01 1.00000000000000e+05 
1.03387225987006e+01 1.00000000000000e+05 
1.05420932760412e+01 1.00000000000000e+05 
1.07455601602491e+01 1.00000000000000e+05 
1.09490636153785e+01 1.00000000000000e+05 
1.11525952040860e+01 1.00000000000000e+05 
1.13559908728595e+01 1.00000000000000e+05 
1.15591577617810e+01 1.00000000000000e+05 
1.17622381240369e+01 1.00000000000000e+05 
1.19650888349948e+01 1.00000000000000e+05 
1.21677288877747e+01 1.00000000000000e+05 
1.23702013159276e+01 1.00000000000000e+05 
1.25725982340610e+01 1.00000000000000e+05 
1.27748516426287e+01 1.00000000000000e+05 
1.29769249867640e+01 1.00000000000000e+05 
1.31787998828658e+01 1.00000000000000e+05 
1.33806014179065e+01 1.00000000000000e+05 
1.35822734033907e+01 1.00000000000000e+05 
1.37839887339651e+01 1.00000000000000e+05 
1.39857022015949e+01 1.00000000000000e+05 
1.41874661286692e+01 1.00000000000000e+05 
1.43892101845392e+01 1.00000000000000e+05 
1.45910326674531e+01 1.00000000000000e+05 
1.47929375836209e+01 1.00000000000000e+05 
1.49949695660416e+01 1.00000000000000e+05 
1.51971475723012e+01 1.00000000000000e+05 
1.53995487529939e+01 1.00000000000000e+05 
1.56020957788436e+01 1.00000000000000e+05 
1.58048076652820e+01 1.00000000000000e+05 
1.60076888558614e+01 1.00000000000000e+05 
1.62106850728960e+01 1.00000000000000e+05 
1.64138636363558e+01 1.00000000000000e+05 
1.66171481416695e+01 1.00000000000000e+05 
1.68205318926791e+01 1.00000000000000e+05 
1.70239717971818e+01 1.00000000000000e+05 
1.72274242526830e+01 1.00000000000000e+05 
1.74308511498678e+01 1.00000000000000e+05 
1.76342505270569e+01 1.00000000000000e+05 
1.78376212420556e+01 1.00000000000000e+05 
1.80409883913594e+01 1.00000000000000e+05 
1.82443050346869e+01 1.00000000000000e+05 
1.84474327837354e+01 1.00000000000000e+05 
1.86505503053125e+01 1.00000000000000e+05 
1.88535932316970e+01 1.00000000000000e+05 
1.90565608622741e+01 1.00000000000000e+05 
1.92594853707276e+01 1.00000000000000e+05 
1.94623796526000e+01 1.00000000000000e+05 
1.96652593507810e+01 1.00000000000000e+05 
1.98682128225951e+01 1.00000000000000e+05 
2.00712299723808e+01 1.00000000000000e+05 
2.02743632772251e+01 1.00000000000000e+05 
2.04775974201162e+01 1.00000000000000e+05 
2.06808993432005e+01 1.00000000000000e+05 
2.08842816624739e+01 1.00000000000000e+05 
2.10877109245459e+01 1.00000000000000e+05 
2.12911865561413e+01 1.00000000000000e+05 
2.14946542636065e+01 1.00000000000000e+05 
2.16979483115182e+01 1.00000000000000e+05 
2.19009928614698e+01 1.00000000000000e+05 
2.21039017811684e+01 1.00000000000000e+05 
2.23066497283774e+01 1.00000000000000e+05 
2.25092177015210e+01 1.00000000000000e+05 
2.27116581345214e+01 1.00000000000000e+05 
2.29139334651086e+01 1.00000000000000e+05 
2.31160467477100e+01 1.00000000000000e+05 
2.33179868862948e+01 1.00000000000000e+05 
2.35199180822287e+01 1.00000000000000e+05 
2.37218051763256e+01 1.00000000000000e+05 
2.39236768880851e+01 1.00000000000000e+05 
2.41255552893581e+01 1.00000000000000e+05 
2.43274126484990e+01 1.00000000000000e+05 
2.45293056915018e+01 1.00000000000000e+05 
2.47312963943893e+01 1.00000000000000e+05 
2.49333962174227e+01 1.00000000000000e+05 
2.51357213393038e+01 1.00000000000000e+05 
2.53382018572701e+01 1.00000000000000e+05 
2.55408488073704e+01 1.00000000000000e+05 
2.57436471827663e+01 1.00000000000000e+05 
2.59465698142901e+01 1.00000000000000e+05 
2.61496583369765e+01 1.00000000000000e+05 
2.63529142216749e+01 1.00000000000000e+05 
2.65562742668140e+01 1.00000000000000e+05 
2.67596972761635e+01 1.00000000000000e+05 
2.69631506643780e+01 1.00000000000000e+05 
2.71666356359982e+01 1.00000000000000e+05 
2.73700949757860e+01 1.00000000000000e+05 
2.75735042909555e+01 1.00000000000000e+05 
2.77768698215134e+01 1.00000000000000e+05 
2.79801634091441e+01 1.00000000000000e+05 
2.81832311137916e+01 1.00000000000000e+05 
2.83862493691881e+01 1.00000000000000e+05 
2.85892005667304e+01 1.00000000000000e+05 
2.87920289759177e+01 1.00000000000000e+05 
2.89947855911169e+01 1.00000000000000e+05 
2.91974758167431e+01 1.00000000000000e+05 
2.94001081727549e+01 1.00000000000000e+05 
2.96028174869848e+01 1.00000000000000e+05 
2.98055746712193e+01 1.00000000000000e+05 
3.00084175396436e+01 1.00000000000000e+05 
3.02113309117389e+01 1.00000000000000e+05 
3.04143391710080e+01 1.00000000000000e+05 
3.06174347641709e+01 1.00000000000000e+05 
3.08206359225875e+01 1.00000000000000e+05 
3.10238921252226e+01 1.00000000000000e+05 
3.12271617071788e+01 1.00000000000000e+05 
3.14304933723914e+01 1.00000000000000e+05 
3.16338559333766e+01 1.00000000000000e+05 
3.18371697100234e+01 1.00000000000000e+05 
3.20402940171543e+01 1.00000000000000e+05 
3.22432411366959e+01 1.00000000000000e+05 
3.24460329241944e+01 1.00000000000000e+05 
3.26486468730478e+01 1.00000000000000e+05 
3.28510694083674e+01 1.00000000000000e+05 
3.30532799861897e+01 1.00000000000000e+05 
3.32554482102955e+01 1.00000000000000e+05 
3.34575453553804e+01 1.00000000000000e+05 
3.36595641500324e+01 1.00000000000000e+05 
3.38615486883824e+01 1.00000000000000e+05 
3.40634799904239e+01 1.00000000000000e+05 
3.42653996408576e+01 1.00000000000000e+05 
3.44673939566842e+01 1.00000000000000e+05 
3.46694612546547e+01 1.00000000000000e+05 
3.48717036107216e+01 1.00000000000000e+05 
3.50740862371626e+01 1.00000000000000e+05 
3.52766015885758e+01 1.00000000000000e+05 
3.54793183147402e+01 1.00000000000000e+05 
3.56821412870120e+01 1.00000000000000e+05 
3.58851172271814e+01 1.00000000000000e+05 
3.60883109456795e+01 1.00000000000000e+05 
3.62916365042183e+01 1.00000000000000e+05 
3.64950404477902e+01 1.00000000000000e+05 
3.66984690806315e+01 1.00000000000000e+05 
3.69019364923025e+01 1.00000000000000e+05 
3.71054357283456e+01 1.00000000000000e+05 
3.73088956361505e+01 1.00000000000000e+05 
3.75123241222096e+01 1.00000000000000e+05 
3.77157068996436e+01 1.00000000000000e+05 
3.79188884208807e+01 1.00000000000000e+05 
3.81219429731373e+01 1.00000000000000e+05 
3.83249696414713e+01 1.00000000000000e+05 
3.85278282028840e+01 1.00000000000000e+05 
3.87305789313831e+01 1.00000000000000e+05 
3.89332338669238e+01 1.00000000000000e+05 
3.91357862752962e+01 1.00000000000000e+05 
3.93384030966966e+01 1.00000000000000e+05 
3.95410271713939e+01 1.00000000000000e+05 
3.97436993424354e+01 1.00000000000000e+05 
3.99463921856252e+01 1.00000000000000e+05 
4.01491654750551e+01 1.00000000000000e+05 
4.03520289195442e+01 1.00000000000000e+05 
4.05550048910795e+01 1.00000000000000e+05 
4.07580864187294e+01 1.00000000000000e+05 
4.09612286775592e+01 1.00000000000000e+05 
4.11644223380052e+01 1.00000000000000e+05 
4.13676607110112e+01 1.00000000000000e+05 
4.15709452306063e+01 1.00000000000000e+05 
4.17742442700769e+01 1.00000000000000e+05 
4.19775135223546e+01 1.00000000000000e+05 
4.21806564457985e+01 1.00000000000000e+05 
4.23835704544603e+01 1.00000000000000e+05 
4.25863222546333e+01 1.00000000000000e+05 
4.27888279196484e+01 1.00000000000000e+05 
4.29912615982889e+01 1.00000000000000e+05 
4.31935852435500e+01 1.00000000000000e+05 
4.33957815205678e+01 1.00000000000000e+05 
4.35978979487543e+01 1.00000000000000e+05 
4.37999304200929e+01 1.00000000000000e+05 
4.40019076885360e+01 1.00000000000000e+05 
4.42039337320145e+01 1.00000000000000e+05 
4.44060001538986e+01 1.00000000000000e+05 
4.46081858574393e+01 1.00000000000000e+05 
4.48104711684930e+01 1.00000000000000e+05 
4.50128451538969e+01 1.00000000000000e+05 
4.52153736753591e+01 1.00000000000000e+05 
4.54180340147901e+01 1.00000000000000e+05 
4.56208710244056e+01 1.00000000000000e+05 
4.58239099702678e+01 1.00000000000000e+05 
4.60270996589638e+01 1.00000000000000e+05 
4.62304657697298e+01 1.00000000000000e+05 
4.64338688960506e+01 1.00000000000000e+05 
4.66373017077841e+01 1.00000000000000e+05 
4.68407572598015e+01 1.00000000000000e+05 
4.70442546395734e+01 1.00000000000000e+05 
4.72477386480636e+01 1.00000000000000e+05 
4.74511939246332e+01 1.00000000000000e+05 
4.76545330594890e+01 1.00000000000000e+05 
4.78577067285611e+01 1.00000000000000e+05 
4.80608753693268e+01 1.00000000000000e+05 
4.82638354697416e+01 1.00000000000000e+05 
4.84666467540706e+01 1.00000000000000e+05 
4.86693473168333e+01 1.00000000000000e+05 
4.88719019249858e+01 1.00000000000000e+05 
4.90745027720318e+01 1.00000000000000e+05 
4.92770764391171e+01 1.00000000000000e+05 
4.94796476958813e+01 1.00000000000001e+05 
4.96822204167646e+01 1.00000000000018e+05 
4.98848222239144e+01 1.00000000000075e+05 
5.00874761862161e+01 1.00000000002114e+05 
5.02902390157782e+01 1.00000000058676e+05 
5.04931165644340e+01 1.00000000545314e+05 
5.06960805910771e+01 1.00000000931590e+05 
5.08991333423157e+01 1.00000001439689e+05 
5.11022578645217e+01 1.00000002444320e+05 
5.13054423763076e+01 1.00000003994308e+05 
5.15086548546338e+01 1.00000006824687e+05 
5.17119065645690e+01 1.00000011688638e+05 
5.19151950423545e+01 1.00000019427493e+05 
5.21183745006488e+01 1.00000032257980e+05 
5.23214088774139e+01 1.00000052238562e+05 
5.25242324010963e+01 1.00000084255476e+05 
5.27269607076205e+01 1.00000131492831e+05 
5.29295441731976e+01 1.00000201473365e+05 
5.31319496968064e+01 1.00000298083446e+05 
5.33342472842059e+01 1.00000438925478e+05 
5.35364267211515e+01 1.00000630136801e+05 
5.37385040812235e+01 1.00000900254202e+05 
5.39406083094777e+01 1.00001242126221e+05 
5.41427161596012e+01 1.00001683452474e+05 
5.43448835302565e+01 1.00002207688059e+05 
5.45471108975266e+01 1.00002875053558e+05 
5.47493910082137e+01 1.00003647383415e+05 
5.49517879790564e+01 1.00004580463602e+05 
5.51543020530474e+01 1.00005559772306e+05 
5.53569745540088e+01 1.00006640303462e+05 
5.55598668189212e+01 1.00007701405448e+05 
5.57629126136038e+01 1.00008855060106e+05 
5.59661352293277e+01 1.00009932750937e+05 
5.61694921057413e+01 1.00010990244696e+05 
5.63728862466536e+01 1.00011811831026e+05 
5.65762995126502e+01 1.00012539240843e+05 
5.67797565324227e+01 1.00013032867560e+05 
5.69832411929876e+01 1.00013424755251e+05 
5.71867575597213e+01 1.00013539048009e+05 
5.73902142438224e+01 1.00013431232595e+05 
5.75935504013974e+01 1.00013050945080e+05 
5.77968428105782e+01 1.00012543812667e+05 
5.79999523007818e+01 1.00011897891181e+05 
5.82028720166861e+01 1.00011106773807e+05 
5.84056737401209e+01 1.00010065762391e+05 
5.86082924096970e+01 1.00008743533695e+05 
5.88109369357781e+01 1.00007287529918e+05 
5.90135188227780e+01 1.00005715774658e+05 
5.92160540509742e+01 1.00004196778548e+05 
5.94185604009779e+01 1.00002560383572e+05 
5.96210526984744e+01 1.00000844140145e+05 
5.98235501837237e+01 9.99989225192407e+04 
6.00261485722220e+01 9.99970988355192e+04 
6.02288361841210e+01 9.99952569114775e+04 
6.04316638201486e+01 9.99936633903447e+04 
6.06345686020863e+01 9.99920529210253e+04 
6.08375671479841e+01 9.99905975547806e+04 
6.10406211004055e+01 9.99891404560195e+04 
6.12437426280142e+01 9.99879812478892e+04 
6.14469164445446e+01 9.99869107723488e+04 
6.16501210676312e+01 9.99861478014498e+04 
6.18533579475247e+01 9.99854898208121e+04 
6.20566264173889e+01 9.99851470664251e+04 
6.22597817220211e+01 9.99850191848981e+04 
6.24627995534665e+01 9.99851978803345e+04 
6.26656673735378e+01 9.99854795622078e+04 
6.28683131616467e+01 9.99859102992238e+04 
6.30708195650471e+01 9.99864514847080e+04 
6.32731804840720e+01 9.99872562383802e+04 
6.34753919046854e+01 9.99883341500450e+04 
6.36776034541254e+01 9.99895559514703e+04 
6.38797873688976e+01 9.99908358366743e+04 
6.40819738273611e+01 9.99920399285995e+04 
6.42841784067253e+01 9.99932964398246e+04 
6.44863959670241e+01 9.99946677335950e+04 
6.46886801912706e+01 9.99962509404111e+04 
6.48910662140103e+01 9.99978192638683e+04 
6.50935819241049e+01 9.99993830301850e+04 
6.52963226964966e+01 1.00000718319887e+05 
6.54992405740070e+01 1.00002025977642e+05 
6.57023188561443e+01 1.00003264035180e+05 
6.59055500692646e+01 1.00004573779178e+05 
6.61089027901603e+01 1.00005725886321e+05 
6.63122766649993e+01 1.00006818900188e+05 
6.65156872049080e+01 1.00007641395652e+05 
6.67191280630788e+01 1.00008348007377e+05 
6.69226164912726e+01 1.00008835835822e+05 
6.71261325074319e+01 1.00009225782212e+05 
6.73296169036911e+01 1.00009397246562e+05 
6.75330252299440e+01 1.00009484891405e+05 
6.77363198433455e+01 1.00009380697179e+05 
6.79393888572186e+01 1.00009145143407e+05 
6.81423368894994e+01 1.00008677521269e+05 
6.83450708709156e+01 1.00008034539754e+05 
6.85478069710537e+01 1.00007251427962e+05 
6.87504560574697e+01 1.00006413233109e+05 
6.89530120509714e+01 1.00005557727664e+05 
6.91555074049377e+01 1.00004617905505e+05 
6.93579506481004e+01 1.00003560649406e+05 
6.95603538262472e+01 1.00002348328466e+05 
6.97628467070184e+01 1.00001135290641e+05 
6.99654031500043e+01 9.99999223606114e+04 
7.01680675370484e+01 9.99988521304990e+04 
7.03708128597538e+01 9.99977849791852e+04 
7.05736643918905e+01 9.99967607613015e+04 
7.07765856443493e+01 9.99956899494185e+04 
7.09796045256010e+01 9.99947507155387e+04 
7.11826613299295e+01 9.99938702849466e+04 
7.13857897479778e+01 9.99932152785926e+04 
7.15889661007472e+01 9.99926801171243e+04 
7.17921459341708e+01 9.99923525315624e+04 
7.19953726252105e+01 9.99921509718968e+04 
7.21985718027617e+01 9.99921654029886e+04 
7.24016476186381e+01 9.99922921620471e+04 
7.26045430537818e+01 9.99926237213121e+04 
7.28072213299480e+01 9.99931416516766e+04 
7.30097805999067e+01 9.99939098149129e+04 
7.32121446685061e+01 9.99948847936015e+04 
7.34144836407241e+01 9.99959768434357e+04 
7.36167644759561e+01 9.99971151361609e+04 
7.38189887804541e+01 9.99982447293714e+04 
7.40211919750683e+01 9.99994481017640e+04 
7.42233714635407e+01 1.00000687239562e+05 
7.44255673633598e+01 1.00001976843614e+05 
7.46278498585127e+01 1.00003125033070e+05 
7.48302306656735e+01 1.00004184476704e+05 
7.50327937384072e+01 1.00005026143415e+05 
7.52355063125583e+01 1.00005790512432e+05 
7.54383722282391e+01 1.00006385897884e+05 
7.56414216244544e+01 1.00006908566120e+05 
7.58445981321123e+01 1.00007249484871e+05 
7.60479184214261e+01 1.00007522537003e+05 
7.62512929186171e+01 1.00007615875641e+05 
7.64546964242765e+01 1.00007587357179e+05 
7.66581350680706e+01 1.00007339931414e+05 
7.68616010200597e+01 1.00006930426237e+05 
7.70651079936182e+01 1.00006350404521e+05 
7.72686113724331e+01 1.00005703612585e+05 
7.74720611152207e+01 1.00004982997792e+05 
7.76753133911698e+01 1.00004145813111e+05 
7.78784461857672e+01 1.00003164079554e+05 
7.80813340565300e+01 1.00002041735703e+05 
7.82841986758304e+01 1.00000904184493e+05 
7.84869562928645e+01 9.99997908832312e+04 
7.86895714902216e+01 9.99987860591138e+04 
7.88920942905549e+01 9.99977571390732e+04 
7.90945315913393e+01 9.99967562388923e+04 
7.92968840114831e+01 9.99957088695378e+04 
7.94993122078064e+01 9.99947606186386e+04 
7.97017694779022e+01 9.99938593526738e+04 
7.99042936798559e+01 9.99931358196576e+04 
8.01068697501696e+01 9.99924767452057e+04 
8.03095192442820e+01 9.99919896571791e+04 
8.05122783411067e+01 9.99915807285309e+04 
8.07151532943511e+01 9.99913360474300e+04 
8.09180874917751e+01 9.99911348881366e+04 
8.11211009470289e+01 9.99910711108700e+04 
8.13241348982823e+01 9.99910959462000e+04 
8.15272528948804e+01 9.99913296703496e+04 
8.17303892546740e+01 9.99917000364644e+04 
8.19335573112213e+01 9.99921900011143e+04 
8.21368014274263e+01 9.99926862728139e+04 
8.23398733234911e+01 9.99932017238046e+04 
8.25427383975605e+01 9.99937788528464e+04 
8.27454995878572e+01 9.99944795989555e+04 
8.29480798671471e+01 9.99953156018273e+04 
8.31506062535737e+01 9.99962002998667e+04 
8.33530393401760e+01 9.99970736976727e+04 
8.35553612257224e+01 9.99978658375508e+04 
8.37576211955306e+01 9.99986703236424e+04 
8.39598226381276e+01 9.99994912811929e+04 
8.41619894017817e+01 1.00000408781844e+05 
8.43642239682605e+01 1.00001303753430e+05 
8.45665203012387e+01 1.00002185921504e+05 
8.47689483564908e+01 1.00002924146970e+05 
8.49714940232389e+01 1.00003606424864e+05 
8.51741579640687e+01 1.00004174037137e+05 
8.53769978718437e+01 1.00004732865133e+05 
8.55799804902041e+01 1.00005189778618e+05 
8.57831240408108e+01 1.00005628574876e+05 
8.59864536951827e+01 1.00005918363521e+05 
8.61898160798553e+01 1.00006105515260e+05 
8.63932062744392e+01 1.00006109215971e+05 
8.65966229319829e+01 1.00006009777066e+05 
8.68000940443101e+01 1.00005791020637e+05 
8.70035825837327e+01 1.00005554359799e+05 
8.72070843440491e+01 1.00005254384069e+05 
8.74105419344450e+01 1.00004857641845e+05 
8.76138267437083e+01 1.00004298340557e+05 
8.78169205534772e+01 1.00003591904620e+05 
8.80199632675196e+01 1.00002802575600e+05 
8.82228781681249e+01 1.00002001950722e+05 
8.84256106973253e+01 1.00001238820248e+05 
8.86282246424383e+01 1.00000436787343e+05 
8.88307219110573e+01 9.99995893113973e+04 
8.90330924047535e+01 9.99986318616764e+04 
8.92355207597714e+01 9.99976834284672e+04 
8.94379379157647e+01 9.99967513196389e+04 
8.96403799089431e+01 9.99959628168665e+04 
8.98428436218644e+01 9.99952267993265e+04 
9.00453482475632e+01 9.99945909109467e+04 
9.02479204282358e+01 9.99939539362920e+04 
9.04506070166489e+01 9.99934059263113e+04 
9.06534221098573e+01 9.99928850982420e+04 
9.08563074156330e+01 9.99925163302312e+04 
9.10592331034942e+01 9.99922493494437e+04 
9.12622364660194e+01 9.99921637784142e+04 
9.14653252837018e+01 9.99921745929949e+04 
9.16684271913442e+01 9.99923005454721e+04 
9.18715866137494e+01 9.99924502119777e+04 
9.20747842683971e+01 9.99926892097131e+04 
9.22778651165516e+01 9.99930340004129e+04 
9.24808149399466e+01 9.99935521817992e+04 
9.26836400845213e+01 9.99942265632837e+04 
9.28863873614108e+01 9.99949818557895e+04 
9.30890085767134e+01 9.99957436650051e+04 
9.32914663544503e+01 9.99964861009514e+04 
9.34938317764641e+01 9.99972865444516e+04 
9.36961022577806e+01 9.99981580111948e+04 
9.38982898525573e+01 9.99991553065959e+04 
9.41005250280928e+01 1.00000156731139e+05 
9.43027848548941e+01 1.00001155956042e+05 
9.45051224941694e+01 1.00002037585180e+05 
9.47075391235569e+01 1.00002901175436e+05 
9.49100356403763e+01 1.00003689330432e+05 
9.51126679959551e+01 1.00004495904302e+05 
9.53154338342254e+01 1.00005204500471e+05 
9.55183731288411e+01 1.00005885371693e+05 
9.57215113888919e+01 1.00006402191125e+05 
9.59247849047671e+01 1.00006824406997e+05 
9.61281201802749e+01 1.00007057316685e+05 
9.63314994562056e+01 1.00007179644353e+05 
9.65349076935859e+01 1.00007134843207e+05 
9.67383385387505e+01 1.00007033440693e+05 
9.69418207081187e+01 1.00006803451787e+05 
9.71453287818878e+01 1.00006451814299e+05 
9.73487757563585e+01 1.00005908883687e+05 
9.75521003395735e+01 1.00005205296151e+05 
9.77553203876417e+01 1.00004400169674e+05 
9.79584256456356e+01 1.00003573207288e+05 
9.81613154578645e+01 1.00002761395093e+05 
9.83640728139437e+01 1.00001884452458e+05 
9.85666800715794e+01 1.00000936145984e+05 
9.87691229821461e+01 9.99998697094212e+04 
9.89716027992200e+01 9.99988130592402e+04 
9.91740397132955e+01 9.99977734015039e+04 
9.93764536462670e+01 9.99968709184974e+04 
9.95788576239822e+01 9.99959940614608e+04 
9.97812656950711e+01 9.99952031612959e+04 
9.99837025244658e+01 9.99944118456592e+04 
1.00186246746907e+02 9.99937346504044e+04 
