# Liste des scalaires : TEMPS pmat 
0.00000000000000e+00 1.00000000000000e+05 
2.04081632653061e-01 1.00000000000000e+05 
4.08042165141975e-01 1.00000000000000e+05 
6.11832106953319e-01 1.00000000000000e+05 
8.15421737498182e-01 1.00000000000000e+05 
1.01884831470558e+00 1.00000000000000e+05 
1.22207818930831e+00 1.00000000000000e+05 
1.42513098547652e+00 1.00000000000000e+05 
1.62798725493260e+00 1.00000000000000e+05 
1.83053493087979e+00 1.00000000000000e+05 
2.03291905653503e+00 1.00000000000000e+05 
2.23520224592158e+00 1.00000000000000e+05 
2.43733969254296e+00 1.00000000000000e+05 
2.63931827049832e+00 1.00000000000000e+05 
2.84120332396323e+00 1.00000000000000e+05 
3.04297858176904e+00 1.00000000000000e+05 
3.24460591464334e+00 1.00000000000000e+05 
3.44612291562131e+00 1.00000000000000e+05 
3.64760922308227e+00 1.00000000000000e+05 
3.84909249851467e+00 1.00000000000000e+05 
4.05064469773747e+00 1.00000000000000e+05 
4.25222294222906e+00 1.00000000000000e+05 
4.45380035517506e+00 1.00000000000000e+05 
4.65542063364273e+00 1.00000000000000e+05 
4.85715243419261e+00 1.00000000000000e+05 
5.05906045928525e+00 1.00000000000000e+05 
5.26119401899534e+00 1.00000000000000e+05 
5.46347898380931e+00 1.00000000000000e+05 
5.66591894484892e+00 1.00000000000000e+05 
5.86852800362132e+00 1.00000000000000e+05 
6.07136345597011e+00 1.00000000000000e+05 
6.27438265108359e+00 1.00000000000000e+05 
6.47752964045090e+00 1.00000000000000e+05 
6.68089073121200e+00 1.00000000000000e+05 
6.88429870550576e+00 1.00000000000000e+05 
7.08769636443068e+00 1.00000000000000e+05 
7.29110827962174e+00 1.00000000000000e+05 
7.49449373816632e+00 1.00000000000000e+05 
7.69790617884871e+00 1.00000000000000e+05 
7.90135044231191e+00 1.00000000000000e+05 
8.10473659770851e+00 1.00000000000000e+05 
8.30800948139133e+00 1.00000000000000e+05 
8.51115234273433e+00 1.00000000000000e+05 
8.71416193711340e+00 1.00000000000000e+05 
8.91719900347831e+00 1.00000000000000e+05 
9.12020204041872e+00 1.00000000000000e+05 
9.32319297435189e+00 1.00000000000000e+05 
9.52619174127014e+00 1.00000000000000e+05 
9.72921908834018e+00 1.00000000000000e+05 
9.93229912946381e+00 1.00000000000000e+05 
1.01354642235065e+01 1.00000000000000e+05 
1.03387225987006e+01 1.00000000000000e+05 
1.05420932760412e+01 1.00000000000000e+05 
1.07455601602491e+01 1.00000000000000e+05 
1.09490636153785e+01 1.00000000000000e+05 
1.11525952040860e+01 1.00000000000000e+05 
1.13559908728595e+01 1.00000000000000e+05 
1.15591577617810e+01 1.00000000000000e+05 
1.17622381240369e+01 1.00000000000013e+05 
1.19650888349948e+01 1.00000000000054e+05 
1.21677288877747e+01 1.00000000022870e+05 
1.23702013159276e+01 1.00000000428199e+05 
1.25725982340610e+01 1.00000001090403e+05 
1.27748516426287e+01 1.00000002658447e+05 
1.29769249867640e+01 1.00000005786416e+05 
1.31787998828658e+01 1.00000012506029e+05 
1.33806014179065e+01 1.00000025207379e+05 
1.35822734033907e+01 1.00000050016256e+05 
1.37839887339651e+01 1.00000098845130e+05 
1.39857022015949e+01 1.00000185088218e+05 
1.41874661286692e+01 1.00000325615085e+05 
1.43892101845392e+01 1.00000555218071e+05 
1.45910326674531e+01 1.00000902639865e+05 
1.47929375836209e+01 1.00001425823662e+05 
1.49949695660416e+01 1.00002248891071e+05 
1.51971475723012e+01 1.00003406156199e+05 
1.53995487529939e+01 1.00004943979644e+05 
1.56020957788436e+01 1.00006876571963e+05 
1.58048076652820e+01 1.00009205467669e+05 
1.60076888558614e+01 1.00011968298277e+05 
1.62106850728960e+01 1.00015493065038e+05 
1.64138636363558e+01 1.00019490436691e+05 
1.66171481416695e+01 1.00023814721669e+05 
1.68205318926791e+01 1.00027736376523e+05 
1.70239717971818e+01 1.00031174203622e+05 
1.72274242526830e+01 1.00034299793960e+05 
1.74308511498678e+01 1.00037628285177e+05 
1.76342505270569e+01 1.00040562418061e+05 
1.78376212420556e+01 1.00043290959492e+05 
1.80409883913594e+01 1.00044048870247e+05 
1.82443050346869e+01 1.00043560352850e+05 
1.84474327837354e+01 1.00042496445296e+05 
1.86505503053125e+01 1.00041492735067e+05 
1.88535932316970e+01 1.00039805985851e+05 
1.90565608622741e+01 1.00038152715072e+05 
1.92594853707276e+01 1.00034686399607e+05 
1.94623796526000e+01 1.00030525041985e+05 
1.96652593507810e+01 1.00026278373878e+05 
1.98682128225951e+01 1.00021936296731e+05 
2.00712299723808e+01 1.00017270219853e+05 
2.02743632772251e+01 1.00012799022978e+05 
2.04775974201162e+01 1.00007678524223e+05 
2.06808993432005e+01 1.00002843580708e+05 
2.08842816624739e+01 9.99982856018688e+04 
2.10877109245459e+01 9.99936133535868e+04 
2.12911865561413e+01 9.99891995412138e+04 
2.14946542636065e+01 9.99850914803156e+04 
2.16979483115182e+01 9.99815989306431e+04 
2.19009928614698e+01 9.99789282763862e+04 
2.21039017811684e+01 9.99765313299901e+04 
2.23066497283774e+01 9.99740562643785e+04 
2.25092177015210e+01 9.99723659357443e+04 
2.27116581345214e+01 9.99711577246896e+04 
2.29139334651086e+01 9.99716725315274e+04 
2.31160467477100e+01 9.99732172259252e+04 
2.33179868862948e+01 9.99749618342095e+04 
2.35199180822287e+01 9.99766057017743e+04 
2.37218051763256e+01 9.99787705812085e+04 
2.39236768880851e+01 9.99809367186537e+04 
2.41255552893581e+01 9.99839946846444e+04 
2.43274126484990e+01 9.99869527638494e+04 
2.45293056915018e+01 9.99892739487766e+04 
2.47312963943893e+01 9.99909794407503e+04 
2.49333962174227e+01 9.99923161729485e+04 
2.51357213393038e+01 9.99934208886685e+04 
2.53382018572701e+01 9.99945638736814e+04 
2.55408488073704e+01 9.99955012077732e+04 
2.57436471827663e+01 9.99961655716964e+04 
2.59465698142901e+01 9.99965746394580e+04 
2.61496583369765e+01 9.99966558722115e+04 
2.63529142216749e+01 9.99965875523001e+04 
2.65562742668140e+01 9.99963708048447e+04 
2.67596972761635e+01 9.99961281092858e+04 
2.69631506643780e+01 9.99957542812619e+04 
2.71666356359982e+01 9.99952667537866e+04 
2.73700949757860e+01 9.99945852501309e+04 
2.75735042909555e+01 9.99937149829109e+04 
2.77768698215134e+01 9.99930083818379e+04 
2.79801634091441e+01 9.99924684909734e+04 
2.81832311137916e+01 9.99917614585257e+04 
2.83862493691881e+01 9.99908784639061e+04 
2.85892005667304e+01 9.99900146255860e+04 
2.87920289759177e+01 9.99889785252454e+04 
2.89947855911169e+01 9.99886300194124e+04 
2.91974758167431e+01 9.99885991465074e+04 
2.94001081727549e+01 9.99885336874794e+04 
2.96028174869848e+01 9.99882736076180e+04 
2.98055746712193e+01 9.99880843524786e+04 
3.00084175396436e+01 9.99878095624945e+04 
3.02113309117389e+01 9.99881998723362e+04 
3.04143391710080e+01 9.99889052064752e+04 
3.06174347641709e+01 9.99897712753603e+04 
3.08206359225875e+01 9.99905918299668e+04 
3.10238921252226e+01 9.99913852877839e+04 
3.12271617071788e+01 9.99921731466337e+04 
3.14304933723914e+01 9.99931639530065e+04 
3.16338559333766e+01 9.99941758098060e+04 
3.18371697100234e+01 9.99954383252522e+04 
3.20402940171543e+01 9.99968873952999e+04 
3.22432411366959e+01 9.99981521181445e+04 
3.24460329241944e+01 9.99995706714048e+04 
3.26486468730478e+01 1.00000648870847e+05 
3.28510694083674e+01 1.00001377766301e+05 
3.30532799861897e+01 1.00002356582981e+05 
3.32554482102955e+01 1.00003579610600e+05 
3.34575453553804e+01 1.00004513691179e+05 
3.36595641500324e+01 1.00005628269913e+05 
3.38615486883824e+01 1.00005887401486e+05 
3.40634799904239e+01 1.00005632449279e+05 
3.42653996408576e+01 1.00005451100528e+05 
3.44673939566842e+01 1.00005545755876e+05 
3.46694612546547e+01 1.00005450288772e+05 
3.48717036107216e+01 1.00005555539255e+05 
3.50740862371626e+01 1.00004939241199e+05 
3.52766015885758e+01 1.00004067898733e+05 
3.54793183147402e+01 1.00003217184419e+05 
3.56821412870120e+01 1.00002538779973e+05 
3.58851172271814e+01 1.00002002873368e+05 
3.60883109456795e+01 1.00001485957771e+05 
3.62916365042183e+01 1.00000782868684e+05 
3.64950404477902e+01 9.99999455599023e+04 
3.66984690806315e+01 9.99989010516918e+04 
3.69019364923025e+01 9.99977686379181e+04 
3.71054357283456e+01 9.99968926972310e+04 
3.73088956361505e+01 9.99958592044102e+04 
3.75123241222096e+01 9.99950811153587e+04 
3.77157068996436e+01 9.99944052087199e+04 
3.79188884208807e+01 9.99935244873643e+04 
3.81219429731373e+01 9.99924673065022e+04 
3.83249696414713e+01 9.99917491348393e+04 
3.85278282028840e+01 9.99908910828605e+04 
3.87305789313831e+01 9.99906905645111e+04 
3.89332338669238e+01 9.99907388245065e+04 
3.91357862752962e+01 9.99907363506237e+04 
3.93384030966966e+01 9.99905450534059e+04 
3.95410271713939e+01 9.99905253203486e+04 
3.97436993424354e+01 9.99904069213981e+04 
3.99463921856252e+01 9.99910220324165e+04 
4.01491654750551e+01 9.99918592793476e+04 
4.03520289195442e+01 9.99927766774353e+04 
4.05550048910795e+01 9.99936404127138e+04 
4.07580864187294e+01 9.99944217727244e+04 
4.09612286775592e+01 9.99952217342980e+04 
4.11644223380052e+01 9.99962616349416e+04 
4.13676607110112e+01 9.99973508675068e+04 
4.15709452306063e+01 9.99985271168298e+04 
4.17742442700769e+01 9.99997845910970e+04 
4.19775135223546e+01 1.00000745177904e+05 
4.21806564457985e+01 1.00001851997450e+05 
4.23835704544603e+01 1.00002660913748e+05 
4.25863222546333e+01 1.00003283029221e+05 
4.27888279196484e+01 1.00004103651609e+05 
4.29912615982889e+01 1.00005101392649e+05 
4.31935852435500e+01 1.00005737242006e+05 
4.33957815205678e+01 1.00006632512888e+05 
4.35978979487543e+01 1.00006846180853e+05 
4.37999304200929e+01 1.00006799166579e+05 
4.40019076885360e+01 1.00006906547566e+05 
4.42039337320145e+01 1.00007190215284e+05 
4.44060001538986e+01 1.00007299410738e+05 
4.46081858574393e+01 1.00007652261574e+05 
4.48104711684930e+01 1.00007383508887e+05 
4.50128451538969e+01 1.00006888631136e+05 
4.52153736753591e+01 1.00006423365839e+05 
4.54180340147901e+01 1.00006050946035e+05 
4.56208710244056e+01 1.00005816607253e+05 
4.58239099702678e+01 1.00005713319336e+05 
4.60270996589638e+01 1.00005308194468e+05 
4.62304657697298e+01 1.00004742039716e+05 
4.64338688960506e+01 1.00003969848751e+05 
4.66373017077841e+01 1.00002987778926e+05 
4.68407572598015e+01 1.00002149921324e+05 
4.70442546395734e+01 1.00001131257607e+05 
4.72477386480636e+01 1.00000161531765e+05 
4.74511939246332e+01 9.99992022918337e+04 
4.76545330594890e+01 9.99979512866690e+04 
4.78577067285611e+01 9.99964037276172e+04 
4.80608753693268e+01 9.99950685510588e+04 
4.82638354697416e+01 9.99934659425128e+04 
4.84666467540706e+01 9.99924625252281e+04 
4.86693473168333e+01 9.99917427954352e+04 
4.88719019249858e+01 9.99908474409313e+04 
4.90745027720318e+01 9.99896621728291e+04 
4.92770764391171e+01 9.99885875692370e+04 
4.94796476958813e+01 9.99872325520489e+04 
4.96822204167646e+01 9.99868361081146e+04 
4.98848222239144e+01 9.99869091799066e+04 
5.00874761862161e+01 9.99870837787066e+04 
5.02902390157782e+01 9.99872379738953e+04 
5.04931165644340e+01 9.99874486763605e+04 
5.06960805910771e+01 9.99875392627706e+04 
5.08991333423157e+01 9.99884113423081e+04 
5.11022578645217e+01 9.99895925998329e+04 
5.13054423763076e+01 9.99909886112108e+04 
5.15086548546338e+01 9.99925358481588e+04 
5.17119065645690e+01 9.99939605823252e+04 
5.19151950423545e+01 9.99954261228964e+04 
5.21183745006488e+01 9.99969405739650e+04 
5.23214088774139e+01 9.99983675189323e+04 
5.25242324010963e+01 9.99999218823974e+04 
5.27269607076205e+01 1.00001642087953e+05 
5.29295441731976e+01 1.00003052109955e+05 
5.31319496968064e+01 1.00004642933689e+05 
5.33342472842059e+01 1.00005627815687e+05 
5.35364267211515e+01 1.00006222305910e+05 
5.37385040812235e+01 1.00006890579567e+05 
5.39406083094777e+01 1.00007669324558e+05 
5.41427161596012e+01 1.00008174217515e+05 
5.43448835302565e+01 1.00008941795663e+05 
5.45471108975266e+01 1.00008905904219e+05 
5.47493910082137e+01 1.00008528978931e+05 
5.49517879790564e+01 1.00008166991852e+05 
5.51543020530474e+01 1.00007850216495e+05 
5.53569745540088e+01 1.00007487457236e+05 
5.55598668189212e+01 1.00007283162920e+05 
5.57629126136038e+01 1.00006602478031e+05 
5.59661352293277e+01 1.00005836776134e+05 
5.61694921057413e+01 1.00004969550254e+05 
5.63728862466536e+01 1.00003929681802e+05 
5.65762995126502e+01 1.00003002580220e+05 
5.67797565324227e+01 1.00001945209346e+05 
5.69832411929876e+01 1.00000877059856e+05 
5.71867575597213e+01 9.99997882362979e+04 
5.73902142438224e+01 9.99985248787284e+04 
5.75935504013974e+01 9.99969369071530e+04 
5.77968428105782e+01 9.99956008486517e+04 
5.79999523007818e+01 9.99939778184542e+04 
5.82028720166861e+01 9.99929292485010e+04 
5.84056737401209e+01 9.99921533614294e+04 
5.86082924096970e+01 9.99912155840444e+04 
5.88109369357781e+01 9.99900467070178e+04 
5.90135188227780e+01 9.99890893008304e+04 
5.92160540509742e+01 9.99878174385299e+04 
5.94185604009779e+01 9.99874715264987e+04 
5.96210526984744e+01 9.99875179502826e+04 
5.98235501837237e+01 9.99876829861128e+04 
6.00261485722220e+01 9.99878629422716e+04 
6.02288361841210e+01 9.99881927004514e+04 
6.04316638201486e+01 9.99884244343713e+04 
6.06345686020863e+01 9.99893204343746e+04 
6.08375671479841e+01 9.99904752113639e+04 
6.10406211004055e+01 9.99918866717809e+04 
6.12437426280142e+01 9.99934812041351e+04 
6.14469164445446e+01 9.99949506408795e+04 
6.16501210676312e+01 9.99964800496463e+04 
6.18533579475247e+01 9.99979617428230e+04 
6.20566264173889e+01 9.99993674161394e+04 
6.22597817220211e+01 1.00000904423740e+05 
6.24627995534665e+01 1.00002678806992e+05 
6.26656673735378e+01 1.00004105958589e+05 
6.28683131616467e+01 1.00005700073987e+05 
6.30708195650471e+01 1.00006632418885e+05 
6.32731804840720e+01 1.00007170913731e+05 
6.34753919046854e+01 1.00007855657231e+05 
6.36776034541254e+01 1.00008724326052e+05 
6.38797873688976e+01 1.00009284776045e+05 
6.40819738273611e+01 1.00010128416349e+05 
6.42841784067253e+01 1.00010122904759e+05 
6.44863959670241e+01 1.00009791098446e+05 
6.46886801912706e+01 1.00009488109951e+05 
6.48910662140103e+01 1.00009267662252e+05 
6.50935819241049e+01 1.00008971491685e+05 
6.52963226964966e+01 1.00008870762432e+05 
6.54992405740070e+01 1.00008220990239e+05 
6.57023188561443e+01 1.00007443463719e+05 
6.59055500692646e+01 1.00006593905212e+05 
6.61089027901603e+01 1.00005678405812e+05 
6.63122766649993e+01 1.00004932732065e+05 
6.65156872049080e+01 1.00004119947685e+05 
6.67191280630788e+01 1.00003269472253e+05 
6.69226164912726e+01 1.00002366608162e+05 
6.71261325074319e+01 1.00001269073634e+05 
6.73296169036911e+01 9.99998964763936e+04 
6.75330252299440e+01 9.99988351170326e+04 
6.77363198433455e+01 9.99975350482621e+04 
6.79393888572186e+01 9.99966841978575e+04 
6.81423368894994e+01 9.99960058803545e+04 
6.83450708709156e+01 9.99950878305336e+04 
6.85478069710537e+01 9.99939033945697e+04 
6.87504560574697e+01 9.99929360767880e+04 
6.89530120509714e+01 9.99916491774527e+04 
6.91555074049377e+01 9.99910798551576e+04 
6.93579506481004e+01 9.99907874331152e+04 
6.95603538262472e+01 9.99904779832092e+04 
6.97628467070184e+01 9.99900732829722e+04 
6.99654031500043e+01 9.99897927147653e+04 
7.01680675370484e+01 9.99893897290008e+04 
7.03708128597538e+01 9.99896478454462e+04 
7.05736643918905e+01 9.99902173690387e+04 
7.07765856443493e+01 9.99910039943205e+04 
7.09796045256010e+01 9.99919228295788e+04 
7.11826613299295e+01 9.99927313045443e+04 
7.13857897479778e+01 9.99935410687570e+04 
7.15889661007472e+01 9.99944951201485e+04 
7.17921459341708e+01 9.99954954672945e+04 
7.19953726252105e+01 9.99966507316685e+04 
7.21985718027617e+01 9.99980650280702e+04 
7.24016476186381e+01 9.99992221593255e+04 
7.26045430537818e+01 1.00000528319379e+05 
7.28072213299480e+01 1.00001414422305e+05 
7.30097805999067e+01 1.00002085454727e+05 
7.32121446685061e+01 1.00002934425414e+05 
7.34144836407241e+01 1.00003975917640e+05 
7.36167644759561e+01 1.00004770195577e+05 
7.38189887804541e+01 1.00005829207480e+05 
7.40211919750683e+01 1.00006206391337e+05 
7.42233714635407e+01 1.00006294795425e+05 
7.44255673633598e+01 1.00006441636780e+05 
7.46278498585127e+01 1.00006681715767e+05 
7.48302306656735e+01 1.00006848540555e+05 
7.50327937384072e+01 1.00007236192400e+05 
7.52355063125583e+01 1.00007142955448e+05 
7.54383722282391e+01 1.00006863336078e+05 
7.56414216244544e+01 1.00006488775479e+05 
7.58445981321123e+01 1.00006031993272e+05 
7.60479184214261e+01 1.00005719141128e+05 
7.62512929186171e+01 1.00005384904631e+05 
7.64546964242765e+01 1.00004949853046e+05 
7.66581350680706e+01 1.00004428261431e+05 
7.68616010200597e+01 1.00003655587980e+05 
7.70651079936182e+01 1.00002568084247e+05 
7.72686113724331e+01 1.00001677156497e+05 
7.74720611152207e+01 1.00000553220968e+05 
7.76753133911698e+01 9.99997440577970e+04 
7.78784461857672e+01 9.99990577569822e+04 
7.80813340565300e+01 9.99981378362705e+04 
7.82841986758304e+01 9.99969258808932e+04 
7.84869562928645e+01 9.99958783344756e+04 
7.86895714902216e+01 9.99945044662739e+04 
7.88920942905549e+01 9.99937685997542e+04 
7.90945315913393e+01 9.99933005591271e+04 
7.92968840114831e+01 9.99927868156460e+04 
7.94993122078064e+01 9.99921454271071e+04 
7.97017694779022e+01 9.99916163126586e+04 
7.99042936798559e+01 9.99908832476771e+04 
8.01068697501696e+01 9.99908029358702e+04 
8.03095192442820e+01 9.99910542538925e+04 
8.05122783411067e+01 9.99915163369161e+04 
8.07151532943511e+01 9.99921121056011e+04 
8.09180874917751e+01 9.99926831860540e+04 
8.11211009470289e+01 9.99932110599944e+04 
8.13241348982823e+01 9.99939985552083e+04 
8.15272528948804e+01 9.99948726179973e+04 
8.17303892546740e+01 9.99959862133682e+04 
8.19335573112213e+01 9.99973980125552e+04 
8.21368014274263e+01 9.99986438365492e+04 
8.23398733234911e+01 1.00000010444574e+05 
8.25427383975605e+01 1.00001021252302e+05 
8.27454995878572e+01 1.00001804000392e+05 
8.29480798671471e+01 1.00002778087868e+05 
8.31506062535737e+01 1.00004009016328e+05 
8.33530393401760e+01 1.00005010792479e+05 
8.35553612257224e+01 1.00006286698718e+05 
8.37576211955306e+01 1.00006853720265e+05 
8.39598226381276e+01 1.00007080960260e+05 
8.41619894017817e+01 1.00007376482109e+05 
8.43642239682605e+01 1.00007806704102e+05 
8.45665203012387e+01 1.00008107264454e+05 
8.47689483564908e+01 1.00008638032833e+05 
8.49714940232389e+01 1.00008549600059e+05 
8.51741579640687e+01 1.00008225464090e+05 
8.53769978718437e+01 1.00007844551429e+05 
8.55799804902041e+01 1.00007435935720e+05 
8.57831240408108e+01 1.00007114692370e+05 
8.59864536951827e+01 1.00006835007788e+05 
8.61898160798553e+01 1.00006299830656e+05 
8.63932062744392e+01 1.00005665359723e+05 
8.65966229319829e+01 1.00004826168743e+05 
8.68000940443101e+01 1.00003733002525e+05 
8.70035825837327e+01 1.00002813409859e+05 
8.72070843440491e+01 1.00001701904188e+05 
8.74105419344450e+01 1.00000795373370e+05 
8.76138267437083e+01 1.00000004462320e+05 
8.78169205534772e+01 9.99989520987873e+04 
8.80199632675196e+01 9.99976089275895e+04 
8.82228781681249e+01 9.99964740181948e+04 
8.84256106973253e+01 9.99950346665054e+04 
8.86282246424383e+01 9.99942235193711e+04 
8.88307219110573e+01 9.99937130628790e+04 
8.90330924047535e+01 9.99930776779601e+04 
8.92355207597714e+01 9.99922628673093e+04 
8.94379379157647e+01 9.99915921338760e+04 
8.96403799089431e+01 9.99906691909923e+04 
8.98428436218644e+01 9.99904618713877e+04 
9.00453482475632e+01 9.99906362838839e+04 
9.02479204282358e+01 9.99909787621376e+04 
9.04506070166489e+01 9.99913819303267e+04 
9.06534221098573e+01 9.99918061604752e+04 
9.08563074156330e+01 9.99921660677474e+04 
9.10592331034942e+01 9.99929066630264e+04 
9.12622364660194e+01 9.99937919573669e+04 
9.14653252837018e+01 9.99949153602327e+04 
9.16684271913442e+01 9.99962996555143e+04 
9.18715866137494e+01 9.99975021573517e+04 
9.20747842683971e+01 9.99987889549138e+04 
9.22778651165516e+01 9.99998521996330e+04 
9.24808149399466e+01 1.00000748529835e+05 
9.26836400845213e+01 1.00001865648585e+05 
9.28863873614108e+01 1.00003272630288e+05 
9.30890085767134e+01 1.00004420769548e+05 
9.32914663544503e+01 1.00005839623079e+05 
9.34938317764641e+01 1.00006575400389e+05 
9.36961022577806e+01 1.00006982168344e+05 
9.38982898525573e+01 1.00007458145733e+05 
9.41005250280928e+01 1.00008081080062e+05 
9.43027848548941e+01 1.00008517258193e+05 
9.45051224941694e+01 1.00009201894997e+05 
9.47075391235569e+01 1.00009193040821e+05 
9.49100356403763e+01 1.00008887703105e+05 
9.51126679959551e+01 1.00008559291652e+05 
9.53154338342254e+01 1.00008272626564e+05 
9.55183731288411e+01 1.00008032168646e+05 
9.57215113888919e+01 1.00007903729219e+05 
9.59247849047671e+01 1.00007399797070e+05 
9.61281201802749e+01 1.00006783695775e+05 
9.63314994562056e+01 1.00005995282049e+05 
9.65349076935859e+01 1.00004988483903e+05 
9.67383385387505e+01 1.00004143867311e+05 
9.69418207081187e+01 1.00003147940764e+05 
9.71453287818878e+01 1.00002243183175e+05 
9.73487757563585e+01 1.00001402060125e+05 
9.75521003395735e+01 1.00000290037992e+05 
9.77553203876417e+01 9.99988910393467e+04 
9.79584256456356e+01 9.99976993751507e+04 
9.81613154578645e+01 9.99962183112753e+04 
9.83640728139437e+01 9.99953237279649e+04 
9.85666800715794e+01 9.99946847106997e+04 
9.87691229821461e+01 9.99939074864668e+04 
9.89716027992200e+01 9.99928902942789e+04 
9.91740397132955e+01 9.99920162057679e+04 
9.93764536462670e+01 9.99908421347955e+04 
9.95788576239822e+01 9.99904469433872e+04 
9.97812656950711e+01 9.99904085706026e+04 
9.99837025244658e+01 9.99904909799984e+04 
1.00186246746907e+02 9.99905895403457e+04 
