# Liste des scalaires : TEMPS pmat 
0.00000000000000e+00 1.00000000000000e+05 
2.04081632653061e-01 1.00000000000000e+05 
4.08042165141975e-01 1.00000000000000e+05 
6.11832106953319e-01 1.00000000000000e+05 
8.15421737498182e-01 1.00000000000000e+05 
1.01884831470558e+00 1.00000000000000e+05 
1.22207818930831e+00 1.00000000000000e+05 
1.42513098547652e+00 1.00000000000000e+05 
1.62798725493260e+00 1.00000000000000e+05 
1.83053493087979e+00 1.00000000000000e+05 
2.03291905653503e+00 1.00000000000000e+05 
2.23520224592158e+00 1.00000000000000e+05 
2.43733969254296e+00 1.00000000000000e+05 
2.63931827049832e+00 1.00000000000000e+05 
2.84120332396323e+00 1.00000000000000e+05 
3.04297858176904e+00 1.00000000000000e+05 
3.24460591464334e+00 1.00000000000000e+05 
3.44612291562131e+00 1.00000000000000e+05 
3.64760922308227e+00 1.00000000000000e+05 
3.84909249851467e+00 1.00000000000000e+05 
4.05064469773747e+00 1.00000000000000e+05 
4.25222294222906e+00 1.00000000000000e+05 
4.45380035517506e+00 1.00000000000000e+05 
4.65542063364273e+00 1.00000000000000e+05 
4.85715243419261e+00 1.00000000000000e+05 
5.05906045928525e+00 1.00000000000000e+05 
5.26119401899534e+00 1.00000000000000e+05 
5.46347898380931e+00 1.00000000000000e+05 
5.66591894484892e+00 1.00000000000000e+05 
5.86852800362132e+00 1.00000000000000e+05 
6.07136345597011e+00 1.00000000000000e+05 
6.27438265108359e+00 1.00000000000000e+05 
6.47752964045090e+00 1.00000000000000e+05 
6.68089073121200e+00 1.00000000000000e+05 
6.88429870550576e+00 1.00000000000000e+05 
7.08769636443068e+00 1.00000000000000e+05 
7.29110827962174e+00 1.00000000000000e+05 
7.49449373816632e+00 1.00000000000000e+05 
7.69790617884871e+00 1.00000000000000e+05 
7.90135044231191e+00 1.00000000000000e+05 
8.10473659770851e+00 1.00000000000000e+05 
8.30800948139133e+00 1.00000000000000e+05 
8.51115234273433e+00 1.00000000000000e+05 
8.71416193711340e+00 1.00000000000000e+05 
8.91719900347831e+00 1.00000000000000e+05 
9.12020204041872e+00 1.00000000000000e+05 
9.32319297435189e+00 1.00000000000000e+05 
9.52619174127014e+00 1.00000000000000e+05 
9.72921908834018e+00 1.00000000000000e+05 
9.93229912946381e+00 1.00000000000000e+05 
1.01354642235065e+01 1.00000000000000e+05 
1.03387225987006e+01 1.00000000000000e+05 
1.05420932760412e+01 1.00000000000000e+05 
1.07455601602491e+01 1.00000000000000e+05 
1.09490636153785e+01 1.00000000000000e+05 
1.11525952040860e+01 1.00000000000000e+05 
1.13559908728595e+01 1.00000000000000e+05 
1.15591577617810e+01 1.00000000000000e+05 
1.17622381240369e+01 1.00000000000000e+05 
1.19650888349948e+01 1.00000000000000e+05 
1.21677288877747e+01 1.00000000000000e+05 
1.23702013159276e+01 1.00000000000000e+05 
1.25725982340610e+01 1.00000000000000e+05 
1.27748516426287e+01 1.00000000000000e+05 
1.29769249867640e+01 1.00000000000000e+05 
1.31787998828658e+01 1.00000000000000e+05 
1.33806014179065e+01 1.00000000000000e+05 
1.35822734033907e+01 1.00000000000000e+05 
1.37839887339651e+01 1.00000000000000e+05 
1.39857022015949e+01 1.00000000000000e+05 
1.41874661286692e+01 1.00000000000000e+05 
1.43892101845392e+01 1.00000000000000e+05 
1.45910326674531e+01 1.00000000000000e+05 
1.47929375836209e+01 1.00000000000000e+05 
1.49949695660416e+01 1.00000000000000e+05 
1.51971475723012e+01 1.00000000000000e+05 
1.53995487529939e+01 1.00000000000000e+05 
1.56020957788436e+01 1.00000000000000e+05 
1.58048076652820e+01 1.00000000000000e+05 
1.60076888558614e+01 1.00000000000000e+05 
1.62106850728960e+01 1.00000000000000e+05 
1.64138636363558e+01 1.00000000000000e+05 
1.66171481416695e+01 1.00000000000000e+05 
1.68205318926791e+01 1.00000000000000e+05 
1.70239717971818e+01 1.00000000000000e+05 
1.72274242526830e+01 1.00000000000000e+05 
1.74308511498678e+01 1.00000000000000e+05 
1.76342505270569e+01 1.00000000000000e+05 
1.78376212420556e+01 1.00000000000000e+05 
1.80409883913594e+01 1.00000000000000e+05 
1.82443050346869e+01 1.00000000000000e+05 
1.84474327837354e+01 1.00000000000000e+05 
1.86505503053125e+01 1.00000000000000e+05 
1.88535932316970e+01 1.00000000000000e+05 
1.90565608622741e+01 1.00000000000000e+05 
1.92594853707276e+01 1.00000000000000e+05 
1.94623796526000e+01 1.00000000000000e+05 
1.96652593507810e+01 1.00000000000000e+05 
1.98682128225951e+01 1.00000000000000e+05 
2.00712299723808e+01 1.00000000000000e+05 
2.02743632772251e+01 1.00000000000000e+05 
2.04775974201162e+01 1.00000000000000e+05 
2.06808993432005e+01 1.00000000000000e+05 
2.08842816624739e+01 1.00000000000000e+05 
2.10877109245459e+01 1.00000000000000e+05 
2.12911865561413e+01 1.00000000000000e+05 
2.14946542636065e+01 1.00000000000000e+05 
2.16979483115182e+01 1.00000000000000e+05 
2.19009928614698e+01 1.00000000000000e+05 
2.21039017811684e+01 1.00000000000000e+05 
2.23066497283774e+01 1.00000000000000e+05 
2.25092177015210e+01 1.00000000000000e+05 
2.27116581345214e+01 1.00000000000000e+05 
2.29139334651086e+01 1.00000000000000e+05 
2.31160467477100e+01 1.00000000000000e+05 
2.33179868862948e+01 1.00000000000000e+05 
2.35199180822287e+01 1.00000000000000e+05 
2.37218051763256e+01 1.00000000000000e+05 
2.39236768880851e+01 1.00000000000000e+05 
2.41255552893581e+01 1.00000000000000e+05 
2.43274126484990e+01 1.00000000000000e+05 
2.45293056915018e+01 1.00000000000000e+05 
2.47312963943893e+01 1.00000000000000e+05 
2.49333962174227e+01 1.00000000000000e+05 
2.51357213393038e+01 1.00000000000000e+05 
2.53382018572701e+01 1.00000000000000e+05 
2.55408488073704e+01 1.00000000000000e+05 
2.57436471827663e+01 1.00000000000000e+05 
2.59465698142901e+01 1.00000000000000e+05 
2.61496583369765e+01 1.00000000000000e+05 
2.63529142216749e+01 1.00000000000000e+05 
2.65562742668140e+01 1.00000000000000e+05 
2.67596972761635e+01 1.00000000000000e+05 
2.69631506643780e+01 1.00000000000000e+05 
2.71666356359982e+01 1.00000000000000e+05 
2.73700949757860e+01 1.00000000000000e+05 
2.75735042909555e+01 1.00000000000000e+05 
2.77768698215134e+01 1.00000000000000e+05 
2.79801634091441e+01 1.00000000000000e+05 
2.81832311137916e+01 1.00000000000000e+05 
2.83862493691881e+01 1.00000000000000e+05 
2.85892005667304e+01 1.00000000000000e+05 
2.87920289759177e+01 1.00000000000000e+05 
2.89947855911169e+01 1.00000000000000e+05 
2.91974758167431e+01 1.00000000000000e+05 
2.94001081727549e+01 1.00000000000000e+05 
2.96028174869848e+01 1.00000000000000e+05 
2.98055746712193e+01 1.00000000000000e+05 
3.00084175396436e+01 1.00000000000000e+05 
3.02113309117389e+01 1.00000000000000e+05 
3.04143391710080e+01 1.00000000000000e+05 
3.06174347641709e+01 1.00000000000000e+05 
3.08206359225875e+01 1.00000000000000e+05 
3.10238921252226e+01 1.00000000000000e+05 
3.12271617071788e+01 1.00000000000000e+05 
3.14304933723914e+01 1.00000000000000e+05 
3.16338559333766e+01 1.00000000000000e+05 
3.18371697100234e+01 1.00000000000000e+05 
3.20402940171543e+01 1.00000000000000e+05 
3.22432411366959e+01 1.00000000000000e+05 
3.24460329241944e+01 1.00000000000000e+05 
3.26486468730478e+01 1.00000000000000e+05 
3.28510694083674e+01 1.00000000000000e+05 
3.30532799861897e+01 1.00000000000000e+05 
3.32554482102955e+01 1.00000000000000e+05 
3.34575453553804e+01 1.00000000000000e+05 
3.36595641500324e+01 1.00000000000000e+05 
3.38615486883824e+01 1.00000000000000e+05 
3.40634799904239e+01 1.00000000000000e+05 
3.42653996408576e+01 1.00000000000000e+05 
3.44673939566842e+01 1.00000000000000e+05 
3.46694612546547e+01 1.00000000000000e+05 
3.48717036107216e+01 1.00000000000000e+05 
3.50740862371626e+01 1.00000000000000e+05 
3.52766015885758e+01 1.00000000000000e+05 
3.54793183147402e+01 1.00000000000000e+05 
3.56821412870120e+01 1.00000000000000e+05 
3.58851172271814e+01 1.00000000000000e+05 
3.60883109456795e+01 1.00000000000000e+05 
3.62916365042183e+01 1.00000000000000e+05 
3.64950404477902e+01 1.00000000000000e+05 
3.66984690806315e+01 1.00000000000000e+05 
3.69019364923025e+01 1.00000000000000e+05 
3.71054357283456e+01 1.00000000000000e+05 
3.73088956361505e+01 1.00000000000000e+05 
3.75123241222096e+01 1.00000000000000e+05 
3.77157068996436e+01 1.00000000000000e+05 
3.79188884208807e+01 1.00000000000000e+05 
3.81219429731373e+01 1.00000000000000e+05 
3.83249696414713e+01 1.00000000000000e+05 
3.85278282028840e+01 1.00000000000000e+05 
3.87305789313831e+01 1.00000000000000e+05 
3.89332338669238e+01 1.00000000000000e+05 
3.91357862752962e+01 1.00000000000000e+05 
3.93384030966966e+01 1.00000000000000e+05 
3.95410271713939e+01 1.00000000000000e+05 
3.97436993424354e+01 1.00000000000000e+05 
3.99463921856252e+01 1.00000000000000e+05 
4.01491654750551e+01 1.00000000000003e+05 
4.03520289195442e+01 1.00000000000054e+05 
4.05550048910795e+01 1.00000000000216e+05 
4.07580864187294e+01 1.00000000011957e+05 
4.09612286775592e+01 1.00000000270741e+05 
4.11644223380052e+01 1.00000000623175e+05 
4.13676607110112e+01 1.00000000954284e+05 
4.15709452306063e+01 1.00000001489784e+05 
4.17742442700769e+01 1.00000002520513e+05 
4.19775135223546e+01 1.00000004463025e+05 
4.21806564457985e+01 1.00000007836049e+05 
4.23835704544603e+01 1.00000013372647e+05 
4.25863222546333e+01 1.00000022205590e+05 
4.27888279196484e+01 1.00000036337015e+05 
4.29912615982889e+01 1.00000057168936e+05 
4.31935852435500e+01 1.00000091132515e+05 
4.33957815205678e+01 1.00000144262288e+05 
4.35978979487543e+01 1.00000220770341e+05 
4.37999304200929e+01 1.00000327792903e+05 
4.40019076885360e+01 1.00000476938928e+05 
4.42039337320145e+01 1.00000672085634e+05 
4.44060001538986e+01 1.00000954290483e+05 
4.46081858574393e+01 1.00001346742597e+05 
4.48104711684930e+01 1.00001842830175e+05 
4.50128451538969e+01 1.00002449927050e+05 
4.52153736753591e+01 1.00003166158447e+05 
4.54180340147901e+01 1.00003978809272e+05 
4.56208710244056e+01 1.00005010783862e+05 
4.58239099702678e+01 1.00006267258513e+05 
4.60270996589638e+01 1.00007631101182e+05 
4.62304657697298e+01 1.00009029825463e+05 
4.64338688960506e+01 1.00010337791683e+05 
4.66373017077841e+01 1.00011567500988e+05 
4.68407572598015e+01 1.00012924879368e+05 
4.70442546395734e+01 1.00014356670582e+05 
4.72477386480636e+01 1.00015618619962e+05 
4.74511939246332e+01 1.00016548033804e+05 
4.76545330594890e+01 1.00016978656574e+05 
4.78577067285611e+01 1.00017144692006e+05 
4.80608753693268e+01 1.00017287595587e+05 
4.82638354697416e+01 1.00017319890746e+05 
4.84666467540706e+01 1.00017076072971e+05 
4.86693473168333e+01 1.00016394053888e+05 
4.88719019249858e+01 1.00015265799013e+05 
4.90745027720318e+01 1.00013989996792e+05 
4.92770764391171e+01 1.00012573132525e+05 
4.94796476958813e+01 1.00010985692554e+05 
4.96822204167646e+01 1.00009172288844e+05 
4.98848222239144e+01 1.00007154150179e+05 
5.00874761862161e+01 1.00005014712998e+05 
5.02902390157782e+01 1.00002972148749e+05 
5.04931165644340e+01 1.00000849206385e+05 
5.06960805910771e+01 9.99985018561560e+04 
5.08991333423157e+01 9.99961454741498e+04 
5.11022578645217e+01 9.99938621939865e+04 
5.13054423763076e+01 9.99918489998236e+04 
5.15086548546338e+01 9.99900740078546e+04 
5.17119065645690e+01 9.99882402555642e+04 
5.19151950423545e+01 9.99862334271295e+04 
5.21183745006488e+01 9.99844365131845e+04 
5.23214088774139e+01 9.99829940561706e+04 
5.25242324010963e+01 9.99820480916905e+04 
5.27269607076205e+01 9.99813120357420e+04 
5.29295441731976e+01 9.99805874283290e+04 
5.31319496968064e+01 9.99798005404344e+04 
5.33342472842059e+01 9.99794115928456e+04 
5.35364267211515e+01 9.99795303114625e+04 
5.37385040812235e+01 9.99801011477998e+04 
5.39406083094777e+01 9.99807820238396e+04 
5.41427161596012e+01 9.99815070884574e+04 
5.43448835302565e+01 9.99823416232706e+04 
5.45471108975266e+01 9.99835409358741e+04 
5.47493910082137e+01 9.99852260872487e+04 
5.49517879790564e+01 9.99871625695158e+04 
5.51543020530474e+01 9.99890316545722e+04 
5.53569745540088e+01 9.99908851569577e+04 
5.55598668189212e+01 9.99929490900885e+04 
5.57629126136038e+01 9.99952321238354e+04 
5.59661352293277e+01 9.99976835663980e+04 
5.61694921057413e+01 1.00000012276477e+05 
5.63728862466536e+01 1.00002032831890e+05 
5.65762995126502e+01 1.00003975051275e+05 
5.67797565324227e+01 1.00006123629238e+05 
5.69832411929876e+01 1.00008174532084e+05 
5.71867575597213e+01 1.00010052174718e+05 
5.73902142438224e+01 1.00011480232037e+05 
5.75935504013974e+01 1.00012507124398e+05 
5.77968428105782e+01 1.00013417853821e+05 
5.79999523007818e+01 1.00014380805686e+05 
5.82028720166861e+01 1.00015061783955e+05 
5.84056737401209e+01 1.00015366316070e+05 
5.86082924096970e+01 1.00015184520147e+05 
5.88109369357781e+01 1.00014790365748e+05 
5.90135188227780e+01 1.00014260000044e+05 
5.92160540509742e+01 1.00013620818958e+05 
5.94185604009779e+01 1.00012711766891e+05 
5.96210526984744e+01 1.00011452248653e+05 
5.98235501837237e+01 1.00010007002582e+05 
6.00261485722220e+01 1.00008579060995e+05 
6.02288361841210e+01 1.00007082719307e+05 
6.04316638201486e+01 1.00005359675633e+05 
6.06345686020863e+01 1.00003417307336e+05 
6.08375671479841e+01 1.00001342038816e+05 
6.10406211004055e+01 9.99994246467248e+04 
6.12437426280142e+01 9.99978006053940e+04 
6.14469164445446e+01 9.99961920393818e+04 
6.16501210676312e+01 9.99943075992862e+04 
6.18533579475247e+01 9.99923942754334e+04 
6.20566264173889e+01 9.99905698699522e+04 
6.22597817220211e+01 9.99891412596001e+04 
6.24627995534665e+01 9.99881323022537e+04 
6.26656673735378e+01 9.99872082629118e+04 
6.28683131616467e+01 9.99861389326339e+04 
6.30708195650471e+01 9.99852073893142e+04 
6.32731804840720e+01 9.99845445861763e+04 
6.34753919046854e+01 9.99843763339623e+04 
6.36776034541254e+01 9.99845504087954e+04 
6.38797873688976e+01 9.99848417760026e+04 
6.40819738273611e+01 9.99851839573134e+04 
6.42841784067253e+01 9.99857524802981e+04 
6.44863959670241e+01 9.99866736408870e+04 
6.46886801912706e+01 9.99878893354431e+04 
6.48910662140103e+01 9.99892240886015e+04 
6.50935819241049e+01 9.99907138692707e+04 
6.52963226964966e+01 9.99924088006925e+04 
6.54992405740070e+01 9.99943466272521e+04 
6.57023188561443e+01 9.99964533109362e+04 
6.59055500692646e+01 9.99985576803755e+04 
6.61089027901603e+01 1.00000488220122e+05 
6.63122766649993e+01 1.00002492918498e+05 
6.65156872049080e+01 1.00004800083759e+05 
6.67191280630788e+01 1.00007188609077e+05 
6.69226164912726e+01 1.00009478920829e+05 
6.71261325074319e+01 1.00011416120818e+05 
6.73296169036911e+01 1.00012944518486e+05 
6.75330252299440e+01 1.00014423861838e+05 
6.77363198433455e+01 1.00016032947859e+05 
6.79393888572186e+01 1.00017453260863e+05 
6.81423368894994e+01 1.00018467315044e+05 
6.83450708709156e+01 1.00018789204758e+05 
6.85478069710537e+01 1.00018678006876e+05 
6.87504560574697e+01 1.00018360020945e+05 
6.89530120509714e+01 1.00017963752902e+05 
6.91555074049377e+01 1.00017251078596e+05 
6.93579506481004e+01 1.00016092093733e+05 
6.95603538262472e+01 1.00014551870836e+05 
6.97628467070184e+01 1.00012910935407e+05 
6.99654031500043e+01 1.00011096601598e+05 
7.01680675370484e+01 1.00009106195839e+05 
7.03708128597538e+01 1.00006880741764e+05 
7.05736643918905e+01 1.00004458374482e+05 
7.07765856443493e+01 1.00002044304567e+05 
7.09796045256010e+01 9.99997633560096e+04 
7.11826613299295e+01 9.99973996134112e+04 
7.13857897479778e+01 9.99947529392975e+04 
7.15889661007472e+01 9.99920827997455e+04 
7.17921459341708e+01 9.99895289483573e+04 
7.19953726252105e+01 9.99874129699410e+04 
7.21985718027617e+01 9.99856988332361e+04 
7.24016476186381e+01 9.99840369202236e+04 
7.26045430537818e+01 9.99822333117566e+04 
7.28072213299480e+01 9.99806150903505e+04 
7.30097805999067e+01 9.99793966524188e+04 
7.32121446685061e+01 9.99788140347756e+04 
7.34144836407241e+01 9.99786271795412e+04 
7.36167644759561e+01 9.99785481342826e+04 
7.38189887804541e+01 9.99785404302082e+04 
7.40211919750683e+01 9.99788752228193e+04 
7.42233714635407e+01 9.99797432387578e+04 
7.44255673633598e+01 9.99810928807063e+04 
7.46278498585127e+01 9.99826361509522e+04 
7.48302306656735e+01 9.99843764623571e+04 
7.50327937384072e+01 9.99863174902185e+04 
7.52355063125583e+01 9.99885464303834e+04 
7.54383722282391e+01 9.99910640213306e+04 
7.56414216244544e+01 9.99936497188871e+04 
7.58445981321123e+01 9.99961115912450e+04 
7.60479184214261e+01 9.99986240595808e+04 
7.62512929186171e+01 1.00001380891306e+05 
7.64546964242765e+01 1.00004176361757e+05 
7.66581350680706e+01 1.00006859857583e+05 
7.68616010200597e+01 1.00009106539677e+05 
7.70651079936182e+01 1.00010945793060e+05 
7.72686113724331e+01 1.00012699732247e+05 
7.74720611152207e+01 1.00014565777777e+05 
7.76753133911698e+01 1.00016218562305e+05 
7.78784461857672e+01 1.00017490597776e+05 
7.80813340565300e+01 1.00018092241259e+05 
7.82841986758304e+01 1.00018265216150e+05 
7.84869562928645e+01 1.00018280442271e+05 
7.86895714902216e+01 1.00018226905148e+05 
7.88920942905549e+01 1.00017899479514e+05 
7.90945315913393e+01 1.00017107423381e+05 
7.92968840114831e+01 1.00015904152095e+05 
7.94993122078064e+01 1.00014552318011e+05 
7.97017694779022e+01 1.00013017504743e+05 
7.99042936798559e+01 1.00011306568150e+05 
8.01068697501696e+01 1.00009331816449e+05 
8.03095192442820e+01 1.00007072934243e+05 
8.05122783411067e+01 1.00004796137530e+05 
8.07151532943511e+01 1.00002650554499e+05 
8.09180874917751e+01 1.00000476971879e+05 
8.11211009470289e+01 9.99980748817393e+04 
8.13241348982823e+01 9.99955797534743e+04 
8.15272528948804e+01 9.99931284769379e+04 
8.17303892546740e+01 9.99910274287102e+04 
8.19335573112213e+01 9.99893097884713e+04 
8.21368014274263e+01 9.99876624511199e+04 
8.23398733234911e+01 9.99858631193016e+04 
8.25427383975605e+01 9.99841880950368e+04 
8.27454995878572e+01 9.99827891644378e+04 
8.29480798671471e+01 9.99819756605464e+04 
8.31506062535737e+01 9.99815810864780e+04 
8.33530393401760e+01 9.99813257998982e+04 
8.35553612257224e+01 9.99810839827502e+04 
8.37576211955306e+01 9.99810175924979e+04 
8.39598226381276e+01 9.99814244302656e+04 
8.41619894017817e+01 9.99822901180019e+04 
8.43642239682605e+01 9.99833816005322e+04 
8.45665203012387e+01 9.99846649176356e+04 
8.47689483564908e+01 9.99861241742880e+04 
8.49714940232389e+01 9.99878443092049e+04 
8.51741579640687e+01 9.99898702682415e+04 
8.53769978718437e+01 9.99920316360209e+04 
8.55799804902041e+01 9.99941471191181e+04 
8.57831240408108e+01 9.99963548994229e+04 
8.59864536951827e+01 9.99988049488974e+04 
8.61898160798553e+01 1.00001386278546e+05 
8.63932062744392e+01 1.00003930878348e+05 
8.65966229319829e+01 1.00006180018443e+05 
8.68000940443101e+01 1.00008069140444e+05 
8.70035825837327e+01 1.00009925947037e+05 
8.72070843440491e+01 1.00011933885617e+05 
8.74105419344450e+01 1.00013823698353e+05 
8.76138267437083e+01 1.00015411381518e+05 
8.78169205534772e+01 1.00016368190235e+05 
8.80199632675196e+01 1.00016904833328e+05 
8.82228781681249e+01 1.00017280678391e+05 
8.84256106973253e+01 1.00017646180114e+05 
8.86282246424383e+01 1.00017818190382e+05 
8.88307219110573e+01 1.00017500936437e+05 
8.90330924047535e+01 1.00016710802712e+05 
8.92355207597714e+01 1.00015715039409e+05 
8.94379379157647e+01 1.00014542116591e+05 
8.96403799089431e+01 1.00013235300384e+05 
8.98428436218644e+01 1.00011695384187e+05 
9.00453482475632e+01 1.00009842797389e+05 
9.02479204282358e+01 1.00007869646126e+05 
9.04506070166489e+01 1.00005938026442e+05 
9.06534221098573e+01 1.00003930530958e+05 
9.08563074156330e+01 1.00001720619944e+05 
9.10592331034942e+01 9.99993816931585e+04 
9.12622364660194e+01 9.99970150670047e+04 
9.14653252837018e+01 9.99948994516955e+04 
9.16684271913442e+01 9.99930950378130e+04 
9.18715866137494e+01 9.99913055024002e+04 
9.20747842683971e+01 9.99893466112658e+04 
9.22778651165516e+01 9.99874375676030e+04 
9.24808149399466e+01 9.99857422991565e+04 
9.26836400845213e+01 9.99845565365443e+04 
9.28863873614108e+01 9.99837658384112e+04 
9.30890085767134e+01 9.99830928165684e+04 
9.32914663544503e+01 9.99823864344065e+04 
9.34938317764641e+01 9.99818638972491e+04 
9.36961022577806e+01 9.99817602454665e+04 
9.38982898525573e+01 9.99822089033459e+04 
9.41005250280928e+01 9.99829218136174e+04 
9.43027848548941e+01 9.99838111480480e+04 
9.45051224941694e+01 9.99848321453839e+04 
9.47075391235569e+01 9.99861177560425e+04 
9.49100356403763e+01 9.99877843342372e+04 
9.51126679959551e+01 9.99896822205013e+04 
9.53154338342254e+01 9.99916191045328e+04 
9.55183731288411e+01 9.99936796731086e+04 
9.57215113888919e+01 9.99959712930091e+04 
9.59247849047671e+01 9.99984346681821e+04 
9.61281201802749e+01 1.00000932955629e+05 
9.63314994562056e+01 1.00003240460344e+05 
9.65349076935859e+01 1.00005239765135e+05 
9.67383385387505e+01 1.00007231463629e+05 
9.69418207081187e+01 1.00009394472874e+05 
9.71453287818878e+01 1.00011472597856e+05 
9.73487757563585e+01 1.00013279086891e+05 
9.75521003395735e+01 1.00014552018777e+05 
9.77553203876417e+01 1.00015380970302e+05 
9.79584256456356e+01 1.00016066800406e+05 
9.81613154578645e+01 1.00016788698841e+05 
9.83640728139437e+01 1.00017325889375e+05 
9.85666800715794e+01 1.00017409992013e+05 
9.87691229821461e+01 1.00016934631199e+05 
9.89716027992200e+01 1.00016219919579e+05 
9.91740397132955e+01 1.00015343610056e+05 
9.93764536462670e+01 1.00014387787923e+05 
9.95788576239822e+01 1.00013216850350e+05 
9.97812656950711e+01 1.00011690917904e+05 
9.99837025244658e+01 1.00009973456802e+05 
1.00186246746907e+02 1.00008230555994e+05 
