# Liste des scalaires : TEMPS pmat 
0.00000000000000e+00 1.00000000000000e+05 
2.04081632653061e-01 1.00000000000000e+05 
4.08042165141975e-01 1.00000000000000e+05 
6.11832106953319e-01 1.00000000000000e+05 
8.15421737498182e-01 1.00000000000000e+05 
1.01884831470558e+00 1.00000000000000e+05 
1.22207818930831e+00 1.00000000000000e+05 
1.42513098547652e+00 1.00000000000000e+05 
1.62798725493260e+00 1.00000000000000e+05 
1.83053493087979e+00 1.00000000000000e+05 
2.03291905653503e+00 1.00000000000000e+05 
2.23520224592158e+00 1.00000000000000e+05 
2.43733969254296e+00 1.00000000000000e+05 
2.63931827049832e+00 1.00000000000000e+05 
2.84120332396323e+00 1.00000000000000e+05 
3.04297858176904e+00 1.00000000000000e+05 
3.24460591464334e+00 1.00000000000000e+05 
3.44612291562131e+00 1.00000000000000e+05 
3.64760922308227e+00 1.00000000000000e+05 
3.84909249851467e+00 1.00000000000000e+05 
4.05064469773747e+00 1.00000000000000e+05 
4.25222294222906e+00 1.00000000000000e+05 
4.45380035517506e+00 1.00000000000000e+05 
4.65542063364273e+00 1.00000000000000e+05 
4.85715243419261e+00 1.00000000000000e+05 
5.05906045928525e+00 1.00000000000000e+05 
5.26119401899534e+00 1.00000000000000e+05 
5.46347898380931e+00 1.00000000000000e+05 
5.66591894484892e+00 1.00000000000000e+05 
5.86852800362132e+00 1.00000000000000e+05 
6.07136345597011e+00 1.00000000000000e+05 
6.27438265108359e+00 1.00000000000000e+05 
6.47752964045090e+00 1.00000000000000e+05 
6.68089073121200e+00 1.00000000000000e+05 
6.88429870550576e+00 1.00000000000000e+05 
7.08769636443068e+00 1.00000000000000e+05 
7.29110827962174e+00 1.00000000000000e+05 
7.49449373816632e+00 1.00000000000000e+05 
7.69790617884871e+00 1.00000000000000e+05 
7.90135044231191e+00 1.00000000000000e+05 
8.10473659770851e+00 1.00000000000000e+05 
8.30800948139133e+00 1.00000000000000e+05 
8.51115234273433e+00 1.00000000000000e+05 
8.71416193711340e+00 1.00000000000000e+05 
8.91719900347831e+00 1.00000000000000e+05 
9.12020204041872e+00 1.00000000000000e+05 
9.32319297435189e+00 1.00000000000000e+05 
9.52619174127014e+00 1.00000000000000e+05 
9.72921908834018e+00 1.00000000000000e+05 
9.93229912946381e+00 1.00000000000000e+05 
1.01354642235065e+01 1.00000000000000e+05 
1.03387225987006e+01 1.00000000000000e+05 
1.05420932760412e+01 1.00000000000000e+05 
1.07455601602491e+01 1.00000000000000e+05 
1.09490636153785e+01 1.00000000000000e+05 
1.11525952040860e+01 1.00000000000000e+05 
1.13559908728595e+01 1.00000000000000e+05 
1.15591577617810e+01 1.00000000000000e+05 
1.17622381240369e+01 1.00000000000000e+05 
1.19650888349948e+01 1.00000000000000e+05 
1.21677288877747e+01 1.00000000000000e+05 
1.23702013159276e+01 1.00000000000000e+05 
1.25725982340610e+01 1.00000000000000e+05 
1.27748516426287e+01 1.00000000000000e+05 
1.29769249867640e+01 1.00000000000000e+05 
1.31787998828658e+01 1.00000000000000e+05 
1.33806014179065e+01 1.00000000000000e+05 
1.35822734033907e+01 1.00000000000000e+05 
1.37839887339651e+01 1.00000000000000e+05 
1.39857022015949e+01 1.00000000000000e+05 
1.41874661286692e+01 1.00000000000000e+05 
1.43892101845392e+01 1.00000000000000e+05 
1.45910326674531e+01 1.00000000000000e+05 
1.47929375836209e+01 1.00000000000000e+05 
1.49949695660416e+01 1.00000000000000e+05 
1.51971475723012e+01 1.00000000000000e+05 
1.53995487529939e+01 1.00000000000000e+05 
1.56020957788436e+01 1.00000000000000e+05 
1.58048076652820e+01 1.00000000000000e+05 
1.60076888558614e+01 1.00000000000000e+05 
1.62106850728960e+01 1.00000000000000e+05 
1.64138636363558e+01 1.00000000000000e+05 
1.66171481416695e+01 1.00000000000000e+05 
1.68205318926791e+01 1.00000000000000e+05 
1.70239717971818e+01 1.00000000000000e+05 
1.72274242526830e+01 1.00000000000000e+05 
1.74308511498678e+01 1.00000000000000e+05 
1.76342505270569e+01 1.00000000000000e+05 
1.78376212420556e+01 1.00000000000000e+05 
1.80409883913594e+01 1.00000000000000e+05 
1.82443050346869e+01 1.00000000000000e+05 
1.84474327837354e+01 1.00000000000000e+05 
1.86505503053125e+01 1.00000000000000e+05 
1.88535932316970e+01 1.00000000000000e+05 
1.90565608622741e+01 1.00000000000000e+05 
1.92594853707276e+01 1.00000000000000e+05 
1.94623796526000e+01 1.00000000000000e+05 
1.96652593507810e+01 1.00000000000000e+05 
1.98682128225951e+01 1.00000000000000e+05 
2.00712299723808e+01 1.00000000000000e+05 
2.02743632772251e+01 1.00000000000000e+05 
2.04775974201162e+01 1.00000000000000e+05 
2.06808993432005e+01 1.00000000000000e+05 
2.08842816624739e+01 1.00000000000000e+05 
2.10877109245459e+01 1.00000000000000e+05 
2.12911865561413e+01 1.00000000000000e+05 
2.14946542636065e+01 1.00000000000000e+05 
2.16979483115182e+01 1.00000000000000e+05 
2.19009928614698e+01 1.00000000000000e+05 
2.21039017811684e+01 1.00000000000000e+05 
2.23066497283774e+01 1.00000000000000e+05 
2.25092177015210e+01 1.00000000000000e+05 
2.27116581345214e+01 1.00000000000000e+05 
2.29139334651086e+01 1.00000000000000e+05 
2.31160467477100e+01 1.00000000000000e+05 
2.33179868862948e+01 1.00000000000000e+05 
2.35199180822287e+01 1.00000000000000e+05 
2.37218051763256e+01 1.00000000000000e+05 
2.39236768880851e+01 1.00000000000000e+05 
2.41255552893581e+01 1.00000000000000e+05 
2.43274126484990e+01 1.00000000000000e+05 
2.45293056915018e+01 1.00000000000000e+05 
2.47312963943893e+01 1.00000000000000e+05 
2.49333962174227e+01 1.00000000000000e+05 
2.51357213393038e+01 1.00000000000000e+05 
2.53382018572701e+01 1.00000000000000e+05 
2.55408488073704e+01 1.00000000000000e+05 
2.57436471827663e+01 1.00000000000000e+05 
2.59465698142901e+01 1.00000000000000e+05 
2.61496583369765e+01 1.00000000000000e+05 
2.63529142216749e+01 1.00000000000000e+05 
2.65562742668140e+01 1.00000000000000e+05 
2.67596972761635e+01 1.00000000000000e+05 
2.69631506643780e+01 1.00000000000000e+05 
2.71666356359982e+01 1.00000000000008e+05 
2.73700949757860e+01 1.00000000000234e+05 
2.75735042909555e+01 1.00000000001058e+05 
2.77768698215134e+01 1.00000000171731e+05 
2.79801634091441e+01 1.00000000585341e+05 
2.81832311137916e+01 1.00000001407559e+05 
2.83862493691881e+01 1.00000002365661e+05 
2.85892005667304e+01 1.00000004243207e+05 
2.87920289759177e+01 1.00000007310447e+05 
2.89947855911169e+01 1.00000012474566e+05 
2.91974758167431e+01 1.00000021342684e+05 
2.94001081727549e+01 1.00000036765283e+05 
2.96028174869848e+01 1.00000060172156e+05 
2.98055746712193e+01 1.00000097924803e+05 
3.00084175396436e+01 1.00000150822033e+05 
3.02113309117389e+01 1.00000228608209e+05 
3.04143391710080e+01 1.00000346251268e+05 
3.06174347641709e+01 1.00000521077673e+05 
3.08206359225875e+01 1.00000756678851e+05 
3.10238921252226e+01 1.00001086470427e+05 
3.12271617071788e+01 1.00001493351967e+05 
3.14304933723914e+01 1.00002006095278e+05 
3.16338559333766e+01 1.00002677632460e+05 
3.18371697100234e+01 1.00003509634655e+05 
3.20402940171543e+01 1.00004486060363e+05 
3.22432411366959e+01 1.00005667228282e+05 
3.24460329241944e+01 1.00006914462034e+05 
3.26486468730478e+01 1.00008222128373e+05 
3.28510694083674e+01 1.00009658860019e+05 
3.30532799861897e+01 1.00011064263892e+05 
3.32554482102955e+01 1.00012406532737e+05 
3.34575453553804e+01 1.00013819676982e+05 
3.36595641500324e+01 1.00015012909752e+05 
3.38615486883824e+01 1.00015990417944e+05 
3.40634799904239e+01 1.00016725242523e+05 
3.42653996408576e+01 1.00017082008716e+05 
3.44673939566842e+01 1.00017037106314e+05 
3.46694612546547e+01 1.00016957986971e+05 
3.48717036107216e+01 1.00016597134466e+05 
3.50740862371626e+01 1.00016128716524e+05 
3.52766015885758e+01 1.00015388159766e+05 
3.54793183147402e+01 1.00014267428017e+05 
3.56821412870120e+01 1.00012755357720e+05 
3.58851172271814e+01 1.00011223075821e+05 
3.60883109456795e+01 1.00009523524819e+05 
3.62916365042183e+01 1.00008117860307e+05 
3.64950404477902e+01 1.00006770065727e+05 
3.66984690806315e+01 1.00005344897076e+05 
3.69019364923025e+01 1.00003690484619e+05 
3.71054357283456e+01 1.00002072951832e+05 
3.73088956361505e+01 1.00000506747451e+05 
3.75123241222096e+01 9.99995510088942e+04 
3.77157068996436e+01 9.99990133947266e+04 
3.79188884208807e+01 9.99986428786700e+04 
3.81219429731373e+01 9.99981418228425e+04 
3.83249696414713e+01 9.99976071748221e+04 
3.85278282028840e+01 9.99970455500285e+04 
3.87305789313831e+01 9.99968878888979e+04 
3.89332338669238e+01 9.99969493297847e+04 
3.91357862752962e+01 9.99968849147862e+04 
3.93384030966966e+01 9.99965412657285e+04 
3.95410271713939e+01 9.99958859394855e+04 
3.97436993424354e+01 9.99950796890778e+04 
3.99463921856252e+01 9.99943751393595e+04 
4.01491654750551e+01 9.99936853505343e+04 
4.03520289195442e+01 9.99929416428047e+04 
4.05550048910795e+01 9.99920520808330e+04 
4.07580864187294e+01 9.99910444692141e+04 
4.09612286775592e+01 9.99901500233763e+04 
4.11644223380052e+01 9.99895237684455e+04 
4.13676607110112e+01 9.99890807085126e+04 
4.15709452306063e+01 9.99888023505352e+04 
4.17742442700769e+01 9.99885998962667e+04 
4.19775135223546e+01 9.99883004988219e+04 
4.21806564457985e+01 9.99881700699152e+04 
4.23835704544603e+01 9.99881573021402e+04 
4.25863222546333e+01 9.99883252401793e+04 
4.27888279196484e+01 9.99885724657840e+04 
4.29912615982889e+01 9.99890068594891e+04 
4.31935852435500e+01 9.99893842394764e+04 
4.33957815205678e+01 9.99898788176878e+04 
4.35978979487543e+01 9.99903023963652e+04 
4.37999304200929e+01 9.99907190089996e+04 
4.40019076885360e+01 9.99911775543833e+04 
4.42039337320145e+01 9.99918251765509e+04 
4.44060001538986e+01 9.99925679307809e+04 
4.46081858574393e+01 9.99934625297785e+04 
4.48104711684930e+01 9.99941769941525e+04 
4.50128451538969e+01 9.99948337432225e+04 
4.52153736753591e+01 9.99955377159219e+04 
4.54180340147901e+01 9.99964270147801e+04 
4.56208710244056e+01 9.99974709701973e+04 
4.58239099702678e+01 9.99986319520699e+04 
4.60270996589638e+01 9.99995448430817e+04 
4.62304657697298e+01 1.00000349201121e+05 
4.64338688960506e+01 1.00001091388421e+05 
4.66373017077841e+01 1.00001919329887e+05 
4.68407572598015e+01 1.00002849524706e+05 
4.70442546395734e+01 1.00003756067113e+05 
4.72477386480636e+01 1.00004292582946e+05 
4.74511939246332e+01 1.00004570740401e+05 
4.76545330594890e+01 1.00004634669894e+05 
4.78577067285611e+01 1.00004636939522e+05 
4.80608753693268e+01 1.00004694623104e+05 
4.82638354697416e+01 1.00004662170063e+05 
4.84666467540706e+01 1.00004333203011e+05 
4.86693473168333e+01 1.00003745183951e+05 
4.88719019249858e+01 1.00003017371942e+05 
4.90745027720318e+01 1.00002225639605e+05 
4.92770764391171e+01 1.00001505352293e+05 
4.94796476958813e+01 1.00000777685276e+05 
4.96822204167646e+01 1.00000101148962e+05 
4.98848222239144e+01 9.99993805692931e+04 
5.00874761862161e+01 9.99986913835200e+04 
5.02902390157782e+01 9.99980375490476e+04 
5.04931165644340e+01 9.99974415923074e+04 
5.06960805910771e+01 9.99969207987528e+04 
5.08991333423157e+01 9.99966417243274e+04 
5.11022578645217e+01 9.99965027093448e+04 
5.13054423763076e+01 9.99964947770491e+04 
5.15086548546338e+01 9.99965901749775e+04 
5.17119065645690e+01 9.99966495284204e+04 
5.19151950423545e+01 9.99967252669844e+04 
5.21183745006488e+01 9.99969698450782e+04 
5.23214088774139e+01 9.99973424001626e+04 
5.25242324010963e+01 9.99977979256021e+04 
5.27269607076205e+01 9.99983664483200e+04 
5.29295441731976e+01 9.99988250380389e+04 
5.31319496968064e+01 9.99992592230155e+04 
5.33342472842059e+01 9.99996484306258e+04 
5.35364267211515e+01 1.00000110916982e+05 
5.37385040812235e+01 1.00000623112839e+05 
5.39406083094777e+01 1.00001207062752e+05 
5.41427161596012e+01 1.00001757904119e+05 
5.43448835302565e+01 1.00002271656115e+05 
5.45471108975266e+01 1.00002595268294e+05 
5.47493910082137e+01 1.00002978097378e+05 
5.49517879790564e+01 1.00003371017776e+05 
5.51543020530474e+01 1.00003844814413e+05 
5.53569745540088e+01 1.00004402581328e+05 
5.55598668189212e+01 1.00004924817076e+05 
5.57629126136038e+01 1.00005217986889e+05 
5.59661352293277e+01 1.00005506319281e+05 
5.61694921057413e+01 1.00005760149785e+05 
5.63728862466536e+01 1.00005994279584e+05 
5.65762995126502e+01 1.00006315541193e+05 
5.67797565324227e+01 1.00006513316232e+05 
5.69832411929876e+01 1.00006445812556e+05 
5.71867575597213e+01 1.00006221787361e+05 
5.73902142438224e+01 1.00005860191271e+05 
5.75935504013974e+01 1.00005347863751e+05 
5.77968428105782e+01 1.00004827148311e+05 
5.79999523007818e+01 1.00004151717087e+05 
5.82028720166861e+01 1.00003362877959e+05 
5.84056737401209e+01 1.00002393861704e+05 
5.86082924096970e+01 1.00001247654776e+05 
5.88109369357781e+01 9.99999427147254e+04 
5.90135188227780e+01 9.99986006925341e+04 
5.92160540509742e+01 9.99972162375707e+04 
5.94185604009779e+01 9.99959909486642e+04 
5.96210526984744e+01 9.99947054646340e+04 
5.98235501837237e+01 9.99934277820367e+04 
6.00261485722220e+01 9.99920488791295e+04 
6.02288361841210e+01 9.99906428417287e+04 
6.04316638201486e+01 9.99893365980606e+04 
6.06345686020863e+01 9.99884351238622e+04 
6.08375671479841e+01 9.99876879572174e+04 
6.10406211004055e+01 9.99871466772040e+04 
6.12437426280142e+01 9.99867610936611e+04 
6.14469164445446e+01 9.99863065056883e+04 
6.16501210676312e+01 9.99860654973220e+04 
6.18533579475247e+01 9.99862189947043e+04 
6.20566264173889e+01 9.99866417908937e+04 
6.22597817220211e+01 9.99872616102139e+04 
6.24627995534665e+01 9.99881449202181e+04 
6.26656673735378e+01 9.99889910126612e+04 
6.28683131616467e+01 9.99900403992179e+04 
6.30708195650471e+01 9.99911751870306e+04 
6.32731804840720e+01 9.99924504042195e+04 
6.34753919046854e+01 9.99938885357165e+04 
6.36776034541254e+01 9.99955219980846e+04 
6.38797873688976e+01 9.99971361615557e+04 
6.40819738273611e+01 9.99987998838920e+04 
6.42841784067253e+01 1.00000217145042e+05 
6.44863959670241e+01 1.00001539420650e+05 
6.46886801912706e+01 1.00002808642292e+05 
6.48910662140103e+01 1.00004244203912e+05 
6.50935819241049e+01 1.00005688906272e+05 
6.52963226964966e+01 1.00007088285482e+05 
6.54992405740070e+01 1.00008034648605e+05 
6.57023188561443e+01 1.00008799788851e+05 
6.59055500692646e+01 1.00009424870275e+05 
6.61089027901603e+01 1.00010083865620e+05 
6.63122766649993e+01 1.00010790541741e+05 
6.65156872049080e+01 1.00011388255240e+05 
6.67191280630788e+01 1.00011430606689e+05 
6.69226164912726e+01 1.00011253627593e+05 
6.71261325074319e+01 1.00010845542736e+05 
6.73296169036911e+01 1.00010276153225e+05 
6.75330252299440e+01 1.00009799133902e+05 
6.77363198433455e+01 1.00009149420643e+05 
6.79393888572186e+01 1.00008165583206e+05 
6.81423368894994e+01 1.00006968025861e+05 
6.83450708709156e+01 1.00005594247883e+05 
6.85478069710537e+01 1.00004044073698e+05 
6.87504560574697e+01 1.00002486450664e+05 
6.89530120509714e+01 1.00000856135294e+05 
6.91555074049377e+01 9.99992669795442e+04 
6.93579506481004e+01 9.99976416282459e+04 
6.95603538262472e+01 9.99960315023390e+04 
6.97628467070184e+01 9.99943208802265e+04 
6.99654031500043e+01 9.99926470057382e+04 
7.01680675370484e+01 9.99910591879232e+04 
7.03708128597538e+01 9.99898964813186e+04 
7.05736643918905e+01 9.99889502502113e+04 
7.07765856443493e+01 9.99882608060917e+04 
7.09796045256010e+01 9.99877050309896e+04 
7.11826613299295e+01 9.99871437867594e+04 
7.13857897479778e+01 9.99867459581264e+04 
7.15889661007472e+01 9.99868515249554e+04 
7.17921459341708e+01 9.99872484239888e+04 
7.19953726252105e+01 9.99879247500478e+04 
7.21985718027617e+01 9.99888445584955e+04 
7.24016476186381e+01 9.99896772025422e+04 
7.26045430537818e+01 9.99906240000794e+04 
7.28072213299480e+01 9.99917530283481e+04 
7.30097805999067e+01 9.99930375168536e+04 
7.32121446685061e+01 9.99944337625364e+04 
7.34144836407241e+01 9.99960112998773e+04 
7.36167644759561e+01 9.99975353193330e+04 
7.38189887804541e+01 9.99990529773002e+04 
7.40211919750683e+01 1.00000380392335e+05 
7.42233714635407e+01 1.00001635496032e+05 
7.44255673633598e+01 1.00002889810572e+05 
7.46278498585127e+01 1.00004276351810e+05 
7.48302306656735e+01 1.00005658040560e+05 
7.50327937384072e+01 1.00006989157683e+05 
7.52355063125583e+01 1.00007955932108e+05 
7.54383722282391e+01 1.00008762628337e+05 
7.56414216244544e+01 1.00009450045244e+05 
7.58445981321123e+01 1.00010138157335e+05 
7.60479184214261e+01 1.00010886790112e+05 
7.62512929186171e+01 1.00011520207564e+05 
7.64546964242765e+01 1.00011692190870e+05 
7.66581350680706e+01 1.00011681960252e+05 
7.68616010200597e+01 1.00011447289462e+05 
7.70651079936182e+01 1.00011048542766e+05 
7.72686113724331e+01 1.00010708725726e+05 
7.74720611152207e+01 1.00010223084482e+05 
7.76753133911698e+01 1.00009409162985e+05 
7.78784461857672e+01 1.00008371740625e+05 
7.80813340565300e+01 1.00007130731313e+05 
7.82841986758304e+01 1.00005667157318e+05 
7.84869562928645e+01 1.00004180328240e+05 
7.86895714902216e+01 1.00002612995814e+05 
7.88920942905549e+01 1.00001073662289e+05 
7.90945315913393e+01 9.99994879468713e+04 
7.92968840114831e+01 9.99978082575350e+04 
7.94993122078064e+01 9.99959856515737e+04 
7.97017694779022e+01 9.99941831613718e+04 
7.99042936798559e+01 9.99924330543354e+04 
8.01068697501696e+01 9.99910653921746e+04 
8.03095192442820e+01 9.99898953520708e+04 
8.05122783411067e+01 9.99889296010978e+04 
8.07151532943511e+01 9.99880436718920e+04 
8.09180874917751e+01 9.99871589476913e+04 
8.11211009470289e+01 9.99864487842545e+04 
8.13241348982823e+01 9.99862601423391e+04 
8.15272528948804e+01 9.99863722216284e+04 
8.17303892546740e+01 9.99867736745064e+04 
8.19335573112213e+01 9.99874166243877e+04 
8.21368014274263e+01 9.99879731573639e+04 
8.23398733234911e+01 9.99886551378892e+04 
8.25427383975605e+01 9.99896247617707e+04 
8.27454995878572e+01 9.99908025789054e+04 
8.29480798671471e+01 9.99921390404534e+04 
8.31506062535737e+01 9.99936779758346e+04 
8.33530393401760e+01 9.99951718559321e+04 
8.35553612257224e+01 9.99966909145993e+04 
8.37576211955306e+01 9.99980863736239e+04 
8.39598226381276e+01 9.99994233307308e+04 
8.41619894017817e+01 1.00000818934527e+05 
8.43642239682605e+01 1.00002343376843e+05 
8.45665203012387e+01 1.00003855789017e+05 
8.47689483564908e+01 1.00005342819783e+05 
8.49714940232389e+01 1.00006496551394e+05 
8.51741579640687e+01 1.00007486908211e+05 
8.53769978718437e+01 1.00008392296003e+05 
8.55799804902041e+01 1.00009344869277e+05 
8.57831240408108e+01 1.00010365856460e+05 
8.59864536951827e+01 1.00011284430153e+05 
8.61898160798553e+01 1.00011723652620e+05 
8.63932062744392e+01 1.00011992766910e+05 
8.65966229319829e+01 1.00012027019471e+05 
8.68000940443101e+01 1.00011903840769e+05 
8.70035825837327e+01 1.00011866774300e+05 
8.72070843440491e+01 1.00011656262277e+05 
8.74105419344450e+01 1.00011077952824e+05 
8.76138267437083e+01 1.00010272729143e+05 
8.78169205534772e+01 1.00009255891274e+05 
8.80199632675196e+01 1.00008003790524e+05 
8.82228781681249e+01 1.00006755297125e+05 
8.84256106973253e+01 1.00005399841026e+05 
8.86282246424383e+01 1.00003986726396e+05 
8.88307219110573e+01 1.00002475614201e+05 
8.90330924047535e+01 1.00000816363368e+05 
8.92355207597714e+01 9.99989813064848e+04 
8.94379379157647e+01 9.99971673271854e+04 
8.96403799089431e+01 9.99953771541660e+04 
8.98428436218644e+01 9.99938905484332e+04 
9.00453482475632e+01 9.99925519390194e+04 
9.02479204282358e+01 9.99913654006477e+04 
9.04506070166489e+01 9.99901663768369e+04 
9.06534221098573e+01 9.99889590987603e+04 
9.08563074156330e+01 9.99879079667363e+04 
9.10592331034942e+01 9.99873732743348e+04 
9.12622364660194e+01 9.99870989610004e+04 
9.14653252837018e+01 9.99871102198015e+04 
9.16684271913442e+01 9.99873520633063e+04 
9.18715866137494e+01 9.99874635212709e+04 
9.20747842683971e+01 9.99877664865606e+04 
9.22778651165516e+01 9.99884138174299e+04 
9.24808149399466e+01 9.99893245809674e+04 
9.26836400845213e+01 9.99904445068091e+04 
9.28863873614108e+01 9.99917701964462e+04 
9.30890085767134e+01 9.99930339380684e+04 
9.32914663544503e+01 9.99943631429410e+04 
9.34938317764641e+01 9.99956706718751e+04 
9.36961022577806e+01 9.99969881499369e+04 
9.38982898525573e+01 9.99984029939617e+04 
9.41005250280928e+01 9.99999642535015e+04 
9.43027848548941e+01 1.00001495602981e+05 
9.45051224941694e+01 1.00003014110753e+05 
9.47075391235569e+01 1.00004236863620e+05 
9.49100356403763e+01 1.00005318356030e+05 
9.51126679959551e+01 1.00006357384888e+05 
9.53154338342254e+01 1.00007477740816e+05 
9.55183731288411e+01 1.00008648522715e+05 
9.57215113888919e+01 1.00009745660189e+05 
9.59247849047671e+01 1.00010387801168e+05 
9.61281201802749e+01 1.00010859439431e+05 
9.63314994562056e+01 1.00011130073302e+05 
9.65349076935859e+01 1.00011315676595e+05 
9.67383385387505e+01 1.00011586961810e+05 
9.69418207081187e+01 1.00011704570641e+05 
9.71453287818878e+01 1.00011402378049e+05 
9.73487757563585e+01 1.00010857881027e+05 
9.75521003395735e+01 1.00010128248704e+05 
9.77553203876417e+01 1.00009234919931e+05 
9.79584256456356e+01 1.00008296608604e+05 
9.81613154578645e+01 1.00007257573866e+05 
9.83640728139437e+01 1.00006108251127e+05 
9.85666800715794e+01 1.00004803785448e+05 
9.87691229821461e+01 1.00003317743853e+05 
9.89716027992200e+01 1.00001620913695e+05 
9.91740397132955e+01 9.99999347290693e+04 
9.93764536462670e+01 9.99982177879256e+04 
9.95788576239822e+01 9.99967505183133e+04 
9.97812656950711e+01 9.99953705456230e+04 
9.99837025244658e+01 9.99940451498312e+04 
1.00186246746907e+02 9.99926416864707e+04 
