# Liste des scalaires : TEMPS pmat 
0.00000000000000e+00 1.00000000000000e+05 
2.04081632653061e-01 1.00000000000000e+05 
4.08042165141975e-01 1.00000000000000e+05 
6.11832106953319e-01 1.00000000000000e+05 
8.15421737498182e-01 1.00000000000000e+05 
1.01884831470558e+00 1.00000000000000e+05 
1.22207818930831e+00 1.00000000000000e+05 
1.42513098547652e+00 1.00000000000000e+05 
1.62798725493260e+00 1.00000000000000e+05 
1.83053493087979e+00 1.00000000000000e+05 
2.03291905653503e+00 1.00000000000000e+05 
2.23520224592158e+00 1.00000000000000e+05 
2.43733969254296e+00 1.00000000000000e+05 
2.63931827049832e+00 1.00000000000000e+05 
2.84120332396323e+00 1.00000000000000e+05 
3.04297858176904e+00 1.00000000000000e+05 
3.24460591464334e+00 1.00000000000000e+05 
3.44612291562131e+00 1.00000000000000e+05 
3.64760922308227e+00 1.00000000000000e+05 
3.84909249851467e+00 1.00000000000000e+05 
4.05064469773747e+00 1.00000000000000e+05 
4.25222294222906e+00 1.00000000000000e+05 
4.45380035517506e+00 1.00000000000000e+05 
4.65542063364273e+00 1.00000000000000e+05 
4.85715243419261e+00 1.00000000000000e+05 
5.05906045928525e+00 1.00000000000000e+05 
5.26119401899534e+00 1.00000000000000e+05 
5.46347898380931e+00 1.00000000000000e+05 
5.66591894484892e+00 1.00000000000000e+05 
5.86852800362132e+00 1.00000000000000e+05 
6.07136345597011e+00 1.00000000000000e+05 
6.27438265108359e+00 1.00000000000000e+05 
6.47752964045090e+00 1.00000000000000e+05 
6.68089073121200e+00 1.00000000000000e+05 
6.88429870550576e+00 1.00000000000000e+05 
7.08769636443068e+00 1.00000000000000e+05 
7.29110827962174e+00 1.00000000000000e+05 
7.49449373816632e+00 1.00000000000000e+05 
7.69790617884871e+00 1.00000000000000e+05 
7.90135044231191e+00 1.00000000000000e+05 
8.10473659770851e+00 1.00000000000000e+05 
8.30800948139133e+00 1.00000000000000e+05 
8.51115234273433e+00 1.00000000000000e+05 
8.71416193711340e+00 1.00000000000000e+05 
8.91719900347831e+00 1.00000000000000e+05 
9.12020204041872e+00 1.00000000000000e+05 
9.32319297435189e+00 1.00000000000000e+05 
9.52619174127014e+00 1.00000000000000e+05 
9.72921908834018e+00 1.00000000000000e+05 
9.93229912946381e+00 1.00000000000000e+05 
1.01354642235065e+01 1.00000000000000e+05 
1.03387225987006e+01 1.00000000000000e+05 
1.05420932760412e+01 1.00000000000000e+05 
1.07455601602491e+01 1.00000000000000e+05 
1.09490636153785e+01 1.00000000000000e+05 
1.11525952040860e+01 1.00000000000000e+05 
1.13559908728595e+01 1.00000000000000e+05 
1.15591577617810e+01 1.00000000000000e+05 
1.17622381240369e+01 1.00000000000000e+05 
1.19650888349948e+01 1.00000000000000e+05 
1.21677288877747e+01 1.00000000000000e+05 
1.23702013159276e+01 1.00000000000000e+05 
1.25725982340610e+01 1.00000000000000e+05 
1.27748516426287e+01 1.00000000000000e+05 
1.29769249867640e+01 1.00000000000000e+05 
1.31787998828658e+01 1.00000000000000e+05 
1.33806014179065e+01 1.00000000000000e+05 
1.35822734033907e+01 1.00000000000000e+05 
1.37839887339651e+01 1.00000000000000e+05 
1.39857022015949e+01 1.00000000000000e+05 
1.41874661286692e+01 1.00000000000000e+05 
1.43892101845392e+01 1.00000000000000e+05 
1.45910326674531e+01 1.00000000000000e+05 
1.47929375836209e+01 1.00000000000000e+05 
1.49949695660416e+01 1.00000000000000e+05 
1.51971475723012e+01 1.00000000000000e+05 
1.53995487529939e+01 1.00000000000000e+05 
1.56020957788436e+01 1.00000000000000e+05 
1.58048076652820e+01 1.00000000000000e+05 
1.60076888558614e+01 1.00000000000000e+05 
1.62106850728960e+01 1.00000000000000e+05 
1.64138636363558e+01 1.00000000000000e+05 
1.66171481416695e+01 1.00000000000000e+05 
1.68205318926791e+01 1.00000000000000e+05 
1.70239717971818e+01 1.00000000000000e+05 
1.72274242526830e+01 1.00000000000000e+05 
1.74308511498678e+01 1.00000000000000e+05 
1.76342505270569e+01 1.00000000000000e+05 
1.78376212420556e+01 1.00000000000000e+05 
1.80409883913594e+01 1.00000000000000e+05 
1.82443050346869e+01 1.00000000000000e+05 
1.84474327837354e+01 1.00000000000000e+05 
1.86505503053125e+01 1.00000000000000e+05 
1.88535932316970e+01 1.00000000000000e+05 
1.90565608622741e+01 1.00000000000000e+05 
1.92594853707276e+01 1.00000000000000e+05 
1.94623796526000e+01 1.00000000000000e+05 
1.96652593507810e+01 1.00000000000000e+05 
1.98682128225951e+01 1.00000000000000e+05 
2.00712299723808e+01 1.00000000000000e+05 
2.02743632772251e+01 1.00000000000000e+05 
2.04775974201162e+01 1.00000000000000e+05 
2.06808993432005e+01 1.00000000000000e+05 
2.08842816624739e+01 1.00000000000000e+05 
2.10877109245459e+01 1.00000000000000e+05 
2.12911865561413e+01 1.00000000000000e+05 
2.14946542636065e+01 1.00000000000000e+05 
2.16979483115182e+01 1.00000000000000e+05 
2.19009928614698e+01 1.00000000000000e+05 
2.21039017811684e+01 1.00000000000000e+05 
2.23066497283774e+01 1.00000000000000e+05 
2.25092177015210e+01 1.00000000000000e+05 
2.27116581345214e+01 1.00000000000000e+05 
2.29139334651086e+01 1.00000000000000e+05 
2.31160467477100e+01 1.00000000000000e+05 
2.33179868862948e+01 1.00000000000000e+05 
2.35199180822287e+01 1.00000000000000e+05 
2.37218051763256e+01 1.00000000000000e+05 
2.39236768880851e+01 1.00000000000000e+05 
2.41255552893581e+01 1.00000000000000e+05 
2.43274126484990e+01 1.00000000000000e+05 
2.45293056915018e+01 1.00000000000000e+05 
2.47312963943893e+01 1.00000000000000e+05 
2.49333962174227e+01 1.00000000000000e+05 
2.51357213393038e+01 1.00000000000000e+05 
2.53382018572701e+01 1.00000000000000e+05 
2.55408488073704e+01 1.00000000000000e+05 
2.57436471827663e+01 1.00000000000000e+05 
2.59465698142901e+01 1.00000000000000e+05 
2.61496583369765e+01 1.00000000000000e+05 
2.63529142216749e+01 1.00000000000000e+05 
2.65562742668140e+01 1.00000000000000e+05 
2.67596972761635e+01 1.00000000000000e+05 
2.69631506643780e+01 1.00000000000000e+05 
2.71666356359982e+01 1.00000000000000e+05 
2.73700949757860e+01 1.00000000000000e+05 
2.75735042909555e+01 1.00000000000000e+05 
2.77768698215134e+01 1.00000000000000e+05 
2.79801634091441e+01 1.00000000000000e+05 
2.81832311137916e+01 1.00000000000000e+05 
2.83862493691881e+01 1.00000000000000e+05 
2.85892005667304e+01 1.00000000000000e+05 
2.87920289759177e+01 1.00000000000000e+05 
2.89947855911169e+01 1.00000000000000e+05 
2.91974758167431e+01 1.00000000000000e+05 
2.94001081727549e+01 1.00000000000000e+05 
2.96028174869848e+01 1.00000000000000e+05 
2.98055746712193e+01 1.00000000000000e+05 
3.00084175396436e+01 1.00000000000000e+05 
3.02113309117389e+01 1.00000000000000e+05 
3.04143391710080e+01 1.00000000000000e+05 
3.06174347641709e+01 1.00000000000000e+05 
3.08206359225875e+01 1.00000000000000e+05 
3.10238921252226e+01 1.00000000000000e+05 
3.12271617071788e+01 1.00000000000000e+05 
3.14304933723914e+01 1.00000000000000e+05 
3.16338559333766e+01 1.00000000000000e+05 
3.18371697100234e+01 1.00000000000000e+05 
3.20402940171543e+01 1.00000000000000e+05 
3.22432411366959e+01 1.00000000000000e+05 
3.24460329241944e+01 1.00000000000000e+05 
3.26486468730478e+01 1.00000000000000e+05 
3.28510694083674e+01 1.00000000000000e+05 
3.30532799861897e+01 1.00000000000000e+05 
3.32554482102955e+01 1.00000000000000e+05 
3.34575453553804e+01 1.00000000000000e+05 
3.36595641500324e+01 1.00000000000000e+05 
3.38615486883824e+01 1.00000000000000e+05 
3.40634799904239e+01 1.00000000000000e+05 
3.42653996408576e+01 1.00000000000000e+05 
3.44673939566842e+01 1.00000000000000e+05 
3.46694612546547e+01 1.00000000000000e+05 
3.48717036107216e+01 1.00000000000000e+05 
3.50740862371626e+01 1.00000000000000e+05 
3.52766015885758e+01 1.00000000000000e+05 
3.54793183147402e+01 1.00000000000000e+05 
3.56821412870120e+01 1.00000000000000e+05 
3.58851172271814e+01 1.00000000000000e+05 
3.60883109456795e+01 1.00000000000000e+05 
3.62916365042183e+01 1.00000000000000e+05 
3.64950404477902e+01 1.00000000000000e+05 
3.66984690806315e+01 1.00000000000000e+05 
3.69019364923025e+01 1.00000000000000e+05 
3.71054357283456e+01 1.00000000000000e+05 
3.73088956361505e+01 1.00000000000000e+05 
3.75123241222096e+01 1.00000000000000e+05 
3.77157068996436e+01 1.00000000000000e+05 
3.79188884208807e+01 1.00000000000000e+05 
3.81219429731373e+01 1.00000000000000e+05 
3.83249696414713e+01 1.00000000000000e+05 
3.85278282028840e+01 1.00000000000000e+05 
3.87305789313831e+01 1.00000000000000e+05 
3.89332338669238e+01 1.00000000000000e+05 
3.91357862752962e+01 1.00000000000000e+05 
3.93384030966966e+01 1.00000000000000e+05 
3.95410271713939e+01 1.00000000000000e+05 
3.97436993424354e+01 1.00000000000000e+05 
3.99463921856252e+01 1.00000000000000e+05 
4.01491654750551e+01 1.00000000000000e+05 
4.03520289195442e+01 1.00000000000000e+05 
4.05550048910795e+01 1.00000000000000e+05 
4.07580864187294e+01 1.00000000000000e+05 
4.09612286775592e+01 1.00000000000000e+05 
4.11644223380052e+01 1.00000000000000e+05 
4.13676607110112e+01 1.00000000000000e+05 
4.15709452306063e+01 1.00000000000000e+05 
4.17742442700769e+01 1.00000000000000e+05 
4.19775135223546e+01 1.00000000000000e+05 
4.21806564457985e+01 1.00000000000000e+05 
4.23835704544603e+01 1.00000000000000e+05 
4.25863222546333e+01 1.00000000000000e+05 
4.27888279196484e+01 1.00000000000000e+05 
4.29912615982889e+01 1.00000000000000e+05 
4.31935852435500e+01 1.00000000000000e+05 
4.33957815205678e+01 1.00000000000000e+05 
4.35978979487543e+01 1.00000000000000e+05 
4.37999304200929e+01 1.00000000000000e+05 
4.40019076885360e+01 1.00000000000000e+05 
4.42039337320145e+01 1.00000000000000e+05 
4.44060001538986e+01 1.00000000000000e+05 
4.46081858574393e+01 1.00000000000000e+05 
4.48104711684930e+01 1.00000000000002e+05 
4.50128451538969e+01 1.00000000000011e+05 
4.52153736753591e+01 1.00000000000169e+05 
4.54180340147901e+01 1.00000000001876e+05 
4.56208710244056e+01 1.00000000044132e+05 
4.58239099702678e+01 1.00000000344919e+05 
4.60270996589638e+01 1.00000000677212e+05 
4.62304657697298e+01 1.00000001052335e+05 
4.64338688960506e+01 1.00000001786784e+05 
4.66373017077841e+01 1.00000002892458e+05 
4.68407572598015e+01 1.00000004609054e+05 
4.70442546395734e+01 1.00000007317903e+05 
4.72477386480636e+01 1.00000011782259e+05 
4.74511939246332e+01 1.00000019035350e+05 
4.76545330594890e+01 1.00000031281883e+05 
4.78577067285611e+01 1.00000048364770e+05 
4.80608753693268e+01 1.00000072555706e+05 
4.82638354697416e+01 1.00000104595082e+05 
4.84666467540706e+01 1.00000151934548e+05 
4.86693473168333e+01 1.00000221234617e+05 
4.88719019249858e+01 1.00000322757832e+05 
4.90745027720318e+01 1.00000450825417e+05 
4.92770764391171e+01 1.00000611893060e+05 
4.94796476958813e+01 1.00000806457485e+05 
4.96822204167646e+01 1.00001056529844e+05 
4.98848222239144e+01 1.00001378573618e+05 
5.00874761862161e+01 1.00001775673814e+05 
5.02902390157782e+01 1.00002219856140e+05 
5.04931165644340e+01 1.00002701707945e+05 
5.06960805910771e+01 1.00003229458537e+05 
5.08991333423157e+01 1.00003803811705e+05 
5.11022578645217e+01 1.00004436832766e+05 
5.13054423763076e+01 1.00005052708018e+05 
5.15086548546338e+01 1.00005655131260e+05 
5.17119065645690e+01 1.00006194308783e+05 
5.19151950423545e+01 1.00006746233973e+05 
5.21183745006488e+01 1.00007234455841e+05 
5.23214088774139e+01 1.00007646125202e+05 
5.25242324010963e+01 1.00007852509190e+05 
5.27269607076205e+01 1.00008019004249e+05 
5.29295441731976e+01 1.00008060509408e+05 
5.31319496968064e+01 1.00008145390538e+05 
5.33342472842059e+01 1.00008119562319e+05 
5.35364267211515e+01 1.00007947014094e+05 
5.37385040812235e+01 1.00007513427993e+05 
5.39406083094777e+01 1.00007092944510e+05 
5.41427161596012e+01 1.00006588027625e+05 
5.43448835302565e+01 1.00006176391475e+05 
5.45471108975266e+01 1.00005720203078e+05 
5.47493910082137e+01 1.00005125252389e+05 
5.49517879790564e+01 1.00004335294988e+05 
5.51543020530474e+01 1.00003592161001e+05 
5.53569745540088e+01 1.00002816911740e+05 
5.55598668189212e+01 1.00002137232992e+05 
5.57629126136038e+01 1.00001495783469e+05 
5.59661352293277e+01 1.00000755600485e+05 
5.61694921057413e+01 9.99998989967742e+04 
5.63728862466536e+01 9.99991107447211e+04 
5.65762995126502e+01 9.99983621573095e+04 
5.67797565324227e+01 9.99976895492081e+04 
5.69832411929876e+01 9.99971471392196e+04 
5.71867575597213e+01 9.99966072008912e+04 
5.73902142438224e+01 9.99961092673373e+04 
5.75935504013974e+01 9.99956884014481e+04 
5.77968428105782e+01 9.99953747330974e+04 
5.79999523007818e+01 9.99951105841447e+04 
5.82028720166861e+01 9.99950421889096e+04 
5.84056737401209e+01 9.99950816196731e+04 
5.86082924096970e+01 9.99952858449934e+04 
5.88109369357781e+01 9.99955134758256e+04 
5.90135188227780e+01 9.99958763296279e+04 
5.92160540509742e+01 9.99962211151706e+04 
5.94185604009779e+01 9.99967388247464e+04 
5.96210526984744e+01 9.99974038503711e+04 
5.98235501837237e+01 9.99982177228263e+04 
6.00261485722220e+01 9.99989858134353e+04 
6.02288361841210e+01 9.99998003535221e+04 
6.04316638201486e+01 1.00000533324371e+05 
6.06345686020863e+01 1.00001267767110e+05 
6.08375671479841e+01 1.00002051152242e+05 
6.10406211004055e+01 1.00002794453325e+05 
6.12437426280142e+01 1.00003437482892e+05 
6.14469164445446e+01 1.00004004794031e+05 
6.16501210676312e+01 1.00004451669180e+05 
6.18533579475247e+01 1.00004704474266e+05 
6.20566264173889e+01 1.00004857225345e+05 
6.22597817220211e+01 1.00004819007856e+05 
6.24627995534665e+01 1.00004716239483e+05 
6.26656673735378e+01 1.00004513371263e+05 
6.28683131616467e+01 1.00004224038274e+05 
6.30708195650471e+01 1.00003722079573e+05 
6.32731804840720e+01 1.00003077541415e+05 
6.34753919046854e+01 1.00002303963552e+05 
6.36776034541254e+01 1.00001599660936e+05 
6.38797873688976e+01 1.00000910997596e+05 
6.40819738273611e+01 1.00000210835419e+05 
6.42841784067253e+01 9.99994492185495e+04 
6.44863959670241e+01 9.99986517239586e+04 
6.46886801912706e+01 9.99978802621691e+04 
6.48910662140103e+01 9.99972138216301e+04 
6.50935819241049e+01 9.99966504745125e+04 
6.52963226964966e+01 9.99960754163276e+04 
6.54992405740070e+01 9.99955900104968e+04 
6.57023188561443e+01 9.99951770441401e+04 
6.59055500692646e+01 9.99948963697598e+04 
6.61089027901603e+01 9.99946756147379e+04 
6.63122766649993e+01 9.99945771437879e+04 
6.65156872049080e+01 9.99944526449765e+04 
6.67191280630788e+01 9.99944607948412e+04 
6.69226164912726e+01 9.99946180334449e+04 
6.71261325074319e+01 9.99949286743340e+04 
6.73296169036911e+01 9.99952445901903e+04 
6.75330252299440e+01 9.99956445798733e+04 
6.77363198433455e+01 9.99960206451178e+04 
6.79393888572186e+01 9.99965142144948e+04 
6.81423368894994e+01 9.99971480537533e+04 
6.83450708709156e+01 9.99978818662790e+04 
6.85478069710537e+01 9.99985328707841e+04 
6.87504560574697e+01 9.99991670900010e+04 
6.89530120509714e+01 9.99997205051243e+04 
6.91555074049377e+01 1.00000270576711e+05 
6.93579506481004e+01 1.00000878519840e+05 
6.95603538262472e+01 1.00001417349105e+05 
6.97628467070184e+01 1.00001814248939e+05 
6.99654031500043e+01 1.00002076765235e+05 
7.01680675370484e+01 1.00002212602377e+05 
7.03708128597538e+01 1.00002166738236e+05 
7.05736643918905e+01 1.00002011130613e+05 
7.07765856443493e+01 1.00001644557509e+05 
7.09796045256010e+01 1.00001182439330e+05 
7.11826613299295e+01 1.00000615082197e+05 
7.13857897479778e+01 9.99999597242507e+04 
7.15889661007472e+01 9.99991790646762e+04 
7.17921459341708e+01 9.99983297341569e+04 
7.19953726252105e+01 9.99974717381714e+04 
7.21985718027617e+01 9.99966745638323e+04 
7.24016476186381e+01 9.99959038495034e+04 
7.26045430537818e+01 9.99950815047337e+04 
7.28072213299480e+01 9.99942896485834e+04 
7.30097805999067e+01 9.99935439225079e+04 
7.32121446685061e+01 9.99929645039688e+04 
7.34144836407241e+01 9.99924902118415e+04 
7.36167644759561e+01 9.99921398756090e+04 
7.38189887804541e+01 9.99917741686293e+04 
7.40211919750683e+01 9.99915404832944e+04 
7.42233714635407e+01 9.99914672941252e+04 
7.44255673633598e+01 9.99916571010029e+04 
7.46278498585127e+01 9.99919231196021e+04 
7.48302306656735e+01 9.99922964925325e+04 
7.50327937384072e+01 9.99926498006500e+04 
7.52355063125583e+01 9.99931200051630e+04 
7.54383722282391e+01 9.99937719059619e+04 
7.56414216244544e+01 9.99946397831186e+04 
7.58445981321123e+01 9.99955083897625e+04 
7.60479184214261e+01 9.99964141329111e+04 
7.62512929186171e+01 9.99973185308135e+04 
7.64546964242765e+01 9.99982520099563e+04 
7.66581350680706e+01 9.99993147925344e+04 
7.68616010200597e+01 1.00000439283163e+05 
7.70651079936182e+01 1.00001483121062e+05 
7.72686113724331e+01 1.00002470930229e+05 
7.74720611152207e+01 1.00003450628360e+05 
7.76753133911698e+01 1.00004328224597e+05 
7.78784461857672e+01 1.00005201965188e+05 
7.80813340565300e+01 1.00005934434294e+05 
7.82841986758304e+01 1.00006541989044e+05 
7.84869562928645e+01 1.00007004369366e+05 
7.86895714902216e+01 1.00007453902022e+05 
7.88920942905549e+01 1.00007711553571e+05 
7.90945315913393e+01 1.00007851676635e+05 
7.92968840114831e+01 1.00007745204773e+05 
7.94993122078064e+01 1.00007551311580e+05 
7.97017694779022e+01 1.00007220050174e+05 
7.99042936798559e+01 1.00006891897179e+05 
8.01068697501696e+01 1.00006385499829e+05 
8.03095192442820e+01 1.00005728521189e+05 
8.05122783411067e+01 1.00004870148797e+05 
8.07151532943511e+01 1.00004013877089e+05 
8.09180874917751e+01 1.00003090694506e+05 
8.11211009470289e+01 1.00002157047070e+05 
8.13241348982823e+01 1.00001176242977e+05 
8.15272528948804e+01 1.00000104435335e+05 
8.17303892546740e+01 9.99989994034069e+04 
8.19335573112213e+01 9.99979826002060e+04 
8.21368014274263e+01 9.99970011861238e+04 
8.23398733234911e+01 9.99960261814347e+04 
8.25427383975605e+01 9.99951430906073e+04 
8.27454995878572e+01 9.99942838261754e+04 
8.29480798671471e+01 9.99935962438296e+04 
8.31506062535737e+01 9.99930376873314e+04 
8.33530393401760e+01 9.99925918400856e+04 
8.35553612257224e+01 9.99921693010517e+04 
8.37576211955306e+01 9.99919165108025e+04 
8.39598226381276e+01 9.99917842276462e+04 
8.41619894017817e+01 9.99919100234027e+04 
8.43642239682605e+01 9.99921145889211e+04 
8.45665203012387e+01 9.99924153250597e+04 
8.47689483564908e+01 9.99927107959656e+04 
8.49714940232389e+01 9.99931552498064e+04 
8.51741579640687e+01 9.99937473375415e+04 
8.53769978718437e+01 9.99945462283146e+04 
8.55799804902041e+01 9.99953421862405e+04 
8.57831240408108e+01 9.99961765269194e+04 
8.59864536951827e+01 9.99970316723375e+04 
8.61898160798553e+01 9.99979148471048e+04 
8.63932062744392e+01 9.99988847728075e+04 
8.65966229319829e+01 9.99999143242440e+04 
8.68000940443101e+01 1.00000869624205e+05 
8.70035825837327e+01 1.00001796077459e+05 
8.72070843440491e+01 1.00002738851857e+05 
8.74105419344450e+01 1.00003593414710e+05 
8.76138267437083e+01 1.00004426824210e+05 
8.78169205534772e+01 1.00005129521741e+05 
8.80199632675196e+01 1.00005732304521e+05 
8.82228781681249e+01 1.00006251912939e+05 
8.84256106973253e+01 1.00006783503901e+05 
8.86282246424383e+01 1.00007157149141e+05 
8.88307219110573e+01 1.00007419975397e+05 
8.90330924047535e+01 1.00007450840767e+05 
8.92355207597714e+01 1.00007390723616e+05 
8.94379379157647e+01 1.00007229731175e+05 
8.96403799089431e+01 1.00007053998940e+05 
8.98428436218644e+01 1.00006705374983e+05 
9.00453482475632e+01 1.00006189886991e+05 
9.02479204282358e+01 1.00005448283342e+05 
9.04506070166489e+01 1.00004680337486e+05 
9.06534221098573e+01 1.00003855957583e+05 
9.08563074156330e+01 1.00003013625352e+05 
9.10592331034942e+01 1.00002085459868e+05 
9.12622364660194e+01 1.00001031187649e+05 
9.14653252837018e+01 9.99999154474803e+04 
9.16684271913442e+01 9.99988762696059e+04 
9.18715866137494e+01 9.99978758724665e+04 
9.20747842683971e+01 9.99968748346675e+04 
9.22778651165516e+01 9.99959398576066e+04 
9.24808149399466e+01 9.99950078675487e+04 
9.26836400845213e+01 9.99942243620294e+04 
9.28863873614108e+01 9.99935578705695e+04 
9.30890085767134e+01 9.99930118180929e+04 
9.32914663544503e+01 9.99924821761575e+04 
9.34938317764641e+01 9.99921234679427e+04 
9.36961022577806e+01 9.99918823883077e+04 
9.38982898525573e+01 9.99919053986342e+04 
9.41005250280928e+01 9.99920039171702e+04 
9.43027848548941e+01 9.99922068380438e+04 
9.45051224941694e+01 9.99923958865490e+04 
9.47075391235569e+01 9.99927436104963e+04 
9.49100356403763e+01 9.99932388614976e+04 
9.51126679959551e+01 9.99939535537007e+04 
9.53154338342254e+01 9.99946649662089e+04 
9.55183731288411e+01 9.99954173315570e+04 
9.57215113888919e+01 9.99961767762314e+04 
9.59247849047671e+01 9.99969818000709e+04 
9.61281201802749e+01 9.99978886459279e+04 
9.63314994562056e+01 9.99988780877693e+04 
9.65349076935859e+01 9.99998087673465e+04 
9.67383385387505e+01 1.00000710687049e+05 
9.69418207081187e+01 1.00001627071073e+05 
9.71453287818878e+01 1.00002470563537e+05 
9.73487757563585e+01 1.00003303871896e+05 
9.75521003395735e+01 1.00004031197508e+05 
9.77553203876417e+01 1.00004658922936e+05 
9.79584256456356e+01 1.00005201401177e+05 
9.81613154578645e+01 1.00005750012663e+05 
9.83640728139437e+01 1.00006154699339e+05 
9.85666800715794e+01 1.00006463673806e+05 
9.87691229821461e+01 1.00006559796278e+05 
9.89716027992200e+01 1.00006572835523e+05 
9.91740397132955e+01 1.00006499012684e+05 
9.93764536462670e+01 1.00006420274519e+05 
9.95788576239822e+01 1.00006201819537e+05 
9.97812656950711e+01 1.00005849927608e+05 
9.99837025244658e+01 1.00005287481624e+05 
1.00186246746907e+02 1.00004690273857e+05 
