# Liste des scalaires : TEMPS pmat 
0.00000000000000e+00 1.00000000000000e+05 
2.04081632653061e-01 1.00000000000000e+05 
4.08042165141975e-01 1.00000000000000e+05 
6.11832106953319e-01 1.00000000000000e+05 
8.15421737498182e-01 1.00000000000000e+05 
1.01884831470558e+00 1.00000000000000e+05 
1.22207818930831e+00 1.00000000000000e+05 
1.42513098547652e+00 1.00000000000000e+05 
1.62798725493260e+00 1.00000000000000e+05 
1.83053493087979e+00 1.00000000000000e+05 
2.03291905653503e+00 1.00000000000000e+05 
2.23520224592158e+00 1.00000000000000e+05 
2.43733969254296e+00 1.00000000000000e+05 
2.63931827049832e+00 1.00000000000000e+05 
2.84120332396323e+00 1.00000000000000e+05 
3.04297858176904e+00 1.00000000000000e+05 
3.24460591464334e+00 1.00000000000000e+05 
3.44612291562131e+00 1.00000000000000e+05 
3.64760922308227e+00 1.00000000000000e+05 
3.84909249851467e+00 1.00000000000000e+05 
4.05064469773747e+00 1.00000000000000e+05 
4.25222294222906e+00 1.00000000000000e+05 
4.45380035517506e+00 1.00000000000000e+05 
4.65542063364273e+00 1.00000000000000e+05 
4.85715243419261e+00 1.00000000000000e+05 
5.05906045928525e+00 1.00000000000000e+05 
5.26119401899534e+00 1.00000000000000e+05 
5.46347898380931e+00 1.00000000000000e+05 
5.66591894484892e+00 1.00000000000000e+05 
5.86852800362132e+00 1.00000000000000e+05 
6.07136345597011e+00 1.00000000000000e+05 
6.27438265108359e+00 1.00000000000000e+05 
6.47752964045090e+00 1.00000000000000e+05 
6.68089073121200e+00 1.00000000000000e+05 
6.88429870550576e+00 1.00000000000000e+05 
7.08769636443068e+00 1.00000000000000e+05 
7.29110827962174e+00 1.00000000000000e+05 
7.49449373816632e+00 1.00000000000000e+05 
7.69790617884871e+00 1.00000000000000e+05 
7.90135044231191e+00 1.00000000000000e+05 
8.10473659770851e+00 1.00000000000000e+05 
8.30800948139133e+00 1.00000000000000e+05 
8.51115234273433e+00 1.00000000000000e+05 
8.71416193711340e+00 1.00000000000000e+05 
8.91719900347831e+00 1.00000000000000e+05 
9.12020204041872e+00 1.00000000000000e+05 
9.32319297435189e+00 1.00000000000000e+05 
9.52619174127014e+00 1.00000000000000e+05 
9.72921908834018e+00 1.00000000000000e+05 
9.93229912946381e+00 1.00000000000000e+05 
1.01354642235065e+01 1.00000000000000e+05 
1.03387225987006e+01 1.00000000000000e+05 
1.05420932760412e+01 1.00000000000000e+05 
1.07455601602491e+01 1.00000000000000e+05 
1.09490636153785e+01 1.00000000000000e+05 
1.11525952040860e+01 1.00000000000000e+05 
1.13559908728595e+01 1.00000000000000e+05 
1.15591577617810e+01 1.00000000000000e+05 
1.17622381240369e+01 1.00000000000000e+05 
1.19650888349948e+01 1.00000000000000e+05 
1.21677288877747e+01 1.00000000000000e+05 
1.23702013159276e+01 1.00000000000000e+05 
1.25725982340610e+01 1.00000000000000e+05 
1.27748516426287e+01 1.00000000000000e+05 
1.29769249867640e+01 1.00000000000000e+05 
1.31787998828658e+01 1.00000000000000e+05 
1.33806014179065e+01 1.00000000000000e+05 
1.35822734033907e+01 1.00000000000000e+05 
1.37839887339651e+01 1.00000000000000e+05 
1.39857022015949e+01 1.00000000000000e+05 
1.41874661286692e+01 1.00000000000000e+05 
1.43892101845392e+01 1.00000000000000e+05 
1.45910326674531e+01 1.00000000000000e+05 
1.47929375836209e+01 1.00000000000000e+05 
1.49949695660416e+01 1.00000000000000e+05 
1.51971475723012e+01 1.00000000000000e+05 
1.53995487529939e+01 1.00000000000000e+05 
1.56020957788436e+01 1.00000000000000e+05 
1.58048076652820e+01 1.00000000000000e+05 
1.60076888558614e+01 1.00000000000000e+05 
1.62106850728960e+01 1.00000000000000e+05 
1.64138636363558e+01 1.00000000000000e+05 
1.66171481416695e+01 1.00000000000000e+05 
1.68205318926791e+01 1.00000000000000e+05 
1.70239717971818e+01 1.00000000000000e+05 
1.72274242526830e+01 1.00000000000000e+05 
1.74308511498678e+01 1.00000000000000e+05 
1.76342505270569e+01 1.00000000000000e+05 
1.78376212420556e+01 1.00000000000000e+05 
1.80409883913594e+01 1.00000000000000e+05 
1.82443050346869e+01 1.00000000000000e+05 
1.84474327837354e+01 1.00000000000000e+05 
1.86505503053125e+01 1.00000000000000e+05 
1.88535932316970e+01 1.00000000000000e+05 
1.90565608622741e+01 1.00000000000000e+05 
1.92594853707276e+01 1.00000000000000e+05 
1.94623796526000e+01 1.00000000000000e+05 
1.96652593507810e+01 1.00000000000000e+05 
1.98682128225951e+01 1.00000000000000e+05 
2.00712299723808e+01 1.00000000000000e+05 
2.02743632772251e+01 1.00000000000000e+05 
2.04775974201162e+01 1.00000000000000e+05 
2.06808993432005e+01 1.00000000000000e+05 
2.08842816624739e+01 1.00000000000000e+05 
2.10877109245459e+01 1.00000000000000e+05 
2.12911865561413e+01 1.00000000000000e+05 
2.14946542636065e+01 1.00000000000000e+05 
2.16979483115182e+01 1.00000000000000e+05 
2.19009928614698e+01 1.00000000000000e+05 
2.21039017811684e+01 1.00000000000000e+05 
2.23066497283774e+01 1.00000000000000e+05 
2.25092177015210e+01 1.00000000000000e+05 
2.27116581345214e+01 1.00000000000000e+05 
2.29139334651086e+01 1.00000000000000e+05 
2.31160467477100e+01 1.00000000000000e+05 
2.33179868862948e+01 1.00000000000000e+05 
2.35199180822287e+01 1.00000000000000e+05 
2.37218051763256e+01 1.00000000000000e+05 
2.39236768880851e+01 1.00000000000000e+05 
2.41255552893581e+01 1.00000000000000e+05 
2.43274126484990e+01 1.00000000000000e+05 
2.45293056915018e+01 1.00000000000000e+05 
2.47312963943893e+01 1.00000000000000e+05 
2.49333962174227e+01 1.00000000000000e+05 
2.51357213393038e+01 1.00000000000000e+05 
2.53382018572701e+01 1.00000000000000e+05 
2.55408488073704e+01 1.00000000000000e+05 
2.57436471827663e+01 1.00000000000000e+05 
2.59465698142901e+01 1.00000000000000e+05 
2.61496583369765e+01 1.00000000000000e+05 
2.63529142216749e+01 1.00000000000000e+05 
2.65562742668140e+01 1.00000000000000e+05 
2.67596972761635e+01 1.00000000000000e+05 
2.69631506643780e+01 1.00000000000000e+05 
2.71666356359982e+01 1.00000000000000e+05 
2.73700949757860e+01 1.00000000000000e+05 
2.75735042909555e+01 1.00000000000000e+05 
2.77768698215134e+01 1.00000000000000e+05 
2.79801634091441e+01 1.00000000000000e+05 
2.81832311137916e+01 1.00000000000000e+05 
2.83862493691881e+01 1.00000000000000e+05 
2.85892005667304e+01 1.00000000000000e+05 
2.87920289759177e+01 1.00000000000000e+05 
2.89947855911169e+01 1.00000000000000e+05 
2.91974758167431e+01 1.00000000000000e+05 
2.94001081727549e+01 1.00000000000000e+05 
2.96028174869848e+01 1.00000000000000e+05 
2.98055746712193e+01 1.00000000000000e+05 
3.00084175396436e+01 1.00000000000000e+05 
3.02113309117389e+01 1.00000000000000e+05 
3.04143391710080e+01 1.00000000000000e+05 
3.06174347641709e+01 1.00000000000000e+05 
3.08206359225875e+01 1.00000000000000e+05 
3.10238921252226e+01 1.00000000000000e+05 
3.12271617071788e+01 1.00000000000000e+05 
3.14304933723914e+01 1.00000000000000e+05 
3.16338559333766e+01 1.00000000000000e+05 
3.18371697100234e+01 1.00000000000000e+05 
3.20402940171543e+01 1.00000000000000e+05 
3.22432411366959e+01 1.00000000000000e+05 
3.24460329241944e+01 1.00000000000000e+05 
3.26486468730478e+01 1.00000000000000e+05 
3.28510694083674e+01 1.00000000000000e+05 
3.30532799861897e+01 1.00000000000000e+05 
3.32554482102955e+01 1.00000000000000e+05 
3.34575453553804e+01 1.00000000000000e+05 
3.36595641500324e+01 1.00000000000000e+05 
3.38615486883824e+01 1.00000000000000e+05 
3.40634799904239e+01 1.00000000000000e+05 
3.42653996408576e+01 1.00000000000000e+05 
3.44673939566842e+01 1.00000000000000e+05 
3.46694612546547e+01 1.00000000000000e+05 
3.48717036107216e+01 1.00000000000000e+05 
3.50740862371626e+01 1.00000000000000e+05 
3.52766015885758e+01 1.00000000000000e+05 
3.54793183147402e+01 1.00000000000000e+05 
3.56821412870120e+01 1.00000000000000e+05 
3.58851172271814e+01 1.00000000000000e+05 
3.60883109456795e+01 1.00000000000000e+05 
3.62916365042183e+01 1.00000000000000e+05 
3.64950404477902e+01 1.00000000000000e+05 
3.66984690806315e+01 1.00000000000000e+05 
3.69019364923025e+01 1.00000000000000e+05 
3.71054357283456e+01 1.00000000000000e+05 
3.73088956361505e+01 1.00000000000000e+05 
3.75123241222096e+01 1.00000000000000e+05 
3.77157068996436e+01 1.00000000000000e+05 
3.79188884208807e+01 1.00000000000000e+05 
3.81219429731373e+01 1.00000000000000e+05 
3.83249696414713e+01 1.00000000000000e+05 
3.85278282028840e+01 1.00000000000000e+05 
3.87305789313831e+01 1.00000000000000e+05 
3.89332338669238e+01 1.00000000000000e+05 
3.91357862752962e+01 1.00000000000000e+05 
3.93384030966966e+01 1.00000000000000e+05 
3.95410271713939e+01 1.00000000000000e+05 
3.97436993424354e+01 1.00000000000000e+05 
3.99463921856252e+01 1.00000000000000e+05 
4.01491654750551e+01 1.00000000000000e+05 
4.03520289195442e+01 1.00000000000000e+05 
4.05550048910795e+01 1.00000000000000e+05 
4.07580864187294e+01 1.00000000000000e+05 
4.09612286775592e+01 1.00000000000000e+05 
4.11644223380052e+01 1.00000000000000e+05 
4.13676607110112e+01 1.00000000000000e+05 
4.15709452306063e+01 1.00000000000000e+05 
4.17742442700769e+01 1.00000000000000e+05 
4.19775135223546e+01 1.00000000000000e+05 
4.21806564457985e+01 1.00000000000000e+05 
4.23835704544603e+01 1.00000000000000e+05 
4.25863222546333e+01 1.00000000000000e+05 
4.27888279196484e+01 1.00000000000000e+05 
4.29912615982889e+01 1.00000000000000e+05 
4.31935852435500e+01 1.00000000000002e+05 
4.33957815205678e+01 1.00000000000034e+05 
4.35978979487543e+01 1.00000000000090e+05 
4.37999304200929e+01 1.00000000044562e+05 
4.40019076885360e+01 1.00000000581712e+05 
4.42039337320145e+01 1.00000001138120e+05 
4.44060001538986e+01 1.00000001887015e+05 
4.46081858574393e+01 1.00000003127482e+05 
4.48104711684930e+01 1.00000005130636e+05 
4.50128451538969e+01 1.00000008190305e+05 
4.52153736753591e+01 1.00000013236900e+05 
4.54180340147901e+01 1.00000021402142e+05 
4.56208710244056e+01 1.00000033344421e+05 
4.58239099702678e+01 1.00000051439794e+05 
4.60270996589638e+01 1.00000078145103e+05 
4.62304657697298e+01 1.00000116991209e+05 
4.64338688960506e+01 1.00000173133901e+05 
4.66373017077841e+01 1.00000253220900e+05 
4.68407572598015e+01 1.00000358636398e+05 
4.70442546395734e+01 1.00000500693859e+05 
4.72477386480636e+01 1.00000689680407e+05 
4.74511939246332e+01 1.00000935896364e+05 
4.76545330594890e+01 1.00001250794533e+05 
4.78577067285611e+01 1.00001640683012e+05 
4.80608753693268e+01 1.00002092247984e+05 
4.82638354697416e+01 1.00002623716170e+05 
4.84666467540706e+01 1.00003251654975e+05 
4.86693473168333e+01 1.00003972380258e+05 
4.88719019249858e+01 1.00004766322563e+05 
4.90745027720318e+01 1.00005580655318e+05 
4.92770764391171e+01 1.00006374444117e+05 
4.94796476958813e+01 1.00007165180185e+05 
4.96822204167646e+01 1.00007990856969e+05 
4.98848222239144e+01 1.00008812394869e+05 
5.00874761862161e+01 1.00009544254307e+05 
5.02902390157782e+01 1.00010048464038e+05 
5.04931165644340e+01 1.00010355486657e+05 
5.06960805910771e+01 1.00010545327657e+05 
5.08991333423157e+01 1.00010746647919e+05 
5.11022578645217e+01 1.00010909342338e+05 
5.13054423763076e+01 1.00010918785216e+05 
5.15086548546338e+01 1.00010609515053e+05 
5.17119065645690e+01 1.00010093674095e+05 
5.19151950423545e+01 1.00009519861851e+05 
5.21183745006488e+01 1.00009083156102e+05 
5.23214088774139e+01 1.00008709759808e+05 
5.25242324010963e+01 1.00008247356867e+05 
5.27269607076205e+01 1.00007515739408e+05 
5.29295441731976e+01 1.00006620893143e+05 
5.31319496968064e+01 1.00005715051420e+05 
5.33342472842059e+01 1.00004993641953e+05 
5.35364267211515e+01 1.00004390871081e+05 
5.37385040812235e+01 1.00003741355544e+05 
5.39406083094777e+01 1.00002868164802e+05 
5.41427161596012e+01 1.00001834311588e+05 
5.43448835302565e+01 1.00000755572813e+05 
5.45471108975266e+01 9.99997660352495e+04 
5.47493910082137e+01 9.99988249573595e+04 
5.49517879790564e+01 9.99978149842514e+04 
5.51543020530474e+01 9.99966351837024e+04 
5.53569745540088e+01 9.99953329247614e+04 
5.55598668189212e+01 9.99939871687117e+04 
5.57629126136038e+01 9.99926693630762e+04 
5.59661352293277e+01 9.99914019633486e+04 
5.61694921057413e+01 9.99901829773574e+04 
5.63728862466536e+01 9.99890683333727e+04 
5.65762995126502e+01 9.99880496550155e+04 
5.67797565324227e+01 9.99870948949981e+04 
5.69832411929876e+01 9.99861520843956e+04 
5.71867575597213e+01 9.99852936211817e+04 
5.73902142438224e+01 9.99846404112700e+04 
5.75935504013974e+01 9.99843920154653e+04 
5.77968428105782e+01 9.99844087586666e+04 
5.79999523007818e+01 9.99845392907595e+04 
5.82028720166861e+01 9.99845674629928e+04 
5.84056737401209e+01 9.99846552532959e+04 
5.86082924096970e+01 9.99850188713191e+04 
5.88109369357781e+01 9.99859243931632e+04 
5.90135188227780e+01 9.99871632888323e+04 
5.92160540509742e+01 9.99885131465504e+04 
5.94185604009779e+01 9.99896459360005e+04 
5.96210526984744e+01 9.99907209302387e+04 
5.98235501837237e+01 9.99920240546603e+04 
6.00261485722220e+01 9.99937738633279e+04 
6.02288361841210e+01 9.99957556622040e+04 
6.04316638201486e+01 9.99977731122604e+04 
6.06345686020863e+01 9.99995410653417e+04 
6.08375671479841e+01 1.00001153708271e+05 
6.10406211004055e+01 1.00002817385923e+05 
6.12437426280142e+01 1.00004666713443e+05 
6.14469164445446e+01 1.00006614688417e+05 
6.16501210676312e+01 1.00008506884562e+05 
6.18533579475247e+01 1.00010206337510e+05 
6.20566264173889e+01 1.00011719216709e+05 
6.22597817220211e+01 1.00013068903792e+05 
6.24627995534665e+01 1.00014218560093e+05 
6.26656673735378e+01 1.00015282266549e+05 
6.28683131616467e+01 1.00016246532865e+05 
6.30708195650471e+01 1.00017102493541e+05 
6.32731804840720e+01 1.00017698706129e+05 
6.34753919046854e+01 1.00017902768753e+05 
6.36776034541254e+01 1.00017597744248e+05 
6.38797873688976e+01 1.00017011098490e+05 
6.40819738273611e+01 1.00016273620989e+05 
6.42841784067253e+01 1.00015538139062e+05 
6.44863959670241e+01 1.00014577835505e+05 
6.46886801912706e+01 1.00013208257203e+05 
6.48910662140103e+01 1.00011299954207e+05 
6.50935819241049e+01 1.00009177426494e+05 
6.52963226964966e+01 1.00007011834461e+05 
6.54992405740070e+01 1.00005043034105e+05 
6.57023188561443e+01 1.00003101813218e+05 
6.59055500692646e+01 1.00001029119285e+05 
6.61089027901603e+01 9.99988079803136e+04 
6.63122766649993e+01 9.99966067224291e+04 
6.65156872049080e+01 9.99945420532325e+04 
6.67191280630788e+01 9.99927540203206e+04 
6.69226164912726e+01 9.99912242873514e+04 
6.71261325074319e+01 9.99898903858138e+04 
6.73296169036911e+01 9.99888124979862e+04 
6.75330252299440e+01 9.99879189769423e+04 
6.77363198433455e+01 9.99871565002207e+04 
6.79393888572186e+01 9.99865710271166e+04 
6.81423368894994e+01 9.99862270193169e+04 
6.83450708709156e+01 9.99861607840316e+04 
6.85478069710537e+01 9.99864488526692e+04 
6.87504560574697e+01 9.99868625087993e+04 
6.89530120509714e+01 9.99872909418158e+04 
6.91555074049377e+01 9.99876709184485e+04 
6.93579506481004e+01 9.99881535961822e+04 
6.95603538262472e+01 9.99888731637659e+04 
6.97628467070184e+01 9.99899496927487e+04 
6.99654031500043e+01 9.99911408867221e+04 
7.01680675370484e+01 9.99923281473497e+04 
7.03708128597538e+01 9.99934063531531e+04 
7.05736643918905e+01 9.99945264519058e+04 
7.07765856443493e+01 9.99958210149489e+04 
7.09796045256010e+01 9.99973040247455e+04 
7.11826613299295e+01 9.99987964575832e+04 
7.13857897479778e+01 1.00000206888607e+05 
7.15889661007472e+01 1.00001514287635e+05 
7.17921459341708e+01 1.00002744124525e+05 
7.19953726252105e+01 1.00003935494622e+05 
7.21985718027617e+01 1.00004990635778e+05 
7.24016476186381e+01 1.00005912111473e+05 
7.26045430537818e+01 1.00006745582790e+05 
7.28072213299480e+01 1.00007497790896e+05 
7.30097805999067e+01 1.00008106159277e+05 
7.32121446685061e+01 1.00008496425024e+05 
7.34144836407241e+01 1.00008510109334e+05 
7.36167644759561e+01 1.00008327539243e+05 
7.38189887804541e+01 1.00008070644040e+05 
7.40211919750683e+01 1.00007811036081e+05 
7.42233714635407e+01 1.00007418934955e+05 
7.44255673633598e+01 1.00006767416766e+05 
7.46278498585127e+01 1.00005732232240e+05 
7.48302306656735e+01 1.00004558977066e+05 
7.50327937384072e+01 1.00003370542219e+05 
7.52355063125583e+01 1.00002265144191e+05 
7.54383722282391e+01 1.00001102477043e+05 
7.56414216244544e+01 9.99997996146317e+04 
7.58445981321123e+01 9.99983543389569e+04 
7.60479184214261e+01 9.99969303509421e+04 
7.62512929186171e+01 9.99955768384601e+04 
7.64546964242765e+01 9.99943057827626e+04 
7.66581350680706e+01 9.99931008751868e+04 
7.68616010200597e+01 9.99919847482298e+04 
7.70651079936182e+01 9.99911015042896e+04 
7.72686113724331e+01 9.99904162314764e+04 
7.74720611152207e+01 9.99898364099975e+04 
7.76753133911698e+01 9.99892786058549e+04 
7.78784461857672e+01 9.99888246820677e+04 
7.80813340565300e+01 9.99886225691505e+04 
7.82841986758304e+01 9.99888939591705e+04 
7.84869562928645e+01 9.99894080504152e+04 
7.86895714902216e+01 9.99899946125800e+04 
7.88920942905549e+01 9.99904656019784e+04 
7.90945315913393e+01 9.99909700672566e+04 
7.92968840114831e+01 9.99916918076991e+04 
7.94993122078064e+01 9.99928329752541e+04 
7.97017694779022e+01 9.99941487463204e+04 
7.99042936798559e+01 9.99954547419329e+04 
8.01068697501696e+01 9.99965688455210e+04 
8.03095192442820e+01 9.99976267097650e+04 
8.05122783411067e+01 9.99987809509077e+04 
8.07151532943511e+01 1.00000148104823e+05 
8.09180874917751e+01 1.00001558938389e+05 
8.11211009470289e+01 1.00002904166841e+05 
8.13241348982823e+01 1.00004106609169e+05 
8.15272528948804e+01 1.00005200345019e+05 
8.17303892546740e+01 1.00006240193997e+05 
8.19335573112213e+01 1.00007182128904e+05 
8.21368014274263e+01 1.00008022796628e+05 
8.23398733234911e+01 1.00008773044275e+05 
8.25427383975605e+01 1.00009458777234e+05 
8.27454995878572e+01 1.00010010769396e+05 
8.29480798671471e+01 1.00010341149405e+05 
8.31506062535737e+01 1.00010310424157e+05 
8.33530393401760e+01 1.00010078359755e+05 
8.35553612257224e+01 1.00009780933290e+05 
8.37576211955306e+01 1.00009553250156e+05 
8.39598226381276e+01 1.00009244976542e+05 
8.41619894017817e+01 1.00008662391283e+05 
8.43642239682605e+01 1.00007626652127e+05 
8.45665203012387e+01 1.00006401692086e+05 
8.47689483564908e+01 1.00005157105420e+05 
8.49714940232389e+01 1.00004085360912e+05 
8.51741579640687e+01 1.00003029896846e+05 
8.53769978718437e+01 1.00001817084454e+05 
8.55799804902041e+01 1.00000341090509e+05 
8.57831240408108e+01 9.99987916842871e+04 
8.59864536951827e+01 9.99972997742856e+04 
8.61898160798553e+01 9.99960062465438e+04 
8.63932062744392e+01 9.99948476179926e+04 
8.65966229319829e+01 9.99937457913685e+04 
8.68000940443101e+01 9.99927173446147e+04 
8.70035825837327e+01 9.99917880578451e+04 
8.72070843440491e+01 9.99909525895314e+04 
8.74105419344450e+01 9.99902191809233e+04 
8.76138267437083e+01 9.99896501116722e+04 
8.78169205534772e+01 9.99892830758189e+04 
8.80199632675196e+01 9.99892463209835e+04 
8.82228781681249e+01 9.99893844263443e+04 
8.84256106973253e+01 9.99895404501755e+04 
8.86282246424383e+01 9.99896215037052e+04 
8.88307219110573e+01 9.99897735548109e+04 
8.90330924047535e+01 9.99901691272306e+04 
8.92355207597714e+01 9.99909755867444e+04 
8.94379379157647e+01 9.99919417824827e+04 
8.96403799089431e+01 9.99929074302984e+04 
8.98428436218644e+01 9.99936885234995e+04 
9.00453482475632e+01 9.99944795010501e+04 
9.02479204282358e+01 9.99954728838581e+04 
9.04506070166489e+01 9.99967728630101e+04 
9.06534221098573e+01 9.99981684107058e+04 
9.08563074156330e+01 9.99995363730890e+04 
9.10592331034942e+01 1.00000746317294e+05 
9.12622364660194e+01 1.00001890902280e+05 
9.14653252837018e+01 1.00003074884160e+05 
9.16684271913442e+01 1.00004297619254e+05 
9.18715866137494e+01 1.00005478217952e+05 
9.20747842683971e+01 1.00006588426986e+05 
9.22778651165516e+01 1.00007590583457e+05 
9.24808149399466e+01 1.00008450954121e+05 
9.26836400845213e+01 1.00009139937104e+05 
9.28863873614108e+01 1.00009534179228e+05 
9.30890085767134e+01 1.00009749171264e+05 
9.32914663544503e+01 1.00009883994186e+05 
9.34938317764641e+01 1.00009996262960e+05 
9.36961022577806e+01 1.00009960839877e+05 
9.38982898525573e+01 1.00009632776962e+05 
9.41005250280928e+01 1.00008855306537e+05 
9.43027848548941e+01 1.00007900871550e+05 
9.45051224941694e+01 1.00006910296163e+05 
9.47075391235569e+01 1.00006031377315e+05 
9.49100356403763e+01 1.00005097508613e+05 
9.51126679959551e+01 1.00003948564808e+05 
9.53154338342254e+01 1.00002482790604e+05 
9.55183731288411e+01 1.00000955045119e+05 
9.57215113888919e+01 9.99994895911966e+04 
9.59247849047671e+01 9.99982189976751e+04 
9.61281201802749e+01 9.99970535142706e+04 
9.63314994562056e+01 9.99958769455854e+04 
9.65349076935859e+01 9.99946925907548e+04 
9.67383385387505e+01 9.99935931568856e+04 
9.69418207081187e+01 9.99926060904037e+04 
9.71453287818878e+01 9.99917864608680e+04 
9.73487757563585e+01 9.99911282377620e+04 
9.75521003395735e+01 9.99906558885490e+04 
9.77553203876417e+01 9.99904538442093e+04 
9.79584256456356e+01 9.99904035946917e+04 
9.81613154578645e+01 9.99904177282671e+04 
9.83640728139437e+01 9.99904299360531e+04 
9.85666800715794e+01 9.99905543202229e+04 
9.87691229821461e+01 9.99909127336276e+04 
9.89716027992200e+01 9.99916414240144e+04 
9.91740397132955e+01 9.99924996289199e+04 
9.93764536462670e+01 9.99933371293708e+04 
9.95788576239822e+01 9.99940345451813e+04 
9.97812656950711e+01 9.99947599794973e+04 
9.99837025244658e+01 9.99956761981611e+04 
1.00186246746907e+02 9.99968982246582e+04 
