# Liste des scalaires : TEMPS pmat 
0.00000000000000e+00 1.00000000000000e+05 
2.04081632653061e-01 1.00000000000000e+05 
4.08042165141975e-01 1.00000000000000e+05 
6.11832106953319e-01 1.00000000000000e+05 
8.15421737498182e-01 1.00000000000000e+05 
1.01884831470558e+00 1.00000000000000e+05 
1.22207818930831e+00 1.00000000000000e+05 
1.42513098547652e+00 1.00000000000000e+05 
1.62798725493260e+00 1.00000000000000e+05 
1.83053493087979e+00 1.00000000000000e+05 
2.03291905653503e+00 1.00000000000000e+05 
2.23520224592158e+00 1.00000000000000e+05 
2.43733969254296e+00 1.00000000000000e+05 
2.63931827049832e+00 1.00000000000000e+05 
2.84120332396323e+00 1.00000000000000e+05 
3.04297858176904e+00 1.00000000000000e+05 
3.24460591464334e+00 1.00000000000000e+05 
3.44612291562131e+00 1.00000000000000e+05 
3.64760922308227e+00 1.00000000000000e+05 
3.84909249851467e+00 1.00000000000000e+05 
4.05064469773747e+00 1.00000000000000e+05 
4.25222294222906e+00 1.00000000000000e+05 
4.45380035517506e+00 1.00000000000000e+05 
4.65542063364273e+00 1.00000000000000e+05 
4.85715243419261e+00 1.00000000000000e+05 
5.05906045928525e+00 1.00000000000000e+05 
5.26119401899534e+00 1.00000000000000e+05 
5.46347898380931e+00 1.00000000000000e+05 
5.66591894484892e+00 1.00000000000000e+05 
5.86852800362132e+00 1.00000000000000e+05 
6.07136345597011e+00 1.00000000000000e+05 
6.27438265108359e+00 1.00000000000000e+05 
6.47752964045090e+00 1.00000000000000e+05 
6.68089073121200e+00 1.00000000000000e+05 
6.88429870550576e+00 1.00000000000000e+05 
7.08769636443068e+00 1.00000000000000e+05 
7.29110827962174e+00 1.00000000000000e+05 
7.49449373816632e+00 1.00000000000000e+05 
7.69790617884871e+00 1.00000000000000e+05 
7.90135044231191e+00 1.00000000000000e+05 
8.10473659770851e+00 1.00000000000000e+05 
8.30800948139133e+00 1.00000000000000e+05 
8.51115234273433e+00 1.00000000000000e+05 
8.71416193711340e+00 1.00000000000000e+05 
8.91719900347831e+00 1.00000000000000e+05 
9.12020204041872e+00 1.00000000000000e+05 
9.32319297435189e+00 1.00000000000000e+05 
9.52619174127014e+00 1.00000000000000e+05 
9.72921908834018e+00 1.00000000000000e+05 
9.93229912946381e+00 1.00000000000000e+05 
1.01354642235065e+01 1.00000000000000e+05 
1.03387225987006e+01 1.00000000000000e+05 
1.05420932760412e+01 1.00000000000000e+05 
1.07455601602491e+01 1.00000000000000e+05 
1.09490636153785e+01 1.00000000000000e+05 
1.11525952040860e+01 1.00000000000000e+05 
1.13559908728595e+01 1.00000000000000e+05 
1.15591577617810e+01 1.00000000000000e+05 
1.17622381240369e+01 1.00000000000000e+05 
1.19650888349948e+01 1.00000000000000e+05 
1.21677288877747e+01 1.00000000000000e+05 
1.23702013159276e+01 1.00000000000000e+05 
1.25725982340610e+01 1.00000000000000e+05 
1.27748516426287e+01 1.00000000000000e+05 
1.29769249867640e+01 1.00000000000000e+05 
1.31787998828658e+01 1.00000000000000e+05 
1.33806014179065e+01 1.00000000000000e+05 
1.35822734033907e+01 1.00000000000000e+05 
1.37839887339651e+01 1.00000000000000e+05 
1.39857022015949e+01 1.00000000000000e+05 
1.41874661286692e+01 1.00000000000000e+05 
1.43892101845392e+01 1.00000000000000e+05 
1.45910326674531e+01 1.00000000000000e+05 
1.47929375836209e+01 1.00000000000000e+05 
1.49949695660416e+01 1.00000000000000e+05 
1.51971475723012e+01 1.00000000000000e+05 
1.53995487529939e+01 1.00000000000000e+05 
1.56020957788436e+01 1.00000000000000e+05 
1.58048076652820e+01 1.00000000000000e+05 
1.60076888558614e+01 1.00000000000000e+05 
1.62106850728960e+01 1.00000000000000e+05 
1.64138636363558e+01 1.00000000000000e+05 
1.66171481416695e+01 1.00000000000000e+05 
1.68205318926791e+01 1.00000000000000e+05 
1.70239717971818e+01 1.00000000000000e+05 
1.72274242526830e+01 1.00000000000000e+05 
1.74308511498678e+01 1.00000000000000e+05 
1.76342505270569e+01 1.00000000000000e+05 
1.78376212420556e+01 1.00000000000000e+05 
1.80409883913594e+01 1.00000000000000e+05 
1.82443050346869e+01 1.00000000000000e+05 
1.84474327837354e+01 1.00000000000000e+05 
1.86505503053125e+01 1.00000000000000e+05 
1.88535932316970e+01 1.00000000000000e+05 
1.90565608622741e+01 1.00000000000000e+05 
1.92594853707276e+01 1.00000000000000e+05 
1.94623796526000e+01 1.00000000000000e+05 
1.96652593507810e+01 1.00000000000000e+05 
1.98682128225951e+01 1.00000000000000e+05 
2.00712299723808e+01 1.00000000000000e+05 
2.02743632772251e+01 1.00000000000000e+05 
2.04775974201162e+01 1.00000000000000e+05 
2.06808993432005e+01 1.00000000000000e+05 
2.08842816624739e+01 1.00000000000000e+05 
2.10877109245459e+01 1.00000000000000e+05 
2.12911865561413e+01 1.00000000000000e+05 
2.14946542636065e+01 1.00000000000000e+05 
2.16979483115182e+01 1.00000000000000e+05 
2.19009928614698e+01 1.00000000000000e+05 
2.21039017811684e+01 1.00000000000000e+05 
2.23066497283774e+01 1.00000000000000e+05 
2.25092177015210e+01 1.00000000000000e+05 
2.27116581345214e+01 1.00000000000000e+05 
2.29139334651086e+01 1.00000000000000e+05 
2.31160467477100e+01 1.00000000000000e+05 
2.33179868862948e+01 1.00000000000000e+05 
2.35199180822287e+01 1.00000000000000e+05 
2.37218051763256e+01 1.00000000000000e+05 
2.39236768880851e+01 1.00000000000000e+05 
2.41255552893581e+01 1.00000000000000e+05 
2.43274126484990e+01 1.00000000000000e+05 
2.45293056915018e+01 1.00000000000000e+05 
2.47312963943893e+01 1.00000000000000e+05 
2.49333962174227e+01 1.00000000000000e+05 
2.51357213393038e+01 1.00000000000000e+05 
2.53382018572701e+01 1.00000000000000e+05 
2.55408488073704e+01 1.00000000000000e+05 
2.57436471827663e+01 1.00000000000000e+05 
2.59465698142901e+01 1.00000000000000e+05 
2.61496583369765e+01 1.00000000000000e+05 
2.63529142216749e+01 1.00000000000000e+05 
2.65562742668140e+01 1.00000000000000e+05 
2.67596972761635e+01 1.00000000000000e+05 
2.69631506643780e+01 1.00000000000000e+05 
2.71666356359982e+01 1.00000000000000e+05 
2.73700949757860e+01 1.00000000000000e+05 
2.75735042909555e+01 1.00000000000000e+05 
2.77768698215134e+01 1.00000000000000e+05 
2.79801634091441e+01 1.00000000000000e+05 
2.81832311137916e+01 1.00000000000000e+05 
2.83862493691881e+01 1.00000000000000e+05 
2.85892005667304e+01 1.00000000000000e+05 
2.87920289759177e+01 1.00000000000000e+05 
2.89947855911169e+01 1.00000000000000e+05 
2.91974758167431e+01 1.00000000000000e+05 
2.94001081727549e+01 1.00000000000000e+05 
2.96028174869848e+01 1.00000000000000e+05 
2.98055746712193e+01 1.00000000000000e+05 
3.00084175396436e+01 1.00000000000000e+05 
3.02113309117389e+01 1.00000000000000e+05 
3.04143391710080e+01 1.00000000000000e+05 
3.06174347641709e+01 1.00000000000000e+05 
3.08206359225875e+01 1.00000000000000e+05 
3.10238921252226e+01 1.00000000000000e+05 
3.12271617071788e+01 1.00000000000000e+05 
3.14304933723914e+01 1.00000000000000e+05 
3.16338559333766e+01 1.00000000000000e+05 
3.18371697100234e+01 1.00000000000000e+05 
3.20402940171543e+01 1.00000000000000e+05 
3.22432411366959e+01 1.00000000000000e+05 
3.24460329241944e+01 1.00000000000000e+05 
3.26486468730478e+01 1.00000000000000e+05 
3.28510694083674e+01 1.00000000000000e+05 
3.30532799861897e+01 1.00000000000000e+05 
3.32554482102955e+01 1.00000000000000e+05 
3.34575453553804e+01 1.00000000000000e+05 
3.36595641500324e+01 1.00000000000000e+05 
3.38615486883824e+01 1.00000000000000e+05 
3.40634799904239e+01 1.00000000000000e+05 
3.42653996408576e+01 1.00000000000000e+05 
3.44673939566842e+01 1.00000000000000e+05 
3.46694612546547e+01 1.00000000000000e+05 
3.48717036107216e+01 1.00000000000000e+05 
3.50740862371626e+01 1.00000000000000e+05 
3.52766015885758e+01 1.00000000000000e+05 
3.54793183147402e+01 1.00000000000000e+05 
3.56821412870120e+01 1.00000000000000e+05 
3.58851172271814e+01 1.00000000000000e+05 
3.60883109456795e+01 1.00000000000000e+05 
3.62916365042183e+01 1.00000000000000e+05 
3.64950404477902e+01 1.00000000000000e+05 
3.66984690806315e+01 1.00000000000000e+05 
3.69019364923025e+01 1.00000000000000e+05 
3.71054357283456e+01 1.00000000000000e+05 
3.73088956361505e+01 1.00000000000000e+05 
3.75123241222096e+01 1.00000000000000e+05 
3.77157068996436e+01 1.00000000000000e+05 
3.79188884208807e+01 1.00000000000000e+05 
3.81219429731373e+01 1.00000000000000e+05 
3.83249696414713e+01 1.00000000000000e+05 
3.85278282028840e+01 1.00000000000000e+05 
3.87305789313831e+01 1.00000000000000e+05 
3.89332338669238e+01 1.00000000000000e+05 
3.91357862752962e+01 1.00000000000000e+05 
3.93384030966966e+01 1.00000000000000e+05 
3.95410271713939e+01 1.00000000000000e+05 
3.97436993424354e+01 1.00000000000000e+05 
3.99463921856252e+01 1.00000000000000e+05 
4.01491654750551e+01 1.00000000000000e+05 
4.03520289195442e+01 1.00000000000000e+05 
4.05550048910795e+01 1.00000000000000e+05 
4.07580864187294e+01 1.00000000000000e+05 
4.09612286775592e+01 1.00000000000002e+05 
4.11644223380052e+01 1.00000000000022e+05 
4.13676607110112e+01 1.00000000000246e+05 
4.15709452306063e+01 1.00000000003038e+05 
4.17742442700769e+01 1.00000000037940e+05 
4.19775135223546e+01 1.00000000281127e+05 
4.21806564457985e+01 1.00000000568124e+05 
4.23835704544603e+01 1.00000001056061e+05 
4.25863222546333e+01 1.00000001620375e+05 
4.27888279196484e+01 1.00000002385789e+05 
4.29912615982889e+01 1.00000004136564e+05 
4.31935852435500e+01 1.00000007357273e+05 
4.33957815205678e+01 1.00000013975058e+05 
4.35978979487543e+01 1.00000024698498e+05 
4.37999304200929e+01 1.00000042574528e+05 
4.40019076885360e+01 1.00000065102025e+05 
4.42039337320145e+01 1.00000100747850e+05 
4.44060001538986e+01 1.00000158648235e+05 
4.46081858574393e+01 1.00000260764558e+05 
4.48104711684930e+01 1.00000403643335e+05 
4.50128451538969e+01 1.00000609174832e+05 
4.52153736753591e+01 1.00000825741795e+05 
4.54180340147901e+01 1.00001115390417e+05 
4.56208710244056e+01 1.00001520981561e+05 
4.58239099702678e+01 1.00002119948919e+05 
4.60270996589638e+01 1.00002821747938e+05 
4.62304657697298e+01 1.00003658826681e+05 
4.64338688960506e+01 1.00004338762299e+05 
4.66373017077841e+01 1.00005062085971e+05 
4.68407572598015e+01 1.00005947126996e+05 
4.70442546395734e+01 1.00007057124126e+05 
4.72477386480636e+01 1.00008143224352e+05 
4.74511939246332e+01 1.00009237569130e+05 
4.76545330594890e+01 1.00009785333395e+05 
4.78577067285611e+01 1.00010181848205e+05 
4.80608753693268e+01 1.00010651430321e+05 
4.82638354697416e+01 1.00011195539250e+05 
4.84666467540706e+01 1.00011615596848e+05 
4.86693473168333e+01 1.00011932538262e+05 
4.88719019249858e+01 1.00011674383948e+05 
4.90745027720318e+01 1.00011261613748e+05 
4.92770764391171e+01 1.00010823133553e+05 
4.94796476958813e+01 1.00010323335734e+05 
4.96822204167646e+01 1.00009779288499e+05 
4.98848222239144e+01 1.00009078756531e+05 
5.00874761862161e+01 1.00008094258967e+05 
5.02902390157782e+01 1.00007107983500e+05 
5.04931165644340e+01 1.00005961655591e+05 
5.06960805910771e+01 1.00004626668506e+05 
5.08991333423157e+01 1.00003383736201e+05 
5.11022578645217e+01 1.00001954493357e+05 
5.13054423763076e+01 1.00000675493296e+05 
5.15086548546338e+01 9.99995707953961e+04 
5.17119065645690e+01 9.99982260839960e+04 
5.19151950423545e+01 9.99966093754812e+04 
5.21183745006488e+01 9.99952130772166e+04 
5.23214088774139e+01 9.99937098944918e+04 
5.25242324010963e+01 9.99927613434555e+04 
5.27269607076205e+01 9.99921027627867e+04 
5.29295441731976e+01 9.99912228770584e+04 
5.31319496968064e+01 9.99901595899511e+04 
5.33342472842059e+01 9.99893484601670e+04 
5.35364267211515e+01 9.99886536792903e+04 
5.37385040812235e+01 9.99886246573623e+04 
5.39406083094777e+01 9.99889182527190e+04 
5.41427161596012e+01 9.99891086229988e+04 
5.43448835302565e+01 9.99892974455885e+04 
5.45471108975266e+01 9.99897213458090e+04 
5.47493910082137e+01 9.99903693458817e+04 
5.49517879790564e+01 9.99914234035033e+04 
5.51543020530474e+01 9.99926352109151e+04 
5.53569745540088e+01 9.99939495833384e+04 
5.55598668189212e+01 9.99954295971591e+04 
5.57629126136038e+01 9.99969348270888e+04 
5.59661352293277e+01 9.99986388377407e+04 
5.61694921057413e+01 1.00000153538419e+05 
5.63728862466536e+01 1.00001494859259e+05 
5.65762995126502e+01 1.00002973094491e+05 
5.67797565324227e+01 1.00004599042719e+05 
5.69832411929876e+01 1.00005955720251e+05 
5.71867575597213e+01 1.00007358026284e+05 
5.73902142438224e+01 1.00008125507741e+05 
5.75935504013974e+01 1.00008515251261e+05 
5.77968428105782e+01 1.00009010595706e+05 
5.79999523007818e+01 1.00009520359220e+05 
5.82028720166861e+01 1.00009754403327e+05 
5.84056737401209e+01 1.00009874097302e+05 
5.86082924096970e+01 1.00009473550492e+05 
5.88109369357781e+01 1.00008805649358e+05 
5.90135188227780e+01 1.00008173819492e+05 
5.92160540509742e+01 1.00007437396291e+05 
5.94185604009779e+01 1.00006572792884e+05 
5.96210526984744e+01 1.00005539644586e+05 
5.98235501837237e+01 1.00004390109110e+05 
6.00261485722220e+01 1.00003233725610e+05 
6.02288361841210e+01 1.00001972385264e+05 
6.04316638201486e+01 1.00000512262615e+05 
6.06345686020863e+01 9.99990936449694e+04 
6.08375671479841e+01 9.99975197648597e+04 
6.10406211004055e+01 9.99962796512354e+04 
6.12437426280142e+01 9.99952510796979e+04 
6.14469164445446e+01 9.99940476392887e+04 
6.16501210676312e+01 9.99926109726881e+04 
6.18533579475247e+01 9.99913361179330e+04 
6.20566264173889e+01 9.99899962948382e+04 
6.22597817220211e+01 9.99892915583757e+04 
6.24627995534665e+01 9.99888826371157e+04 
6.26656673735378e+01 9.99883106539503e+04 
6.28683131616467e+01 9.99875959058063e+04 
6.30708195650471e+01 9.99870685048638e+04 
6.32731804840720e+01 9.99866480562940e+04 
6.34753919046854e+01 9.99868600531429e+04 
6.36776034541254e+01 9.99873112801388e+04 
6.38797873688976e+01 9.99877436516337e+04 
6.40819738273611e+01 9.99882230175795e+04 
6.42841784067253e+01 9.99888496661175e+04 
6.44863959670241e+01 9.99896669961580e+04 
6.46886801912706e+01 9.99908260972403e+04 
6.48910662140103e+01 9.99920693175197e+04 
6.50935819241049e+01 9.99934794265561e+04 
6.52963226964966e+01 9.99951498243493e+04 
6.54992405740070e+01 9.99968301630204e+04 
6.57023188561443e+01 9.99987658682948e+04 
6.59055500692646e+01 1.00000514551794e+05 
6.61089027901603e+01 1.00002076226071e+05 
6.63122766649993e+01 1.00003896944636e+05 
6.65156872049080e+01 1.00006000410223e+05 
6.67191280630788e+01 1.00007868072035e+05 
6.69226164912726e+01 1.00009865140116e+05 
6.71261325074319e+01 1.00011087851873e+05 
6.73296169036911e+01 1.00011822410511e+05 
6.75330252299440e+01 1.00012713673961e+05 
6.77363198433455e+01 1.00013665443048e+05 
6.79393888572186e+01 1.00014261522573e+05 
6.81423368894994e+01 1.00014686350384e+05 
6.83450708709156e+01 1.00014363040520e+05 
6.85478069710537e+01 1.00013625061768e+05 
6.87504560574697e+01 1.00012965198165e+05 
6.89530120509714e+01 1.00012249790952e+05 
6.91555074049377e+01 1.00011342470239e+05 
6.93579506481004e+01 1.00010215675492e+05 
6.95603538262472e+01 1.00008827815138e+05 
6.97628467070184e+01 1.00007376195713e+05 
6.99654031500043e+01 1.00005798665947e+05 
7.01680675370484e+01 1.00004054849280e+05 
7.03708128597538e+01 1.00002270290110e+05 
7.05736643918905e+01 1.00000250806194e+05 
7.07765856443493e+01 9.99984998510217e+04 
7.09796045256010e+01 9.99970058359783e+04 
7.11826613299295e+01 9.99952843308946e+04 
7.13857897479778e+01 9.99933206777338e+04 
7.15889661007472e+01 9.99915540219030e+04 
7.17921459341708e+01 9.99896307061676e+04 
7.19953726252105e+01 9.99884329384418e+04 
7.21985718027617e+01 9.99876635093527e+04 
7.24016476186381e+01 9.99866835916392e+04 
7.26045430537818e+01 9.99855515079028e+04 
7.28072213299480e+01 9.99846863271829e+04 
7.30097805999067e+01 9.99839350597001e+04 
7.32121446685061e+01 9.99839920696109e+04 
7.34144836407241e+01 9.99844571882800e+04 
7.36167644759561e+01 9.99848657695656e+04 
7.38189887804541e+01 9.99853550954308e+04 
7.40211919750683e+01 9.99861002101293e+04 
7.42233714635407e+01 9.99871271877166e+04 
7.44255673633598e+01 9.99885750355738e+04 
7.46278498585127e+01 9.99901685126671e+04 
7.48302306656735e+01 9.99919513284088e+04 
7.50327937384072e+01 9.99939783908162e+04 
7.52355063125583e+01 9.99960972133935e+04 
7.54383722282391e+01 9.99984934006060e+04 
7.56414216244544e+01 1.00000612146181e+05 
7.58445981321123e+01 1.00002430557354e+05 
7.60479184214261e+01 1.00004484420158e+05 
7.62512929186171e+01 1.00006751806904e+05 
7.64546964242765e+01 1.00008741508006e+05 
7.66581350680706e+01 1.00010833049436e+05 
7.68616010200597e+01 1.00012065428292e+05 
7.70651079936182e+01 1.00012704447389e+05 
7.72686113724331e+01 1.00013491457045e+05 
7.74720611152207e+01 1.00014369712569e+05 
7.76753133911698e+01 1.00014873756557e+05 
7.78784461857672e+01 1.00015241794537e+05 
7.80813340565300e+01 1.00014856324816e+05 
7.82841986758304e+01 1.00014068173071e+05 
7.84869562928645e+01 1.00013335682458e+05 
7.86895714902216e+01 1.00012553129472e+05 
7.88920942905549e+01 1.00011528522421e+05 
7.90945315913393e+01 1.00010269574318e+05 
7.92968840114831e+01 1.00008742381985e+05 
7.94993122078064e+01 1.00007155959211e+05 
7.97017694779022e+01 1.00005412802231e+05 
7.99042936798559e+01 1.00003461584882e+05 
8.01068697501696e+01 1.00001471402053e+05 
8.03095192442820e+01 9.99992431437033e+04 
8.05122783411067e+01 9.99973624072352e+04 
8.07151532943511e+01 9.99957712540089e+04 
8.09180874917751e+01 9.99939384147138e+04 
8.11211009470289e+01 9.99918237232168e+04 
8.13241348982823e+01 9.99898963869563e+04 
8.15272528948804e+01 9.99877983128014e+04 
8.17303892546740e+01 9.99864966210973e+04 
8.19335573112213e+01 9.99856521059246e+04 
8.21368014274263e+01 9.99845990726885e+04 
8.23398733234911e+01 9.99833586045089e+04 
8.25427383975605e+01 9.99823928863367e+04 
8.27454995878572e+01 9.99815354409314e+04 
8.29480798671471e+01 9.99815585617920e+04 
8.31506062535737e+01 9.99820241497316e+04 
8.33530393401760e+01 9.99824068295029e+04 
8.35553612257224e+01 9.99828465185036e+04 
8.37576211955306e+01 9.99835488598373e+04 
8.39598226381276e+01 9.99844917989471e+04 
8.41619894017817e+01 9.99859469655264e+04 
8.43642239682605e+01 9.99875431773306e+04 
8.45665203012387e+01 9.99893151199824e+04 
8.47689483564908e+01 9.99913088288234e+04 
8.49714940232389e+01 9.99933769726203e+04 
8.51741579640687e+01 9.99957295093711e+04 
8.53769978718437e+01 9.99978905098820e+04 
8.55799804902041e+01 9.99997822765772e+04 
8.57831240408108e+01 1.00001933126306e+05 
8.59864536951827e+01 1.00004353550433e+05 
8.61898160798553e+01 1.00006544399261e+05 
8.63932062744392e+01 1.00008893457373e+05 
8.65966229319829e+01 1.00010446214878e+05 
8.68000940443101e+01 1.00011460886515e+05 
8.70035825837327e+01 1.00012686130677e+05 
8.72070843440491e+01 1.00014078825511e+05 
8.74105419344450e+01 1.00015102773643e+05 
8.76138267437083e+01 1.00016032666164e+05 
8.78169205534772e+01 1.00016096448330e+05 
8.80199632675196e+01 1.00015663259482e+05 
8.82228781681249e+01 1.00015378280648e+05 
8.84256106973253e+01 1.00015096786252e+05 
8.86282246424383e+01 1.00014528760760e+05 
8.88307219110573e+01 1.00013748453574e+05 
8.90330924047535e+01 1.00012534584100e+05 
8.92355207597714e+01 1.00011140646069e+05 
8.94379379157647e+01 1.00009657038458e+05 
8.96403799089431e+01 1.00008036487052e+05 
8.98428436218644e+01 1.00006305377543e+05 
9.00453482475632e+01 1.00004334554513e+05 
9.02479204282358e+01 1.00002472871766e+05 
9.04506070166489e+01 1.00000803917042e+05 
9.06534221098573e+01 9.99989243791270e+04 
9.08563074156330e+01 9.99968156015090e+04 
9.10592331034942e+01 9.99948151134553e+04 
9.12622364660194e+01 9.99926097249186e+04 
9.14653252837018e+01 9.99910432870205e+04 
9.16684271913442e+01 9.99898962591926e+04 
9.18715866137494e+01 9.99885284649288e+04 
9.20747842683971e+01 9.99869404712995e+04 
9.22778651165516e+01 9.99856458558413e+04 
9.24808149399466e+01 9.99843657935288e+04 
9.26836400845213e+01 9.99839338608664e+04 
9.28863873614108e+01 9.99839547419534e+04 
9.30890085767134e+01 9.99838760610654e+04 
9.32914663544503e+01 9.99837924137355e+04 
9.34938317764641e+01 9.99840175719200e+04 
9.36961022577806e+01 9.99844574480295e+04 
9.38982898525573e+01 9.99854743580770e+04 
9.41005250280928e+01 9.99867429737087e+04 
9.43027848548941e+01 9.99881381476883e+04 
9.45051224941694e+01 9.99897076425387e+04 
9.47075391235569e+01 9.99914497420144e+04 
9.49100356403763e+01 9.99934572981587e+04 
9.51126679959551e+01 9.99954459707258e+04 
9.53154338342254e+01 9.99972960157652e+04 
9.55183731288411e+01 9.99993831532810e+04 
9.57215113888919e+01 1.00001722563427e+05 
9.59247849047671e+01 1.00003954074081e+05 
9.61281201802749e+01 1.00006366976291e+05 
9.63314994562056e+01 1.00008099219315e+05 
9.65349076935859e+01 1.00009346450105e+05 
9.67383385387505e+01 1.00010810532229e+05 
9.69418207081187e+01 1.00012479975425e+05 
9.71453287818878e+01 1.00013798651940e+05 
9.73487757563585e+01 1.00015072357269e+05 
9.75521003395735e+01 1.00015461543197e+05 
9.77553203876417e+01 1.00015345887611e+05 
9.79584256456356e+01 1.00015346409740e+05 
9.81613154578645e+01 1.00015380632188e+05 
9.83640728139437e+01 1.00015121700038e+05 
9.85666800715794e+01 1.00014663753470e+05 
9.87691229821461e+01 1.00013667385408e+05 
9.89716027992200e+01 1.00012453671405e+05 
9.91740397132955e+01 1.00011162029597e+05 
9.93764536462670e+01 1.00009762357577e+05 
9.95788576239822e+01 1.00008221826660e+05 
9.97812656950711e+01 1.00006450245136e+05 
9.99837025244658e+01 1.00004671912689e+05 
1.00186246746907e+02 1.00003029510650e+05 
