# Liste des scalaires : TEMPS pmat 
0.00000000000000e+00 1.00000000000000e+05 
2.04081632653061e-01 1.00000000000000e+05 
4.08042165141975e-01 1.00000000000000e+05 
6.11832106953319e-01 1.00000000000000e+05 
8.15421737498182e-01 1.00000000000000e+05 
1.01884831470558e+00 1.00000000000000e+05 
1.22207818930831e+00 1.00000000000000e+05 
1.42513098547652e+00 1.00000000000000e+05 
1.62798725493260e+00 1.00000000000000e+05 
1.83053493087979e+00 1.00000000000000e+05 
2.03291905653503e+00 1.00000000000000e+05 
2.23520224592158e+00 1.00000000000000e+05 
2.43733969254296e+00 1.00000000000000e+05 
2.63931827049832e+00 1.00000000000000e+05 
2.84120332396323e+00 1.00000000000000e+05 
3.04297858176904e+00 1.00000000000000e+05 
3.24460591464334e+00 1.00000000000000e+05 
3.44612291562131e+00 1.00000000000000e+05 
3.64760922308227e+00 1.00000000000000e+05 
3.84909249851467e+00 1.00000000000000e+05 
4.05064469773747e+00 1.00000000000000e+05 
4.25222294222906e+00 1.00000000000000e+05 
4.45380035517506e+00 1.00000000000000e+05 
4.65542063364273e+00 1.00000000000000e+05 
4.85715243419261e+00 1.00000000000000e+05 
5.05906045928525e+00 1.00000000000000e+05 
5.26119401899534e+00 1.00000000000000e+05 
5.46347898380931e+00 1.00000000000000e+05 
5.66591894484892e+00 1.00000000000000e+05 
5.86852800362132e+00 1.00000000000000e+05 
6.07136345597011e+00 1.00000000000000e+05 
6.27438265108359e+00 1.00000000000000e+05 
6.47752964045090e+00 1.00000000000000e+05 
6.68089073121200e+00 1.00000000000000e+05 
6.88429870550576e+00 1.00000000000000e+05 
7.08769636443068e+00 1.00000000000000e+05 
7.29110827962174e+00 1.00000000000000e+05 
7.49449373816632e+00 1.00000000000000e+05 
7.69790617884871e+00 1.00000000000000e+05 
7.90135044231191e+00 1.00000000000000e+05 
8.10473659770851e+00 1.00000000000000e+05 
8.30800948139133e+00 1.00000000000000e+05 
8.51115234273433e+00 1.00000000000000e+05 
8.71416193711340e+00 1.00000000000000e+05 
8.91719900347831e+00 1.00000000000000e+05 
9.12020204041872e+00 1.00000000000000e+05 
9.32319297435189e+00 1.00000000000000e+05 
9.52619174127014e+00 1.00000000000000e+05 
9.72921908834018e+00 1.00000000000000e+05 
9.93229912946381e+00 1.00000000000000e+05 
1.01354642235065e+01 1.00000000000000e+05 
1.03387225987006e+01 1.00000000000000e+05 
1.05420932760412e+01 1.00000000000000e+05 
1.07455601602491e+01 1.00000000000000e+05 
1.09490636153785e+01 1.00000000000000e+05 
1.11525952040860e+01 1.00000000000000e+05 
1.13559908728595e+01 1.00000000000000e+05 
1.15591577617810e+01 1.00000000000000e+05 
1.17622381240369e+01 1.00000000000000e+05 
1.19650888349948e+01 1.00000000000000e+05 
1.21677288877747e+01 1.00000000000000e+05 
1.23702013159276e+01 1.00000000000000e+05 
1.25725982340610e+01 1.00000000000000e+05 
1.27748516426287e+01 1.00000000000000e+05 
1.29769249867640e+01 1.00000000000000e+05 
1.31787998828658e+01 1.00000000000000e+05 
1.33806014179065e+01 1.00000000000000e+05 
1.35822734033907e+01 1.00000000000000e+05 
1.37839887339651e+01 1.00000000000000e+05 
1.39857022015949e+01 1.00000000000000e+05 
1.41874661286692e+01 1.00000000000000e+05 
1.43892101845392e+01 1.00000000000000e+05 
1.45910326674531e+01 1.00000000000000e+05 
1.47929375836209e+01 1.00000000000000e+05 
1.49949695660416e+01 1.00000000000000e+05 
1.51971475723012e+01 1.00000000000000e+05 
1.53995487529939e+01 1.00000000000000e+05 
1.56020957788436e+01 1.00000000000000e+05 
1.58048076652820e+01 1.00000000000000e+05 
1.60076888558614e+01 1.00000000000000e+05 
1.62106850728960e+01 1.00000000000000e+05 
1.64138636363558e+01 1.00000000000000e+05 
1.66171481416695e+01 1.00000000000000e+05 
1.68205318926791e+01 1.00000000000000e+05 
1.70239717971818e+01 1.00000000000000e+05 
1.72274242526830e+01 1.00000000000000e+05 
1.74308511498678e+01 1.00000000000000e+05 
1.76342505270569e+01 1.00000000000000e+05 
1.78376212420556e+01 1.00000000000000e+05 
1.80409883913594e+01 1.00000000000000e+05 
1.82443050346869e+01 1.00000000000000e+05 
1.84474327837354e+01 1.00000000000000e+05 
1.86505503053125e+01 1.00000000000000e+05 
1.88535932316970e+01 1.00000000000000e+05 
1.90565608622741e+01 1.00000000000000e+05 
1.92594853707276e+01 1.00000000000000e+05 
1.94623796526000e+01 1.00000000000000e+05 
1.96652593507810e+01 1.00000000000000e+05 
1.98682128225951e+01 1.00000000000000e+05 
2.00712299723808e+01 1.00000000000000e+05 
2.02743632772251e+01 1.00000000000000e+05 
2.04775974201162e+01 1.00000000000000e+05 
2.06808993432005e+01 1.00000000000000e+05 
2.08842816624739e+01 1.00000000000000e+05 
2.10877109245459e+01 1.00000000000000e+05 
2.12911865561413e+01 1.00000000000000e+05 
2.14946542636065e+01 1.00000000000000e+05 
2.16979483115182e+01 1.00000000000000e+05 
2.19009928614698e+01 1.00000000000000e+05 
2.21039017811684e+01 1.00000000000000e+05 
2.23066497283774e+01 1.00000000000000e+05 
2.25092177015210e+01 1.00000000000000e+05 
2.27116581345214e+01 1.00000000000000e+05 
2.29139334651086e+01 1.00000000000000e+05 
2.31160467477100e+01 1.00000000000000e+05 
2.33179868862948e+01 1.00000000000000e+05 
2.35199180822287e+01 1.00000000000000e+05 
2.37218051763256e+01 1.00000000000000e+05 
2.39236768880851e+01 1.00000000000014e+05 
2.41255552893581e+01 1.00000000000336e+05 
2.43274126484990e+01 1.00000000005735e+05 
2.45293056915018e+01 1.00000000215643e+05 
2.47312963943893e+01 1.00000001040684e+05 
2.49333962174227e+01 1.00000003899771e+05 
2.51357213393038e+01 1.00000008315194e+05 
2.53382018572701e+01 1.00000012442703e+05 
2.55408488073704e+01 1.00000015740607e+05 
2.57436471827663e+01 1.00000026739686e+05 
2.59465698142901e+01 1.00000069269791e+05 
2.61496583369765e+01 1.00000167972524e+05 
2.63529142216749e+01 1.00000334331013e+05 
2.65562742668140e+01 1.00000565170026e+05 
2.67596972761635e+01 1.00000911613077e+05 
2.69631506643780e+01 1.00001393686229e+05 
2.71666356359982e+01 1.00002172405522e+05 
2.73700949757860e+01 1.00003366731317e+05 
2.75735042909555e+01 1.00005008454596e+05 
2.77768698215134e+01 1.00006816333397e+05 
2.79801634091441e+01 1.00008707144084e+05 
2.81832311137916e+01 1.00010258963273e+05 
2.83862493691881e+01 1.00011832911332e+05 
2.85892005667304e+01 1.00013801592103e+05 
2.87920289759177e+01 1.00016379930279e+05 
2.89947855911169e+01 1.00018925532424e+05 
2.91974758167431e+01 1.00020880481528e+05 
2.94001081727549e+01 1.00021439205034e+05 
2.96028174869848e+01 1.00021324784486e+05 
2.98055746712193e+01 1.00021777991119e+05 
3.00084175396436e+01 1.00023075006539e+05 
3.02113309117389e+01 1.00024388726017e+05 
3.04143391710080e+01 1.00025082833793e+05 
3.06174347641709e+01 1.00023958969647e+05 
3.08206359225875e+01 1.00021786433050e+05 
3.10238921252226e+01 1.00020185370512e+05 
3.12271617071788e+01 1.00019114912033e+05 
3.14304933723914e+01 1.00018614277191e+05 
3.16338559333766e+01 1.00017569810671e+05 
3.18371697100234e+01 1.00015173059389e+05 
3.20402940171543e+01 1.00011899093541e+05 
3.22432411366959e+01 1.00009024306290e+05 
3.24460329241944e+01 1.00006077516636e+05 
3.26486468730478e+01 1.00003920840943e+05 
3.28510694083674e+01 1.00001768117649e+05 
3.30532799861897e+01 9.99992553978850e+04 
3.32554482102955e+01 9.99963931243440e+04 
3.34575453553804e+01 9.99933824722859e+04 
3.36595641500324e+01 9.99895974569186e+04 
3.38615486883824e+01 9.99865782602909e+04 
3.40634799904239e+01 9.99842943040536e+04 
3.42653996408576e+01 9.99829658478072e+04 
3.44673939566842e+01 9.99820489861304e+04 
3.46694612546547e+01 9.99804363408438e+04 
3.48717036107216e+01 9.99776295431948e+04 
3.50740862371626e+01 9.99755430197426e+04 
3.52766015885758e+01 9.99746368469590e+04 
3.54793183147402e+01 9.99752973291273e+04 
3.56821412870120e+01 9.99770506153100e+04 
3.58851172271814e+01 9.99780535734252e+04 
3.60883109456795e+01 9.99780891150436e+04 
3.62916365042183e+01 9.99779766951447e+04 
3.64950404477902e+01 9.99789482075108e+04 
3.66984690806315e+01 9.99815436792130e+04 
3.69019364923025e+01 9.99852144166733e+04 
3.71054357283456e+01 9.99883453326397e+04 
3.73088956361505e+01 9.99911247215580e+04 
3.75123241222096e+01 9.99933904934293e+04 
3.77157068996436e+01 9.99957407276193e+04 
3.79188884208807e+01 9.99984348779490e+04 
3.81219429731373e+01 1.00001753591593e+05 
3.83249696414713e+01 1.00005291915731e+05 
3.85278282028840e+01 1.00009144612488e+05 
3.87305789313831e+01 1.00012224168865e+05 
3.89332338669238e+01 1.00014528459490e+05 
3.91357862752962e+01 1.00015630934363e+05 
3.93384030966966e+01 1.00016537843992e+05 
3.95410271713939e+01 1.00018364582670e+05 
3.97436993424354e+01 1.00021236553788e+05 
3.99463921856252e+01 1.00023193348484e+05 
4.01491654750551e+01 1.00023990790158e+05 
4.03520289195442e+01 1.00022882594486e+05 
4.05550048910795e+01 1.00020910531747e+05 
4.07580864187294e+01 1.00019930426488e+05 
4.09612286775592e+01 1.00019764449473e+05 
4.11644223380052e+01 1.00019843620482e+05 
4.13676607110112e+01 1.00018788022522e+05 
4.15709452306063e+01 1.00015679301257e+05 
4.17742442700769e+01 1.00011701190999e+05 
4.19775135223546e+01 1.00008276404639e+05 
4.21806564457985e+01 1.00005078943723e+05 
4.23835704544603e+01 1.00002532126207e+05 
4.25863222546333e+01 9.99998282618186e+04 
4.27888279196484e+01 9.99967498030569e+04 
4.29912615982889e+01 9.99931542483448e+04 
4.31935852435500e+01 9.99892373082737e+04 
4.33957815205678e+01 9.99846706044488e+04 
4.35978979487543e+01 9.99808649399440e+04 
4.37999304200929e+01 9.99779508223808e+04 
4.40019076885360e+01 9.99765018333497e+04 
4.42039337320145e+01 9.99754143997549e+04 
4.44060001538986e+01 9.99732883197501e+04 
4.46081858574393e+01 9.99698566388755e+04 
4.48104711684930e+01 9.99672812722203e+04 
4.50128451538969e+01 9.99661192040230e+04 
4.52153736753591e+01 9.99673164622487e+04 
4.54180340147901e+01 9.99697247654502e+04 
4.56208710244056e+01 9.99708571805631e+04 
4.58239099702678e+01 9.99707336279821e+04 
4.60270996589638e+01 9.99703678635057e+04 
4.62304657697298e+01 9.99712798285844e+04 
4.64338688960506e+01 9.99744821082137e+04 
4.66373017077841e+01 9.99790274318023e+04 
4.68407572598015e+01 9.99829539575095e+04 
4.70442546395734e+01 9.99863699244467e+04 
4.72477386480636e+01 9.99888296548655e+04 
4.74511939246332e+01 9.99914679436647e+04 
4.76545330594890e+01 9.99949342054113e+04 
4.78577067285611e+01 9.99992850444863e+04 
4.80608753693268e+01 1.00003747371829e+05 
4.82638354697416e+01 1.00008580271303e+05 
4.84666467540706e+01 1.00012199764693e+05 
4.86693473168333e+01 1.00014944454141e+05 
4.88719019249858e+01 1.00016624713052e+05 
4.90745027720318e+01 1.00018222037528e+05 
4.92770764391171e+01 1.00020832069283e+05 
4.94796476958813e+01 1.00024655155562e+05 
4.96822204167646e+01 1.00027576917610e+05 
4.98848222239144e+01 1.00028615212115e+05 
5.00874761862161e+01 1.00027690426267e+05 
5.02902390157782e+01 1.00025786458174e+05 
5.04931165644340e+01 1.00025129215501e+05 
5.06960805910771e+01 1.00025637629265e+05 
5.08991333423157e+01 1.00026126734954e+05 
5.11022578645217e+01 1.00025288239603e+05 
5.13054423763076e+01 1.00022446240101e+05 
5.15086548546338e+01 1.00018306350692e+05 
5.17119065645690e+01 1.00014841331531e+05 
5.19151950423545e+01 1.00011884228485e+05 
5.21183745006488e+01 1.00009529778509e+05 
5.23214088774139e+01 1.00006960659939e+05 
5.25242324010963e+01 1.00003578361937e+05 
5.27269607076205e+01 9.99993530654705e+04 
5.29295441731976e+01 9.99950725789170e+04 
5.31319496968064e+01 9.99904879809741e+04 
5.33342472842059e+01 9.99869021062822e+04 
5.35364267211515e+01 9.99841268878088e+04 
5.37385040812235e+01 9.99822756295762e+04 
5.39406083094777e+01 9.99804426694573e+04 
5.41427161596012e+01 9.99777180277371e+04 
5.43448835302565e+01 9.99738740803590e+04 
5.45471108975266e+01 9.99707440503852e+04 
5.47493910082137e+01 9.99694455199682e+04 
5.49517879790564e+01 9.99702102026366e+04 
5.51543020530474e+01 9.99718099517246e+04 
5.53569745540088e+01 9.99722103286218e+04 
5.55598668189212e+01 9.99713346854625e+04 
5.57629126136038e+01 9.99705832576414e+04 
5.59661352293277e+01 9.99711312874517e+04 
5.61694921057413e+01 9.99738115413052e+04 
5.63728862466536e+01 9.99778590884967e+04 
5.65762995126502e+01 9.99810855139483e+04 
5.67797565324227e+01 9.99836425327163e+04 
5.69832411929876e+01 9.99855422449826e+04 
5.71867575597213e+01 9.99878940152944e+04 
5.73902142438224e+01 9.99913907520949e+04 
5.75935504013974e+01 9.99958675464912e+04 
5.77968428105782e+01 1.00000225956109e+05 
5.79999523007818e+01 1.00004698995110e+05 
5.82028720166861e+01 1.00008073492162e+05 
5.84056737401209e+01 1.00010806031389e+05 
5.86082924096970e+01 1.00013013494487e+05 
5.88109369357781e+01 1.00015303082496e+05 
5.90135188227780e+01 1.00018329477464e+05 
5.92160540509742e+01 1.00022250475722e+05 
5.94185604009779e+01 1.00025339817004e+05 
5.96210526984744e+01 1.00026950281363e+05 
5.98235501837237e+01 1.00026418240577e+05 
6.00261485722220e+01 1.00025300013043e+05 
6.02288361841210e+01 1.00025276891808e+05 
6.04316638201486e+01 1.00026439413069e+05 
6.06345686020863e+01 1.00027352785033e+05 
6.08375671479841e+01 1.00027053808233e+05 
6.10406211004055e+01 1.00024730131544e+05 
6.12437426280142e+01 1.00021086123907e+05 
6.14469164445446e+01 1.00018277709831e+05 
6.16501210676312e+01 1.00016160500566e+05 
6.18533579475247e+01 1.00014469523489e+05 
6.20566264173889e+01 1.00012295977045e+05 
6.22597817220211e+01 1.00009073678836e+05 
6.24627995534665e+01 1.00004828913132e+05 
6.26656673735378e+01 1.00000781817012e+05 
6.28683131616467e+01 9.99966499094850e+04 
6.30708195650471e+01 9.99933657327663e+04 
6.32731804840720e+01 9.99906606575358e+04 
6.34753919046854e+01 9.99883913336160e+04 
6.36776034541254e+01 9.99858747772373e+04 
6.38797873688976e+01 9.99826509656732e+04 
6.40819738273611e+01 9.99786089676805e+04 
6.42841784067253e+01 9.99753905386290e+04 
6.44863959670241e+01 9.99735670056528e+04 
6.46886801912706e+01 9.99736561226802e+04 
6.48910662140103e+01 9.99742887408239e+04 
6.50935819241049e+01 9.99738253521460e+04 
6.52963226964966e+01 9.99721890192715e+04 
6.54992405740070e+01 9.99709923786924e+04 
6.57023188561443e+01 9.99710084543868e+04 
6.59055500692646e+01 9.99732168636549e+04 
6.61089027901603e+01 9.99766860870979e+04 
6.63122766649993e+01 9.99791741392140e+04 
6.65156872049080e+01 9.99808650837014e+04 
6.67191280630788e+01 9.99821049616631e+04 
6.69226164912726e+01 9.99840781698854e+04 
6.71261325074319e+01 9.99874292893313e+04 
6.73296169036911e+01 9.99918625418434e+04 
6.75330252299440e+01 9.99959715570893e+04 
6.77363198433455e+01 9.99999743613300e+04 
6.79393888572186e+01 1.00003023864947e+05 
6.81423368894994e+01 1.00005636060486e+05 
6.83450708709156e+01 1.00008091226285e+05 
6.85478069710537e+01 1.00010851918527e+05 
6.87504560574697e+01 1.00014149128327e+05 
6.89530120509714e+01 1.00018111771260e+05 
6.91555074049377e+01 1.00021167621495e+05 
6.93579506481004e+01 1.00022955504409e+05 
6.95603538262472e+01 1.00023019370759e+05 
6.97628467070184e+01 1.00022578622039e+05 
6.99654031500043e+01 1.00023147861217e+05 
7.01680675370484e+01 1.00024836810907e+05 
7.03708128597538e+01 1.00025986646697e+05 
7.05736643918905e+01 1.00026027622767e+05 
7.07765856443493e+01 1.00024127729728e+05 
7.09796045256010e+01 1.00021031109606e+05 
7.11826613299295e+01 1.00018764133411e+05 
7.13857897479778e+01 1.00017311713025e+05 
7.15889661007472e+01 1.00016183339987e+05 
7.17921459341708e+01 1.00014468271441e+05 
7.19953726252105e+01 1.00011469442752e+05 
7.21985718027617e+01 1.00007348932975e+05 
7.24016476186381e+01 1.00003554681011e+05 
7.26045430537818e+01 9.99998319296424e+04 
7.28072213299480e+01 9.99969989552698e+04 
7.30097805999067e+01 9.99945019131298e+04 
7.32121446685061e+01 9.99921192336247e+04 
7.34144836407241e+01 9.99893025114109e+04 
7.36167644759561e+01 9.99859433585732e+04 
7.38189887804541e+01 9.99819132543091e+04 
7.40211919750683e+01 9.99787127473475e+04 
7.42233714635407e+01 9.99767324339854e+04 
7.44255673633598e+01 9.99763273330132e+04 
7.46278498585127e+01 9.99763225734783e+04 
7.48302306656735e+01 9.99752019663674e+04 
7.50327937384072e+01 9.99729006063523e+04 
7.52355063125583e+01 9.99713988838391e+04 
7.54383722282391e+01 9.99709940421851e+04 
7.56414216244544e+01 9.99727397563990e+04 
7.58445981321123e+01 9.99756398603032e+04 
7.60479184214261e+01 9.99775579640997e+04 
7.62512929186171e+01 9.99787145707190e+04 
7.64546964242765e+01 9.99791864922940e+04 
7.66581350680706e+01 9.99806662945640e+04 
7.68616010200597e+01 9.99838613141405e+04 
7.70651079936182e+01 9.99882483522528e+04 
7.72686113724331e+01 9.99922995115977e+04 
7.74720611152207e+01 9.99961184532844e+04 
7.76753133911698e+01 9.99989473559776e+04 
7.78784461857672e+01 1.00001624922766e+05 
7.80813340565300e+01 1.00004477288539e+05 
7.82841986758304e+01 1.00007832959525e+05 
7.84869562928645e+01 1.00011519688703e+05 
7.86895714902216e+01 1.00015881393138e+05 
7.88920942905549e+01 1.00019192113151e+05 
7.90945315913393e+01 1.00021362872515e+05 
7.92968840114831e+01 1.00022093741636e+05 
7.94993122078064e+01 1.00022388103211e+05 
7.97017694779022e+01 1.00023680756249e+05 
7.99042936798559e+01 1.00026219491648e+05 
8.01068697501696e+01 1.00027760615367e+05 
8.03095192442820e+01 1.00028203598137e+05 
8.05122783411067e+01 1.00026635538012e+05 
8.07151532943511e+01 1.00023908374240e+05 
8.09180874917751e+01 1.00022065490018e+05 
8.11211009470289e+01 1.00021127134167e+05 
8.13241348982823e+01 1.00020760427865e+05 
8.15272528948804e+01 1.00019494520004e+05 
8.17303892546740e+01 1.00016361099761e+05 
8.19335573112213e+01 1.00012099109455e+05 
8.21368014274263e+01 1.00008413027555e+05 
8.23398733234911e+01 1.00004984304457e+05 
8.25427383975605e+01 1.00002397673661e+05 
8.27454995878572e+01 9.99999548724937e+04 
8.29480798671471e+01 9.99972752616666e+04 
8.31506062535737e+01 9.99940016373645e+04 
8.33530393401760e+01 9.99904058008102e+04 
8.35553612257224e+01 9.99862724557181e+04 
8.37576211955306e+01 9.99831336536496e+04 
8.39598226381276e+01 9.99809481321532e+04 
8.41619894017817e+01 9.99800443307664e+04 
8.43642239682605e+01 9.99793795536892e+04 
8.45665203012387e+01 9.99778300299200e+04 
8.47689483564908e+01 9.99750519600534e+04 
8.49714940232389e+01 9.99732225267248e+04 
8.51741579640687e+01 9.99726130880966e+04 
8.53769978718437e+01 9.99739615635538e+04 
8.55799804902041e+01 9.99763493320516e+04 
8.57831240408108e+01 9.99777585191587e+04 
8.59864536951827e+01 9.99780720505640e+04 
8.61898160798553e+01 9.99781165195273e+04 
8.63932062744392e+01 9.99792661749534e+04 
8.65966229319829e+01 9.99822585328513e+04 
8.68000940443101e+01 9.99864504819973e+04 
8.70035825837327e+01 9.99900842352321e+04 
8.72070843440491e+01 9.99933949091995e+04 
8.74105419344450e+01 9.99959010296735e+04 
8.76138267437083e+01 9.99985032366293e+04 
8.78169205534772e+01 1.00001543975831e+05 
8.80199632675196e+01 1.00005246296519e+05 
8.82228781681249e+01 1.00009115893460e+05 
8.84256106973253e+01 1.00013474663189e+05 
8.86282246424383e+01 1.00016771012066e+05 
8.88307219110573e+01 1.00019206496788e+05 
8.90330924047535e+01 1.00020408065817e+05 
8.92355207597714e+01 1.00021337401121e+05 
8.94379379157647e+01 1.00023070133289e+05 
8.96403799089431e+01 1.00026048502193e+05 
8.98428436218644e+01 1.00028090969793e+05 
9.00453482475632e+01 1.00028777537934e+05 
9.02479204282358e+01 1.00027504588808e+05 
9.04506070166489e+01 1.00025145282282e+05 
9.06534221098573e+01 1.00023719961622e+05 
9.08563074156330e+01 1.00023524893628e+05 
9.10592331034942e+01 1.00023410992448e+05 
9.12622364660194e+01 1.00022168406206e+05 
9.14653252837018e+01 1.00019091639862e+05 
9.16684271913442e+01 1.00014813226209e+05 
9.18715866137494e+01 1.00011151510539e+05 
9.20747842683971e+01 1.00007906198171e+05 
9.22778651165516e+01 1.00005459430340e+05 
9.24808149399466e+01 1.00002947190566e+05 
9.26836400845213e+01 9.99999187280885e+04 
9.28863873614108e+01 9.99961711735993e+04 
9.30890085767134e+01 9.99922531744243e+04 
9.32914663544503e+01 9.99879430355926e+04 
9.34938317764641e+01 9.99846920906297e+04 
9.36961022577806e+01 9.99822373843185e+04 
9.38982898525573e+01 9.99808932135736e+04 
9.41005250280928e+01 9.99796773569778e+04 
9.43027848548941e+01 9.99776526547734e+04 
9.45051224941694e+01 9.99744774811838e+04 
9.47075391235569e+01 9.99720742146216e+04 
9.49100356403763e+01 9.99713576416066e+04 
9.51126679959551e+01 9.99724811764425e+04 
9.53154338342254e+01 9.99746163711640e+04 
9.55183731288411e+01 9.99756242411165e+04 
9.57215113888919e+01 9.99755026820460e+04 
9.59247849047671e+01 9.99752990693764e+04 
9.61281201802749e+01 9.99762592954480e+04 
9.63314994562056e+01 9.99790593654701e+04 
9.65349076935859e+01 9.99831388046543e+04 
9.67383385387505e+01 9.99866278887027e+04 
9.69418207081187e+01 9.99896529183665e+04 
9.71453287818878e+01 9.99919970319920e+04 
9.73487757563585e+01 9.99945501634224e+04 
9.75521003395735e+01 9.99978554279550e+04 
9.77553203876417e+01 1.00001974552094e+05 
9.79584256456356e+01 1.00006086253290e+05 
9.81613154578645e+01 1.00010513986121e+05 
9.83640728139437e+01 1.00013872575719e+05 
9.85666800715794e+01 1.00016478395686e+05 
9.87691229821461e+01 1.00018154958425e+05 
9.89716027992200e+01 1.00019742393020e+05 
9.91740397132955e+01 1.00022071382013e+05 
9.93764536462670e+01 1.00025471663255e+05 
9.95788576239822e+01 1.00028202696784e+05 
9.97812656950711e+01 1.00029076138718e+05 
9.99837025244658e+01 1.00028148435258e+05 
1.00186246746907e+02 1.00026230267153e+05 
