# Liste des scalaires : TEMPS pmat 
0.00000000000000e+00 1.00000000000000e+05 
2.04081632653061e-01 1.00000000000000e+05 
4.08042165141975e-01 1.00000000000000e+05 
6.11832106953319e-01 1.00000000000000e+05 
8.15421737498182e-01 1.00000000000000e+05 
1.01884831470558e+00 1.00000000000000e+05 
1.22207818930831e+00 1.00000000000000e+05 
1.42513098547652e+00 1.00000000000000e+05 
1.62798725493260e+00 1.00000000000000e+05 
1.83053493087979e+00 1.00000000000000e+05 
2.03291905653503e+00 1.00000000000000e+05 
2.23520224592158e+00 1.00000000000000e+05 
2.43733969254296e+00 1.00000000000000e+05 
2.63931827049832e+00 1.00000000000000e+05 
2.84120332396323e+00 1.00000000000000e+05 
3.04297858176904e+00 1.00000000000000e+05 
3.24460591464334e+00 1.00000000000000e+05 
3.44612291562131e+00 1.00000000000000e+05 
3.64760922308227e+00 1.00000000000000e+05 
3.84909249851467e+00 1.00000000000000e+05 
4.05064469773747e+00 1.00000000000000e+05 
4.25222294222906e+00 1.00000000000000e+05 
4.45380035517506e+00 1.00000000000000e+05 
4.65542063364273e+00 1.00000000000000e+05 
4.85715243419261e+00 1.00000000000000e+05 
5.05906045928525e+00 1.00000000000000e+05 
5.26119401899534e+00 1.00000000000000e+05 
5.46347898380931e+00 1.00000000000000e+05 
5.66591894484892e+00 1.00000000000000e+05 
5.86852800362132e+00 1.00000000000000e+05 
6.07136345597011e+00 1.00000000000000e+05 
6.27438265108359e+00 1.00000000000000e+05 
6.47752964045090e+00 1.00000000000000e+05 
6.68089073121200e+00 1.00000000000000e+05 
6.88429870550576e+00 1.00000000000000e+05 
7.08769636443068e+00 1.00000000000000e+05 
7.29110827962174e+00 1.00000000000000e+05 
7.49449373816632e+00 1.00000000000000e+05 
7.69790617884871e+00 1.00000000000000e+05 
7.90135044231191e+00 1.00000000000000e+05 
8.10473659770851e+00 1.00000000000000e+05 
8.30800948139133e+00 1.00000000000000e+05 
8.51115234273433e+00 1.00000000000000e+05 
8.71416193711340e+00 1.00000000000000e+05 
8.91719900347831e+00 1.00000000000000e+05 
9.12020204041872e+00 1.00000000000000e+05 
9.32319297435189e+00 1.00000000000000e+05 
9.52619174127014e+00 1.00000000000000e+05 
9.72921908834018e+00 1.00000000000000e+05 
9.93229912946381e+00 1.00000000000000e+05 
1.01354642235065e+01 1.00000000000000e+05 
1.03387225987006e+01 1.00000000000000e+05 
1.05420932760412e+01 1.00000000000000e+05 
1.07455601602491e+01 1.00000000000000e+05 
1.09490636153785e+01 1.00000000000000e+05 
1.11525952040860e+01 1.00000000000000e+05 
1.13559908728595e+01 1.00000000000000e+05 
1.15591577617810e+01 1.00000000000000e+05 
1.17622381240369e+01 1.00000000000000e+05 
1.19650888349948e+01 1.00000000000000e+05 
1.21677288877747e+01 1.00000000000000e+05 
1.23702013159276e+01 1.00000000000000e+05 
1.25725982340610e+01 1.00000000000000e+05 
1.27748516426287e+01 1.00000000000000e+05 
1.29769249867640e+01 1.00000000000000e+05 
1.31787998828658e+01 1.00000000000000e+05 
1.33806014179065e+01 1.00000000000000e+05 
1.35822734033907e+01 1.00000000000000e+05 
1.37839887339651e+01 1.00000000000000e+05 
1.39857022015949e+01 1.00000000000000e+05 
1.41874661286692e+01 1.00000000000000e+05 
1.43892101845392e+01 1.00000000000000e+05 
1.45910326674531e+01 1.00000000000004e+05 
1.47929375836209e+01 1.00000000000048e+05 
1.49949695660416e+01 1.00000000000473e+05 
1.51971475723012e+01 1.00000000024435e+05 
1.53995487529939e+01 1.00000000364153e+05 
1.56020957788436e+01 1.00000000943355e+05 
1.58048076652820e+01 1.00000002047754e+05 
1.60076888558614e+01 1.00000005284448e+05 
1.62106850728960e+01 1.00000010900133e+05 
1.64138636363558e+01 1.00000021257422e+05 
1.66171481416695e+01 1.00000040307096e+05 
1.68205318926791e+01 1.00000077415654e+05 
1.70239717971818e+01 1.00000157812762e+05 
1.72274242526830e+01 1.00000310663204e+05 
1.74308511498678e+01 1.00000531969545e+05 
1.76342505270569e+01 1.00000858435094e+05 
1.78376212420556e+01 1.00001371229819e+05 
1.80409883913594e+01 1.00002199400475e+05 
1.82443050346869e+01 1.00003593265138e+05 
1.84474327837354e+01 1.00005613480760e+05 
1.86505503053125e+01 1.00008010174400e+05 
1.88535932316970e+01 1.00010741700103e+05 
1.90565608622741e+01 1.00014300556148e+05 
1.92594853707276e+01 1.00018916837152e+05 
1.94623796526000e+01 1.00025001890397e+05 
1.96652593507810e+01 1.00031448180045e+05 
1.98682128225951e+01 1.00037233969954e+05 
2.00712299723808e+01 1.00041765229494e+05 
2.02743632772251e+01 1.00046651428837e+05 
2.04775974201162e+01 1.00051903685906e+05 
2.06808993432005e+01 1.00057761290486e+05 
2.08842816624739e+01 1.00061904607425e+05 
2.10877109245459e+01 1.00063643205412e+05 
2.12911865561413e+01 1.00062990419618e+05 
2.14946542636065e+01 1.00063092422653e+05 
2.16979483115182e+01 1.00062969833176e+05 
2.19009928614698e+01 1.00062793901097e+05 
2.21039017811684e+01 1.00061192884993e+05 
2.23066497283774e+01 1.00057771269123e+05 
2.25092177015210e+01 1.00052459007161e+05 
2.27116581345214e+01 1.00047117668494e+05 
2.29139334651086e+01 1.00040712464021e+05 
2.31160467477100e+01 1.00033097368211e+05 
2.33179868862948e+01 1.00024455253367e+05 
2.35199180822287e+01 1.00015290724575e+05 
2.37218051763256e+01 1.00006357250893e+05 
2.39236768880851e+01 9.99973029152409e+04 
2.41255552893581e+01 9.99870786259185e+04 
2.43274126484990e+01 9.99749567509045e+04 
2.45293056915018e+01 9.99633263633503e+04 
2.47312963943893e+01 9.99533192960241e+04 
2.49333962174227e+01 9.99456178787422e+04 
2.51357213393038e+01 9.99377961298901e+04 
2.53382018572701e+01 9.99292674998422e+04 
2.55408488073704e+01 9.99186778972267e+04 
2.57436471827663e+01 9.99100167625761e+04 
2.59465698142901e+01 9.99046394595766e+04 
2.61496583369765e+01 9.99030818473062e+04 
2.63529142216749e+01 9.99014218338035e+04 
2.65562742668140e+01 9.98998163525405e+04 
2.67596972761635e+01 9.98972231559764e+04 
2.69631506643780e+01 9.98971089897911e+04 
2.71666356359982e+01 9.99002377171077e+04 
2.73700949757860e+01 9.99067784475568e+04 
2.75735042909555e+01 9.99133675429866e+04 
2.77768698215134e+01 9.99210587221832e+04 
2.79801634091441e+01 9.99293801657061e+04 
2.81832311137916e+01 9.99391745432270e+04 
2.83862493691881e+01 9.99503122629532e+04 
2.85892005667304e+01 9.99622964888690e+04 
2.87920289759177e+01 9.99742734070492e+04 
2.89947855911169e+01 9.99874673728943e+04 
2.91974758167431e+01 1.00002461114614e+05 
2.94001081727549e+01 1.00016875440982e+05 
2.96028174869848e+01 1.00029653625660e+05 
2.98055746712193e+01 1.00040320520261e+05 
3.00084175396436e+01 1.00051020532540e+05 
3.02113309117389e+01 1.00062372127402e+05 
3.04143391710080e+01 1.00075919777407e+05 
3.06174347641709e+01 1.00086805782464e+05 
3.08206359225875e+01 1.00093854892415e+05 
3.10238921252226e+01 1.00096760875541e+05 
3.12271617071788e+01 1.00099507240076e+05 
3.14304933723914e+01 1.00102059764016e+05 
3.16338559333766e+01 1.00105552954987e+05 
3.18371697100234e+01 1.00106032944096e+05 
3.20402940171543e+01 1.00102768179599e+05 
3.22432411366959e+01 1.00095677149727e+05 
3.24460329241944e+01 1.00088306841004e+05 
3.26486468730478e+01 1.00079828153828e+05 
3.28510694083674e+01 1.00070846576532e+05 
3.30532799861897e+01 1.00060353182041e+05 
3.32554482102955e+01 1.00048292409516e+05 
3.34575453553804e+01 1.00035143295918e+05 
3.36595641500324e+01 1.00021680698760e+05 
3.38615486883824e+01 1.00007013479951e+05 
3.40634799904239e+01 9.99907893055803e+04 
3.42653996408576e+01 9.99753586593003e+04 
3.44673939566842e+01 9.99615325740302e+04 
3.46694612546547e+01 9.99497408668803e+04 
3.48717036107216e+01 9.99377317125408e+04 
3.50740862371626e+01 9.99251285756528e+04 
3.52766015885758e+01 9.99106272305504e+04 
3.54793183147402e+01 9.98987880448722e+04 
3.56821412870120e+01 9.98909184781698e+04 
3.58851172271814e+01 9.98872158334712e+04 
3.60883109456795e+01 9.98835332719515e+04 
3.62916365042183e+01 9.98800781419259e+04 
3.64950404477902e+01 9.98756113055906e+04 
3.66984690806315e+01 9.98744878805580e+04 
3.69019364923025e+01 9.98774212540346e+04 
3.71054357283456e+01 9.98844124814603e+04 
3.73088956361505e+01 9.98915502063460e+04 
3.75123241222096e+01 9.98998014938852e+04 
3.77157068996436e+01 9.99085407065060e+04 
3.79188884208807e+01 9.99192915725081e+04 
3.81219429731373e+01 9.99321709400162e+04 
3.83249696414713e+01 9.99465871424933e+04 
3.85278282028840e+01 9.99611652129924e+04 
3.87305789313831e+01 9.99770243647504e+04 
3.89332338669238e+01 9.99946599748659e+04 
3.91357862752962e+01 1.00011793716597e+05 
3.93384030966966e+01 1.00027530764601e+05 
3.95410271713939e+01 1.00041198811808e+05 
3.97436993424354e+01 1.00054891279158e+05 
3.99463921856252e+01 1.00069129072093e+05 
4.01491654750551e+01 1.00085440999855e+05 
4.03520289195442e+01 1.00098527185765e+05 
4.05550048910795e+01 1.00107260936078e+05 
4.07580864187294e+01 1.00111488220268e+05 
4.09612286775592e+01 1.00115555931425e+05 
4.11644223380052e+01 1.00119498882954e+05 
4.13676607110112e+01 1.00124552489995e+05 
4.15709452306063e+01 1.00125912794234e+05 
4.17742442700769e+01 1.00122867083469e+05 
4.19775135223546e+01 1.00115579410839e+05 
4.21806564457985e+01 1.00108189959312e+05 
4.23835704544603e+01 1.00099872332091e+05 
4.25863222546333e+01 1.00091353604451e+05 
4.27888279196484e+01 1.00080938527503e+05 
4.29912615982889e+01 1.00068422327671e+05 
4.31935852435500e+01 1.00054371067107e+05 
4.33957815205678e+01 1.00040247323504e+05 
4.35978979487543e+01 1.00025186584851e+05 
4.37999304200929e+01 1.00008824800817e+05 
4.40019076885360e+01 9.99930693043464e+04 
4.42039337320145e+01 9.99784910326760e+04 
4.44060001538986e+01 9.99655850243297e+04 
4.46081858574393e+01 9.99525547869920e+04 
4.48104711684930e+01 9.99390601554606e+04 
4.50128451538969e+01 9.99235287295364e+04 
4.52153736753591e+01 9.99106491190745e+04 
4.54180340147901e+01 9.99015946886301e+04 
4.56208710244056e+01 9.98965629026509e+04 
4.58239099702678e+01 9.98916382613604e+04 
4.60270996589638e+01 9.98868114736591e+04 
4.62304657697298e+01 9.98806001873762e+04 
4.64338688960506e+01 9.98778692176802e+04 
4.66373017077841e+01 9.98794926092351e+04 
4.68407572598015e+01 9.98854205298172e+04 
4.70442546395734e+01 9.98912449538023e+04 
4.72477386480636e+01 9.98981800751578e+04 
4.74511939246332e+01 9.99051333962797e+04 
4.76545330594890e+01 9.99143178128891e+04 
4.78577067285611e+01 9.99260647238856e+04 
4.80608753693268e+01 9.99398183590181e+04 
4.82638354697416e+01 9.99536991490723e+04 
4.84666467540706e+01 9.99687193748709e+04 
4.86693473168333e+01 9.99852210677658e+04 
4.88719019249858e+01 1.00001542390093e+05 
4.90745027720318e+01 1.00016980962358e+05 
4.92770764391171e+01 1.00030843703172e+05 
4.94796476958813e+01 1.00044697245702e+05 
4.96822204167646e+01 1.00059160200211e+05 
4.98848222239144e+01 1.00075581052580e+05 
5.00874761862161e+01 1.00089110993613e+05 
5.02902390157782e+01 1.00098658950431e+05 
5.04931165644340e+01 1.00103964771340e+05 
5.06960805910771e+01 1.00109096194262e+05 
5.08991333423157e+01 1.00114252401390e+05 
5.11022578645217e+01 1.00120793780676e+05 
5.13054423763076e+01 1.00123714184587e+05 
5.15086548546338e+01 1.00122148735430e+05 
5.17119065645690e+01 1.00116220158892e+05 
5.19151950423545e+01 1.00110499847900e+05 
5.21183745006488e+01 1.00103711801320e+05 
5.23214088774139e+01 1.00097090403557e+05 
5.25242324010963e+01 1.00088419063416e+05 
5.27269607076205e+01 1.00077254069554e+05 
5.29295441731976e+01 1.00064005376896e+05 
5.31319496968064e+01 1.00050716264810e+05 
5.33342472842059e+01 1.00036472208037e+05 
5.35364267211515e+01 1.00021142264189e+05 
5.37385040812235e+01 1.00006097168103e+05 
5.39406083094777e+01 9.99917293147975e+04 
5.41427161596012e+01 9.99785100766632e+04 
5.43448835302565e+01 9.99651502576881e+04 
5.45471108975266e+01 9.99511153877776e+04 
5.47493910082137e+01 9.99351814921752e+04 
5.49517879790564e+01 9.99215565397044e+04 
5.51543020530474e+01 9.99113059300372e+04 
5.53569745540088e+01 9.99047728938297e+04 
5.55598668189212e+01 9.98982928299924e+04 
5.57629126136038e+01 9.98916291606034e+04 
5.59661352293277e+01 9.98831013450589e+04 
5.61694921057413e+01 9.98779783477923e+04 
5.63728862466536e+01 9.98776055222149e+04 
5.65762995126502e+01 9.98815415145788e+04 
5.67797565324227e+01 9.98851254708498e+04 
5.69832411929876e+01 9.98896537215576e+04 
5.71867575597213e+01 9.98942354159958e+04 
5.73902142438224e+01 9.99009435331355e+04 
5.75935504013974e+01 9.99104317544337e+04 
5.77968428105782e+01 9.99227519292213e+04 
5.79999523007818e+01 9.99354148608464e+04 
5.82028720166861e+01 9.99492938396017e+04 
5.84056737401209e+01 9.99642231918207e+04 
5.86082924096970e+01 9.99793527600549e+04 
5.88109369357781e+01 9.99943992131147e+04 
5.90135188227780e+01 1.00008656054707e+05 
5.92160540509742e+01 1.00022941447529e+05 
5.94185604009779e+01 1.00038141866084e+05 
5.96210526984744e+01 1.00055186645984e+05 
5.98235501837237e+01 1.00070042966460e+05 
6.00261485722220e+01 1.00081494195343e+05 
6.02288361841210e+01 1.00089045259520e+05 
6.04316638201486e+01 1.00096403141976e+05 
6.06345686020863e+01 1.00104009211745e+05 
6.08375671479841e+01 1.00113360414866e+05 
6.10406211004055e+01 1.00119061933130e+05 
6.12437426280142e+01 1.00119790566327e+05 
6.14469164445446e+01 1.00116351717140e+05 
6.16501210676312e+01 1.00113236409283e+05 
6.18533579475247e+01 1.00109168004930e+05 
6.20566264173889e+01 1.00105053069276e+05 
6.22597817220211e+01 1.00098947557983e+05 
6.24627995534665e+01 1.00090122610806e+05 
6.26656673735378e+01 1.00078406210394e+05 
6.28683131616467e+01 1.00066322770934e+05 
6.30708195650471e+01 1.00053150670763e+05 
6.32731804840720e+01 1.00039264044393e+05 
6.34753919046854e+01 1.00025194102174e+05 
6.36776034541254e+01 1.00011025553168e+05 
6.38797873688976e+01 9.99973672795443e+04 
6.40819738273611e+01 9.99836123619663e+04 
6.42841784067253e+01 9.99689448327495e+04 
6.44863959670241e+01 9.99525942822831e+04 
6.46886801912706e+01 9.99379280390133e+04 
6.48910662140103e+01 9.99262576552722e+04 
6.50935819241049e+01 9.99178887715820e+04 
6.52963226964966e+01 9.99095243568899e+04 
6.54992405740070e+01 9.99006775307080e+04 
6.57023188561443e+01 9.98899419704428e+04 
6.59055500692646e+01 9.98824922113435e+04 
6.61089027901603e+01 9.98802547085104e+04 
6.63122766649993e+01 9.98814973147357e+04 
6.65156872049080e+01 9.98825835472181e+04 
6.67191280630788e+01 9.98850397306591e+04 
6.69226164912726e+01 9.98872798931268e+04 
6.71261325074319e+01 9.98915454281736e+04 
6.73296169036911e+01 9.98986041906368e+04 
6.75330252299440e+01 9.99096247985649e+04 
6.77363198433455e+01 9.99211082373616e+04 
6.79393888572186e+01 9.99337015917650e+04 
6.81423368894994e+01 9.99470521424090e+04 
6.83450708709156e+01 9.99611821611533e+04 
6.85478069710537e+01 9.99759995816268e+04 
6.87504560574697e+01 9.99907791345798e+04 
6.89530120509714e+01 1.00005576881995e+05 
6.91555074049377e+01 1.00021435586771e+05 
6.93579506481004e+01 1.00039082147428e+05 
6.95603538262472e+01 1.00054994060974e+05 
6.97628467070184e+01 1.00067993515803e+05 
6.99654031500043e+01 1.00077778284338e+05 
7.01680675370484e+01 1.00087383871057e+05 
7.03708128597538e+01 1.00097289591425e+05 
7.05736643918905e+01 1.00108942295662e+05 
7.07765856443493e+01 1.00117181087800e+05 
7.09796045256010e+01 1.00120146141037e+05 
7.11826613299295e+01 1.00119330244004e+05 
7.13857897479778e+01 1.00118755055150e+05 
7.15889661007472e+01 1.00116722973140e+05 
7.17921459341708e+01 1.00115259853046e+05 
7.19953726252105e+01 1.00111660097036e+05 
7.21985718027617e+01 1.00105262796615e+05 
7.24016476186381e+01 1.00094586054661e+05 
7.26045430537818e+01 1.00083692202189e+05 
7.28072213299480e+01 1.00071873580689e+05 
7.30097805999067e+01 1.00059462945716e+05 
7.32121446685061e+01 1.00046350790985e+05 
7.34144836407241e+01 1.00032485881018e+05 
7.36167644759561e+01 1.00018377923646e+05 
7.38189887804541e+01 1.00004183467270e+05 
7.40211919750683e+01 9.99889870803375e+04 
7.42233714635407e+01 9.99721839219656e+04 
7.44255673633598e+01 9.99568366433317e+04 
7.46278498585127e+01 9.99438588924567e+04 
7.48302306656735e+01 9.99335372385657e+04 
7.50327937384072e+01 9.99231457730996e+04 
7.52355063125583e+01 9.99123207842274e+04 
7.54383722282391e+01 9.98996279533991e+04 
7.56414216244544e+01 9.98899346016479e+04 
7.58445981321123e+01 9.98846765131755e+04 
7.60479184214261e+01 9.98841612394606e+04 
7.62512929186171e+01 9.98830238694095e+04 
7.64546964242765e+01 9.98825300871924e+04 
7.66581350680706e+01 9.98814113926779e+04 
7.68616010200597e+01 9.98830616911994e+04 
7.70651079936182e+01 9.98882667928118e+04 
7.72686113724331e+01 9.98976853352958e+04 
7.74720611152207e+01 9.99071508844866e+04 
7.76753133911698e+01 9.99177827726108e+04 
7.78784461857672e+01 9.99290416918048e+04 
7.80813340565300e+01 9.99417639677476e+04 
7.82841986758304e+01 9.99557151842189e+04 
7.84869562928645e+01 9.99703881576365e+04 
7.86895714902216e+01 9.99852557994283e+04 
7.88920942905549e+01 1.00001326620447e+05 
7.90945315913393e+01 1.00018972733999e+05 
7.92968840114831e+01 1.00035428512510e+05 
7.94993122078064e+01 1.00049657247270e+05 
7.97017694779022e+01 1.00061258515807e+05 
7.99042936798559e+01 1.00072824170749e+05 
8.01068697501696e+01 1.00084791579018e+05 
8.03095192442820e+01 1.00098530493394e+05 
8.05122783411067e+01 1.00108987204642e+05 
8.07151532943511e+01 1.00115023871150e+05 
8.09180874917751e+01 1.00116096893605e+05 
8.11211009470289e+01 1.00117623571153e+05 
8.13241348982823e+01 1.00118719999844e+05 
8.15272528948804e+01 1.00120460163544e+05 
8.17303892546740e+01 1.00119296244368e+05 
8.19335573112213e+01 1.00114426924455e+05 
8.21368014274263e+01 1.00105374995898e+05 
8.23398733234911e+01 1.00096332554762e+05 
8.25427383975605e+01 1.00086317293268e+05 
8.27454995878572e+01 1.00075894337534e+05 
8.29480798671471e+01 1.00064140519854e+05 
8.31506062535737e+01 1.00051026095659e+05 
8.33530393401760e+01 1.00037044589100e+05 
8.35553612257224e+01 1.00022964875410e+05 
8.37576211955306e+01 1.00007896518307e+05 
8.39598226381276e+01 9.99914510805936e+04 
8.41619894017817e+01 9.99759627082878e+04 
8.43642239682605e+01 9.99621861884213e+04 
8.45665203012387e+01 9.99504911095503e+04 
8.47689483564908e+01 9.99387076122860e+04 
8.49714940232389e+01 9.99263364023794e+04 
8.51741579640687e+01 9.99121071080667e+04 
8.53769978718437e+01 9.99006796722895e+04 
8.55799804902041e+01 9.98932321143234e+04 
8.57831240408108e+01 9.98901079972163e+04 
8.59864536951827e+01 9.98870056028519e+04 
8.61898160798553e+01 9.98839301445894e+04 
8.63932062744392e+01 9.98797029436538e+04 
8.65966229319829e+01 9.98787314148472e+04 
8.68000940443101e+01 9.98818776530825e+04 
8.70035825837327e+01 9.98891426232092e+04 
8.72070843440491e+01 9.98965487947352e+04 
8.74105419344450e+01 9.99047884781525e+04 
8.76138267437083e+01 9.99132618687656e+04 
8.78169205534772e+01 9.99236267789800e+04 
8.80199632675196e+01 9.99361091534692e+04 
8.82228781681249e+01 9.99501692648896e+04 
8.84256106973253e+01 9.99643054436408e+04 
8.86282246424383e+01 9.99795837912849e+04 
8.88307219110573e+01 9.99963926352990e+04 
8.90330924047535e+01 1.00012602342012e+05 
8.92355207597714e+01 1.00027474515069e+05 
8.94379379157647e+01 1.00040428874758e+05 
8.96403799089431e+01 1.00053374983783e+05 
8.98428436218644e+01 1.00066880267631e+05 
9.00453482475632e+01 1.00082333524791e+05 
9.02479204282358e+01 1.00094763187111e+05 
9.04506070166489e+01 1.00103062229099e+05 
9.06534221098573e+01 1.00107060139950e+05 
9.08563074156330e+01 1.00110969666391e+05 
9.10592331034942e+01 1.00114847151304e+05 
9.12622364660194e+01 1.00119904888402e+05 
9.14653252837018e+01 1.00121539138062e+05 
9.16684271913442e+01 1.00119004976191e+05 
9.18715866137494e+01 1.00112330654556e+05 
9.20747842683971e+01 1.00105616664023e+05 
9.22778651165516e+01 1.00098059928433e+05 
9.24808149399466e+01 1.00090452823371e+05 
9.26836400845213e+01 1.00080972981626e+05 
9.28863873614108e+01 1.00069343045995e+05 
9.30890085767134e+01 1.00056048756098e+05 
9.32914663544503e+01 1.00042750692160e+05 
9.34938317764641e+01 1.00028463863789e+05 
9.36961022577806e+01 1.00012926187837e+05 
9.38982898525573e+01 9.99978722764425e+04 
9.41005250280928e+01 9.99837999355177e+04 
9.43027848548941e+01 9.99712307248190e+04 
9.45051224941694e+01 9.99585245628514e+04 
9.47075391235569e+01 9.99451668991106e+04 
9.49100356403763e+01 9.99297335454525e+04 
9.51126679959551e+01 9.99168750123000e+04 
9.53154338342254e+01 9.99076350387045e+04 
9.55183731288411e+01 9.99022319310132e+04 
9.57215113888919e+01 9.98968373406999e+04 
9.59247849047671e+01 9.98913375329011e+04 
9.61281201802749e+01 9.98843151667338e+04 
9.63314994562056e+01 9.98806489268860e+04 
9.65349076935859e+01 9.98814114136673e+04 
9.67383385387505e+01 9.98865036699085e+04 
9.69418207081187e+01 9.98912662886505e+04 
9.71453287818878e+01 9.98971005556997e+04 
9.73487757563585e+01 9.99028337442490e+04 
9.75521003395735e+01 9.99107640934255e+04 
9.77553203876417e+01 9.99214035871253e+04 
9.79584256456356e+01 9.99342881247709e+04 
9.81613154578645e+01 9.99473185247602e+04 
9.83640728139437e+01 9.99614844743325e+04 
9.85666800715794e+01 9.99769813180692e+04 
9.87691229821461e+01 9.99924481108785e+04 
9.89716027992200e+01 1.00007315251553e+05 
9.91740397132955e+01 1.00021004512984e+05 
9.93764536462670e+01 1.00034783862790e+05 
9.95788576239822e+01 1.00049269832376e+05 
9.97812656950711e+01 1.00065701393020e+05 
9.99837025244658e+01 1.00079606024616e+05 
1.00186246746907e+02 1.00089856591245e+05 
