# Liste des scalaires : TEMPS pmat 
0.00000000000000e+00 1.00000000000000e+05 
2.04081632653061e-01 1.00000000000000e+05 
4.08042165141975e-01 1.00000000000000e+05 
6.11832106953319e-01 1.00000000000000e+05 
8.15421737498182e-01 1.00000000000000e+05 
1.01884831470558e+00 1.00000000000000e+05 
1.22207818930831e+00 1.00000000000000e+05 
1.42513098547652e+00 1.00000000000000e+05 
1.62798725493260e+00 1.00000000000000e+05 
1.83053493087979e+00 1.00000000000000e+05 
2.03291905653503e+00 1.00000000000000e+05 
2.23520224592158e+00 1.00000000000000e+05 
2.43733969254296e+00 1.00000000000000e+05 
2.63931827049832e+00 1.00000000000000e+05 
2.84120332396323e+00 1.00000000000000e+05 
3.04297858176904e+00 1.00000000000000e+05 
3.24460591464334e+00 1.00000000000000e+05 
3.44612291562131e+00 1.00000000000000e+05 
3.64760922308227e+00 1.00000000000000e+05 
3.84909249851467e+00 1.00000000000000e+05 
4.05064469773747e+00 1.00000000000000e+05 
4.25222294222906e+00 1.00000000000000e+05 
4.45380035517506e+00 1.00000000000000e+05 
4.65542063364273e+00 1.00000000000000e+05 
4.85715243419261e+00 1.00000000000000e+05 
5.05906045928525e+00 1.00000000000000e+05 
5.26119401899534e+00 1.00000000000000e+05 
5.46347898380931e+00 1.00000000000000e+05 
5.66591894484892e+00 1.00000000000000e+05 
5.86852800362132e+00 1.00000000000000e+05 
6.07136345597011e+00 1.00000000000000e+05 
6.27438265108359e+00 1.00000000000000e+05 
6.47752964045090e+00 1.00000000000000e+05 
6.68089073121200e+00 1.00000000000000e+05 
6.88429870550576e+00 1.00000000000000e+05 
7.08769636443068e+00 1.00000000000000e+05 
7.29110827962174e+00 1.00000000000000e+05 
7.49449373816632e+00 1.00000000000000e+05 
7.69790617884871e+00 1.00000000000000e+05 
7.90135044231191e+00 1.00000000000000e+05 
8.10473659770851e+00 1.00000000000000e+05 
8.30800948139133e+00 1.00000000000000e+05 
8.51115234273433e+00 1.00000000000000e+05 
8.71416193711340e+00 1.00000000000000e+05 
8.91719900347831e+00 1.00000000000000e+05 
9.12020204041872e+00 1.00000000000000e+05 
9.32319297435189e+00 1.00000000000000e+05 
9.52619174127014e+00 1.00000000000000e+05 
9.72921908834018e+00 1.00000000000000e+05 
9.93229912946381e+00 1.00000000000000e+05 
1.01354642235065e+01 1.00000000000000e+05 
1.03387225987006e+01 1.00000000000000e+05 
1.05420932760412e+01 1.00000000000000e+05 
1.07455601602491e+01 1.00000000000000e+05 
1.09490636153785e+01 1.00000000000000e+05 
1.11525952040860e+01 1.00000000000000e+05 
1.13559908728595e+01 1.00000000000000e+05 
1.15591577617810e+01 1.00000000000000e+05 
1.17622381240369e+01 1.00000000000000e+05 
1.19650888349948e+01 1.00000000000000e+05 
1.21677288877747e+01 1.00000000000000e+05 
1.23702013159276e+01 1.00000000000000e+05 
1.25725982340610e+01 1.00000000000000e+05 
1.27748516426287e+01 1.00000000000000e+05 
1.29769249867640e+01 1.00000000000000e+05 
1.31787998828658e+01 1.00000000000000e+05 
1.33806014179065e+01 1.00000000000000e+05 
1.35822734033907e+01 1.00000000000000e+05 
1.37839887339651e+01 1.00000000000000e+05 
1.39857022015949e+01 1.00000000000000e+05 
1.41874661286692e+01 1.00000000000000e+05 
1.43892101845392e+01 1.00000000000000e+05 
1.45910326674531e+01 1.00000000000000e+05 
1.47929375836209e+01 1.00000000000000e+05 
1.49949695660416e+01 1.00000000000000e+05 
1.51971475723012e+01 1.00000000000000e+05 
1.53995487529939e+01 1.00000000000000e+05 
1.56020957788436e+01 1.00000000000000e+05 
1.58048076652820e+01 1.00000000000000e+05 
1.60076888558614e+01 1.00000000000000e+05 
1.62106850728960e+01 1.00000000000000e+05 
1.64138636363558e+01 1.00000000000000e+05 
1.66171481416695e+01 1.00000000000000e+05 
1.68205318926791e+01 1.00000000000000e+05 
1.70239717971818e+01 1.00000000000000e+05 
1.72274242526830e+01 1.00000000000000e+05 
1.74308511498678e+01 1.00000000000000e+05 
1.76342505270569e+01 1.00000000000000e+05 
1.78376212420556e+01 1.00000000000000e+05 
1.80409883913594e+01 1.00000000000000e+05 
1.82443050346869e+01 1.00000000000000e+05 
1.84474327837354e+01 1.00000000000000e+05 
1.86505503053125e+01 1.00000000000000e+05 
1.88535932316970e+01 1.00000000000000e+05 
1.90565608622741e+01 1.00000000000000e+05 
1.92594853707276e+01 1.00000000000000e+05 
1.94623796526000e+01 1.00000000000000e+05 
1.96652593507810e+01 1.00000000000000e+05 
1.98682128225951e+01 1.00000000000000e+05 
2.00712299723808e+01 1.00000000000000e+05 
2.02743632772251e+01 1.00000000000000e+05 
2.04775974201162e+01 1.00000000000000e+05 
2.06808993432005e+01 1.00000000000000e+05 
2.08842816624739e+01 1.00000000000000e+05 
2.10877109245459e+01 1.00000000000000e+05 
2.12911865561413e+01 1.00000000000000e+05 
2.14946542636065e+01 1.00000000000000e+05 
2.16979483115182e+01 1.00000000000000e+05 
2.19009928614698e+01 1.00000000000000e+05 
2.21039017811684e+01 1.00000000000000e+05 
2.23066497283774e+01 1.00000000000000e+05 
2.25092177015210e+01 1.00000000000000e+05 
2.27116581345214e+01 1.00000000000000e+05 
2.29139334651086e+01 1.00000000000000e+05 
2.31160467477100e+01 1.00000000000000e+05 
2.33179868862948e+01 1.00000000000000e+05 
2.35199180822287e+01 1.00000000000000e+05 
2.37218051763256e+01 1.00000000000000e+05 
2.39236768880851e+01 1.00000000000000e+05 
2.41255552893581e+01 1.00000000000000e+05 
2.43274126484990e+01 1.00000000000000e+05 
2.45293056915018e+01 1.00000000000000e+05 
2.47312963943893e+01 1.00000000000000e+05 
2.49333962174227e+01 1.00000000000000e+05 
2.51357213393038e+01 1.00000000000000e+05 
2.53382018572701e+01 1.00000000000000e+05 
2.55408488073704e+01 1.00000000000000e+05 
2.57436471827663e+01 1.00000000000000e+05 
2.59465698142901e+01 1.00000000000000e+05 
2.61496583369765e+01 1.00000000000005e+05 
2.63529142216749e+01 1.00000000000031e+05 
2.65562742668140e+01 1.00000000000052e+05 
2.67596972761635e+01 1.00000000004854e+05 
2.69631506643780e+01 1.00000000209465e+05 
2.71666356359982e+01 1.00000000783253e+05 
2.73700949757860e+01 1.00000001374091e+05 
2.75735042909555e+01 1.00000002579519e+05 
2.77768698215134e+01 1.00000004389805e+05 
2.79801634091441e+01 1.00000007306854e+05 
2.81832311137916e+01 1.00000012640507e+05 
2.83862493691881e+01 1.00000023140174e+05 
2.85892005667304e+01 1.00000040941847e+05 
2.87920289759177e+01 1.00000067816056e+05 
2.89947855911169e+01 1.00000104047982e+05 
2.91974758167431e+01 1.00000155955384e+05 
2.94001081727549e+01 1.00000239137534e+05 
2.96028174869848e+01 1.00000378971999e+05 
2.98055746712193e+01 1.00000582906156e+05 
3.00084175396436e+01 1.00000851148918e+05 
3.02113309117389e+01 1.00001171705426e+05 
3.04143391710080e+01 1.00001573374027e+05 
3.06174347641709e+01 1.00002130479402e+05 
3.08206359225875e+01 1.00002921892028e+05 
3.10238921252226e+01 1.00003909793948e+05 
3.12271617071788e+01 1.00005011977617e+05 
3.14304933723914e+01 1.00006138225714e+05 
3.16338559333766e+01 1.00007311240874e+05 
3.18371697100234e+01 1.00008684641534e+05 
3.20402940171543e+01 1.00010299004647e+05 
3.22432411366959e+01 1.00012007452065e+05 
3.24460329241944e+01 1.00013532245601e+05 
3.26486468730478e+01 1.00014777537282e+05 
3.28510694083674e+01 1.00015700171766e+05 
3.30532799861897e+01 1.00016561760079e+05 
3.32554482102955e+01 1.00017297693106e+05 
3.34575453553804e+01 1.00017904717257e+05 
3.36595641500324e+01 1.00018127865850e+05 
3.38615486883824e+01 1.00018029410344e+05 
3.40634799904239e+01 1.00017518176388e+05 
3.42653996408576e+01 1.00016840932889e+05 
3.44673939566842e+01 1.00015848989623e+05 
3.46694612546547e+01 1.00014734171331e+05 
3.48717036107216e+01 1.00013448922556e+05 
3.50740862371626e+01 1.00012132374480e+05 
3.52766015885758e+01 1.00010626624457e+05 
3.54793183147402e+01 1.00009057736557e+05 
3.56821412870120e+01 1.00007288717952e+05 
3.58851172271814e+01 1.00005486485538e+05 
3.60883109456795e+01 1.00003795458646e+05 
3.62916365042183e+01 1.00002252412616e+05 
3.64950404477902e+01 1.00000727172524e+05 
3.66984690806315e+01 9.99991729417793e+04 
3.69019364923025e+01 9.99975043599599e+04 
3.71054357283456e+01 9.99958126739537e+04 
3.73088956361505e+01 9.99943105296928e+04 
3.75123241222096e+01 9.99929392394401e+04 
3.77157068996436e+01 9.99916766867696e+04 
3.79188884208807e+01 9.99904208501070e+04 
3.81219429731373e+01 9.99892573221157e+04 
3.83249696414713e+01 9.99882134129498e+04 
3.85278282028840e+01 9.99875414169555e+04 
3.87305789313831e+01 9.99870402230740e+04 
3.89332338669238e+01 9.99867751675073e+04 
3.91357862752962e+01 9.99866557258890e+04 
3.93384030966966e+01 9.99869142104034e+04 
3.95410271713939e+01 9.99874141519188e+04 
3.97436993424354e+01 9.99882111099909e+04 
3.99463921856252e+01 9.99889898406237e+04 
4.01491654750551e+01 9.99898597240363e+04 
4.03520289195442e+01 9.99907720759385e+04 
4.05550048910795e+01 9.99919264992462e+04 
4.07580864187294e+01 9.99931327871581e+04 
4.09612286775592e+01 9.99942176464401e+04 
4.11644223380052e+01 9.99950270700924e+04 
4.13676607110112e+01 9.99957006094353e+04 
4.15709452306063e+01 9.99962885433162e+04 
4.17742442700769e+01 9.99969095042156e+04 
4.19775135223546e+01 9.99975363660667e+04 
4.21806564457985e+01 9.99980647556155e+04 
4.23835704544603e+01 9.99985040889983e+04 
4.25863222546333e+01 9.99989023471719e+04 
4.27888279196484e+01 9.99993029019654e+04 
4.29912615982889e+01 9.99996984325453e+04 
4.31935852435500e+01 1.00000077417291e+05 
4.33957815205678e+01 1.00000380455822e+05 
4.35978979487543e+01 1.00000724228730e+05 
4.37999304200929e+01 1.00001087428680e+05 
4.40019076885360e+01 1.00001423344652e+05 
4.42039337320145e+01 1.00001633662351e+05 
4.44060001538986e+01 1.00001682238434e+05 
4.46081858574393e+01 1.00001555410013e+05 
4.48104711684930e+01 1.00001495728326e+05 
4.50128451538969e+01 1.00001511045605e+05 
4.52153736753591e+01 1.00001473863882e+05 
4.54180340147901e+01 1.00001262677391e+05 
4.56208710244056e+01 1.00000843167222e+05 
4.58239099702678e+01 1.00000264183401e+05 
4.60270996589638e+01 9.99997754719690e+04 
4.62304657697298e+01 9.99994313746362e+04 
4.64338688960506e+01 9.99990835497634e+04 
4.66373017077841e+01 9.99986139283625e+04 
4.68407572598015e+01 9.99980426108957e+04 
4.70442546395734e+01 9.99974460140653e+04 
4.72477386480636e+01 9.99969627999367e+04 
4.74511939246332e+01 9.99966543185937e+04 
4.76545330594890e+01 9.99964033954486e+04 
4.78577067285611e+01 9.99961614954216e+04 
4.80608753693268e+01 9.99959416022573e+04 
4.82638354697416e+01 9.99958202899331e+04 
4.84666467540706e+01 9.99957732663780e+04 
4.86693473168333e+01 9.99958357292157e+04 
4.88719019249858e+01 9.99959813174547e+04 
4.90745027720318e+01 9.99962083693109e+04 
4.92770764391171e+01 9.99964864649661e+04 
4.94796476958813e+01 9.99968799649181e+04 
4.96822204167646e+01 9.99972184087703e+04 
4.98848222239144e+01 9.99975234998985e+04 
5.00874761862161e+01 9.99978438527933e+04 
5.02902390157782e+01 9.99981829779767e+04 
5.04931165644340e+01 9.99985124324978e+04 
5.06960805910771e+01 9.99989244490139e+04 
5.08991333423157e+01 9.99992353779380e+04 
5.11022578645217e+01 9.99994381256564e+04 
5.13054423763076e+01 9.99996102044901e+04 
5.15086548546338e+01 9.99997647652132e+04 
5.17119065645690e+01 9.99999271988554e+04 
5.19151950423545e+01 1.00000158811900e+05 
5.21183745006488e+01 1.00000362666914e+05 
5.23214088774139e+01 1.00000471229764e+05 
5.25242324010963e+01 1.00000506929103e+05 
5.27269607076205e+01 1.00000496850211e+05 
5.29295441731976e+01 1.00000494949894e+05 
5.31319496968064e+01 1.00000500678322e+05 
5.33342472842059e+01 1.00000546093153e+05 
5.35364267211515e+01 1.00000552875985e+05 
5.37385040812235e+01 1.00000473629630e+05 
5.39406083094777e+01 1.00000336862592e+05 
5.41427161596012e+01 1.00000195423691e+05 
5.43448835302565e+01 9.99999847234791e+04 
5.45471108975266e+01 9.99998460205952e+04 
5.47493910082137e+01 9.99997374990546e+04 
5.49517879790564e+01 9.99995617732761e+04 
5.51543020530474e+01 9.99993502457460e+04 
5.53569745540088e+01 9.99991333702568e+04 
5.55598668189212e+01 9.99988237038319e+04 
5.57629126136038e+01 9.99985967048900e+04 
5.59661352293277e+01 9.99984341067671e+04 
5.61694921057413e+01 9.99982448243804e+04 
5.63728862466536e+01 9.99980230419885e+04 
5.65762995126502e+01 9.99977940958395e+04 
5.67797565324227e+01 9.99975110417416e+04 
5.69832411929876e+01 9.99972893039242e+04 
5.71867575597213e+01 9.99971785392195e+04 
5.73902142438224e+01 9.99971144897486e+04 
5.75935504013974e+01 9.99970726226429e+04 
5.77968428105782e+01 9.99970337770948e+04 
5.79999523007818e+01 9.99969963323466e+04 
5.82028720166861e+01 9.99969725649629e+04 
5.84056737401209e+01 9.99970075367428e+04 
5.86082924096970e+01 9.99971115207620e+04 
5.88109369357781e+01 9.99972908873294e+04 
5.90135188227780e+01 9.99975169804454e+04 
5.92160540509742e+01 9.99978088030066e+04 
5.94185604009779e+01 9.99980480367159e+04 
5.96210526984744e+01 9.99982425171971e+04 
5.98235501837237e+01 9.99984764380585e+04 
6.00261485722220e+01 9.99987886465508e+04 
6.02288361841210e+01 9.99991643545891e+04 
6.04316638201486e+01 9.99996211615188e+04 
6.06345686020863e+01 1.00000000020330e+05 
6.08375671479841e+01 1.00000237943602e+05 
6.10406211004055e+01 1.00000481888695e+05 
6.12437426280142e+01 1.00000748864810e+05 
6.14469164445446e+01 1.00001058807915e+05 
6.16501210676312e+01 1.00001415254587e+05 
6.18533579475247e+01 1.00001702110000e+05 
6.20566264173889e+01 1.00001817224054e+05 
6.22597817220211e+01 1.00001880305459e+05 
6.24627995534665e+01 1.00001892024358e+05 
6.26656673735378e+01 1.00001873779659e+05 
6.28683131616467e+01 1.00001853300006e+05 
6.30708195650471e+01 1.00001835287055e+05 
6.32731804840720e+01 1.00001725094261e+05 
6.34753919046854e+01 1.00001549203724e+05 
6.36776034541254e+01 1.00001271366742e+05 
6.38797873688976e+01 1.00000919369669e+05 
6.40819738273611e+01 1.00000556549186e+05 
6.42841784067253e+01 1.00000294592982e+05 
6.44863959670241e+01 1.00000093463158e+05 
6.46886801912706e+01 9.99998544885037e+04 
6.48910662140103e+01 9.99995134543628e+04 
6.50935819241049e+01 9.99990618300575e+04 
6.52963226964966e+01 9.99985746356876e+04 
6.54992405740070e+01 9.99982120967287e+04 
6.57023188561443e+01 9.99980299653790e+04 
6.59055500692646e+01 9.99978528432792e+04 
6.61089027901603e+01 9.99976346080324e+04 
6.63122766649993e+01 9.99973382963622e+04 
6.65156872049080e+01 9.99970117178502e+04 
6.67191280630788e+01 9.99967721220715e+04 
6.69226164912726e+01 9.99967315259911e+04 
6.71261325074319e+01 9.99967291102332e+04 
6.73296169036911e+01 9.99967622850681e+04 
6.75330252299440e+01 9.99967834993182e+04 
6.77363198433455e+01 9.99967625361858e+04 
6.79393888572186e+01 9.99967325896602e+04 
6.81423368894994e+01 9.99967925908625e+04 
6.83450708709156e+01 9.99968846496230e+04 
6.85478069710537e+01 9.99970453297055e+04 
6.87504560574697e+01 9.99972488409582e+04 
6.89530120509714e+01 9.99974445797166e+04 
6.91555074049377e+01 9.99975677870005e+04 
6.93579506481004e+01 9.99976690237825e+04 
6.95603538262472e+01 9.99977964952146e+04 
6.97628467070184e+01 9.99979837806340e+04 
6.99654031500043e+01 9.99982309318328e+04 
7.01680675370484e+01 9.99984940401883e+04 
7.03708128597538e+01 9.99986857588851e+04 
7.05736643918905e+01 9.99987869134139e+04 
7.07765856443493e+01 9.99989212978857e+04 
7.09796045256010e+01 9.99991034419955e+04 
7.11826613299295e+01 9.99993571444259e+04 
7.13857897479778e+01 9.99996523205338e+04 
7.15889661007472e+01 9.99999230059442e+04 
7.17921459341708e+01 1.00000081929673e+05 
7.19953726252105e+01 1.00000238483986e+05 
7.21985718027617e+01 1.00000390343929e+05 
7.24016476186381e+01 1.00000570982551e+05 
7.26045430537818e+01 1.00000790288680e+05 
7.28072213299480e+01 1.00001042135131e+05 
7.30097805999067e+01 1.00001235707532e+05 
7.32121446685061e+01 1.00001394294637e+05 
7.34144836407241e+01 1.00001484519253e+05 
7.36167644759561e+01 1.00001527096499e+05 
7.38189887804541e+01 1.00001571721646e+05 
7.40211919750683e+01 1.00001694505469e+05 
7.42233714635407e+01 1.00001851555120e+05 
7.44255673633598e+01 1.00001969932066e+05 
7.46278498585127e+01 1.00001990846762e+05 
7.48302306656735e+01 1.00001907918433e+05 
7.50327937384072e+01 1.00001773671184e+05 
7.52355063125583e+01 1.00001695613986e+05 
7.54383722282391e+01 1.00001697384722e+05 
7.56414216244544e+01 1.00001660275046e+05 
7.58445981321123e+01 1.00001529780958e+05 
7.60479184214261e+01 1.00001271500780e+05 
7.62512929186171e+01 1.00000928244521e+05 
7.64546964242765e+01 1.00000594048952e+05 
7.66581350680706e+01 1.00000363620234e+05 
7.68616010200597e+01 1.00000125067856e+05 
7.70651079936182e+01 9.99998427655111e+04 
7.72686113724331e+01 9.99995075693895e+04 
7.74720611152207e+01 9.99991486589701e+04 
7.76753133911698e+01 9.99987801021301e+04 
7.78784461857672e+01 9.99984845065699e+04 
7.80813340565300e+01 9.99982157150169e+04 
7.82841986758304e+01 9.99980032544204e+04 
7.84869562928645e+01 9.99978620498564e+04 
7.86895714902216e+01 9.99977760081417e+04 
7.88920942905549e+01 9.99976741478807e+04 
7.90945315913393e+01 9.99975837652139e+04 
7.92968840114831e+01 9.99975397211797e+04 
7.94993122078064e+01 9.99976078626313e+04 
7.97017694779022e+01 9.99977893976010e+04 
7.99042936798559e+01 9.99980325367453e+04 
8.01068697501696e+01 9.99982157794304e+04 
8.03095192442820e+01 9.99983142170984e+04 
8.05122783411067e+01 9.99984508869277e+04 
8.07151532943511e+01 9.99986834232509e+04 
8.09180874917751e+01 9.99990362729519e+04 
8.11211009470289e+01 9.99994511714609e+04 
8.13241348982823e+01 9.99998179558687e+04 
8.15272528948804e+01 1.00000052308291e+05 
8.17303892546740e+01 1.00000279234929e+05 
8.19335573112213e+01 1.00000535293707e+05 
8.21368014274263e+01 1.00000834109591e+05 
8.23398733234911e+01 1.00001144344955e+05 
8.25427383975605e+01 1.00001434842515e+05 
8.27454995878572e+01 1.00001616318640e+05 
8.29480798671471e+01 1.00001752958702e+05 
8.31506062535737e+01 1.00001813132380e+05 
8.33530393401760e+01 1.00001812087381e+05 
8.35553612257224e+01 1.00001779759879e+05 
8.37576211955306e+01 1.00001790485790e+05 
8.39598226381276e+01 1.00001804118585e+05 
8.41619894017817e+01 1.00001773563088e+05 
8.43642239682605e+01 1.00001619742729e+05 
8.45665203012387e+01 1.00001349288912e+05 
8.47689483564908e+01 1.00001027042079e+05 
8.49714940232389e+01 1.00000784105814e+05 
8.51741579640687e+01 1.00000643198163e+05 
8.53769978718437e+01 1.00000471174022e+05 
8.55799804902041e+01 1.00000206732664e+05 
8.57831240408108e+01 9.99998308523655e+04 
8.59864536951827e+01 9.99994070977341e+04 
8.61898160798553e+01 9.99990530728400e+04 
8.63932062744392e+01 9.99988494061581e+04 
8.65966229319829e+01 9.99986487006422e+04 
8.68000940443101e+01 9.99984177363406e+04 
8.70035825837327e+01 9.99981433275323e+04 
8.72070843440491e+01 9.99978528234993e+04 
8.74105419344450e+01 9.99975862817256e+04 
8.76138267437083e+01 9.99974355994329e+04 
8.78169205534772e+01 9.99973055749521e+04 
8.80199632675196e+01 9.99972249012303e+04 
8.82228781681249e+01 9.99971961413657e+04 
8.84256106973253e+01 9.99972046009425e+04 
8.86282246424383e+01 9.99971942183780e+04 
8.88307219110573e+01 9.99972123253454e+04 
8.90330924047535e+01 9.99972633493916e+04 
8.92355207597714e+01 9.99974186847150e+04 
8.94379379157647e+01 9.99976767378042e+04 
8.96403799089431e+01 9.99979846707377e+04 
8.98428436218644e+01 9.99982314374337e+04 
9.00453482475632e+01 9.99984107025184e+04 
9.02479204282358e+01 9.99986247643051e+04 
9.04506070166489e+01 9.99989401759758e+04 
9.06534221098573e+01 9.99993621404936e+04 
9.08563074156330e+01 9.99998350131317e+04 
9.10592331034942e+01 1.00000250582479e+05 
9.12622364660194e+01 1.00000537466873e+05 
9.14653252837018e+01 1.00000828544698e+05 
9.16684271913442e+01 1.00001147135930e+05 
9.18715866137494e+01 1.00001505754218e+05 
9.20747842683971e+01 1.00001877464973e+05 
9.22778651165516e+01 1.00002215491205e+05 
9.24808149399466e+01 1.00002420537325e+05 
9.26836400845213e+01 1.00002589231048e+05 
9.28863873614108e+01 1.00002682729212e+05 
9.30890085767134e+01 1.00002715415268e+05 
9.32914663544503e+01 1.00002718061309e+05 
9.34938317764641e+01 1.00002755916590e+05 
9.36961022577806e+01 1.00002767655081e+05 
9.38982898525573e+01 1.00002744310548e+05 
9.41005250280928e+01 1.00002597844202e+05 
9.43027848548941e+01 1.00002327377705e+05 
9.45051224941694e+01 1.00002005684210e+05 
9.47075391235569e+01 1.00001752043443e+05 
9.49100356403763e+01 1.00001573827873e+05 
9.51126679959551e+01 1.00001369961811e+05 
9.53154338342254e+01 1.00001059987840e+05 
9.55183731288411e+01 1.00000625614949e+05 
9.57215113888919e+01 1.00000125627331e+05 
9.59247849047671e+01 9.99996837397638e+04 
9.61281201802749e+01 9.99993712738483e+04 
9.63314994562056e+01 9.99990616229278e+04 
9.65349076935859e+01 9.99987256248206e+04 
9.67383385387505e+01 9.99983460405218e+04 
9.69418207081187e+01 9.99979516466967e+04 
9.71453287818878e+01 9.99975934941095e+04 
9.73487757563585e+01 9.99973571094397e+04 
9.75521003395735e+01 9.99971391399577e+04 
9.77553203876417e+01 9.99969816569660e+04 
9.79584256456356e+01 9.99968797660195e+04 
9.81613154578645e+01 9.99968072565762e+04 
9.83640728139437e+01 9.99967175184057e+04 
9.85666800715794e+01 9.99966719031338e+04 
9.87691229821461e+01 9.99966660396605e+04 
9.89716027992200e+01 9.99967856715081e+04 
9.91740397132955e+01 9.99970361247704e+04 
9.93764536462670e+01 9.99973562040221e+04 
9.95788576239822e+01 9.99976241432954e+04 
9.97812656950711e+01 9.99978438263537e+04 
9.99837025244658e+01 9.99981043139793e+04 
1.00186246746907e+02 9.99984778592042e+04 
