# Liste des scalaires : TEMPS pmat 
0.00000000000000e+00 1.00000000000000e+05 
2.04081632653061e-01 1.00000000000000e+05 
4.08042165141975e-01 1.00000000000000e+05 
6.11832106953319e-01 1.00000000000000e+05 
8.15421737498182e-01 1.00000000000000e+05 
1.01884831470558e+00 1.00000000000000e+05 
1.22207818930831e+00 1.00000000000000e+05 
1.42513098547652e+00 1.00000000000000e+05 
1.62798725493260e+00 1.00000000000000e+05 
1.83053493087979e+00 1.00000000000000e+05 
2.03291905653503e+00 1.00000000000000e+05 
2.23520224592158e+00 1.00000000000000e+05 
2.43733969254296e+00 1.00000000000000e+05 
2.63931827049832e+00 1.00000000000000e+05 
2.84120332396323e+00 1.00000000000000e+05 
3.04297858176904e+00 1.00000000000000e+05 
3.24460591464334e+00 1.00000000000000e+05 
3.44612291562131e+00 1.00000000000000e+05 
3.64760922308227e+00 1.00000000000000e+05 
3.84909249851467e+00 1.00000000000000e+05 
4.05064469773747e+00 1.00000000000000e+05 
4.25222294222906e+00 1.00000000000000e+05 
4.45380035517506e+00 1.00000000000000e+05 
4.65542063364273e+00 1.00000000000000e+05 
4.85715243419261e+00 1.00000000000000e+05 
5.05906045928525e+00 1.00000000000000e+05 
5.26119401899534e+00 1.00000000000000e+05 
5.46347898380931e+00 1.00000000000000e+05 
5.66591894484892e+00 1.00000000000000e+05 
5.86852800362132e+00 1.00000000000000e+05 
6.07136345597011e+00 1.00000000000000e+05 
6.27438265108359e+00 1.00000000000000e+05 
6.47752964045090e+00 1.00000000000000e+05 
6.68089073121200e+00 1.00000000000000e+05 
6.88429870550576e+00 1.00000000000000e+05 
7.08769636443068e+00 1.00000000000000e+05 
7.29110827962174e+00 1.00000000000000e+05 
7.49449373816632e+00 1.00000000000000e+05 
7.69790617884871e+00 1.00000000000000e+05 
7.90135044231191e+00 1.00000000000000e+05 
8.10473659770851e+00 1.00000000000000e+05 
8.30800948139133e+00 1.00000000000000e+05 
8.51115234273433e+00 1.00000000000000e+05 
8.71416193711340e+00 1.00000000000000e+05 
8.91719900347831e+00 1.00000000000000e+05 
9.12020204041872e+00 1.00000000000000e+05 
9.32319297435189e+00 1.00000000000000e+05 
9.52619174127014e+00 1.00000000000000e+05 
9.72921908834018e+00 1.00000000000000e+05 
9.93229912946381e+00 1.00000000000000e+05 
1.01354642235065e+01 1.00000000000000e+05 
1.03387225987006e+01 1.00000000000000e+05 
1.05420932760412e+01 1.00000000000000e+05 
1.07455601602491e+01 1.00000000000000e+05 
1.09490636153785e+01 1.00000000000000e+05 
1.11525952040860e+01 1.00000000000000e+05 
1.13559908728595e+01 1.00000000000000e+05 
1.15591577617810e+01 1.00000000000000e+05 
1.17622381240369e+01 1.00000000000000e+05 
1.19650888349948e+01 1.00000000000000e+05 
1.21677288877747e+01 1.00000000000000e+05 
1.23702013159276e+01 1.00000000000000e+05 
1.25725982340610e+01 1.00000000000000e+05 
1.27748516426287e+01 1.00000000000000e+05 
1.29769249867640e+01 1.00000000000000e+05 
1.31787998828658e+01 1.00000000000000e+05 
1.33806014179065e+01 1.00000000000000e+05 
1.35822734033907e+01 1.00000000000000e+05 
1.37839887339651e+01 1.00000000000000e+05 
1.39857022015949e+01 1.00000000000000e+05 
1.41874661286692e+01 1.00000000000000e+05 
1.43892101845392e+01 1.00000000000000e+05 
1.45910326674531e+01 1.00000000000000e+05 
1.47929375836209e+01 1.00000000000000e+05 
1.49949695660416e+01 1.00000000000000e+05 
1.51971475723012e+01 1.00000000000000e+05 
1.53995487529939e+01 1.00000000000000e+05 
1.56020957788436e+01 1.00000000000000e+05 
1.58048076652820e+01 1.00000000000000e+05 
1.60076888558614e+01 1.00000000000000e+05 
1.62106850728960e+01 1.00000000000000e+05 
1.64138636363558e+01 1.00000000000000e+05 
1.66171481416695e+01 1.00000000000000e+05 
1.68205318926791e+01 1.00000000000000e+05 
1.70239717971818e+01 1.00000000000000e+05 
1.72274242526830e+01 1.00000000000000e+05 
1.74308511498678e+01 1.00000000000000e+05 
1.76342505270569e+01 1.00000000000000e+05 
1.78376212420556e+01 1.00000000000000e+05 
1.80409883913594e+01 1.00000000000000e+05 
1.82443050346869e+01 1.00000000000000e+05 
1.84474327837354e+01 1.00000000000000e+05 
1.86505503053125e+01 1.00000000000000e+05 
1.88535932316970e+01 1.00000000000000e+05 
1.90565608622741e+01 1.00000000000000e+05 
1.92594853707276e+01 1.00000000000000e+05 
1.94623796526000e+01 1.00000000000000e+05 
1.96652593507810e+01 1.00000000000000e+05 
1.98682128225951e+01 1.00000000000000e+05 
2.00712299723808e+01 1.00000000000000e+05 
2.02743632772251e+01 1.00000000000000e+05 
2.04775974201162e+01 1.00000000000000e+05 
2.06808993432005e+01 1.00000000000000e+05 
2.08842816624739e+01 1.00000000000000e+05 
2.10877109245459e+01 1.00000000000000e+05 
2.12911865561413e+01 1.00000000000000e+05 
2.14946542636065e+01 1.00000000000000e+05 
2.16979483115182e+01 1.00000000000000e+05 
2.19009928614698e+01 1.00000000000000e+05 
2.21039017811684e+01 1.00000000000000e+05 
2.23066497283774e+01 1.00000000000000e+05 
2.25092177015210e+01 1.00000000000000e+05 
2.27116581345214e+01 1.00000000000000e+05 
2.29139334651086e+01 1.00000000000001e+05 
2.31160467477100e+01 1.00000000000022e+05 
2.33179868862948e+01 1.00000000000038e+05 
2.35199180822287e+01 1.00000000004405e+05 
2.37218051763256e+01 1.00000000258564e+05 
2.39236768880851e+01 1.00000000758838e+05 
2.41255552893581e+01 1.00000001415515e+05 
2.43274126484990e+01 1.00000002600225e+05 
2.45293056915018e+01 1.00000004667348e+05 
2.47312963943893e+01 1.00000009043149e+05 
2.49333962174227e+01 1.00000016278874e+05 
2.51357213393038e+01 1.00000028959042e+05 
2.53382018572701e+01 1.00000046801659e+05 
2.55408488073704e+01 1.00000076946396e+05 
2.57436471827663e+01 1.00000123751058e+05 
2.59465698142901e+01 1.00000207010140e+05 
2.61496583369765e+01 1.00000325714555e+05 
2.63529142216749e+01 1.00000505711548e+05 
2.65562742668140e+01 1.00000725318467e+05 
2.67596972761635e+01 1.00001045311857e+05 
2.69631506643780e+01 1.00001473903413e+05 
2.71666356359982e+01 1.00002124195114e+05 
2.73700949757860e+01 1.00002913678225e+05 
2.75735042909555e+01 1.00003922776143e+05 
2.77768698215134e+01 1.00004955941029e+05 
2.79801634091441e+01 1.00006233572920e+05 
2.81832311137916e+01 1.00007682324763e+05 
2.83862493691881e+01 1.00009540090570e+05 
2.85892005667304e+01 1.00011404291608e+05 
2.87920289759177e+01 1.00013356948564e+05 
2.89947855911169e+01 1.00014890006018e+05 
2.91974758167431e+01 1.00016396160330e+05 
2.94001081727549e+01 1.00017854932473e+05 
2.96028174869848e+01 1.00019437897021e+05 
2.98055746712193e+01 1.00020673963379e+05 
3.00084175396436e+01 1.00021461632103e+05 
3.02113309117389e+01 1.00021532645114e+05 
3.04143391710080e+01 1.00021249608843e+05 
3.06174347641709e+01 1.00020935106417e+05 
3.08206359225875e+01 1.00020642297408e+05 
3.10238921252226e+01 1.00020085269824e+05 
3.12271617071788e+01 1.00018837645460e+05 
3.14304933723914e+01 1.00017110047952e+05 
3.16338559333766e+01 1.00015115489292e+05 
3.18371697100234e+01 1.00013189939251e+05 
3.20402940171543e+01 1.00011358973896e+05 
3.22432411366959e+01 1.00009636009779e+05 
3.24460329241944e+01 1.00007406748349e+05 
3.26486468730478e+01 1.00005192916559e+05 
3.28510694083674e+01 1.00002743519614e+05 
3.30532799861897e+01 1.00000483812385e+05 
3.32554482102955e+01 9.99983434625560e+04 
3.34575453553804e+01 9.99966396003390e+04 
3.36595641500324e+01 9.99948513934652e+04 
3.38615486883824e+01 9.99934475285487e+04 
3.40634799904239e+01 9.99918559785578e+04 
3.42653996408576e+01 9.99903301591845e+04 
3.44673939566842e+01 9.99889591643352e+04 
3.46694612546547e+01 9.99880663156155e+04 
3.48717036107216e+01 9.99875927573163e+04 
3.50740862371626e+01 9.99877705858661e+04 
3.52766015885758e+01 9.99880419896489e+04 
3.54793183147402e+01 9.99882731909967e+04 
3.56821412870120e+01 9.99884516267372e+04 
3.58851172271814e+01 9.99887642065788e+04 
3.60883109456795e+01 9.99895650133609e+04 
3.62916365042183e+01 9.99907367922291e+04 
3.64950404477902e+01 9.99918148980402e+04 
3.66984690806315e+01 9.99925271180526e+04 
3.69019364923025e+01 9.99928000590755e+04 
3.71054357283456e+01 9.99927020300037e+04 
3.73088956361505e+01 9.99928070663228e+04 
3.75123241222096e+01 9.99931126299012e+04 
3.77157068996436e+01 9.99934458552684e+04 
3.79188884208807e+01 9.99935878777335e+04 
3.81219429731373e+01 9.99932343488116e+04 
3.83249696414713e+01 9.99925541019408e+04 
3.85278282028840e+01 9.99919881402831e+04 
3.87305789313831e+01 9.99916611545600e+04 
3.89332338669238e+01 9.99915603620882e+04 
3.91357862752962e+01 9.99915353977208e+04 
3.93384030966966e+01 9.99912405461737e+04 
3.95410271713939e+01 9.99908348963733e+04 
3.97436993424354e+01 9.99905405436066e+04 
3.99463921856252e+01 9.99904610622052e+04 
4.01491654750551e+01 9.99906763483699e+04 
4.03520289195442e+01 9.99910076213319e+04 
4.05550048910795e+01 9.99913440511943e+04 
4.07580864187294e+01 9.99917513525440e+04 
4.09612286775592e+01 9.99923834531601e+04 
4.11644223380052e+01 9.99930909515880e+04 
4.13676607110112e+01 9.99940745162049e+04 
4.15709452306063e+01 9.99950994687600e+04 
4.17742442700769e+01 9.99962575561511e+04 
4.19775135223546e+01 9.99974793689546e+04 
4.21806564457985e+01 9.99988894445929e+04 
4.23835704544603e+01 1.00000125737777e+05 
4.25863222546333e+01 1.00001516547553e+05 
4.27888279196484e+01 1.00002785538800e+05 
4.29912615982889e+01 1.00004162263674e+05 
4.31935852435500e+01 1.00005371473564e+05 
4.33957815205678e+01 1.00006478601272e+05 
4.35978979487543e+01 1.00007147653433e+05 
4.37999304200929e+01 1.00007820612918e+05 
4.40019076885360e+01 1.00008370954626e+05 
4.42039337320145e+01 1.00008895810676e+05 
4.44060001538986e+01 1.00009259551045e+05 
4.46081858574393e+01 1.00009301897074e+05 
4.48104711684930e+01 1.00008874278382e+05 
4.50128451538969e+01 1.00008339533015e+05 
4.52153736753591e+01 1.00007743700614e+05 
4.54180340147901e+01 1.00007119717017e+05 
4.56208710244056e+01 1.00006432058605e+05 
4.58239099702678e+01 1.00005358233896e+05 
4.60270996589638e+01 1.00004026301977e+05 
4.62304657697298e+01 1.00002555537403e+05 
4.64338688960506e+01 1.00001125322493e+05 
4.66373017077841e+01 9.99997081346971e+04 
4.68407572598015e+01 9.99984824305672e+04 
4.70442546395734e+01 9.99970834419283e+04 
4.72477386480636e+01 9.99957641728480e+04 
4.74511939246332e+01 9.99943679471576e+04 
4.76545330594890e+01 9.99930754709796e+04 
4.78577067285611e+01 9.99918537097235e+04 
4.80608753693268e+01 9.99909932007198e+04 
4.82638354697416e+01 9.99902559586187e+04 
4.84666467540706e+01 9.99898541057052e+04 
4.86693473168333e+01 9.99893647114451e+04 
4.88719019249858e+01 9.99888338030713e+04 
4.90745027720318e+01 9.99882802055981e+04 
4.92770764391171e+01 9.99880340176314e+04 
4.94796476958813e+01 9.99881196492105e+04 
4.96822204167646e+01 9.99885375196350e+04 
4.98848222239144e+01 9.99889536772894e+04 
5.00874761862161e+01 9.99892466840768e+04 
5.02902390157782e+01 9.99894595504344e+04 
5.04931165644340e+01 9.99898275926380e+04 
5.06960805910771e+01 9.99906310164602e+04 
5.08991333423157e+01 9.99917057113771e+04 
5.11022578645217e+01 9.99928895497615e+04 
5.13054423763076e+01 9.99940169812185e+04 
5.15086548546338e+01 9.99951248182884e+04 
5.17119065645690e+01 9.99961863623010e+04 
5.19151950423545e+01 9.99975516644539e+04 
5.21183745006488e+01 9.99989213035373e+04 
5.23214088774139e+01 1.00000549061691e+05 
5.25242324010963e+01 1.00002103144444e+05 
5.27269607076205e+01 1.00003770172420e+05 
5.29295441731976e+01 1.00005148675655e+05 
5.31319496968064e+01 1.00006510858658e+05 
5.33342472842059e+01 1.00007598708212e+05 
5.35364267211515e+01 1.00008901801917e+05 
5.37385040812235e+01 1.00010190458034e+05 
5.39406083094777e+01 1.00011564570910e+05 
5.41427161596012e+01 1.00012620853028e+05 
5.43448835302565e+01 1.00013326727540e+05 
5.45471108975266e+01 1.00013492875586e+05 
5.47493910082137e+01 1.00013722969481e+05 
5.49517879790564e+01 1.00013922067486e+05 
5.51543020530474e+01 1.00014159719999e+05 
5.53569745540088e+01 1.00014077491431e+05 
5.55598668189212e+01 1.00013336387114e+05 
5.57629126136038e+01 1.00012151594542e+05 
5.59661352293277e+01 1.00010868622463e+05 
5.61694921057413e+01 1.00009663595844e+05 
5.63728862466536e+01 1.00008469915658e+05 
5.65762995126502e+01 1.00007185867845e+05 
5.67797565324227e+01 1.00005345599289e+05 
5.69832411929876e+01 1.00003367576100e+05 
5.71867575597213e+01 1.00001296676241e+05 
5.73902142438224e+01 9.99993756510073e+04 
5.75935504013974e+01 9.99974438578683e+04 
5.77968428105782e+01 9.99958492385849e+04 
5.79999523007818e+01 9.99940671438614e+04 
5.82028720166861e+01 9.99925181902690e+04 
5.84056737401209e+01 9.99907857926245e+04 
5.86082924096970e+01 9.99891184952924e+04 
5.88109369357781e+01 9.99874794816096e+04 
5.90135188227780e+01 9.99862426939591e+04 
5.92160540509742e+01 9.99852064345794e+04 
5.94185604009779e+01 9.99847046778234e+04 
5.96210526984744e+01 9.99841008716604e+04 
5.98235501837237e+01 9.99834820295231e+04 
6.00261485722220e+01 9.99828683928522e+04 
6.02288361841210e+01 9.99826675233998e+04 
6.04316638201486e+01 9.99830886609430e+04 
6.06345686020863e+01 9.99840084777112e+04 
6.08375671479841e+01 9.99850306405847e+04 
6.10406211004055e+01 9.99859349666242e+04 
6.12437426280142e+01 9.99868013773158e+04 
6.14469164445446e+01 9.99878397005751e+04 
6.16501210676312e+01 9.99895099737762e+04 
6.18533579475247e+01 9.99914631389287e+04 
6.20566264173889e+01 9.99935752686284e+04 
6.22597817220211e+01 9.99955306735637e+04 
6.24627995534665e+01 9.99974638605053e+04 
6.26656673735378e+01 9.99991294950627e+04 
6.28683131616467e+01 1.00001064218156e+05 
6.30708195650471e+01 1.00002868502219e+05 
6.32731804840720e+01 1.00004875417396e+05 
6.34753919046854e+01 1.00006746704717e+05 
6.36776034541254e+01 1.00008534256828e+05 
6.38797873688976e+01 1.00009859942952e+05 
6.40819738273611e+01 1.00010991629858e+05 
6.42841784067253e+01 1.00011608224543e+05 
6.44863959670241e+01 1.00012358128820e+05 
6.46886801912706e+01 1.00013065452776e+05 
6.48910662140103e+01 1.00013720159902e+05 
6.50935819241049e+01 1.00013901832179e+05 
6.52963226964966e+01 1.00013523026660e+05 
6.54992405740070e+01 1.00012667579073e+05 
6.57023188561443e+01 1.00011815461773e+05 
6.59055500692646e+01 1.00011053568700e+05 
6.61089027901603e+01 1.00010283173849e+05 
6.63122766649993e+01 1.00009308717912e+05 
6.65156872049080e+01 1.00007698582386e+05 
6.67191280630788e+01 1.00005828459874e+05 
6.69226164912726e+01 1.00003892250083e+05 
6.71261325074319e+01 1.00002098827061e+05 
6.73296169036911e+01 1.00000366752596e+05 
6.75330252299440e+01 9.99988514613304e+04 
6.77363198433455e+01 9.99970442992931e+04 
6.79393888572186e+01 9.99953898925586e+04 
6.81423368894994e+01 9.99935898168201e+04 
6.83450708709156e+01 9.99919334627272e+04 
6.85478069710537e+01 9.99904031048665e+04 
6.87504560574697e+01 9.99892949838429e+04 
6.89530120509714e+01 9.99883383569847e+04 
6.91555074049377e+01 9.99878095941357e+04 
6.93579506481004e+01 9.99871780483223e+04 
6.95603538262472e+01 9.99865467066580e+04 
6.97628467070184e+01 9.99859720423602e+04 
6.99654031500043e+01 9.99858328409796e+04 
7.01680675370484e+01 9.99861998668389e+04 
7.03708128597538e+01 9.99869773466456e+04 
7.05736643918905e+01 9.99877382825854e+04 
7.07765856443493e+01 9.99883857678552e+04 
7.09796045256010e+01 9.99890448135888e+04 
7.11826613299295e+01 9.99899141896463e+04 
7.13857897479778e+01 9.99913455759038e+04 
7.15889661007472e+01 9.99930233930530e+04 
7.17921459341708e+01 9.99947940024479e+04 
7.19953726252105e+01 9.99964492500550e+04 
7.21985718027617e+01 9.99980840039910e+04 
7.24016476186381e+01 9.99995725760927e+04 
7.26045430537818e+01 1.00001377412640e+05 
7.28072213299480e+01 1.00003069016640e+05 
7.30097805999067e+01 1.00004925850534e+05 
7.32121446685061e+01 1.00006654508554e+05 
7.34144836407241e+01 1.00008356374744e+05 
7.36167644759561e+01 1.00009675065623e+05 
7.38189887804541e+01 1.00010886380334e+05 
7.40211919750683e+01 1.00011649742862e+05 
7.42233714635407e+01 1.00012509758123e+05 
7.44255673633598e+01 1.00013317655842e+05 
7.46278498585127e+01 1.00014099815042e+05 
7.48302306656735e+01 1.00014443267783e+05 
7.50327937384072e+01 1.00014303551805e+05 
7.52355063125583e+01 1.00013704954052e+05 
7.54383722282391e+01 1.00013098673489e+05 
7.56414216244544e+01 1.00012564535632e+05 
7.58445981321123e+01 1.00012060185101e+05 
7.60479184214261e+01 1.00011312828783e+05 
7.62512929186171e+01 1.00009933228324e+05 
7.64546964242765e+01 1.00008216860052e+05 
7.66581350680706e+01 1.00006471479294e+05 
7.68616010200597e+01 1.00004792578964e+05 
7.70651079936182e+01 1.00003149904404e+05 
7.72686113724331e+01 1.00001598161771e+05 
7.74720611152207e+01 9.99996707697515e+04 
7.76753133911698e+01 9.99978000385019e+04 
7.78784461857672e+01 9.99957857724901e+04 
7.80813340565300e+01 9.99939371786412e+04 
7.82841986758304e+01 9.99921472816949e+04 
7.84869562928645e+01 9.99907440536830e+04 
7.86895714902216e+01 9.99893819111039e+04 
7.88920942905549e+01 9.99884237842472e+04 
7.90945315913393e+01 9.99873532689846e+04 
7.92968840114831e+01 9.99863499397308e+04 
7.94993122078064e+01 9.99854076623773e+04 
7.97017694779022e+01 9.99849100962307e+04 
7.99042936798559e+01 9.99848337322835e+04 
8.01068697501696e+01 9.99852558312957e+04 
8.03095192442820e+01 9.99856950862679e+04 
8.05122783411067e+01 9.99860675017264e+04 
8.07151532943511e+01 9.99863964602823e+04 
8.09180874917751e+01 9.99869760646752e+04 
8.11211009470289e+01 9.99881668306965e+04 
8.13241348982823e+01 9.99897096569828e+04 
8.15272528948804e+01 9.99913228540035e+04 
8.17303892546740e+01 9.99928554433896e+04 
8.19335573112213e+01 9.99943115998424e+04 
8.21368014274263e+01 9.99957337452037e+04 
8.23398733234911e+01 9.99975708330594e+04 
8.25427383975605e+01 9.99994533912287e+04 
8.27454995878572e+01 1.00001524857419e+05 
8.29480798671471e+01 1.00003449458578e+05 
8.31506062535737e+01 1.00005336488927e+05 
8.33530393401760e+01 1.00006861529076e+05 
8.35553612257224e+01 1.00008392620068e+05 
8.37576211955306e+01 1.00009574029148e+05 
8.39598226381276e+01 1.00010893638882e+05 
8.41619894017817e+01 1.00012115384333e+05 
8.43642239682605e+01 1.00013248346016e+05 
8.45665203012387e+01 1.00013944708767e+05 
8.47689483564908e+01 1.00014270378082e+05 
8.49714940232389e+01 1.00014098988714e+05 
8.51741579640687e+01 1.00013959140678e+05 
8.53769978718437e+01 1.00013846123223e+05 
8.55799804902041e+01 1.00013702424580e+05 
8.57831240408108e+01 1.00013237628887e+05 
8.59864536951827e+01 1.00012177042958e+05 
8.61898160798553e+01 1.00010753382014e+05 
8.63932062744392e+01 1.00009263727387e+05 
8.65966229319829e+01 1.00007837823530e+05 
8.68000940443101e+01 1.00006474900297e+05 
8.70035825837327e+01 1.00005079422693e+05 
8.72070843440491e+01 1.00003224499487e+05 
8.74105419344450e+01 1.00001325299346e+05 
8.76138267437083e+01 9.99992746221531e+04 
8.78169205534772e+01 9.99973923210690e+04 
8.80199632675196e+01 9.99955680864623e+04 
8.82228781681249e+01 9.99940694934524e+04 
8.84256106973253e+01 9.99925052692295e+04 
8.86282246424383e+01 9.99912453792687e+04 
8.88307219110573e+01 9.99898320741790e+04 
8.90330924047535e+01 9.99885084843369e+04 
8.92355207597714e+01 9.99872905153903e+04 
8.94379379157647e+01 9.99865057806336e+04 
8.96403799089431e+01 9.99860380007280e+04 
8.98428436218644e+01 9.99860581524983e+04 
9.00453482475632e+01 9.99860264218921e+04 
9.02479204282358e+01 9.99859842030571e+04 
9.04506070166489e+01 9.99859810320815e+04 
9.06534221098573e+01 9.99863084386240e+04 
9.08563074156330e+01 9.99872143791335e+04 
9.10592331034942e+01 9.99885122804417e+04 
9.12622364660194e+01 9.99898590480591e+04 
9.14653252837018e+01 9.99911145056260e+04 
9.16684271913442e+01 9.99923232149824e+04 
9.18715866137494e+01 9.99936037085460e+04 
9.20747842683971e+01 9.99953791763948e+04 
9.22778651165516e+01 9.99972499141070e+04 
9.24808149399466e+01 9.99992673169969e+04 
9.26836400845213e+01 1.00001133582371e+05 
9.28863873614108e+01 1.00002959742346e+05 
9.30890085767134e+01 1.00004476789982e+05 
9.32914663544503e+01 1.00006118620859e+05 
9.34938317764641e+01 1.00007494542771e+05 
9.36961022577806e+01 1.00009014088779e+05 
9.38982898525573e+01 1.00010427627486e+05 
9.41005250280928e+01 1.00011741442525e+05 
9.43027848548941e+01 1.00012610748602e+05 
9.45051224941694e+01 1.00013212042718e+05 
9.47075391235569e+01 1.00013335906606e+05 
9.49100356403763e+01 1.00013520758756e+05 
9.51126679959551e+01 1.00013691618701e+05 
9.53154338342254e+01 1.00013833478878e+05 
9.55183731288411e+01 1.00013606621105e+05 
9.57215113888919e+01 1.00012792590492e+05 
9.59247849047671e+01 1.00011625157054e+05 
9.61281201802749e+01 1.00010409561072e+05 
9.63314994562056e+01 1.00009301518732e+05 
9.65349076935859e+01 1.00008209059638e+05 
9.67383385387505e+01 1.00006999974238e+05 
9.69418207081187e+01 1.00005275341990e+05 
9.71453287818878e+01 1.00003435493247e+05 
9.73487757563585e+01 1.00001499074049e+05 
9.75521003395735e+01 9.99997417477155e+04 
9.77553203876417e+01 9.99979933478645e+04 
9.79584256456356e+01 9.99965573712120e+04 
9.81613154578645e+01 9.99949476506402e+04 
9.83640728139437e+01 9.99935687436269e+04 
9.85666800715794e+01 9.99920268286492e+04 
9.87691229821461e+01 9.99905868494751e+04 
9.89716027992200e+01 9.99892512094715e+04 
9.91740397132955e+01 9.99883239720444e+04 
9.93764536462670e+01 9.99876200921814e+04 
9.95788576239822e+01 9.99873948824816e+04 
9.97812656950711e+01 9.99870741813162e+04 
9.99837025244658e+01 9.99867619417956e+04 
1.00186246746907e+02 9.99864861580393e+04 
